mode,harmonic_frequency_cm-1,vpt2_fundamental_cm-1,harmonic_intensity_km_mol,assignment,internal_coordinate,type,percent,phase,D_value,F_diagonal
6,29.864338101228384,,,mixed C-C torsion / C-O torsion,tau(O3-C4-C5-O7),dihedral,51.816373116819314,-,-0.0934569416689726,0.006393841466423005
6,29.864338101228384,,,mixed C-C torsion / C-O torsion,tau(C4-C5-O7-C8),dihedral,14.80190784285538,-,-0.019940613345626242,0.04011979019759074
6,29.864338101228384,,,mixed C-C torsion / C-O torsion,"gamma(O7;C5,C4,O6)",oop,7.856356079111839,+,0.00863791020600488,0.11348063861203601
6,29.864338101228384,,,mixed C-C torsion / C-O torsion,delta(C5-C4-H14),angle,7.430869150950141,+,0.004589047776323689,0.38028783930708365
6,29.864338101228384,,,mixed C-C torsion / C-O torsion,tau(C2-O3-C4-C5),dihedral,4.066920272212431,-,-0.018718155736497284,0.012510006294532647
6,29.864338101228384,,,mixed C-C torsion / C-O torsion,"gamma(O3;C4,C5,H14)",oop,3.9870966247693724,+,0.0036070546812829404,0.33027012495710484
6,29.864338101228384,,,mixed C-C torsion / C-O torsion,tau(C1-C2-O3-C4),dihedral,2.4239875279727285,-,-0.012048038819111932,0.01799764357765178
6,29.864338101228384,,,mixed C-C torsion / C-O torsion,tau(H9-C1-C2-H12),dihedral,2.2949476230825305,-,-0.0025224937353867365,0.38871434480918426
6,29.864338101228384,,,mixed C-C torsion / C-O torsion,tau(H9-C1-C2-H13),dihedral,1.3319705337051049,-,-0.0025285985427691005,0.22451886234893484
6,29.864338101228384,,,mixed C-C torsion / C-O torsion,tau(H11-C1-C2-O3),dihedral,1.2266601512735094,-,-0.0027906615533883653,0.16975708186529387
6,29.864338101228384,,,mixed C-C torsion / C-O torsion,tau(H10-C1-C2-H12),dihedral,1.009283411349338,-,-0.0025138827181227486,0.17212386627012624
6,29.864338101228384,,,mixed C-C torsion / C-O torsion,nu(C4-H14),bond,0.4801029631193215,-,-0.0012808425687224696,0.31539940001272926
6,29.864338101228384,,,mixed C-C torsion / C-O torsion,nu(C4-H15),bond,0.4783266809814896,+,0.0012785551873896062,0.31535783940404283
6,29.864338101228384,,,mixed C-C torsion / C-O torsion,delta(O3-C4-H15),angle,0.3360317497197752,-,-0.0011794186092254145,0.2603528545664745
6,29.864338101228384,,,mixed C-C torsion / C-O torsion,delta(O3-C2-H12),angle,0.17578200037769193,+,0.0005343906194314844,0.6633988778702453
6,29.864338101228384,,,mixed C-C torsion / C-O torsion,"gamma(H14;C4,O3,H15)",oop,0.11362175846143038,-,-0.0006414409608305579,0.29762273937367884
6,29.864338101228384,,,mixed C-C torsion / C-O torsion,delta(C1-C2-H12),angle,0.05941339956667794,-,-0.0004441338781758769,0.3246194824718769
6,29.864338101228384,,,mixed C-C torsion / C-O torsion,delta(C1-C2-H13),angle,0.0450804440504442,+,0.0004484187596969965,0.24162319421134754
6,29.864338101228384,,,mixed C-C torsion / C-O torsion,delta(O7-C8-H16),angle,0.03146027769555058,-,-0.00029720243958068337,0.38386259421329905
6,29.864338101228384,,,mixed C-C torsion / C-O torsion,tau(C5-O7-C8-H17),dihedral,0.011069100040091671,-,-0.0012639059496898535,0.007467939282554211
6,29.864338101228384,,,mixed C-C torsion / C-O torsion,nu(C8-H16),bond,0.0053711717673740784,-,-0.00013041135859374824,0.34037384822323485
6,29.864338101228384,,,mixed C-C torsion / C-O torsion,nu(C8-H18),bond,0.005116293833412791,+,0.00012727957659407847,0.3403737166334327
6,29.864338101228384,,,mixed C-C torsion / C-O torsion,delta(H17-C8-H18),angle,0.005107561473393857,-,-0.00013018684258878086,0.32478607152998284
6,29.864338101228384,,,mixed C-C torsion / C-O torsion,delta(H16-C8-H17),angle,0.005040709453400839,+,0.00012869688485887872,0.3279997993453108
6,29.864338101228384,,,mixed C-C torsion / C-O torsion,delta(C2-C1-H9),angle,0.000654855756411962,+,5.665088024993232e-05,0.21991269811803782
6,29.864338101228384,,,mixed C-C torsion / C-O torsion,delta(C2-C1-H10),angle,0.00038341444601476294,-,-4.335072407815559e-05,0.21988405758883822
6,29.864338101228384,,,mixed C-C torsion / C-O torsion,nu(C1-H9),bond,0.0003680011980003788,+,3.419673187030788e-05,0.3391548315937667
6,29.864338101228384,,,mixed C-C torsion / C-O torsion,nu(C1-H10),bond,0.00030394480876992755,-,-3.107774529741434e-05,0.33916709092478864
6,29.864338101228384,,,mixed C-C torsion / C-O torsion,nu(C2-H13),bond,8.623495704981246e-05,+,1.720634743227296e-05,0.3139235939299812
6,29.864338101228384,,,mixed C-C torsion / C-O torsion,delta(C1-C2-O3),angle,6.899530790361845e-05,+,1.15728881470741e-05,0.5552058430791434
6,29.864338101228384,,,mixed C-C torsion / C-O torsion,nu(C2-H12),bond,6.629004459611732e-05,-,-1.5085716898017479e-05,0.31393113244196713
6,29.864338101228384,,,mixed C-C torsion / C-O torsion,delta(C2-O3-C4),angle,3.279141344371272e-05,-,-1.1852224905476303e-05,0.25158129671049695
6,29.864338101228384,,,mixed C-C torsion / C-O torsion,nu(C5-O7),bond,3.0425684084321898e-05,-,-9.315028609867608e-06,0.3779113605571353
6,29.864338101228384,,,mixed C-C torsion / C-O torsion,nu(C5-O6),bond,2.033279724825301e-05,+,5.025767223788809e-06,0.8675816801842264
6,29.864338101228384,,,mixed C-C torsion / C-O torsion,nu(O3-C4),bond,1.9265290161926963e-05,+,7.601051277216593e-06,0.35937363468603883
6,29.864338101228384,,,mixed C-C torsion / C-O torsion,delta(C4-C5-O7),angle,1.7979590941518828e-05,+,6.678523740742779e-06,0.434447038136364
6,29.864338101228384,,,mixed C-C torsion / C-O torsion,nu(C1-C2),bond,1.2739063128170109e-05,-,-6.850844633400242e-06,0.2925278606344219
6,29.864338101228384,,,mixed C-C torsion / C-O torsion,delta(C2-C1-H11),angle,9.804006724324056e-06,-,-7.020354311476365e-06,0.2143895044253752
6,29.864338101228384,,,mixed C-C torsion / C-O torsion,delta(O3-C4-C5),angle,9.481559156770874e-06,+,3.6840163066994987e-06,0.7529300899535849
6,29.864338101228384,,,mixed C-C torsion / C-O torsion,delta(O6-C5-O7),angle,9.086999389116846e-06,+,4.241164017250841e-06,0.5444629662347688
6,29.864338101228384,,,mixed C-C torsion / C-O torsion,delta(C5-O7-C8),angle,8.451418781325599e-06,+,5.649131551400791e-06,0.28541988573192933
6,29.864338101228384,,,mixed C-C torsion / C-O torsion,nu(O7-C8),bond,5.271335468316022e-07,+,1.3508407093103036e-06,0.31133672847542987
6,29.864338101228384,,,mixed C-C torsion / C-O torsion,delta(O7-C8-H17),angle,4.118778911110362e-07,-,-1.0571397781754528e-06,0.397211334830457
6,29.864338101228384,,,mixed C-C torsion / C-O torsion,nu(C2-O3),bond,3.245473616727934e-07,+,1.0393293782608264e-06,0.3238095538884528
6,29.864338101228384,,,mixed C-C torsion / C-O torsion,nu(C1-H11),bond,1.2666504684270772e-07,+,6.366998647519793e-07,0.33674817837570464
6,29.864338101228384,,,mixed C-C torsion / C-O torsion,nu(C4-C5),bond,4.634061411238528e-08,+,4.280853531798137e-07,0.2725329576700298
6,29.864338101228384,,,mixed C-C torsion / C-O torsion,delta(H16-C8-H18),angle,1.4286177305149679e-08,-,-2.1375793415959363e-07,0.3369686754784595
6,29.864338101228384,,,mixed C-C torsion / C-O torsion,nu(C8-H17),bond,1.0165817094479672e-08,-,-1.7709897198315402e-07,0.3493238140731456
7,65.5559617138826,,,mixed C-O torsion / C-C torsion,tau(C2-O3-C4-C5),dihedral,50.34649018342474,-,-0.11447404296602805,0.012510006294532647
7,65.5559617138826,,,mixed C-O torsion / C-C torsion,tau(H9-C1-C2-H12),dihedral,8.734748770592855,-,-0.00855383976995374,0.38871434480918426
7,65.5559617138826,,,mixed C-O torsion / C-C torsion,tau(C4-C5-O7-C8),dihedral,7.781897103108083,-,-0.02513127954066485,0.04011979019759074
7,65.5559617138826,,,mixed C-O torsion / C-C torsion,tau(H11-C1-C2-O3),dihedral,7.694793107911987,-,-0.012148865071301987,0.16975708186529387
7,65.5559617138826,,,mixed C-O torsion / C-C torsion,tau(H9-C1-C2-H13),dihedral,5.058691958523949,-,-0.008565325788713673,0.22451886234893484
7,65.5559617138826,,,mixed C-O torsion / C-C torsion,delta(C5-C4-H14),angle,4.767566317246433,+,0.006389153732307088,0.38028783930708365
7,65.5559617138826,,,mixed C-O torsion / C-C torsion,tau(H10-C1-C2-H12),dihedral,3.867104526733109,-,-0.008553100887672768,0.17212386627012624
7,65.5559617138826,,,mixed C-O torsion / C-C torsion,"gamma(O3;C4,C5,H14)",oop,3.593058116571998,+,0.005951804550468076,0.33027012495710484
7,65.5559617138826,,,mixed C-O torsion / C-C torsion,"gamma(O7;C5,C4,O6)",oop,2.9940955926532573,+,0.009268791886461734,0.11348063861203601
7,65.5559617138826,,,mixed C-O torsion / C-C torsion,tau(C1-C2-O3-C4),dihedral,2.1427918175615606,+,0.01968943943427447,0.01799764357765178
7,65.5559617138826,,,mixed C-O torsion / C-C torsion,delta(O3-C2-H12),angle,1.4034453877268387,+,0.002624590654443456,0.6633988778702453
7,65.5559617138826,,,mixed C-O torsion / C-C torsion,tau(O3-C4-C5-O7),dihedral,0.6568992819849813,-,-0.01829025023408052,0.006393841466423005
7,65.5559617138826,,,mixed C-O torsion / C-C torsion,delta(O3-C4-H15),angle,0.5236012801083835,-,-0.0025590004574436954,0.2603528545664745
7,65.5559617138826,,,mixed C-O torsion / C-C torsion,"gamma(H14;C4,O3,H15)",oop,0.181295464601602,-,-0.001408353250732029,0.29762273937367884
7,65.5559617138826,,,mixed C-O torsion / C-C torsion,delta(C2-C1-H10),angle,0.061219693581639485,-,-0.0009521379819887627,0.21988405758883822
7,65.5559617138826,,,mixed C-O torsion / C-C torsion,delta(C2-C1-H9),angle,0.06116875840494009,+,0.0009516798296249092,0.21991269811803782
7,65.5559617138826,,,mixed C-O torsion / C-C torsion,delta(O7-C8-H16),angle,0.04790216313649459,+,0.0006374422587095536,0.38386259421329905
7,65.5559617138826,,,mixed C-O torsion / C-C torsion,delta(C1-C2-H12),angle,0.02250112467731662,+,0.00047507919081218875,0.3246194824718769
7,65.5559617138826,,,mixed C-O torsion / C-C torsion,delta(C1-C2-H13),angle,0.017011105477062867,-,-0.0004787933872556807,0.24162319421134754
7,65.5559617138826,,,mixed C-O torsion / C-C torsion,nu(C4-H15),bond,0.011292773797030418,+,0.00034146774323665996,0.31535783940404283
7,65.5559617138826,,,mixed C-O torsion / C-C torsion,nu(C4-H14),bond,0.0112515573748601,-,-0.0003408215707892566,0.31539940001272926
7,65.5559617138826,,,mixed C-O torsion / C-C torsion,delta(H16-C8-H17),angle,0.005552702005478685,+,0.00023478296346607765,0.3279997993453108
7,65.5559617138826,,,mixed C-O torsion / C-C torsion,delta(H17-C8-H18),angle,0.005332351766293316,-,-0.00023121280536009213,0.32478607152998284
7,65.5559617138826,,,mixed C-O torsion / C-C torsion,tau(C5-O7-C8-H17),dihedral,0.003618457674315561,-,-0.0012560662455426033,0.007467939282554211
7,65.5559617138826,,,mixed C-O torsion / C-C torsion,nu(C8-H18),bond,0.002833381550664948,+,0.00016463634196455865,0.3403737166334327
7,65.5559617138826,,,mixed C-O torsion / C-C torsion,nu(C8-H16),bond,0.002822236330430412,-,-0.00016431218931816787,0.34037384822323485
7,65.5559617138826,,,mixed C-O torsion / C-C torsion,nu(C2-H13),bond,0.00031688105499332026,+,5.7330713184167526e-05,0.3139235939299812
7,65.5559617138826,,,mixed C-O torsion / C-C torsion,nu(C2-H12),bond,0.0003032373875138917,-,-5.608224178469918e-05,0.31393113244196713
7,65.5559617138826,,,mixed C-O torsion / C-C torsion,delta(O3-C4-C5),angle,0.00011354876710020396,-,-2.21597609103306e-05,0.7529300899535849
7,65.5559617138826,,,mixed C-O torsion / C-C torsion,delta(C2-O3-C4),angle,8.044478751620369e-05,+,3.226717647988458e-05,0.25158129671049695
7,65.5559617138826,,,mixed C-O torsion / C-C torsion,nu(C1-H9),bond,5.4460022357227374e-05,+,2.2866046851882638e-05,0.3391548315937667
7,65.5559617138826,,,mixed C-O torsion / C-C torsion,nu(C1-H10),bond,5.239748661044333e-05,-,-2.242846543701435e-05,0.33916709092478864
7,65.5559617138826,,,mixed C-O torsion / C-C torsion,delta(C4-C5-O7),angle,4.549069535422011e-05,+,1.8464776398121607e-05,0.434447038136364
7,65.5559617138826,,,mixed C-O torsion / C-C torsion,delta(O6-C5-O7),angle,2.1200617156592165e-05,-,-1.1260074525031575e-05,0.5444629662347688
7,65.5559617138826,,,mixed C-O torsion / C-C torsion,delta(C5-O7-C8),angle,1.1364833613255012e-05,-,-1.1386509491821019e-05,0.28541988573192933
7,65.5559617138826,,,mixed C-O torsion / C-C torsion,delta(C1-C2-O3),angle,7.240512580550677e-06,-,-6.516416396479094e-06,0.5552058430791434
7,65.5559617138826,,,mixed C-O torsion / C-C torsion,nu(C2-O3),bond,2.778239379276887e-06,-,-5.285562198473092e-06,0.3238095538884528
7,65.5559617138826,,,mixed C-O torsion / C-C torsion,nu(C5-O6),bond,2.38861346358844e-06,+,2.994118171792193e-06,0.8675816801842264
7,65.5559617138826,,,mixed C-O torsion / C-C torsion,delta(C2-C1-H11),angle,1.2223393989393065e-06,-,-4.3086908114560906e-06,0.2143895044253752
7,65.5559617138826,,,mixed C-O torsion / C-C torsion,nu(C5-O7),bond,7.988659838817824e-07,-,-2.623573141927629e-06,0.3779113605571353
7,65.5559617138826,,,mixed C-O torsion / C-C torsion,delta(H16-C8-H18),angle,5.809076845504786e-07,-,-2.3692450445440357e-06,0.3369686754784595
7,65.5559617138826,,,mixed C-O torsion / C-C torsion,nu(O7-C8),bond,4.225318652827484e-07,+,2.102159865357036e-06,0.31133672847542987
7,65.5559617138826,,,mixed C-O torsion / C-C torsion,nu(C4-C5),bond,2.2681818699777064e-07,+,1.6461924601348449e-06,0.2725329576700298
7,65.5559617138826,,,mixed C-O torsion / C-C torsion,nu(C1-C2),bond,8.918519840697656e-08,+,9.963546671256077e-07,0.2925278606344219
7,65.5559617138826,,,mixed C-O torsion / C-C torsion,delta(O7-C8-H17),angle,6.5896021049145384e-09,+,2.3241810982430997e-07,0.397211334830457
7,65.5559617138826,,,mixed C-O torsion / C-C torsion,nu(O3-C4),bond,4.80361241038048e-09,-,-2.0862293867621326e-07,0.35937363468603883
7,65.5559617138826,,,mixed C-O torsion / C-C torsion,nu(C8-H17),bond,3.2340476878721083e-10,+,5.4904798075207774e-08,0.3493238140731456
7,65.5559617138826,,,mixed C-O torsion / C-C torsion,nu(C1-H11),bond,9.110195594059021e-11,+,2.9679898312611547e-08,0.33674817837570464
8,112.66679685160327,,,mixed O-C-C bending / C-C-O bending / C-O-C bending,delta(O3-C4-C5),angle,44.91011166765202,+,0.025516460471956114,0.7529300899535849
8,112.66679685160327,,,mixed O-C-C bending / C-C-O bending / C-O-C bending,delta(C2-O3-C4),angle,14.339700414334265,-,-0.024943451826378586,0.25158129671049695
8,112.66679685160327,,,mixed O-C-C bending / C-C-O bending / C-O-C bending,delta(C4-C5-O7),angle,11.034706882579146,-,-0.016650898386193956,0.434447038136364
8,112.66679685160327,,,mixed O-C-C bending / C-C-O bending / C-O-C bending,delta(C1-C2-O3),angle,9.522552161943372,+,0.013682811887593392,0.5552058430791434
8,112.66679685160327,,,mixed O-C-C bending / C-C-O bending / C-O-C bending,"gamma(O3;C4,C5,H14)",oop,8.294172299898001,+,0.01655684455057217,0.33027012495710484
8,112.66679685160327,,,mixed O-C-C bending / C-C-O bending / C-O-C bending,"gamma(H14;C4,O3,H15)",oop,3.2154225850722806,+,0.010859545874927922,0.29762273937367884
8,112.66679685160327,,,mixed O-C-C bending / C-C-O bending / C-O-C bending,delta(C5-O7-C8),angle,2.2097877521744986,+,0.009193033808318691,0.28541988573192933
8,112.66679685160327,,,mixed O-C-C bending / C-C-O bending / C-O-C bending,delta(C5-C4-H14),angle,1.7224461380227618,-,-0.007031407959631324,0.38028783930708365
8,112.66679685160327,,,mixed O-C-C bending / C-C-O bending / C-O-C bending,delta(O3-C2-H12),angle,0.9323759571056979,-,-0.003916822192889526,0.6633988778702453
8,112.66679685160327,,,mixed O-C-C bending / C-C-O bending / C-O-C bending,nu(C2-O3),bond,0.5248385791476258,+,0.00420623697329007,0.3238095538884528
8,112.66679685160327,,,mixed O-C-C bending / C-C-O bending / C-O-C bending,delta(O3-C4-H15),angle,0.5199802274387417,-,-0.004669151149579536,0.2603528545664745
8,112.66679685160327,,,mixed O-C-C bending / C-C-O bending / C-O-C bending,tau(H9-C1-C2-H13),dihedral,0.4883354857738688,-,-0.004872573689372961,0.22451886234893484
8,112.66679685160327,,,mixed O-C-C bending / C-C-O bending / C-O-C bending,delta(C2-C1-H11),angle,0.39560864490663367,-,-0.004488041009508709,0.2143895044253752
8,112.66679685160327,,,mixed O-C-C bending / C-C-O bending / C-O-C bending,delta(O6-C5-O7),angle,0.3708646447465977,+,0.002726774565087677,0.5444629662347688
8,112.66679685160327,,,mixed O-C-C bending / C-C-O bending / C-O-C bending,tau(H10-C1-C2-H12),dihedral,0.3409159367168501,+,0.00464974135462478,0.17212386627012624
8,112.66679685160327,,,mixed O-C-C bending / C-C-O bending / C-O-C bending,delta(C1-C2-H12),angle,0.1721405640899917,-,-0.0024059135082147225,0.3246194824718769
8,112.66679685160327,,,mixed O-C-C bending / C-C-O bending / C-O-C bending,nu(O7-C8),bond,0.17183098059077198,-,-0.0024544898790543846,0.31133672847542987
8,112.66679685160327,,,mixed O-C-C bending / C-C-O bending / C-O-C bending,delta(C2-C1-H10),angle,0.14843845643020065,+,0.002714576178719983,0.21988405758883822
8,112.66679685160327,,,mixed O-C-C bending / C-C-O bending / C-O-C bending,delta(C2-C1-H9),angle,0.14556944945553596,+,0.0026880395629999233,0.21991269811803782
8,112.66679685160327,,,mixed O-C-C bending / C-C-O bending / C-O-C bending,nu(C5-O7),bond,0.13967125592573698,+,0.0020085573451391675,0.3779113605571353
8,112.66679685160327,,,mixed O-C-C bending / C-C-O bending / C-O-C bending,delta(C1-C2-H13),angle,0.12241736324651502,-,-0.0023516781822100767,0.24162319421134754
8,112.66679685160327,,,mixed O-C-C bending / C-C-O bending / C-O-C bending,nu(C1-C2),bond,0.09004779461501125,-,-0.0018330681567067318,0.2925278606344219
8,112.66679685160327,,,mixed O-C-C bending / C-C-O bending / C-O-C bending,nu(O3-C4),bond,0.07033003702645406,+,0.0014615813985956927,0.35937363468603883
8,112.66679685160327,,,mixed O-C-C bending / C-C-O bending / C-O-C bending,nu(C4-C5),bond,0.03878979649932643,-,-0.0012464501840213787,0.2725329576700298
8,112.66679685160327,,,mixed O-C-C bending / C-C-O bending / C-O-C bending,delta(O7-C8-H16),angle,0.020409378193487576,+,0.0007618205435911794,0.38386259421329905
8,112.66679685160327,,,mixed O-C-C bending / C-C-O bending / C-O-C bending,delta(H17-C8-H18),angle,0.020315403775288756,-,-0.0008263037454235179,0.32478607152998284
8,112.66679685160327,,,mixed O-C-C bending / C-C-O bending / C-O-C bending,delta(H16-C8-H17),angle,0.020189391210735545,-,-0.0008196916534543951,0.3279997993453108
8,112.66679685160327,,,mixed O-C-C bending / C-C-O bending / C-O-C bending,delta(H16-C8-H18),angle,0.006726352254247364,+,0.00046678912376258715,0.3369686754784595
8,112.66679685160327,,,mixed O-C-C bending / C-C-O bending / C-O-C bending,delta(O7-C8-H17),angle,0.004419953630901183,-,-0.00034851681002341244,0.397211334830457
8,112.66679685160327,,,mixed O-C-C bending / C-C-O bending / C-O-C bending,tau(C1-C2-O3-C4),dihedral,0.0013143298321018064,-,-0.000892832620927206,0.01799764357765178
8,112.66679685160327,,,mixed O-C-C bending / C-C-O bending / C-O-C bending,nu(C8-H18),bond,0.0011723087713945862,+,0.00019389592817660838,0.3403737166334327
8,112.66679685160327,,,mixed O-C-C bending / C-C-O bending / C-O-C bending,nu(C8-H16),bond,0.0011550686552622893,+,0.00019246488172332862,0.34037384822323485
8,112.66679685160327,,,mixed O-C-C bending / C-C-O bending / C-O-C bending,nu(C1-H11),bond,0.001087215613297073,+,0.0001877287995036012,0.33674817837570464
8,112.66679685160327,,,mixed O-C-C bending / C-C-O bending / C-O-C bending,nu(C8-H17),bond,0.0007584376117812168,+,0.0001539471043537481,0.3493238140731456
8,112.66679685160327,,,mixed O-C-C bending / C-C-O bending / C-O-C bending,nu(C5-O6),bond,0.000703816085381067,-,-9.41022695496708e-05,0.8675816801842264
8,112.66679685160327,,,mixed O-C-C bending / C-C-O bending / C-O-C bending,tau(O3-C4-C5-O7),dihedral,0.0001749526380738024,+,0.0005465186740581259,0.006393841466423005
8,112.66679685160327,,,mixed O-C-C bending / C-C-O bending / C-O-C bending,tau(H11-C1-C2-O3),dihedral,0.00011537645106266555,-,-8.613314949746134e-05,0.16975708186529387
8,112.66679685160327,,,mixed O-C-C bending / C-C-O bending / C-O-C bending,tau(C4-C5-O7-C8),dihedral,0.00010443641826660165,-,-0.0001685669186042708,0.04011979019759074
8,112.66679685160327,,,mixed O-C-C bending / C-C-O bending / C-O-C bending,nu(C4-H15),bond,9.271654357897346e-05,-,-5.665033611351018e-05,0.31535783940404283
8,112.66679685160327,,,mixed O-C-C bending / C-C-O bending / C-O-C bending,nu(C4-H14),bond,5.5943471744986536e-05,-,-4.400175169370015e-05,0.31539940001272926
8,112.66679685160327,,,mixed O-C-C bending / C-C-O bending / C-O-C bending,tau(H9-C1-C2-H12),dihedral,4.716063763822506e-05,-,-3.6391523762031946e-05,0.38871434480918426
8,112.66679685160327,,,mixed O-C-C bending / C-C-O bending / C-O-C bending,nu(C2-H12),bond,2.9282511707294327e-05,-,-3.190896073839751e-05,0.31393113244196713
8,112.66679685160327,,,mixed O-C-C bending / C-C-O bending / C-O-C bending,nu(C2-H13),bond,2.7019007966297662e-05,-,-3.065126557321329e-05,0.3139235939299812
8,112.66679685160327,,,mixed O-C-C bending / C-C-O bending / C-O-C bending,nu(C1-H10),bond,2.1030688502710594e-05,+,2.601630302460804e-05,0.33916709092478864
8,112.66679685160327,,,mixed O-C-C bending / C-C-O bending / C-O-C bending,nu(C1-H9),bond,1.7460942751866315e-05,+,2.3706122823949724e-05,0.3391548315937667
8,112.66679685160327,,,mixed O-C-C bending / C-C-O bending / C-O-C bending,"gamma(O7;C5,C4,O6)",oop,5.053444254020515e-06,+,2.204745902938156e-05,0.11348063861203601
8,112.66679685160327,,,mixed O-C-C bending / C-C-O bending / C-O-C bending,tau(C2-O3-C4-C5),dihedral,2.8274810923691506e-06,-,-4.967029973909368e-05,0.012510006294532647
8,112.66679685160327,,,mixed O-C-C bending / C-C-O bending / C-O-C bending,tau(C5-O7-C8-H17),dihedral,8.737581833127377e-09,-,-3.5737233449086027e-06,0.007467939282554211
9,119.89107323734989,,,mixed C-C torsion / C-O torsion,tau(C1-C2-O3-C4),dihedral,43.401347223338675,+,0.16584633702847537,0.01799764357765178
9,119.89107323734989,,,mixed C-C torsion / C-O torsion,tau(H9-C1-C2-H12),dihedral,20.003867441344497,+,0.02422723222041097,0.38871434480918426
9,119.89107323734989,,,mixed C-C torsion / C-O torsion,tau(H9-C1-C2-H13),dihedral,11.551257619784032,+,0.024224248913403322,0.22451886234893484
9,119.89107323734989,,,mixed C-C torsion / C-O torsion,tau(H10-C1-C2-H12),dihedral,8.875190479690726,+,0.02425104162094135,0.17212386627012624
9,119.89107323734989,,,mixed C-C torsion / C-O torsion,tau(H11-C1-C2-O3),dihedral,6.027243184308859,+,0.020123684912521055,0.16975708186529387
9,119.89107323734989,,,mixed C-C torsion / C-O torsion,tau(O3-C4-C5-O7),dihedral,5.845590188166184,-,-0.10211636635763735,0.006393841466423005
9,119.89107323734989,,,mixed C-C torsion / C-O torsion,"gamma(O3;C4,C5,H14)",oop,1.095349912502544,+,0.006150407561139629,0.33027012495710484
9,119.89107323734989,,,mixed C-C torsion / C-O torsion,delta(C1-C2-H12),angle,0.9029700195606478,+,0.005632633282359134,0.3246194824718769
9,119.89107323734989,,,mixed C-C torsion / C-O torsion,delta(C1-C2-H13),angle,0.679925983966775,-,-0.005665309107109654,0.24162319421134754
9,119.89107323734989,,,mixed C-C torsion / C-O torsion,delta(O3-C4-H15),angle,0.41619980617674446,-,-0.004270039248827687,0.2603528545664745
9,119.89107323734989,,,mixed C-C torsion / C-O torsion,"gamma(O7;C5,C4,O6)",oop,0.3802683417988175,+,0.006182246279745273,0.11348063861203601
9,119.89107323734989,,,mixed C-C torsion / C-O torsion,delta(C5-C4-H14),angle,0.36834060118350115,+,0.0033237678242653765,0.38028783930708365
9,119.89107323734989,,,mixed C-C torsion / C-O torsion,"gamma(H14;C4,O3,H15)",oop,0.13039221731869882,-,-0.0022353981255726855,0.29762273937367884
9,119.89107323734989,,,mixed C-C torsion / C-O torsion,delta(O7-C8-H16),angle,0.06492748916848455,-,-0.001388956067302203,0.38386259421329905
9,119.89107323734989,,,mixed C-C torsion / C-O torsion,delta(C2-C1-H9),angle,0.06137956441612772,+,0.0017842218337026546,0.21991269811803782
9,119.89107323734989,,,mixed C-C torsion / C-O torsion,delta(C2-C1-H10),angle,0.05980191942910395,-,-0.0017612572445068453,0.21988405758883822
9,119.89107323734989,,,mixed C-C torsion / C-O torsion,nu(C4-H14),bond,0.05447510583245503,-,-0.0014035591245883275,0.31539940001272926
9,119.89107323734989,,,mixed C-C torsion / C-O torsion,nu(C4-H15),bond,0.05410537535380898,+,0.0013988801042031007,0.31535783940404283
9,119.89107323734989,,,mixed C-C torsion / C-O torsion,tau(C5-O7-C8-H17),dihedral,0.01817161744911832,+,0.0052681545298298915,0.007467939282554211
9,119.89107323734989,,,mixed C-C torsion / C-O torsion,tau(C4-C5-O7-C8),dihedral,0.0018573480436270655,-,-0.0007266569333627658,0.04011979019759074
9,119.89107323734989,,,mixed C-C torsion / C-O torsion,delta(H16-C8-H17),angle,0.0017157310203682011,-,-0.0002442586287453314,0.3279997993453108
9,119.89107323734989,,,mixed C-C torsion / C-O torsion,delta(H17-C8-H18),angle,0.001577073071452127,+,0.00023533651180904138,0.32478607152998284
9,119.89107323734989,,,mixed C-C torsion / C-O torsion,delta(O3-C4-C5),angle,0.0012634211567849303,+,0.00013834352833489927,0.7529300899535849
9,119.89107323734989,,,mixed C-C torsion / C-O torsion,delta(O3-C2-H12),angle,0.0008296562424032919,+,0.0001194328589116575,0.6633988778702453
9,119.89107323734989,,,mixed C-C torsion / C-O torsion,delta(C2-O3-C4),angle,0.0006225464685052894,-,-0.00016799981879669028,0.25158129671049695
9,119.89107323734989,,,mixed C-C torsion / C-O torsion,delta(C4-C5-O7),angle,0.00036735244696044125,-,-9.820535053402379e-05,0.434447038136364
9,119.89107323734989,,,mixed C-C torsion / C-O torsion,delta(C1-C2-O3),angle,0.00034875834248558537,+,8.464423620484137e-05,0.5552058430791434
9,119.89107323734989,,,mixed C-C torsion / C-O torsion,tau(C2-O3-C4-C5),dihedral,0.00023332266299365493,+,0.00046122389617677675,0.012510006294532647
9,119.89107323734989,,,mixed C-C torsion / C-O torsion,delta(C5-O7-C8),angle,8.638425686438379e-05,+,5.875397968802731e-05,0.28541988573192933
9,119.89107323734989,,,mixed C-C torsion / C-O torsion,nu(C8-H16),bond,6.28297409112068e-05,+,4.588456766458193e-05,0.34037384822323485
9,119.89107323734989,,,mixed C-C torsion / C-O torsion,nu(C8-H18),bond,5.8742837602639985e-05,-,-4.436715228412882e-05,0.3403737166334327
9,119.89107323734989,,,mixed C-C torsion / C-O torsion,nu(C1-H10),bond,5.6999455622313045e-05,-,-4.378149655984632e-05,0.33916709092478864
9,119.89107323734989,,,mixed C-C torsion / C-O torsion,nu(C1-H9),bond,4.888574658544399e-05,+,4.05465795704348e-05,0.3391548315937667
9,119.89107323734989,,,mixed C-C torsion / C-O torsion,delta(O6-C5-O7),angle,1.9409512391316368e-05,+,2.0164397130264683e-05,0.5444629662347688
9,119.89107323734989,,,mixed C-C torsion / C-O torsion,nu(O3-C4),bond,1.212806045169001e-05,+,1.9619352601789908e-05,0.35937363468603883
9,119.89107323734989,,,mixed C-C torsion / C-O torsion,delta(C2-C1-H11),angle,1.180897424499563e-05,-,-2.506492615857759e-05,0.2143895044253752
9,119.89107323734989,,,mixed C-C torsion / C-O torsion,nu(C2-O3),bond,7.190046922248945e-06,+,1.5914138564165903e-05,0.3238095538884528
9,119.89107323734989,,,mixed C-C torsion / C-O torsion,nu(C2-H12),bond,6.957633487027054e-06,+,1.589921500423614e-05,0.31393113244196713
9,119.89107323734989,,,mixed C-C torsion / C-O torsion,nu(O7-C8),bond,4.832440817833865e-06,-,-1.330546923792669e-05,0.31133672847542987
9,119.89107323734989,,,mixed C-C torsion / C-O torsion,nu(C5-O7),bond,1.7276449898675153e-06,+,7.2209507130569835e-06,0.3779113605571353
9,119.89107323734989,,,mixed C-C torsion / C-O torsion,nu(C2-H13),bond,1.241776445498376e-06,-,-6.716945615478903e-06,0.3139235939299812
9,119.89107323734989,,,mixed C-C torsion / C-O torsion,nu(C1-C2),bond,6.847603640889199e-07,-,-5.167111004841569e-06,0.2925278606344219
9,119.89107323734989,,,mixed C-C torsion / C-O torsion,delta(H16-C8-H18),angle,4.1833194910011034e-07,+,3.7629448524487615e-06,0.3369686754784595
9,119.89107323734989,,,mixed C-C torsion / C-O torsion,delta(O7-C8-H17),angle,1.7682272105727416e-07,-,-2.2533067631903852e-06,0.397211334830457
9,119.89107323734989,,,mixed C-C torsion / C-O torsion,nu(C4-C5),bond,1.632349991434446e-07,-,-2.613721004179374e-06,0.2725329576700298
9,119.89107323734989,,,mixed C-C torsion / C-O torsion,nu(C5-O6),bond,1.002472569797553e-07,+,1.1480033742928729e-06,0.8675816801842264
9,119.89107323734989,,,mixed C-C torsion / C-O torsion,nu(C8-H17),bond,1.4662881146115584e-08,+,6.919228333247356e-07,0.3493238140731456
9,119.89107323734989,,,mixed C-C torsion / C-O torsion,nu(C1-H11),bond,3.5671134955444412e-09,+,3.475905320195937e-07,0.33674817837570464
10,129.3743232282059,,,C-O torsion,tau(C5-O7-C8-H17),dihedral,66.40391298383882,-,-0.2516027400817778,0.007467939282554211
10,129.3743232282059,,,C-O torsion,tau(C4-C5-O7-C8),dihedral,13.579717951451643,-,-0.049089088493561,0.04011979019759074
10,129.3743232282059,,,C-O torsion,tau(H9-C1-C2-H12),dihedral,4.394954671980018,+,0.008971825870112601,0.38871434480918426
10,129.3743232282059,,,C-O torsion,tau(H9-C1-C2-H13),dihedral,2.5442513828470608,+,0.00898198887630641,0.22451886234893484
10,129.3743232282059,,,C-O torsion,delta(O7-C8-H16),angle,2.5155028757667077,+,0.00683035744674622,0.38386259421329905
10,129.3743232282059,,,C-O torsion,tau(H11-C1-C2-O3),dihedral,2.3348542175322584,+,0.009895434169303503,0.16975708186529387
10,129.3743232282059,,,C-O torsion,tau(H10-C1-C2-H12),dihedral,1.944279422358889,+,0.008967630662542329,0.17212386627012624
10,129.3743232282059,,,C-O torsion,tau(C2-O3-C4-C5),dihedral,1.9272618709071767,+,0.03311772688732306,0.012510006294532647
10,129.3743232282059,,,C-O torsion,delta(H16-C8-H17),angle,1.4882679189561467,+,0.005683589337377193,0.3279997993453108
10,129.3743232282059,,,C-O torsion,delta(H17-C8-H18),angle,1.4787635007899398,-,-0.005693372285724996,0.32478607152998284
10,129.3743232282059,,,C-O torsion,tau(C1-C2-O3-C4),dihedral,0.5193357003892903,+,0.014332936781923208,0.01799764357765178
10,129.3743232282059,,,C-O torsion,nu(C8-H16),bond,0.2132255336344532,-,-0.002111837183677105,0.34037384822323485
10,129.3743232282059,,,C-O torsion,nu(C8-H18),bond,0.2118871781084992,+,0.0021051994596229125,0.3403737166334327
10,129.3743232282059,,,C-O torsion,"gamma(O3;C4,C5,H14)",oop,0.1043428018806157,+,0.0014997384349329965,0.33027012495710484
10,129.3743232282059,,,C-O torsion,delta(C5-C4-H14),angle,0.09439786135209087,+,0.0013293635859125332,0.38028783930708365
10,129.3743232282059,,,C-O torsion,delta(O3-C2-H12),angle,0.07307019160941662,-,-0.0008855267329576323,0.6633988778702453
10,129.3743232282059,,,C-O torsion,"gamma(O7;C5,C4,O6)",oop,0.05893360658469646,+,0.001922824043313811,0.11348063861203601
10,129.3743232282059,,,C-O torsion,tau(O3-C4-C5-O7),dihedral,0.05253301444787058,-,-0.007648110410184859,0.006393841466423005
10,129.3743232282059,,,C-O torsion,delta(O3-C4-H15),angle,0.023108103047059618,-,-0.000794913542059394,0.2603528545664745
10,129.3743232282059,,,C-O torsion,delta(C1-C2-H12),angle,0.011391964994587653,+,0.0004998399335364474,0.3246194824718769
10,129.3743232282059,,,C-O torsion,delta(C1-C2-H13),angle,0.00829836993198188,-,-0.0004944768963898836,0.24162319421134754
10,129.3743232282059,,,C-O torsion,"gamma(H14;C4,O3,H15)",oop,0.00820995085898833,-,-0.0004431555000102803,0.29762273937367884
10,129.3743232282059,,,C-O torsion,delta(C2-C1-H9),angle,0.0031278772118307186,-,-0.00031821351019298294,0.21991269811803782
10,129.3743232282059,,,C-O torsion,delta(C2-C1-H10),angle,0.0030350464080680837,+,0.0003134763032078783,0.21988405758883822
10,129.3743232282059,,,C-O torsion,nu(C4-H14),bond,0.0016401934169669135,-,-0.00019241371314593497,0.31539940001272926
10,129.3743232282059,,,C-O torsion,nu(C4-H15),bond,0.0016235970830960512,+,0.00019145038110408968,0.31535783940404283
10,129.3743232282059,,,C-O torsion,delta(O3-C4-C5),angle,2.3192141408048154e-05,-,-1.4808532340381967e-05,0.7529300899535849
10,129.3743232282059,,,C-O torsion,delta(C5-O7-C8),angle,1.8074052976267196e-05,-,-2.12326685946384e-05,0.28541988573192933
10,129.3743232282059,,,C-O torsion,delta(C1-C2-O3),angle,6.94375423618225e-06,-,-9.436024858376942e-06,0.5552058430791434
10,129.3743232282059,,,C-O torsion,nu(C2-H13),bond,6.283054443271247e-06,+,1.193692189839643e-05,0.3139235939299812
10,129.3743232282059,,,C-O torsion,nu(C2-H12),bond,4.481695040478869e-06,-,-1.0081447134595389e-05,0.31393113244196713
10,129.3743232282059,,,C-O torsion,delta(C4-C5-O7),angle,4.091294693671511e-06,+,8.188057441005962e-06,0.434447038136364
10,129.3743232282059,,,C-O torsion,delta(C2-O3-C4),angle,4.0140728457652e-06,+,1.0657917862198665e-05,0.25158129671049695
10,129.3743232282059,,,C-O torsion,delta(H16-C8-H18),angle,2.8140617053766164e-06,-,-7.710649507063774e-06,0.3369686754784595
10,129.3743232282059,,,C-O torsion,delta(C2-C1-H11),angle,6.640283373745999e-07,+,4.695809457567117e-06,0.2143895044253752
10,129.3743232282059,,,C-O torsion,nu(C5-O7),bond,4.7042186041771125e-07,-,-2.976923630586296e-06,0.3779113605571353
10,129.3743232282059,,,C-O torsion,nu(C2-O3),bond,4.6439110843014587e-07,-,-3.195332366246013e-06,0.3238095538884528
10,129.3743232282059,,,C-O torsion,nu(C4-C5),bond,2.1553656874875992e-07,+,2.3728478271420054e-06,0.2725329576700298
10,129.3743232282059,,,C-O torsion,nu(O7-C8),bond,1.9505015892319802e-07,+,2.1119172389473967e-06,0.31133672847542987
10,129.3743232282059,,,C-O torsion,nu(O3-C4),bond,8.288157056535912e-08,-,-1.281370731380799e-06,0.35937363468603883
10,129.3743232282059,,,C-O torsion,nu(C1-C2),bond,7.600593571469481e-08,+,1.3600630979562335e-06,0.2925278606344219
10,129.3743232282059,,,C-O torsion,nu(C5-O6),bond,6.220103929569036e-08,-,-7.144347228400617e-07,0.8675816801842264
10,129.3743232282059,,,C-O torsion,nu(C1-H10),bond,4.476971465155448e-08,-,-9.694027104788966e-07,0.33916709092478864
10,129.3743232282059,,,C-O torsion,nu(C1-H9),bond,1.9854490899669074e-08,+,6.455788491334557e-07,0.3391548315937667
10,129.3743232282059,,,C-O torsion,delta(O7-C8-H17),angle,1.1823648830057577e-08,-,-4.603454600007794e-07,0.397211334830457
10,129.3743232282059,,,C-O torsion,delta(O6-C5-O7),angle,7.9517454925001e-09,-,-3.224526741699573e-07,0.5444629662347688
10,129.3743232282059,,,C-O torsion,nu(C1-H11),bond,2.4320818073155852e-09,-,-2.267542218314351e-07,0.33674817837570464
10,129.3743232282059,,,C-O torsion,nu(C8-H17),bond,1.1362103379616888e-09,-,-1.52171804727364e-07,0.3493238140731456
11,164.10462474608076,,,mixed C-O torsion / C-C torsion,tau(C4-C5-O7-C8),dihedral,48.127195402634584,-,-0.16149327286821652,0.04011979019759074
11,164.10462474608076,,,mixed C-O torsion / C-C torsion,tau(C5-O7-C8-H17),dihedral,11.756868549815415,+,0.18500519678045102,0.007467939282554211
11,164.10462474608076,,,mixed C-O torsion / C-C torsion,tau(H9-C1-C2-H12),dihedral,11.626529993961004,+,0.02550047440583906,0.38871434480918426
11,164.10462474608076,,,mixed C-O torsion / C-C torsion,tau(H9-C1-C2-H13),dihedral,6.728150665470255,+,0.02552465750698958,0.22451886234893484
11,164.10462474608076,,,mixed C-O torsion / C-C torsion,tau(H11-C1-C2-O3),dihedral,6.332132843672694,+,0.028477348099111177,0.16975708186529387
11,164.10462474608076,,,mixed C-O torsion / C-C torsion,tau(H10-C1-C2-H12),dihedral,5.143318937686786,+,0.025488229405181938,0.17212386627012624
11,164.10462474608076,,,mixed C-O torsion / C-C torsion,"gamma(O7;C5,C4,O6)",oop,4.3606886853013584,+,0.02890381319301109,0.11348063861203601
11,164.10462474608076,,,mixed C-O torsion / C-C torsion,tau(C2-O3-C4-C5),dihedral,2.35643187949646,+,0.06399369195746689,0.012510006294532647
11,164.10462474608076,,,mixed C-O torsion / C-C torsion,tau(O3-C4-C5-O7),dihedral,1.0242440448674563,-,-0.059014574153813094,0.006393841466423005
11,164.10462474608076,,,mixed C-O torsion / C-C torsion,delta(C5-C4-H14),angle,0.9660536262910576,+,0.007431609553126267,0.38028783930708365
11,164.10462474608076,,,mixed C-O torsion / C-C torsion,"gamma(O3;C4,C5,H14)",oop,0.696028652345915,+,0.006768889108978198,0.33027012495710484
11,164.10462474608076,,,mixed C-O torsion / C-C torsion,tau(C1-C2-O3-C4),dihedral,0.3199460791217223,+,0.019659345650382066,0.01799764357765178
11,164.10462474608076,,,mixed C-O torsion / C-C torsion,delta(O7-C8-H16),angle,0.12425635729986695,+,0.002652832916170355,0.38386259421329905
11,164.10462474608076,,,mixed C-O torsion / C-C torsion,delta(O3-C2-H12),angle,0.11841050042566849,-,-0.0019699092874062613,0.6633988778702453
11,164.10462474608076,,,mixed C-O torsion / C-C torsion,delta(O3-C4-H15),angle,0.09555577027832807,-,-0.0028247874349103105,0.2603528545664745
11,164.10462474608076,,,mixed C-O torsion / C-C torsion,delta(H17-C8-H18),angle,0.05796055271275205,+,0.0019697270396819835,0.32478607152998284
11,164.10462474608076,,,mixed C-O torsion / C-C torsion,delta(H16-C8-H17),angle,0.057592307299560386,-,-0.0019538172323081936,0.3279997993453108
11,164.10462474608076,,,mixed C-O torsion / C-C torsion,"gamma(H14;C4,O3,H15)",oop,0.03369143741012131,-,-0.001568791403879287,0.29762273937367884
11,164.10462474608076,,,mixed C-O torsion / C-C torsion,delta(C2-C1-H9),angle,0.017655135416490438,-,-0.0013211400515342083,0.21991269811803782
11,164.10462474608076,,,mixed C-O torsion / C-C torsion,delta(C2-C1-H10),angle,0.01729057528613481,+,0.001307513965076787,0.21988405758883822
11,164.10462474608076,,,mixed C-O torsion / C-C torsion,nu(C4-H14),bond,0.01633890410136199,-,-0.0010612544302364053,0.31539940001272926
11,164.10462474608076,,,mixed C-O torsion / C-C torsion,nu(C4-H15),bond,0.01626290755607908,+,0.0010588532322763913,0.31535783940404283
11,164.10462474608076,,,mixed C-O torsion / C-C torsion,delta(C1-C2-H12),angle,0.002921800314574335,+,0.0004423606229699474,0.3246194824718769
11,164.10462474608076,,,mixed C-O torsion / C-C torsion,delta(C1-C2-H13),angle,0.002010814822825923,-,-0.00042535859628528057,0.24162319421134754
11,164.10462474608076,,,mixed C-O torsion / C-C torsion,nu(C8-H16),bond,0.0011797757450133226,+,0.0002745112358718097,0.34037384822323485
11,164.10462474608076,,,mixed C-O torsion / C-C torsion,nu(C8-H18),bond,0.0011413115880102315,-,-0.00026999927048225133,0.3403737166334327
11,164.10462474608076,,,mixed C-O torsion / C-C torsion,delta(O3-C4-C5),angle,3.948292839256807e-05,-,-3.376492870893537e-05,0.7529300899535849
11,164.10462474608076,,,mixed C-O torsion / C-C torsion,delta(C1-C2-O3),angle,2.4304441635111524e-05,-,-3.0849938017858986e-05,0.5552058430791434
11,164.10462474608076,,,mixed C-O torsion / C-C torsion,delta(C2-O3-C4),angle,1.5916714548237794e-05,+,3.708736888596572e-05,0.25158129671049695
11,164.10462474608076,,,mixed C-O torsion / C-C torsion,nu(C2-H13),bond,1.5554095512147925e-05,+,3.282077921490904e-05,0.3139235939299812
11,164.10462474608076,,,mixed C-O torsion / C-C torsion,nu(C2-H12),bond,1.1934611294382377e-05,-,-2.8749178001052454e-05,0.31393113244196713
11,164.10462474608076,,,mixed C-O torsion / C-C torsion,nu(C1-H10),bond,8.985384000944564e-06,-,-2.3999376199356763e-05,0.33916709092478864
11,164.10462474608076,,,mixed C-O torsion / C-C torsion,nu(C1-H9),bond,8.85073351893877e-06,+,2.3819306569304732e-05,0.3391548315937667
11,164.10462474608076,,,mixed C-O torsion / C-C torsion,delta(C4-C5-O7),angle,6.199410256296015e-06,+,1.7613483387979217e-05,0.434447038136364
11,164.10462474608076,,,mixed C-O torsion / C-C torsion,delta(C5-O7-C8),angle,4.276768068309265e-06,-,-1.8049044729740975e-05,0.28541988573192933
11,164.10462474608076,,,mixed C-O torsion / C-C torsion,delta(C2-C1-H11),angle,1.944299981758085e-06,+,1.404165704680307e-05,0.2143895044253752
11,164.10462474608076,,,mixed C-O torsion / C-C torsion,nu(C5-O7),bond,1.9301117047881867e-06,-,-1.053743076524473e-05,0.3779113605571353
11,164.10462474608076,,,mixed C-O torsion / C-C torsion,nu(C2-O3),bond,1.200022917007832e-06,-,-8.976115383034716e-06,0.3238095538884528
11,164.10462474608076,,,mixed C-O torsion / C-C torsion,nu(C4-C5),bond,7.900863409436945e-07,+,7.939008152674285e-06,0.2725329576700298
11,164.10462474608076,,,mixed C-O torsion / C-C torsion,nu(O3-C4),bond,4.435966726993011e-07,-,-5.1803549708245005e-06,0.35937363468603883
11,164.10462474608076,,,mixed C-O torsion / C-C torsion,nu(C5-O6),bond,4.297788805166693e-07,+,3.2817525733926174e-06,0.8675816801842264
11,164.10462474608076,,,mixed C-O torsion / C-C torsion,delta(H16-C8-H18),angle,1.525884212128285e-07,-,-3.1376500941654413e-06,0.3369686754784595
11,164.10462474608076,,,mixed C-O torsion / C-C torsion,nu(C1-C2),bond,6.892740913227405e-08,+,2.263345454803436e-06,0.2925278606344219
11,164.10462474608076,,,mixed C-O torsion / C-C torsion,nu(O7-C8),bond,1.3954262409948762e-08,+,9.871354528287234e-07,0.31133672847542987
11,164.10462474608076,,,mixed C-O torsion / C-C torsion,nu(C1-H11),bond,5.006791631065384e-09,-,-5.685460112914839e-07,0.33674817837570464
11,164.10462474608076,,,mixed C-O torsion / C-C torsion,delta(O7-C8-H17),angle,4.2489921214263226e-09,+,4.822482187083839e-07,0.397211334830457
11,164.10462474608076,,,mixed C-O torsion / C-C torsion,nu(C8-H17),bond,1.2134057055584026e-09,+,2.7480675600201784e-07,0.3493238140731456
11,164.10462474608076,,,mixed C-O torsion / C-C torsion,delta(O6-C5-O7),angle,1.555139101153954e-10,+,7.880230733921463e-08,0.5444629662347688
12,251.71251313489287,,,C-C torsion,tau(H9-C1-C2-H12),dihedral,39.322911303862234,+,0.30895316715900023,0.38871434480918426
12,251.71251313489287,,,C-C torsion,tau(H9-C1-C2-H13),dihedral,22.7059185812207,+,0.30890733825919325,0.22451886234893484
12,251.71251313489287,,,C-C torsion,tau(H11-C1-C2-O3),dihedral,20.225733656577056,+,0.3352920800868886,0.16975708186529387
12,251.71251313489287,,,C-C torsion,tau(H10-C1-C2-H12),dihedral,17.41616483011255,+,0.3089874359412763,0.17212386627012624
12,251.71251313489287,,,C-C torsion,delta(C2-C1-H10),angle,0.10040533382424568,+,0.020757097468003496,0.21988405758883822
12,251.71251313489287,,,C-C torsion,delta(C2-C1-H9),angle,0.09994265439303367,-,-0.02070786810147521,0.21991269811803782
12,251.71251313489287,,,C-C torsion,tau(C2-O3-C4-C5),dihedral,0.05534909787528169,-,-0.06461176621170973,0.012510006294532647
12,251.71251313489287,,,C-C torsion,delta(O3-C2-H12),angle,0.02316273610144884,-,-0.005739745906454307,0.6633988778702453
12,251.71251313489287,,,C-C torsion,delta(C1-C2-H12),angle,0.01560317123960825,-,-0.0067344828385917325,0.3246194824718769
12,251.71251313489287,,,C-C torsion,tau(C4-C5-O7-C8),dihedral,0.012606554745536343,+,0.01721884371114574,0.04011979019759074
12,251.71251313489287,,,C-C torsion,delta(C1-C2-H13),angle,0.011464121571539181,+,0.006690925349242671,0.24162319421134754
12,251.71251313489287,,,C-C torsion,delta(C5-C4-H14),angle,0.004211145873236276,+,0.0032324292461618368,0.38028783930708365
12,251.71251313489287,,,C-C torsion,tau(C1-C2-O3-C4),dihedral,0.0031005218455474066,-,-0.012749544762925166,0.01799764357765178
12,251.71251313489287,,,C-C torsion,tau(C5-O7-C8-H17),dihedral,0.0012120299751366538,-,-0.012374891358300015,0.007467939282554211
12,251.71251313489287,,,C-C torsion,"gamma(O3;C4,C5,H14)",oop,0.0010461484255121776,+,0.0017288093838003634,0.33027012495710484
12,251.71251313489287,,,C-C torsion,"gamma(O7;C5,C4,O6)",oop,0.0005119915893818149,+,0.0020632679473318793,0.11348063861203601
12,251.71251313489287,,,C-C torsion,tau(O3-C4-C5-O7),dihedral,0.00027530864688845306,-,-0.006374029919651955,0.006393841466423005
12,251.71251313489287,,,C-C torsion,delta(O7-C8-H16),angle,0.00024605959656506674,-,-0.0007777094219789155,0.38386259421329905
12,251.71251313489287,,,C-C torsion,nu(C1-H9),bond,3.9053916931128803e-05,+,0.0003296236761499634,0.3391548315937667
12,251.71251313489287,,,C-C torsion,nu(C1-H10),bond,3.8173815994537424e-05,-,-0.0003258824992740725,0.33916709092478864
12,251.71251313489287,,,C-C torsion,nu(C2-H12),bond,1.1427237549018304e-05,+,0.00018532693280116214,0.31393113244196713
12,251.71251313489287,,,C-C torsion,nu(C2-H13),bond,1.1394881295601061e-05,-,-0.00018506659199681613,0.3139235939299812
12,251.71251313489287,,,C-C torsion,nu(C4-H15),bond,9.866178123354821e-06,-,-0.00017181368949980536,0.31535783940404283
12,251.71251313489287,,,C-C torsion,nu(C4-H14),bond,9.762116262722957e-06,+,0.0001708939389859139,0.31539940001272926
12,251.71251313489287,,,C-C torsion,delta(C1-C2-O3),angle,4.097259927364504e-06,+,8.344587015405075e-05,0.5552058430791434
12,251.71251313489287,,,C-C torsion,delta(C4-C5-O7),angle,3.3124353635498158e-06,+,8.481846129151769e-05,0.434447038136364
12,251.71251313489287,,,C-C torsion,delta(C5-O7-C8),angle,2.6836425439631314e-06,-,-9.419011427433634e-05,0.28541988573192933
12,251.71251313489287,,,C-C torsion,delta(C2-O3-C4),angle,1.4286555010438956e-06,-,-7.319976502450214e-05,0.25158129671049695
12,251.71251313489287,,,C-C torsion,delta(O6-C5-O7),angle,9.607340425420966e-07,-,-4.080397953812522e-05,0.5444629662347688
12,251.71251313489287,,,C-C torsion,delta(O3-C4-H15),angle,6.965542269316867e-07,-,-5.024367501151217e-05,0.2603528545664745
12,251.71251313489287,,,C-C torsion,nu(C8-H18),bond,5.453380613146862e-07,-,-3.888123043928318e-05,0.3403737166334327
12,251.71251313489287,,,C-C torsion,nu(C8-H16),bond,4.521734096708023e-07,+,3.5404586068326365e-05,0.34037384822323485
12,251.71251313489287,,,C-C torsion,nu(O3-C4),bond,2.5846910775469143e-07,+,2.6050515362499125e-05,0.35937363468603883
12,251.71251313489287,,,C-C torsion,delta(H17-C8-H18),angle,1.8638194770142253e-07,+,2.3269568418376685e-05,0.32478607152998284
12,251.71251313489287,,,C-C torsion,nu(O7-C8),bond,1.3110727694178738e-07,+,1.9933489126488397e-05,0.31133672847542987
12,251.71251313489287,,,C-C torsion,delta(C2-C1-H11),angle,9.877724067485075e-08,-,-2.085027505501893e-05,0.2143895044253752
12,251.71251313489287,,,C-C torsion,nu(C4-C5),bond,5.4144190817508945e-08,-,-1.3691515511033815e-05,0.2725329576700298
12,251.71251313489287,,,C-C torsion,delta(H16-C8-H17),angle,3.603862389434322e-08,-,-1.0181984097053606e-05,0.3279997993453108
12,251.71251313489287,,,C-C torsion,nu(C2-O3),bond,3.52952686119074e-08,+,1.0141414188603836e-05,0.3238095538884528
12,251.71251313489287,,,C-C torsion,"gamma(H14;C4,O3,H15)",oop,2.5572152224845188e-08,-,-9.004004209097184e-06,0.29762273937367884
12,251.71251313489287,,,C-C torsion,nu(C1-C2),bond,2.3458001251048582e-08,-,-8.698552494870164e-06,0.2925278606344219
12,251.71251313489287,,,C-C torsion,delta(O7-C8-H17),angle,1.698448983136089e-08,+,6.351854486317161e-06,0.397211334830457
12,251.71251313489287,,,C-C torsion,delta(O3-C4-C5),angle,1.4311215279523773e-08,-,-4.234928031145786e-06,0.7529300899535849
12,251.71251313489287,,,C-C torsion,delta(H16-C8-H18),angle,9.758393194226005e-09,-,-5.227324908172145e-06,0.3369686754784595
12,251.71251313489287,,,C-C torsion,nu(C5-O7),bond,3.875406782781483e-09,+,3.110633016975353e-06,0.3779113605571353
12,251.71251313489287,,,C-C torsion,nu(C1-H11),bond,2.2310103877071567e-09,+,2.500249058019591e-06,0.33674817837570464
12,251.71251313489287,,,C-C torsion,nu(C8-H17),bond,8.139234345784296e-10,-,-1.482732419827496e-06,0.3493238140731456
12,251.71251313489287,,,C-C torsion,nu(C5-O6),bond,3.669976277126593e-10,-,-6.317737042838801e-07,0.8675816801842264
13,262.31588964306536,,,mixed C-C-O bending / C-O-C bending,delta(C1-C2-O3),angle,24.805839200852983,-,-0.043612891284263086,0.5552058430791434
13,262.31588964306536,,,mixed C-C-O bending / C-O-C bending,delta(C5-O7-C8),angle,22.61199485271201,+,0.058075406162723914,0.28541988573192933
13,262.31588964306536,,,mixed C-C-O bending / C-O-C bending,delta(C4-C5-O7),angle,21.90818998408678,-,-0.046333996299382216,0.434447038136364
13,262.31588964306536,,,mixed C-C-O bending / C-O-C bending,delta(C2-O3-C4),angle,8.731173327802063,+,0.03843811307848267,0.25158129671049695
13,262.31588964306536,,,mixed C-C-O bending / C-O-C bending,delta(O6-C5-O7),angle,8.08314723764588,+,0.025140331688188442,0.5444629662347688
13,262.31588964306536,,,mixed C-C-O bending / C-O-C bending,tau(H9-C1-C2-H13),dihedral,1.9276079905529424,+,0.01911823841955196,0.22451886234893484
13,262.31588964306536,,,mixed C-C-O bending / C-O-C bending,delta(C2-C1-H11),angle,1.6573479293001967,+,0.018141367269125047,0.2143895044253752
13,262.31588964306536,,,mixed C-C-O bending / C-O-C bending,nu(O3-C4),bond,1.5673996416864702,-,-0.013626417662729278,0.35937363468603883
13,262.31588964306536,,,mixed C-C-O bending / C-O-C bending,tau(H10-C1-C2-H12),dihedral,1.3056044457540614,-,-0.017970087616039004,0.17212386627012624
13,262.31588964306536,,,mixed C-C-O bending / C-O-C bending,delta(O3-C2-H12),angle,1.229386476748905,+,0.008882225204697594,0.6633988778702453
13,262.31588964306536,,,mixed C-C-O bending / C-O-C bending,delta(C1-C2-H12),angle,0.9886570281072671,+,0.011386767923968338,0.3246194824718769
13,262.31588964306536,,,mixed C-C-O bending / C-O-C bending,nu(O7-C8),bond,0.9737051414743145,-,-0.011538875397785614,0.31133672847542987
13,262.31588964306536,,,mixed C-C-O bending / C-O-C bending,delta(C1-C2-H13),angle,0.7382263198954773,+,0.011404871139092353,0.24162319421134754
13,262.31588964306536,,,mixed C-C-O bending / C-O-C bending,"gamma(H14;C4,O3,H15)",oop,0.6469464885659445,-,-0.009619800288185777,0.29762273937367884
13,262.31588964306536,,,mixed C-C-O bending / C-O-C bending,delta(C2-C1-H9),angle,0.5658906724916066,-,-0.010466610073560503,0.21991269811803782
13,262.31588964306536,,,mixed C-C-O bending / C-O-C bending,delta(C2-C1-H10),angle,0.5587882927412742,-,-0.010401397862417167,0.21988405758883822
13,262.31588964306536,,,mixed C-C-O bending / C-O-C bending,nu(C2-O3),bond,0.31203928217513766,-,-0.006405082628915147,0.3238095538884528
13,262.31588964306536,,,mixed C-C-O bending / C-O-C bending,delta(C5-C4-H14),angle,0.22869259896873217,-,-0.005059816499146399,0.38028783930708365
13,262.31588964306536,,,mixed C-C-O bending / C-O-C bending,delta(O3-C4-H15),angle,0.17908878638033301,+,0.005411503649292891,0.2603528545664745
13,262.31588964306536,,,mixed C-C-O bending / C-O-C bending,delta(O7-C8-H16),angle,0.16425145949027278,+,0.00426807116778326,0.38386259421329905
13,262.31588964306536,,,mixed C-C-O bending / C-O-C bending,nu(C4-C5),bond,0.16367903399752373,+,0.00505652248446626,0.2725329576700298
13,262.31588964306536,,,mixed C-C-O bending / C-O-C bending,delta(O7-C8-H17),angle,0.14005690664642909,-,-0.0038744171582138706,0.397211334830457
13,262.31588964306536,,,mixed C-C-O bending / C-O-C bending,delta(H16-C8-H17),angle,0.13511143266478326,-,-0.004187686783672386,0.3279997993453108
13,262.31588964306536,,,mixed C-C-O bending / C-O-C bending,delta(H17-C8-H18),angle,0.13426105620117407,-,-0.004195089806006115,0.32478607152998284
13,262.31588964306536,,,mixed C-C-O bending / C-O-C bending,delta(H16-C8-H18),angle,0.09567948364535998,+,0.0034767989421567672,0.3369686754784595
13,262.31588964306536,,,mixed C-C-O bending / C-O-C bending,delta(O3-C4-C5),angle,0.08029614070190644,-,-0.002130761985978271,0.7529300899535849
13,262.31588964306536,,,mixed C-C-O bending / C-O-C bending,nu(C5-O7),bond,0.022449225471493833,-,-0.0015902691642121648,0.3779113605571353
13,262.31588964306536,,,mixed C-C-O bending / C-O-C bending,nu(C8-H18),bond,0.007589229414286426,+,0.0009742844319416714,0.3403737166334327
13,262.31588964306536,,,mixed C-C-O bending / C-O-C bending,nu(C8-H16),bond,0.007582754285763014,+,0.0009738685253899387,0.34037384822323485
13,262.31588964306536,,,mixed C-C-O bending / C-O-C bending,nu(C1-C2),bond,0.006994271897828524,-,-0.001008910330518802,0.2925278606344219
13,262.31588964306536,,,mixed C-C-O bending / C-O-C bending,nu(C8-H17),bond,0.006286697347588414,+,0.0008753104446791827,0.3493238140731456
13,262.31588964306536,,,mixed C-C-O bending / C-O-C bending,nu(C1-H11),bond,0.005314905049018631,-,-0.0008197096699192486,0.33674817837570464
13,262.31588964306536,,,mixed C-C-O bending / C-O-C bending,"gamma(O3;C4,C5,H14)",oop,0.004233673929691083,+,0.0007387355323756322,0.33027012495710484
13,262.31588964306536,,,mixed C-C-O bending / C-O-C bending,nu(C5-O6),bond,0.002822576899094895,+,0.0003721625217148973,0.8675816801842264
13,262.31588964306536,,,mixed C-C-O bending / C-O-C bending,tau(H9-C1-C2-H12),dihedral,0.001793611566062825,-,-0.0004432143823230225,0.38871434480918426
13,262.31588964306536,,,mixed C-C-O bending / C-O-C bending,tau(H11-C1-C2-O3),dihedral,0.00151562749638135,+,0.0006165200686323477,0.16975708186529387
13,262.31588964306536,,,mixed C-C-O bending / C-O-C bending,nu(C4-H14),bond,0.00015007607380459144,+,0.00014232796147732932,0.31539940001272926
13,262.31588964306536,,,mixed C-C-O bending / C-O-C bending,nu(C4-H15),bond,0.00013754280584682497,+,0.0001362642891216326,0.31535783940404283
13,262.31588964306536,,,mixed C-C-O bending / C-O-C bending,nu(C1-H10),bond,2.6047956535410232e-05,-,-5.718009951604075e-05,0.33916709092478864
13,262.31588964306536,,,mixed C-C-O bending / C-O-C bending,nu(C1-H9),bond,2.316515788094447e-05,-,-5.392418113475598e-05,0.3391548315937667
13,262.31588964306536,,,mixed C-C-O bending / C-O-C bending,tau(C2-O3-C4-C5),dihedral,1.1140877583559404e-05,-,-0.0001947134123355497,0.012510006294532647
13,262.31588964306536,,,mixed C-C-O bending / C-O-C bending,tau(C4-C5-O7-C8),dihedral,4.6185988092115265e-06,+,7.000688015397833e-05,0.04011979019759074
13,262.31588964306536,,,mixed C-C-O bending / C-O-C bending,nu(C2-H12),bond,1.296223606189267e-06,-,-1.3258295693558102e-05,0.31393113244196713
13,262.31588964306536,,,mixed C-C-O bending / C-O-C bending,nu(C2-H13),bond,1.194388893071714e-06,-,-1.2726993726077838e-05,0.3139235939299812
13,262.31588964306536,,,mixed C-C-O bending / C-O-C bending,tau(C5-O7-C8-H17),dihedral,8.646539034099627e-07,-,-7.020785342507073e-05,0.007467939282554211
13,262.31588964306536,,,mixed C-C-O bending / C-O-C bending,tau(C1-C2-O3-C4),dihedral,2.2807912692785918e-07,-,-2.3227361455176624e-05,0.01799764357765178
13,262.31588964306536,,,mixed C-C-O bending / C-O-C bending,"gamma(O7;C5,C4,O6)",oop,2.539305030005946e-08,+,3.08646588995625e-06,0.11348063861203601
13,262.31588964306536,,,mixed C-C-O bending / C-O-C bending,tau(O3-C4-C5-O7),dihedral,1.514393157010034e-08,+,1.0041609262297301e-05,0.006393841466423005
14,329.5003137052629,,,mixed O-C-C bending / C-O-C bending / C-C stretching,delta(O3-C4-C5),angle,31.052820203995875,-,-0.04418384804416163,0.7529300899535849
14,329.5003137052629,,,mixed O-C-C bending / C-O-C bending / C-C stretching,delta(C2-O3-C4),angle,22.380592802940217,-,-0.06489137194865166,0.25158129671049695
14,329.5003137052629,,,mixed O-C-C bending / C-O-C bending / C-C stretching,nu(C4-C5),bond,14.109373393735192,-,-0.04950336118748259,0.2725329576700298
14,329.5003137052629,,,mixed O-C-C bending / C-O-C bending / C-C stretching,delta(O6-C5-O7),angle,12.124706237386391,+,0.03246697145175934,0.5444629662347688
14,329.5003137052629,,,mixed O-C-C bending / C-O-C bending / C-C stretching,"gamma(O3;C4,C5,H14)",oop,6.030475564039392,-,-0.02939892664662934,0.33027012495710484
14,329.5003137052629,,,mixed O-C-C bending / C-O-C bending / C-C stretching,nu(C2-O3),bond,3.453946366054141,-,-0.022470012010872946,0.3238095538884528
14,329.5003137052629,,,mixed O-C-C bending / C-O-C bending / C-C stretching,delta(C5-C4-H14),angle,3.0875704680627343,+,0.01960390364331313,0.38028783930708365
14,329.5003137052629,,,mixed O-C-C bending / C-O-C bending / C-C stretching,nu(O3-C4),bond,2.158557897015187,-,-0.016861611700362128,0.35937363468603883
14,329.5003137052629,,,mixed O-C-C bending / C-O-C bending / C-C stretching,nu(C1-C2),bond,1.895622697976985,-,-0.017513892174975364,0.2925278606344219
14,329.5003137052629,,,mixed O-C-C bending / C-O-C bending / C-C stretching,nu(C5-O7),bond,0.9868979086985458,-,-0.011118123132962381,0.3779113605571353
14,329.5003137052629,,,mixed O-C-C bending / C-O-C bending / C-C stretching,nu(O7-C8),bond,0.971048213730604,-,-0.01215053937337712,0.31133672847542987
14,329.5003137052629,,,mixed O-C-C bending / C-O-C bending / C-C stretching,delta(C1-C2-O3),angle,0.615484895678779,+,0.007243892967833266,0.5552058430791434
14,329.5003137052629,,,mixed O-C-C bending / C-O-C bending / C-C stretching,delta(C5-O7-C8),angle,0.36148147043928425,+,0.007742678834728988,0.28541988573192933
14,329.5003137052629,,,mixed O-C-C bending / C-O-C bending / C-C stretching,"gamma(H14;C4,O3,H15)",oop,0.2539613589202841,-,-0.0063553738882563375,0.29762273937367884
14,329.5003137052629,,,mixed O-C-C bending / C-O-C bending / C-C stretching,delta(O3-C2-H12),angle,0.15777051330797323,-,-0.003355180522602434,0.6633988778702453
14,329.5003137052629,,,mixed O-C-C bending / C-O-C bending / C-C stretching,delta(O3-C4-H15),angle,0.07036569027808749,+,0.003576758709415502,0.2603528545664745
14,329.5003137052629,,,mixed O-C-C bending / C-O-C bending / C-C stretching,delta(C4-C5-O7),angle,0.049867351848662984,-,-0.0023309345096767064,0.434447038136364
14,329.5003137052629,,,mixed O-C-C bending / C-O-C bending / C-C stretching,delta(O7-C8-H17),angle,0.04599265030227824,+,0.002341120353127255,0.397211334830457
14,329.5003137052629,,,mixed O-C-C bending / C-O-C bending / C-C stretching,delta(C1-C2-H12),angle,0.02649376374240391,+,0.001965508281761117,0.3246194824718769
14,329.5003137052629,,,mixed O-C-C bending / C-O-C bending / C-C stretching,nu(C5-O6),bond,0.02295866255371629,-,-0.0011192019160256247,0.8675816801842264
14,329.5003137052629,,,mixed O-C-C bending / C-O-C bending / C-C stretching,tau(H9-C1-C2-H13),dihedral,0.020761160560276052,-,-0.0020921351499140774,0.22451886234893484
14,329.5003137052629,,,mixed O-C-C bending / C-O-C bending / C-C stretching,delta(C1-C2-H13),angle,0.020027492123590618,+,0.001980771201451171,0.24162319421134754
14,329.5003137052629,,,mixed O-C-C bending / C-O-C bending / C-C stretching,nu(C2-H12),bond,0.015340804242268608,+,0.001520887917566949,0.31393113244196713
14,329.5003137052629,,,mixed O-C-C bending / C-O-C bending / C-C stretching,nu(C2-H13),bond,0.015322497150259911,+,0.0015199984139402198,0.3139235939299812
14,329.5003137052629,,,mixed O-C-C bending / C-O-C bending / C-C stretching,tau(H10-C1-C2-H12),dihedral,0.013912508035845957,+,0.0019560164675159787,0.17212386627012624
14,329.5003137052629,,,mixed O-C-C bending / C-O-C bending / C-C stretching,delta(H16-C8-H17),angle,0.013843778316100107,-,-0.001413451360168355,0.3279997993453108
14,329.5003137052629,,,mixed O-C-C bending / C-O-C bending / C-C stretching,delta(H17-C8-H18),angle,0.013750815170500136,-,-0.0014156499019280758,0.32478607152998284
14,329.5003137052629,,,mixed O-C-C bending / C-O-C bending / C-C stretching,tau(H9-C1-C2-H12),dihedral,0.012802982013075117,+,0.001248620965283949,0.38871434480918426
14,329.5003137052629,,,mixed O-C-C bending / C-O-C bending / C-C stretching,nu(C4-H15),bond,0.004884417742214183,+,0.0008562388385525543,0.31535783940404283
14,329.5003137052629,,,mixed O-C-C bending / C-O-C bending / C-C stretching,nu(C4-H14),bond,0.004801147437681823,+,0.0008488528849739174,0.31539940001272926
14,329.5003137052629,,,mixed O-C-C bending / C-O-C bending / C-C stretching,delta(C2-C1-H11),angle,0.0026555175805083233,-,-0.0007657079730863137,0.2143895044253752
14,329.5003137052629,,,mixed O-C-C bending / C-O-C bending / C-C stretching,nu(C1-H11),bond,0.0010622598367285281,-,-0.0003864142130097689,0.33674817837570464
14,329.5003137052629,,,mixed O-C-C bending / C-O-C bending / C-C stretching,nu(C8-H18),bond,0.0010428756014597103,+,0.0003808277475897627,0.3403737166334327
14,329.5003137052629,,,mixed O-C-C bending / C-O-C bending / C-C stretching,nu(C8-H16),bond,0.0010390759711274705,+,0.00038013328396541645,0.34037384822323485
14,329.5003137052629,,,mixed O-C-C bending / C-O-C bending / C-C stretching,delta(C2-C1-H10),angle,0.0009533409175290385,+,0.0004530202176990865,0.21988405758883822
14,329.5003137052629,,,mixed O-C-C bending / C-O-C bending / C-C stretching,delta(C2-C1-H9),angle,0.000940113147797654,+,0.0004498370772726738,0.21991269811803782
14,329.5003137052629,,,mixed O-C-C bending / C-O-C bending / C-C stretching,delta(H16-C8-H18),angle,0.00024116059134040747,+,0.00018405547624565766,0.3369686754784595
14,329.5003137052629,,,mixed O-C-C bending / C-O-C bending / C-C stretching,delta(O7-C8-H16),angle,0.00021746385041874068,+,0.00016375553140292114,0.38386259421329905
14,329.5003137052629,,,mixed O-C-C bending / C-O-C bending / C-C stretching,nu(C1-H10),bond,0.00019024829212328627,+,0.00016294606202171716,0.33916709092478864
14,329.5003137052629,,,mixed O-C-C bending / C-O-C bending / C-C stretching,nu(C1-H9),bond,0.0001876311990794993,+,0.0001618243464749132,0.3391548315937667
14,329.5003137052629,,,mixed O-C-C bending / C-O-C bending / C-C stretching,tau(H11-C1-C2-O3),dihedral,1.610930596284781e-05,-,-6.702160185745143e-05,0.16975708186529387
14,329.5003137052629,,,mixed O-C-C bending / C-O-C bending / C-C stretching,nu(C8-H17),bond,1.3858740095884766e-05,+,4.3334931801198824e-05,0.3493238140731456
14,329.5003137052629,,,mixed O-C-C bending / C-O-C bending / C-C stretching,"gamma(O7;C5,C4,O6)",oop,4.187039233827509e-06,-,-4.1791019756527144e-05,0.11348063861203601
14,329.5003137052629,,,mixed O-C-C bending / C-O-C bending / C-C stretching,tau(C2-O3-C4-C5),dihedral,2.661044228131303e-07,+,3.173128219000768e-05,0.012510006294532647
14,329.5003137052629,,,mixed O-C-C bending / C-O-C bending / C-C stretching,tau(C4-C5-O7-C8),dihedral,9.729898062033291e-08,-,-1.071433343081935e-05,0.04011979019759074
14,329.5003137052629,,,mixed O-C-C bending / C-O-C bending / C-C stretching,tau(C1-C2-O3-C4),dihedral,3.4223276633444375e-08,-,-9.487314761829102e-06,0.01799764357765178
14,329.5003137052629,,,mixed O-C-C bending / C-O-C bending / C-C stretching,tau(C5-O7-C8-H17),dihedral,2.590885466753989e-08,+,1.2814865646130907e-05,0.007467939282554211
14,329.5003137052629,,,mixed O-C-C bending / C-O-C bending / C-C stretching,tau(O3-C4-C5-O7),dihedral,2.089251654188313e-08,-,-1.2436689292569467e-05,0.006393841466423005
15,353.7601806751288,,,mixed C-C-O bending / C-O-C bending,delta(C1-C2-O3),angle,29.707264027239177,+,0.056835591827555834,0.5552058430791434
15,353.7601806751288,,,mixed C-C-O bending / C-O-C bending,delta(C5-O7-C8),angle,25.431404866530137,+,0.07334307842165833,0.28541988573192933
15,353.7601806751288,,,mixed C-C-O bending / C-O-C bending,delta(C4-C5-O7),angle,7.386844179074578,+,0.032038864907449144,0.434447038136364
15,353.7601806751288,,,mixed C-C-O bending / C-O-C bending,delta(O3-C4-C5),angle,6.751284635035074,-,-0.02326654811421577,0.7529300899535849
15,353.7601806751288,,,mixed C-C-O bending / C-O-C bending,delta(O6-C5-O7),angle,5.761704572112273,+,0.02527594451632907,0.5444629662347688
15,353.7601806751288,,,mixed C-C-O bending / C-O-C bending,nu(O3-C4),bond,3.0428262824482064,+,0.022609010003308408,0.35937363468603883
15,353.7601806751288,,,mixed C-C-O bending / C-O-C bending,tau(H9-C1-C2-H13),dihedral,2.8596568127887556,-,-0.027729792159262908,0.22451886234893484
15,353.7601806751288,,,mixed C-C-O bending / C-O-C bending,delta(C2-C1-H11),angle,2.6732018067543986,-,-0.027436593286633133,0.2143895044253752
15,353.7601806751288,,,mixed C-C-O bending / C-O-C bending,tau(H10-C1-C2-H12),dihedral,2.1796709353345953,+,0.027649736245408816,0.17212386627012624
15,353.7601806751288,,,mixed C-C-O bending / C-O-C bending,delta(C1-C2-H12),angle,1.983542946874974,-,-0.019206559949104807,0.3246194824718769
15,353.7601806751288,,,mixed C-C-O bending / C-O-C bending,"gamma(O3;C4,C5,H14)",oop,1.8010555108781616,-,-0.01814449880888323,0.33027012495710484
15,353.7601806751288,,,mixed C-C-O bending / C-O-C bending,nu(C4-C5),bond,1.711475233460345,+,0.019471161876622442,0.2725329576700298
15,353.7601806751288,,,mixed C-C-O bending / C-O-C bending,delta(C1-C2-H13),angle,1.4760547923899843,-,-0.019204278769094276,0.24162319421134754
15,353.7601806751288,,,mixed C-C-O bending / C-O-C bending,delta(C5-C4-H14),angle,0.8856540767827371,+,0.011857466782919325,0.38028783930708365
15,353.7601806751288,,,mixed C-C-O bending / C-O-C bending,delta(C2-C1-H10),angle,0.885204440365501,+,0.015589816137315918,0.21988405758883822
15,353.7601806751288,,,mixed C-C-O bending / C-O-C bending,delta(C2-C1-H9),angle,0.884713400537854,+,0.015584476624618098,0.21991269811803782
15,353.7601806751288,,,mixed C-C-O bending / C-O-C bending,nu(C1-C2),bond,0.7899796605031293,+,0.012768515557797068,0.2925278606344219
15,353.7601806751288,,,mixed C-C-O bending / C-O-C bending,nu(C5-O7),bond,0.669966070276819,+,0.010345405148708624,0.3779113605571353
15,353.7601806751288,,,mixed C-C-O bending / C-O-C bending,delta(O3-C2-H12),angle,0.6584005160740264,-,-0.007740585064651743,0.6633988778702453
15,353.7601806751288,,,mixed C-C-O bending / C-O-C bending,delta(O7-C8-H17),angle,0.6460476524974063,-,-0.009909175780324547,0.397211334830457
15,353.7601806751288,,,mixed C-C-O bending / C-O-C bending,nu(O7-C8),bond,0.6349910376663817,+,0.011096466125066169,0.31133672847542987
15,353.7601806751288,,,mixed C-C-O bending / C-O-C bending,nu(C2-O3),bond,0.40367550520152606,+,0.008675358732099982,0.3238095538884528
15,353.7601806751288,,,mixed C-C-O bending / C-O-C bending,delta(H16-C8-H18),angle,0.2689661844960185,+,0.0069417688509362105,0.3369686754784595
15,353.7601806751288,,,mixed C-C-O bending / C-O-C bending,nu(C5-O6),bond,0.1484513238582534,-,-0.003214052182949587,0.8675816801842264
15,353.7601806751288,,,mixed C-C-O bending / C-O-C bending,delta(O7-C8-H16),angle,0.12527629513973332,+,0.004438769837827219,0.38386259421329905
15,353.7601806751288,,,mixed C-C-O bending / C-O-C bending,delta(H16-C8-H17),angle,0.05570560335704685,-,-0.0032020545397850645,0.3279997993453108
15,353.7601806751288,,,mixed C-C-O bending / C-O-C bending,delta(H17-C8-H18),angle,0.05543571242036927,-,-0.0032100529124494707,0.32478607152998284
15,353.7601806751288,,,mixed C-C-O bending / C-O-C bending,delta(C2-O3-C4),angle,0.03491709493738557,+,0.0028946492625794894,0.25158129671049695
15,353.7601806751288,,,mixed C-C-O bending / C-O-C bending,tau(H9-C1-C2-H12),dihedral,0.0235161542256017,+,0.0019111023151906846,0.38871434480918426
15,353.7601806751288,,,mixed C-C-O bending / C-O-C bending,"gamma(H14;C4,O3,H15)",oop,0.018851356214066445,-,-0.00195548422912337,0.29762273937367884
15,353.7601806751288,,,mixed C-C-O bending / C-O-C bending,nu(C1-H11),bond,0.012251653631088015,+,0.0014820429855871256,0.33674817837570464
15,353.7601806751288,,,mixed C-C-O bending / C-O-C bending,delta(O3-C4-H15),angle,0.010080216676993475,-,-0.0015288674499949627,0.2603528545664745
15,353.7601806751288,,,mixed C-C-O bending / C-O-C bending,nu(C8-H17),bond,0.006541243655015847,+,0.0010632420379756494,0.3493238140731456
15,353.7601806751288,,,mixed C-C-O bending / C-O-C bending,nu(C4-H14),bond,0.006087531451424455,-,-0.0010794592451152634,0.31539940001272926
15,353.7601806751288,,,mixed C-C-O bending / C-O-C bending,nu(C4-H15),bond,0.006062869438687245,-,-0.0010773414389027517,0.31535783940404283
15,353.7601806751288,,,mixed C-C-O bending / C-O-C bending,nu(C8-H18),bond,0.0015570949779442269,+,0.0005255277048832708,0.3403737166334327
15,353.7601806751288,,,mixed C-C-O bending / C-O-C bending,nu(C8-H16),bond,0.0015469812540564326,+,0.0005238181058276722,0.34037384822323485
15,353.7601806751288,,,mixed C-C-O bending / C-O-C bending,nu(C2-H13),bond,4.580894842528006e-05,-,-9.385972014306574e-05,0.3139235939299812
15,353.7601806751288,,,mixed C-C-O bending / C-O-C bending,nu(C2-H12),bond,4.4707239011503884e-05,-,-9.272307039920796e-05,0.31393113244196713
15,353.7601806751288,,,mixed C-C-O bending / C-O-C bending,nu(C1-H10),bond,1.3957522362302077e-05,+,4.984405718314098e-05,0.33916709092478864
15,353.7601806751288,,,mixed C-C-O bending / C-O-C bending,nu(C1-H9),bond,1.3009406803642935e-05,+,4.8122237877071676e-05,0.3391548315937667
15,353.7601806751288,,,mixed C-C-O bending / C-O-C bending,"gamma(O7;C5,C4,O6)",oop,7.654663940397793e-06,-,-6.381433552849359e-05,0.11348063861203601
15,353.7601806751288,,,mixed C-C-O bending / C-O-C bending,tau(H11-C1-C2-O3),dihedral,4.0211718466519395e-06,-,-3.7816248114700265e-05,0.16975708186529387
15,353.7601806751288,,,mixed C-C-O bending / C-O-C bending,tau(C4-C5-O7-C8),dihedral,3.632772610857071e-06,-,-7.393598333521519e-05,0.04011979019759074
15,353.7601806751288,,,mixed C-C-O bending / C-O-C bending,tau(C2-O3-C4-C5),dihedral,6.739057006413763e-07,+,5.7027833583870686e-05,0.012510006294532647
15,353.7601806751288,,,mixed C-C-O bending / C-O-C bending,tau(C5-O7-C8-H17),dihedral,2.2757149080913436e-07,+,4.2891833432452405e-05,0.007467939282554211
15,353.7601806751288,,,mixed C-C-O bending / C-O-C bending,tau(C1-C2-O3-C4),dihedral,2.186059564519908e-08,-,-8.563262255808926e-06,0.01799764357765178
15,353.7601806751288,,,mixed C-C-O bending / C-O-C bending,tau(O3-C4-C5-O7),dihedral,8.37749308970479e-09,-,-8.89389872546935e-06,0.006393841466423005
16,507.266230155342,,,mixed C-C-O bending / C-H bending,delta(C1-C2-O3),angle,35.72479360640684,-,-0.10661746380612527,0.5552058430791434
16,507.266230155342,,,mixed C-C-O bending / C-H bending,delta(C4-C5-O7),angle,13.181738404079146,+,0.0732130367808383,0.434447038136364
16,507.266230155342,,,mixed C-C-O bending / C-H bending,delta(O3-C4-C5),angle,11.792554223053383,+,0.05260137677015544,0.7529300899535849
16,507.266230155342,,,mixed C-C-O bending / C-H bending,delta(C2-O3-C4),angle,6.487081804821014,-,-0.06749257672399338,0.25158129671049695
16,507.266230155342,,,mixed C-C-O bending / C-H bending,delta(C2-C1-H11),angle,4.918451582250959,+,0.06366238978162031,0.2143895044253752
16,507.266230155342,,,mixed C-C-O bending / C-H bending,tau(H9-C1-C2-H13),dihedral,4.516586805495995,+,0.05961413702541911,0.22451886234893484
16,507.266230155342,,,mixed C-C-O bending / C-H bending,tau(H10-C1-C2-H12),dihedral,3.467323563058803,-,-0.05965503932856649,0.17212386627012624
16,507.266230155342,,,mixed C-C-O bending / C-H bending,"gamma(H14;C4,O3,H15)",oop,3.085142669094834,+,0.042793230059644576,0.29762273937367884
16,507.266230155342,,,mixed C-C-O bending / C-H bending,delta(C1-C2-H12),angle,2.86428988313559,+,0.03948132245380018,0.3246194824718769
16,507.266230155342,,,mixed C-C-O bending / C-H bending,delta(C1-C2-H13),angle,2.1319817491327715,+,0.039481434875089365,0.24162319421134754
16,507.266230155342,,,mixed C-C-O bending / C-H bending,nu(O7-C8),bond,1.7806620370804946,+,0.03178674576486956,0.31133672847542987
16,507.266230155342,,,mixed C-C-O bending / C-H bending,delta(C2-C1-H10),angle,1.558559716539614,-,-0.03538631583897503,0.21988405758883822
16,507.266230155342,,,mixed C-C-O bending / C-H bending,delta(C2-C1-H9),angle,1.5572155687416631,-,-0.03536875008157025,0.21991269811803782
16,507.266230155342,,,mixed C-C-O bending / C-H bending,"gamma(O3;C4,C5,H14)",oop,1.457100149378145,+,0.027917758956373682,0.33027012495710484
16,507.266230155342,,,mixed C-C-O bending / C-H bending,nu(C1-C2),bond,1.4302534193849574,-,-0.029389579822579108,0.2925278606344219
16,507.266230155342,,,mixed C-C-O bending / C-H bending,nu(C5-O7),bond,1.1419428873191382,+,0.02310456069346915,0.3779113605571353
16,507.266230155342,,,mixed C-C-O bending / C-H bending,delta(O3-C4-H15),angle,0.7770940889638677,-,-0.022962867935406403,0.2603528545664745
16,507.266230155342,,,mixed C-C-O bending / C-H bending,delta(C5-O7-C8),angle,0.5692083381330775,+,0.01876998864555307,0.28541988573192933
16,507.266230155342,,,mixed C-C-O bending / C-H bending,delta(O3-C2-H12),angle,0.4570686992227419,+,0.011032498358733758,0.6633988778702453
16,507.266230155342,,,mixed C-C-O bending / C-H bending,nu(O3-C4),bond,0.3714083199244327,+,0.013512111031682898,0.35937363468603883
16,507.266230155342,,,mixed C-C-O bending / C-H bending,nu(C4-C5),bond,0.2089898379151817,+,0.011639211690749067,0.2725329576700298
16,507.266230155342,,,mixed C-C-O bending / C-H bending,delta(O6-C5-O7),angle,0.12870881556661984,-,-0.006462349940893549,0.5444629662347688
16,507.266230155342,,,mixed C-C-O bending / C-H bending,delta(O7-C8-H17),angle,0.12730744648775585,-,-0.007524654855970667,0.397211334830457
16,507.266230155342,,,mixed C-C-O bending / C-H bending,nu(C2-O3),bond,0.11712238609323278,+,0.007993659110553358,0.3238095538884528
16,507.266230155342,,,mixed C-C-O bending / C-H bending,nu(C5-O6),bond,0.08237627048524929,-,-0.0040955890543832195,0.8675816801842264
16,507.266230155342,,,mixed C-C-O bending / C-H bending,delta(H16-C8-H18),angle,0.03695413025366198,+,0.004401566061743239,0.3369686754784595
16,507.266230155342,,,mixed C-C-O bending / C-H bending,nu(C1-H11),bond,0.017027499117078553,-,-0.002988775557726392,0.33674817837570464
16,507.266230155342,,,mixed C-C-O bending / C-H bending,delta(H16-C8-H17),angle,0.0017868879191052412,+,0.0009810301720828657,0.3279997993453108
16,507.266230155342,,,mixed C-C-O bending / C-H bending,delta(H17-C8-H18),angle,0.0017744321332205917,+,0.00098242972862092,0.32478607152998284
16,507.266230155342,,,mixed C-C-O bending / C-H bending,nu(C4-H14),bond,0.0014295436686937995,-,-0.000894826380323072,0.31539940001272926
16,507.266230155342,,,mixed C-C-O bending / C-H bending,nu(C4-H15),bond,0.0013845285409214614,-,-0.0008806830501593971,0.31535783940404283
16,507.266230155342,,,mixed C-C-O bending / C-H bending,delta(C5-C4-H14),angle,0.0012767228196775074,-,-0.0007701274238894986,0.38028783930708365
16,507.266230155342,,,mixed C-C-O bending / C-H bending,nu(C2-H12),bond,0.0007998178497986863,-,-0.000670886186684054,0.31393113244196713
16,507.266230155342,,,mixed C-C-O bending / C-H bending,nu(C2-H13),bond,0.0007947874551091725,-,-0.0006687811444921641,0.3139235939299812
16,507.266230155342,,,mixed C-C-O bending / C-H bending,nu(C8-H16),bond,0.0004922046798351433,-,-0.0005054349555660046,0.34037384822323485
16,507.266230155342,,,mixed C-C-O bending / C-H bending,nu(C8-H18),bond,0.0004919603440660618,-,-0.0005053095859594415,0.3403737166334327
16,507.266230155342,,,mixed C-C-O bending / C-H bending,delta(O7-C8-H16),angle,0.00035413813192009566,+,0.0004037094786170439,0.38386259421329905
16,507.266230155342,,,mixed C-C-O bending / C-H bending,tau(H9-C1-C2-H12),dihedral,0.00027121218703831594,-,-0.000351083010521974,0.38871434480918426
16,507.266230155342,,,mixed C-C-O bending / C-H bending,nu(C8-H17),bond,0.00016790328777512112,+,0.00029139762025405573,0.3493238140731456
16,507.266230155342,,,mixed C-C-O bending / C-H bending,"gamma(O7;C5,C4,O6)",oop,1.8325704250801435e-05,+,0.00016890400532343778,0.11348063861203601
16,507.266230155342,,,mixed C-C-O bending / C-H bending,nu(C1-H10),bond,6.254425152064536e-06,-,-5.707650131660673e-05,0.33916709092478864
16,507.266230155342,,,mixed C-C-O bending / C-H bending,nu(C1-H9),bond,5.719312503583355e-06,-,-5.458124108494205e-05,0.3391548315937667
16,507.266230155342,,,mixed C-C-O bending / C-H bending,tau(H11-C1-C2-O3),dihedral,6.245326643370921e-07,-,-2.54937736525694e-05,0.16975708186529387
16,507.266230155342,,,mixed C-C-O bending / C-H bending,tau(C5-O7-C8-H17),dihedral,4.23206534916071e-07,-,-0.00010005672660945868,0.007467939282554211
16,507.266230155342,,,mixed C-C-O bending / C-H bending,tau(C2-O3-C4-C5),dihedral,2.6334030600454955e-07,+,6.098182271570141e-05,0.012510006294532647
16,507.266230155342,,,mixed C-C-O bending / C-H bending,tau(O3-C4-C5-O7),dihedral,2.5236849355717236e-07,+,8.350397182269216e-05,0.006393841466423005
16,507.266230155342,,,mixed C-C-O bending / C-H bending,tau(C4-C5-O7-C8),dihedral,9.195767311070017e-08,-,-2.0122649252301733e-05,0.04011979019759074
16,507.266230155342,,,mixed C-C-O bending / C-H bending,tau(C1-C2-O3-C4),dihedral,4.999019329438599e-09,+,7.004950678770787e-06,0.01799764357765178
17,596.6169459218969,,,mixed C-O out-of-plane bending / C-H bending,"gamma(O7;C5,C4,O6)",oop,58.35135372938124,+,0.31348567338692895,0.11348063861203601
17,596.6169459218969,,,mixed C-O out-of-plane bending / C-H bending,delta(C5-C4-H14),angle,24.80531327302963,+,0.11165270641342008,0.38028783930708365
17,596.6169459218969,,,mixed C-O out-of-plane bending / C-H bending,"gamma(O3;C4,C5,H14)",oop,11.749807225169729,+,0.08245819820551317,0.33027012495710484
17,596.6169459218969,,,mixed C-O out-of-plane bending / C-H bending,tau(H9-C1-C2-H12),dihedral,0.8260309692548344,-,-0.02015282792225177,0.38871434480918426
17,596.6169459218969,,,mixed C-O out-of-plane bending / C-H bending,tau(C5-O7-C8-H17),dihedral,0.8052844487630343,-,-0.14355799445952197,0.007467939282554211
17,596.6169459218969,,,mixed C-O out-of-plane bending / C-H bending,delta(O3-C4-H15),angle,0.7303341509405641,-,-0.023154358230139872,0.2603528545664745
17,596.6169459218969,,,mixed C-O out-of-plane bending / C-H bending,tau(O3-C4-C5-O7),dihedral,0.6569176813196067,+,0.1401288827000137,0.006393841466423005
17,596.6169459218969,,,mixed C-O out-of-plane bending / C-H bending,tau(H9-C1-C2-H13),dihedral,0.47884660393070877,-,-0.0201894693752842,0.22451886234893484
17,596.6169459218969,,,mixed C-O out-of-plane bending / C-H bending,tau(H10-C1-C2-H12),dihedral,0.36359211461428853,-,-0.020092769267152307,0.17212386627012624
17,596.6169459218969,,,mixed C-O out-of-plane bending / C-H bending,tau(C2-O3-C4-C5),dihedral,0.33847099816575144,+,0.07190930353228359,0.012510006294532647
17,596.6169459218969,,,mixed C-O out-of-plane bending / C-H bending,"gamma(H14;C4,O3,H15)",oop,0.2531452870373077,-,-0.012749847310674144,0.29762273937367884
17,596.6169459218969,,,mixed C-O out-of-plane bending / C-H bending,delta(O7-C8-H16),angle,0.15683433378853082,-,-0.008836612079393876,0.38386259421329905
17,596.6169459218969,,,mixed C-O out-of-plane bending / C-H bending,tau(H11-C1-C2-O3),dihedral,0.10744238140487875,-,-0.010998335861369453,0.16975708186529387
17,596.6169459218969,,,mixed C-O out-of-plane bending / C-H bending,delta(O3-C2-H12),angle,0.10078142561983255,-,-0.005388352486253798,0.6633988778702453
17,596.6169459218969,,,mixed C-O out-of-plane bending / C-H bending,tau(C1-C2-O3-C4),dihedral,0.08234227161286796,-,-0.029570366958870824,0.01799764357765178
17,596.6169459218969,,,mixed C-O out-of-plane bending / C-H bending,tau(C4-C5-O7-C8),dihedral,0.050451610449924515,-,-0.01550284146071219,0.04011979019759074
17,596.6169459218969,,,mixed C-O out-of-plane bending / C-H bending,nu(C4-H14),bond,0.03944115194367572,-,-0.004888746065689913,0.31539940001272926
17,596.6169459218969,,,mixed C-O out-of-plane bending / C-H bending,nu(C4-H15),bond,0.0392051167106667,+,0.0048744169497466835,0.31535783940404283
17,596.6169459218969,,,mixed C-O out-of-plane bending / C-H bending,delta(C1-C2-H12),angle,0.017224012151296975,-,-0.0031844393847770356,0.3246194824718769
17,596.6169459218969,,,mixed C-O out-of-plane bending / C-H bending,delta(H16-C8-H17),angle,0.015403202335252547,-,-0.0029958622227648207,0.3279997993453108
17,596.6169459218969,,,mixed C-O out-of-plane bending / C-H bending,delta(H17-C8-H18),angle,0.015120473960367156,+,0.002982889186124945,0.32478607152998284
17,596.6169459218969,,,mixed C-O out-of-plane bending / C-H bending,delta(C1-C2-H13),angle,0.01223340483020145,+,0.0031106953407616556,0.24162319421134754
17,596.6169459218969,,,mixed C-O out-of-plane bending / C-H bending,delta(C2-C1-H10),angle,0.002258624478981128,+,0.0014011294438384147,0.21988405758883822
17,596.6169459218969,,,mixed C-O out-of-plane bending / C-H bending,delta(C2-C1-H9),angle,0.002031661418154005,-,-0.0013287816703070028,0.21991269811803782
17,596.6169459218969,,,mixed C-O out-of-plane bending / C-H bending,delta(C4-C5-O7),angle,4.184838121288397e-05,-,-0.00013568255926650863,0.434447038136364
17,596.6169459218969,,,mixed C-O out-of-plane bending / C-H bending,delta(C2-O3-C4),angle,3.232407502258259e-05,+,0.00015670288526320282,0.25158129671049695
17,596.6169459218969,,,mixed C-O out-of-plane bending / C-H bending,delta(C1-C2-O3),angle,2.1281964342866793e-05,+,8.55917600648865e-05,0.5552058430791434
17,596.6169459218969,,,mixed C-O out-of-plane bending / C-H bending,nu(C4-C5),bond,6.035763262174954e-06,-,-6.505934692242998e-05,0.2725329576700298
17,596.6169459218969,,,mixed C-O out-of-plane bending / C-H bending,nu(C1-C2),bond,5.597772752669818e-06,+,6.047517446359802e-05,0.2925278606344219
17,596.6169459218969,,,mixed C-O out-of-plane bending / C-H bending,delta(C2-C1-H11),angle,4.617803067272405e-06,-,-6.41606949397314e-05,0.2143895044253752
17,596.6169459218969,,,mixed C-O out-of-plane bending / C-H bending,nu(O7-C8),bond,3.6868803267193463e-06,-,-4.757375779864257e-05,0.31133672847542987
17,596.6169459218969,,,mixed C-O out-of-plane bending / C-H bending,delta(C5-O7-C8),angle,3.6534785038331775e-06,-,-4.9461157972109724e-05,0.28541988573192933
17,596.6169459218969,,,mixed C-O out-of-plane bending / C-H bending,nu(O3-C4),bond,3.2381144770771053e-06,-,-4.1497898929749166e-05,0.35937363468603883
17,596.6169459218969,,,mixed C-O out-of-plane bending / C-H bending,nu(C5-O7),bond,1.8770732384414658e-06,+,3.0810500316936445e-05,0.3779113605571353
17,596.6169459218969,,,mixed C-O out-of-plane bending / C-H bending,nu(C1-H10),bond,1.6788958100218591e-06,-,-3.07580029967238e-05,0.33916709092478864
17,596.6169459218969,,,mixed C-O out-of-plane bending / C-H bending,nu(C1-H9),bond,1.6764490025766925e-06,+,3.073613709805033e-05,0.3391548315937667
17,596.6169459218969,,,mixed C-O out-of-plane bending / C-H bending,delta(O7-C8-H17),angle,1.4503925820714564e-06,+,2.6417096579014488e-05,0.397211334830457
17,596.6169459218969,,,mixed C-O out-of-plane bending / C-H bending,nu(C5-O6),bond,1.1987578011694155e-06,+,1.6250384911911204e-05,0.8675816801842264
17,596.6169459218969,,,mixed C-O out-of-plane bending / C-H bending,nu(C8-H18),bond,1.112139033669508e-06,+,2.498933211489561e-05,0.3403737166334327
17,596.6169459218969,,,mixed C-O out-of-plane bending / C-H bending,delta(O3-C4-C5),angle,1.014180232250896e-06,+,1.604476495580679e-05,0.7529300899535849
17,596.6169459218969,,,mixed C-O out-of-plane bending / C-H bending,nu(C8-H16),bond,8.372812830355467e-07,-,-2.168256787465962e-05,0.34037384822323485
17,596.6169459218969,,,mixed C-O out-of-plane bending / C-H bending,delta(O6-C5-O7),angle,4.573735714501279e-07,-,-1.2670812841780965e-05,0.5444629662347688
17,596.6169459218969,,,mixed C-O out-of-plane bending / C-H bending,delta(H16-C8-H18),angle,1.6420889793655264e-07,-,-9.65065284264863e-06,0.3369686754784595
17,596.6169459218969,,,mixed C-O out-of-plane bending / C-H bending,nu(C2-H13),bond,3.49867945206738e-08,+,4.615228563914994e-06,0.3139235939299812
17,596.6169459218969,,,mixed C-O out-of-plane bending / C-H bending,nu(C2-O3),bond,2.6745434853856716e-08,+,3.973133135806696e-06,0.3238095538884528
17,596.6169459218969,,,mixed C-O out-of-plane bending / C-H bending,nu(C1-H11),bond,1.9827824657076482e-08,+,3.3545789911616407e-06,0.33674817837570464
17,596.6169459218969,,,mixed C-O out-of-plane bending / C-H bending,nu(C2-H12),bond,1.4595854625610515e-08,+,2.980922511236793e-06,0.31393113244196713
17,596.6169459218969,,,mixed C-O out-of-plane bending / C-H bending,nu(C8-H17),bond,5.483550666106237e-10,-,-5.477343140166943e-07,0.3493238140731456
18,709.6494930542486,,,mixed O-C-O bending / O-C-C bending,delta(O6-C5-O7),angle,32.36445973391943,+,0.12080523755057812,0.5444629662347688
18,709.6494930542486,,,mixed O-C-O bending / O-C-C bending,delta(O3-C4-C5),angle,18.920471567154376,+,0.07854606030975717,0.7529300899535849
18,709.6494930542486,,,mixed O-C-O bending / O-C-C bending,delta(C5-O7-C8),angle,10.93496507178647,-,-0.0969845022879349,0.28541988573192933
18,709.6494930542486,,,mixed O-C-O bending / O-C-C bending,nu(C4-C5),bond,9.250592868291244,-,-0.09128743917819303,0.2725329576700298
18,709.6494930542486,,,mixed O-C-O bending / O-C-C bending,nu(C5-O7),bond,6.830569011232608,+,0.06661456913593053,0.3779113605571353
18,709.6494930542486,,,mixed O-C-O bending / O-C-C bending,"gamma(O3;C4,C5,H14)",oop,4.199414716114695,+,0.0558721640439813,0.33027012495710484
18,709.6494930542486,,,mixed O-C-O bending / O-C-C bending,delta(O7-C8-H17),angle,3.8469749458977467,+,0.048762348915455465,0.397211334830457
18,709.6494930542486,,,mixed O-C-O bending / O-C-C bending,delta(C2-O3-C4),angle,3.2108420060640035,+,0.055976539632681635,0.25158129671049695
18,709.6494930542486,,,mixed O-C-O bending / O-C-C bending,nu(C2-O3),bond,2.5094076427085397,+,0.04361908331089158,0.3238095538884528
18,709.6494930542486,,,mixed O-C-O bending / O-C-C bending,delta(C5-C4-H14),angle,1.8667610637154508,-,-0.03471553825633496,0.38028783930708365
18,709.6494930542486,,,mixed O-C-O bending / O-C-C bending,delta(C4-C5-O7),angle,1.7444213514217308,-,-0.0313973527099424,0.434447038136364
18,709.6494930542486,,,mixed O-C-O bending / O-C-C bending,nu(C1-C2),bond,1.3522733143318866,+,0.03368870963274445,0.2925278606344219
18,709.6494930542486,,,mixed O-C-O bending / O-C-C bending,delta(C1-C2-O3),angle,0.6357574556219406,-,-0.01676696555724572,0.5552058430791434
18,709.6494930542486,,,mixed O-C-O bending / O-C-C bending,nu(O3-C4),bond,0.6310826696531864,+,0.020763749283879446,0.35937363468603883
18,709.6494930542486,,,mixed O-C-O bending / O-C-C bending,delta(O7-C8-H16),angle,0.5202249761760396,-,-0.018240782199348556,0.38386259421329905
18,709.6494930542486,,,mixed O-C-O bending / O-C-C bending,nu(O7-C8),bond,0.2285265295252082,-,-0.013424214677227849,0.31133672847542987
18,709.6494930542486,,,mixed O-C-O bending / O-C-C bending,"gamma(H14;C4,O3,H15)",oop,0.2160495235541764,+,0.013349941324243896,0.29762273937367884
18,709.6494930542486,,,mixed O-C-O bending / O-C-C bending,delta(C2-C1-H11),angle,0.21038543037940788,+,0.015521790788151376,0.2143895044253752
18,709.6494930542486,,,mixed O-C-O bending / O-C-C bending,delta(H16-C8-H18),angle,0.14057280679714867,-,-0.010120259485980956,0.3369686754784595
18,709.6494930542486,,,mixed O-C-O bending / O-C-C bending,tau(H9-C1-C2-H13),dihedral,0.13373444846960222,+,0.01209291455518914,0.22451886234893484
18,709.6494930542486,,,mixed O-C-O bending / O-C-C bending,tau(H10-C1-C2-H12),dihedral,0.10068117522130553,-,-0.011983656366908247,0.17212386627012624
18,709.6494930542486,,,mixed O-C-O bending / O-C-C bending,delta(C2-C1-H10),angle,0.038964705947245944,-,-0.006595907940986857,0.21988405758883822
18,709.6494930542486,,,mixed O-C-O bending / O-C-C bending,delta(C2-C1-H9),angle,0.038175114833758975,-,-0.006528310134401203,0.21991269811803782
18,709.6494930542486,,,mixed O-C-O bending / O-C-C bending,delta(O3-C2-H12),angle,0.02784366584346347,+,0.003210048510371552,0.6633988778702453
18,709.6494930542486,,,mixed O-C-O bending / O-C-C bending,delta(O3-C4-H15),angle,0.00861287714287807,-,-0.0028498940168954117,0.2603528545664745
18,709.6494930542486,,,mixed O-C-O bending / O-C-C bending,nu(C2-H12),bond,0.008302072603041374,-,-0.0025480727622426962,0.31393113244196713
18,709.6494930542486,,,mixed O-C-O bending / O-C-C bending,nu(C2-H13),bond,0.008272517063740773,-,-0.002543563663961714,0.3139235939299812
18,709.6494930542486,,,mixed O-C-O bending / O-C-C bending,delta(C1-C2-H12),angle,0.005470544397089767,+,0.0020340599007223526,0.3246194824718769
18,709.6494930542486,,,mixed O-C-O bending / O-C-C bending,nu(C5-O6),bond,0.0045344733380729444,-,-0.0011327758854163498,0.8675816801842264
18,709.6494930542486,,,mixed O-C-O bending / O-C-C bending,delta(C1-C2-H13),angle,0.0037075514175759212,+,0.0019409307293842741,0.24162319421134754
18,709.6494930542486,,,mixed O-C-O bending / O-C-C bending,tau(H9-C1-C2-H12),dihedral,0.001987004534866635,+,0.0011202627631467907,0.38871434480918426
18,709.6494930542486,,,mixed O-C-O bending / O-C-C bending,nu(C4-H15),bond,0.0017407132787006622,-,-0.0011641194908062324,0.31535783940404283
18,709.6494930542486,,,mixed O-C-O bending / O-C-C bending,nu(C4-H14),bond,0.0017059645059395222,-,-0.0011523656901932847,0.31539940001272926
18,709.6494930542486,,,mixed O-C-O bending / O-C-C bending,nu(C8-H17),bond,0.001009230787181159,-,-0.0008422032322448932,0.3493238140731456
18,709.6494930542486,,,mixed O-C-O bending / O-C-C bending,nu(C8-H18),bond,0.00035464801052228497,+,0.0005057740124908431,0.3403737166334327
18,709.6494930542486,,,mixed O-C-O bending / O-C-C bending,nu(C8-H16),bond,0.0003524323393519582,+,0.0005041915225698555,0.34037384822323485
18,709.6494930542486,,,mixed O-C-O bending / O-C-C bending,delta(H17-C8-H18),angle,0.00028988807755195523,-,-0.0004681146514406038,0.32478607152998284
18,709.6494930542486,,,mixed O-C-O bending / O-C-C bending,delta(H16-C8-H17),angle,0.000278411273383334,-,-0.00045650167417126146,0.3279997993453108
18,709.6494930542486,,,mixed O-C-O bending / O-C-C bending,nu(C1-H11),bond,0.00014998065513566953,+,0.00033067453453074203,0.33674817837570464
18,709.6494930542486,,,mixed O-C-O bending / O-C-C bending,"gamma(O7;C5,C4,O6)",oop,6.928224180250021e-05,-,-0.00038715585870385274,0.11348063861203601
18,709.6494930542486,,,mixed O-C-O bending / O-C-C bending,nu(C1-H10),bond,4.24359233363716e-06,+,5.5423727425614144e-05,0.33916709092478864
18,709.6494930542486,,,mixed O-C-O bending / O-C-C bending,nu(C1-H9),bond,4.1941269334293775e-06,+,5.510075327991512e-05,0.3391548315937667
18,709.6494930542486,,,mixed O-C-O bending / O-C-C bending,tau(O3-C4-C5-O7),dihedral,7.498182751293689e-07,-,-0.00016968085111882913,0.006393841466423005
18,709.6494930542486,,,mixed O-C-O bending / O-C-C bending,tau(C5-O7-C8-H17),dihedral,5.095259632405855e-07,+,0.0001294251048453007,0.007467939282554211
18,709.6494930542486,,,mixed O-C-O bending / O-C-C bending,tau(C4-C5-O7-C8),dihedral,3.019393563240086e-07,+,4.298493665693556e-05,0.04011979019759074
18,709.6494930542486,,,mixed O-C-O bending / O-C-C bending,tau(C2-O3-C4-C5),dihedral,2.8179350430539777e-07,-,-7.436566743445027e-05,0.012510006294532647
18,709.6494930542486,,,mixed O-C-O bending / O-C-C bending,tau(C1-C2-O3-C4),dihedral,2.638886273076338e-07,+,5.999820656272257e-05,0.01799764357765178
18,709.6494930542486,,,mixed O-C-O bending / O-C-C bending,tau(H11-C1-C2-O3),dihedral,6.898750245988393e-08,-,-9.988655064688514e-06,0.16975708186529387
19,829.9723656619375,,,mixed C-C torsion / C-H bending,tau(H9-C1-C2-H12),dihedral,22.766823201838005,-,-0.23204682545608601,0.38871434480918426
19,829.9723656619375,,,mixed C-C torsion / C-H bending,delta(C1-C2-H12),angle,15.31340168236406,-,-0.20825155096895995,0.3246194824718769
19,829.9723656619375,,,mixed C-C torsion / C-H bending,tau(H9-C1-C2-H13),dihedral,13.151368452089944,-,-0.2320591803318301,0.22451886234893484
19,829.9723656619375,,,mixed C-C torsion / C-H bending,delta(C1-C2-H13),angle,11.390962084937161,+,0.20818555388032187,0.24162319421134754
19,829.9723656619375,,,mixed C-C torsion / C-H bending,delta(C2-C1-H10),angle,10.809343617354847,+,0.212589831599588,0.21988405758883822
19,829.9723656619375,,,mixed C-C torsion / C-H bending,delta(C2-C1-H9),angle,10.801227831497034,-,-0.21249617043887453,0.21991269811803782
19,829.9723656619375,,,mixed C-C torsion / C-H bending,tau(H10-C1-C2-H12),dihedral,10.07507764637113,-,-0.23197615852837794,0.17212386627012624
19,829.9723656619375,,,mixed C-C torsion / C-H bending,tau(H11-C1-C2-O3),dihedral,4.00537665861782,+,0.147281238847848,0.16975708186529387
19,829.9723656619375,,,mixed C-C torsion / C-H bending,delta(O3-C2-H12),angle,1.4636997739654032,-,-0.04503792095553644,0.6633988778702453
19,829.9723656619375,,,mixed C-C torsion / C-H bending,"gamma(O3;C4,C5,H14)",oop,0.06970440233382338,+,0.01392948808780822,0.33027012495710484
19,829.9723656619375,,,mixed C-C torsion / C-H bending,"gamma(O7;C5,C4,O6)",oop,0.04161895147906096,-,-0.018362185885124036,0.11348063861203601
19,829.9723656619375,,,mixed C-C torsion / C-H bending,delta(O3-C4-H15),angle,0.03664916724553982,-,-0.011376026141122923,0.2603528545664745
19,829.9723656619375,,,mixed C-C torsion / C-H bending,tau(C2-O3-C4-C5),dihedral,0.021766342450892914,-,-0.03999481225967362,0.012510006294532647
19,829.9723656619375,,,mixed C-C torsion / C-H bending,"gamma(H14;C4,O3,H15)",oop,0.012305244558932331,-,-0.006165265271883613,0.29762273937367884
19,829.9723656619375,,,mixed C-C torsion / C-H bending,delta(C5-C4-H14),angle,0.008251887388451744,+,0.004466425816427091,0.38028783930708365
19,829.9723656619375,,,mixed C-C torsion / C-H bending,nu(C2-H12),bond,0.007571441688266342,+,0.004708816812982223,0.31393113244196713
19,829.9723656619375,,,mixed C-C torsion / C-H bending,nu(C1-H9),bond,0.007544742901822132,+,0.00452233693485673,0.3391548315937667
19,829.9723656619375,,,mixed C-C torsion / C-H bending,nu(C1-H10),bond,0.007515501385532771,-,-0.0045134831364390775,0.33916709092478864
19,829.9723656619375,,,mixed C-C torsion / C-H bending,nu(C2-H13),bond,0.007495938754458553,-,-0.0046853359214139864,0.3139235939299812
19,829.9723656619375,,,mixed C-C torsion / C-H bending,tau(C4-C5-O7-C8),dihedral,0.0010636171373821447,+,0.004936885265943725,0.04011979019759074
19,829.9723656619375,,,mixed C-C torsion / C-H bending,tau(O3-C4-C5-O7),dihedral,0.0007681652186713964,-,-0.010509597543539164,0.006393841466423005
19,829.9723656619375,,,mixed C-C torsion / C-H bending,tau(C5-O7-C8-H17),dihedral,0.000324525963100146,+,0.006320683328426912,0.007467939282554211
19,829.9723656619375,,,mixed C-C torsion / C-H bending,tau(C1-C2-O3-C4),dihedral,5.5589535019390796e-05,+,0.0016851105400339124,0.01799764357765178
19,829.9723656619375,,,mixed C-C torsion / C-H bending,delta(H16-C8-H17),angle,1.905090595232166e-05,+,0.0002310791308060054,0.3279997993453108
19,829.9723656619375,,,mixed C-C torsion / C-H bending,delta(H17-C8-H18),angle,1.8079795718097408e-05,-,-0.0002262235218581755,0.32478607152998284
19,829.9723656619375,,,mixed C-C torsion / C-H bending,nu(C4-H15),bond,1.7607162308989666e-05,-,-0.00022655965042000766,0.31535783940404283
19,829.9723656619375,,,mixed C-C torsion / C-H bending,nu(C4-H14),bond,1.7348809235109543e-05,+,0.00022487651497207434,0.31539940001272926
19,829.9723656619375,,,mixed C-C torsion / C-H bending,delta(O7-C8-H16),angle,2.929689176730366e-06,+,8.376499638414788e-05,0.38386259421329905
19,829.9723656619375,,,mixed C-C torsion / C-H bending,nu(C2-O3),bond,1.7120225706266689e-06,-,-6.97187531505379e-05,0.3238095538884528
19,829.9723656619375,,,mixed C-C torsion / C-H bending,nu(C5-O7),bond,1.3496754766306136e-06,+,5.730063072621412e-05,0.3779113605571353
19,829.9723656619375,,,mixed C-C torsion / C-H bending,delta(O6-C5-O7),angle,1.2626100043134563e-06,+,4.6173217473870794e-05,0.5444629662347688
19,829.9723656619375,,,mixed C-C torsion / C-H bending,delta(C2-C1-H11),angle,7.664979394249118e-07,-,-5.733151700058471e-05,0.2143895044253752
19,829.9723656619375,,,mixed C-C torsion / C-H bending,delta(C5-O7-C8),angle,7.192564461810394e-07,-,-4.8132615897806184e-05,0.28541988573192933
19,829.9723656619375,,,mixed C-C torsion / C-H bending,delta(O3-C4-C5),angle,4.5092852309965186e-07,+,2.3464765834595627e-05,0.7529300899535849
19,829.9723656619375,,,mixed C-C torsion / C-H bending,delta(O7-C8-H17),angle,4.0263566168772224e-07,+,3.052706140353639e-05,0.397211334830457
19,829.9723656619375,,,mixed C-C torsion / C-H bending,nu(C4-C5),bond,3.164612835036928e-07,+,3.267311005577784e-05,0.2725329576700298
19,829.9723656619375,,,mixed C-C torsion / C-H bending,delta(C4-C5-O7),angle,2.8363961503465487e-07,-,-2.4499358964964206e-05,0.434447038136364
19,829.9723656619375,,,mixed C-C torsion / C-H bending,delta(C2-O3-C4),angle,2.668341701093825e-07,+,3.122635148799327e-05,0.25158129671049695
19,829.9723656619375,,,mixed C-C torsion / C-H bending,nu(C8-H18),bond,2.203340379559285e-07,-,-2.4395093453437937e-05,0.3403737166334327
19,829.9723656619375,,,mixed C-C torsion / C-H bending,nu(O7-C8),bond,2.1535191741610245e-07,+,2.5217317731113368e-05,0.31133672847542987
19,829.9723656619375,,,mixed C-C torsion / C-H bending,nu(C8-H16),bond,2.08986080877724e-07,+,2.3758569388474756e-05,0.34037384822323485
19,829.9723656619375,,,mixed C-C torsion / C-H bending,nu(C1-C2),bond,1.9613455791007984e-07,-,-2.482750858358387e-05,0.2925278606344219
19,829.9723656619375,,,mixed C-C torsion / C-H bending,nu(C5-O6),bond,7.77170632777614e-08,+,9.0749178440777e-06,0.8675816801842264
19,829.9723656619375,,,mixed C-C torsion / C-H bending,nu(O3-C4),bond,5.5152124592437524e-08,-,-1.1878120187154227e-05,0.35937363468603883
19,829.9723656619375,,,mixed C-C torsion / C-H bending,delta(H16-C8-H18),angle,8.692547823108386e-09,-,-4.869882432317937e-06,0.3369686754784595
19,829.9723656619375,,,mixed C-C torsion / C-H bending,nu(C1-H11),bond,3.5182181968817993e-09,+,3.099191808477725e-06,0.33674817837570464
19,829.9723656619375,,,mixed C-C torsion / C-H bending,delta(C1-C2-O3),angle,6.06688355902286e-11,+,3.1695347203941227e-07,0.5552058430791434
19,829.9723656619375,,,mixed C-C torsion / C-H bending,nu(C8-H17),bond,5.2337645027478224e-11,-,-3.711356641876423e-07,0.3493238140731456
20,880.6412151191424,,,mixed mixed-phase C-O stretching / C-H bending,nu(C2-O3),bond,15.16991968654473,-,-0.13650638176369356,0.3238095538884528
20,880.6412151191424,,,mixed mixed-phase C-O stretching / C-H bending,nu(C5-O7),bond,14.209169512324497,+,0.12229128758851282,0.3779113605571353
20,880.6412151191424,,,mixed mixed-phase C-O stretching / C-H bending,delta(C2-C1-H11),angle,11.022691564967584,-,-0.14300400850651376,0.2143895044253752
20,880.6412151191424,,,mixed mixed-phase C-O stretching / C-H bending,nu(C4-C5),bond,8.046560995629397,+,0.1083681808284585,0.2725329576700298
20,880.6412151191424,,,mixed mixed-phase C-O stretching / C-H bending,nu(O7-C8),bond,6.973724898265562,+,0.0943894315540976,0.31133672847542987
20,880.6412151191424,,,mixed mixed-phase C-O stretching / C-H bending,nu(C1-C2),bond,6.710029310805976,-,-0.09551789322066517,0.2925278606344219
20,880.6412151191424,,,mixed mixed-phase C-O stretching / C-H bending,tau(H9-C1-C2-H13),dihedral,5.148526654018554,-,-0.09550392270115983,0.22451886234893484
20,880.6412151191424,,,mixed mixed-phase C-O stretching / C-H bending,delta(C5-O7-C8),angle,4.051838246396852,-,-0.0751432681539556,0.28541988573192933
20,880.6412151191424,,,mixed mixed-phase C-O stretching / C-H bending,tau(H10-C1-C2-H12),dihedral,3.9649571631578944,+,0.09572047548153628,0.17212386627012624
20,880.6412151191424,,,mixed mixed-phase C-O stretching / C-H bending,delta(C4-C5-O7),angle,3.4408803470459857,-,-0.05612708776457568,0.434447038136364
20,880.6412151191424,,,mixed mixed-phase C-O stretching / C-H bending,delta(O7-C8-H17),angle,2.652166002152248,+,0.051534216669907124,0.397211334830457
20,880.6412151191424,,,mixed mixed-phase C-O stretching / C-H bending,delta(O6-C5-O7),angle,2.631059129643928,+,0.04384168885695736,0.5444629662347688
20,880.6412151191424,,,mixed mixed-phase C-O stretching / C-H bending,delta(C2-C1-H9),angle,2.268108127002248,+,0.06404907583570989,0.21991269811803782
20,880.6412151191424,,,mixed mixed-phase C-O stretching / C-H bending,delta(C2-C1-H10),angle,2.255536718099674,+,0.06387548684265967,0.21988405758883822
20,880.6412151191424,,,mixed mixed-phase C-O stretching / C-H bending,nu(O3-C4),bond,2.2413181521038563,-,-0.04980635869698912,0.35937363468603883
20,880.6412151191424,,,mixed mixed-phase C-O stretching / C-H bending,delta(C1-C2-O3),angle,1.910556508360525,+,0.036996366529105054,0.5552058430791434
20,880.6412151191424,,,mixed mixed-phase C-O stretching / C-H bending,nu(C5-O6),bond,1.3255509765931774,+,0.02465183057907638,0.8675816801842264
20,880.6412151191424,,,mixed mixed-phase C-O stretching / C-H bending,delta(C1-C2-H12),angle,1.0984989918265564,-,-0.03668754781574761,0.3246194824718769
20,880.6412151191424,,,mixed mixed-phase C-O stretching / C-H bending,delta(O3-C2-H12),angle,1.046037021006689,+,0.02504334319373899,0.6633988778702453
20,880.6412151191424,,,mixed mixed-phase C-O stretching / C-H bending,tau(H9-C1-C2-H12),dihedral,0.9925290127877235,-,-0.031868561843573874,0.38871434480918426
20,880.6412151191424,,,mixed mixed-phase C-O stretching / C-H bending,delta(O7-C8-H16),angle,0.855870053164536,-,-0.0297798264287328,0.38386259421329905
20,880.6412151191424,,,mixed mixed-phase C-O stretching / C-H bending,delta(C1-C2-H13),angle,0.8258202574016751,-,-0.03687054856158913,0.24162319421134754
20,880.6412151191424,,,mixed mixed-phase C-O stretching / C-H bending,delta(C2-O3-C4),angle,0.6196325511742696,+,0.031299260768234805,0.25158129671049695
20,880.6412151191424,,,mixed mixed-phase C-O stretching / C-H bending,delta(O3-C4-C5),angle,0.13027714653809108,-,-0.008295889063768588,0.7529300899535849
20,880.6412151191424,,,mixed mixed-phase C-O stretching / C-H bending,delta(C5-C4-H14),angle,0.07549442725189731,+,0.008886021754809922,0.38028783930708365
20,880.6412151191424,,,mixed mixed-phase C-O stretching / C-H bending,"gamma(O3;C4,C5,H14)",oop,0.06497177847565075,-,-0.008845734006178054,0.33027012495710484
20,880.6412151191424,,,mixed mixed-phase C-O stretching / C-H bending,delta(H16-C8-H17),angle,0.04818445621277004,+,0.007644037973339832,0.3279997993453108
20,880.6412151191424,,,mixed mixed-phase C-O stretching / C-H bending,delta(H17-C8-H18),angle,0.047641740785677025,+,0.00763837993685291,0.32478607152998284
20,880.6412151191424,,,mixed mixed-phase C-O stretching / C-H bending,nu(C2-H12),bond,0.03775605402598311,+,0.006916434204658394,0.31393113244196713
20,880.6412151191424,,,mixed mixed-phase C-O stretching / C-H bending,nu(C2-H13),bond,0.03775467383016535,+,0.006916390829313231,0.3139235939299812
20,880.6412151191424,,,mixed mixed-phase C-O stretching / C-H bending,delta(H16-C8-H18),angle,0.03268187291176533,-,-0.00621104744569558,0.3369686754784595
20,880.6412151191424,,,mixed mixed-phase C-O stretching / C-H bending,"gamma(H14;C4,O3,H15)",oop,0.029248669974391076,+,0.006252103372455561,0.29762273937367884
20,880.6412151191424,,,mixed mixed-phase C-O stretching / C-H bending,delta(O3-C4-H15),angle,0.018063194969057037,-,-0.005253179692667499,0.2603528545664745
20,880.6412151191424,,,mixed mixed-phase C-O stretching / C-H bending,nu(C1-H11),bond,0.006394091057723371,+,0.0027481657617188407,0.33674817837570464
20,880.6412151191424,,,mixed mixed-phase C-O stretching / C-H bending,nu(C1-H9),bond,0.0022716985231450095,-,-0.0016322342530445564,0.3391548315937667
20,880.6412151191424,,,mixed mixed-phase C-O stretching / C-H bending,nu(C1-H10),bond,0.002249233394534464,-,-0.0016241141570839557,0.33916709092478864
20,880.6412151191424,,,mixed mixed-phase C-O stretching / C-H bending,nu(C4-H15),bond,0.001500587412462902,+,0.0013757356060558063,0.31535783940404283
20,880.6412151191424,,,mixed mixed-phase C-O stretching / C-H bending,nu(C4-H14),bond,0.001493424655550105,+,0.0013723578500746834,0.31539940001272926
20,880.6412151191424,,,mixed mixed-phase C-O stretching / C-H bending,nu(C8-H16),bond,0.0013731570332824166,-,-0.001266741953459375,0.34037384822323485
20,880.6412151191424,,,mixed mixed-phase C-O stretching / C-H bending,nu(C8-H18),bond,0.001369478645130189,-,-0.0012650443975397456,0.3403737166334327
20,880.6412151191424,,,mixed mixed-phase C-O stretching / C-H bending,nu(C8-H17),bond,0.00028641748151320026,-,-0.0005710732373413504,0.3493238140731456
20,880.6412151191424,,,mixed mixed-phase C-O stretching / C-H bending,"gamma(O7;C5,C4,O6)",oop,4.179291035257568e-06,+,0.0001210309844850093,0.11348063861203601
20,880.6412151191424,,,mixed mixed-phase C-O stretching / C-H bending,tau(H11-C1-C2-O3),dihedral,1.7450856166184428e-06,-,-6.394411231102005e-05,0.16975708186529387
20,880.6412151191424,,,mixed mixed-phase C-O stretching / C-H bending,tau(C2-O3-C4-C5),dihedral,4.814574584258152e-08,+,3.912517914975459e-05,0.012510006294532647
20,880.6412151191424,,,mixed mixed-phase C-O stretching / C-H bending,tau(C5-O7-C8-H17),dihedral,2.494509400389672e-08,-,-3.6450066676898484e-05,0.007467939282554211
20,880.6412151191424,,,mixed mixed-phase C-O stretching / C-H bending,tau(C4-C5-O7-C8),dihedral,8.704945552077286e-09,-,-9.289874493158926e-06,0.04011979019759074
20,880.6412151191424,,,mixed mixed-phase C-O stretching / C-H bending,tau(O3-C4-C5-O7),dihedral,6.6090959541488565e-09,+,2.027665166741572e-05,0.006393841466423005
20,880.6412151191424,,,mixed mixed-phase C-O stretching / C-H bending,tau(C1-C2-O3-C4),dihedral,3.565515258722019e-09,-,-8.876862034155424e-06,0.01799764357765178
21,931.2241278737441,,,mixed C-H bending / O-C-C bending,delta(O3-C4-C5),angle,19.76917555824595,-,-0.1246947888869409,0.7529300899535849
21,931.2241278737441,,,mixed C-H bending / O-C-C bending,delta(C2-C1-H11),angle,13.25144507162308,+,0.19132037002729171,0.2143895044253752
21,931.2241278737441,,,mixed C-H bending / O-C-C bending,nu(C4-C5),bond,8.848439191720363,+,0.13866126968679116,0.2725329576700298
21,931.2241278737441,,,mixed C-H bending / O-C-C bending,nu(C2-O3),bond,5.5940581098506525,+,0.10114630207875498,0.3238095538884528
21,931.2241278737441,,,mixed C-H bending / O-C-C bending,tau(H9-C1-C2-H13),dihedral,5.466071099506751,+,0.12007222923671672,0.22451886234893484
21,931.2241278737441,,,mixed C-H bending / O-C-C bending,delta(C4-C5-O7),angle,4.811233465082656,-,-0.08098249397772155,0.434447038136364
21,931.2241278737441,,,mixed C-H bending / O-C-C bending,delta(C2-O3-C4),angle,4.6011174749694215,-,-0.10406958847705372,0.25158129671049695
21,931.2241278737441,,,mixed C-H bending / O-C-C bending,"gamma(O3;C4,C5,H14)",oop,4.492165732144177,-,-0.08974796127792918,0.33027012495710484
21,931.2241278737441,,,mixed C-H bending / O-C-C bending,tau(H10-C1-C2-H12),dihedral,4.193159396415886,-,-0.12011064288405644,0.17212386627012624
21,931.2241278737441,,,mixed C-H bending / O-C-C bending,nu(C5-O7),bond,3.5551347069449584,+,0.0746387588031931,0.3779113605571353
21,931.2241278737441,,,mixed C-H bending / O-C-C bending,nu(C1-C2),bond,3.000691825133264,+,0.07793964656260251,0.2925278606344219
21,931.2241278737441,,,mixed C-H bending / O-C-C bending,delta(C2-C1-H10),angle,2.8170871117056113,-,-0.08710330201635441,0.21988405758883822
21,931.2241278737441,,,mixed C-H bending / O-C-C bending,delta(C2-C1-H9),angle,2.816483233706604,-,-0.08708829410730336,0.21991269811803782
21,931.2241278737441,,,mixed C-H bending / O-C-C bending,delta(O7-C8-H17),angle,2.0251065802302604,+,0.054947062262608384,0.397211334830457
21,931.2241278737441,,,mixed C-H bending / O-C-C bending,delta(O3-C2-H12),angle,1.9918424577316476,-,-0.042166881012145135,0.6633988778702453
21,931.2241278737441,,,mixed C-H bending / O-C-C bending,tau(H9-C1-C2-H12),dihedral,1.9780248544921,+,0.05489489266651434,0.38871434480918426
21,931.2241278737441,,,mixed C-H bending / O-C-C bending,delta(C5-C4-H14),angle,1.8701121286473503,+,0.053964599272198904,0.38028783930708365
21,931.2241278737441,,,mixed C-H bending / O-C-C bending,nu(C5-O6),bond,1.5136074757046736,+,0.032142732763774,0.8675816801842264
21,931.2241278737441,,,mixed C-H bending / O-C-C bending,delta(O6-C5-O7),angle,1.33651999943227,+,0.03812719981687968,0.5444629662347688
21,931.2241278737441,,,mixed C-H bending / O-C-C bending,delta(C5-O7-C8),angle,1.2803625829598897,-,-0.05154134232578388,0.28541988573192933
21,931.2241278737441,,,mixed C-H bending / O-C-C bending,delta(C1-C2-H12),angle,1.190782199527811,+,0.046607974367948925,0.3246194824718769
21,931.2241278737441,,,mixed C-H bending / O-C-C bending,nu(O3-C4),bond,1.0992441187228519,+,0.04256036279063124,0.35937363468603883
21,931.2241278737441,,,mixed C-H bending / O-C-C bending,delta(C1-C2-H13),angle,0.8884252280829081,+,0.04666298131257027,0.24162319421134754
21,931.2241278737441,,,mixed C-H bending / O-C-C bending,nu(O7-C8),bond,0.5553310877355728,+,0.032500658945315744,0.31133672847542987
21,931.2241278737441,,,mixed C-H bending / O-C-C bending,delta(O7-C8-H16),angle,0.42569805022142493,-,-0.025626794450969062,0.38386259421329905
21,931.2241278737441,,,mixed C-H bending / O-C-C bending,"gamma(H14;C4,O3,H15)",oop,0.27495438309002673,-,-0.02338991377139635,0.29762273937367884
21,931.2241278737441,,,mixed C-H bending / O-C-C bending,delta(C1-C2-O3),angle,0.19561459229715875,-,-0.014444581457606014,0.5552058430791434
21,931.2241278737441,,,mixed C-H bending / O-C-C bending,delta(H16-C8-H18),angle,0.07768543325194227,-,-0.01168439910091561,0.3369686754784595
21,931.2241278737441,,,mixed C-H bending / O-C-C bending,nu(C1-H11),bond,0.01495311202515103,-,-0.005127958689916091,0.33674817837570464
21,931.2241278737441,,,mixed C-H bending / O-C-C bending,delta(H16-C8-H17),angle,0.012189370302784362,+,0.004691213499350953,0.3279997993453108
21,931.2241278737441,,,mixed C-H bending / O-C-C bending,nu(C2-H12),bond,0.012173915671076197,-,-0.0047921378584423165,0.31393113244196713
21,931.2241278737441,,,mixed C-H bending / O-C-C bending,nu(C2-H13),bond,0.012168397541467509,-,-0.004791109183031076,0.3139235939299812
21,931.2241278737441,,,mixed C-H bending / O-C-C bending,delta(H17-C8-H18),angle,0.012067258494290281,+,0.004690692481399619,0.32478607152998284
21,931.2241278737441,,,mixed C-H bending / O-C-C bending,delta(O3-C4-H15),angle,0.00746150575609939,+,0.004119679394627147,0.2603528545664745
21,931.2241278737441,,,mixed C-H bending / O-C-C bending,nu(C1-H9),bond,0.0038575857006024707,+,0.0025953153738997405,0.3391548315937667
21,931.2241278737441,,,mixed C-H bending / O-C-C bending,nu(C1-H10),bond,0.0038453283347313566,+,0.0025911419936974394,0.33916709092478864
21,931.2241278737441,,,mixed C-H bending / O-C-C bending,nu(C4-H14),bond,0.0008159147116629972,-,-0.0012377225475115406,0.31539940001272926
21,931.2241278737441,,,mixed C-H bending / O-C-C bending,nu(C4-H15),bond,0.000803659387483576,-,-0.0012284728061899394,0.31535783940404283
21,931.2241278737441,,,mixed C-H bending / O-C-C bending,nu(C8-H17),bond,4.4091866194554975e-05,-,-0.00027339873181149996,0.3493238140731456
21,931.2241278737441,,,mixed C-H bending / O-C-C bending,nu(C8-H16),bond,1.855373529387356e-05,-,-0.0001796672571192459,0.34037384822323485
21,931.2241278737441,,,mixed C-H bending / O-C-C bending,nu(C8-H18),bond,1.8205721421585372e-05,-,-0.0001779742986038119,0.3403737166334327
21,931.2241278737441,,,mixed C-H bending / O-C-C bending,"gamma(O7;C5,C4,O6)",oop,9.758435404783424e-06,+,0.00022566310643975517,0.11348063861203601
21,931.2241278737441,,,mixed C-H bending / O-C-C bending,tau(C5-O7-C8-H17),dihedral,5.5312291611191674e-08,-,-6.622802266800603e-05,0.007467939282554211
21,931.2241278737441,,,mixed C-H bending / O-C-C bending,tau(C1-C2-O3-C4),dihedral,4.1922142549524485e-08,-,-3.714028771306605e-05,0.01799764357765178
21,931.2241278737441,,,mixed C-H bending / O-C-C bending,tau(C4-C5-O7-C8),dihedral,3.8216884350086235e-08,-,-2.375087775728192e-05,0.04011979019759074
21,931.2241278737441,,,mixed C-H bending / O-C-C bending,tau(O3-C4-C5-O7),dihedral,3.152286605619653e-08,+,5.403352098402828e-05,0.006393841466423005
21,931.2241278737441,,,mixed C-H bending / O-C-C bending,tau(C2-O3-C4-C5),dihedral,2.1505209214551245e-08,+,3.190615156170398e-05,0.012510006294532647
21,931.2241278737441,,,mixed C-H bending / O-C-C bending,tau(H11-C1-C2-O3),dihedral,4.659689839131529e-09,-,-4.031771461345153e-06,0.16975708186529387
22,1001.1392652163947,,,mixed mixed-phase C-O stretching / opposite-phase C-C stretching,nu(O7-C8),bond,57.84041049953429,+,0.28537638806966087,0.31133672847542987
22,1001.1392652163947,,,mixed mixed-phase C-O stretching / opposite-phase C-C stretching,nu(C1-C2),bond,11.090784198495491,+,0.1289184402334396,0.2925278606344219
22,1001.1392652163947,,,mixed mixed-phase C-O stretching / opposite-phase C-C stretching,nu(C4-C5),bond,9.330829724542117,-,-0.12250904369965762,0.2725329576700298
22,1001.1392652163947,,,mixed mixed-phase C-O stretching / opposite-phase C-C stretching,nu(O3-C4),bond,6.872159638530299,-,-0.09155689294227777,0.35937363468603883
22,1001.1392652163947,,,mixed mixed-phase C-O stretching / opposite-phase C-C stretching,delta(O7-C8-H17),angle,3.03849492575382,-,-0.057907654372187985,0.397211334830457
22,1001.1392652163947,,,mixed mixed-phase C-O stretching / opposite-phase C-C stretching,delta(O6-C5-O7),angle,1.231237356512292,-,-0.031485040180418644,0.5444629662347688
22,1001.1392652163947,,,mixed mixed-phase C-O stretching / opposite-phase C-C stretching,delta(C5-C4-H14),angle,1.1845508720569369,-,-0.0369520189401921,0.38028783930708365
22,1001.1392652163947,,,mixed mixed-phase C-O stretching / opposite-phase C-C stretching,delta(O3-C4-C5),angle,1.180916268399752,+,0.026221030663839785,0.7529300899535849
22,1001.1392652163947,,,mixed mixed-phase C-O stretching / opposite-phase C-C stretching,delta(C2-C1-H11),angle,1.017280647458291,+,0.04560748915645357,0.2143895044253752
22,1001.1392652163947,,,mixed mixed-phase C-O stretching / opposite-phase C-C stretching,delta(H16-C8-H18),angle,0.9200127052001528,+,0.034595505394041944,0.3369686754784595
22,1001.1392652163947,,,mixed mixed-phase C-O stretching / opposite-phase C-C stretching,"gamma(O3;C4,C5,H14)",oop,0.7812738180366143,+,0.03220212431846185,0.33027012495710484
22,1001.1392652163947,,,mixed mixed-phase C-O stretching / opposite-phase C-C stretching,"gamma(H14;C4,O3,H15)",oop,0.7307966171665187,-,-0.03280822553220028,0.29762273937367884
22,1001.1392652163947,,,mixed mixed-phase C-O stretching / opposite-phase C-C stretching,nu(C2-O3),bond,0.5081289951458025,-,-0.02622766887467791,0.3238095538884528
22,1001.1392652163947,,,mixed mixed-phase C-O stretching / opposite-phase C-C stretching,delta(H16-C8-H17),angle,0.43173834317448573,+,0.024020998365574604,0.3279997993453108
22,1001.1392652163947,,,mixed mixed-phase C-O stretching / opposite-phase C-C stretching,delta(H17-C8-H18),angle,0.42756693219827,+,0.024022648634894058,0.32478607152998284
22,1001.1392652163947,,,mixed mixed-phase C-O stretching / opposite-phase C-C stretching,delta(O3-C4-H15),angle,0.3876184777768032,+,0.02554692284613986,0.2603528545664745
22,1001.1392652163947,,,mixed mixed-phase C-O stretching / opposite-phase C-C stretching,delta(O3-C2-H12),angle,0.3631486756853512,-,-0.015490748338714165,0.6633988778702453
22,1001.1392652163947,,,mixed mixed-phase C-O stretching / opposite-phase C-C stretching,delta(C2-O3-C4),angle,0.2978844308017028,+,0.022782546182035724,0.25158129671049695
22,1001.1392652163947,,,mixed mixed-phase C-O stretching / opposite-phase C-C stretching,nu(C5-O7),bond,0.28245654336762227,+,0.01810082537522456,0.3779113605571353
22,1001.1392652163947,,,mixed mixed-phase C-O stretching / opposite-phase C-C stretching,tau(H9-C1-C2-H13),dihedral,0.27780487396140197,+,0.023289547277395135,0.22451886234893484
22,1001.1392652163947,,,mixed mixed-phase C-O stretching / opposite-phase C-C stretching,delta(C5-O7-C8),angle,0.23937853053133218,-,-0.01917423371878915,0.28541988573192933
22,1001.1392652163947,,,mixed mixed-phase C-O stretching / opposite-phase C-C stretching,delta(C4-C5-O7),angle,0.23868760021214475,-,-0.015519011003856567,0.434447038136364
22,1001.1392652163947,,,mixed mixed-phase C-O stretching / opposite-phase C-C stretching,nu(C5-O6),bond,0.22064695041565263,-,-0.010558720909566352,0.8675816801842264
22,1001.1392652163947,,,mixed mixed-phase C-O stretching / opposite-phase C-C stretching,tau(H10-C1-C2-H12),dihedral,0.21303231335698944,-,-0.023292694347363856,0.17212386627012624
22,1001.1392652163947,,,mixed mixed-phase C-O stretching / opposite-phase C-C stretching,delta(O7-C8-H16),angle,0.16516767733513585,-,-0.013733845776332368,0.38386259421329905
22,1001.1392652163947,,,mixed mixed-phase C-O stretching / opposite-phase C-C stretching,tau(H9-C1-C2-H12),dihedral,0.1622123756603324,+,0.01352521697479918,0.38871434480918426
22,1001.1392652163947,,,mixed mixed-phase C-O stretching / opposite-phase C-C stretching,delta(C1-C2-H12),angle,0.14572156732930644,+,0.014027883767907182,0.3246194824718769
22,1001.1392652163947,,,mixed mixed-phase C-O stretching / opposite-phase C-C stretching,delta(C1-C2-H13),angle,0.10882483992734272,+,0.014051161978811818,0.24162319421134754
22,1001.1392652163947,,,mixed mixed-phase C-O stretching / opposite-phase C-C stretching,delta(C1-C2-O3),angle,0.09886397642849236,+,0.008835061064890728,0.5552058430791434
22,1001.1392652163947,,,mixed mixed-phase C-O stretching / opposite-phase C-C stretching,delta(C2-C1-H9),angle,0.06334919853184617,-,-0.01123732499540143,0.21991269811803782
22,1001.1392652163947,,,mixed mixed-phase C-O stretching / opposite-phase C-C stretching,delta(C2-C1-H10),angle,0.06318518030366832,-,-0.011223499090437234,0.21988405758883822
22,1001.1392652163947,,,mixed mixed-phase C-O stretching / opposite-phase C-C stretching,nu(C8-H16),bond,0.030497208302957806,-,-0.006267141250895775,0.34037384822323485
22,1001.1392652163947,,,mixed mixed-phase C-O stretching / opposite-phase C-C stretching,nu(C8-H18),bond,0.030487799090437948,-,-0.006266175596398891,0.3403737166334327
22,1001.1392652163947,,,mixed mixed-phase C-O stretching / opposite-phase C-C stretching,nu(C4-H14),bond,0.007692604129552247,+,0.0032698196007223904,0.31539940001272926
22,1001.1392652163947,,,mixed mixed-phase C-O stretching / opposite-phase C-C stretching,nu(C4-H15),bond,0.007674422080379906,+,0.003266168283046501,0.31535783940404283
22,1001.1392652163947,,,mixed mixed-phase C-O stretching / opposite-phase C-C stretching,nu(C8-H17),bond,0.004027145706575528,-,-0.0022480300244143324,0.3493238140731456
22,1001.1392652163947,,,mixed mixed-phase C-O stretching / opposite-phase C-C stretching,nu(C1-H9),bond,0.001996495853942006,+,0.0016063964456590665,0.3391548315937667
22,1001.1392652163947,,,mixed mixed-phase C-O stretching / opposite-phase C-C stretching,nu(C1-H10),bond,0.0019925713241919947,+,0.0016047878114390476,0.33916709092478864
22,1001.1392652163947,,,mixed mixed-phase C-O stretching / opposite-phase C-C stretching,nu(C2-H13),bond,0.0007044490782370816,+,0.0009918142782737347,0.3139235939299812
22,1001.1392652163947,,,mixed mixed-phase C-O stretching / opposite-phase C-C stretching,nu(C2-H12),bond,0.0007034027923033047,+,0.000991065556856812,0.31393113244196713
22,1001.1392652163947,,,mixed mixed-phase C-O stretching / opposite-phase C-C stretching,nu(C1-H11),bond,5.893737273643964e-05,-,-0.0002769875768663837,0.33674817837570464
22,1001.1392652163947,,,mixed mixed-phase C-O stretching / opposite-phase C-C stretching,tau(H11-C1-C2-O3),dihedral,1.4291374934167654e-07,+,1.9210584922111273e-05,0.16975708186529387
22,1001.1392652163947,,,mixed mixed-phase C-O stretching / opposite-phase C-C stretching,tau(O3-C4-C5-O7),dihedral,3.129117957588964e-08,-,-4.6317762122292396e-05,0.006393841466423005
22,1001.1392652163947,,,mixed mixed-phase C-O stretching / opposite-phase C-C stretching,tau(C1-C2-O3-C4),dihedral,1.785306925969677e-08,+,2.0852885273785203e-05,0.01799764357765178
22,1001.1392652163947,,,mixed mixed-phase C-O stretching / opposite-phase C-C stretching,tau(C2-O3-C4-C5),dihedral,7.557802900023266e-09,-,-1.627370912515589e-05,0.012510006294532647
22,1001.1392652163947,,,mixed mixed-phase C-O stretching / opposite-phase C-C stretching,"gamma(O7;C5,C4,O6)",oop,6.777405469161411e-09,-,-5.116681466096382e-06,0.11348063861203601
22,1001.1392652163947,,,mixed mixed-phase C-O stretching / opposite-phase C-C stretching,tau(C5-O7-C8-H17),dihedral,2.3497003200424832e-09,+,1.1744198451887437e-05,0.007467939282554211
22,1001.1392652163947,,,mixed mixed-phase C-O stretching / opposite-phase C-C stretching,tau(C4-C5-O7-C8),dihedral,1.6954857476786406e-09,-,-4.304128983284268e-06,0.04011979019759074
23,1035.0751391189553,,,mixed C-O out-of-plane bending / C-H bending,"gamma(O3;C4,C5,H14)",oop,40.42609822352408,+,0.28676899439692055,0.33027012495710484
23,1035.0751391189553,,,mixed C-O out-of-plane bending / C-H bending,delta(C5-C4-H14),angle,32.95136418773326,+,0.24127726759105186,0.38028783930708365
23,1035.0751391189553,,,mixed C-O out-of-plane bending / C-H bending,"gamma(O7;C5,C4,O6)",oop,11.19518390609048,-,-0.25744867197729404,0.11348063861203601
23,1035.0751391189553,,,mixed C-O out-of-plane bending / C-H bending,delta(O3-C4-H15),angle,9.542023341388958,-,-0.15691880450356893,0.2603528545664745
23,1035.0751391189553,,,mixed C-O out-of-plane bending / C-H bending,"gamma(H14;C4,O3,H15)",oop,3.2387644340876305,-,-0.08550520474394799,0.29762273937367884
23,1035.0751391189553,,,mixed C-O out-of-plane bending / C-H bending,tau(C4-C5-O7-C8),dihedral,0.5055742441751561,+,0.09201297428881566,0.04011979019759074
23,1035.0751391189553,,,mixed C-O out-of-plane bending / C-H bending,delta(O3-C2-H12),angle,0.4530646997304295,-,-0.02142045402826804,0.6633988778702453
23,1035.0751391189553,,,mixed C-O out-of-plane bending / C-H bending,delta(C2-C1-H9),angle,0.2887148146630508,+,0.029699237985061282,0.21991269811803782
23,1035.0751391189553,,,mixed C-O out-of-plane bending / C-H bending,delta(C2-C1-H10),angle,0.2880711807801725,-,-0.02966804714417459,0.21988405758883822
23,1035.0751391189553,,,mixed C-O out-of-plane bending / C-H bending,tau(C1-C2-O3-C4),dihedral,0.19388446900715084,-,-0.08507454062142523,0.01799764357765178
23,1035.0751391189553,,,mixed C-O out-of-plane bending / C-H bending,tau(H11-C1-C2-O3),dihedral,0.19158174566422326,-,-0.027535884916385808,0.16975708186529387
23,1035.0751391189553,,,mixed C-O out-of-plane bending / C-H bending,tau(C2-O3-C4-C5),dihedral,0.17052862821747153,-,-0.09569864981444011,0.012510006294532647
23,1035.0751391189553,,,mixed C-O out-of-plane bending / C-H bending,tau(H9-C1-C2-H12),dihedral,0.1623426044430989,-,-0.016750851786770153,0.38871434480918426
23,1035.0751391189553,,,mixed C-O out-of-plane bending / C-H bending,tau(H9-C1-C2-H13),dihedral,0.09353737466544211,-,-0.016730237146882296,0.22451886234893484
23,1035.0751391189553,,,mixed C-O out-of-plane bending / C-H bending,tau(H10-C1-C2-H12),dihedral,0.07173640569318904,-,-0.01673343825022548,0.17212386627012624
23,1035.0751391189553,,,mixed C-O out-of-plane bending / C-H bending,tau(C5-O7-C8-H17),dihedral,0.06918083331985171,+,0.07889117613448164,0.007467939282554211
23,1035.0751391189553,,,mixed C-O out-of-plane bending / C-H bending,nu(C4-H14),bond,0.05014533216749247,-,-0.010335244381303432,0.31539940001272926
23,1035.0751391189553,,,mixed C-O out-of-plane bending / C-H bending,nu(C4-H15),bond,0.0501373651798305,+,0.010335104285281798,0.31535783940404283
23,1035.0751391189553,,,mixed C-O out-of-plane bending / C-H bending,delta(C1-C2-H12),angle,0.019712563531687804,+,0.006387342256795932,0.3246194824718769
23,1035.0751391189553,,,mixed C-O out-of-plane bending / C-H bending,delta(C1-C2-H13),angle,0.014509732511738479,-,-0.006351792729210439,0.24162319421134754
23,1035.0751391189553,,,mixed C-O out-of-plane bending / C-H bending,delta(H16-C8-H17),angle,0.008434902602894213,+,0.004156608988579671,0.3279997993453108
23,1035.0751391189553,,,mixed C-O out-of-plane bending / C-H bending,delta(H17-C8-H18),angle,0.00834487016858529,-,-0.004154770308585184,0.32478607152998284
23,1035.0751391189553,,,mixed C-O out-of-plane bending / C-H bending,nu(C2-H13),bond,0.001804328737343167,+,0.001965086986276728,0.3139235939299812
23,1035.0751391189553,,,mixed C-O out-of-plane bending / C-H bending,nu(C2-H12),bond,0.0017784046266697074,-,-0.0019508955665499023,0.31393113244196713
23,1035.0751391189553,,,mixed C-O out-of-plane bending / C-H bending,tau(O3-C4-C5-O7),dihedral,0.0009073264095635257,+,0.009764202315140752,0.006393841466423005
23,1035.0751391189553,,,mixed C-O out-of-plane bending / C-H bending,delta(O7-C8-H16),angle,0.0008204878118869016,+,0.0011983511456129384,0.38386259421329905
23,1035.0751391189553,,,mixed C-O out-of-plane bending / C-H bending,nu(C1-H10),bond,0.0006424971612633452,+,0.0011281443656452736,0.33916709092478864
23,1035.0751391189553,,,mixed C-O out-of-plane bending / C-H bending,nu(C1-H9),bond,0.0006422445341348892,-,-0.0011279429382359013,0.3391548315937667
23,1035.0751391189553,,,mixed C-O out-of-plane bending / C-H bending,nu(C8-H18),bond,0.00022257922598783395,-,-0.0006628270609112279,0.3403737166334327
23,1035.0751391189553,,,mixed C-O out-of-plane bending / C-H bending,nu(C8-H16),bond,0.00022101873976639697,+,0.0006604993310500712,0.34037384822323485
23,1035.0751391189553,,,mixed C-O out-of-plane bending / C-H bending,nu(O3-C4),bond,7.397894242006034e-06,-,-0.0001176025878586751,0.35937363468603883
23,1035.0751391189553,,,mixed C-O out-of-plane bending / C-H bending,nu(C1-C2),bond,6.108093944547871e-06,+,0.00011844184444557392,0.2925278606344219
23,1035.0751391189553,,,mixed C-O out-of-plane bending / C-H bending,delta(O6-C5-O7),angle,3.614168885473277e-06,+,6.678146995689185e-05,0.5444629662347688
23,1035.0751391189553,,,mixed C-O out-of-plane bending / C-H bending,delta(O3-C4-C5),angle,2.9053600522133923e-06,+,5.0916504264881145e-05,0.7529300899535849
23,1035.0751391189553,,,mixed C-O out-of-plane bending / C-H bending,nu(C2-O3),bond,1.8654115140619389e-06,-,-6.22126101554038e-05,0.3238095538884528
23,1035.0751391189553,,,mixed C-O out-of-plane bending / C-H bending,delta(C4-C5-O7),angle,1.2441157510745346e-06,+,4.386295630681324e-05,0.434447038136364
23,1035.0751391189553,,,mixed C-O out-of-plane bending / C-H bending,nu(C5-O6),bond,6.53722112847445e-07,+,2.2499731046355893e-05,0.8675816801842264
23,1035.0751391189553,,,mixed C-O out-of-plane bending / C-H bending,nu(C5-O7),bond,3.81927041818457e-07,-,-2.605740457903386e-05,0.3779113605571353
23,1035.0751391189553,,,mixed C-O out-of-plane bending / C-H bending,nu(C4-C5),bond,3.3832949041048253e-07,+,2.8879943412355228e-05,0.2725329576700298
23,1035.0751391189553,,,mixed C-O out-of-plane bending / C-H bending,delta(O7-C8-H17),angle,2.858564554893815e-07,+,2.19886775662278e-05,0.397211334830457
23,1035.0751391189553,,,mixed C-O out-of-plane bending / C-H bending,nu(O7-C8),bond,1.895817670880453e-07,-,-2.022642041868481e-05,0.31133672847542987
23,1035.0751391189553,,,mixed C-O out-of-plane bending / C-H bending,delta(C2-C1-H11),angle,8.285676022635623e-08,-,-1.6113806313293643e-05,0.2143895044253752
23,1035.0751391189553,,,mixed C-O out-of-plane bending / C-H bending,delta(C2-O3-C4),angle,7.516547348265787e-08,+,1.4167915190103577e-05,0.25158129671049695
23,1035.0751391189553,,,mixed C-O out-of-plane bending / C-H bending,delta(C1-C2-O3),angle,5.967896311688842e-08,+,8.498055161326941e-06,0.5552058430791434
23,1035.0751391189553,,,mixed C-O out-of-plane bending / C-H bending,delta(C5-O7-C8),angle,4.6001255791882984e-08,-,-1.0405876211652945e-05,0.28541988573192933
23,1035.0751391189553,,,mixed C-O out-of-plane bending / C-H bending,delta(H16-C8-H18),angle,4.6813781385713695e-09,-,-3.0551182272872428e-06,0.3369686754784595
23,1035.0751391189553,,,mixed C-O out-of-plane bending / C-H bending,nu(C1-H11),bond,5.586848505385268e-10,+,1.0557637476945035e-06,0.33674817837570464
23,1035.0751391189553,,,mixed C-O out-of-plane bending / C-H bending,nu(C8-H17),bond,3.738808472380623e-12,-,-8.47985522634916e-08,0.3493238140731456
24,1056.4803506487197,,,mixed C-O stretching / C-C stretching,nu(C1-C2),bond,39.588603738925464,+,0.2529233699772012,0.2925278606344219
24,1056.4803506487197,,,mixed C-O stretching / C-C stretching,nu(C2-O3),bond,21.981087642456774,-,-0.17912955403006334,0.3238095538884528
24,1056.4803506487197,,,mixed C-O stretching / C-C stretching,nu(O7-C8),bond,13.101318269128091,-,-0.14103594233681238,0.31133672847542987
24,1056.4803506487197,,,mixed C-O stretching / C-C stretching,nu(O3-C4),bond,7.730997331415969,-,-0.10083983828156413,0.35937363468603883
24,1056.4803506487197,,,mixed C-O stretching / C-C stretching,delta(O3-C4-C5),angle,5.868404988684557,+,0.060697415183292386,0.7529300899535849
24,1056.4803506487197,,,mixed C-O stretching / C-C stretching,"gamma(H14;C4,O3,H15)",oop,3.2121358004174216,+,0.07142518582227707,0.29762273937367884
24,1056.4803506487197,,,mixed C-O stretching / C-C stretching,delta(C4-C5-O7),angle,2.156374813129748,+,0.04843744088077867,0.434447038136364
24,1056.4803506487197,,,mixed C-O stretching / C-C stretching,nu(C4-C5),bond,2.0456281139847983,+,0.05956502275767539,0.2725329576700298
24,1056.4803506487197,,,mixed C-O stretching / C-C stretching,delta(O7-C8-H17),angle,0.7259901724074285,+,0.029392873073531518,0.397211334830457
24,1056.4803506487197,,,mixed C-O stretching / C-C stretching,"gamma(O3;C4,C5,H14)",oop,0.7130505004478195,+,0.03194574230334538,0.33027012495710484
24,1056.4803506487197,,,mixed C-O stretching / C-C stretching,delta(O3-C4-H15),angle,0.6004815862911326,-,-0.03301841031832192,0.2603528545664745
24,1056.4803506487197,,,mixed C-O stretching / C-C stretching,delta(C1-C2-H12),angle,0.31541956350439226,+,0.021431102210688613,0.3246194824718769
24,1056.4803506487197,,,mixed C-O stretching / C-C stretching,delta(H16-C8-H18),angle,0.24224956648574725,-,-0.0184341969742767,0.3369686754784595
24,1056.4803506487197,,,mixed C-O stretching / C-C stretching,delta(C1-C2-H13),angle,0.23532984107646474,+,0.021456391012498573,0.24162319421134754
24,1056.4803506487197,,,mixed C-O stretching / C-C stretching,delta(C2-C1-H9),angle,0.175041020423411,+,0.01939689655241677,0.21991269811803782
24,1056.4803506487197,,,mixed C-O stretching / C-C stretching,delta(C2-C1-H10),angle,0.1744454118107555,+,0.019365128772600024,0.21988405758883822
24,1056.4803506487197,,,mixed C-O stretching / C-C stretching,nu(C5-O7),bond,0.15344178974142536,+,0.0138536540645218,0.3779113605571353
24,1056.4803506487197,,,mixed C-O stretching / C-C stretching,delta(H16-C8-H17),angle,0.1447215219622073,-,-0.014441664663690304,0.3279997993453108
24,1056.4803506487197,,,mixed C-O stretching / C-C stretching,delta(H17-C8-H18),angle,0.1434142293784964,-,-0.014447240703914526,0.32478607152998284
24,1056.4803506487197,,,mixed C-O stretching / C-C stretching,delta(C5-O7-C8),angle,0.1348159002808476,+,0.014942247614739829,0.28541988573192933
24,1056.4803506487197,,,mixed C-O stretching / C-C stretching,delta(C5-C4-H14),angle,0.10994775786955424,+,0.011690267652552915,0.38028783930708365
24,1056.4803506487197,,,mixed C-O stretching / C-C stretching,delta(O7-C8-H16),angle,0.07635133796024066,+,0.009696341748288227,0.38386259421329905
24,1056.4803506487197,,,mixed C-O stretching / C-C stretching,nu(C2-H12),bond,0.06983540586641736,+,0.010254349661559284,0.31393113244196713
24,1056.4803506487197,,,mixed C-O stretching / C-C stretching,nu(C2-H13),bond,0.06980969997149578,+,0.010252585312599385,0.3139235939299812
24,1056.4803506487197,,,mixed C-O stretching / C-C stretching,tau(H9-C1-C2-H13),dihedral,0.04126091911673848,-,-0.009320313430685258,0.22451886234893484
24,1056.4803506487197,,,mixed C-O stretching / C-C stretching,delta(C1-C2-O3),angle,0.035532309683807654,-,-0.005500120319558853,0.5552058430791434
24,1056.4803506487197,,,mixed C-O stretching / C-C stretching,tau(H10-C1-C2-H12),dihedral,0.032058729150849945,+,0.009382964856916233,0.17212386627012624
24,1056.4803506487197,,,mixed C-O stretching / C-C stretching,delta(C2-C1-H11),angle,0.024419806775835686,+,0.007337647362423935,0.2143895044253752
24,1056.4803506487197,,,mixed C-O stretching / C-C stretching,nu(C4-H15),bond,0.017140230946576716,+,0.00506866984531849,0.31535783940404283
24,1056.4803506487197,,,mixed C-O stretching / C-C stretching,nu(C4-H14),bond,0.017138651906626966,+,0.005068102416517556,0.31539940001272926
24,1056.4803506487197,,,mixed C-O stretching / C-C stretching,delta(O3-C2-H12),angle,0.011880439898221446,-,-0.0029094867209859855,0.6633988778702453
24,1056.4803506487197,,,mixed C-O stretching / C-C stretching,delta(C2-O3-C4),angle,0.010899760155225093,+,0.004525397994411619,0.25158129671049695
24,1056.4803506487197,,,mixed C-O stretching / C-C stretching,nu(C8-H16),bond,0.008134273222178965,+,0.0033610019962842684,0.34037384822323485
24,1056.4803506487197,,,mixed C-O stretching / C-C stretching,nu(C8-H18),bond,0.008131566879112982,+,0.003360443482131677,0.3403737166334327
24,1056.4803506487197,,,mixed C-O stretching / C-C stretching,tau(H9-C1-C2-H12),dihedral,0.005967426934464995,+,0.0026938025276012434,0.38871434480918426
24,1056.4803506487197,,,mixed C-O stretching / C-C stretching,nu(C5-O6),bond,0.005890689530046941,+,0.0017914940302523727,0.8675816801842264
24,1056.4803506487197,,,mixed C-O stretching / C-C stretching,nu(C1-H10),bond,0.004679938608204837,+,0.0025538813090122477,0.33916709092478864
24,1056.4803506487197,,,mixed C-O stretching / C-C stretching,nu(C1-H9),bond,0.004677982255285534,+,0.0025533936013453903,0.3391548315937667
24,1056.4803506487197,,,mixed C-O stretching / C-C stretching,nu(C8-H17),bond,0.0017625945296885022,+,0.0015443637431218319,0.3493238140731456
24,1056.4803506487197,,,mixed C-O stretching / C-C stretching,nu(C1-H11),bond,0.001411328547464443,+,0.0014075016753333936,0.33674817837570464
24,1056.4803506487197,,,mixed C-O stretching / C-C stretching,delta(O6-C5-O7),angle,0.00011651483136578243,-,-0.00031804891468438344,0.5444629662347688
24,1056.4803506487197,,,mixed C-O stretching / C-C stretching,"gamma(O7;C5,C4,O6)",oop,6.313830160174676e-07,+,5.1282955598631476e-05,0.11348063861203601
24,1056.4803506487197,,,mixed C-O stretching / C-C stretching,tau(C1-C2-O3-C4),dihedral,6.61040921290995e-08,+,4.166715363482086e-05,0.01799764357765178
24,1056.4803506487197,,,mixed C-O stretching / C-C stretching,tau(C4-C5-O7-C8),dihedral,6.567048161255577e-08,-,-2.781590913036239e-05,0.04011979019759074
24,1056.4803506487197,,,mixed C-O stretching / C-C stretching,tau(H11-C1-C2-O3),dihedral,4.9618848286639464e-08,+,1.1754302795596972e-05,0.16975708186529387
24,1056.4803506487197,,,mixed C-O stretching / C-C stretching,tau(C2-O3-C4-C5),dihedral,1.4970020127921057e-08,+,2.3783179459381443e-05,0.012510006294532647
24,1056.4803506487197,,,mixed C-O stretching / C-C stretching,tau(C5-O7-C8-H17),dihedral,5.605980254554816e-09,-,-1.8837049438900134e-05,0.007467939282554211
24,1056.4803506487197,,,mixed C-O stretching / C-C stretching,tau(O3-C4-C5-O7),dihedral,5.5238514345341944e-11,+,2.0208196106350773e-06,0.006393841466423005
25,1151.2731216319464,,,mixed C-H bending / C-C torsion,delta(C2-C1-H11),angle,19.739860045058336,-,-0.2846308953450315,0.2143895044253752
25,1151.2731216319464,,,mixed C-H bending / C-C torsion,tau(H9-C1-C2-H12),dihedral,17.389439777001037,-,-0.19839890736809543,0.38871434480918426
25,1151.2731216319464,,,mixed C-H bending / C-C torsion,delta(C1-C2-O3),angle,14.012854915259005,-,-0.1490212023927535,0.5552058430791434
25,1151.2731216319464,,,mixed C-H bending / C-C torsion,nu(C2-O3),bond,10.96221362399519,+,0.17259017371905247,0.3238095538884528
25,1151.2731216319464,,,mixed C-H bending / C-C torsion,delta(C2-C1-H10),angle,6.436502118878524,+,0.16048699730494498,0.21988405758883822
25,1151.2731216319464,,,mixed C-H bending / C-C torsion,delta(C2-C1-H9),angle,6.429264906859548,+,0.16038630097784295,0.21991269811803782
25,1151.2731216319464,,,mixed C-H bending / C-C torsion,nu(C1-C2),bond,5.017174888936289,+,0.12284507986022339,0.2925278606344219
25,1151.2731216319464,,,mixed C-H bending / C-C torsion,tau(H9-C1-C2-H13),dihedral,4.891465686944036,-,-0.13845379165619723,0.22451886234893484
25,1151.2731216319464,,,mixed C-H bending / C-C torsion,tau(H10-C1-C2-H12),dihedral,3.7553488837845754,+,0.13855313709132686,0.17212386627012624
25,1151.2731216319464,,,mixed C-H bending / C-C torsion,delta(C2-O3-C4),angle,3.035267749965149,-,-0.10303175385189416,0.25158129671049695
25,1151.2731216319464,,,mixed C-H bending / C-C torsion,delta(O3-C4-C5),angle,2.227799788906475,-,-0.051023766796848495,0.7529300899535849
25,1151.2731216319464,,,mixed C-H bending / C-C torsion,nu(O3-C4),bond,1.2678510185964516,+,0.05571508153523663,0.35937363468603883
25,1151.2731216319464,,,mixed C-H bending / C-C torsion,delta(O3-C2-H12),angle,1.061464906536487,+,0.03752124310387006,0.6633988778702453
25,1151.2731216319464,,,mixed C-H bending / C-C torsion,"gamma(O3;C4,C5,H14)",oop,0.7104429717455875,-,-0.04350525617170209,0.33027012495710484
25,1151.2731216319464,,,mixed C-H bending / C-C torsion,delta(C5-C4-H14),angle,0.6498650531160421,+,0.038776368785069515,0.38028783930708365
25,1151.2731216319464,,,mixed C-H bending / C-C torsion,nu(O7-C8),bond,0.473590883139154,+,0.03658459506694526,0.31133672847542987
25,1151.2731216319464,,,mixed C-H bending / C-C torsion,delta(C1-C2-H12),angle,0.3394649744550544,+,0.030333460583991997,0.3246194824718769
25,1151.2731216319464,,,mixed C-H bending / C-C torsion,nu(C5-O7),bond,0.3027913483334086,-,-0.026551467017294765,0.3779113605571353
25,1151.2731216319464,,,mixed C-H bending / C-C torsion,delta(C1-C2-H13),angle,0.2516102982486593,+,0.030269598476782955,0.24162319421134754
25,1151.2731216319464,,,mixed C-H bending / C-C torsion,delta(C4-C5-O7),angle,0.2184549910860993,-,-0.021034119161192282,0.434447038136364
25,1151.2731216319464,,,mixed C-H bending / C-C torsion,delta(O6-C5-O7),angle,0.14450777388509506,+,0.015281753761353153,0.5444629662347688
25,1151.2731216319464,,,mixed C-H bending / C-C torsion,nu(C4-C5),bond,0.13683924713861775,+,0.021018784033058988,0.2725329576700298
25,1151.2731216319464,,,mixed C-H bending / C-C torsion,nu(C5-O6),bond,0.12549162825046714,+,0.011281424862381094,0.8675816801842264
25,1151.2731216319464,,,mixed C-H bending / C-C torsion,"gamma(H14;C4,O3,H15)",oop,0.08648652020750157,+,0.015990164126405568,0.29762273937367884
25,1151.2731216319464,,,mixed C-H bending / C-C torsion,nu(C1-H11),bond,0.08490198742082683,+,0.014894230314990655,0.33674817837570464
25,1151.2731216319464,,,mixed C-H bending / C-C torsion,delta(O7-C8-H16),angle,0.07458302865023012,-,-0.013075065557283964,0.38386259421329905
25,1151.2731216319464,,,mixed C-H bending / C-C torsion,delta(O3-C4-H15),angle,0.055506605497181644,-,-0.013696289497796056,0.2603528545664745
25,1151.2731216319464,,,mixed C-H bending / C-C torsion,delta(H16-C8-H17),angle,0.03710363572703505,+,0.009976614913943456,0.3279997993453108
25,1151.2731216319464,,,mixed C-H bending / C-C torsion,delta(H17-C8-H18),angle,0.03685400191727268,+,0.009992068288271283,0.32478607152998284
25,1151.2731216319464,,,mixed C-H bending / C-C torsion,delta(O7-C8-H17),angle,0.011108062679114336,+,0.004960438948316985,0.397211334830457
25,1151.2731216319464,,,mixed C-H bending / C-C torsion,delta(C5-O7-C8),angle,0.010775216200384094,-,-0.005763451554384779,0.28541988573192933
25,1151.2731216319464,,,mixed C-H bending / C-C torsion,nu(C1-H9),bond,0.007103205644195944,-,-0.00429279307117021,0.3391548315937667
25,1151.2731216319464,,,mixed C-H bending / C-C torsion,nu(C1-H10),bond,0.00710046880284557,-,-0.004291888423976531,0.33916709092478864
25,1151.2731216319464,,,mixed C-H bending / C-C torsion,nu(C2-H12),bond,0.002450770740015392,-,-0.0026208726239935983,0.31393113244196713
25,1151.2731216319464,,,mixed C-H bending / C-C torsion,nu(C2-H13),bond,0.0024402081456507854,-,-0.002615250067098288,0.3139235939299812
25,1151.2731216319464,,,mixed C-H bending / C-C torsion,nu(C4-H15),bond,0.0009850417365024023,-,-0.0016578195805983399,0.31535783940404283
25,1151.2731216319464,,,mixed C-H bending / C-C torsion,nu(C4-H14),bond,0.0009836048131493587,-,-0.001656500821965887,0.31539940001272926
25,1151.2731216319464,,,mixed C-H bending / C-C torsion,nu(C8-H16),bond,0.0005903364437175477,-,-0.001235331368443456,0.34037384822323485
25,1151.2731216319464,,,mixed C-H bending / C-C torsion,nu(C8-H18),bond,0.0005895144591120596,-,-0.0012344712696347423,0.3403737166334327
25,1151.2731216319464,,,mixed C-H bending / C-C torsion,delta(H16-C8-H18),angle,0.0005303422559960575,+,0.0011767795562417607,0.3369686754784595
25,1151.2731216319464,,,mixed C-H bending / C-C torsion,nu(C8-H17),bond,0.0003396190656113334,-,-0.0009248976995215376,0.3493238140731456
25,1151.2731216319464,,,mixed C-H bending / C-C torsion,"gamma(O7;C5,C4,O6)",oop,3.255396912726043e-07,+,5.024037271271166e-05,0.11348063861203601
25,1151.2731216319464,,,mixed C-H bending / C-C torsion,tau(C4-C5-O7-C8),dihedral,7.3243839815341895e-09,-,-1.267412511310091e-05,0.04011979019759074
25,1151.2731216319464,,,mixed C-H bending / C-C torsion,tau(C5-O7-C8-H17),dihedral,6.762022986422036e-09,-,-2.822602336763357e-05,0.007467939282554211
25,1151.2731216319464,,,mixed C-H bending / C-C torsion,tau(C2-O3-C4-C5),dihedral,5.122488459718748e-09,+,1.898119254768658e-05,0.012510006294532647
25,1151.2731216319464,,,mixed C-H bending / C-C torsion,tau(C1-C2-O3-C4),dihedral,3.536702463992455e-09,+,1.3149317249049377e-05,0.01799764357765178
25,1151.2731216319464,,,mixed C-H bending / C-C torsion,tau(H11-C1-C2-O3),dihedral,6.44612703388987e-10,+,1.8278781605376854e-06,0.16975708186529387
25,1151.2731216319464,,,mixed C-H bending / C-C torsion,tau(O3-C4-C5-O7),dihedral,5.444948481511307e-10,+,8.656208727716383e-06,0.006393841466423005
26,1168.0332646400207,,,mixed-phase C-O stretching,nu(O3-C4),bond,53.74179007578301,-,-0.31245658080577143,0.35937363468603883
26,1168.0332646400207,,,mixed-phase C-O stretching,nu(C2-O3),bond,21.344524836173576,+,0.2074460330743148,0.3238095538884528
26,1168.0332646400207,,,mixed-phase C-O stretching,nu(C5-O7),bond,4.679473829636152,+,0.08991046743692233,0.3779113605571353
26,1168.0332646400207,,,mixed-phase C-O stretching,nu(O7-C8),bond,3.5779528676759957,-,-0.0866181386425343,0.31133672847542987
26,1168.0332646400207,,,mixed-phase C-O stretching,delta(C4-C5-O7),angle,2.9575859097690897,+,0.06666639663657732,0.434447038136364
26,1168.0332646400207,,,mixed-phase C-O stretching,delta(O6-C5-O7),angle,2.47372364395856,-,-0.05446257055494583,0.5444629662347688
26,1168.0332646400207,,,mixed-phase C-O stretching,nu(C1-C2),bond,1.963155291929316,-,-0.0661912264218362,0.2925278606344219
26,1168.0332646400207,,,mixed-phase C-O stretching,delta(O3-C2-H12),angle,1.5805041701896871,-,-0.039438208138459004,0.6633988778702453
26,1168.0332646400207,,,mixed-phase C-O stretching,delta(O7-C8-H17),angle,1.3440991071975346,+,0.04700148155468655,0.397211334830457
26,1168.0332646400207,,,mixed-phase C-O stretching,tau(H9-C1-C2-H12),dihedral,0.9428688000619692,-,-0.03979395152262233,0.38871434480918426
26,1168.0332646400207,,,mixed-phase C-O stretching,delta(C1-C2-O3),angle,0.6748561350065884,+,0.02816989992212412,0.5552058430791434
26,1168.0332646400207,,,mixed-phase C-O stretching,"gamma(O3;C4,C5,H14)",oop,0.6257626239851265,+,0.03517036556364449,0.33027012495710484
26,1168.0332646400207,,,mixed-phase C-O stretching,delta(C5-C4-H14),angle,0.5966686058093985,-,-0.03200494556202222,0.38028783930708365
26,1168.0332646400207,,,mixed-phase C-O stretching,delta(O3-C4-H15),angle,0.4672830370965724,+,0.034230682164888865,0.2603528545664745
26,1168.0332646400207,,,mixed-phase C-O stretching,delta(H16-C8-H18),angle,0.43264249484074063,-,-0.028951864643382934,0.3369686754784595
26,1168.0332646400207,,,mixed-phase C-O stretching,delta(C2-O3-C4),angle,0.379649480512089,+,0.031387660559376966,0.25158129671049695
26,1168.0332646400207,,,mixed-phase C-O stretching,"gamma(H14;C4,O3,H15)",oop,0.3621033083726275,-,-0.02818317449031665,0.29762273937367884
26,1168.0332646400207,,,mixed-phase C-O stretching,delta(O3-C4-C5),angle,0.3620803185690351,+,0.01771869981580865,0.7529300899535849
26,1168.0332646400207,,,mixed-phase C-O stretching,delta(C5-O7-C8),angle,0.2568733882190281,+,0.024239528124509746,0.28541988573192933
26,1168.0332646400207,,,mixed-phase C-O stretching,delta(H17-C8-H18),angle,0.22667836924630402,-,-0.021345830653588388,0.32478607152998284
26,1168.0332646400207,,,mixed-phase C-O stretching,delta(H16-C8-H17),angle,0.22376838678427952,-,-0.02110421945989589,0.3279997993453108
26,1168.0332646400207,,,mixed-phase C-O stretching,delta(C2-C1-H11),angle,0.1636423533821864,-,-0.022323013199136644,0.2143895044253752
26,1168.0332646400207,,,mixed-phase C-O stretching,delta(O7-C8-H16),angle,0.11007423573762722,+,0.01368238039168727,0.38386259421329905
26,1168.0332646400207,,,mixed-phase C-O stretching,nu(C4-H15),bond,0.09160021385067836,+,0.013770608962111816,0.31535783940404283
26,1168.0332646400207,,,mixed-phase C-O stretching,nu(C4-H14),bond,0.09130977094672542,+,0.0137478540586817,0.31539940001272926
26,1168.0332646400207,,,mixed-phase C-O stretching,delta(C1-C2-H12),angle,0.057326422455325265,+,0.010737343510333841,0.3246194824718769
26,1168.0332646400207,,,mixed-phase C-O stretching,nu(C2-H13),bond,0.05692311555281821,-,-0.010880254903499779,0.3139235939299812
26,1168.0332646400207,,,mixed-phase C-O stretching,nu(C2-H12),bond,0.05674400336635158,-,-0.010862993281060053,0.31393113244196713
26,1168.0332646400207,,,mixed-phase C-O stretching,delta(C1-C2-H13),angle,0.040824255973430014,+,0.010502593256691459,0.24162319421134754
26,1168.0332646400207,,,mixed-phase C-O stretching,tau(H9-C1-C2-H13),dihedral,0.031820176271829786,+,0.009619036928613694,0.22451886234893484
26,1168.0332646400207,,,mixed-phase C-O stretching,tau(H10-C1-C2-H12),dihedral,0.02128788711155166,-,-0.008985711087470401,0.17212386627012624
26,1168.0332646400207,,,mixed-phase C-O stretching,delta(C2-C1-H10),angle,0.015008055796076142,+,0.006675319613434501,0.21988405758883822
26,1168.0332646400207,,,mixed-phase C-O stretching,delta(C2-C1-H9),angle,0.01202111689428306,+,0.005973845338326731,0.21991269811803782
26,1168.0332646400207,,,mixed-phase C-O stretching,nu(C8-H16),bond,0.008664434928094978,+,0.004076606079203433,0.34037384822323485
26,1168.0332646400207,,,mixed-phase C-O stretching,nu(C8-H18),bond,0.008639462929531093,+,0.004070727979650039,0.3403737166334327
26,1168.0332646400207,,,mixed-phase C-O stretching,nu(C4-C5),bond,0.006072339654498503,+,0.0038139520710967385,0.2725329576700298
26,1168.0332646400207,,,mixed-phase C-O stretching,nu(C8-H17),bond,0.0058007982067338785,+,0.003292581246202759,0.3493238140731456
26,1168.0332646400207,,,mixed-phase C-O stretching,nu(C1-H10),bond,0.002504998221891016,-,-0.0021958545801525303,0.33916709092478864
26,1168.0332646400207,,,mixed-phase C-O stretching,nu(C1-H9),bond,0.0024417400687867033,-,-0.0021679907692392555,0.3391548315937667
26,1168.0332646400207,,,mixed-phase C-O stretching,nu(C5-O6),bond,0.0023577024735681,-,-0.001331974869600151,0.8675816801842264
26,1168.0332646400207,,,mixed-phase C-O stretching,nu(C1-H11),bond,0.0008854264618043874,+,0.0013101781095512775,0.33674817837570464
26,1168.0332646400207,,,mixed-phase C-O stretching,tau(H11-C1-C2-O3),dihedral,5.074811027617065e-06,+,0.0001397020261443832,0.16975708186529387
26,1168.0332646400207,,,mixed-phase C-O stretching,tau(C4-C5-O7-C8),dihedral,5.268749298570317e-07,+,9.259364025036566e-05,0.04011979019759074
26,1168.0332646400207,,,mixed-phase C-O stretching,tau(C5-O7-C8-H17),dihedral,4.187975984758333e-07,+,0.0001913411677467841,0.007467939282554211
26,1168.0332646400207,,,mixed-phase C-O stretching,tau(C1-C2-O3-C4),dihedral,3.2692380646860653e-07,+,0.00010889856776858364,0.01799764357765178
26,1168.0332646400207,,,mixed-phase C-O stretching,tau(C2-O3-C4-C5),dihedral,2.6019692583599196e-07,+,0.00011652766241100672,0.012510006294532647
26,1168.0332646400207,,,mixed-phase C-O stretching,"gamma(O7;C5,C4,O6)",oop,1.9416875891080436e-07,-,-3.342223663309648e-05,0.11348063861203601
26,1168.0332646400207,,,mixed-phase C-O stretching,tau(O3-C4-C5-O7),dihedral,7.1264923415982895e-09,+,2.6975139383398657e-05,0.006393841466423005
27,1175.131695949671,,,C-H bending,delta(O7-C8-H16),angle,83.99559832193141,+,0.3500079229575239,0.38386259421329905
27,1175.131695949671,,,C-H bending,delta(H16-C8-H17),angle,7.449536720427707,+,0.11276267036296535,0.3279997993453108
27,1175.131695949671,,,C-H bending,delta(H17-C8-H18),angle,7.365252180175099,-,-0.11267631128076079,0.32478607152998284
27,1175.131695949671,,,C-H bending,tau(C4-C5-O7-C8),dihedral,0.4008255672972674,+,0.07478868371655412,0.04011979019759074
27,1175.131695949671,,,C-H bending,tau(C5-O7-C8-H17),dihedral,0.32852603364373456,+,0.15693579595562882,0.007467939282554211
27,1175.131695949671,,,C-H bending,"gamma(O7;C5,C4,O6)",oop,0.15323749785147864,+,0.027495343441963343,0.11348063861203601
27,1175.131695949671,,,C-H bending,delta(C5-C4-H14),angle,0.06929282304972871,+,0.01010009403020176,0.38028783930708365
27,1175.131695949671,,,C-H bending,delta(O3-C2-H12),angle,0.06116801201907404,+,0.007184760985298659,0.6633988778702453
27,1175.131695949671,,,C-H bending,delta(O3-C4-H15),angle,0.04900442318391955,+,0.0102653551044188,0.2603528545664745
27,1175.131695949671,,,C-H bending,tau(H9-C1-C2-H12),dihedral,0.019926684686984365,+,0.0053572232976025315,0.38871434480918426
27,1175.131695949671,,,C-H bending,"gamma(H14;C4,O3,H15)",oop,0.0164688334524495,+,0.005565906062225676,0.29762273937367884
27,1175.131695949671,,,C-H bending,delta(C2-C1-H10),angle,0.01624940314278996,+,0.006432197099300707,0.21988405758883822
27,1175.131695949671,,,C-H bending,delta(C2-C1-H9),angle,0.0162159821955156,-,-0.006425160552238595,0.21991269811803782
27,1175.131695949671,,,C-H bending,"gamma(O3;C4,C5,H14)",oop,0.015885220459098896,-,-0.0051891889690674495,0.33027012495710484
27,1175.131695949671,,,C-H bending,tau(H9-C1-C2-H13),dihedral,0.011316110701551092,+,0.00531201980508916,0.22451886234893484
27,1175.131695949671,,,C-H bending,tau(H10-C1-C2-H12),dihedral,0.008784496245382706,+,0.005345340717329862,0.17212386627012624
27,1175.131695949671,,,C-H bending,tau(O3-C4-C5-O7),dihedral,0.006757616511750034,+,0.02432502793071981,0.006393841466423005
27,1175.131695949671,,,C-H bending,delta(C1-C2-H12),angle,0.003556349227563441,+,0.002476580325903017,0.3246194824718769
27,1175.131695949671,,,C-H bending,delta(C1-C2-H13),angle,0.0026851642382150175,-,-0.002494328362130635,0.24162319421134754
27,1175.131695949671,,,C-H bending,tau(H11-C1-C2-O3),dihedral,0.0026507878613094716,+,0.002956725755744394,0.16975708186529387
27,1175.131695949671,,,C-H bending,nu(C8-H18),bond,0.002461834544423191,-,-0.0020122824087670382,0.3403737166334327
27,1175.131695949671,,,C-H bending,nu(C8-H16),bond,0.002461017723545786,+,0.002011948160973994,0.34037384822323485
27,1175.131695949671,,,C-H bending,nu(C4-H14),bond,0.0007630292015354704,-,-0.0011637981337458852,0.31539940001272926
27,1175.131695949671,,,C-H bending,nu(C4-H15),bond,0.000714715135612578,+,0.0011264247447633114,0.31535783940404283
27,1175.131695949671,,,C-H bending,tau(C1-C2-O3-C4),dihedral,0.00020114380734564006,+,0.0025013992663480847,0.01799764357765178
27,1175.131695949671,,,C-H bending,tau(C2-O3-C4-C5),dihedral,0.00014066677967572487,+,0.002509022274144119,0.012510006294532647
27,1175.131695949671,,,C-H bending,nu(O3-C4),bond,9.600742912154494e-05,+,0.0003867379782137985,0.35937363468603883
27,1175.131695949671,,,C-H bending,nu(C2-H12),bond,4.729963504238302e-05,+,0.0002904351728049259,0.31393113244196713
27,1175.131695949671,,,C-H bending,nu(C2-H13),bond,4.0063311376615944e-05,-,-0.0002672999950590257,0.3139235939299812
27,1175.131695949671,,,C-H bending,nu(C1-H9),bond,3.9661254646542214e-05,+,0.0002558713900326196,0.3391548315937667
27,1175.131695949671,,,C-H bending,nu(C1-H10),bond,3.8235367552209286e-05,-,-0.0002512252515975964,0.33916709092478864
27,1175.131695949671,,,C-H bending,nu(C2-O3),bond,2.8403269311029815e-05,-,-0.00022160361720506325,0.3238095538884528
27,1175.131695949671,,,C-H bending,nu(O7-C8),bond,8.211943724277061e-06,+,0.00012151931474848143,0.31133672847542987
27,1175.131695949671,,,C-H bending,delta(C4-C5-O7),angle,6.2719381088720964e-06,-,-8.990212766049887e-05,0.434447038136364
27,1175.131695949671,,,C-H bending,nu(C1-C2),bond,3.262465769182087e-06,+,7.901815273919118e-05,0.2925278606344219
27,1175.131695949671,,,C-H bending,nu(C5-O7),bond,3.0665639960405503e-06,-,-6.740134309778364e-05,0.3779113605571353
27,1175.131695949671,,,C-H bending,nu(C4-C5),bond,2.462493798782247e-06,-,-7.112390061080943e-05,0.2725329576700298
27,1175.131695949671,,,C-H bending,delta(O3-C4-C5),angle,2.2372665006392864e-06,-,-4.0786744420655244e-05,0.7529300899535849
27,1175.131695949671,,,C-H bending,delta(C1-C2-O3),angle,2.1433200416306843e-06,-,-4.64894070299842e-05,0.5552058430791434
27,1175.131695949671,,,C-H bending,delta(C2-O3-C4),angle,9.460337609152695e-07,-,-4.5882983564588105e-05,0.25158129671049695
27,1175.131695949671,,,C-H bending,delta(O7-C8-H17),angle,5.006610409421438e-07,-,-2.6564313126695832e-05,0.397211334830457
27,1175.131695949671,,,C-H bending,delta(H16-C8-H18),angle,3.156289422129399e-07,+,2.2899771711475656e-05,0.3369686754784595
27,1175.131695949671,,,C-H bending,nu(C5-O6),bond,1.2674329209732595e-07,-,-9.04367222726291e-06,0.8675816801842264
27,1175.131695949671,,,C-H bending,delta(C5-O7-C8),angle,1.2573654985127125e-07,+,1.5704574137060635e-05,0.28541988573192933
27,1175.131695949671,,,C-H bending,delta(C2-C1-H11),angle,1.847801871600844e-08,+,6.9464585646456716e-06,0.2143895044253752
27,1175.131695949671,,,C-H bending,delta(O6-C5-O7),angle,2.6115385211715432e-09,-,-1.6387079250967078e-06,0.5444629662347688
27,1175.131695949671,,,C-H bending,nu(C8-H17),bond,2.1806260441936633e-09,-,-1.869450667205659e-06,0.3493238140731456
27,1175.131695949671,,,C-H bending,nu(C1-H11),bond,1.730822938607694e-10,-,-5.364277075793877e-07,0.33674817837570464
28,1186.1625239342397,,,mixed C-H bending / C-C torsion,delta(O3-C2-H12),angle,42.87486897284533,+,0.24704532639337917,0.6633988778702453
28,1186.1625239342397,,,mixed C-H bending / C-C torsion,tau(H9-C1-C2-H12),dihedral,12.652416909919031,+,0.17532105232910805,0.38871434480918426
28,1186.1625239342397,,,mixed C-H bending / C-C torsion,delta(C2-C1-H9),angle,11.282480645545593,-,-0.2201099883473574,0.21991269811803782
28,1186.1625239342397,,,mixed C-H bending / C-C torsion,delta(C2-C1-H10),angle,11.270880202564324,+,0.220011129827963,0.21988405758883822
28,1186.1625239342397,,,mixed C-H bending / C-C torsion,tau(H9-C1-C2-H13),dihedral,7.299118443769617,+,0.17521504508709654,0.22451886234893484
28,1186.1625239342397,,,mixed C-H bending / C-C torsion,tau(H10-C1-C2-H12),dihedral,5.593102373433262,+,0.17517351462194786,0.17212386627012624
28,1186.1625239342397,,,mixed C-H bending / C-C torsion,delta(C1-C2-H12),angle,3.63541526270575,+,0.10283769368573668,0.3246194824718769
28,1186.1625239342397,,,mixed C-H bending / C-C torsion,delta(C1-C2-H13),angle,2.711200179226939,-,-0.10293761158678745,0.24162319421134754
28,1186.1625239342397,,,mixed C-H bending / C-C torsion,tau(H11-C1-C2-O3),dihedral,1.11115207399613,+,0.07862042836717997,0.16975708186529387
28,1186.1625239342397,,,mixed C-H bending / C-C torsion,delta(C5-C4-H14),angle,1.0972256299456498,+,0.05219805955556892,0.38028783930708365
28,1186.1625239342397,,,mixed C-H bending / C-C torsion,"gamma(O7;C5,C4,O6)",oop,0.08299669443983693,-,-0.026280408891052248,0.11348063861203601
28,1186.1625239342397,,,mixed C-H bending / C-C torsion,"gamma(O3;C4,C5,H14)",oop,0.07231088417266561,+,0.014379036834442558,0.33027012495710484
28,1186.1625239342397,,,mixed C-H bending / C-C torsion,tau(C1-C2-O3-C4),dihedral,0.06732555382153126,+,0.05943533974400934,0.01799764357765178
28,1186.1625239342397,,,mixed C-H bending / C-C torsion,tau(C2-O3-C4-C5),dihedral,0.05636098529085469,+,0.06522635802459553,0.012510006294532647
28,1186.1625239342397,,,mixed C-H bending / C-C torsion,delta(O7-C8-H16),angle,0.05121449028335898,-,-0.011224606787393869,0.38386259421329905
28,1186.1625239342397,,,mixed C-H bending / C-C torsion,delta(O3-C4-H15),angle,0.04390641363019577,+,0.012619594962304831,0.2603528545664745
28,1186.1625239342397,,,mixed C-H bending / C-C torsion,nu(C1-H9),bond,0.02428228029908513,+,0.008222584315663901,0.3391548315937667
28,1186.1625239342397,,,mixed C-H bending / C-C torsion,nu(C1-H10),bond,0.024179403238218933,-,-0.008204999170473813,0.33916709092478864
28,1186.1625239342397,,,mixed C-H bending / C-C torsion,"gamma(H14;C4,O3,H15)",oop,0.016057998607629593,+,0.007137978882972274,0.29762273937367884
28,1186.1625239342397,,,mixed C-H bending / C-C torsion,nu(C4-H14),bond,0.009685750674719917,-,-0.005385162551185036,0.31539940001272926
28,1186.1625239342397,,,mixed C-H bending / C-C torsion,nu(C4-H15),bond,0.009563687310485597,+,0.005351474668949799,0.31535783940404283
28,1186.1625239342397,,,mixed C-H bending / C-C torsion,delta(H17-C8-H18),angle,0.0035935761088384853,+,0.0032324166208709047,0.32478607152998284
28,1186.1625239342397,,,mixed C-H bending / C-C torsion,delta(H16-C8-H17),angle,0.0033514465200558032,-,-0.0031062897491053497,0.3279997993453108
28,1186.1625239342397,,,mixed C-H bending / C-C torsion,nu(C2-H12),bond,0.0024407725727999523,+,0.0027096242448379883,0.31393113244196713
28,1186.1625239342397,,,mixed C-H bending / C-C torsion,nu(C2-H13),bond,0.0023675761605106965,-,-0.0026687175153510146,0.3139235939299812
28,1186.1625239342397,,,mixed C-H bending / C-C torsion,tau(C4-C5-O7-C8),dihedral,0.0011128876558856257,+,0.005118102057559861,0.04011979019759074
28,1186.1625239342397,,,mixed C-H bending / C-C torsion,tau(O3-C4-C5-O7),dihedral,0.0010442543541223902,+,0.012418948357963122,0.006393841466423005
28,1186.1625239342397,,,mixed C-H bending / C-C torsion,tau(C5-O7-C8-H17),dihedral,9.236293834695482e-05,+,0.0034175201736316024,0.007467939282554211
28,1186.1625239342397,,,mixed C-H bending / C-C torsion,nu(O3-C4),bond,6.584819419844865e-05,+,0.00041596944850455937,0.35937363468603883
28,1186.1625239342397,,,mixed C-H bending / C-C torsion,nu(C5-O7),bond,4.8270166277586776e-05,-,-0.000347301796093639,0.3779113605571353
28,1186.1625239342397,,,mixed C-H bending / C-C torsion,nu(C2-O3),bond,4.278305008343832e-05,-,-0.000353226800907353,0.3238095538884528
28,1186.1625239342397,,,mixed C-H bending / C-C torsion,delta(O6-C5-O7),angle,3.136582969674971e-05,+,0.00023324203574293613,0.5444629662347688
28,1186.1625239342397,,,mixed C-H bending / C-C torsion,nu(O7-C8),bond,1.8769693607818715e-05,+,0.00023860306524880974,0.31133672847542987
28,1186.1625239342397,,,mixed C-H bending / C-C torsion,delta(O7-C8-H17),angle,1.85322930957921e-05,-,-0.00020990189974291182,0.397211334830457
28,1186.1625239342397,,,mixed C-H bending / C-C torsion,delta(H16-C8-H18),angle,4.840157057009576e-06,+,0.0001164655729038827,0.3369686754784595
28,1186.1625239342397,,,mixed C-H bending / C-C torsion,delta(C4-C5-O7),angle,4.7861693941443875e-06,-,-0.00010199719252431303,0.434447038136364
28,1186.1625239342397,,,mixed C-H bending / C-C torsion,nu(C4-C5),bond,4.777194052772357e-06,+,0.00012865881067558344,0.2725329576700298
28,1186.1625239342397,,,mixed C-H bending / C-C torsion,delta(C2-C1-H11),angle,4.540692616568692e-06,+,0.00014142360289804104,0.2143895044253752
28,1186.1625239342397,,,mixed C-H bending / C-C torsion,delta(C5-O7-C8),angle,2.9124359681955544e-06,-,-9.81631948578792e-05,0.28541988573192933
28,1186.1625239342397,,,mixed C-H bending / C-C torsion,nu(C1-C2),bond,1.59822815483018e-06,+,7.18287612498658e-05,0.2925278606344219
28,1186.1625239342397,,,mixed C-H bending / C-C torsion,nu(C5-O6),bond,1.0627435370191714e-06,+,3.401117652989576e-05,0.8675816801842264
28,1186.1625239342397,,,mixed C-H bending / C-C torsion,nu(C8-H18),bond,8.716081216985455e-07,-,-4.917509770088416e-05,0.3403737166334327
28,1186.1625239342397,,,mixed C-H bending / C-C torsion,delta(O3-C4-C5),angle,8.477791733919823e-07,+,3.260818682983967e-05,0.7529300899535849
28,1186.1625239342397,,,mixed C-H bending / C-C torsion,delta(C2-O3-C4),angle,2.172145970232276e-07,-,-2.8554064323078823e-05,0.25158129671049695
28,1186.1625239342397,,,mixed C-H bending / C-C torsion,nu(C8-H16),bond,1.746001629900611e-07,+,2.200933068827975e-05,0.34037384822323485
28,1186.1625239342397,,,mixed C-H bending / C-C torsion,nu(C8-H17),bond,4.4685246412224226e-08,-,-1.0990832457384746e-05,0.3493238140731456
28,1186.1625239342397,,,mixed C-H bending / C-C torsion,delta(C1-C2-O3),angle,3.897954310628756e-08,+,8.142428690466092e-06,0.5552058430791434
28,1186.1625239342397,,,mixed C-H bending / C-C torsion,nu(C1-H11),bond,6.2546419747384836e-09,-,-4.188043709695806e-06,0.33674817837570464
29,1203.5573043277323,,,mixed C-H bending / mixed-phase C-O stretching,delta(O7-C8-H17),angle,28.598265194654843,+,0.2516827696506624,0.397211334830457
29,1203.5573043277323,,,mixed C-H bending / mixed-phase C-O stretching,nu(C5-O7),bond,15.061176763729705,+,0.18725306517545556,0.3779113605571353
29,1203.5573043277323,,,mixed C-H bending / mixed-phase C-O stretching,delta(O6-C5-O7),angle,14.938233968169039,-,-0.15536740521568046,0.5444629662347688
29,1203.5573043277323,,,mixed C-H bending / mixed-phase C-O stretching,"gamma(H14;C4,O3,H15)",oop,8.554723888193733,-,-0.15902463229539046,0.29762273937367884
29,1203.5573043277323,,,mixed C-H bending / mixed-phase C-O stretching,nu(C4-C5),bond,7.112524622173793,-,-0.15152937543571005,0.2725329576700298
29,1203.5573043277323,,,mixed C-H bending / mixed-phase C-O stretching,delta(H16-C8-H18),angle,5.352781867023429,-,-0.1182195941001939,0.3369686754784595
29,1203.5573043277323,,,mixed C-H bending / mixed-phase C-O stretching,nu(O7-C8),bond,4.215391887793898,-,-0.10914359521025079,0.31133672847542987
29,1203.5573043277323,,,mixed C-H bending / mixed-phase C-O stretching,nu(O3-C4),bond,3.052088714653086,+,0.08644102877031806,0.35937363468603883
29,1203.5573043277323,,,mixed C-H bending / mixed-phase C-O stretching,delta(C5-O7-C8),angle,2.6670925379099697,+,0.09067162197760742,0.28541988573192933
29,1203.5573043277323,,,mixed C-H bending / mixed-phase C-O stretching,delta(O3-C4-C5),angle,2.6317835723552228,-,-0.05545519229333428,0.7529300899535849
29,1203.5573043277323,,,mixed C-H bending / mixed-phase C-O stretching,delta(C5-C4-H14),angle,2.1298090072296945,-,-0.07019538610811861,0.38028783930708365
29,1203.5573043277323,,,mixed C-H bending / mixed-phase C-O stretching,delta(O3-C4-H15),angle,1.8338602700810709,+,0.0787220518982302,0.2603528545664745
29,1203.5573043277323,,,mixed C-H bending / mixed-phase C-O stretching,delta(O7-C8-H16),angle,1.272693388832928,-,-0.05400928818403687,0.38386259421329905
29,1203.5573043277323,,,mixed C-H bending / mixed-phase C-O stretching,nu(C5-O6),bond,1.0838475379988153,-,-0.03315304077317442,0.8675816801842264
29,1203.5573043277323,,,mixed C-H bending / mixed-phase C-O stretching,delta(C1-C2-O3),angle,0.3440373858798236,-,-0.023349106280292947,0.5552058430791434
29,1203.5573043277323,,,mixed C-H bending / mixed-phase C-O stretching,tau(H9-C1-C2-H12),dihedral,0.22344687986014353,-,-0.022488801956603712,0.38871434480918426
29,1203.5573043277323,,,mixed C-H bending / mixed-phase C-O stretching,nu(C2-O3),bond,0.18547794676438673,-,-0.022448936275342463,0.3238095538884528
29,1203.5573043277323,,,mixed C-H bending / mixed-phase C-O stretching,delta(C2-O3-C4),angle,0.1552036316049047,-,-0.023297333702251996,0.25158129671049695
29,1203.5573043277323,,,mixed C-H bending / mixed-phase C-O stretching,nu(C1-C2),bond,0.13686248289433642,+,0.020288645143279847,0.2925278606344219
29,1203.5573043277323,,,mixed C-H bending / mixed-phase C-O stretching,delta(C2-C1-H11),angle,0.07245213608002918,-,-0.017243216987316904,0.2143895044253752
29,1203.5573043277323,,,mixed C-H bending / mixed-phase C-O stretching,delta(C1-C2-H12),angle,0.05789458582827084,+,0.012526396133077386,0.3246194824718769
29,1203.5573043277323,,,mixed C-H bending / mixed-phase C-O stretching,"gamma(O3;C4,C5,H14)",oop,0.0478482371657812,-,-0.011289969849636749,0.33027012495710484
29,1203.5573043277323,,,mixed C-H bending / mixed-phase C-O stretching,delta(C4-C5-O7),angle,0.04442003873485706,+,0.009484523186363837,0.434447038136364
29,1203.5573043277323,,,mixed C-H bending / mixed-phase C-O stretching,delta(C1-C2-H13),angle,0.04121664954046523,+,0.012250716466972716,0.24162319421134754
29,1203.5573043277323,,,mixed C-H bending / mixed-phase C-O stretching,delta(C2-C1-H10),angle,0.03135868446858314,+,0.011201508243950343,0.21988405758883822
29,1203.5573043277323,,,mixed C-H bending / mixed-phase C-O stretching,delta(C2-C1-H9),angle,0.029078606822567257,+,0.010785892827324962,0.21991269811803782
29,1203.5573043277323,,,mixed C-H bending / mixed-phase C-O stretching,delta(H16-C8-H17),angle,0.023931445385288703,-,-0.008012021982447822,0.3279997993453108
29,1203.5573043277323,,,mixed C-H bending / mixed-phase C-O stretching,delta(H17-C8-H18),angle,0.023223049838329308,-,-0.007931501039205797,0.32478607152998284
29,1203.5573043277323,,,mixed C-H bending / mixed-phase C-O stretching,nu(C8-H18),bond,0.019519017994317184,+,0.007103059134294114,0.3403737166334327
29,1203.5573043277323,,,mixed C-H bending / mixed-phase C-O stretching,nu(C8-H16),bond,0.019504034325890804,+,0.007100330925942676,0.34037384822323485
29,1203.5573043277323,,,mixed C-H bending / mixed-phase C-O stretching,nu(C8-H17),bond,0.011064073776744239,+,0.005278832615454336,0.3493238140731456
29,1203.5573043277323,,,mixed C-H bending / mixed-phase C-O stretching,nu(C4-H14),bond,0.010508887261632302,-,-0.005414300943900114,0.31539940001272926
29,1203.5573043277323,,,mixed C-H bending / mixed-phase C-O stretching,nu(C4-H15),bond,0.010495967106726473,-,-0.005411328154022025,0.31535783940404283
29,1203.5573043277323,,,mixed C-H bending / mixed-phase C-O stretching,delta(O3-C2-H12),angle,0.007103415225265547,-,-0.0030693095529484528,0.6633988778702453
29,1203.5573043277323,,,mixed C-H bending / mixed-phase C-O stretching,nu(C2-H12),bond,0.0004944346249484849,-,-0.0011771497139013798,0.31393113244196713
29,1203.5573043277323,,,mixed C-H bending / mixed-phase C-O stretching,nu(C2-H13),bond,0.0004911073425937055,-,-0.0011731963179912078,0.3139235939299812
29,1203.5573043277323,,,mixed C-H bending / mixed-phase C-O stretching,nu(C1-H11),bond,7.315952951897903e-05,+,0.00043719710839938865,0.33674817837570464
29,1203.5573043277323,,,mixed C-H bending / mixed-phase C-O stretching,tau(H10-C1-C2-H12),dihedral,1.1322363616990316e-05,+,0.0002405705489422092,0.17212386627012624
29,1203.5573043277323,,,mixed C-H bending / mixed-phase C-O stretching,nu(C1-H9),bond,3.862178771054323e-06,+,0.00010009482819283012,0.3391548315937667
29,1203.5573043277323,,,mixed C-H bending / mixed-phase C-O stretching,nu(C1-H10),bond,2.9016059288854025e-06,+,8.675745791693467e-05,0.33916709092478864
29,1203.5573043277323,,,mixed C-H bending / mixed-phase C-O stretching,"gamma(O7;C5,C4,O6)",oop,1.1486274793430292e-06,+,9.436765690645603e-05,0.11348063861203601
29,1203.5573043277323,,,mixed C-H bending / mixed-phase C-O stretching,tau(H11-C1-C2-O3),dihedral,1.0997664105328872e-06,+,7.54971802663582e-05,0.16975708186529387
29,1203.5573043277323,,,mixed C-H bending / mixed-phase C-O stretching,tau(H9-C1-C2-H13),dihedral,4.069861034109399e-07,-,-3.9935380824047986e-05,0.22451886234893484
29,1203.5573043277323,,,mixed C-H bending / mixed-phase C-O stretching,tau(C4-C5-O7-C8),dihedral,9.656320492769087e-08,-,-4.601728221558301e-05,0.04011979019759074
29,1203.5573043277323,,,mixed C-H bending / mixed-phase C-O stretching,tau(C1-C2-O3-C4),dihedral,6.134920866090486e-08,+,5.476348978686315e-05,0.01799764357765178
29,1203.5573043277323,,,mixed C-H bending / mixed-phase C-O stretching,tau(C2-O3-C4-C5),dihedral,1.431790347800321e-08,+,3.1732581749506254e-05,0.012510006294532647
29,1203.5573043277323,,,mixed C-H bending / mixed-phase C-O stretching,tau(O3-C4-C5-O7),dihedral,5.0740775468275675e-09,+,2.6423605371132882e-05,0.006393841466423005
29,1203.5573043277323,,,mixed C-H bending / mixed-phase C-O stretching,tau(C5-O7-C8-H17),dihedral,2.3126624724085496e-09,-,-1.6506317476136035e-05,0.007467939282554211
30,1216.3508219841708,,,mixed C-H bending / mixed-phase C-O stretching,delta(O7-C8-H17),angle,34.9781725848314,-,-0.2772745774396882,0.397211334830457
30,1216.3508219841708,,,mixed C-H bending / mixed-phase C-O stretching,nu(C5-O7),bond,20.242213132737184,+,0.21625010814606202,0.3779113605571353
30,1216.3508219841708,,,mixed C-H bending / mixed-phase C-O stretching,delta(O7-C8-H16),angle,15.94514631006989,+,0.1904358320587156,0.38386259421329905
30,1216.3508219841708,,,mixed C-H bending / mixed-phase C-O stretching,delta(H16-C8-H17),angle,4.506314145825869,-,-0.10952071075039195,0.3279997993453108
30,1216.3508219841708,,,mixed C-H bending / mixed-phase C-O stretching,delta(H17-C8-H18),angle,4.46453801019561,-,-0.10954987208391946,0.32478607152998284
30,1216.3508219841708,,,mixed C-H bending / mixed-phase C-O stretching,delta(H16-C8-H18),angle,4.346704893883298,+,0.10612253683118675,0.3369686754784595
30,1216.3508219841708,,,mixed C-H bending / mixed-phase C-O stretching,"gamma(H14;C4,O3,H15)",oop,3.1690951502953566,-,-0.09641772834889334,0.29762273937367884
30,1216.3508219841708,,,mixed C-H bending / mixed-phase C-O stretching,nu(O7-C8),bond,2.5391159812861916,-,-0.08438172536253519,0.31133672847542987
30,1216.3508219841708,,,mixed C-H bending / mixed-phase C-O stretching,delta(O6-C5-O7),angle,2.388965621791878,-,-0.06189322151543423,0.5444629662347688
30,1216.3508219841708,,,mixed C-H bending / mixed-phase C-O stretching,delta(O3-C4-C5),angle,1.7414491738373865,-,-0.04493661819579505,0.7529300899535849
30,1216.3508219841708,,,mixed C-H bending / mixed-phase C-O stretching,delta(C5-O7-C8),angle,1.2943283247674422,-,-0.06292198634894286,0.28541988573192933
30,1216.3508219841708,,,mixed C-H bending / mixed-phase C-O stretching,nu(C4-C5),bond,1.1042121205198396,-,-0.05947562996013632,0.2725329576700298
30,1216.3508219841708,,,mixed C-H bending / mixed-phase C-O stretching,delta(O3-C4-H15),angle,0.7457957844725943,+,0.05000933744070995,0.2603528545664745
30,1216.3508219841708,,,mixed C-H bending / mixed-phase C-O stretching,nu(O3-C4),bond,0.6795395385121149,+,0.04063091193590632,0.35937363468603883
30,1216.3508219841708,,,mixed C-H bending / mixed-phase C-O stretching,delta(C5-C4-H14),angle,0.5973702363713754,-,-0.0370329135801264,0.38028783930708365
30,1216.3508219841708,,,mixed C-H bending / mixed-phase C-O stretching,tau(H9-C1-C2-H12),dihedral,0.25292119016203835,-,-0.023834148175316854,0.38871434480918426
30,1216.3508219841708,,,mixed C-H bending / mixed-phase C-O stretching,delta(C4-C5-O7),angle,0.2326114827133851,-,-0.02162068577130759,0.434447038136364
30,1216.3508219841708,,,mixed C-H bending / mixed-phase C-O stretching,delta(C1-C2-O3),angle,0.19516935077792422,-,-0.017518668923841345,0.5552058430791434
30,1216.3508219841708,,,mixed C-H bending / mixed-phase C-O stretching,delta(C2-O3-C4),angle,0.14170062360634003,-,-0.022175275067671724,0.25158129671049695
30,1216.3508219841708,,,mixed C-H bending / mixed-phase C-O stretching,delta(C2-C1-H11),angle,0.0811215049330308,-,-0.018175591352704756,0.2143895044253752
30,1216.3508219841708,,,mixed C-H bending / mixed-phase C-O stretching,"gamma(O3;C4,C5,H14)",oop,0.06149612387263835,-,-0.012750039685648036,0.33027012495710484
30,1216.3508219841708,,,mixed C-H bending / mixed-phase C-O stretching,delta(C1-C2-H12),angle,0.05977728706412601,+,0.012679528976701498,0.3246194824718769
30,1216.3508219841708,,,mixed C-H bending / mixed-phase C-O stretching,nu(C1-C2),bond,0.05287287435749048,+,0.012561894838797627,0.2925278606344219
30,1216.3508219841708,,,mixed C-H bending / mixed-phase C-O stretching,delta(C1-C2-H13),angle,0.04371337125956018,+,0.012567825746026601,0.24162319421134754
30,1216.3508219841708,,,mixed C-H bending / mixed-phase C-O stretching,delta(C2-C1-H10),angle,0.03255940930085216,+,0.011370084645634349,0.21988405758883822
30,1216.3508219841708,,,mixed C-H bending / mixed-phase C-O stretching,delta(C2-C1-H9),angle,0.031774972412011174,+,0.011231551377898115,0.21991269811803782
30,1216.3508219841708,,,mixed C-H bending / mixed-phase C-O stretching,delta(O3-C2-H12),angle,0.029816003220308664,-,-0.006264114068196351,0.6633988778702453
30,1216.3508219841708,,,mixed C-H bending / mixed-phase C-O stretching,nu(C8-H17),bond,0.017012183410049276,+,0.006520610244333832,0.3493238140731456
30,1216.3508219841708,,,mixed C-H bending / mixed-phase C-O stretching,nu(C8-H16),bond,0.00943438455286932,+,0.004919273911901742,0.34037384822323485
30,1216.3508219841708,,,mixed C-H bending / mixed-phase C-O stretching,nu(C8-H18),bond,0.009419085768489974,+,0.00491528470002991,0.3403737166334327
30,1216.3508219841708,,,mixed C-H bending / mixed-phase C-O stretching,nu(C2-O3),bond,0.0009887610154220225,+,0.001632762994286749,0.3238095538884528
30,1216.3508219841708,,,mixed C-H bending / mixed-phase C-O stretching,nu(C4-H14),bond,0.0008958335967147857,-,-0.0015747280085054631,0.31539940001272926
30,1216.3508219841708,,,mixed C-H bending / mixed-phase C-O stretching,nu(C4-H15),bond,0.0008928237818684705,-,-0.0015721839910677346,0.31535783940404283
30,1216.3508219841708,,,mixed C-H bending / mixed-phase C-O stretching,nu(C2-H12),bond,0.0006335958583893852,-,-0.001327428941031515,0.31393113244196713
30,1216.3508219841708,,,mixed C-H bending / mixed-phase C-O stretching,nu(C2-H13),bond,0.0006308922954466889,-,-0.0013246097381280305,0.3139235939299812
30,1216.3508219841708,,,mixed C-H bending / mixed-phase C-O stretching,tau(H9-C1-C2-H13),dihedral,0.000589837370215271,-,-0.0015144747477068474,0.22451886234893484
30,1216.3508219841708,,,mixed C-H bending / mixed-phase C-O stretching,tau(H10-C1-C2-H12),dihedral,0.0004739907988374978,+,0.001550553371798429,0.17212386627012624
30,1216.3508219841708,,,mixed C-H bending / mixed-phase C-O stretching,nu(C5-O6),bond,0.0003379730150064919,-,-0.0005831874063816532,0.8675816801842264
30,1216.3508219841708,,,mixed C-H bending / mixed-phase C-O stretching,nu(C1-H11),bond,0.00017524405562147405,+,0.000674048785669473,0.33674817837570464
30,1216.3508219841708,,,mixed C-H bending / mixed-phase C-O stretching,nu(C1-H10),bond,9.883959361554657e-06,-,-0.00015950743556189116,0.33916709092478864
30,1216.3508219841708,,,mixed C-H bending / mixed-phase C-O stretching,nu(C1-H9),bond,9.42509211297058e-06,-,-0.0001557636473232683,0.3391548315937667
30,1216.3508219841708,,,mixed C-H bending / mixed-phase C-O stretching,"gamma(O7;C5,C4,O6)",oop,7.401730970215937e-07,+,7.546195856498101e-05,0.11348063861203601
30,1216.3508219841708,,,mixed C-H bending / mixed-phase C-O stretching,tau(H11-C1-C2-O3),dihedral,1.3237236031433723e-07,+,2.6091978762002823e-05,0.16975708186529387
30,1216.3508219841708,,,mixed C-H bending / mixed-phase C-O stretching,tau(C1-C2-O3-C4),dihedral,5.345687871846842e-09,+,1.6103351981093768e-05,0.01799764357765178
30,1216.3508219841708,,,mixed C-H bending / mixed-phase C-O stretching,tau(C5-O7-C8-H17),dihedral,2.8357566589503175e-09,+,1.8207755027722686e-05,0.007467939282554211
30,1216.3508219841708,,,mixed C-H bending / mixed-phase C-O stretching,tau(C4-C5-O7-C8),dihedral,7.912894921131539e-10,+,4.149642501642219e-06,0.04011979019759074
30,1216.3508219841708,,,mixed C-H bending / mixed-phase C-O stretching,tau(O3-C4-C5-O7),dihedral,7.781536999646594e-10,+,1.0307991979437792e-05,0.006393841466423005
30,1216.3508219841708,,,mixed C-H bending / mixed-phase C-O stretching,tau(C2-O3-C4-C5),dihedral,5.6150641491048226e-11,+,1.9795702003506225e-06,0.012510006294532647
31,1259.4420285908373,,,mixed C-H bending / C-O out-of-plane bending,delta(O3-C4-H15),angle,36.94471532306015,+,0.33477983569470043,0.2603528545664745
31,1259.4420285908373,,,mixed C-H bending / C-O out-of-plane bending,delta(C5-C4-H14),angle,29.7615430937779,+,0.24861985284200025,0.38028783930708365
31,1259.4420285908373,,,mixed C-H bending / C-O out-of-plane bending,"gamma(O3;C4,C5,H14)",oop,18.340552952014384,-,-0.20942854173476144,0.33027012495710484
31,1259.4420285908373,,,mixed C-H bending / C-O out-of-plane bending,"gamma(H14;C4,O3,H15)",oop,12.472700949055964,+,0.18193300862238904,0.29762273937367884
31,1259.4420285908373,,,mixed C-H bending / C-O out-of-plane bending,delta(C1-C2-H12),angle,0.5950366480243322,-,-0.03804949247411511,0.3246194824718769
31,1259.4420285908373,,,mixed C-H bending / C-O out-of-plane bending,"gamma(O7;C5,C4,O6)",oop,0.5110098101590662,-,-0.059637308466838866,0.11348063861203601
31,1259.4420285908373,,,mixed C-H bending / C-O out-of-plane bending,delta(C1-C2-H13),angle,0.4449992983678241,+,0.038139470029998054,0.24162319421134754
31,1259.4420285908373,,,mixed C-H bending / C-O out-of-plane bending,delta(C2-C1-H9),angle,0.2522186545065696,+,0.030097314769983476,0.21991269811803782
31,1259.4420285908373,,,mixed C-H bending / C-O out-of-plane bending,delta(C2-C1-H10),angle,0.25146458954976686,-,-0.030054246846954874,0.21988405758883822
31,1259.4420285908373,,,mixed C-H bending / C-O out-of-plane bending,delta(O3-C2-H12),angle,0.16021379021261536,-,-0.013811055885197243,0.6633988778702453
31,1259.4420285908373,,,mixed C-H bending / C-O out-of-plane bending,nu(C4-H14),bond,0.05616909394728775,-,-0.01185994238668526,0.31539940001272926
31,1259.4420285908373,,,mixed C-H bending / C-O out-of-plane bending,nu(C4-H15),bond,0.056055884797149,+,0.011848765155042715,0.31535783940404283
31,1259.4420285908373,,,mixed C-H bending / C-O out-of-plane bending,delta(O7-C8-H16),angle,0.05009228387608611,-,-0.010152238716291711,0.38386259421329905
31,1259.4420285908373,,,mixed C-H bending / C-O out-of-plane bending,tau(O3-C4-C5-O7),dihedral,0.025855038633022572,-,-0.05651398930794794,0.006393841466423005
31,1259.4420285908373,,,mixed C-H bending / C-O out-of-plane bending,nu(C2-H12),bond,0.01734612436985336,+,0.006606148563091792,0.31393113244196713
31,1259.4420285908373,,,mixed C-H bending / C-O out-of-plane bending,nu(C2-H13),bond,0.017303745340363604,-,-0.006598152973622926,0.3139235939299812
31,1259.4420285908373,,,mixed C-H bending / C-O out-of-plane bending,tau(C2-O3-C4-C5),dihedral,0.01631330722326278,-,-0.03209272132856755,0.012510006294532647
31,1259.4420285908373,,,mixed C-H bending / C-O out-of-plane bending,tau(C1-C2-O3-C4),dihedral,0.013239798613129558,+,0.024104446737731985,0.01799764357765178
31,1259.4420285908373,,,mixed C-H bending / C-O out-of-plane bending,tau(C5-O7-C8-H17),dihedral,0.004772318512949844,+,0.02246614839279686,0.007467939282554211
31,1259.4420285908373,,,mixed C-H bending / C-O out-of-plane bending,delta(H17-C8-H18),angle,0.0024492894706197566,+,0.0024405384888989295,0.32478607152998284
31,1259.4420285908373,,,mixed C-H bending / C-O out-of-plane bending,delta(H16-C8-H17),angle,0.0024132270798570207,-,-0.002410608077935108,0.3279997993453108
31,1259.4420285908373,,,mixed C-H bending / C-O out-of-plane bending,tau(H11-C1-C2-O3),dihedral,0.002127170362238378,+,0.0031459476223177347,0.16975708186529387
31,1259.4420285908373,,,mixed C-H bending / C-O out-of-plane bending,tau(H9-C1-C2-H12),dihedral,0.0005400158900533099,-,-0.0010474957925598524,0.38871434480918426
31,1259.4420285908373,,,mixed C-H bending / C-O out-of-plane bending,tau(H9-C1-C2-H13),dihedral,0.00026357867077972093,-,-0.0009629262295703647,0.22451886234893484
31,1259.4420285908373,,,mixed C-H bending / C-O out-of-plane bending,tau(H10-C1-C2-H12),dihedral,0.00020887583591357913,-,-0.0009790116405493864,0.17212386627012624
31,1259.4420285908373,,,mixed C-H bending / C-O out-of-plane bending,tau(C4-C5-O7-C8),dihedral,0.00016721199567203485,-,-0.0018143400610473287,0.04011979019759074
31,1259.4420285908373,,,mixed C-H bending / C-O out-of-plane bending,nu(C1-H9),bond,0.00010212777770674713,-,-0.00048768257475896,0.3391548315937667
31,1259.4420285908373,,,mixed C-H bending / C-O out-of-plane bending,nu(C1-H10),bond,0.00010074298496339832,+,0.00048435619145015333,0.33916709092478864
31,1259.4420285908373,,,mixed C-H bending / C-O out-of-plane bending,nu(C8-H18),bond,6.5207282583459044e-06,-,-0.00012300827949265252,0.3403737166334327
31,1259.4420285908373,,,mixed C-H bending / C-O out-of-plane bending,nu(C8-H16),bond,5.997915306268496e-06,+,0.00011797401871246171,0.34037384822323485
31,1259.4420285908373,,,mixed C-H bending / C-O out-of-plane bending,nu(C5-O7),bond,2.541228586391427e-06,-,-7.287711868259114e-05,0.3779113605571353
31,1259.4420285908373,,,mixed C-H bending / C-O out-of-plane bending,nu(C4-C5),bond,1.9996581722958974e-06,+,7.61259399422862e-05,0.2725329576700298
31,1259.4420285908373,,,mixed C-H bending / C-O out-of-plane bending,delta(O6-C5-O7),angle,1.835704481941582e-06,+,5.160377978176422e-05,0.5444629662347688
31,1259.4420285908373,,,mixed C-H bending / C-O out-of-plane bending,delta(C2-O3-C4),angle,1.2796312962289426e-06,-,-6.338223546179409e-05,0.25158129671049695
31,1259.4420285908373,,,mixed C-H bending / C-O out-of-plane bending,delta(C1-C2-O3),angle,1.1408241135820106e-06,-,-4.0285302922079576e-05,0.5552058430791434
31,1259.4420285908373,,,mixed C-H bending / C-O out-of-plane bending,nu(C5-O6),bond,1.0583761910872368e-06,+,3.104053127593343e-05,0.8675816801842264
31,1259.4420285908373,,,mixed C-H bending / C-O out-of-plane bending,nu(C2-O3),bond,8.749689694565587e-07,+,4.619721532449619e-05,0.3238095538884528
31,1259.4420285908373,,,mixed C-H bending / C-O out-of-plane bending,delta(C2-C1-H11),angle,7.08436802723289e-07,-,-5.108731740890845e-05,0.2143895044253752
31,1259.4420285908373,,,mixed C-H bending / C-O out-of-plane bending,nu(O3-C4),bond,3.457510798994064e-07,+,2.7565950254979767e-05,0.35937363468603883
31,1259.4420285908373,,,mixed C-H bending / C-O out-of-plane bending,delta(O3-C4-C5),angle,2.3115051407906114e-07,-,-1.5571641858856433e-05,0.7529300899535849
31,1259.4420285908373,,,mixed C-H bending / C-O out-of-plane bending,delta(C4-C5-O7),angle,2.235226568536694e-07,+,2.0158427758683027e-05,0.434447038136364
31,1259.4420285908373,,,mixed C-H bending / C-O out-of-plane bending,nu(O7-C8),bond,2.1463030573907267e-07,+,2.333429289387476e-05,0.31133672847542987
31,1259.4420285908373,,,mixed C-H bending / C-O out-of-plane bending,delta(O7-C8-H17),angle,7.005006468365878e-08,+,1.1802058291447412e-05,0.397211334830457
31,1259.4420285908373,,,mixed C-H bending / C-O out-of-plane bending,delta(C5-O7-C8),angle,1.112426383964612e-08,-,-5.548273073230288e-06,0.28541988573192933
31,1259.4420285908373,,,mixed C-H bending / C-O out-of-plane bending,nu(C1-H11),bond,1.1155029642980709e-09,+,1.6175102384218837e-06,0.33674817837570464
31,1259.4420285908373,,,mixed C-H bending / C-O out-of-plane bending,nu(C8-H17),bond,1.0064690708621264e-09,-,-1.5085177391923727e-06,0.3493238140731456
31,1259.4420285908373,,,mixed C-H bending / C-O out-of-plane bending,delta(H16-C8-H18),angle,6.217442840294059e-11,+,3.817468276790725e-07,0.3369686754784595
31,1259.4420285908373,,,mixed C-H bending / C-O out-of-plane bending,nu(C1-C2),bond,5.2721900558859264e-12,+,1.1930982613821868e-07,0.2925278606344219
32,1303.2349429023686,,,mixed C-H bending / C-C torsion,delta(O3-C2-H12),angle,33.27839749022458,+,0.2699150501790279,0.6633988778702453
32,1303.2349429023686,,,mixed C-H bending / C-C torsion,delta(C1-C2-H12),angle,18.179436496060767,-,-0.28519124104051846,0.3246194824718769
32,1303.2349429023686,,,mixed C-H bending / C-C torsion,tau(H9-C1-C2-H12),dihedral,13.610570297309103,+,0.2255049827688672,0.38871434480918426
32,1303.2349429023686,,,mixed C-H bending / C-C torsion,delta(C1-C2-H13),angle,13.501654147705816,+,0.28487703713510193,0.24162319421134754
32,1303.2349429023686,,,mixed C-H bending / C-C torsion,tau(H9-C1-C2-H13),dihedral,7.861129265346598,+,0.22550143883785345,0.22451886234893484
32,1303.2349429023686,,,mixed C-H bending / C-C torsion,tau(H10-C1-C2-H12),dihedral,6.0260838619913395,+,0.22549156675997367,0.17212386627012624
32,1303.2349429023686,,,mixed C-H bending / C-C torsion,delta(C2-C1-H10),angle,2.8505426552095794,-,-0.13721455001229685,0.21988405758883822
32,1303.2349429023686,,,mixed C-H bending / C-C torsion,delta(C2-C1-H9),angle,2.8486377861574073,+,0.13715976324981438,0.21991269811803782
32,1303.2349429023686,,,mixed C-H bending / C-C torsion,tau(H11-C1-C2-O3),dihedral,1.2567127935112226,-,-0.1036901093598964,0.16975708186529387
32,1303.2349429023686,,,mixed C-H bending / C-C torsion,delta(O3-C4-H15),angle,0.21910278348164444,-,-0.03496037162428058,0.2603528545664745
32,1303.2349429023686,,,mixed C-H bending / C-C torsion,"gamma(O3;C4,C5,H14)",oop,0.18542177064940413,+,0.028554790718892623,0.33027012495710484
32,1303.2349429023686,,,mixed C-H bending / C-C torsion,"gamma(H14;C4,O3,H15)",oop,0.07316619744627542,-,-0.018895372259771535,0.29762273937367884
32,1303.2349429023686,,,mixed C-H bending / C-C torsion,delta(C5-C4-H14),angle,0.04418806377646377,-,-0.01299060962032162,0.38028783930708365
32,1303.2349429023686,,,mixed C-H bending / C-C torsion,tau(C1-C2-O3-C4),dihedral,0.03184410903430471,-,-0.0506920661141341,0.01799764357765178
32,1303.2349429023686,,,mixed C-H bending / C-C torsion,nu(C2-H12),bond,0.010723181160146577,+,0.007043327670271012,0.31393113244196713
32,1303.2349429023686,,,mixed C-H bending / C-C torsion,nu(C2-H13),bond,0.01065281859922678,-,-0.007020265740267518,0.3139235939299812
32,1303.2349429023686,,,mixed C-H bending / C-C torsion,nu(C4-H14),bond,0.004265597589519618,-,-0.004431928799238921,0.31539940001272926
32,1303.2349429023686,,,mixed C-H bending / C-C torsion,nu(C4-H15),bond,0.004240013612817428,+,0.004418909168337397,0.31535783940404283
32,1303.2349429023686,,,mixed C-H bending / C-C torsion,tau(O3-C4-C5-O7),dihedral,0.0012556354229913843,+,0.01688822912886891,0.006393841466423005
32,1303.2349429023686,,,mixed C-H bending / C-C torsion,"gamma(O7;C5,C4,O6)",oop,0.0006510068195840216,+,0.002886457373741906,0.11348063861203601
32,1303.2349429023686,,,mixed C-H bending / C-C torsion,tau(C2-O3-C4-C5),dihedral,0.0005422186734779659,+,0.0079339915919894,0.012510006294532647
32,1303.2349429023686,,,mixed C-H bending / C-C torsion,nu(C1-H9),bond,0.00034508493173249075,-,-0.001215618382278838,0.3391548315937667
32,1303.2349429023686,,,mixed C-H bending / C-C torsion,nu(C1-H10),bond,0.0003428459093265884,+,0.0012116464039966068,0.33916709092478864
32,1303.2349429023686,,,mixed C-H bending / C-C torsion,delta(O7-C8-H16),angle,5.78570572738088e-05,+,0.0004678682109545991,0.38386259421329905
32,1303.2349429023686,,,mixed C-H bending / C-C torsion,tau(C4-C5-O7-C8),dihedral,1.4977607063171373e-05,+,0.0007363345091220294,0.04011979019759074
32,1303.2349429023686,,,mixed C-H bending / C-C torsion,tau(C5-O7-C8-H17),dihedral,1.1365743875831806e-05,-,-0.001486728984590787,0.007467939282554211
32,1303.2349429023686,,,mixed C-H bending / C-C torsion,nu(O3-C4),bond,2.3666029890524793e-06,+,9.779639888032537e-05,0.35937363468603883
32,1303.2349429023686,,,mixed C-H bending / C-C torsion,nu(C4-C5),bond,2.0143658220775743e-06,-,-0.00010360791218068254,0.2725329576700298
32,1303.2349429023686,,,mixed C-H bending / C-C torsion,nu(C5-O7),bond,1.5496058729880555e-06,+,7.717007422021134e-05,0.3779113605571353
32,1303.2349429023686,,,mixed C-H bending / C-C torsion,delta(O6-C5-O7),angle,9.032478730891755e-07,-,-4.908542620316351e-05,0.5444629662347688
32,1303.2349429023686,,,mixed C-H bending / C-C torsion,nu(C1-C2),bond,8.159693780154648e-07,+,6.364826619075553e-05,0.2925278606344219
32,1303.2349429023686,,,mixed C-H bending / C-C torsion,nu(C2-O3),bond,6.242023734326639e-07,-,-5.2911630358577336e-05,0.3238095538884528
32,1303.2349429023686,,,mixed C-H bending / C-C torsion,delta(H17-C8-H18),angle,6.007627602101181e-07,-,-5.183058000550871e-05,0.32478607152998284
32,1303.2349429023686,,,mixed C-H bending / C-C torsion,delta(O3-C4-C5),angle,1.9421310262264134e-07,-,-1.9355090276151602e-05,0.7529300899535849
32,1303.2349429023686,,,mixed C-H bending / C-C torsion,nu(O7-C8),bond,1.1528136034337936e-07,-,-2.3189833605402294e-05,0.31133672847542987
32,1303.2349429023686,,,mixed C-H bending / C-C torsion,delta(O7-C8-H17),angle,9.4136338341638e-08,+,1.855244270675316e-05,0.397211334830457
32,1303.2349429023686,,,mixed C-H bending / C-C torsion,delta(C4-C5-O7),angle,9.304067965182296e-08,-,-1.7636048384570264e-05,0.434447038136364
32,1303.2349429023686,,,mixed C-H bending / C-C torsion,nu(C5-O6),bond,8.497171992194618e-08,-,-1.1926562350093286e-05,0.8675816801842264
32,1303.2349429023686,,,mixed C-H bending / C-C torsion,delta(C1-C2-O3),angle,7.652643570336191e-08,-,-1.4148551955571537e-05,0.5552058430791434
32,1303.2349429023686,,,mixed C-H bending / C-C torsion,nu(C8-H18),bond,4.284195371087961e-08,+,1.3520410894203893e-05,0.3403737166334327
32,1303.2349429023686,,,mixed C-H bending / C-C torsion,delta(H16-C8-H18),angle,3.415815431662835e-08,-,-1.2133488912053026e-05,0.3369686754784595
32,1303.2349429023686,,,mixed C-H bending / C-C torsion,delta(C5-O7-C8),angle,2.1070181153764946e-08,+,1.0354408286202159e-05,0.28541988573192933
32,1303.2349429023686,,,mixed C-H bending / C-C torsion,nu(C8-H16),bond,1.878587649661147e-08,-,-8.953047815958443e-06,0.34037384822323485
32,1303.2349429023686,,,mixed C-H bending / C-C torsion,delta(C2-O3-C4),angle,1.829131671210003e-08,-,-1.0275822032079006e-05,0.25158129671049695
32,1303.2349429023686,,,mixed C-H bending / C-C torsion,delta(C2-C1-H11),angle,5.8288971869586026e-09,-,-6.283833978311168e-06,0.2143895044253752
32,1303.2349429023686,,,mixed C-H bending / C-C torsion,delta(H16-C8-H17),angle,3.5754678954804307e-09,+,3.978899019347515e-06,0.3279997993453108
32,1303.2349429023686,,,mixed C-H bending / C-C torsion,nu(C8-H17),bond,1.124323292018927e-09,+,2.162045215051852e-06,0.3493238140731456
32,1303.2349429023686,,,mixed C-H bending / C-C torsion,nu(C1-H11),bond,3.6558441272128705e-10,+,1.2556669765705823e-06,0.33674817837570464
33,1394.7782798306218,,,mixed C-H bending / C-H out-of-plane bending,delta(O3-C2-H12),angle,21.741868604651337,+,0.22622133306282888,0.6633988778702453
33,1394.7782798306218,,,mixed C-H bending / C-H out-of-plane bending,"gamma(H14;C4,O3,H15)",oop,18.130077584681985,+,0.3084176804428558,0.29762273937367884
33,1394.7782798306218,,,mixed C-H bending / C-H out-of-plane bending,delta(C1-C2-H12),angle,11.910433490816743,-,-0.23935857120431459,0.3246194824718769
33,1394.7782798306218,,,mixed C-H bending / C-H out-of-plane bending,delta(C5-C4-H14),angle,9.88234186205248,+,0.20144022965956002,0.38028783930708365
33,1394.7782798306218,,,mixed C-H bending / C-H out-of-plane bending,delta(C1-C2-H13),angle,8.88206071346891,-,-0.23958523394443468,0.24162319421134754
33,1394.7782798306218,,,mixed C-H bending / C-H out-of-plane bending,tau(H9-C1-C2-H12),dihedral,8.86466435195134,+,0.1887071494608807,0.38871434480918426
33,1394.7782798306218,,,mixed C-H bending / C-H out-of-plane bending,delta(O3-C4-H15),angle,5.181432003591539,-,-0.17628534904800777,0.2603528545664745
33,1394.7782798306218,,,mixed C-H bending / C-H out-of-plane bending,delta(C2-C1-H11),angle,3.1687323177455164,+,0.151919494467686,0.2143895044253752
33,1394.7782798306218,,,mixed C-H bending / C-H out-of-plane bending,nu(C4-C5),bond,2.819154624074357,-,-0.12709323190948305,0.2725329576700298
33,1394.7782798306218,,,mixed C-H bending / C-H out-of-plane bending,"gamma(O3;C4,C5,H14)",oop,1.2430678929408034,-,-0.0766629045348446,0.33027012495710484
33,1394.7782798306218,,,mixed C-H bending / C-H out-of-plane bending,nu(C5-O7),bond,1.1181487556901064,+,0.06797157116074543,0.3779113605571353
33,1394.7782798306218,,,mixed C-H bending / C-H out-of-plane bending,tau(H9-C1-C2-H13),dihedral,0.8796127734197688,-,-0.0782153219633352,0.22451886234893484
33,1394.7782798306218,,,mixed C-H bending / C-H out-of-plane bending,nu(O3-C4),bond,0.7355029496748358,+,0.05653164114824571,0.35937363468603883
33,1394.7782798306218,,,mixed C-H bending / C-H out-of-plane bending,delta(C2-C1-H10),angle,0.6942609483924997,+,0.07021614585622638,0.21988405758883822
33,1394.7782798306218,,,mixed C-H bending / C-H out-of-plane bending,delta(C2-C1-H9),angle,0.6931665022813321,+,0.07015621012099785,0.21991269811803782
33,1394.7782798306218,,,mixed C-H bending / C-H out-of-plane bending,delta(O6-C5-O7),angle,0.6907872272624483,-,-0.044510294431451145,0.5444629662347688
33,1394.7782798306218,,,mixed C-H bending / C-H out-of-plane bending,nu(C2-O3),bond,0.6900120789932424,-,-0.0576840849363113,0.3238095538884528
33,1394.7782798306218,,,mixed C-H bending / C-H out-of-plane bending,tau(H10-C1-C2-H12),dihedral,0.6711415595019598,+,0.07802953343857662,0.17212386627012624
33,1394.7782798306218,,,mixed C-H bending / C-H out-of-plane bending,nu(C1-C2),bond,0.35994329877145537,+,0.043833476733256,0.2925278606344219
33,1394.7782798306218,,,mixed C-H bending / C-H out-of-plane bending,delta(H16-C8-H17),angle,0.35348727997834095,-,-0.04102254465345472,0.3279997993453108
33,1394.7782798306218,,,mixed C-H bending / C-H out-of-plane bending,delta(O7-C8-H17),angle,0.35329159116918424,+,0.03726733385668476,0.397211334830457
33,1394.7782798306218,,,mixed C-H bending / C-H out-of-plane bending,delta(H17-C8-H18),angle,0.3504969314460178,-,-0.041050259048652886,0.32478607152998284
33,1394.7782798306218,,,mixed C-H bending / C-H out-of-plane bending,delta(O7-C8-H16),angle,0.2634895297748648,+,0.03273906516373721,0.38386259421329905
33,1394.7782798306218,,,mixed C-H bending / C-H out-of-plane bending,nu(O7-C8),bond,0.08970686306865347,-,-0.0212114396888386,0.31133672847542987
33,1394.7782798306218,,,mixed C-H bending / C-H out-of-plane bending,delta(H16-C8-H18),angle,0.07898939287436438,-,-0.019132076670304542,0.3369686754784595
33,1394.7782798306218,,,mixed C-H bending / C-H out-of-plane bending,delta(C4-C5-O7),angle,0.041888988550174096,-,-0.012270266823078768,0.434447038136364
33,1394.7782798306218,,,mixed C-H bending / C-H out-of-plane bending,nu(C4-H14),bond,0.02149638725014691,-,-0.010316319817794966,0.31539940001272926
33,1394.7782798306218,,,mixed C-H bending / C-H out-of-plane bending,nu(C4-H15),bond,0.021433796318248422,-,-0.010301968653267577,0.31535783940404283
33,1394.7782798306218,,,mixed C-H bending / C-H out-of-plane bending,delta(C5-O7-C8),angle,0.01667251628608056,+,0.00955060648926873,0.28541988573192933
33,1394.7782798306218,,,mixed C-H bending / C-H out-of-plane bending,nu(C5-O6),bond,0.014670381874884416,-,-0.00513851954900784,0.8675816801842264
33,1394.7782798306218,,,mixed C-H bending / C-H out-of-plane bending,nu(C1-H10),bond,0.008519075857366937,+,0.006262703912028783,0.33916709092478864
33,1394.7782798306218,,,mixed C-H bending / C-H out-of-plane bending,nu(C1-H9),bond,0.008509927550238683,+,0.0062594534969043205,0.3391548315937667
33,1394.7782798306218,,,mixed C-H bending / C-H out-of-plane bending,delta(O3-C4-C5),angle,0.0049166398659122425,-,-0.0031932238364436984,0.7529300899535849
33,1394.7782798306218,,,mixed C-H bending / C-H out-of-plane bending,nu(C2-H12),bond,0.004892859578988019,+,0.0049332903057538865,0.31393113244196713
33,1394.7782798306218,,,mixed C-H bending / C-H out-of-plane bending,nu(C2-H13),bond,0.004886678981780734,+,0.004930232682622478,0.3139235939299812
33,1394.7782798306218,,,mixed C-H bending / C-H out-of-plane bending,nu(C8-H17),bond,0.0014300555825389105,+,0.002528336371754107,0.3493238140731456
33,1394.7782798306218,,,mixed C-H bending / C-H out-of-plane bending,nu(C8-H18),bond,0.0012833223235589949,+,0.0024263997702369815,0.3403737166334327
33,1394.7782798306218,,,mixed C-H bending / C-H out-of-plane bending,nu(C8-H16),bond,0.0012829473692672854,+,0.002426044809091986,0.34037384822323485
33,1394.7782798306218,,,mixed C-H bending / C-H out-of-plane bending,delta(C1-C2-O3),angle,0.001127647489927805,+,0.0017808697412319905,0.5552058430791434
33,1394.7782798306218,,,mixed C-H bending / C-H out-of-plane bending,nu(C1-H11),bond,0.0010199310636236788,+,0.0021747296325345888,0.33674817837570464
33,1394.7782798306218,,,mixed C-H bending / C-H out-of-plane bending,delta(C2-O3-C4),angle,9.757768568275609e-05,-,-0.0007782310802099086,0.25158129671049695
33,1394.7782798306218,,,mixed C-H bending / C-H out-of-plane bending,"gamma(O7;C5,C4,O6)",oop,1.0094121855086113e-07,+,3.726884006050012e-05,0.11348063861203601
33,1394.7782798306218,,,mixed C-H bending / C-H out-of-plane bending,tau(H11-C1-C2-O3),dihedral,1.4212862801474917e-08,+,1.1434029845241946e-05,0.16975708186529387
33,1394.7782798306218,,,mixed C-H bending / C-H out-of-plane bending,tau(C2-O3-C4-C5),dihedral,1.1434864851746046e-08,-,-3.7779764294749334e-05,0.012510006294532647
33,1394.7782798306218,,,mixed C-H bending / C-H out-of-plane bending,tau(C1-C2-O3-C4),dihedral,8.468414111834728e-09,+,2.7106017245485104e-05,0.01799764357765178
33,1394.7782798306218,,,mixed C-H bending / C-H out-of-plane bending,tau(C5-O7-C8-H17),dihedral,2.246183685878584e-09,+,2.1671787583549108e-05,0.007467939282554211
33,1394.7782798306218,,,mixed C-H bending / C-H out-of-plane bending,tau(O3-C4-C5-O7),dihedral,4.411590584979607e-10,-,-1.0379804141623827e-05,0.006393841466423005
33,1394.7782798306218,,,mixed C-H bending / C-H out-of-plane bending,tau(C4-C5-O7-C8),dihedral,3.5279032323796925e-10,-,-3.705539914324214e-06,0.04011979019759074
34,1416.8467104039457,,,mixed C-H bending / C-H out-of-plane bending,"gamma(H14;C4,O3,H15)",oop,23.707906906125423,-,-0.27446926610799227,0.29762273937367884
34,1416.8467104039457,,,mixed C-H bending / C-H out-of-plane bending,delta(C2-C1-H11),angle,18.418014247063127,+,0.28503606340933685,0.2143895044253752
34,1416.8467104039457,,,mixed C-H bending / C-H out-of-plane bending,delta(C2-C1-H9),angle,15.813349534016114,+,0.26077559867948646,0.21991269811803782
34,1416.8467104039457,,,mixed C-H bending / C-H out-of-plane bending,delta(C2-C1-H10),angle,15.810417225687521,+,0.26076840068515295,0.21988405758883822
34,1416.8467104039457,,,mixed C-H bending / C-H out-of-plane bending,delta(C5-C4-H14),angle,10.766542025113685,-,-0.16362967594385655,0.38028783930708365
34,1416.8467104039457,,,mixed C-H bending / C-H out-of-plane bending,nu(C1-C2),bond,4.119384921394852,-,-0.11540184156672131,0.2925278606344219
34,1416.8467104039457,,,mixed C-H bending / C-H out-of-plane bending,delta(O3-C4-H15),angle,3.681032088228968,+,0.1156335340795845,0.2603528545664745
34,1416.8467104039457,,,mixed C-H bending / C-H out-of-plane bending,nu(C4-C5),bond,2.7446020550838752,+,0.09759112999894691,0.2725329576700298
34,1416.8467104039457,,,mixed C-H bending / C-H out-of-plane bending,tau(H9-C1-C2-H12),dihedral,0.6475165211424486,-,-0.039690842016454515,0.38871434480918426
34,1416.8467104039457,,,mixed C-H bending / C-H out-of-plane bending,nu(C5-O7),bond,0.6467208393470284,-,-0.040229406288503806,0.3779113605571353
34,1416.8467104039457,,,mixed C-H bending / C-H out-of-plane bending,nu(O3-C4),bond,0.582257071607098,-,-0.03914393207814497,0.35937363468603883
34,1416.8467104039457,,,mixed C-H bending / C-H out-of-plane bending,delta(O7-C8-H17),angle,0.45962610288968525,-,-0.03308047182791991,0.397211334830457
34,1416.8467104039457,,,mixed C-H bending / C-H out-of-plane bending,delta(O6-C5-O7),angle,0.4257610322505192,+,0.027194366855934998,0.5444629662347688
34,1416.8467104039457,,,mixed C-H bending / C-H out-of-plane bending,delta(H16-C8-H17),angle,0.41520782139016277,+,0.034600003539247186,0.3279997993453108
34,1416.8467104039457,,,mixed C-H bending / C-H out-of-plane bending,delta(H17-C8-H18),angle,0.4119203296090991,+,0.034632838234569356,0.32478607152998284
34,1416.8467104039457,,,mixed C-H bending / C-H out-of-plane bending,delta(O7-C8-H16),angle,0.30766900620321597,-,-0.027531770878262276,0.38386259421329905
34,1416.8467104039457,,,mixed C-H bending / C-H out-of-plane bending,"gamma(O3;C4,C5,H14)",oop,0.20053364220993258,+,0.023962887278111734,0.33027012495710484
34,1416.8467104039457,,,mixed C-H bending / C-H out-of-plane bending,delta(C2-O3-C4),angle,0.18843752093703273,-,-0.026614890561168607,0.25158129671049695
34,1416.8467104039457,,,mixed C-H bending / C-H out-of-plane bending,delta(H16-C8-H18),angle,0.10930318730308645,+,0.017514664272216755,0.3369686754784595
34,1416.8467104039457,,,mixed C-H bending / C-H out-of-plane bending,tau(H9-C1-C2-H13),dihedral,0.08168482040823076,-,-0.0185491678914123,0.22451886234893484
34,1416.8467104039457,,,mixed C-H bending / C-H out-of-plane bending,delta(C1-C2-H12),angle,0.06476391808710145,-,-0.013735973243988914,0.3246194824718769
34,1416.8467104039457,,,mixed C-H bending / C-H out-of-plane bending,tau(H10-C1-C2-H12),dihedral,0.0636262168250087,+,0.018697247352963572,0.17212386627012624
34,1416.8467104039457,,,mixed C-H bending / C-H out-of-plane bending,nu(O7-C8),bond,0.049233274563751164,+,0.012229095925332674,0.31133672847542987
34,1416.8467104039457,,,mixed C-H bending / C-H out-of-plane bending,delta(O3-C4-C5),angle,0.0481852946480479,-,-0.007779650772955181,0.7529300899535849
34,1416.8467104039457,,,mixed C-H bending / C-H out-of-plane bending,delta(C1-C2-H13),angle,0.04771043709726622,-,-0.013665249212979921,0.24162319421134754
34,1416.8467104039457,,,mixed C-H bending / C-H out-of-plane bending,delta(C4-C5-O7),angle,0.03705011899116324,+,0.008980624800774679,0.434447038136364
34,1416.8467104039457,,,mixed C-H bending / C-H out-of-plane bending,nu(C1-H10),bond,0.03073244643783803,+,0.00925703451028046,0.33916709092478864
34,1416.8467104039457,,,mixed C-H bending / C-H out-of-plane bending,nu(C1-H9),bond,0.030637318212151217,+,0.009242863487944238,0.3391548315937667
34,1416.8467104039457,,,mixed C-H bending / C-H out-of-plane bending,nu(C1-H11),bond,0.029019197273117425,+,0.0090275569986643,0.33674817837570464
34,1416.8467104039457,,,mixed C-H bending / C-H out-of-plane bending,nu(C2-H12),bond,0.013449221779128854,-,-0.006365192664044267,0.31393113244196713
34,1416.8467104039457,,,mixed C-H bending / C-H out-of-plane bending,nu(C2-H13),bond,0.013424278814117223,-,-0.00635936382761478,0.3139235939299812
34,1416.8467104039457,,,mixed C-H bending / C-H out-of-plane bending,nu(C5-O6),bond,0.010880982079965988,+,0.0034439673884468984,0.8675816801842264
34,1416.8467104039457,,,mixed C-H bending / C-H out-of-plane bending,delta(C5-O7-C8),angle,0.010060128250045665,-,-0.005773508559172534,0.28541988573192933
34,1416.8467104039457,,,mixed C-H bending / C-H out-of-plane bending,delta(C1-C2-O3),angle,0.005456691456827701,-,-0.003048722206670363,0.5552058430791434
34,1416.8467104039457,,,mixed C-H bending / C-H out-of-plane bending,nu(C2-O3),bond,0.0034430848582170906,+,0.003171094638673251,0.3238095538884528
34,1416.8467104039457,,,mixed C-H bending / C-H out-of-plane bending,nu(C8-H17),bond,0.0013224438972041744,-,-0.0018921462485367527,0.3493238140731456
34,1416.8467104039457,,,mixed C-H bending / C-H out-of-plane bending,nu(C8-H18),bond,0.0011453719200386636,-,-0.001783920214547337,0.3403737166334327
34,1416.8467104039457,,,mixed C-H bending / C-H out-of-plane bending,nu(C8-H16),bond,0.0011447002335888445,-,-0.0017833967162690229,0.34037384822323485
34,1416.8467104039457,,,mixed C-H bending / C-H out-of-plane bending,nu(C4-H14),bond,0.00040958421237369497,+,0.0011082081557659146,0.31539940001272926
34,1416.8467104039457,,,mixed C-H bending / C-H out-of-plane bending,nu(C4-H15),bond,0.00039617386219272703,+,0.0010899868618860999,0.31535783940404283
34,1416.8467104039457,,,mixed C-H bending / C-H out-of-plane bending,delta(O3-C2-H12),angle,2.0120270184210407e-05,-,-0.00016935955628594822,0.6633988778702453
34,1416.8467104039457,,,mixed C-H bending / C-H out-of-plane bending,tau(H11-C1-C2-O3),dihedral,1.9978444187277806e-06,-,-0.00010549868615911984,0.16975708186529387
34,1416.8467104039457,,,mixed C-H bending / C-H out-of-plane bending,"gamma(O7;C5,C4,O6)",oop,8.931424644995365e-08,-,-2.7282216623988815e-05,0.11348063861203601
34,1416.8467104039457,,,mixed C-H bending / C-H out-of-plane bending,tau(C2-O3-C4-C5),dihedral,5.29249770864537e-09,+,2.000238326555882e-05,0.012510006294532647
34,1416.8467104039457,,,mixed C-H bending / C-H out-of-plane bending,tau(C1-C2-O3-C4),dihedral,3.3626624731686817e-09,-,-1.3292723908551729e-05,0.01799764357765178
34,1416.8467104039457,,,mixed C-H bending / C-H out-of-plane bending,tau(C5-O7-C8-H17),dihedral,2.3549063142454544e-09,-,-1.726897644992302e-05,0.007467939282554211
34,1416.8467104039457,,,mixed C-H bending / C-H out-of-plane bending,tau(O3-C4-C5-O7),dihedral,3.107659697206408e-11,-,-2.1439564787195355e-06,0.006393841466423005
34,1416.8467104039457,,,mixed C-H bending / C-H out-of-plane bending,tau(C4-C5-O7-C8),dihedral,1.9739402626530938e-11,+,6.821310920000193e-07,0.04011979019759074
35,1446.5008292071848,,,mixed C-H bending / C-H out-of-plane bending,"gamma(H14;C4,O3,H15)",oop,32.95381960674358,+,0.42787832185367153,0.29762273937367884
35,1446.5008292071848,,,mixed C-H bending / C-H out-of-plane bending,delta(O3-C2-H12),angle,13.700312838971374,-,-0.18478994425641448,0.6633988778702453
35,1446.5008292071848,,,mixed C-H bending / C-H out-of-plane bending,delta(C5-C4-H14),angle,11.643272598830714,+,0.2249996136968464,0.38028783930708365
35,1446.5008292071848,,,mixed C-H bending / C-H out-of-plane bending,delta(C1-C2-H12),angle,9.194214805282737,+,0.21640659468931256,0.3246194824718769
35,1446.5008292071848,,,mixed C-H bending / C-H out-of-plane bending,delta(C1-C2-H13),angle,6.848417060278878,+,0.21648422153160013,0.24162319421134754
35,1446.5008292071848,,,mixed C-H bending / C-H out-of-plane bending,tau(H9-C1-C2-H12),dihedral,6.396783614188016,-,-0.1649551977559643,0.38871434480918426
35,1446.5008292071848,,,mixed C-H bending / C-H out-of-plane bending,nu(C1-C2),bond,4.078666794933116,-,-0.15183641978646736,0.2925278606344219
35,1446.5008292071848,,,mixed C-H bending / C-H out-of-plane bending,nu(C4-C5),bond,2.5178877394220565,-,-0.12359734037510048,0.2725329576700298
35,1446.5008292071848,,,mixed C-H bending / C-H out-of-plane bending,delta(C2-C1-H9),angle,1.59112701767786,+,0.10937743392868149,0.21991269811803782
35,1446.5008292071848,,,mixed C-H bending / C-H out-of-plane bending,delta(C2-C1-H10),angle,1.5909629361551358,+,0.10937891689097327,0.21988405758883822
35,1446.5008292071848,,,mixed C-H bending / C-H out-of-plane bending,delta(O3-C4-H15),angle,1.468401875029949,-,-0.096569893399612,0.2603528545664745
35,1446.5008292071848,,,mixed C-H bending / C-H out-of-plane bending,delta(C2-C1-H11),angle,1.1009960645146453,+,0.09214920266791302,0.2143895044253752
35,1446.5008292071848,,,mixed C-H bending / C-H out-of-plane bending,delta(O7-C8-H17),angle,1.0721490179796287,+,0.0668062690455699,0.397211334830457
35,1446.5008292071848,,,mixed C-H bending / C-H out-of-plane bending,delta(C2-O3-C4),angle,1.0080844430737403,+,0.08139725128659508,0.25158129671049695
35,1446.5008292071848,,,mixed C-H bending / C-H out-of-plane bending,delta(H16-C8-H17),angle,0.9133573981398396,-,-0.06785534221292396,0.3279997993453108
35,1446.5008292071848,,,mixed C-H bending / C-H out-of-plane bending,delta(H17-C8-H18),angle,0.9073202009073813,-,-0.06796448817918486,0.32478607152998284
35,1446.5008292071848,,,mixed C-H bending / C-H out-of-plane bending,delta(O7-C8-H16),angle,0.6375068466760743,+,0.052402859776447895,0.38386259421329905
35,1446.5008292071848,,,mixed C-H bending / C-H out-of-plane bending,"gamma(O3;C4,C5,H14)",oop,0.50541115359793,+,0.05030234415596603,0.33027012495710484
35,1446.5008292071848,,,mixed C-H bending / C-H out-of-plane bending,delta(O3-C4-C5),angle,0.42913190081738545,+,0.030698597313854062,0.7529300899535849
35,1446.5008292071848,,,mixed C-H bending / C-H out-of-plane bending,nu(O3-C4),bond,0.31828671538089326,+,0.03826807433163183,0.35937363468603883
35,1446.5008292071848,,,mixed C-H bending / C-H out-of-plane bending,nu(C5-O7),bond,0.24521543746393834,+,0.032755134618514474,0.3779113605571353
35,1446.5008292071848,,,mixed C-H bending / C-H out-of-plane bending,nu(C2-O3),bond,0.22530256915202435,+,0.03391866117036358,0.3238095538884528
35,1446.5008292071848,,,mixed C-H bending / C-H out-of-plane bending,delta(H16-C8-H18),angle,0.2232511162355106,-,-0.03309805800641637,0.3369686754784595
35,1446.5008292071848,,,mixed C-H bending / C-H out-of-plane bending,delta(O6-C5-O7),angle,0.1667734066925585,-,-0.022505034671215278,0.5444629662347688
35,1446.5008292071848,,,mixed C-H bending / C-H out-of-plane bending,delta(C1-C2-O3),angle,0.11299118250587731,+,0.018344070952821367,0.5552058430791434
35,1446.5008292071848,,,mixed C-H bending / C-H out-of-plane bending,nu(O7-C8),bond,0.040582835338150845,-,-0.014681028199876238,0.31133672847542987
35,1446.5008292071848,,,mixed C-H bending / C-H out-of-plane bending,nu(C5-O6),bond,0.03753199605052524,-,-0.008457579780837722,0.8675816801842264
35,1446.5008292071848,,,mixed C-H bending / C-H out-of-plane bending,delta(C4-C5-O7),angle,0.018738475210761704,-,-0.008444990445774153,0.434447038136364
35,1446.5008292071848,,,mixed C-H bending / C-H out-of-plane bending,nu(C4-H15),bond,0.018122295945207794,+,0.009747769522236367,0.31535783940404283
35,1446.5008292071848,,,mixed C-H bending / C-H out-of-plane bending,nu(C4-H14),bond,0.0180023217605829,+,0.009714809461423706,0.31539940001272926
35,1446.5008292071848,,,mixed C-H bending / C-H out-of-plane bending,nu(C1-H11),bond,0.004585755241448899,+,0.004745186287129067,0.33674817837570464
35,1446.5008292071848,,,mixed C-H bending / C-H out-of-plane bending,delta(C5-O7-C8),angle,0.002600718810439966,+,0.003881548742038581,0.28541988573192933
35,1446.5008292071848,,,mixed C-H bending / C-H out-of-plane bending,nu(C2-H12),bond,0.002173175349266755,+,0.0033832232010040995,0.31393113244196713
35,1446.5008292071848,,,mixed C-H bending / C-H out-of-plane bending,nu(C2-H13),bond,0.0021536070497519375,+,0.003367997123532001,0.3139235939299812
35,1446.5008292071848,,,mixed C-H bending / C-H out-of-plane bending,nu(C8-H17),bond,0.0018453650021662145,+,0.002955476441855165,0.3493238140731456
35,1446.5008292071848,,,mixed C-H bending / C-H out-of-plane bending,nu(C8-H18),bond,0.0013583052010829244,+,0.002568745817385437,0.3403737166334327
35,1446.5008292071848,,,mixed C-H bending / C-H out-of-plane bending,nu(C8-H16),bond,0.0013556843856910579,+,0.00256626595986641,0.34037384822323485
35,1446.5008292071848,,,mixed C-H bending / C-H out-of-plane bending,tau(H9-C1-C2-H13),dihedral,0.0007207861901910946,+,0.0023039723924927215,0.22451886234893484
35,1446.5008292071848,,,mixed C-H bending / C-H out-of-plane bending,tau(H10-C1-C2-H12),dihedral,0.0005029571732419787,-,-0.0021980897220818664,0.17212386627012624
35,1446.5008292071848,,,mixed C-H bending / C-H out-of-plane bending,nu(C1-H9),bond,4.1318309938984694e-05,-,-0.0004488205452572177,0.3391548315937667
35,1446.5008292071848,,,mixed C-H bending / C-H out-of-plane bending,nu(C1-H10),bond,3.9570006926795836e-05,-,-0.0004392144993470809,0.33916709092478864
35,1446.5008292071848,,,mixed C-H bending / C-H out-of-plane bending,tau(H11-C1-C2-O3),dihedral,4.57075935513097e-07,-,-6.672378688348057e-05,0.16975708186529387
35,1446.5008292071848,,,mixed C-H bending / C-H out-of-plane bending,"gamma(O7;C5,C4,O6)",oop,2.2984320800013707e-08,+,1.8300182063387242e-05,0.11348063861203601
35,1446.5008292071848,,,mixed C-H bending / C-H out-of-plane bending,tau(C5-O7-C8-H17),dihedral,8.464074025056638e-09,+,4.3290220310211135e-05,0.007467939282554211
35,1446.5008292071848,,,mixed C-H bending / C-H out-of-plane bending,tau(C4-C5-O7-C8),dihedral,1.2680996499686365e-09,+,7.2293262342692045e-06,0.04011979019759074
35,1446.5008292071848,,,mixed C-H bending / C-H out-of-plane bending,tau(C1-C2-O3-C4),dihedral,1.2068349354771838e-09,-,-1.0529713919815494e-05,0.01799764357765178
35,1446.5008292071848,,,mixed C-H bending / C-H out-of-plane bending,tau(O3-C4-C5-O7),dihedral,7.253734753662163e-10,+,1.3696208606935371e-05,0.006393841466423005
35,1446.5008292071848,,,mixed C-H bending / C-H out-of-plane bending,tau(C2-O3-C4-C5),dihedral,5.991369343276758e-10,-,-8.898867513024205e-06,0.012510006294532647
36,1477.1963658489458,,,C-H bending,delta(O7-C8-H17),angle,25.696952673846848,+,0.33020185636294025,0.397211334830457
36,1477.1963658489458,,,C-H bending,delta(H17-C8-H18),angle,25.659217624023587,-,-0.3648988726668114,0.32478607152998284
36,1477.1963658489458,,,C-H bending,delta(H16-C8-H17),angle,25.634200556886046,-,-0.3629297876205921,0.3279997993453108
36,1477.1963658489458,,,C-H bending,delta(O7-C8-H16),angle,12.534959494882948,+,0.23459734086648953,0.38386259421329905
36,1477.1963658489458,,,C-H bending,"gamma(H14;C4,O3,H15)",oop,3.8577493404262624,-,-0.1478030726669158,0.29762273937367884
36,1477.1963658489458,,,C-H bending,nu(C5-O7),bond,1.193334701640312,-,-0.0729517435160305,0.3779113605571353
36,1477.1963658489458,,,C-H bending,delta(C5-C4-H14),angle,1.120996913796871,-,-0.0704848052592159,0.38028783930708365
36,1477.1963658489458,,,C-H bending,nu(C4-C5),bond,1.0407866338770737,+,0.0802270555172124,0.2725329576700298
36,1477.1963658489458,,,C-H bending,delta(H16-C8-H18),angle,0.8147746949618094,-,-0.06383715377196,0.3369686754784595
36,1477.1963658489458,,,C-H bending,delta(O6-C5-O7),angle,0.7882952291659621,+,0.049398048401757204,0.5444629662347688
36,1477.1963658489458,,,C-H bending,"gamma(O3;C4,C5,H14)",oop,0.466003645901897,-,-0.0487651457473333,0.33027012495710484
36,1477.1963658489458,,,C-H bending,nu(C5-O6),bond,0.44844492343240505,-,-0.02951541433740205,0.8675816801842264
36,1477.1963658489458,,,C-H bending,nu(O7-C8),bond,0.33038492119055224,-,-0.04229065823802467,0.31133672847542987
36,1477.1963658489458,,,C-H bending,delta(C5-O7-C8),angle,0.10623597719578363,-,-0.02504627872236574,0.28541988573192933
36,1477.1963658489458,,,C-H bending,delta(C4-C5-O7),angle,0.09778171964456765,-,-0.01947645580241859,0.434447038136364
36,1477.1963658489458,,,C-H bending,tau(H9-C1-C2-H12),dihedral,0.057533473857281754,+,0.015794087128703546,0.38871434480918426
36,1477.1963658489458,,,C-H bending,nu(C8-H17),bond,0.030160510845553497,+,0.012062984355421871,0.3493238140731456
36,1477.1963658489458,,,C-H bending,delta(O3-C2-H12),angle,0.02975196297122058,+,0.008694006505011358,0.6633988778702453
36,1477.1963658489458,,,C-H bending,delta(C2-O3-C4),angle,0.02849408137395026,-,-0.01381617002642532,0.25158129671049695
36,1477.1963658489458,,,C-H bending,delta(O3-C4-C5),angle,0.02259313607259331,-,-0.007111487432512346,0.7529300899535849
36,1477.1963658489458,,,C-H bending,nu(O3-C4),bond,0.007135320533550094,-,-0.005784730786507176,0.35937363468603883
36,1477.1963658489458,,,C-H bending,nu(C1-C2),bond,0.005098880458144723,+,0.00542005024121551,0.2925278606344219
36,1477.1963658489458,,,C-H bending,nu(C8-H18),bond,0.004952504537414751,+,0.0049520377567467385,0.3403737166334327
36,1477.1963658489458,,,C-H bending,nu(C8-H16),bond,0.0048270560173466,+,0.004888916183301911,0.34037384822323485
36,1477.1963658489458,,,C-H bending,nu(C4-H15),bond,0.0034805224140561277,-,-0.004312905241306573,0.31535783940404283
36,1477.1963658489458,,,C-H bending,nu(C4-H14),bond,0.003464710300244859,-,-0.004302813740795012,0.31539940001272926
36,1477.1963658489458,,,C-H bending,delta(C2-C1-H11),angle,0.0033934624554894295,-,-0.0051649875474631774,0.2143895044253752
36,1477.1963658489458,,,C-H bending,delta(O3-C4-H15),angle,0.0032759889021397827,-,-0.004605105178507252,0.2603528545664745
36,1477.1963658489458,,,C-H bending,delta(C1-C2-H12),angle,0.002085376251724982,-,-0.0032904434844124686,0.3246194824718769
36,1477.1963658489458,,,C-H bending,delta(C1-C2-H13),angle,0.001548710641508996,-,-0.0032867399622054936,0.24162319421134754
36,1477.1963658489458,,,C-H bending,nu(C2-O3),bond,0.000617658782468794,-,-0.001792994659599492,0.3238095538884528
36,1477.1963658489458,,,C-H bending,delta(C2-C1-H9),angle,0.0004714870887865233,-,-0.0019008999683317145,0.21991269811803782
36,1477.1963658489458,,,C-H bending,delta(C2-C1-H10),angle,0.00047014045045546196,-,-0.0018983070164073693,0.21988405758883822
36,1477.1963658489458,,,C-H bending,tau(H9-C1-C2-H13),dihedral,0.00025122973436911744,-,-0.001373278490400778,0.22451886234893484
36,1477.1963658489458,,,C-H bending,tau(H10-C1-C2-H12),dihedral,0.00019390066106022162,+,0.0013779028968350317,0.17212386627012624
36,1477.1963658489458,,,C-H bending,nu(C1-H11),bond,3.0767944208554454e-05,-,-0.00039241547614088027,0.33674817837570464
36,1477.1963658489458,,,C-H bending,nu(C1-H10),bond,1.681327140980553e-05,+,0.0002890472043755918,0.33916709092478864
36,1477.1963658489458,,,C-H bending,nu(C1-H9),bond,1.6798350813731954e-05,+,0.00028892414306154967,0.3391548315937667
36,1477.1963658489458,,,C-H bending,delta(C1-C2-O3),angle,9.265425591016163e-06,-,-0.00016770854340048197,0.5552058430791434
36,1477.1963658489458,,,C-H bending,nu(C2-H13),bond,2.5514206748908026e-06,+,0.00011703845254780193,0.3139235939299812
36,1477.1963658489458,,,C-H bending,nu(C2-H12),bond,2.3853608438519424e-06,+,0.0001131642799257354,0.31393113244196713
36,1477.1963658489458,,,C-H bending,tau(C5-O7-C8-H17),dihedral,2.0913954242214592e-06,+,0.0006870165548642737,0.007467939282554211
36,1477.1963658489458,,,C-H bending,"gamma(O7;C5,C4,O6)",oop,1.149747836311361e-07,-,-4.132281791652061e-05,0.11348063861203601
36,1477.1963658489458,,,C-H bending,tau(C4-C5-O7-C8),dihedral,4.169718242653069e-08,+,4.185270602041552e-05,0.04011979019759074
36,1477.1963658489458,,,C-H bending,tau(O3-C4-C5-O7),dihedral,2.4817245954347515e-09,-,-2.5576750982620478e-05,0.006393841466423005
36,1477.1963658489458,,,C-H bending,tau(H11-C1-C2-O3),dihedral,2.435507354829294e-09,-,-4.917340555467822e-06,0.16975708186529387
36,1477.1963658489458,,,C-H bending,tau(C2-O3-C4-C5),dihedral,1.817010879217428e-11,+,1.5645862685442288e-06,0.012510006294532647
36,1477.1963658489458,,,C-H bending,tau(C1-C2-O3-C4),dihedral,1.4114554112733193e-12,-,-3.635593119038487e-07,0.01799764357765178
37,1485.708995857301,,,C-C torsion,tau(H11-C1-C2-O3),dihedral,37.20027729189308,+,0.3911499425200139,0.16975708186529387
37,1485.708995857301,,,C-C torsion,tau(H9-C1-C2-H12),dihedral,23.2687887406503,-,-0.204435229037512,0.38871434480918426
37,1485.708995857301,,,C-C torsion,tau(H9-C1-C2-H13),dihedral,13.408374617003286,-,-0.20419531985630276,0.22451886234893484
37,1485.708995857301,,,C-C torsion,tau(H10-C1-C2-H12),dihedral,10.267998493059292,-,-0.20408283777219244,0.17212386627012624
37,1485.708995857301,,,C-C torsion,delta(C2-C1-H9),angle,7.614995257883568,+,0.1554868974605531,0.21991269811803782
37,1485.708995857301,,,C-C torsion,delta(C2-C1-H10),angle,7.611953119451672,-,-0.15546596033759305,0.21988405758883822
37,1485.708995857301,,,C-C torsion,delta(O3-C2-H12),angle,0.10583658501185457,-,-0.010553941328964239,0.6633988778702453
37,1485.708995857301,,,C-C torsion,nu(C1-H10),bond,0.09803678963437697,-,-0.014206000319408878,0.33916709092478864
37,1485.708995857301,,,C-C torsion,nu(C1-H9),bond,0.09779464697869764,+,0.01418870208834437,0.3391548315937667
37,1485.708995857301,,,C-C torsion,delta(C1-C2-H12),angle,0.08681766489574587,-,-0.013664724889434564,0.3246194824718769
37,1485.708995857301,,,C-C torsion,delta(H16-C8-H17),angle,0.08029454815325034,+,0.013073454898424626,0.3279997993453108
37,1485.708995857301,,,C-C torsion,delta(H17-C8-H18),angle,0.07991356522623135,-,-0.013106770285348958,0.32478607152998284
37,1485.708995857301,,,C-C torsion,delta(C1-C2-H13),angle,0.0627924835061747,+,0.013470032766392684,0.24162319421134754
37,1485.708995857301,,,C-C torsion,delta(O7-C8-H16),angle,0.005037354513720755,-,-0.0030268959609794782,0.38386259421329905
37,1485.708995857301,,,C-C torsion,nu(C2-H12),bond,0.0025626378962241205,-,-0.002387319588224453,0.31393113244196713
37,1485.708995857301,,,C-C torsion,nu(C2-H13),bond,0.0025027615571582727,+,0.0023592930677722866,0.3139235939299812
37,1485.708995857301,,,C-C torsion,tau(C1-C2-O3-C4),dihedral,0.0024002110699271255,+,0.00964941592541562,0.01799764357765178
37,1485.708995857301,,,C-C torsion,tau(C2-O3-C4-C5),dihedral,0.0018975981426479509,-,-0.010290997955584011,0.012510006294532647
37,1485.708995857301,,,C-C torsion,tau(C5-O7-C8-H17),dihedral,0.0008755150540927035,+,0.00904722836299388,0.007467939282554211
37,1485.708995857301,,,C-C torsion,delta(C5-C4-H14),angle,0.0002927953573973266,-,-0.0007331789824925693,0.38028783930708365
37,1485.708995857301,,,C-C torsion,delta(O3-C4-H15),angle,0.00014950979266274114,-,-0.0006331954427235916,0.2603528545664745
37,1485.708995857301,,,C-C torsion,nu(C8-H18),bond,0.0001184598819758276,+,0.0004929374023121416,0.3403737166334327
37,1485.708995857301,,,C-C torsion,nu(C8-H16),bond,0.00011825899109073456,-,-0.0004925191543590123,0.34037384822323485
37,1485.708995857301,,,C-C torsion,"gamma(O3;C4,C5,H14)",oop,0.00010296563620394326,+,0.0004665472576255994,0.33027012495710484
37,1485.708995857301,,,C-C torsion,"gamma(H14;C4,O3,H15)",oop,3.653789394466442e-05,-,-0.00029276747917547755,0.29762273937367884
37,1485.708995857301,,,C-C torsion,tau(C4-C5-O7-C8),dihedral,1.3807773585529366e-05,+,0.0004901924688573064,0.04011979019759074
37,1485.708995857301,,,C-C torsion,nu(C4-H15),bond,5.539214043402095e-06,+,0.00011074047719540996,0.31535783940404283
37,1485.708995857301,,,C-C torsion,delta(C2-C1-H11),angle,3.698266324971016e-06,+,0.00010974417146015688,0.2143895044253752
37,1485.708995857301,,,C-C torsion,nu(C4-H14),bond,3.6812213685991276e-06,-,-9.027129411516337e-05,0.31539940001272926
37,1485.708995857301,,,C-C torsion,tau(O3-C4-C5-O7),dihedral,3.1904547924514234e-06,-,-0.0005902411695225485,0.006393841466423005
37,1485.708995857301,,,C-C torsion,delta(C1-C2-O3),angle,5.46639714991316e-07,-,-2.6218492026259873e-05,0.5552058430791434
37,1485.708995857301,,,C-C torsion,delta(O3-C4-C5),angle,3.159493082829007e-07,+,1.7116521518048595e-05,0.7529300899535849
37,1485.708995857301,,,C-C torsion,delta(O7-C8-H17),angle,1.959249664784528e-07,+,1.855744605549472e-05,0.397211334830457
37,1485.708995857301,,,C-C torsion,nu(O3-C4),bond,1.6416561694877844e-07,-,-1.7858794020920897e-05,0.35937363468603883
37,1485.708995857301,,,C-C torsion,delta(H16-C8-H18),angle,8.588792860089129e-08,-,-1.3339987778525724e-05,0.3369686754784595
37,1485.708995857301,,,C-C torsion,nu(C5-O7),bond,6.927150369248206e-08,-,-1.1312705109942598e-05,0.3779113605571353
37,1485.708995857301,,,C-C torsion,delta(C4-C5-O7),angle,6.357804797318205e-08,+,1.010809482002337e-05,0.434447038136364
37,1485.708995857301,,,C-C torsion,nu(C1-H11),bond,5.723369495147354e-08,+,1.0893248158838075e-05,0.33674817837570464
37,1485.708995857301,,,C-C torsion,"gamma(O7;C5,C4,O6)",oop,4.809407497623661e-08,+,1.7201607553223873e-05,0.11348063861203601
37,1485.708995857301,,,C-C torsion,nu(C1-C2),bond,4.4044005745195796e-08,+,1.0252833872726487e-05,0.2925278606344219
37,1485.708995857301,,,C-C torsion,delta(O6-C5-O7),angle,2.5621869294965894e-08,+,5.731989233605842e-06,0.5444629662347688
37,1485.708995857301,,,C-C torsion,nu(C5-O6),bond,2.0351951252994312e-08,+,4.046988526663448e-06,0.8675816801842264
37,1485.708995857301,,,C-C torsion,nu(C2-O3),bond,1.8387161470668637e-08,-,-6.296462896891115e-06,0.3238095538884528
37,1485.708995857301,,,C-C torsion,delta(C2-O3-C4),angle,1.3483050086915182e-08,-,-6.117007754141318e-06,0.25158129671049695
37,1485.708995857301,,,C-C torsion,nu(C4-C5),bond,3.1808651592740956e-09,+,2.8546130550494144e-06,0.2725329576700298
37,1485.708995857301,,,C-C torsion,nu(O7-C8),bond,1.7150765169857074e-09,-,-1.961149512181052e-06,0.31133672847542987
37,1485.708995857301,,,C-C torsion,delta(C5-O7-C8),angle,3.446295599096595e-10,-,-9.18159815761338e-07,0.28541988573192933
37,1485.708995857301,,,C-C torsion,nu(C8-H17),bond,6.187756204075417e-11,+,3.5167106220968667e-07,0.3493238140731456
38,1487.0777117639705,,,C-H bending,delta(H16-C8-H17),angle,48.507755867864134,-,-0.5557569962322967,0.3279997993453108
38,1487.0777117639705,,,C-H bending,delta(H17-C8-H18),angle,47.757902369395474,+,0.5541662332630782,0.32478607152998284
38,1487.0777117639705,,,C-H bending,delta(O7-C8-H16),angle,3.035127470255335,+,0.1285040178650379,0.38386259421329905
38,1487.0777117639705,,,C-H bending,tau(C5-O7-C8-H17),dihedral,0.5373061262440294,-,-0.387638266747139,0.007467939282554211
38,1487.0777117639705,,,C-H bending,nu(C8-H16),bond,0.0683100695588841,+,0.02047294913476666,0.34037384822323485
38,1487.0777117639705,,,C-H bending,nu(C8-H18),bond,0.06828182205269669,-,-0.02046871967780695,0.3403737166334327
38,1487.0777117639705,,,C-H bending,tau(H11-C1-C2-O3),dihedral,0.0069526794543012214,+,0.009248648817601336,0.16975708186529387
38,1487.0777117639705,,,C-H bending,tau(C4-C5-O7-C8),dihedral,0.005282095923429041,-,-0.016582116090121102,0.04011979019759074
38,1487.0777117639705,,,C-H bending,tau(H9-C1-C2-H12),dihedral,0.004319721790428548,-,-0.00481757784250546,0.38871434480918426
38,1487.0777117639705,,,C-H bending,tau(H9-C1-C2-H13),dihedral,0.0025559950884000153,-,-0.0048760677025081614,0.22451886234893484
38,1487.0777117639705,,,C-H bending,tau(H10-C1-C2-H12),dihedral,0.001921282146449411,-,-0.004828265720618555,0.17212386627012624
38,1487.0777117639705,,,C-H bending,delta(C2-C1-H9),angle,0.0013981590820710548,+,0.003643923715732891,0.21991269811803782
38,1487.0777117639705,,,C-H bending,delta(C2-C1-H10),angle,0.0013877885903916122,-,-0.0036306210479349755,0.21988405758883822
38,1487.0777117639705,,,C-H bending,delta(C5-C4-H14),angle,0.000570407511284274,+,0.0017699155095714262,0.38028783930708365
38,1487.0777117639705,,,C-H bending,"gamma(O3;C4,C5,H14)",oop,0.00029740312623474034,+,0.00137136877075483,0.33027012495710484
38,1487.0777117639705,,,C-H bending,"gamma(O7;C5,C4,O6)",oop,0.0002842097336441022,+,0.002287045075703171,0.11348063861203601
38,1487.0777117639705,,,C-H bending,delta(O7-C8-H17),angle,6.966999775625331e-05,+,0.0006052408294512563,0.397211334830457
38,1487.0777117639705,,,C-H bending,tau(O3-C4-C5-O7),dihedral,6.404468716988465e-05,+,0.004573795663816565,0.006393841466423005
38,1487.0777117639705,,,C-H bending,delta(O3-C4-H15),angle,4.4317970319291464e-05,-,-0.0005962451992754226,0.2603528545664745
38,1487.0777117639705,,,C-H bending,"gamma(H14;C4,O3,H15)",oop,3.815296947144746e-05,-,-0.0005174248157544737,0.29762273937367884
38,1487.0777117639705,,,C-H bending,delta(H16-C8-H18),angle,2.747994239287931e-05,+,0.00041269506876023376,0.3369686754784595
38,1487.0777117639705,,,C-H bending,delta(O3-C2-H12),angle,2.5715030042841164e-05,-,-0.0002845262157762531,0.6633988778702453
38,1487.0777117639705,,,C-H bending,nu(C1-H9),bond,1.8010303408960552e-05,+,0.0003330256206951308,0.3391548315937667
38,1487.0777117639705,,,C-H bending,nu(C1-H10),bond,1.7960405162712355e-05,-,-0.0003325579601158878,0.33916709092478864
38,1487.0777117639705,,,C-H bending,delta(C1-C2-H13),angle,1.1006423555329936e-05,+,0.00030843946144101564,0.24162319421134754
38,1487.0777117639705,,,C-H bending,delta(C1-C2-H12),angle,8.378705450874019e-06,-,-0.00023217599058171953,0.3246194824718769
38,1487.0777117639705,,,C-H bending,tau(C2-O3-C4-C5),dihedral,6.3714153605722685e-06,-,-0.0010313482381535855,0.012510006294532647
38,1487.0777117639705,,,C-H bending,nu(C4-H14),bond,4.143247535865822e-06,-,-0.0001656365381218376,0.31539940001272926
38,1487.0777117639705,,,C-H bending,nu(C4-H15),bond,3.043599816328555e-06,+,0.00014197376348098643,0.31535783940404283
38,1487.0777117639705,,,C-H bending,nu(C5-O7),bond,2.4890522061141556e-06,-,-0.0001172838368315817,0.3779113605571353
38,1487.0777117639705,,,C-H bending,nu(C4-C5),bond,1.3305345759076409e-06,+,0.00010097635826479056,0.2725329576700298
38,1487.0777117639705,,,C-H bending,delta(O6-C5-O7),angle,1.1256995265115508e-06,+,6.571177603288531e-05,0.5444629662347688
38,1487.0777117639705,,,C-H bending,nu(C5-O6),bond,1.021296009874568e-06,-,-4.958345292293626e-05,0.8675816801842264
38,1487.0777117639705,,,C-H bending,nu(C2-H13),bond,3.9128116630907665e-07,+,5.102096039756678e-05,0.3139235939299812
38,1487.0777117639705,,,C-H bending,nu(O7-C8),bond,3.393672557244013e-07,-,-4.7712912267182857e-05,0.31133672847542987
38,1487.0777117639705,,,C-H bending,delta(C5-O7-C8),angle,3.3888812015590176e-07,-,-4.9796887032857596e-05,0.28541988573192933
38,1487.0777117639705,,,C-H bending,delta(C4-C5-O7),angle,2.8534898663686605e-07,-,-3.70370069408622e-05,0.434447038136364
38,1487.0777117639705,,,C-H bending,tau(C1-C2-O3-C4),dihedral,2.846768840426342e-07,-,-0.00018175418283727032,0.01799764357765178
38,1487.0777117639705,,,C-H bending,nu(C2-H12),bond,2.8154133711268466e-07,-,-4.327828346306092e-05,0.31393113244196713
38,1487.0777117639705,,,C-H bending,nu(C8-H17),bond,2.0285048924332942e-07,+,3.482491532239884e-05,0.3493238140731456
38,1487.0777117639705,,,C-H bending,delta(O3-C4-C5),angle,7.702476664860902e-08,-,-1.4616857225432804e-05,0.7529300899535849
38,1487.0777117639705,,,C-H bending,nu(C1-C2),bond,3.427140599077547e-08,-,-1.5642223230377146e-05,0.2925278606344219
38,1487.0777117639705,,,C-H bending,delta(C1-C2-O3),angle,1.444102987856905e-08,+,7.370351583838562e-06,0.5552058430791434
38,1487.0777117639705,,,C-H bending,nu(O3-C4),bond,1.2622235855577616e-08,+,8.564680676799762e-06,0.35937363468603883
38,1487.0777117639705,,,C-H bending,delta(C2-O3-C4),angle,8.371482004762784e-09,-,-8.33639212001795e-06,0.25158129671049695
38,1487.0777117639705,,,C-H bending,delta(C2-C1-H11),angle,1.650413151033436e-10,-,-1.267975066417579e-06,0.2143895044253752
38,1487.0777117639705,,,C-H bending,nu(C1-H11),bond,5.0243604439090164e-11,-,-5.582180847916338e-07,0.33674817837570464
38,1487.0777117639705,,,C-H bending,nu(C2-O3),bond,2.609529957151873e-12,-,-1.2973359424535683e-07,0.3238095538884528
39,1494.7532676360308,,,mixed C-H bending / C-O out-of-plane bending,"gamma(O3;C4,C5,H14)",oop,34.126998028721424,+,0.2894710774505891,0.33027012495710484
39,1494.7532676360308,,,mixed C-H bending / C-O out-of-plane bending,delta(O3-C4-H15),angle,18.611314138976283,+,0.240767646331629,0.2603528545664745
39,1494.7532676360308,,,mixed C-H bending / C-O out-of-plane bending,"gamma(H14;C4,O3,H15)",oop,13.56870336138366,+,0.19227680566490463,0.29762273937367884
39,1494.7532676360308,,,mixed C-H bending / C-O out-of-plane bending,delta(C1-C2-H12),angle,7.100185146317134,-,-0.13317978996013297,0.3246194824718769
39,1494.7532676360308,,,mixed C-H bending / C-O out-of-plane bending,tau(H9-C1-C2-H12),dihedral,5.374762973498335,-,-0.10589005009389692,0.38871434480918426
39,1494.7532676360308,,,mixed C-H bending / C-O out-of-plane bending,delta(C1-C2-H13),angle,5.291072364844977,-,-0.13325800872715954,0.24162319421134754
39,1494.7532676360308,,,mixed C-H bending / C-O out-of-plane bending,tau(H9-C1-C2-H13),dihedral,2.082712725176188,+,0.08673193748614759,0.22451886234893484
39,1494.7532676360308,,,mixed C-H bending / C-O out-of-plane bending,delta(H16-C8-H17),angle,1.6786541750734378,-,-0.06442205997102986,0.3279997993453108
39,1494.7532676360308,,,mixed C-H bending / C-O out-of-plane bending,delta(H17-C8-H18),angle,1.6523169510839948,-,-0.0642301239871454,0.32478607152998284
39,1494.7532676360308,,,mixed C-H bending / C-O out-of-plane bending,tau(H10-C1-C2-H12),dihedral,1.5888160839850882,-,-0.08651811461052816,0.17212386627012624
39,1494.7532676360308,,,mixed C-H bending / C-O out-of-plane bending,delta(O7-C8-H17),angle,1.4946190798547048,+,0.05523892571159669,0.397211334830457
39,1494.7532676360308,,,mixed C-H bending / C-O out-of-plane bending,nu(C1-C2),bond,1.458524398984974,+,0.0635863668249421,0.2925278606344219
39,1494.7532676360308,,,mixed C-H bending / C-O out-of-plane bending,nu(O3-C4),bond,1.3403895988621097,-,-0.05499626524044379,0.35937363468603883
39,1494.7532676360308,,,mixed C-H bending / C-O out-of-plane bending,delta(O3-C4-C5),angle,1.0234528628759931,+,0.03320071029863738,0.7529300899535849
39,1494.7532676360308,,,mixed C-H bending / C-O out-of-plane bending,delta(C1-C2-O3),angle,0.5169446043313913,-,-0.027478041090257182,0.5552058430791434
39,1494.7532676360308,,,mixed C-H bending / C-O out-of-plane bending,nu(C5-O7),bond,0.47690821069742007,-,-0.031989923776287864,0.3779113605571353
39,1494.7532676360308,,,mixed C-H bending / C-O out-of-plane bending,delta(C4-C5-O7),angle,0.3713690116106061,+,0.026328443793996573,0.434447038136364
39,1494.7532676360308,,,mixed C-H bending / C-O out-of-plane bending,delta(O7-C8-H16),angle,0.2961229642438237,+,0.02501145324528269,0.38386259421329905
39,1494.7532676360308,,,mixed C-H bending / C-O out-of-plane bending,delta(C5-C4-H14),angle,0.23659967089929015,+,0.022461648589007177,0.38028783930708365
39,1494.7532676360308,,,mixed C-H bending / C-O out-of-plane bending,delta(H16-C8-H18),angle,0.22036075161948612,+,0.02302836669655099,0.3369686754784595
39,1494.7532676360308,,,mixed C-H bending / C-O out-of-plane bending,nu(C4-H15),bond,0.21890856960242272,+,0.023725771594554607,0.31535783940404283
39,1494.7532676360308,,,mixed C-H bending / C-O out-of-plane bending,nu(C4-H14),bond,0.21885039041361654,+,0.023721055561190404,0.31539940001272926
39,1494.7532676360308,,,mixed C-H bending / C-O out-of-plane bending,nu(C4-C5),bond,0.17777220132212423,+,0.022999224353365606,0.2725329576700298
39,1494.7532676360308,,,mixed C-H bending / C-O out-of-plane bending,delta(O6-C5-O7),angle,0.16388920387053377,+,0.01562362403740929,0.5444629662347688
39,1494.7532676360308,,,mixed C-H bending / C-O out-of-plane bending,delta(C2-O3-C4),angle,0.1625280626520647,-,-0.02288841835826809,0.25158129671049695
39,1494.7532676360308,,,mixed C-H bending / C-O out-of-plane bending,delta(C2-C1-H9),angle,0.12037207678072794,-,-0.021068251913354635,0.21991269811803782
39,1494.7532676360308,,,mixed C-H bending / C-O out-of-plane bending,delta(C2-C1-H10),angle,0.118210586620186,-,-0.020879596148087633,0.21988405758883822
39,1494.7532676360308,,,mixed C-H bending / C-O out-of-plane bending,nu(C5-O6),bond,0.11794689296285166,+,0.010499747261180156,0.8675816801842264
39,1494.7532676360308,,,mixed C-H bending / C-O out-of-plane bending,nu(C2-H13),bond,0.08136887052311785,-,-0.01449799495437458,0.3139235939299812
39,1494.7532676360308,,,mixed C-H bending / C-O out-of-plane bending,nu(C2-H12),bond,0.08132326882707222,-,-0.014493757792524705,0.31393113244196713
39,1494.7532676360308,,,mixed C-H bending / C-O out-of-plane bending,nu(C2-O3),bond,0.007325945670151888,-,-0.004283293133022171,0.3238095538884528
39,1494.7532676360308,,,mixed C-H bending / C-O out-of-plane bending,delta(C5-O7-C8),angle,0.004889062013709023,-,-0.0037270175546833158,0.28541988573192933
39,1494.7532676360308,,,mixed C-H bending / C-O out-of-plane bending,delta(C2-C1-H11),angle,0.004090076159161565,-,-0.003933278666391346,0.2143895044253752
39,1494.7532676360308,,,mixed C-H bending / C-O out-of-plane bending,nu(O7-C8),bond,0.004086928108962129,-,-0.0032626771373638138,0.31133672847542987
39,1494.7532676360308,,,mixed C-H bending / C-O out-of-plane bending,delta(O3-C2-H12),angle,0.0033701110818271218,+,0.0020296704129895353,0.6633988778702453
39,1494.7532676360308,,,mixed C-H bending / C-O out-of-plane bending,nu(C8-H17),bond,0.002540710046283298,+,0.002428590182572492,0.3493238140731456
39,1494.7532676360308,,,mixed C-H bending / C-O out-of-plane bending,nu(C1-H11),bond,0.001246864256684777,+,0.001732797207774002,0.33674817837570464
39,1494.7532676360308,,,mixed C-H bending / C-O out-of-plane bending,nu(C8-H18),bond,0.00014928405442481577,-,-0.0005963750715909694,0.3403737166334327
39,1494.7532676360308,,,mixed C-H bending / C-O out-of-plane bending,nu(C8-H16),bond,0.00014477469680395212,-,-0.0005872986722205177,0.34037384822323485
39,1494.7532676360308,,,mixed C-H bending / C-O out-of-plane bending,nu(C1-H9),bond,7.741373982008909e-05,-,-0.00043023010783791474,0.3391548315937667
39,1494.7532676360308,,,mixed C-H bending / C-O out-of-plane bending,nu(C1-H10),bond,7.269711636456424e-05,-,-0.0004169101977670186,0.33916709092478864
39,1494.7532676360308,,,mixed C-H bending / C-O out-of-plane bending,tau(H11-C1-C2-O3),dihedral,8.5554870895393e-06,-,-0.00020216184800896054,0.16975708186529387
39,1494.7532676360308,,,mixed C-H bending / C-O out-of-plane bending,"gamma(O7;C5,C4,O6)",oop,2.964370646932539e-07,-,-4.6025248908539065e-05,0.11348063861203601
39,1494.7532676360308,,,mixed C-H bending / C-O out-of-plane bending,tau(C5-O7-C8-H17),dihedral,4.7210158149511607e-08,-,-7.159919142420455e-05,0.007467939282554211
39,1494.7532676360308,,,mixed C-H bending / C-O out-of-plane bending,tau(C4-C5-O7-C8),dihedral,6.478909906813501e-09,+,1.1443593519720974e-05,0.04011979019759074
39,1494.7532676360308,,,mixed C-H bending / C-O out-of-plane bending,tau(C2-O3-C4-C5),dihedral,6.864923685331413e-10,+,6.670829982741369e-06,0.012510006294532647
39,1494.7532676360308,,,mixed C-H bending / C-O out-of-plane bending,tau(C1-C2-O3-C4),dihedral,7.907815718676162e-11,-,-1.8876054645175251e-06,0.01799764357765178
39,1494.7532676360308,,,mixed C-H bending / C-O out-of-plane bending,tau(O3-C4-C5-O7),dihedral,6.198149252134156e-11,+,2.8037601728371096e-06,0.006393841466423005
40,1501.7249130138011,,,C-H bending,delta(H16-C8-H18),angle,78.4461124434849,-,-0.6935585445717619,0.3369686754784595
40,1501.7249130138011,,,C-H bending,delta(O7-C8-H16),angle,7.155373936942105,+,0.19625487310361092,0.38386259421329905
40,1501.7249130138011,,,C-H bending,delta(H16-C8-H17),angle,6.417113207155023,+,0.20105979730228626,0.3279997993453108
40,1501.7249130138011,,,C-H bending,delta(H17-C8-H18),angle,6.407344485486958,+,0.20189823291844258,0.32478607152998284
40,1501.7249130138011,,,C-H bending,delta(O7-C8-H17),angle,0.8393094168368493,-,-0.06607579701004287,0.397211334830457
40,1501.7249130138011,,,C-H bending,tau(H9-C1-C2-H12),dihedral,0.23009647582787415,-,-0.034972918720324916,0.38871434480918426
40,1501.7249130138011,,,C-H bending,nu(O7-C8),bond,0.09032309354484297,-,-0.024483663500222297,0.31133672847542987
40,1501.7249130138011,,,C-H bending,nu(C8-H16),bond,0.05828088378814259,+,0.018809495662749375,0.34037384822323485
40,1501.7249130138011,,,C-H bending,nu(C8-H18),bond,0.058102471939291314,+,0.01878068702332102,0.3403737166334327
40,1501.7249130138011,,,C-H bending,delta(O6-C5-O7),angle,0.05763696628500553,+,0.014789672710769095,0.5444629662347688
40,1501.7249130138011,,,C-H bending,nu(C8-H17),bond,0.04836218683517018,-,-0.0169134049659039,0.3493238140731456
40,1501.7249130138011,,,C-H bending,delta(C1-C2-H12),angle,0.038101103391239115,-,-0.015573049528542536,0.3246194824718769
40,1501.7249130138011,,,C-H bending,delta(C1-C2-H13),angle,0.028403880755104784,-,-0.015585175914025553,0.24162319421134754
40,1501.7249130138011,,,C-H bending,nu(C4-C5),bond,0.02395901243851949,+,0.013477741446149343,0.2725329576700298
40,1501.7249130138011,,,C-H bending,"gamma(H14;C4,O3,H15)",oop,0.011705327962112171,-,-0.00901469250329062,0.29762273937367884
40,1501.7249130138011,,,C-H bending,delta(O3-C4-H15),angle,0.011366462318048765,+,0.009497814108736041,0.2603528545664745
40,1501.7249130138011,,,C-H bending,delta(C5-C4-H14),angle,0.011035386697977833,-,-0.0077433651229814,0.38028783930708365
40,1501.7249130138011,,,C-H bending,nu(C1-C2),bond,0.008714863630401151,+,0.007845829376311755,0.2925278606344219
40,1501.7249130138011,,,C-H bending,"gamma(O3;C4,C5,H14)",oop,0.008232328664125401,+,0.007176602365269011,0.33027012495710484
40,1501.7249130138011,,,C-H bending,delta(C2-C1-H9),angle,0.007268560305374332,-,-0.008264017429247542,0.21991269811803782
40,1501.7249130138011,,,C-H bending,delta(C2-C1-H10),angle,0.007231745769430065,-,-0.008243599472192836,0.21988405758883822
40,1501.7249130138011,,,C-H bending,nu(C5-O6),bond,0.006966817991937199,+,0.0040733734171037005,0.8675816801842264
40,1501.7249130138011,,,C-H bending,delta(C4-C5-O7),angle,0.005877217437915585,-,-0.0052870039857011355,0.434447038136364
40,1501.7249130138011,,,C-H bending,delta(C2-C1-H11),angle,0.005053176808573697,+,0.006978670056814287,0.2143895044253752
40,1501.7249130138011,,,C-H bending,delta(C1-C2-O3),angle,0.003572238527247792,-,-0.003646157209328103,0.5552058430791434
40,1501.7249130138011,,,C-H bending,delta(O3-C2-H12),angle,0.0026530519925401395,-,-0.002874601799856691,0.6633988778702453
40,1501.7249130138011,,,C-H bending,tau(H9-C1-C2-H13),dihedral,0.0019580433197869413,-,-0.004244992335156819,0.22451886234893484
40,1501.7249130138011,,,C-H bending,delta(C2-O3-C4),angle,0.0019330242035881374,-,-0.003984479981864098,0.25158129671049695
40,1501.7249130138011,,,C-H bending,tau(H10-C1-C2-H12),dihedral,0.0015135056487179937,+,0.004262492773058517,0.17212386627012624
40,1501.7249130138011,,,C-H bending,delta(C5-O7-C8),angle,0.001477712044460839,+,0.0032707320869912945,0.28541988573192933
40,1501.7249130138011,,,C-H bending,delta(O3-C4-C5),angle,0.0009472559948284688,+,0.0016123099471695077,0.7529300899535849
40,1501.7249130138011,,,C-H bending,nu(C5-O7),bond,0.0008981683128317253,-,-0.0022160322158432206,0.3779113605571353
40,1501.7249130138011,,,C-H bending,nu(C2-O3),bond,0.0008295266817030306,-,-0.0023007134405397703,0.3238095538884528
40,1501.7249130138011,,,C-H bending,nu(C2-H12),bond,0.0005795397192804314,-,-0.0019530645113769573,0.31393113244196713
40,1501.7249130138011,,,C-H bending,nu(C2-H13),bond,0.0005794455164583705,-,-0.0019529292201441045,0.3139235939299812
40,1501.7249130138011,,,C-H bending,nu(O3-C4),bond,0.0005515211923360465,-,-0.0017807386107807084,0.35937363468603883
40,1501.7249130138011,,,C-H bending,nu(C1-H11),bond,0.00018524462728196963,+,0.001066135394783169,0.33674817837570464
40,1501.7249130138011,,,C-H bending,nu(C4-H14),bond,8.94345493918141e-05,+,0.0007654457377537035,0.31539940001272926
40,1501.7249130138011,,,C-H bending,nu(C4-H15),bond,8.918604387459482e-05,+,0.0007644319195476987,0.31535783940404283
40,1501.7249130138011,,,C-H bending,nu(C1-H9),bond,8.579890797061474e-05,-,-0.0007229929373833189,0.3391548315937667
40,1501.7249130138011,,,C-H bending,nu(C1-H10),bond,8.550659093525081e-05,-,-0.0007217472231590404,0.33916709092478864
40,1501.7249130138011,,,C-H bending,tau(C5-O7-C8-H17),dihedral,3.016706145797815e-07,-,-0.00028890715247998174,0.007467939282554211
40,1501.7249130138011,,,C-H bending,tau(H11-C1-C2-O3),dihedral,3.538118424734717e-08,-,-2.0752212742707867e-05,0.16975708186529387
40,1501.7249130138011,,,C-H bending,"gamma(O7;C5,C4,O6)",oop,3.998664702900414e-09,-,-8.532745411046011e-06,0.11348063861203601
40,1501.7249130138011,,,C-H bending,tau(C4-C5-O7-C8),dihedral,2.769753152428636e-09,-,-1.194354870653154e-05,0.04011979019759074
40,1501.7249130138011,,,C-H bending,tau(C1-C2-O3-C4),dihedral,8.512766093094372e-12,-,-9.885979502848912e-07,0.01799764357765178
40,1501.7249130138011,,,C-H bending,tau(O3-C4-C5-O7),dihedral,1.1044750785197546e-12,+,5.974329995502385e-07,0.006393841466423005
40,1501.7249130138011,,,C-H bending,tau(C2-O3-C4-C5),dihedral,3.73249087825019e-17,-,-2.4829203749684886e-09,0.012510006294532647
41,1503.9067508708895,,,C-C torsion,tau(H9-C1-C2-H12),dihedral,62.62677042277816,-,-0.3980517871077841,0.38871434480918426
41,1503.9067508708895,,,C-C torsion,tau(H9-C1-C2-H13),dihedral,11.311552803943975,-,-0.22259199963956527,0.22451886234893484
41,1503.9067508708895,,,C-C torsion,tau(H10-C1-C2-H12),dihedral,8.682871613133157,+,0.22273373369493624,0.17212386627012624
41,1503.9067508708895,,,C-C torsion,delta(C2-C1-H11),angle,3.149370753478818,+,0.12019460891102457,0.2143895044253752
41,1503.9067508708895,,,C-C torsion,delta(C2-C1-H9),angle,2.70273698812973,-,-0.10993895205877872,0.21991269811803782
41,1503.9067508708895,,,C-C torsion,delta(C2-C1-H10),angle,2.694151415439119,-,-0.10977134425799402,0.21988405758883822
41,1503.9067508708895,,,C-C torsion,delta(C1-C2-H12),angle,1.7669722292667884,-,-0.07316483967654407,0.3246194824718769
41,1503.9067508708895,,,C-C torsion,"gamma(O3;C4,C5,H14)",oop,1.5319423284565534,-,-0.06754005602015875,0.33027012495710484
41,1503.9067508708895,,,C-C torsion,delta(C1-C2-H13),angle,1.3182556313873748,-,-0.07324961743071583,0.24162319421134754
41,1503.9067508708895,,,C-C torsion,delta(H16-C8-H18),angle,0.8667884058694901,+,0.05029636918912158,0.3369686754784595
41,1503.9067508708895,,,C-C torsion,delta(O3-C4-H15),angle,0.8646655459063949,-,-0.05715020058438663,0.2603528545664745
41,1503.9067508708895,,,C-C torsion,"gamma(H14;C4,O3,H15)",oop,0.6920695420643761,-,-0.04782078127759029,0.29762273937367884
41,1503.9067508708895,,,C-C torsion,nu(C1-C2),bond,0.43063264834767045,+,0.03804912839428142,0.2925278606344219
41,1503.9067508708895,,,C-C torsion,delta(O3-C2-H12),angle,0.41264196048167257,-,-0.02473285102638702,0.6633988778702453
41,1503.9067508708895,,,C-C torsion,delta(C1-C2-O3),angle,0.22317477864120447,-,-0.019882472760938477,0.5552058430791434
41,1503.9067508708895,,,C-C torsion,nu(C2-O3),bond,0.13638528153929272,-,-0.02035231318144415,0.3238095538884528
41,1503.9067508708895,,,C-C torsion,delta(O7-C8-H16),angle,0.12165437774988658,-,-0.017654313226613014,0.38386259421329905
41,1503.9067508708895,,,C-C torsion,nu(C1-H11),bond,0.08547269055411802,+,0.01579922972285174,0.33674817837570464
41,1503.9067508708895,,,C-C torsion,nu(O3-C4),bond,0.06779634239025291,+,0.0136208710029946,0.35937363468603883
41,1503.9067508708895,,,C-C torsion,nu(C1-H9),bond,0.045309016108577335,-,-0.011462204838941685,0.3391548315937667
41,1503.9067508708895,,,C-C torsion,nu(C1-H10),bond,0.04523053835305808,-,-0.011452066970841245,0.33916709092478864
41,1503.9067508708895,,,C-C torsion,nu(C2-H13),bond,0.028454424551921445,-,-0.009441430020425882,0.3139235939299812
41,1503.9067508708895,,,C-C torsion,nu(C2-H12),bond,0.02845287776806117,-,-0.00944106004126023,0.31393113244196713
41,1503.9067508708895,,,C-C torsion,delta(C5-C4-H14),angle,0.023503919048226622,-,-0.007796304198159045,0.38028783930708365
41,1503.9067508708895,,,C-C torsion,delta(H17-C8-H18),angle,0.02247101652850991,-,-0.00824873810887662,0.32478607152998284
41,1503.9067508708895,,,C-C torsion,delta(H16-C8-H17),angle,0.022400035872090898,-,-0.008195254061943215,0.3279997993453108
41,1503.9067508708895,,,C-C torsion,delta(O3-C4-C5),angle,0.02203914402740757,-,-0.005365310847918836,0.7529300899535849
41,1503.9067508708895,,,C-C torsion,delta(C4-C5-O7),angle,0.015663681345447742,-,-0.005954610421745972,0.434447038136364
41,1503.9067508708895,,,C-C torsion,nu(C5-O6),bond,0.012934668208099924,-,-0.003829105337805069,0.8675816801842264
41,1503.9067508708895,,,C-C torsion,nu(C4-H15),bond,0.012470192835376941,-,-0.0062360504895226645,0.31535783940404283
41,1503.9067508708895,,,C-C torsion,nu(C4-H14),bond,0.012468491966416436,-,-0.006235214340765714,0.31539940001272926
41,1503.9067508708895,,,C-C torsion,nu(C5-O7),bond,0.007802604489503332,+,0.0045060880808041074,0.3779113605571353
41,1503.9067508708895,,,C-C torsion,delta(C2-O3-C4),angle,0.006028193623156927,-,-0.004854329756793278,0.25158129671049695
41,1503.9067508708895,,,C-C torsion,delta(O6-C5-O7),angle,0.003751558047563719,-,-0.0026031339526895805,0.5444629662347688
41,1503.9067508708895,,,C-C torsion,nu(O7-C8),bond,0.0017303466665626963,+,0.0023379016387480903,0.31133672847542987
41,1503.9067508708895,,,C-C torsion,nu(C4-C5),bond,0.001147760334465625,-,-0.0020351243239449157,0.2725329576700298
41,1503.9067508708895,,,C-C torsion,nu(C8-H16),bond,0.0006178166581625702,-,-0.001336061865817493,0.34037384822323485
41,1503.9067508708895,,,C-C torsion,nu(C8-H18),bond,0.000615904220801618,-,-0.0013339926464325516,0.3403737166334327
41,1503.9067508708895,,,C-C torsion,delta(O7-C8-H17),angle,0.0006103727787367653,-,-0.0012293105696528804,0.397211334830457
41,1503.9067508708895,,,C-C torsion,nu(C8-H17),bond,0.0003728989777766208,+,0.0010246047232769233,0.3493238140731456
41,1503.9067508708895,,,C-C torsion,delta(C5-O7-C8),angle,1.2794065677168048e-05,-,-0.0002099602241583716,0.28541988573192933
41,1503.9067508708895,,,C-C torsion,tau(H11-C1-C2-O3),dihedral,5.972641844253204e-06,-,-0.000186013360860391,0.16975708186529387
41,1503.9067508708895,,,C-C torsion,"gamma(O7;C5,C4,O6)",oop,8.212096740633661e-09,+,8.436085966246124e-06,0.11348063861203601
41,1503.9067508708895,,,C-C torsion,tau(C5-O7-C8-H17),dihedral,2.8894624393055858e-09,+,1.9506663460766217e-05,0.007467939282554211
41,1503.9067508708895,,,C-C torsion,tau(C4-C5-O7-C8),dihedral,1.1710733405360494e-10,-,-1.6942893244034033e-06,0.04011979019759074
41,1503.9067508708895,,,C-C torsion,tau(C1-C2-O3-C4),dihedral,5.556770504512496e-11,-,-1.7425219631598637e-06,0.01799764357765178
41,1503.9067508708895,,,C-C torsion,tau(C2-O3-C4-C5),dihedral,3.8878201049453e-11,-,-1.7482324225692302e-06,0.012510006294532647
41,1503.9067508708895,,,C-C torsion,tau(O3-C4-C5-O7),dihedral,1.1401301515495533e-11,-,-1.3242535243194023e-06,0.006393841466423005
42,1532.8995957460713,,,mixed C-C torsion / C-H bending,tau(H9-C1-C2-H13),dihedral,29.20197822239042,+,0.4295845325353559,0.22451886234893484
42,1532.8995957460713,,,mixed C-C torsion / C-H bending,delta(O3-C2-H12),angle,22.643182432376193,-,-0.22006464853715776,0.6633988778702453
42,1532.8995957460713,,,mixed C-C torsion / C-H bending,tau(H10-C1-C2-H12),dihedral,22.391243865440607,-,-0.42962295670614586,0.17212386627012624
42,1532.8995957460713,,,mixed C-C torsion / C-H bending,tau(H9-C1-C2-H12),dihedral,15.08662063891688,-,-0.2346657009008044,0.38871434480918426
42,1532.8995957460713,,,mixed C-C torsion / C-H bending,"gamma(O3;C4,C5,H14)",oop,2.6033032685578186,-,-0.1057539633574892,0.33027012495710484
42,1532.8995957460713,,,mixed C-C torsion / C-H bending,delta(O3-C4-H15),angle,2.26198613668393,-,-0.11102805032920499,0.2603528545664745
42,1532.8995957460713,,,mixed C-C torsion / C-H bending,delta(C1-C2-H12),angle,1.0391511522536154,-,-0.06739396177595677,0.3246194824718769
42,1532.8995957460713,,,mixed C-C torsion / C-H bending,delta(C2-C1-H11),angle,0.8701008925000204,-,-0.07588430534680414,0.2143895044253752
42,1532.8995957460713,,,mixed C-C torsion / C-H bending,delta(C1-C2-H13),angle,0.7756074054077489,-,-0.06748707086038933,0.24162319421134754
42,1532.8995957460713,,,mixed C-C torsion / C-H bending,delta(C2-C1-H10),angle,0.6022882749407671,+,0.06234106956720111,0.21988405758883822
42,1532.8995957460713,,,mixed C-C torsion / C-H bending,delta(C2-C1-H9),angle,0.6016925443462644,+,0.062306173141029146,0.21991269811803782
42,1532.8995957460713,,,mixed C-C torsion / C-H bending,nu(C2-O3),bond,0.5404760576571084,+,0.04866450574826139,0.3238095538884528
42,1532.8995957460713,,,mixed C-C torsion / C-H bending,delta(C1-C2-O3),angle,0.39404122687653365,-,-0.03173311702421046,0.5552058430791434
42,1532.8995957460713,,,mixed C-C torsion / C-H bending,nu(O3-C4),bond,0.23502387211523457,+,0.03046153600315681,0.35937363468603883
42,1532.8995957460713,,,mixed C-C torsion / C-H bending,delta(C5-C4-H14),angle,0.15020131418105365,+,0.023672796421449052,0.38028783930708365
42,1532.8995957460713,,,mixed C-C torsion / C-H bending,nu(C2-H12),bond,0.11667688854683517,-,-0.02296382043594299,0.31393113244196713
42,1532.8995957460713,,,mixed C-C torsion / C-H bending,nu(C2-H13),bond,0.1166696753486144,-,-0.02296338630497021,0.3139235939299812
42,1532.8995957460713,,,mixed C-C torsion / C-H bending,nu(C4-C5),bond,0.09478764715002551,-,-0.022214435051243972,0.2725329576700298
42,1532.8995957460713,,,mixed C-C torsion / C-H bending,delta(C4-C5-O7),angle,0.043390427016686606,-,-0.011904124429083906,0.434447038136364
42,1532.8995957460713,,,mixed C-C torsion / C-H bending,delta(H16-C8-H18),angle,0.03849457400601577,+,0.012731333935307832,0.3369686754784595
42,1532.8995957460713,,,mixed C-C torsion / C-H bending,nu(C5-O7),bond,0.030253256791451404,+,0.010657614546289874,0.3779113605571353
42,1532.8995957460713,,,mixed C-C torsion / C-H bending,"gamma(H14;C4,O3,H15)",oop,0.0273368688220849,-,-0.011415902359022163,0.29762273937367884
42,1532.8995957460713,,,mixed C-C torsion / C-H bending,nu(C1-C2),bond,0.021379368306600872,+,0.010183163880155796,0.2925278606344219
42,1532.8995957460713,,,mixed C-C torsion / C-H bending,delta(O7-C8-H16),angle,0.020881715918893214,-,-0.0087854520066143,0.38386259421329905
42,1532.8995957460713,,,mixed C-C torsion / C-H bending,delta(O7-C8-H17),angle,0.016202315385660606,-,-0.007607581967539294,0.397211334830457
42,1532.8995957460713,,,mixed C-C torsion / C-H bending,delta(O3-C4-C5),angle,0.014986801822604269,-,-0.005314300050949866,0.7529300899535849
42,1532.8995957460713,,,mixed C-C torsion / C-H bending,delta(O6-C5-O7),angle,0.01428949483006402,-,-0.006102294757431226,0.5444629662347688
42,1532.8995957460713,,,mixed C-C torsion / C-H bending,nu(C5-O6),bond,0.009170319044497024,-,-0.0038726295259837577,0.8675816801842264
42,1532.8995957460713,,,mixed C-C torsion / C-H bending,delta(H16-C8-H17),angle,0.007870409224009497,+,0.005834864621021151,0.3279997993453108
42,1532.8995957460713,,,mixed C-C torsion / C-H bending,delta(H17-C8-H18),angle,0.007769481320321384,+,0.005825943001377399,0.32478607152998284
42,1532.8995957460713,,,mixed C-C torsion / C-H bending,nu(C4-H14),bond,0.007581045011408003,-,-0.005839867885174825,0.31539940001272926
42,1532.8995957460713,,,mixed C-C torsion / C-H bending,nu(C4-H15),bond,0.007552805402966892,-,-0.005829364984425848,0.31535783940404283
42,1532.8995957460713,,,mixed C-C torsion / C-H bending,nu(C1-H10),bond,0.0024049620865373915,+,0.0031718758472663706,0.33916709092478864
42,1532.8995957460713,,,mixed C-C torsion / C-H bending,nu(C1-H9),bond,0.0023982206732636405,+,0.0031674843881939196,0.3391548315937667
42,1532.8995957460713,,,mixed C-C torsion / C-H bending,delta(C2-O3-C4),angle,0.001173164705176666,-,-0.0025722266573943537,0.25158129671049695
42,1532.8995957460713,,,mixed C-C torsion / C-H bending,nu(O7-C8),bond,0.0009105498347133135,+,0.002037068331303374,0.31133672847542987
42,1532.8995957460713,,,mixed C-C torsion / C-H bending,nu(C1-H11),bond,0.0007111707127722789,-,-0.0017310245217346165,0.33674817837570464
42,1532.8995957460713,,,mixed C-C torsion / C-H bending,delta(C5-O7-C8),angle,0.00019288699625549194,+,0.0009792154950195222,0.28541988573192933
42,1532.8995957460713,,,mixed C-C torsion / C-H bending,nu(C8-H17),bond,6.236838986014599e-06,+,0.0001591611562397288,0.3493238140731456
42,1532.8995957460713,,,mixed C-C torsion / C-H bending,nu(C8-H16),bond,6.207978265620924e-06,-,-0.0001608666128386746,0.34037384822323485
42,1532.8995957460713,,,mixed C-C torsion / C-H bending,nu(C8-H18),bond,6.15541188343095e-06,-,-0.00016018412266128657,0.3403737166334327
42,1532.8995957460713,,,mixed C-C torsion / C-H bending,"gamma(O7;C5,C4,O6)",oop,3.7247412439381356e-08,+,2.1580230763909056e-05,0.11348063861203601
42,1532.8995957460713,,,mixed C-C torsion / C-H bending,tau(H11-C1-C2-O3),dihedral,6.883761292375821e-09,-,-7.585214497779847e-06,0.16975708186529387
42,1532.8995957460713,,,mixed C-C torsion / C-H bending,tau(C2-O3-C4-C5),dihedral,1.1796514794889098e-09,-,-1.1566900780744279e-05,0.012510006294532647
42,1532.8995957460713,,,mixed C-C torsion / C-H bending,tau(C4-C5-O7-C8),dihedral,6.305597156887642e-10,-,-4.72229050324942e-06,0.04011979019759074
42,1532.8995957460713,,,mixed C-C torsion / C-H bending,tau(C1-C2-O3-C4),dihedral,1.2909385965661817e-10,+,3.190170431282267e-06,0.01799764357765178
42,1532.8995957460713,,,mixed C-C torsion / C-H bending,tau(C5-O7-C8-H17),dihedral,7.291858275982116e-11,+,3.72209656758703e-06,0.007467939282554211
42,1532.8995957460713,,,mixed C-C torsion / C-H bending,tau(O3-C4-C5-O7),dihedral,2.5846366615030598e-11,+,2.394901931317429e-06,0.006393841466423005
43,1827.8405021083975,,,C-O stretching,nu(C5-O6),bond,77.50317400103042,-,-0.3762826201058542,0.8675816801842264
43,1827.8405021083975,,,C-O stretching,delta(C4-C5-O7),angle,5.622341759672136,-,-0.14321872454454665,0.434447038136364
43,1827.8405021083975,,,C-O stretching,nu(C4-C5),bond,4.949637702851447,+,0.16966286344394105,0.2725329576700298
43,1827.8405021083975,,,C-O stretching,nu(C5-O7),bond,3.5924156979304884,+,0.12274616168875477,0.3779113605571353
43,1827.8405021083975,,,C-O stretching,delta(O6-C5-O7),angle,2.81679133965489,+,0.09055298427078652,0.5444629662347688
43,1827.8405021083975,,,C-O stretching,delta(O3-C4-C5),angle,2.3250448194714726,-,-0.06995970013989394,0.7529300899535849
43,1827.8405021083975,,,C-O stretching,delta(C5-O7-C8),angle,1.3658219880345364,-,-0.0870892474180127,0.28541988573192933
43,1827.8405021083975,,,C-O stretching,delta(C5-C4-H14),angle,0.45658598004136386,+,0.04362291355340573,0.38028783930708365
43,1827.8405021083975,,,C-O stretching,delta(O7-C8-H17),angle,0.37774799368749074,-,-0.038823963340546296,0.397211334830457
43,1827.8405021083975,,,C-O stretching,"gamma(O3;C4,C5,H14)",oop,0.3193812489793853,-,-0.039149810445115785,0.33027012495710484
43,1827.8405021083975,,,C-O stretching,delta(H16-C8-H17),angle,0.22203604436992483,+,0.03275552415146448,0.3279997993453108
43,1827.8405021083975,,,C-O stretching,delta(H17-C8-H18),angle,0.22020776665533007,+,0.03278137905393123,0.32478607152998284
43,1827.8405021083975,,,C-O stretching,delta(O7-C8-H16),angle,0.06920941297291178,-,-0.016904576197622718,0.38386259421329905
43,1827.8405021083975,,,C-O stretching,"gamma(H14;C4,O3,H15)",oop,0.04101129306715556,+,0.01477842929138646,0.29762273937367884
43,1827.8405021083975,,,C-O stretching,nu(O7-C8),bond,0.04061974937851134,+,0.014380137627054628,0.31133672847542987
43,1827.8405021083975,,,C-O stretching,delta(C2-O3-C4),angle,0.014373640344424602,-,-0.009515986403148264,0.25158129671049695
43,1827.8405021083975,,,C-O stretching,nu(O3-C4),bond,0.008428091459566741,-,-0.006096788303275253,0.35937363468603883
43,1827.8405021083975,,,C-O stretching,delta(H16-C8-H18),angle,0.008214368877337465,+,0.006215870199531268,0.3369686754784595
43,1827.8405021083975,,,C-O stretching,nu(C8-H18),bond,0.007369765044635435,+,0.005858122031505171,0.3403737166334327
43,1827.8405021083975,,,C-O stretching,nu(C8-H16),bond,0.007358730210611434,+,0.005853733540269886,0.34037384822323485
43,1827.8405021083975,,,C-O stretching,delta(O3-C4-H15),angle,0.006868691612590549,+,0.006466442776390527,0.2603528545664745
43,1827.8405021083975,,,C-O stretching,nu(C2-O3),bond,0.006259384061543482,+,0.005535165009889832,0.3238095538884528
43,1827.8405021083975,,,C-O stretching,nu(C4-H14),bond,0.0036591252702065347,-,-0.00428812867680639,0.31539940001272926
43,1827.8405021083975,,,C-O stretching,nu(C4-H15),bond,0.00361178350404917,-,-0.004260579180907677,0.31535783940404283
43,1827.8405021083975,,,C-O stretching,delta(O3-C2-H12),angle,0.0034157414598873018,+,0.0028567006319110133,0.6633988778702453
43,1827.8405021083975,,,C-O stretching,delta(C1-C2-H12),angle,0.001981672393414587,-,-0.0031105575487621836,0.3246194824718769
43,1827.8405021083975,,,C-O stretching,nu(C1-C2),bond,0.001572348548986636,+,0.0029187735107034044,0.2925278606344219
43,1827.8405021083975,,,C-O stretching,delta(C1-C2-H13),angle,0.0014784699409468752,-,-0.0031142002878782817,0.24162319421134754
43,1827.8405021083975,,,C-O stretching,delta(C2-C1-H11),angle,0.001429582113736104,-,-0.0032509657515351347,0.2143895044253752
43,1827.8405021083975,,,C-O stretching,delta(C1-C2-O3),angle,0.0009146428143869404,-,-0.0016158771919507974,0.5552058430791434
43,1827.8405021083975,,,C-O stretching,nu(C8-H17),bond,0.000656724717275705,-,-0.001726184394227221,0.3493238140731456
43,1827.8405021083975,,,C-O stretching,tau(H9-C1-C2-H12),dihedral,0.00028478240373094134,+,0.0010775834020701062,0.38871434480918426
43,1827.8405021083975,,,C-O stretching,nu(C1-H10),bond,4.154076206383673e-05,+,0.000440595419696618,0.33916709092478864
43,1827.8405021083975,,,C-O stretching,nu(C1-H9),bond,4.143404930377799e-05,+,0.0004400370926453715,0.3391548315937667
43,1827.8405021083975,,,C-O stretching,delta(C2-C1-H10),angle,2.9218599583516298e-06,+,0.0001451250654802535,0.21988405758883822
43,1827.8405021083975,,,C-O stretching,delta(C2-C1-H9),angle,2.8904839161969316e-06,+,0.00014433435860873318,0.21991269811803782
43,1827.8405021083975,,,C-O stretching,nu(C1-H11),bond,2.5891595416615147e-06,+,0.0001103916894888222,0.33674817837570464
43,1827.8405021083975,,,C-O stretching,tau(H9-C1-C2-H13),dihedral,1.4302305334542741e-06,-,-0.00010048152270502655,0.22451886234893484
43,1827.8405021083975,,,C-O stretching,tau(H10-C1-C2-H12),dihedral,1.1229414192823384e-06,+,0.00010168750828547701,0.17212386627012624
43,1827.8405021083975,,,C-O stretching,nu(C2-H12),bond,6.934909569320926e-07,-,-5.9171531413618066e-05,0.31393113244196713
43,1827.8405021083975,,,C-O stretching,nu(C2-H13),bond,6.891114006442534e-07,-,-5.898510273465253e-05,0.3139235939299812
43,1827.8405021083975,,,C-O stretching,tau(C4-C5-O7-C8),dihedral,1.63649614540789e-07,+,8.040587238386937e-05,0.04011979019759074
43,1827.8405021083975,,,C-O stretching,"gamma(O7;C5,C4,O6)",oop,9.573783730398057e-08,-,-3.656710024300908e-05,0.11348063861203601
43,1827.8405021083975,,,C-O stretching,tau(C2-O3-C4-C5),dihedral,7.11628738305395e-08,-,-9.495275642384439e-05,0.012510006294532647
43,1827.8405021083975,,,C-O stretching,tau(O3-C4-C5-O7),dihedral,1.3494397325113052e-08,-,-5.7836954480858323e-05,0.006393841466423005
43,1827.8405021083975,,,C-O stretching,tau(C5-O7-C8-H17),dihedral,7.581227687957021e-10,+,1.268466442684367e-05,0.007467939282554211
43,1827.8405021083975,,,C-O stretching,tau(C1-C2-O3-C4),dihedral,4.756605410857168e-10,-,-6.47217633126304e-06,0.01799764357765178
43,1827.8405021083975,,,C-O stretching,tau(H11-C1-C2-O3),dihedral,5.761828894699619e-11,+,7.334589790581484e-07,0.16975708186529387
44,2959.029690940314,,,mixed-phase C-H stretching,nu(C2-H13),bond,38.789338187591696,+,0.6400456175812332,0.3139235939299812
44,2959.029690940314,,,mixed-phase C-H stretching,nu(C2-H12),bond,38.69775288331663,+,0.6392818910928554,0.31393113244196713
44,2959.029690940314,,,mixed-phase C-H stretching,nu(C4-H15),bond,10.883864082436217,-,-0.3382645305644627,0.31535783940404283
44,2959.029690940314,,,mixed-phase C-H stretching,nu(C4-H14),bond,10.752455304982032,-,-0.3361941203055778,0.31539940001272926
44,2959.029690940314,,,mixed-phase C-H stretching,delta(C1-C2-O3),angle,0.20067754894187742,+,0.03461697402279892,0.5552058430791434
44,2959.029690940314,,,mixed-phase C-H stretching,nu(C1-H11),bond,0.16811728964906084,-,-0.04068368514099142,0.33674817837570464
44,2959.029690940314,,,mixed-phase C-H stretching,nu(C1-C2),bond,0.12038913913046426,-,-0.03693828766938948,0.2925278606344219
44,2959.029690940314,,,mixed-phase C-H stretching,delta(O3-C4-C5),angle,0.07546358950698519,-,-0.018228801885976528,0.7529300899535849
44,2959.029690940314,,,mixed-phase C-H stretching,nu(C2-O3),bond,0.058196915193579286,-,-0.024410230226538817,0.3238095538884528
44,2959.029690940314,,,mixed-phase C-H stretching,"gamma(H14;C4,O3,H15)",oop,0.04228401239152007,-,-0.021703099580330985,0.29762273937367884
44,2959.029690940314,,,mixed-phase C-H stretching,tau(H9-C1-C2-H12),dihedral,0.03941708807905099,+,0.01833554009867945,0.38871434480918426
44,2959.029690940314,,,mixed-phase C-H stretching,nu(C4-C5),bond,0.025695672314906378,+,0.0176802010853466,0.2725329576700298
44,2959.029690940314,,,mixed-phase C-H stretching,delta(C2-C1-H11),angle,0.024135041753183213,+,0.019319193361745243,0.2143895044253752
44,2959.029690940314,,,mixed-phase C-H stretching,nu(C1-H9),bond,0.020102152787486127,+,0.014018095127283655,0.3391548315937667
44,2959.029690940314,,,mixed-phase C-H stretching,nu(C1-H10),bond,0.019920041347275767,+,0.013954201398267484,0.33916709092478864
44,2959.029690940314,,,mixed-phase C-H stretching,nu(O3-C4),bond,0.017537419509653623,+,0.012719688084837193,0.35937363468603883
44,2959.029690940314,,,mixed-phase C-H stretching,"gamma(O3;C4,C5,H14)",oop,0.01588845279493781,-,-0.01262911392174193,0.33027012495710484
44,2959.029690940314,,,mixed-phase C-H stretching,delta(O3-C2-H12),angle,0.012534929896674409,-,-0.007914806662089097,0.6633988778702453
44,2959.029690940314,,,mixed-phase C-H stretching,delta(C4-C5-O7),angle,0.007350653699512224,-,-0.007489645865158449,0.434447038136364
44,2959.029690940314,,,mixed-phase C-H stretching,delta(C2-C1-H9),angle,0.005018289332822813,-,-0.008698000281063158,0.21991269811803782
44,2959.029690940314,,,mixed-phase C-H stretching,delta(C2-C1-H10),angle,0.004981612366738646,-,-0.008666721008741387,0.21988405758883822
44,2959.029690940314,,,mixed-phase C-H stretching,delta(C2-O3-C4),angle,0.004874159225842065,+,0.008014517891642373,0.25158129671049695
44,2959.029690940314,,,mixed-phase C-H stretching,delta(O3-C4-H15),angle,0.0036800715181459455,+,0.00684563405934002,0.2603528545664745
44,2959.029690940314,,,mixed-phase C-H stretching,tau(H9-C1-C2-H13),dihedral,0.002568887436897114,-,-0.006159037426432382,0.22451886234893484
44,2959.029690940314,,,mixed-phase C-H stretching,tau(H10-C1-C2-H12),dihedral,0.0019887148793911644,+,0.0061891703655916645,0.17212386627012624
44,2959.029690940314,,,mixed-phase C-H stretching,nu(C8-H16),bond,0.001676870823404834,-,-0.004041461388767026,0.34037384822323485
44,2959.029690940314,,,mixed-phase C-H stretching,nu(C8-H18),bond,0.0016759267307868634,-,-0.004040324320925339,0.3403737166334327
44,2959.029690940314,,,mixed-phase C-H stretching,delta(C5-C4-H14),angle,0.0010208454648545009,-,-0.002983255878880553,0.38028783930708365
44,2959.029690940314,,,mixed-phase C-H stretching,nu(C8-H17),bond,0.000787819885794754,-,-0.002734425497273518,0.3493238140731456
44,2959.029690940314,,,mixed-phase C-H stretching,nu(C5-O6),bond,0.0005133603014564499,+,0.001400627588272609,0.8675816801842264
44,2959.029690940314,,,mixed-phase C-H stretching,nu(C5-O7),bond,7.260312443998472e-05,-,-0.0007980854694484806,0.3779113605571353
44,2959.029690940314,,,mixed-phase C-H stretching,delta(O7-C8-H16),angle,6.9345402133001244e-06,+,0.0002447302538597727,0.38386259421329905
44,2959.029690940314,,,mixed-phase C-H stretching,delta(C5-O7-C8),angle,3.74300252337121e-06,+,0.00020851373526747748,0.28541988573192933
44,2959.029690940314,,,mixed-phase C-H stretching,delta(O7-C8-H17),angle,2.1222997491097605e-06,-,-0.00013309424196491704,0.397211334830457
44,2959.029690940314,,,mixed-phase C-H stretching,delta(H16-C8-H18),angle,1.4527371578717952e-06,-,-0.00011955437661829535,0.3369686754784595
44,2959.029690940314,,,mixed-phase C-H stretching,delta(H16-C8-H17),angle,1.3263320243854381e-06,-,-0.00011578600274052872,0.3279997993453108
44,2959.029690940314,,,mixed-phase C-H stretching,delta(H17-C8-H18),angle,1.313354523031358e-06,-,-0.00011578678924276125,0.32478607152998284
44,2959.029690940314,,,mixed-phase C-H stretching,delta(O6-C5-O7),angle,1.161357658336864e-06,-,-8.409410326808489e-05,0.5444629662347688
44,2959.029690940314,,,mixed-phase C-H stretching,nu(O7-C8),bond,1.0729380235679755e-06,-,-0.00010689043922956498,0.31133672847542987
44,2959.029690940314,,,mixed-phase C-H stretching,delta(C1-C2-H12),angle,9.5221809563503e-07,+,9.861605993167088e-05,0.3246194824718769
44,2959.029690940314,,,mixed-phase C-H stretching,delta(C1-C2-H13),angle,1.6884880780972643e-07,+,4.813338568217634e-05,0.24162319421134754
44,2959.029690940314,,,mixed-phase C-H stretching,"gamma(O7;C5,C4,O6)",oop,9.657820769428886e-08,+,5.31184516625981e-05,0.11348063861203601
44,2959.029690940314,,,mixed-phase C-H stretching,tau(C4-C5-O7-C8),dihedral,2.927582227112735e-08,-,-4.918604995951677e-05,0.04011979019759074
44,2959.029690940314,,,mixed-phase C-H stretching,tau(C1-C2-O3-C4),dihedral,2.1552695143940236e-08,+,6.301003078340273e-05,0.01799764357765178
44,2959.029690940314,,,mixed-phase C-H stretching,tau(C2-O3-C4-C5),dihedral,1.8065782171727474e-08,+,6.919366630909938e-05,0.012510006294532647
44,2959.029690940314,,,mixed-phase C-H stretching,tau(H11-C1-C2-O3),dihedral,1.551404524597055e-08,-,-1.7406654072346925e-05,0.16975708186529387
44,2959.029690940314,,,mixed-phase C-H stretching,tau(O3-C4-C5-O7),dihedral,4.966551710749224e-09,-,-5.074733861377075e-05,0.006393841466423005
44,2959.029690940314,,,mixed-phase C-H stretching,tau(C5-O7-C8-H17),dihedral,4.807099461864248e-12,+,1.4608576094723635e-06,0.007467939282554211
45,2970.802338305689,,,C-H stretching,nu(C4-H15),bond,39.247302813630505,-,-0.6439650426181873,0.31535783940404283
45,2970.802338305689,,,C-H stretching,nu(C4-H14),bond,38.489298479027944,-,-0.6376740833162692,0.31539940001272926
45,2970.802338305689,,,C-H stretching,nu(C2-H13),bond,10.728013365070751,-,-0.3374480122471903,0.3139235939299812
45,2970.802338305689,,,C-H stretching,nu(C2-H12),bond,10.637030946120328,-,-0.33601001204305764,0.31393113244196713
45,2970.802338305689,,,C-H stretching,delta(O3-C4-C5),angle,0.23522453229867818,-,-0.032264369318227966,0.7529300899535849
45,2970.802338305689,,,C-H stretching,nu(O3-C4),bond,0.09678537966021807,+,0.029956493267624076,0.35937363468603883
45,2970.802338305689,,,C-H stretching,nu(C1-H11),bond,0.09626895594821509,+,0.03086382185246213,0.33674817837570464
45,2970.802338305689,,,C-H stretching,nu(C4-C5),bond,0.08250920731218257,+,0.031761491821082836,0.2725329576700298
45,2970.802338305689,,,C-H stretching,"gamma(H14;C4,O3,H15)",oop,0.07692604238578936,-,-0.029346941088661947,0.29762273937367884
45,2970.802338305689,,,C-H stretching,"gamma(O3;C4,C5,H14)",oop,0.07575316508468949,-,-0.027645531653705317,0.33027012495710484
45,2970.802338305689,,,C-H stretching,delta(C1-C2-O3),angle,0.049491490520651917,-,-0.017234450972183034,0.5552058430791434
45,2970.802338305689,,,C-H stretching,delta(C2-O3-C4),angle,0.0467407444491928,-,-0.024881000338505953,0.25158129671049695
45,2970.802338305689,,,C-H stretching,delta(C4-C5-O7),angle,0.030051120896421618,-,-0.015181724903112774,0.434447038136364
45,2970.802338305689,,,C-H stretching,nu(C1-C2),bond,0.028333048048123543,+,0.017964793592300545,0.2925278606344219
45,2970.802338305689,,,C-H stretching,nu(C2-O3),bond,0.024466091376307498,+,0.015867067443031957,0.3238095538884528
45,2970.802338305689,,,C-H stretching,tau(H9-C1-C2-H12),dihedral,0.02221638235467374,-,-0.013800047678877329,0.38871434480918426
45,2970.802338305689,,,C-H stretching,delta(C2-C1-H11),angle,0.008340703104699082,-,-0.011385674692599738,0.2143895044253752
45,2970.802338305689,,,C-H stretching,nu(C1-H9),bond,0.0029120218254771843,-,-0.00534881415800112,0.3391548315937667
45,2970.802338305689,,,C-H stretching,nu(C1-H10),bond,0.0027812321588031423,-,-0.005227222279037084,0.33916709092478864
45,2970.802338305689,,,C-H stretching,nu(C8-H16),bond,0.002504343543999615,-,-0.004951400545727424,0.34037384822323485
45,2970.802338305689,,,C-H stretching,nu(C8-H18),bond,0.0024960868679523673,-,-0.00494323252170489,0.3403737166334327
45,2970.802338305689,,,C-H stretching,tau(H9-C1-C2-H13),dihedral,0.0023376741133793034,+,0.005890128472542977,0.22451886234893484
45,2970.802338305689,,,C-H stretching,delta(C2-C1-H9),angle,0.0020663025482556743,+,0.0055953982454603115,0.21991269811803782
45,2970.802338305689,,,C-H stretching,delta(C2-C1-H10),angle,0.0020202118264457214,+,0.0055330014430128496,0.21988405758883822
45,2970.802338305689,,,C-H stretching,tau(H10-C1-C2-H12),dihedral,0.0018058395970623313,-,-0.005912596468489261,0.17212386627012624
45,2970.802338305689,,,C-H stretching,nu(C5-O6),bond,0.0016929412364268066,+,0.0025499106070743806,0.8675816801842264
45,2970.802338305689,,,C-H stretching,delta(C1-C2-H12),angle,0.0012758226844391029,+,0.003618820730513043,0.3246194824718769
45,2970.802338305689,,,C-H stretching,delta(O3-C4-H15),angle,0.001044605193247137,+,0.0036564035219458766,0.2603528545664745
45,2970.802338305689,,,C-H stretching,delta(C1-C2-H13),angle,0.0010002520739604969,+,0.003714023264135071,0.24162319421134754
45,2970.802338305689,,,C-H stretching,nu(C8-H17),bond,0.0005073460768236426,-,-0.002199871213202973,0.3493238140731456
45,2970.802338305689,,,C-H stretching,nu(C5-O7),bond,0.0003786143531426695,-,-0.0018271018750430528,0.3779113605571353
45,2970.802338305689,,,C-H stretching,delta(C5-C4-H14),angle,0.0002007706143349315,+,0.0013263344654856992,0.38028783930708365
45,2970.802338305689,,,C-H stretching,delta(O3-C2-H12),angle,0.00018249135063358018,-,-0.0009573990155840568,0.6633988778702453
45,2970.802338305689,,,C-H stretching,delta(O7-C8-H17),angle,1.4373617548984915e-05,-,-0.000347241342138285,0.397211334830457
45,2970.802338305689,,,C-H stretching,delta(O7-C8-H16),angle,9.545869762050248e-06,+,0.00028785849838803765,0.38386259421329905
45,2970.802338305689,,,C-H stretching,delta(C5-O7-C8),angle,5.240196129867238e-06,+,0.00024733800712096045,0.28541988573192933
45,2970.802338305689,,,C-H stretching,nu(O7-C8),bond,3.620654119519626e-06,+,0.00019685096166021098,0.31133672847542987
45,2970.802338305689,,,C-H stretching,delta(H16-C8-H17),angle,2.364038130322215e-06,-,-0.0001549707196171744,0.3279997993453108
45,2970.802338305689,,,C-H stretching,delta(H17-C8-H18),angle,2.357938212608068e-06,-,-0.00015553449104059442,0.32478607152998284
45,2970.802338305689,,,C-H stretching,delta(O6-C5-O7),angle,1.6751197645695284e-06,+,0.00010125068245676129,0.5444629662347688
45,2970.802338305689,,,C-H stretching,"gamma(O7;C5,C4,O6)",oop,7.651350027541674e-07,+,0.00014988816737522692,0.11348063861203601
45,2970.802338305689,,,C-H stretching,delta(H16-C8-H18),angle,5.833452689717515e-07,+,7.594991195640744e-05,0.3369686754784595
45,2970.802338305689,,,C-H stretching,tau(C4-C5-O7-C8),dihedral,2.5203156978239707e-07,-,-0.00014467961544966645,0.04011979019759074
45,2970.802338305689,,,C-H stretching,tau(C1-C2-O3-C4),dihedral,7.549720254577523e-08,+,0.00011822703730482907,0.01799764357765178
45,2970.802338305689,,,C-H stretching,tau(O3-C4-C5-O7),dihedral,4.568635667372465e-08,-,-0.00015430199146530262,0.006393841466423005
45,2970.802338305689,,,C-H stretching,tau(H11-C1-C2-O3),dihedral,4.374959008589771e-08,+,2.9304360189474193e-05,0.16975708186529387
45,2970.802338305689,,,C-H stretching,tau(C2-O3-C4-C5),dihedral,3.3729488875107385e-08,+,9.478406189509032e-05,0.012510006294532647
45,2970.802338305689,,,C-H stretching,tau(C5-O7-C8-H17),dihedral,3.820426286997623e-11,+,4.128713271900204e-06,0.007467939282554211
46,2985.032083452001,,,mixed-phase C-H stretching,nu(C2-H12),bond,43.99376425060165,-,-0.6991289391501427,0.31393113244196713
46,2985.032083452001,,,mixed-phase C-H stretching,nu(C2-H13),bond,43.79277820414422,+,0.6975384966184195,0.3139235939299812
46,2985.032083452001,,,mixed-phase C-H stretching,nu(C4-H14),bond,5.262637257531738,-,-0.24124048762467537,0.31539940001272926
46,2985.032083452001,,,mixed-phase C-H stretching,nu(C4-H15),bond,5.135658806938285,+,0.23832805948699903,0.31535783940404283
46,2985.032083452001,,,mixed-phase C-H stretching,nu(C1-H9),bond,0.46760347755164955,+,0.06934557810022318,0.3391548315937667
46,2985.032083452001,,,mixed-phase C-H stretching,nu(C1-H10),bond,0.46707500562426196,-,-0.06930512827389593,0.33916709092478864
46,2985.032083452001,,,mixed-phase C-H stretching,delta(O3-C2-H12),angle,0.31848708418462973,+,0.0409201726250009,0.6633988778702453
46,2985.032083452001,,,mixed-phase C-H stretching,delta(C1-C2-H12),angle,0.12989800014560907,+,0.03735879442111325,0.3246194824718769
46,2985.032083452001,,,mixed-phase C-H stretching,delta(C1-C2-H13),angle,0.09660269221497425,-,-0.037342570994797084,0.24162319421134754
46,2985.032083452001,,,mixed-phase C-H stretching,delta(C2-C1-H10),angle,0.05935664342008664,+,0.030684334375005874,0.21988405758883822
46,2985.032083452001,,,mixed-phase C-H stretching,delta(C2-C1-H9),angle,0.05925957195112715,-,-0.030657237096357457,0.21991269811803782
46,2985.032083452001,,,mixed-phase C-H stretching,tau(H9-C1-C2-H12),dihedral,0.052451759154610374,+,0.021694200834561854,0.38871434480918426
46,2985.032083452001,,,mixed-phase C-H stretching,tau(H11-C1-C2-O3),dihedral,0.04231960196335774,-,-0.029487350202061738,0.16975708186529387
46,2985.032083452001,,,mixed-phase C-H stretching,"gamma(O3;C4,C5,H14)",oop,0.031262730558605144,+,0.01817011681875745,0.33027012495710484
46,2985.032083452001,,,mixed-phase C-H stretching,tau(H9-C1-C2-H13),dihedral,0.030421695721501274,+,0.021739232316530903,0.22451886234893484
46,2985.032083452001,,,mixed-phase C-H stretching,tau(H10-C1-C2-H12),dihedral,0.023264279657097976,+,0.02171216694365959,0.17212386627012624
46,2985.032083452001,,,mixed-phase C-H stretching,delta(C5-C4-H14),angle,0.013376879462589872,+,0.011076437439799913,0.38028783930708365
46,2985.032083452001,,,mixed-phase C-H stretching,delta(O3-C4-H15),angle,0.011077168410772572,-,-0.01218181832837029,0.2603528545664745
46,2985.032083452001,,,mixed-phase C-H stretching,"gamma(H14;C4,O3,H15)",oop,0.003829904217410705,-,-0.006699460217968056,0.29762273937367884
46,2985.032083452001,,,mixed-phase C-H stretching,"gamma(O7;C5,C4,O6)",oop,0.0030561906226084868,-,-0.009691884834026136,0.11348063861203601
46,2985.032083452001,,,mixed-phase C-H stretching,tau(C2-O3-C4-C5),dihedral,0.0021548035558770977,+,0.02451060260425121,0.012510006294532647
46,2985.032083452001,,,mixed-phase C-H stretching,tau(C1-C2-O3-C4),dihedral,0.0020586596035914763,+,0.01997392242840339,0.01799764357765178
46,2985.032083452001,,,mixed-phase C-H stretching,tau(C4-C5-O7-C8),dihedral,0.0012037579020087743,+,0.010229847508458793,0.04011979019759074
46,2985.032083452001,,,mixed-phase C-H stretching,tau(O3-C4-C5-O7),dihedral,0.0002463584159548541,+,0.011592622147507014,0.006393841466423005
46,2985.032083452001,,,mixed-phase C-H stretching,nu(C8-H18),bond,7.647733759378727e-05,-,-0.0008852527464895599,0.3403737166334327
46,2985.032083452001,,,mixed-phase C-H stretching,nu(C8-H16),bond,7.14878553919038e-05,+,0.0008558880306956017,0.34037384822323485
46,2985.032083452001,,,mixed-phase C-H stretching,delta(O7-C8-H16),angle,2.3022854336097993e-06,-,-0.00014463406650194502,0.38386259421329905
46,2985.032083452001,,,mixed-phase C-H stretching,delta(O3-C4-C5),angle,1.1367073682577251e-06,-,-7.256478650339012e-05,0.7529300899535849
46,2985.032083452001,,,mixed-phase C-H stretching,nu(C1-H11),bond,1.0764518911932445e-06,+,0.00010559019600119837,0.33674817837570464
46,2985.032083452001,,,mixed-phase C-H stretching,nu(O3-C4),bond,4.672457191504283e-07,+,6.73408308734525e-05,0.35937363468603883
46,2985.032083452001,,,mixed-phase C-H stretching,nu(C4-C5),bond,3.981853025485758e-07,+,7.138582930467264e-05,0.2725329576700298
46,2985.032083452001,,,mixed-phase C-H stretching,delta(H16-C8-H17),angle,3.652706757016323e-07,-,-6.232316869267825e-05,0.3279997993453108
46,2985.032083452001,,,mixed-phase C-H stretching,delta(H17-C8-H18),angle,3.5233943121921667e-07,+,6.151214014873286e-05,0.32478607152998284
46,2985.032083452001,,,mixed-phase C-H stretching,delta(C2-O3-C4),angle,2.73876381749713e-07,-,-6.161933772036617e-05,0.25158129671049695
46,2985.032083452001,,,mixed-phase C-H stretching,delta(C1-C2-O3),angle,2.5284391373399824e-07,-,-3.985457195154142e-05,0.5552058430791434
46,2985.032083452001,,,mixed-phase C-H stretching,delta(C4-C5-O7),angle,1.795523458949518e-07,-,-3.796697816285275e-05,0.434447038136364
46,2985.032083452001,,,mixed-phase C-H stretching,tau(C5-O7-C8-H17),dihedral,1.359926478540681e-07,-,-0.0002520207135188345,0.007467939282554211
46,2985.032083452001,,,mixed-phase C-H stretching,nu(C2-O3),bond,1.3129657260578523e-07,+,3.760631474524633e-05,0.3238095538884528
46,2985.032083452001,,,mixed-phase C-H stretching,nu(C1-C2),bond,1.17201261247945e-07,+,3.7381905579224686e-05,0.2925278606344219
46,2985.032083452001,,,mixed-phase C-H stretching,delta(C2-C1-H11),angle,3.837364304138509e-08,-,-2.49858234272121e-05,0.2143895044253752
46,2985.032083452001,,,mixed-phase C-H stretching,nu(C5-O6),bond,1.5819455870596785e-08,+,7.974794400557473e-06,0.8675816801842264
46,2985.032083452001,,,mixed-phase C-H stretching,nu(C8-H17),bond,4.507790766156317e-09,-,-6.70882848722674e-06,0.3493238140731456
46,2985.032083452001,,,mixed-phase C-H stretching,nu(C5-O7),bond,3.0688620405932677e-09,-,-5.3219724238849864e-06,0.3779113605571353
46,2985.032083452001,,,mixed-phase C-H stretching,delta(C5-O7-C8),angle,9.62902311147074e-11,+,1.0847456360270514e-06,0.28541988573192933
46,2985.032083452001,,,mixed-phase C-H stretching,delta(O7-C8-H17),angle,7.733772855143273e-11,-,-8.240694244540233e-07,0.397211334830457
46,2985.032083452001,,,mixed-phase C-H stretching,nu(O7-C8),bond,4.237852962428136e-11,+,6.890276885998096e-07,0.31133672847542987
46,2985.032083452001,,,mixed-phase C-H stretching,delta(O6-C5-O7),angle,1.624034596626593e-11,-,-3.2254653216552157e-07,0.5444629662347688
46,2985.032083452001,,,mixed-phase C-H stretching,delta(H16-C8-H18),angle,1.87279079900714e-12,+,1.3922870353976687e-07,0.3369686754784595
47,2992.0837699298654,,,mixed-phase C-H stretching,nu(C4-H14),bond,44.79408317484949,-,-0.7042093609926862,0.31539940001272926
47,2992.0837699298654,,,mixed-phase C-H stretching,nu(C4-H15),bond,44.06008395208416,+,0.6984619363355177,0.31535783940404283
47,2992.0837699298654,,,mixed-phase C-H stretching,nu(C2-H13),bond,5.122589755224593,-,-0.23870125844624923,0.3139235939299812
47,2992.0837699298654,,,mixed-phase C-H stretching,nu(C2-H12),bond,5.09748207109746,+,0.2381126998561699,0.31393113244196713
47,2992.0837699298654,,,mixed-phase C-H stretching,"gamma(O3;C4,C5,H14)",oop,0.34074411676728616,+,0.060020752617602195,0.33027012495710484
47,2992.0837699298654,,,mixed-phase C-H stretching,delta(O3-C4-H15),angle,0.15079158074406163,-,-0.04497066133191514,0.2603528545664745
47,2992.0837699298654,,,mixed-phase C-H stretching,delta(C5-C4-H14),angle,0.08096870904975645,+,0.027266179391899754,0.38028783930708365
47,2992.0837699298654,,,mixed-phase C-H stretching,nu(C1-H9),bond,0.06476085356853241,-,-0.025821363833849947,0.3391548315937667
47,2992.0837699298654,,,mixed-phase C-H stretching,nu(C1-H10),bond,0.06469751899016697,+,0.025808267966898266,0.33916709092478864
47,2992.0837699298654,,,mixed-phase C-H stretching,delta(O3-C2-H12),angle,0.05501781914820446,-,-0.01701712615972696,0.6633988778702453
47,2992.0837699298654,,,mixed-phase C-H stretching,"gamma(H14;C4,O3,H15)",oop,0.051789068617811206,-,-0.02464948753453953,0.29762273937367884
47,2992.0837699298654,,,mixed-phase C-H stretching,"gamma(O7;C5,C4,O6)",oop,0.02596548646798653,-,-0.02826566747048099,0.11348063861203601
47,2992.0837699298654,,,mixed-phase C-H stretching,delta(C1-C2-H12),angle,0.011921394654133097,-,-0.011323955169697857,0.3246194824718769
47,2992.0837699298654,,,mixed-phase C-H stretching,tau(H9-C1-C2-H12),dihedral,0.010699968674337043,-,-0.009803877326831478,0.38871434480918426
47,2992.0837699298654,,,mixed-phase C-H stretching,tau(C4-C5-O7-C8),dihedral,0.010693485580111326,+,0.030507190685823117,0.04011979019759074
47,2992.0837699298654,,,mixed-phase C-H stretching,tau(C1-C2-O3-C4),dihedral,0.01066813879476927,-,-0.04549444846744414,0.01799764357765178
47,2992.0837699298654,,,mixed-phase C-H stretching,delta(C1-C2-H13),angle,0.008910716474571449,+,0.011347727576119286,0.24162319421134754
47,2992.0837699298654,,,mixed-phase C-H stretching,delta(C2-C1-H9),angle,0.0068021802177738785,+,0.010392518653921715,0.21991269811803782
47,2992.0837699298654,,,mixed-phase C-H stretching,delta(C2-C1-H10),angle,0.006781189158124105,-,-0.01037714672600018,0.21988405758883822
47,2992.0837699298654,,,mixed-phase C-H stretching,tau(H9-C1-C2-H13),dihedral,0.0061447389230105485,-,-0.009775685032715838,0.22451886234893484
47,2992.0837699298654,,,mixed-phase C-H stretching,tau(C2-O3-C4-C5),dihedral,0.00593934760778346,-,-0.04071575635936624,0.012510006294532647
47,2992.0837699298654,,,mixed-phase C-H stretching,tau(H11-C1-C2-O3),dihedral,0.005296166671615759,+,0.010437314517004154,0.16975708186529387
47,2992.0837699298654,,,mixed-phase C-H stretching,tau(H10-C1-C2-H12),dihedral,0.004726732098334862,-,-0.009792235439230699,0.17212386627012624
47,2992.0837699298654,,,mixed-phase C-H stretching,tau(O3-C4-C5-O7),dihedral,0.00225658736201325,+,0.035104843643918755,0.006393841466423005
47,2992.0837699298654,,,mixed-phase C-H stretching,nu(C8-H18),bond,8.657246732959405e-05,-,-0.0009423967687139905,0.3403737166334327
47,2992.0837699298654,,,mixed-phase C-H stretching,nu(C8-H16),bond,7.414269604533679e-05,+,0.0008721235098025584,0.34037384822323485
47,2992.0837699298654,,,mixed-phase C-H stretching,delta(O7-C8-H16),angle,1.2045448377935548e-05,-,-0.0003310133332505179,0.38386259421329905
47,2992.0837699298654,,,mixed-phase C-H stretching,delta(O3-C4-C5),angle,4.6187970078093506e-06,-,-0.00014635548738507027,0.7529300899535849
47,2992.0837699298654,,,mixed-phase C-H stretching,tau(C5-O7-C8-H17),dihedral,1.7894241633844143e-06,-,-0.0009146989041881972,0.007467939282554211
47,2992.0837699298654,,,mixed-phase C-H stretching,nu(O3-C4),bond,1.7246899679433278e-06,+,0.000129450672737267,0.35937363468603883
47,2992.0837699298654,,,mixed-phase C-H stretching,nu(C4-C5),bond,1.6395454177718453e-06,+,0.0001449352788268244,0.2725329576700298
47,2992.0837699298654,,,mixed-phase C-H stretching,delta(C4-C5-O7),angle,7.6732529219684e-07,-,-7.853138114558356e-05,0.434447038136364
47,2992.0837699298654,,,mixed-phase C-H stretching,delta(H16-C8-H17),angle,5.876292118912729e-07,-,-7.909277236060758e-05,0.3279997993453108
47,2992.0837699298654,,,mixed-phase C-H stretching,delta(H17-C8-H18),angle,5.564189336923322e-07,+,7.734355872182856e-05,0.32478607152998284
47,2992.0837699298654,,,mixed-phase C-H stretching,delta(C2-O3-C4),angle,3.3564855528015706e-07,-,-6.825352954814165e-05,0.25158129671049695
47,2992.0837699298654,,,mixed-phase C-H stretching,nu(C1-H11),bond,2.49924019342111e-07,+,5.090650365513862e-05,0.33674817837570464
47,2992.0837699298654,,,mixed-phase C-H stretching,nu(C5-O6),bond,7.087629849485704e-08,+,1.688951688456523e-05,0.8675816801842264
47,2992.0837699298654,,,mixed-phase C-H stretching,nu(C2-O3),bond,4.48790717711515e-08,+,2.199880058679303e-05,0.3238095538884528
47,2992.0837699298654,,,mixed-phase C-H stretching,nu(C8-H17),bond,3.598409164263621e-08,-,-1.8965446627345343e-05,0.3493238140731456
47,2992.0837699298654,,,mixed-phase C-H stretching,delta(C1-C2-O3),angle,2.5307263554329745e-08,-,-1.2615877958284678e-05,0.5552058430791434
47,2992.0837699298654,,,mixed-phase C-H stretching,nu(C5-O7),bond,1.368760504300039e-08,-,-1.1245807829505438e-05,0.3779113605571353
47,2992.0837699298654,,,mixed-phase C-H stretching,nu(C1-C2),bond,1.3353160976209345e-08,+,1.2624969103784798e-05,0.2925278606344219
47,2992.0837699298654,,,mixed-phase C-H stretching,delta(C2-C1-H11),angle,1.1891797259090558e-08,-,-1.3916944240371563e-05,0.2143895044253752
47,2992.0837699298654,,,mixed-phase C-H stretching,delta(C5-O7-C8),angle,5.159482490562396e-10,+,2.5123657064731985e-06,0.28541988573192933
47,2992.0837699298654,,,mixed-phase C-H stretching,delta(O7-C8-H17),angle,2.996706576174018e-10,-,-1.6230548364229727e-06,0.397211334830457
47,2992.0837699298654,,,mixed-phase C-H stretching,nu(O7-C8),bond,1.8628800338896403e-10,+,1.4454369897585085e-06,0.31133672847542987
47,2992.0837699298654,,,mixed-phase C-H stretching,delta(O6-C5-O7),angle,1.751212197734921e-10,-,-1.0597590000913175e-06,0.5444629662347688
47,2992.0837699298654,,,mixed-phase C-H stretching,delta(H16-C8-H18),angle,3.309476127485076e-12,+,1.851854068910279e-07,0.3369686754784595
48,3042.4017892928387,,,in-phase C-H stretching,nu(C1-H11),bond,41.09585289705336,-,-0.650551859521818,0.33674817837570464
48,3042.4017892928387,,,in-phase C-H stretching,nu(C1-H9),bond,29.31734154618746,-,-0.5475185530567417,0.3391548315937667
48,3042.4017892928387,,,in-phase C-H stretching,nu(C1-H10),bond,29.27508602683549,-,-0.5471139493760523,0.33916709092478864
48,3042.4017892928387,,,in-phase C-H stretching,nu(C1-C2),bond,0.21368637080469124,+,0.05033155464659889,0.2925278606344219
48,3042.4017892928387,,,in-phase C-H stretching,delta(C2-C1-H10),angle,0.02075739384621251,-,-0.01809360448148982,0.21988405758883822
48,3042.4017892928387,,,in-phase C-H stretching,delta(C2-C1-H9),angle,0.02073619537599474,-,-0.018083185427570918,0.21991269811803782
48,3042.4017892928387,,,in-phase C-H stretching,delta(C2-C1-H11),angle,0.01406139475342864,-,-0.015081619901500408,0.2143895044253752
48,3042.4017892928387,,,in-phase C-H stretching,nu(C2-H12),bond,0.012164390055628,-,-0.011592137569470657,0.31393113244196713
48,3042.4017892928387,,,in-phase C-H stretching,nu(C2-H13),bond,0.011903417860469294,-,-0.011467253463237657,0.3139235939299812
48,3042.4017892928387,,,in-phase C-H stretching,nu(C8-H16),bond,0.0029408537568628387,+,0.005473866140906487,0.34037384822323485
48,3042.4017892928387,,,in-phase C-H stretching,nu(C8-H18),bond,0.002939781655871611,+,0.005472869347050761,0.3403737166334327
48,3042.4017892928387,,,in-phase C-H stretching,nu(C4-H14),bond,0.002610926499931287,-,-0.005357996711683368,0.31539940001272926
48,3042.4017892928387,,,in-phase C-H stretching,nu(C4-H15),bond,0.0025989772132819565,-,-0.005346074065013911,0.31535783940404283
48,3042.4017892928387,,,in-phase C-H stretching,tau(H9-C1-C2-H12),dihedral,0.002418829848740265,+,0.004645397980274313,0.38871434480918426
48,3042.4017892928387,,,in-phase C-H stretching,nu(C8-H17),bond,0.0014584603239912771,+,0.0038051235614740297,0.3493238140731456
48,3042.4017892928387,,,in-phase C-H stretching,delta(C1-C2-H12),angle,0.0007676641928307105,-,-0.002863742088473413,0.3246194824718769
48,3042.4017892928387,,,in-phase C-H stretching,tau(H9-C1-C2-H13),dihedral,0.0007122488315941657,+,0.0033168437047521003,0.22451886234893484
48,3042.4017892928387,,,in-phase C-H stretching,delta(C1-C2-H13),angle,0.0005677982647578547,-,-0.002854718377614571,0.24162319421134754
48,3042.4017892928387,,,in-phase C-H stretching,tau(H10-C1-C2-H12),dihedral,0.0005404349180229982,-,-0.0032997930646704744,0.17212386627012624
48,3042.4017892928387,,,in-phase C-H stretching,delta(C1-C2-O3),angle,0.00036679296475480085,+,0.0015136275908907316,0.5552058430791434
48,3042.4017892928387,,,in-phase C-H stretching,delta(O3-C2-H12),angle,0.0002676277642285399,+,0.0011828066777853335,0.6633988778702453
48,3042.4017892928387,,,in-phase C-H stretching,delta(C2-O3-C4),angle,7.159865597408881e-05,-,-0.0009934563965777962,0.25158129671049695
48,3042.4017892928387,,,in-phase C-H stretching,delta(O3-C4-C5),angle,3.743665099834814e-05,-,-0.00041524720665881397,0.7529300899535849
48,3042.4017892928387,,,in-phase C-H stretching,nu(O3-C4),bond,2.509468803003923e-05,+,0.0004920999778956033,0.35937363468603883
48,3042.4017892928387,,,in-phase C-H stretching,"gamma(H14;C4,O3,H15)",oop,2.218766171485513e-05,-,-0.0005084617221731781,0.29762273937367884
48,3042.4017892928387,,,in-phase C-H stretching,nu(C4-C5),bond,1.679916777955382e-05,+,0.0004623489973214075,0.2725329576700298
48,3042.4017892928387,,,in-phase C-H stretching,"gamma(O3;C4,C5,H14)",oop,1.545454934379123e-05,-,-0.0004028367452867042,0.33027012495710484
48,3042.4017892928387,,,in-phase C-H stretching,delta(C4-C5-O7),angle,1.0662053590870076e-05,-,-0.00029173434562309577,0.434447038136364
48,3042.4017892928387,,,in-phase C-H stretching,nu(O7-C8),bond,5.010488168234178e-06,-,-0.00023624378535403763,0.31133672847542987
48,3042.4017892928387,,,in-phase C-H stretching,nu(C5-O6),bond,4.7830314359952455e-06,-,-0.00013827127969087436,0.8675816801842264
48,3042.4017892928387,,,in-phase C-H stretching,delta(O7-C8-H17),angle,3.1863535049898393e-06,+,0.00016679065441377875,0.397211334830457
48,3042.4017892928387,,,in-phase C-H stretching,delta(O6-C5-O7),angle,3.1695461505505043e-06,+,0.00014208555188625996,0.5444629662347688
48,3042.4017892928387,,,in-phase C-H stretching,nu(C5-O7),bond,1.2777162095409912e-06,-,-0.00010828237667178941,0.3779113605571353
48,3042.4017892928387,,,in-phase C-H stretching,delta(H16-C8-H18),angle,8.157894881432783e-07,-,-9.162834409796835e-05,0.3369686754784595
48,3042.4017892928387,,,in-phase C-H stretching,nu(C2-O3),bond,6.986906785446897e-07,+,8.650340375479743e-05,0.3238095538884528
48,3042.4017892928387,,,in-phase C-H stretching,delta(H16-C8-H17),angle,6.006892417434312e-07,-,-7.96936446487092e-05,0.3279997993453108
48,3042.4017892928387,,,in-phase C-H stretching,delta(H17-C8-H18),angle,5.954177212428338e-07,-,-7.973476729562072e-05,0.32478607152998284
48,3042.4017892928387,,,in-phase C-H stretching,delta(O7-C8-H16),angle,2.3075256223577424e-07,+,4.565842434501211e-05,0.38386259421329905
48,3042.4017892928387,,,in-phase C-H stretching,delta(C5-C4-H14),angle,1.9861730890478243e-07,-,-4.255865347337854e-05,0.38028783930708365
48,3042.4017892928387,,,in-phase C-H stretching,delta(C5-O7-C8),angle,1.0861800740625055e-07,-,-3.63282395614032e-05,0.28541988573192933
48,3042.4017892928387,,,in-phase C-H stretching,delta(O3-C4-H15),angle,5.2417622081476614e-08,+,2.6423663913319108e-05,0.2603528545664745
48,3042.4017892928387,,,in-phase C-H stretching,tau(H11-C1-C2-O3),dihedral,9.180222563824606e-09,-,-1.369456386396094e-05,0.16975708186529387
48,3042.4017892928387,,,in-phase C-H stretching,tau(C1-C2-O3-C4),dihedral,2.2915113561522853e-10,-,-6.644904360174782e-06,0.01799764357765178
48,3042.4017892928387,,,in-phase C-H stretching,tau(C2-O3-C4-C5),dihedral,2.7038915551990817e-11,+,2.7377981245101386e-06,0.012510006294532647
48,3042.4017892928387,,,in-phase C-H stretching,tau(C4-C5-O7-C8),dihedral,2.4724313994763496e-13,+,1.4619023008989775e-07,0.04011979019759074
48,3042.4017892928387,,,in-phase C-H stretching,tau(O3-C4-C5-O7),dihedral,1.920987065783507e-13,+,3.2278759754324327e-07,0.006393841466423005
48,3042.4017892928387,,,in-phase C-H stretching,"gamma(O7;C5,C4,O6)",oop,6.239203825833484e-14,+,4.366558192512436e-08,0.11348063861203601
48,3042.4017892928387,,,in-phase C-H stretching,tau(C5-O7-C8-H17),dihedral,2.0716534799942384e-15,-,-3.1016566401605326e-08,0.007467939282554211
49,3053.9999529262514,,,C-H stretching,nu(C8-H18),bond,40.772693449915614,-,-0.6473696470735353,0.3403737166334327
49,3053.9999529262514,,,C-H stretching,nu(C8-H16),bond,40.76943011725178,-,-0.6473436145918895,0.34037384822323485
49,3053.9999529262514,,,C-H stretching,nu(C8-H17),bond,18.158768788211297,-,-0.426456504853866,0.3493238140731456
49,3053.9999529262514,,,C-H stretching,nu(O7-C8),bond,0.13797008150289167,+,0.039375213540666316,0.31133672847542987
49,3053.9999529262514,,,C-H stretching,delta(O7-C8-H17),angle,0.06838566659388232,-,-0.024542418993603543,0.397211334830457
49,3053.9999529262514,,,C-H stretching,delta(H16-C8-H18),angle,0.02996043874331634,+,0.017637009931667443,0.3369686754784595
49,3053.9999529262514,,,C-H stretching,delta(H16-C8-H17),angle,0.014645078410207518,+,0.012498408123676972,0.3279997993453108
49,3053.9999529262514,,,C-H stretching,delta(H17-C8-H18),angle,0.014526881978694527,+,0.012509303987808284,0.32478607152998284
49,3053.9999529262514,,,C-H stretching,delta(O7-C8-H16),angle,0.010295217048045095,-,-0.009686692131391774,0.38386259421329905
49,3053.9999529262514,,,C-H stretching,nu(C4-H14),bond,0.003987393773285712,+,0.006650583831663842,0.31539940001272926
49,3053.9999529262514,,,C-H stretching,nu(C4-H15),bond,0.003956490424881882,+,0.0066251983373739045,0.31535783940404283
49,3053.9999529262514,,,C-H stretching,nu(C5-O6),bond,0.0025746588257175903,-,-0.0032221837111634944,0.8675816801842264
49,3053.9999529262514,,,C-H stretching,nu(C1-H9),bond,0.0025552840395096045,-,-0.0051341225080899135,0.3391548315937667
49,3053.9999529262514,,,C-H stretching,nu(C5-O7),bond,0.00255124190087966,+,0.004859890522428616,0.3779113605571353
49,3053.9999529262514,,,C-H stretching,nu(C1-H10),bond,0.002551096929024577,-,-0.005129821662534062,0.33916709092478864
49,3053.9999529262514,,,C-H stretching,nu(C1-H11),bond,0.0022523676781703106,-,-0.004837407305378105,0.33674817837570464
49,3053.9999529262514,,,C-H stretching,delta(C5-O7-C8),angle,0.0017939827100498828,-,-0.004689350049007551,0.28541988573192933
49,3053.9999529262514,,,C-H stretching,delta(O6-C5-O7),angle,0.0002777164058294344,-,-0.0013358639684436875,0.5444629662347688
49,3053.9999529262514,,,C-H stretching,nu(C2-H12),bond,0.00025560206102470895,-,-0.0016877597393226776,0.31393113244196713
49,3053.9999529262514,,,C-H stretching,nu(C2-H13),bond,0.0002550430175821087,-,-0.001685933268442995,0.3139235939299812
49,3053.9999529262514,,,C-H stretching,delta(O3-C4-C5),angle,0.00012022481063570497,-,-0.0007474211180810922,0.7529300899535849
49,3053.9999529262514,,,C-H stretching,delta(C5-C4-H14),angle,4.952246104925457e-05,+,0.0006749794192644137,0.38028783930708365
49,3053.9999529262514,,,C-H stretching,nu(C4-C5),bond,2.7327032489091266e-05,-,-0.0005922872206348763,0.2725329576700298
49,3053.9999529262514,,,C-H stretching,"gamma(H14;C4,O3,H15)",oop,2.201783616892648e-05,+,0.0005087447066303865,0.29762273937367884
49,3053.9999529262514,,,C-H stretching,nu(C1-C2),bond,2.1343441537470813e-05,+,0.0005052359525478458,0.2925278606344219
49,3053.9999529262514,,,C-H stretching,delta(C4-C5-O7),angle,1.990951746541892e-05,-,-0.00040041246360975535,0.434447038136364
49,3053.9999529262514,,,C-H stretching,"gamma(O3;C4,C5,H14)",oop,1.842259231089628e-05,-,-0.0004417599760184927,0.33027012495710484
49,3053.9999529262514,,,C-H stretching,nu(O3-C4),bond,1.3941724444449675e-05,-,-0.00036840946703464684,0.35937363468603883
49,3053.9999529262514,,,C-H stretching,nu(C2-O3),bond,7.804695164774862e-06,+,0.00029038807904052243,0.3238095538884528
49,3053.9999529262514,,,C-H stretching,delta(C2-C1-H11),angle,5.1251441232053965e-06,-,-0.00028919908965426987,0.2143895044253752
49,3053.9999529262514,,,C-H stretching,tau(H9-C1-C2-H12),dihedral,2.7606243144382495e-06,-,-0.00015762823435493118,0.38871434480918426
49,3053.9999529262514,,,C-H stretching,delta(C1-C2-O3),angle,2.1978660372852884e-06,-,-0.00011768449158102078,0.5552058430791434
49,3053.9999529262514,,,C-H stretching,delta(C2-O3-C4),angle,7.025024320267969e-07,+,9.883946383144276e-05,0.25158129671049695
49,3053.9999529262514,,,C-H stretching,delta(C2-C1-H10),angle,5.485961301927017e-07,-,-9.342758845887492e-05,0.21988405758883822
49,3053.9999529262514,,,C-H stretching,delta(C2-C1-H9),angle,5.473331475867332e-07,-,-9.33139045975025e-05,0.21991269811803782
49,3053.9999529262514,,,C-H stretching,tau(H9-C1-C2-H13),dihedral,2.903294099099039e-07,+,6.726121988626938e-05,0.22451886234893484
49,3053.9999529262514,,,C-H stretching,delta(O3-C4-H15),angle,2.7315442896520956e-07,-,-6.058548541960071e-05,0.2603528545664745
49,3053.9999529262514,,,C-H stretching,tau(H10-C1-C2-H12),dihedral,2.210158505524295e-07,-,-6.702499721140093e-05,0.17212386627012624
49,3053.9999529262514,,,C-H stretching,delta(O3-C2-H12),angle,2.1526903791744465e-07,-,-3.3693727493154e-05,0.6633988778702453
49,3053.9999529262514,,,C-H stretching,delta(C1-C2-H12),angle,3.573576935340896e-09,+,6.205973519292678e-06,0.3246194824718769
49,3053.9999529262514,,,C-H stretching,delta(C1-C2-H13),angle,2.799312432252529e-09,+,6.366518658846864e-06,0.24162319421134754
49,3053.9999529262514,,,C-H stretching,"gamma(O7;C5,C4,O6)",oop,2.4280411109870253e-10,+,2.735979082832596e-06,0.11348063861203601
49,3053.9999529262514,,,C-H stretching,tau(C4-C5-O7-C8),dihedral,7.288258735193543e-12,+,7.972200354631363e-07,0.04011979019759074
49,3053.9999529262514,,,C-H stretching,tau(C5-O7-C8-H17),dihedral,5.90143329902471e-12,-,-1.6627386910888417e-06,0.007467939282554211
49,3053.9999529262514,,,C-H stretching,tau(C1-C2-O3-C4),dihedral,1.9827924936931147e-12,+,6.208353680483055e-07,0.01799764357765178
49,3053.9999529262514,,,C-H stretching,tau(H11-C1-C2-O3),dihedral,1.2303612702109085e-12,-,-1.5923847720591696e-07,0.16975708186529387
49,3053.9999529262514,,,C-H stretching,tau(C2-O3-C4-C5),dihedral,4.6654618092252553e-14,-,-1.1422579665493826e-07,0.012510006294532647
49,3053.9999529262514,,,C-H stretching,tau(O3-C4-C5-O7),dihedral,6.5471582016141585e-15,-,-5.985371702253167e-08,0.006393841466423005
50,3107.9571439225206,,,mixed-phase C-H stretching,nu(C1-H11),bond,58.41312428572883,-,-0.8055001050384826,0.33674817837570464
50,3107.9571439225206,,,mixed-phase C-H stretching,nu(C1-H9),bond,20.500245377859915,+,0.4754923527515237,0.3391548315937667
50,3107.9571439225206,,,mixed-phase C-H stretching,nu(C1-H10),bond,20.204078073159128,+,0.47203660372571804,0.33916709092478864
50,3107.9571439225206,,,mixed-phase C-H stretching,tau(H9-C1-C2-H12),dihedral,0.23580390724129086,+,0.04763467711778262,0.38871434480918426
50,3107.9571439225206,,,mixed-phase C-H stretching,delta(C1-C2-O3),angle,0.11611146476766677,+,0.02796878168773345,0.5552058430791434
50,3107.9571439225206,,,mixed-phase C-H stretching,delta(C2-C1-H11),angle,0.1110122925446936,+,0.044009535693004476,0.2143895044253752
50,3107.9571439225206,,,mixed-phase C-H stretching,nu(C2-H13),bond,0.11039476832499877,-,-0.03626813958356916,0.3139235939299812
50,3107.9571439225206,,,mixed-phase C-H stretching,nu(C2-H12),bond,0.10825135983897516,-,-0.03591389413584237,0.31393113244196713
50,3107.9571439225206,,,mixed-phase C-H stretching,tau(H9-C1-C2-H13),dihedral,0.06133159818196262,+,0.03196529638031037,0.22451886234893484
50,3107.9571439225206,,,mixed-phase C-H stretching,tau(H10-C1-C2-H12),dihedral,0.04732786112879105,-,-0.03207014354439124,0.17212386627012624
50,3107.9571439225206,,,mixed-phase C-H stretching,delta(C2-C1-H9),angle,0.025549939679531276,-,-0.020846483066539766,0.21991269811803782
50,3107.9571439225206,,,mixed-phase C-H stretching,delta(C2-C1-H10),angle,0.025137269944418127,-,-0.020678793406975655,0.21988405758883822
50,3107.9571439225206,,,mixed-phase C-H stretching,delta(C1-C2-H12),angle,0.021788485884954724,-,-0.01584489065200838,0.3246194824718769
50,3107.9571439225206,,,mixed-phase C-H stretching,delta(C1-C2-H13),angle,0.016444004947224828,-,-0.015955025399132634,0.24162319421134754
50,3107.9571439225206,,,mixed-phase C-H stretching,nu(C2-O3),bond,0.0010370765007206644,+,0.0034611751647320127,0.3238095538884528
50,3107.9571439225206,,,mixed-phase C-H stretching,nu(C4-H14),bond,0.0008916829097189526,-,-0.003251904636217746,0.31539940001272926
50,3107.9571439225206,,,mixed-phase C-H stretching,nu(C4-H15),bond,0.0008839440614227071,-,-0.0032379757109325513,0.31535783940404283
50,3107.9571439225206,,,mixed-phase C-H stretching,nu(C1-C2),bond,0.00023708478310521187,-,-0.001741130141533005,0.2925278606344219
50,3107.9571439225206,,,mixed-phase C-H stretching,delta(C2-O3-C4),angle,0.00012568294657669976,-,-0.0013669795341218565,0.25158129671049695
50,3107.9571439225206,,,mixed-phase C-H stretching,nu(C8-H16),bond,5.739449760485473e-05,-,-0.0007941820155576773,0.34037384822323485
50,3107.9571439225206,,,mixed-phase C-H stretching,nu(C8-H18),bond,5.6318683795803995e-05,-,-0.0007867038055313517,0.3403737166334327
50,3107.9571439225206,,,mixed-phase C-H stretching,delta(C5-C4-H14),angle,2.2088696727639814e-05,+,0.00046611366839058636,0.38028783930708365
50,3107.9571439225206,,,mixed-phase C-H stretching,"gamma(O3;C4,C5,H14)",oop,1.7871452206442396e-05,-,-0.0004498920178341842,0.33027012495710484
50,3107.9571439225206,,,mixed-phase C-H stretching,"gamma(H14;C4,O3,H15)",oop,1.710049386433396e-05,+,0.00046359023860392524,0.29762273937367884
50,3107.9571439225206,,,mixed-phase C-H stretching,delta(O3-C4-H15),angle,1.606841059874994e-05,-,-0.0004804722388712918,0.2603528545664745
50,3107.9571439225206,,,mixed-phase C-H stretching,nu(C8-H17),bond,9.948846860834446e-06,+,0.00032638883000316797,0.3493238140731456
50,3107.9571439225206,,,mixed-phase C-H stretching,delta(O3-C4-C5),angle,9.166461880869299e-06,-,-0.00021339613671273952,0.7529300899535849
50,3107.9571439225206,,,mixed-phase C-H stretching,delta(O3-C2-H12),angle,5.929322012109223e-06,-,-0.0001828429262903049,0.6633988778702453
50,3107.9571439225206,,,mixed-phase C-H stretching,nu(C5-O6),bond,4.470686963176433e-06,+,0.00013883371839765033,0.8675816801842264
50,3107.9571439225206,,,mixed-phase C-H stretching,nu(O3-C4),bond,2.8485849633218136e-06,+,0.0001721886392100804,0.35937363468603883
50,3107.9571439225206,,,mixed-phase C-H stretching,nu(C5-O7),bond,1.8002373044442143e-06,-,-0.0001334851383039666,0.3779113605571353
50,3107.9571439225206,,,mixed-phase C-H stretching,nu(C4-C5),bond,6.381326681435709e-07,-,-9.358559062124742e-05,0.2725329576700298
50,3107.9571439225206,,,mixed-phase C-H stretching,delta(H16-C8-H18),angle,5.587309096417889e-07,+,7.87534511452349e-05,0.3369686754784595
50,3107.9571439225206,,,mixed-phase C-H stretching,nu(O7-C8),bond,4.421346731512202e-07,+,7.288281186970108e-05,0.31133672847542987
50,3107.9571439225206,,,mixed-phase C-H stretching,tau(H11-C1-C2-O3),dihedral,4.349880364031416e-07,+,9.79011327860609e-05,0.16975708186529387
50,3107.9571439225206,,,mixed-phase C-H stretching,delta(C4-C5-O7),angle,4.2587367954723473e-07,-,-6.055290607774755e-05,0.434447038136364
50,3107.9571439225206,,,mixed-phase C-H stretching,delta(O7-C8-H17),angle,2.7054917607794304e-07,-,-5.047488085712065e-05,0.397211334830457
50,3107.9571439225206,,,mixed-phase C-H stretching,tau(C1-C2-O3-C4),dihedral,2.2967103715726392e-08,+,6.908890404460438e-05,0.01799764357765178
50,3107.9571439225206,,,mixed-phase C-H stretching,delta(O6-C5-O7),angle,2.2083652682116373e-08,+,1.2317265217745732e-05,0.5444629662347688
50,3107.9571439225206,,,mixed-phase C-H stretching,delta(O7-C8-H16),angle,1.089086443626962e-08,-,-1.030163813226797e-05,0.38386259421329905
50,3107.9571439225206,,,mixed-phase C-H stretching,delta(H17-C8-H18),angle,3.3336244617809057e-09,-,-6.196160376825032e-06,0.32478607152998284
50,3107.9571439225206,,,mixed-phase C-H stretching,delta(H16-C8-H17),angle,2.984894415055747e-09,-,-5.834326223805742e-06,0.3279997993453108
50,3107.9571439225206,,,mixed-phase C-H stretching,tau(C2-O3-C4-C5),dihedral,3.582293790159225e-10,-,-1.0349392245600882e-05,0.012510006294532647
50,3107.9571439225206,,,mixed-phase C-H stretching,delta(C5-O7-C8),angle,1.572168071781701e-10,+,1.4353915435373359e-06,0.28541988573192933
50,3107.9571439225206,,,mixed-phase C-H stretching,tau(C4-C5-O7-C8),dihedral,3.210596538040527e-12,+,5.471123913549938e-07,0.04011979019759074
50,3107.9571439225206,,,mixed-phase C-H stretching,"gamma(O7;C5,C4,O6)",oop,3.1701325818010623e-12,-,-3.232517155810783e-07,0.11348063861203601
50,3107.9571439225206,,,mixed-phase C-H stretching,tau(O3-C4-C5-O7),dihedral,1.4396368895314985e-13,+,2.9020745359467523e-07,0.006393841466423005
50,3107.9571439225206,,,mixed-phase C-H stretching,tau(C5-O7-C8-H17),dihedral,4.338351517755926e-14,+,1.474093363849112e-07,0.007467939282554211
51,3116.6893803132116,,,opposite-phase C-H stretching,nu(C1-H10),bond,49.491347801522906,+,0.7394871005225545,0.33916709092478864
51,3116.6893803132116,,,opposite-phase C-H stretching,nu(C1-H9),bond,49.15231235652618,-,-0.7369631762197565,0.3391548315937667
51,3116.6893803132116,,,opposite-phase C-H stretching,nu(C2-H12),bond,0.45875755369146753,-,-0.07400264389447904,0.31393113244196713
51,3116.6893803132116,,,opposite-phase C-H stretching,nu(C2-H13),bond,0.4565111980284814,+,0.07382212696798879,0.3139235939299812
51,3116.6893803132116,,,opposite-phase C-H stretching,delta(C2-C1-H10),angle,0.08008491912876188,-,-0.03694462942432254,0.21988405758883822
51,3116.6893803132116,,,opposite-phase C-H stretching,delta(C2-C1-H9),angle,0.07969141654541602,+,0.03685135278710957,0.21991269811803782
51,3116.6893803132116,,,opposite-phase C-H stretching,tau(H11-C1-C2-O3),dihedral,0.07882309493949526,-,-0.04171436206501549,0.16975708186529387
51,3116.6893803132116,,,opposite-phase C-H stretching,tau(H9-C1-C2-H12),dihedral,0.05234317120845514,+,0.022464023604742717,0.38871434480918426
51,3116.6893803132116,,,opposite-phase C-H stretching,delta(C1-C2-H12),angle,0.04805102101508915,-,-0.023552490369607812,0.3246194824718769
51,3116.6893803132116,,,opposite-phase C-H stretching,delta(C1-C2-H13),angle,0.035538952378190596,+,0.023477714406545596,0.24162319421134754
51,3116.6893803132116,,,opposite-phase C-H stretching,tau(H9-C1-C2-H13),dihedral,0.03013300224244833,+,0.022426815010995214,0.22451886234893484
51,3116.6893803132116,,,opposite-phase C-H stretching,tau(H10-C1-C2-H12),dihedral,0.022798476037338516,+,0.0222794865398485,0.17212386627012624
51,3116.6893803132116,,,opposite-phase C-H stretching,delta(O3-C2-H12),angle,0.0070369486653546675,+,0.006304891836280788,0.6633988778702453
51,3116.6893803132116,,,opposite-phase C-H stretching,tau(C1-C2-O3-C4),dihedral,0.004084047148337684,-,-0.029161533983802643,0.01799764357765178
51,3116.6893803132116,,,opposite-phase C-H stretching,nu(C8-H18),bond,0.0007230832027652391,-,-0.0028215577484768267,0.3403737166334327
51,3116.6893803132116,,,opposite-phase C-H stretching,nu(C8-H16),bond,0.0007213821574648188,+,0.0028182364077005174,0.34037384822323485
51,3116.6893803132116,,,opposite-phase C-H stretching,nu(C4-H15),bond,0.00033165306546453175,-,-0.0019852399560194973,0.31535783940404283
51,3116.6893803132116,,,opposite-phase C-H stretching,nu(C4-H14),bond,0.0003288817125651119,+,0.0019767977883241587,0.31539940001272926
51,3116.6893803132116,,,opposite-phase C-H stretching,nu(C1-H11),bond,0.00026083234351674745,-,-0.0017037305442571787,0.33674817837570464
51,3116.6893803132116,,,opposite-phase C-H stretching,tau(C2-O3-C4-C5),dihedral,5.710353956070321e-05,+,0.00413595272087939,0.012510006294532647
51,3116.6893803132116,,,opposite-phase C-H stretching,delta(O3-C4-H15),angle,2.2195346582208062e-05,+,0.0005652266221337851,0.2603528545664745
51,3116.6893803132116,,,opposite-phase C-H stretching,"gamma(O3;C4,C5,H14)",oop,2.0634708249589933e-05,-,-0.0004838796260333059,0.33027012495710484
51,3116.6893803132116,,,opposite-phase C-H stretching,"gamma(H14;C4,O3,H15)",oop,7.640370511914492e-06,+,0.00031016798617559716,0.29762273937367884
51,3116.6893803132116,,,opposite-phase C-H stretching,delta(O7-C8-H16),angle,3.297539870522119e-06,-,-0.00017942375687197946,0.38386259421329905
51,3116.6893803132116,,,opposite-phase C-H stretching,delta(C5-C4-H14),angle,3.2318983508318017e-06,+,0.00017846187139629988,0.38028783930708365
51,3116.6893803132116,,,opposite-phase C-H stretching,delta(H16-C8-H17),angle,1.733215135574275e-06,-,-0.0001407220854988587,0.3279997993453108
51,3116.6893803132116,,,opposite-phase C-H stretching,delta(H17-C8-H18),angle,1.7139580788872e-06,+,0.0001406287818683442,0.32478607152998284
51,3116.6893803132116,,,opposite-phase C-H stretching,tau(C4-C5-O7-C8),dihedral,7.87700414243097e-07,-,-0.00027125267240819,0.04011979019759074
51,3116.6893803132116,,,opposite-phase C-H stretching,delta(C2-C1-H11),angle,6.643003761722715e-07,+,0.00010775893841248023,0.2143895044253752
51,3116.6893803132116,,,opposite-phase C-H stretching,delta(C1-C2-O3),angle,6.377136916494779e-07,+,6.56082829575013e-05,0.5552058430791434
51,3116.6893803132116,,,opposite-phase C-H stretching,"gamma(O7;C5,C4,O6)",oop,5.016407151570473e-07,+,0.00012870882301227465,0.11348063861203601
51,3116.6893803132116,,,opposite-phase C-H stretching,tau(C5-O7-C8-H17),dihedral,2.4741206830761606e-08,-,-0.00011142505729886582,0.007467939282554211
51,3116.6893803132116,,,opposite-phase C-H stretching,nu(C1-C2),bond,2.2150533784350287e-08,-,-1.6845398759944846e-05,0.2925278606344219
51,3116.6893803132116,,,opposite-phase C-H stretching,tau(O3-C4-C5-O7),dihedral,1.143740383832626e-08,-,-8.187581031993891e-05,0.006393841466423005
51,3116.6893803132116,,,opposite-phase C-H stretching,nu(C2-O3),bond,6.473925214722795e-09,+,8.655891923492726e-06,0.3238095538884528
51,3116.6893803132116,,,opposite-phase C-H stretching,delta(C2-O3-C4),angle,1.1955372450061445e-09,-,-4.220026662293981e-06,0.25158129671049695
51,3116.6893803132116,,,opposite-phase C-H stretching,nu(C8-H17),bond,3.7678561908199757e-10,+,2.010508334973209e-06,0.3493238140731456
51,3116.6893803132116,,,opposite-phase C-H stretching,nu(C5-O6),bond,7.112133153132624e-11,+,5.542651443210433e-07,0.8675816801842264
51,3116.6893803132116,,,opposite-phase C-H stretching,nu(C4-C5),bond,2.5634059527536155e-11,-,-5.937067612988637e-07,0.2725329576700298
51,3116.6893803132116,,,opposite-phase C-H stretching,nu(C5-O7),bond,1.5898585254734598e-11,-,-3.9706086239448377e-07,0.3779113605571353
51,3116.6893803132116,,,opposite-phase C-H stretching,delta(O3-C4-C5),angle,1.0435624575998923e-11,-,-2.279054506151249e-07,0.7529300899535849
51,3116.6893803132116,,,opposite-phase C-H stretching,delta(H16-C8-H18),angle,3.744163678036718e-12,+,2.0405886316002358e-07,0.3369686754784595
51,3116.6893803132116,,,opposite-phase C-H stretching,delta(C4-C5-O7),angle,2.433850351243878e-12,+,1.4489430986796454e-07,0.434447038136364
51,3116.6893803132116,,,opposite-phase C-H stretching,delta(O7-C8-H17),angle,1.82149200656826e-12,-,-1.3109183226801887e-07,0.397211334830457
51,3116.6893803132116,,,opposite-phase C-H stretching,nu(O7-C8),bond,1.3338830172878239e-12,+,1.2671163889461414e-07,0.31133672847542987
51,3116.6893803132116,,,opposite-phase C-H stretching,nu(O3-C4),bond,6.662184960592469e-13,+,8.335046981226145e-08,0.35937363468603883
51,3116.6893803132116,,,opposite-phase C-H stretching,delta(O6-C5-O7),angle,2.6539176049843077e-13,-,-4.2739787697095753e-08,0.5444629662347688
51,3116.6893803132116,,,opposite-phase C-H stretching,delta(C5-O7-C8),angle,2.372317493116511e-14,+,1.7648878242176684e-08,0.28541988573192933
52,3125.223884598926,,,opposite-phase C-H stretching,nu(C8-H18),bond,49.75727996959346,-,-0.7421954908031287,0.3403737166334327
52,3125.223884598926,,,opposite-phase C-H stretching,nu(C8-H16),bond,49.756679368584166,+,0.7421908679443823,0.34037384822323485
52,3125.223884598926,,,opposite-phase C-H stretching,delta(O7-C8-H16),angle,0.22731221924314507,-,-0.04723799961548661,0.38386259421329905
52,3125.223884598926,,,opposite-phase C-H stretching,delta(H16-C8-H17),angle,0.12077990196277155,-,-0.03725019509415865,0.3279997993453108
52,3125.223884598926,,,opposite-phase C-H stretching,delta(H17-C8-H18),angle,0.11962083781669329,+,0.037253984206895574,0.32478607152998284
52,3125.223884598926,,,opposite-phase C-H stretching,tau(C4-C5-O7-C8),dihedral,0.014839971896675951,-,-0.03733405964082956,0.04011979019759074
52,3125.223884598926,,,opposite-phase C-H stretching,tau(C5-O7-C8-H17),dihedral,0.0017580199186175666,-,-0.029783759122326964,0.007467939282554211
52,3125.223884598926,,,opposite-phase C-H stretching,nu(C1-H10),bond,0.0006842155429558281,-,-0.0027571323813556175,0.33916709092478864
52,3125.223884598926,,,opposite-phase C-H stretching,nu(C1-H9),bond,0.0006822145789200077,+,0.002753147618932302,0.3391548315937667
52,3125.223884598926,,,opposite-phase C-H stretching,nu(C4-H14),bond,0.00011077996768049927,+,0.001150451169560111,0.31539940001272926
52,3125.223884598926,,,opposite-phase C-H stretching,nu(C4-H15),bond,0.00011025992005284069,-,-0.0011478232704297182,0.31535783940404283
52,3125.223884598926,,,opposite-phase C-H stretching,nu(C2-H12),bond,5.4402665300469005e-05,+,0.0008080921716378442,0.31393113244196713
52,3125.223884598926,,,opposite-phase C-H stretching,nu(C2-H13),bond,5.436180640443814e-05,-,-0.0008077983564995953,0.3139235939299812
52,3125.223884598926,,,opposite-phase C-H stretching,delta(C5-C4-H14),angle,1.4405438297344287e-05,-,-0.00037781137001649637,0.38028783930708365
52,3125.223884598926,,,opposite-phase C-H stretching,"gamma(O3;C4,C5,H14)",oop,9.974973344314442e-06,-,-0.0003373566153618873,0.33027012495710484
52,3125.223884598926,,,opposite-phase C-H stretching,tau(H11-C1-C2-O3),dihedral,1.574495023122179e-06,+,0.00018694966870090162,0.16975708186529387
52,3125.223884598926,,,opposite-phase C-H stretching,delta(O3-C4-H15),angle,1.2652712942090528e-06,+,0.00013532519450732493,0.2603528545664745
52,3125.223884598926,,,opposite-phase C-H stretching,tau(H9-C1-C2-H12),dihedral,1.0503582934639578e-06,-,-0.00010090703722697452,0.38871434480918426
52,3125.223884598926,,,opposite-phase C-H stretching,"gamma(O7;C5,C4,O6)",oop,7.395440747136212e-07,+,0.00015670727173994884,0.11348063861203601
52,3125.223884598926,,,opposite-phase C-H stretching,delta(C2-C1-H10),angle,6.781833826549254e-07,+,0.00010780644004408096,0.21988405758883822
52,3125.223884598926,,,opposite-phase C-H stretching,delta(C2-C1-H9),angle,6.759009983409894e-07,-,-0.00010761787065758335,0.21991269811803782
52,3125.223884598926,,,opposite-phase C-H stretching,tau(H9-C1-C2-H13),dihedral,6.065605991887502e-07,-,-0.00010089710046839716,0.22451886234893484
52,3125.223884598926,,,opposite-phase C-H stretching,delta(O3-C2-H12),angle,5.439256182648437e-07,-,-5.558407657150714e-05,0.6633988778702453
52,3125.223884598926,,,opposite-phase C-H stretching,tau(H10-C1-C2-H12),dihedral,4.6218502437943946e-07,-,-0.00010059013538698829,0.17212386627012624
52,3125.223884598926,,,opposite-phase C-H stretching,"gamma(H14;C4,O3,H15)",oop,4.3397967552459626e-07,+,7.412584289814417e-05,0.29762273937367884
52,3125.223884598926,,,opposite-phase C-H stretching,tau(C1-C2-O3-C4),dihedral,2.7804575650349374e-07,+,0.0002412783290457965,0.01799764357765178
52,3125.223884598926,,,opposite-phase C-H stretching,delta(C1-C2-H12),angle,2.1831341866319777e-07,+,5.034089459698929e-05,0.3246194824718769
52,3125.223884598926,,,opposite-phase C-H stretching,nu(C8-H17),bond,2.0392081968977558e-07,+,4.6901279606546186e-05,0.3493238140731456
52,3125.223884598926,,,opposite-phase C-H stretching,delta(C1-C2-H13),angle,1.6177545323294262e-07,-,-5.022905485581778e-05,0.24162319421134754
52,3125.223884598926,,,opposite-phase C-H stretching,tau(O3-C4-C5-O7),dihedral,1.1262668495112878e-07,-,-0.0002576366971918336,0.006393841466423005
52,3125.223884598926,,,opposite-phase C-H stretching,tau(C2-O3-C4-C5),dihedral,8.120271787949698e-08,+,0.00015639559725337505,0.012510006294532647
52,3125.223884598926,,,opposite-phase C-H stretching,delta(C5-O7-C8),angle,6.723394766235213e-09,-,-9.421503118392339e-06,0.28541988573192933
52,3125.223884598926,,,opposite-phase C-H stretching,delta(O7-C8-H17),angle,1.4322758645154492e-09,-,-3.6861289563046724e-06,0.397211334830457
52,3125.223884598926,,,opposite-phase C-H stretching,nu(C1-H11),bond,7.616673978879309e-10,+,2.91942995664025e-06,0.33674817837570464
52,3125.223884598926,,,opposite-phase C-H stretching,nu(O7-C8),bond,3.998670181780073e-10,+,2.1999388923612345e-06,0.31133672847542987
52,3125.223884598926,,,opposite-phase C-H stretching,nu(C5-O6),bond,3.229705864168685e-10,-,-1.1843888326938822e-06,0.8675816801842264
52,3125.223884598926,,,opposite-phase C-H stretching,nu(C5-O7),bond,4.8011026468287904e-11,+,6.919003114516847e-07,0.3779113605571353
52,3125.223884598926,,,opposite-phase C-H stretching,delta(O6-C5-O7),angle,3.038938310892161e-11,+,4.5861132385490684e-07,0.5444629662347688
52,3125.223884598926,,,opposite-phase C-H stretching,delta(O3-C4-C5),angle,2.5346865394890633e-11,-,-3.561662853189371e-07,0.7529300899535849
52,3125.223884598926,,,opposite-phase C-H stretching,delta(C4-C5-O7),angle,2.5127832241199224e-11,-,-4.66849712732625e-07,0.434447038136364
52,3125.223884598926,,,opposite-phase C-H stretching,nu(C4-C5),bond,2.1092464855385228e-11,+,5.400353096675446e-07,0.2725329576700298
52,3125.223884598926,,,opposite-phase C-H stretching,nu(O3-C4),bond,7.855825263423152e-12,+,2.870058874855398e-07,0.35937363468603883
52,3125.223884598926,,,opposite-phase C-H stretching,delta(C1-C2-O3),angle,2.5570413132421508e-12,-,-1.3173763503598565e-07,0.5552058430791434
52,3125.223884598926,,,opposite-phase C-H stretching,delta(C2-C1-H11),angle,1.57493537731268e-12,-,-1.6637865662014539e-07,0.2143895044253752
52,3125.223884598926,,,opposite-phase C-H stretching,delta(C2-O3-C4),angle,2.5952393153044264e-13,-,-6.23472833158582e-08,0.25158129671049695
52,3125.223884598926,,,opposite-phase C-H stretching,nu(C1-C2),bond,1.3307856825569052e-13,+,4.14036326506203e-08,0.2925278606344219
52,3125.223884598926,,,opposite-phase C-H stretching,nu(C2-O3),bond,7.272718982531073e-14,-,-2.9091866002293326e-08,0.3238095538884528
52,3125.223884598926,,,opposite-phase C-H stretching,delta(H16-C8-H18),angle,2.546143884517143e-14,+,1.6873870433464863e-08,0.3369686754784595
53,3160.354750413256,,,mixed-phase C-H stretching,nu(C8-H17),bond,80.9386829653147,+,0.9449209351009248,0.3493238140731456
53,3160.354750413256,,,mixed-phase C-H stretching,nu(C8-H16),bond,9.215455658826997,-,-0.32300691181662816,0.34037384822323485
53,3160.354750413256,,,mixed-phase C-H stretching,nu(C8-H18),bond,9.21191899887571,-,-0.3229449873329502,0.3403737166334327
53,3160.354750413256,,,mixed-phase C-H stretching,delta(O7-C8-H17),angle,0.23753092351404084,-,-0.04800436875599147,0.397211334830457
53,3160.354750413256,,,mixed-phase C-H stretching,delta(H16-C8-H18),angle,0.13131793691792923,+,0.03875241400646518,0.3369686754784595
53,3160.354750413256,,,mixed-phase C-H stretching,delta(C5-O7-C8),angle,0.08397505572299252,-,-0.03367166077597118,0.28541988573192933
53,3160.354750413256,,,mixed-phase C-H stretching,delta(O7-C8-H16),angle,0.07725533228661373,+,0.02784888658471233,0.38386259421329905
53,3160.354750413256,,,mixed-phase C-H stretching,delta(H16-C8-H17),angle,0.05135682354273083,-,-0.024563700263977507,0.3279997993453108
53,3160.354750413256,,,mixed-phase C-H stretching,delta(H17-C8-H18),angle,0.05085047445414121,-,-0.02456293775519002,0.32478607152998284
53,3160.354750413256,,,mixed-phase C-H stretching,nu(O7-C8),bond,0.0007723809053091656,-,-0.0030919473255425546,0.31133672847542987
53,3160.354750413256,,,mixed-phase C-H stretching,nu(C5-O6),bond,0.000474543282757948,-,-0.0014518248636856885,0.8675816801842264
53,3160.354750413256,,,mixed-phase C-H stretching,delta(O6-C5-O7),angle,0.00012027202497814511,+,0.0009226343939756576,0.5444629662347688
53,3160.354750413256,,,mixed-phase C-H stretching,nu(C4-C5),bond,8.93216746121368e-05,+,0.0011238294657884642,0.2725329576700298
53,3160.354750413256,,,mixed-phase C-H stretching,delta(C4-C5-O7),angle,5.478951299613862e-05,-,-0.0006971268352261242,0.434447038136364
53,3160.354750413256,,,mixed-phase C-H stretching,nu(C1-H11),bond,3.919706312950786e-05,+,0.000669739074614305,0.33674817837570464
53,3160.354750413256,,,mixed-phase C-H stretching,nu(C4-H14),bond,2.472614056822781e-05,+,0.0005496411462206752,0.31539940001272926
53,3160.354750413256,,,mixed-phase C-H stretching,nu(C4-H15),bond,2.4679184846272944e-05,+,0.0005491551879190163,0.31535783940404283
53,3160.354750413256,,,mixed-phase C-H stretching,nu(C2-H12),bond,1.1810467048741784e-05,+,0.00038075695402205076,0.31393113244196713
53,3160.354750413256,,,mixed-phase C-H stretching,nu(C2-H13),bond,1.1774299645140798e-05,+,0.00038017807229007866,0.3139235939299812
53,3160.354750413256,,,mixed-phase C-H stretching,nu(C5-O7),bond,8.495599715080402e-06,+,0.0002943293342690908,0.3779113605571353
53,3160.354750413256,,,mixed-phase C-H stretching,nu(C1-H10),bond,5.260277595210722e-06,-,-0.0002444719178652933,0.33916709092478864
53,3160.354750413256,,,mixed-phase C-H stretching,nu(C1-H9),bond,5.208004726427157e-06,-,-0.0002432585881139256,0.3391548315937667
53,3160.354750413256,,,mixed-phase C-H stretching,delta(O3-C4-C5),angle,4.004531235855602e-06,-,-0.00014316274504953054,0.7529300899535849
53,3160.354750413256,,,mixed-phase C-H stretching,delta(C5-C4-H14),angle,3.5660582393827397e-06,+,0.0001900944765032581,0.38028783930708365
53,3160.354750413256,,,mixed-phase C-H stretching,"gamma(H14;C4,O3,H15)",oop,2.429933168805433e-06,+,0.0001773763079310463,0.29762273937367884
53,3160.354750413256,,,mixed-phase C-H stretching,"gamma(O3;C4,C5,H14)",oop,1.5961108748408595e-06,-,-0.0001364672324035755,0.33027012495710484
53,3160.354750413256,,,mixed-phase C-H stretching,delta(O3-C4-H15),angle,6.019465673473167e-07,-,-9.439072032148698e-05,0.2603528545664745
53,3160.354750413256,,,mixed-phase C-H stretching,nu(C2-O3),bond,3.291540677751294e-07,-,-6.258730989009435e-05,0.3238095538884528
53,3160.354750413256,,,mixed-phase C-H stretching,nu(O3-C4),bond,2.5665547319941613e-07,+,5.246064912809009e-05,0.35937363468603883
53,3160.354750413256,,,mixed-phase C-H stretching,delta(O3-C2-H12),angle,2.3570245627469627e-07,+,3.7002084363483887e-05,0.6633988778702453
53,3160.354750413256,,,mixed-phase C-H stretching,tau(H9-C1-C2-H13),dihedral,1.321779355154522e-07,-,-4.7630437076211334e-05,0.22451886234893484
53,3160.354750413256,,,mixed-phase C-H stretching,tau(H10-C1-C2-H12),dihedral,1.0114541003906948e-07,+,4.7586530781031704e-05,0.17212386627012624
53,3160.354750413256,,,mixed-phase C-H stretching,tau(H9-C1-C2-H12),dihedral,5.8870186203578436e-08,+,2.4158163818828123e-05,0.38871434480918426
53,3160.354750413256,,,mixed-phase C-H stretching,delta(C1-C2-H12),angle,2.6057392698809e-08,-,-1.7587725939479227e-05,0.3246194824718769
53,3160.354750413256,,,mixed-phase C-H stretching,delta(C1-C2-H13),angle,1.9448642535293376e-08,-,-1.7611925410609784e-05,0.24162319421134754
53,3160.354750413256,,,mixed-phase C-H stretching,delta(C2-O3-C4),angle,4.3803024254198415e-09,+,8.191140466755862e-06,0.25158129671049695
53,3160.354750413256,,,mixed-phase C-H stretching,nu(C1-C2),bond,3.3531395731002707e-09,-,-6.646204484884193e-06,0.2925278606344219
53,3160.354750413256,,,mixed-phase C-H stretching,delta(C2-C1-H11),angle,2.458095790139473e-09,-,-6.6470530121404885e-06,0.2143895044253752
53,3160.354750413256,,,mixed-phase C-H stretching,delta(C2-C1-H10),angle,1.2549322578761305e-09,+,4.689696862995176e-06,0.21988405758883822
53,3160.354750413256,,,mixed-phase C-H stretching,delta(C2-C1-H9),angle,1.2328597982853282e-09,+,4.647968682629287e-06,0.21991269811803782
53,3160.354750413256,,,mixed-phase C-H stretching,tau(C4-C5-O7-C8),dihedral,1.1979216986203964e-09,+,1.0726706314297957e-05,0.04011979019759074
53,3160.354750413256,,,mixed-phase C-H stretching,delta(C1-C2-O3),angle,4.202944105387564e-10,+,1.707974153383392e-06,0.5552058430791434
53,3160.354750413256,,,mixed-phase C-H stretching,tau(C5-O7-C8-H17),dihedral,1.5798157038491437e-11,-,-2.8551854724799314e-06,0.007467939282554211
53,3160.354750413256,,,mixed-phase C-H stretching,"gamma(O7;C5,C4,O6)",oop,8.398122478646723e-13,-,-1.688735828706048e-07,0.11348063861203601
53,3160.354750413256,,,mixed-phase C-H stretching,tau(C2-O3-C4-C5),dihedral,2.5347573554882493e-13,-,-2.7942865027460753e-07,0.012510006294532647
53,3160.354750413256,,,mixed-phase C-H stretching,tau(H11-C1-C2-O3),dihedral,9.489026443864942e-14,+,4.641179646554852e-08,0.16975708186529387
53,3160.354750413256,,,mixed-phase C-H stretching,tau(O3-C4-C5-O7),dihedral,3.527929733811444e-14,-,-1.458177969396895e-07,0.006393841466423005
53,3160.354750413256,,,mixed-phase C-H stretching,tau(C1-C2-O3-C4),dihedral,3.187753474230286e-15,+,2.612558606174614e-08,0.01799764357765178
