60
182
225
601
981
1332
1951
2058
2060
2197
2258
2513
2545
2673
2683
3010
3112
3134
3304
3466
3556
3713
3733
3775
3980
4101
4228
4280
4297
4513
4575
4614
5079
5099
5147
5226
5229
5289
5700
5837
5971
6034
6063
6122
6134
6222
6281
6428
6544
6602
6620
6732
7068
7411
7459
7538
7552
7783
8110
8153
8167
8529
8570
8747
8994
9286
9317
9387
9428
9597
9836
9913
9946
9953
9971
10041
10168
10221
10505
10516
10741
11389
11432
11549
11615
11645
11987
11995
12111
12174
12258
12277
12586
12684
12840
13024
13130
13153
13257
13349
13356
13395
13431
13439
14209
14257
14349
14735
14768
14938
15029
15045
15070
15097
15190
15206
15401
15493
15536
15665
15724
16179
16205
16313
16326
16396
16438
16557
16679
16755
16769
16793
16984
17077
17266
17552
17616
18008
18217
18330
18421
18455
18494
19127
19371
19397
19979
20213
20228
20251
20294
20455
20522
20554
20784
20886
20949
21030
21366
21399
21505
21508
21537
21580
21714
21801
22115
22169
22321
22449
22720
22880
23407
23541
23780
23825
23901
23949
24417
24418
24475
24590
24698
24711
24789
25306
25575
25841
26292
26440
26488
26605
26751
26981
27008
27079
27263
27285
27430
27441
27514
27600
27679
27911
28001
28072
28081
28521
28943
28977
29090
29098
29278
29862
30025
30137
30149
30401
30403
30412
30440
30456
30497
30498
30616
30731
30771
30780
30799
30841
30858
30864
30926
30974
31127
31435
31790
31804
32217
32246
32255
32538
32694
32739
32771
32911
32920
33054
33246
33414
33478
33492
33629
33633
33751
33909
33939
34155
34322
34462
34580
34703
35164
35206
35527
35772
35829
35874
35943
36016
36567
36670
37042
37547
37891
37947
38028
38073
38118
38366
38411
38759
38826
38999
39075
39095
39222
39236
39354
39476
39509
39573
39604
39904
39907
40055
40256
40268
40299
40354
40417
40983
41010
41090
41282
41323
41514
41974
42216
42458
42568
42824
42895
43076
43186
43488
43522
43542
43592
43607
43681
43745
43786
43809
44174
44453
44460
44667
44696
44761
44780
45125
45136
45145
45176
45493
45630
45756
45823
45844
45997
46303
46360
46363
46479
46573
46756
47041
47439
47551
47824
48068
48150
48326
48487
48650
49141
49195
49255
49312
49583
49851
49857
49915
49985
50019
50150
50216
50253
50267
50277
50282
50416
50471
50609
50719
50734
50855
51014
51199
51388
51393
51614
51682
51937
52056
52082
52456
52520
52525
52605
52610
53055
53105
53475
53563
53800
53893
53903
54204
54224
54233
54459
54471
54528
54548
54612
54851
54944
54982
55156
55534
55753
55822
55852
56006
56337
56441
57022
57670
57715
57805
57837
57872
57922
58021
58068
58372
58390
58487
58525
58597
58732
58861
58873
58891
58962
59111
59291
59314
59590
59738
59812
60010
60196
60251
60455
60471
60800
60901
60920
60993
60998
61130
61138
61321
61417
61441
61453
61694
61735
62174
62183
62321
62510
62632
62640
62807
62985
63008
63010
63197
63243
63359
63394
63471
63524
63559
63562
63672
63991
64056
64101
64229
64257
64293
64378
64475
64522
64550
64750
64884
65105
65201
65237
65317
65689
65822
65877
66207
66331
66440
66524
66603
66776
66831
67074
67099
67244
67454
67539
67557
67564
67569
67756
67777
67778
68193
68341
68366
68411
68478
68491
68737
68779
68865
69309
69352
69453
69493
69545
69581
69604
69714
69886
70541
70693
70764
70836
71477
71621
71857
72035
72128
72235
72269
72281
72291
72361
72365
72383
72414
72681
72695
72799
72800
72806
73118
73186
73297
73391
73607
73918
74306
74373
74591
74697
74709
74900
74907
74930
74977
75141
75190
75199
75305
75317
75441
75527
75581
75593
75681
75693
75936
76056
76231
76273
76468
76580
76763
76821
76927
77019
77058
77346
77604
78184
78400
78567
78720
78816
78893
79018
79236
79317
79391
79742
79774
79859
80215
80229
80323
80604
80997
81126
81155
81156
81409
81551
81676
81746
82193
82253
82282
82347
82755
82966
83114
83152
83169
83198
83277
83281
83383
83565
83599
83667
83868
84037
84052
84120
84135
84355
84488
84657
85149
85491
85661
86111
86312
86539
86563
86755
86904
87005
87035
87137
87224
87400
87592
87596
88092
88150
88291
88315
88556
88558
88675
88821
88913
88941
89007
89094
89205
89506
89637
89773
89787
89962
90193
90544
90548
90626
90887
90891
91120
91556
91727
91751
91783
91894
91909
92040
92129
92152
92170
92194
92214
92239
92466
92585
92668
92675
92900
93050
93135
93338
93440
93477
93670
93713
93953
94046
94090
94323
94545
94692
94738
94773
94844
94879
95134
95272
95274
95347
95351
95552
95572
95663
95778
95906
95950
96064
96073
96138
96141
96161
96319
96356
96443
96772
96941
97095
97109
97191
97335
97367
97591
97763
97918
97963
98054
98070
98368
98473
98723
98858
98894
98924
99232
99319
99535
100272
100325
100384
100430
100570
100675
100727
100894
100999
101094
101188
101282
101493
101678
101703
101740
101877
102293
102371
102427
102675
102681
102755
102984
103585
103623
103662
103688
103774
103802
103983
104006
104020
104060
104066
104191
104310
104372
104442
104469
104486
104579
104623
104682
104758
104845
105202
105481
105578
105716
106004
106061
106205
106507
106629
106744
106771
106891
107243
107327
107452
107631
107724
107865
107874
107879
107886
107889
107940
107971
108074
108119
108417
108431
108623
108660
108684
108922
109003
109027
109324
109399
109456
109525
109953
110278
110388
110407
110915
110959
111040
111223
111262
111327
111367
111428
111465
111536
111577
111683
111685
111716
111782
111968
111969
111974
112113
112120
112177
112348
112389
112402
112430
112446
112531
112633
112828
112859
113158
113486
113496
113756
113886
113982
114118
114146
114347
114683
114695
114794
114907
114958
115015
115204
115347
115430
115494
115648
115735
115785
115966
116162
116198
116311
116773
116931
117008
117383
117483
117561
118019
118451
118817
118984
119391
119480
119724
119757
119987
120036
120123
120386
120572
120684
120831
121203
121233
121431
121555
121931
122094
122266
122451
122486
122727
123212
123241
123346
123385
123407
123433
123456
123519
123675
123739
123745
123781
123796
123912
124075
124130
124242
124347
124360
124458
124787
124953
124965
125108
125135
125179
125236
125280
125609
125654
125660
126392
126468
126609
126815
126882
127098
127346
127441
127695
127697
127704
128025
128044
128078
128200
128201
128496
128569
128630
128646
128768
128802
128868
128899
128971
129195
129447
129477
129553
129689
129794
129816
