mode,harmonic_frequency_cm-1,vpt2_fundamental_cm-1,harmonic_intensity_km_mol,assignment,internal_coordinate,type,percent,phase,D_value,F_diagonal
6,60.195780918870305,,,C-C torsion,tau(C1-C2-C3-C4),dihedral,42.83957750284602,+,0.038387255500279154,0.3516635565620462
6,60.195780918870305,,,C-C torsion,tau(H13-C2-C3-N5),dihedral,42.06216961599768,+,0.03782196407239646,0.35568031212637796
6,60.195780918870305,,,C-C torsion,tau(C4-C3-N5-C6),dihedral,8.616806606489893,+,0.03977547885882591,0.06588276594613837
6,60.195780918870305,,,C-C torsion,tau(C6-C7-C8-O9),dihedral,1.3355425952958557,-,-0.024769986184245363,0.02633070738300783
6,60.195780918870305,,,C-C torsion,"gamma(N5;C7,C6,C8)",oop,1.2042607880769045,-,-0.002665237493561692,2.0507136816458287
6,60.195780918870305,,,C-C torsion,delta(C6-C7-C8),angle,0.4911187864100947,+,0.004747467255756536,0.2635839141319724
6,60.195780918870305,,,C-C torsion,delta(C1-C2-H13),angle,0.424101476417645,+,0.002105015519841316,1.157751871494402
6,60.195780918870305,,,C-C torsion,delta(C2-C3-C4),angle,0.4144073041581541,-,-0.0029430669047879466,0.578739924160285
6,60.195780918870305,,,C-C torsion,tau(H11-C1-C2-C3),dihedral,0.4073609876641354,-,-0.005329271853160199,0.173500206926061
6,60.195780918870305,,,C-C torsion,tau(C2-C3-C4-H17),dihedral,0.3806271443821123,+,0.01494030703420459,0.020627045333551117
6,60.195780918870305,,,C-C torsion,"gamma(N5;C3,C4,H15)",oop,0.33524502510749143,+,0.003088354046534065,0.42517183750888987
6,60.195780918870305,,,C-C torsion,delta(C2-C3-H15),angle,0.2916650009586362,+,0.0024446692394060714,0.5903375570711772
6,60.195780918870305,,,C-C torsion,tau(H20-C6-C7-C8),dihedral,0.2692715584595282,+,0.00296986078287917,0.36929600751604197
6,60.195780918870305,,,C-C torsion,delta(C1-C2-H14),angle,0.11880740161089506,-,-0.001976614405324307,0.36783741091385147
6,60.195780918870305,,,C-C torsion,delta(C3-N5-C6),angle,0.11428594232421899,-,-0.0017673492067117238,0.4425928427372072
6,60.195780918870305,,,C-C torsion,"gamma(N5;C6,C7,H20)",oop,0.09564575877205449,+,0.0009339369232897168,1.3264379453481014
6,60.195780918870305,,,C-C torsion,delta(C2-C1-H10),angle,0.08800869604372288,-,-0.0022050580620917516,0.21894843186002957
6,60.195780918870305,,,C-C torsion,tau(H10-C1-C2-H13),dihedral,0.08731893982134913,-,-0.002459406786499692,0.1746240399816733
6,60.195780918870305,,,C-C torsion,delta(C3-N5-C7),angle,0.06543107934706373,+,0.001607612369142828,0.3062511428123691
6,60.195780918870305,,,C-C torsion,"gamma(O9;C8,C7,H22)",oop,0.049019780602858144,-,-0.002281088713640283,0.1139576076428222
6,60.195780918870305,,,C-C torsion,tau(H12-C1-C2-H14),dihedral,0.0441675627604887,-,-0.001762318565117714,0.17202474146598562
6,60.195780918870305,,,C-C torsion,delta(N5-C7-H21),angle,0.04316232840255454,-,-0.001498212551931004,0.23260246557067013
6,60.195780918870305,,,C-C torsion,tau(C3-N5-C7-H21),dihedral,0.04261117141678404,+,0.0018724957309443216,0.14700703306904594
6,60.195780918870305,,,C-C torsion,delta(C3-C4-H18),angle,0.02689706926870729,-,-0.0010248980265773627,0.30974190085035774
6,60.195780918870305,,,C-C torsion,delta(C2-C1-H12),angle,0.019523635050894154,+,0.0010341434627511553,0.22082864654339243
6,60.195780918870305,,,C-C torsion,delta(C3-C2-H13),angle,0.016657673885664463,+,0.0004929798254374742,0.8291104208312534
6,60.195780918870305,,,C-C torsion,delta(O9-C8-H22),angle,0.016441462874146034,+,0.0008144788507165513,0.2998038078133957
6,60.195780918870305,,,C-C torsion,delta(H17-C4-H18),angle,0.01351159093084121,-,-0.0007691875990896132,0.27624743369002036
6,60.195780918870305,,,C-C torsion,delta(H16-C4-H18),angle,0.012526193380268292,-,-0.0007536973594321968,0.2667358784486755
6,60.195780918870305,,,C-C torsion,nu(C1-C2),bond,0.011546373581872736,-,-0.0007095986755909302,0.27738075382051663
6,60.195780918870305,,,C-C torsion,nu(C6-C7),bond,0.008883179712687383,-,-0.0005909195297263456,0.30772875007652795
6,60.195780918870305,,,C-C torsion,delta(C7-C6-H20),angle,0.008729483922143544,+,0.0007101940726668593,0.20935859466531728
6,60.195780918870305,,,C-C torsion,delta(C1-C2-C3),angle,0.0057797316666939645,+,0.0003344349116394586,0.6250874412298897
6,60.195780918870305,,,C-C torsion,nu(N5-C6),bond,0.0047199673256185905,+,0.0003068591502086037,0.6063412962020981
6,60.195780918870305,,,C-C torsion,delta(N5-C6-H19),angle,0.004349597798767187,+,0.000489515074476328,0.21957013616155804
6,60.195780918870305,,,C-C torsion,nu(C7-C8),bond,0.004038806729965471,-,-0.00041363460602821607,0.28554571717231075
6,60.195780918870305,,,C-C torsion,nu(C2-C3),bond,0.003971649925448442,+,0.00042260350928245694,0.2690054474963341
6,60.195780918870305,,,C-C torsion,nu(C3-N5),bond,0.003327277970164039,+,0.00037813697700079597,0.28147971351032797
6,60.195780918870305,,,C-C torsion,nu(C3-H15),bond,0.003209869309197878,+,0.0003550896428619499,0.3079410963954522
6,60.195780918870305,,,C-C torsion,delta(C7-C8-O9),angle,0.0031935007577609783,-,-0.00032670694209581045,0.361915021923592
6,60.195780918870305,,,C-C torsion,delta(C4-C3-H15),angle,0.0031626490869630652,+,0.0003191905732190059,0.3754976345746755
6,60.195780918870305,,,C-C torsion,nu(C4-H17),bond,0.002884466723094605,-,-0.0003217609868630855,0.33701953429854553
6,60.195780918870305,,,C-C torsion,nu(C8-H22),bond,0.0025471770315573373,+,0.00032066762533416635,0.2996437407786608
6,60.195780918870305,,,C-C torsion,nu(C6-H20),bond,0.0013275514801116674,+,0.00021712771365124656,0.34062550565283833
6,60.195780918870305,,,C-C torsion,delta(H13-C2-H14),angle,0.0010798289428452827,+,0.00015952258743108213,0.5132948477004958
6,60.195780918870305,,,C-C torsion,nu(C2-H13),bond,0.00037380290645348623,+,0.00011746065454828183,0.3277284562397979
6,60.195780918870305,,,C-C torsion,delta(C3-C4-H16),angle,0.00022929212554646512,-,-9.45432082351498e-05,0.31030214713203214
6,60.195780918870305,,,C-C torsion,nu(C7-H21),bond,0.00013025526560917443,+,6.703652380094331e-05,0.3506134958372735
6,60.195780918870305,,,C-C torsion,nu(C1-H12),bond,7.920097214078936e-05,+,5.3798744328282165e-05,0.3310110907707208
6,60.195780918870305,,,C-C torsion,nu(C8-O9),bond,7.224250874669732e-05,+,3.2359734956937486e-05,0.8345247457215548
6,60.195780918870305,,,C-C torsion,delta(H16-C4-H17),angle,5.3402405044769556e-05,+,4.848891093690675e-05,0.27474656297601174
6,60.195780918870305,,,C-C torsion,nu(C2-H14),bond,4.7638169220567375e-05,+,4.180518692026924e-05,0.3297243609541089
6,60.195780918870305,,,C-C torsion,"gamma(C7;C6,N5,H19)",oop,4.0039653239157754e-05,+,2.9304984694535468e-05,0.5639798938871293
6,60.195780918870305,,,C-C torsion,nu(C1-H10),bond,3.558848157036285e-05,-,-3.566448878180369e-05,0.3384494119949666
6,60.195780918870305,,,C-C torsion,nu(C4-H16),bond,7.132542598891554e-06,+,1.6001319200690092e-05,0.33696834756275934
6,60.195780918870305,,,C-C torsion,delta(C2-C1-H11),angle,6.814802952237836e-06,-,-1.9373043794023738e-05,0.21964124363029877
6,60.195780918870305,,,C-C torsion,nu(C3-C4),bond,2.0905701604128063e-06,-,-9.554564814898687e-06,0.2770124173076562
6,60.195780918870305,,,C-C torsion,nu(C6-H19),bond,5.671452573857892e-07,-,-4.4294171173137745e-06,0.3496692621462572
6,60.195780918870305,,,C-C torsion,nu(C4-H18),bond,1.3840809657883096e-07,-,-2.2271452507419046e-06,0.3375364853619774
6,60.195780918870305,,,C-C torsion,nu(C1-H11),bond,3.3218155463566903e-09,-,-3.4616379878950886e-07,0.3353270039257434
7,89.45808062681286,,,C-C torsion,tau(C1-C2-C3-C4),dihedral,36.343094458357974,+,0.05523377974971424,0.3516635565620462
7,89.45808062681286,,,C-C torsion,tau(H13-C2-C3-N5),dihedral,34.45585838187823,+,0.0534760250491838,0.35568031212637796
7,89.45808062681286,,,C-C torsion,"gamma(N5;C7,C6,C8)",oop,9.517601216531926,+,0.011704927607104797,2.0507136816458287
7,89.45808062681286,,,C-C torsion,tau(H20-C6-C7-C8),dihedral,7.135518083486837,-,-0.023882673625153266,0.36929600751604197
7,89.45808062681286,,,C-C torsion,tau(C6-C7-C8-O9),dihedral,6.952757821354351,+,0.08828863089278306,0.02633070738300783
7,89.45808062681286,,,C-C torsion,tau(C3-N5-C7-H21),dihedral,1.1938979315818874,+,0.01548360337485022,0.14700703306904594
7,89.45808062681286,,,C-C torsion,delta(C3-N5-C7),angle,0.91158236580791,+,0.009373819639934106,0.3062511428123691
7,89.45808062681286,,,C-C torsion,tau(H10-C1-C2-H13),dihedral,0.6672306261049431,+,0.01062046335576782,0.1746240399816733
7,89.45808062681286,,,C-C torsion,tau(H12-C1-C2-H14),dihedral,0.4777262291880646,+,0.009054231215548115,0.17202474146598562
7,89.45808062681286,,,C-C torsion,delta(C3-N5-C6),angle,0.3524817035546958,-,-0.00484868075610047,0.4425928427372072
7,89.45808062681286,,,C-C torsion,tau(H11-C1-C2-C3),dihedral,0.3157752972066582,+,0.007329875062129481,0.173500206926061
7,89.45808062681286,,,C-C torsion,delta(C6-C7-C8),angle,0.2554331006437753,-,-0.005348557026185087,0.2635839141319724
7,89.45808062681286,,,C-C torsion,tau(C4-C3-N5-C6),dihedral,0.2437412569471546,-,-0.01045047680609292,0.06588276594613837
7,89.45808062681286,,,C-C torsion,delta(C7-C8-O9),angle,0.17969213419032554,-,-0.0038284124773280987,0.361915021923592
7,89.45808062681286,,,C-C torsion,"gamma(O9;C8,C7,H22)",oop,0.1782285632471247,+,0.006794765700028224,0.1139576076428222
7,89.45808062681286,,,C-C torsion,delta(C1-C2-H13),angle,0.1761563975176831,+,0.002119331819543477,1.157751871494402
7,89.45808062681286,,,C-C torsion,delta(C1-C2-H14),angle,0.11932997350174263,-,-0.00309459855178873,0.36783741091385147
7,89.45808062681286,,,C-C torsion,"gamma(N5;C3,C4,H15)",oop,0.08630344859306989,+,0.0024478754929759526,0.42517183750888987
7,89.45808062681286,,,C-C torsion,delta(N5-C6-H19),angle,0.07065951297746556,+,0.0030821670881579053,0.21957013616155804
7,89.45808062681286,,,C-C torsion,delta(C1-C2-C3),angle,0.06559174293363464,+,0.00175999605085342,0.6250874412298897
7,89.45808062681286,,,C-C torsion,tau(C2-C3-C4-H17),dihedral,0.05438536312827322,+,0.008822262976240301,0.020627045333551117
7,89.45808062681286,,,C-C torsion,nu(C3-N5),bond,0.04176082789669961,-,-0.0020927555105395485,0.28147971351032797
7,89.45808062681286,,,C-C torsion,delta(C2-C1-H12),angle,0.02798140251897074,+,0.0019340358877840255,0.22082864654339243
7,89.45808062681286,,,C-C torsion,delta(C2-C3-C4),angle,0.025303042959765827,-,-0.0011360623031491993,0.578739924160285
7,89.45808062681286,,,C-C torsion,nu(C6-C7),bond,0.024568930446380956,+,0.0015352057325581986,0.30772875007652795
7,89.45808062681286,,,C-C torsion,nu(N5-C6),bond,0.019764350324822016,-,-0.0009809349131557974,0.6063412962020981
7,89.45808062681286,,,C-C torsion,delta(C2-C1-H10),angle,0.01890083061361089,-,-0.001596345968863212,0.21894843186002957
7,89.45808062681286,,,C-C torsion,nu(C2-C3),bond,0.015143607961116433,+,0.0012891149234506654,0.2690054474963341
7,89.45808062681286,,,C-C torsion,delta(C2-C3-H15),angle,0.014462871796210242,+,0.0008504221353538877,0.5903375570711772
7,89.45808062681286,,,C-C torsion,delta(C3-C2-H13),angle,0.010112015985400732,-,-0.0006000261546038416,0.8291104208312534
7,89.45808062681286,,,C-C torsion,delta(O9-C8-H22),angle,0.0091970378877914,+,0.0009516185735418579,0.2998038078133957
7,89.45808062681286,,,C-C torsion,delta(C4-C3-H15),angle,0.006547764485430839,+,0.0007174644991949972,0.3754976345746755
7,89.45808062681286,,,C-C torsion,delta(C2-C1-H11),angle,0.006492543359665238,-,-0.0009341314128497597,0.21964124363029877
7,89.45808062681286,,,C-C torsion,nu(C8-O9),bond,0.004842488528569246,+,0.0004138778507474385,0.8345247457215548
7,89.45808062681286,,,C-C torsion,nu(C3-H15),bond,0.00446400343337196,+,0.0006541629278562157,0.3079410963954522
7,89.45808062681286,,,C-C torsion,nu(C7-C8),bond,0.0029699882949778753,-,-0.0005541113396881559,0.28554571717231075
7,89.45808062681286,,,C-C torsion,delta(H16-C4-H17),angle,0.002476465312309844,+,0.0005158310551761194,0.27474656297601174
7,89.45808062681286,,,C-C torsion,nu(C1-H10),bond,0.0020079502030524127,-,-0.00041849192406944027,0.3384494119949666
7,89.45808062681286,,,C-C torsion,delta(C3-C4-H18),angle,0.0017832538613223954,+,0.00041225326256533364,0.30974190085035774
7,89.45808062681286,,,C-C torsion,nu(C4-H17),bond,0.0014885517908552056,+,0.0003610870657270985,0.33701953429854553
7,89.45808062681286,,,C-C torsion,nu(C3-C4),bond,0.001457010810708766,-,-0.0003940390496241949,0.2770124173076562
7,89.45808062681286,,,C-C torsion,delta(C3-C4-H16),angle,0.0012966096332966647,-,-0.0003512123071591713,0.31030214713203214
7,89.45808062681286,,,C-C torsion,delta(N5-C7-H21),angle,0.00123001270877188,-,-0.00039509827795137424,0.23260246557067013
7,89.45808062681286,,,C-C torsion,delta(H17-C4-H18),angle,0.0009543115037292227,+,0.00031934009330947255,0.27624743369002036
7,89.45808062681286,,,C-C torsion,delta(C7-C6-H20),angle,0.00046171931926677076,-,-0.00025515325942513663,0.20935859466531728
7,89.45808062681286,,,C-C torsion,nu(C1-C2),bond,0.00028038178776188026,+,0.00017274052398784796,0.27738075382051663
7,89.45808062681286,,,C-C torsion,delta(H13-C2-H14),angle,0.0002148431554665811,-,-0.00011115648450932425,0.5132948477004958
7,89.45808062681286,,,C-C torsion,nu(C2-H13),bond,0.00020466281064618184,+,0.00013577502308156778,0.3277284562397979
7,89.45808062681286,,,C-C torsion,nu(C2-H14),bond,0.00013923773044959427,+,0.00011165044148191303,0.3297243609541089
7,89.45808062681286,,,C-C torsion,delta(H16-C4-H18),angle,0.00011523155209182203,-,-0.00011292821982415386,0.2667358784486755
7,89.45808062681286,,,C-C torsion,nu(C4-H18),bond,9.522187752914205e-05,+,9.125685607164838e-05,0.3375364853619774
7,89.45808062681286,,,C-C torsion,nu(C4-H16),bond,7.341882286838501e-05,-,-8.019857448848918e-05,0.33696834756275934
7,89.45808062681286,,,C-C torsion,nu(C6-H20),bond,5.5385296410291046e-05,+,6.92813201282561e-05,0.34062550565283833
7,89.45808062681286,,,C-C torsion,nu(C8-H22),bond,3.602920116974491e-05,+,5.957749047357153e-05,0.2996437407786608
7,89.45808062681286,,,C-C torsion,"gamma(N5;C6,C7,H20)",oop,2.123816597720247e-05,-,-2.174065033076122e-05,1.3264379453481014
7,89.45808062681286,,,C-C torsion,nu(C6-H19),bond,2.1058964066185838e-05,-,-4.2164530381334404e-05,0.3496692621462572
7,89.45808062681286,,,C-C torsion,nu(C7-H21),bond,1.3869656206135166e-05,+,3.4172443017142e-05,0.3506134958372735
7,89.45808062681286,,,C-C torsion,"gamma(C7;C6,N5,H19)",oop,8.524726067340753e-06,-,-2.112350101043164e-05,0.5639798938871293
7,89.45808062681286,,,C-C torsion,nu(C1-H11),bond,7.693424111712428e-06,-,-2.6024540323064987e-05,0.3353270039257434
7,89.45808062681286,,,C-C torsion,nu(C1-H12),bond,2.459362529563971e-09,+,4.683251680975306e-07,0.3310110907707208
8,119.16965380084977,,,C-C torsion,tau(C1-C2-C3-C4),dihedral,42.316077798611246,+,0.09441552229579642,0.3516635565620462
8,119.16965380084977,,,C-C torsion,tau(H13-C2-C3-N5),dihedral,40.52789360126048,+,0.0918758735628878,0.35568031212637796
8,119.16965380084977,,,C-C torsion,tau(H11-C1-C2-C3),dihedral,3.1149064260884614,+,0.03646925422269861,0.173500206926061
8,119.16965380084977,,,C-C torsion,tau(H10-C1-C2-H13),dihedral,2.927231865906728,+,0.03523959632524474,0.1746240399816733
8,119.16965380084977,,,C-C torsion,tau(H12-C1-C2-H14),dihedral,2.7404298236289413,+,0.03435328435414653,0.17202474146598562
8,119.16965380084977,,,C-C torsion,"gamma(N5;C7,C6,C8)",oop,2.348734019362008,-,-0.009211254531160526,2.0507136816458287
8,119.16965380084977,,,C-C torsion,tau(H20-C6-C7-C8),dihedral,1.9085008615898342,+,0.019566504739502177,0.36929600751604197
8,119.16965380084977,,,C-C torsion,tau(C6-C7-C8-O9),dihedral,1.329350102280479,-,-0.06115652522368457,0.02633070738300783
8,119.16965380084977,,,C-C torsion,tau(C4-C3-N5-C6),dihedral,0.7635745862917522,-,-0.029301793228393803,0.06588276594613837
8,119.16965380084977,,,C-C torsion,delta(C3-N5-C7),angle,0.7056673246192638,-,-0.013065183796917368,0.3062511428123691
8,119.16965380084977,,,C-C torsion,delta(C1-C2-H13),angle,0.2532452990316159,+,0.004025476807508673,1.157751871494402
8,119.16965380084977,,,C-C torsion,delta(C2-C3-H15),angle,0.24301712451224014,-,-0.005522333244288243,0.5903375570711772
8,119.16965380084977,,,C-C torsion,delta(C3-C2-H13),angle,0.11949654788519244,-,-0.0032675773070107803,0.8291104208312534
8,119.16965380084977,,,C-C torsion,tau(C3-N5-C7-H21),dihedral,0.08318781331557314,-,-0.006474633298320198,0.14700703306904594
8,119.16965380084977,,,C-C torsion,tau(C2-C3-C4-H17),dihedral,0.07619209352430993,+,0.016542106798852315,0.020627045333551117
8,119.16965380084977,,,C-C torsion,"gamma(N5;C3,C4,H15)",oop,0.07403854197419142,-,-0.003591708333570735,0.42517183750888987
8,119.16965380084977,,,C-C torsion,delta(C1-C2-H14),angle,0.06429872789211534,-,-0.0035985506545500715,0.36783741091385147
8,119.16965380084977,,,C-C torsion,delta(C2-C3-C4),angle,0.05420746417635563,+,0.002634160315798088,0.578739924160285
8,119.16965380084977,,,C-C torsion,delta(C7-C8-O9),angle,0.049331245852945946,+,0.0031776943040215055,0.361915021923592
8,119.16965380084977,,,C-C torsion,nu(C2-C3),bond,0.02926354763697361,-,-0.0028388165502890154,0.2690054474963341
8,119.16965380084977,,,C-C torsion,delta(C1-C2-C3),angle,0.02717723690531267,-,-0.0017946784247566245,0.6250874412298897
8,119.16965380084977,,,C-C torsion,delta(C2-C1-H10),angle,0.025999903680140414,-,-0.002965987582857735,0.21894843186002957
8,119.16965380084977,,,C-C torsion,delta(C3-C4-H16),angle,0.023681530035420704,-,-0.0023777537061237253,0.31030214713203214
8,119.16965380084977,,,C-C torsion,"gamma(O9;C8,C7,H22)",oop,0.023474474216697284,-,-0.003906435461336401,0.1139576076428222
8,119.16965380084977,,,C-C torsion,delta(C2-C1-H12),angle,0.02281439909341356,+,0.002766503285884069,0.22082864654339243
8,119.16965380084977,,,C-C torsion,delta(N5-C6-H19),angle,0.022644900528722017,-,-0.002764094912264404,0.21957013616155804
8,119.16965380084977,,,C-C torsion,delta(C3-N5-C6),angle,0.022507888278516037,-,-0.0019409732970370468,0.4425928427372072
8,119.16965380084977,,,C-C torsion,delta(C4-C3-H15),angle,0.020980982954041286,+,0.002034528093867611,0.3754976345746755
8,119.16965380084977,,,C-C torsion,nu(C6-C7),bond,0.01575712134739146,-,-0.0019476404328349188,0.30772875007652795
8,119.16965380084977,,,C-C torsion,delta(C3-C4-H18),angle,0.013992793026728718,+,0.0018293912775717497,0.30974190085035774
8,119.16965380084977,,,C-C torsion,delta(O9-C8-H22),angle,0.012047192581369038,-,-0.0017253560563958083,0.2998038078133957
8,119.16965380084977,,,C-C torsion,delta(N5-C7-H21),angle,0.010139581481096454,+,0.0017970378988881497,0.23260246557067013
8,119.16965380084977,,,C-C torsion,delta(C6-C7-C8),angle,0.006969629319250683,+,0.0013995865731287222,0.2635839141319724
8,119.16965380084977,,,C-C torsion,nu(N5-C6),bond,0.005122007601507596,+,0.0007910718196761743,0.6063412962020981
8,119.16965380084977,,,C-C torsion,nu(C8-O9),bond,0.0031997540795545183,-,-0.0005329581031785264,0.8345247457215548
8,119.16965380084977,,,C-C torsion,delta(H13-C2-H14),angle,0.0029676044234672296,-,-0.000654446170707124,0.5132948477004958
8,119.16965380084977,,,C-C torsion,nu(C3-H15),bond,0.0018442320942126153,-,-0.0006660829859639731,0.3079410963954522
8,119.16965380084977,,,C-C torsion,nu(C1-H10),bond,0.0015184810431245871,-,-0.0005765170873004396,0.3384494119949666
8,119.16965380084977,,,C-C torsion,nu(C8-H22),bond,0.0013724727528461793,-,-0.0005825103403370064,0.2996437407786608
8,119.16965380084977,,,C-C torsion,nu(C3-C4),bond,0.0011563191938132767,+,0.0005560881329725815,0.2770124173076562
8,119.16965380084977,,,C-C torsion,delta(H17-C4-H18),angle,0.0009685887170411409,+,0.0005096534345677406,0.27624743369002036
8,119.16965380084977,,,C-C torsion,nu(C6-H20),bond,0.0008476428535498327,-,-0.0004293606589188858,0.34062550565283833
8,119.16965380084977,,,C-C torsion,nu(C3-N5),bond,0.000833526691825051,-,-0.0004683716331144122,0.28147971351032797
8,119.16965380084977,,,C-C torsion,nu(C7-C8),bond,0.0006384126763733694,+,0.00040697459914597773,0.28554571717231075
8,119.16965380084977,,,C-C torsion,delta(H16-C4-H18),angle,0.0006091562137346163,+,0.00041131826923425244,0.2667358784486755
8,119.16965380084977,,,C-C torsion,nu(C2-H14),bond,0.0004895028735835776,+,0.0003316320409750147,0.3297243609541089
8,119.16965380084977,,,C-C torsion,delta(C2-C1-H11),angle,0.0002759679925907447,-,-0.0003050891681172668,0.21964124363029877
8,119.16965380084977,,,C-C torsion,nu(C2-H13),bond,0.00020662453630037483,+,0.0002161166606446673,0.3277284562397979
8,119.16965380084977,,,C-C torsion,delta(H16-C4-H17),angle,0.00018313993187715305,+,0.00022221827324232817,0.27474656297601174
8,119.16965380084977,,,C-C torsion,delta(C7-C6-H20),angle,0.0001358650203006266,+,0.00021926171681935206,0.20935859466531728
8,119.16965380084977,,,C-C torsion,nu(C4-H18),bond,0.00013408796875200352,+,0.00017154928901781378,0.3375364853619774
8,119.16965380084977,,,C-C torsion,nu(C7-H21),bond,0.00012496825749009415,-,-0.0001624949696690076,0.3506134958372735
8,119.16965380084977,,,C-C torsion,nu(C1-H11),bond,0.00010131434374534698,-,-0.00014960826346939576,0.3353270039257434
8,119.16965380084977,,,C-C torsion,nu(C1-C2),bond,9.873773424408548e-05,+,0.00016238944407411996,0.27738075382051663
8,119.16965380084977,,,C-C torsion,nu(C4-H16),bond,9.83793390603985e-05,-,-0.00014706582875881764,0.33696834756275934
8,119.16965380084977,,,C-C torsion,nu(C6-H19),bond,7.6565171419014e-05,-,-0.00012736241328144626,0.3496692621462572
8,119.16965380084977,,,C-C torsion,"gamma(N5;C6,C7,H20)",oop,7.284007853255179e-05,-,-6.378170324327701e-05,1.3264379453481014
8,119.16965380084977,,,C-C torsion,"gamma(C7;C6,N5,H19)",oop,4.861636337675364e-05,+,7.991233164264654e-05,0.5639798938871293
8,119.16965380084977,,,C-C torsion,nu(C4-H17),bond,2.315467673590226e-05,+,7.134215151414943e-05,0.33701953429854553
8,119.16965380084977,,,C-C torsion,nu(C1-H12),bond,1.9588482128698916e-05,+,6.621151088286189e-05,0.3310110907707208
9,182.64350833790107,,,mixed C-C torsion / C-N-C bending,tau(C1-C2-C3-C4),dihedral,18.160144727555025,+,0.03567333348718411,0.3516635565620462
9,182.64350833790107,,,mixed C-C torsion / C-N-C bending,tau(C6-C7-C8-O9),dihedral,17.163180920142764,+,0.12674048071571864,0.02633070738300783
9,182.64350833790107,,,mixed C-C torsion / C-N-C bending,tau(H13-C2-C3-N5),dihedral,14.267232101652448,+,0.03144037179875779,0.35568031212637796
9,182.64350833790107,,,mixed C-C torsion / C-N-C bending,delta(C3-N5-C7),angle,12.734630164799135,-,-0.032011205733016745,0.3062511428123691
9,182.64350833790107,,,mixed C-C torsion / C-N-C bending,tau(C4-C3-N5-C6),dihedral,7.285036717439485,+,0.05220086309759937,0.06588276594613837
9,182.64350833790107,,,mixed C-C torsion / C-N-C bending,delta(C6-C7-C8),angle,5.27572967307779,-,-0.02220902734860767,0.2635839141319724
9,182.64350833790107,,,mixed C-C torsion / C-N-C bending,"gamma(N5;C3,C4,H15)",oop,4.247266183351533,-,-0.015689901532822084,0.42517183750888987
9,182.64350833790107,,,mixed C-C torsion / C-N-C bending,delta(C3-C2-H13),angle,2.831128828707045,-,-0.009173210349479174,0.8291104208312534
9,182.64350833790107,,,mixed C-C torsion / C-N-C bending,tau(H11-C1-C2-C3),dihedral,2.659430123751318,+,0.019435334359085434,0.173500206926061
9,182.64350833790107,,,mixed C-C torsion / C-N-C bending,"gamma(N5;C7,C6,C8)",oop,2.4680137641766526,+,0.005445891661853524,2.0507136816458287
9,182.64350833790107,,,mixed C-C torsion / C-N-C bending,delta(C1-C2-C3),angle,2.1588828048359905,+,0.009225541568486326,0.6250874412298897
9,182.64350833790107,,,mixed C-C torsion / C-N-C bending,delta(C2-C3-C4),angle,1.5910563787003982,-,-0.008230927686086312,0.578739924160285
9,182.64350833790107,,,mixed C-C torsion / C-N-C bending,tau(H20-C6-C7-C8),dihedral,1.4092477955277098,-,-0.009697372962688914,0.36929600751604197
9,182.64350833790107,,,mixed C-C torsion / C-N-C bending,tau(H10-C1-C2-H13),dihedral,1.2348065820747618,+,0.013200645710964505,0.1746240399816733
9,182.64350833790107,,,mixed C-C torsion / C-N-C bending,delta(N5-C7-H21),angle,1.0048015158094947,+,0.010317647993085535,0.23260246557067013
9,182.64350833790107,,,mixed C-C torsion / C-N-C bending,"gamma(O9;C8,C7,H22)",oop,0.7833815622204103,+,0.013015556277388577,0.1139576076428222
9,182.64350833790107,,,mixed C-C torsion / C-N-C bending,tau(H12-C1-C2-H14),dihedral,0.7134273797061583,+,0.010109441244627227,0.17202474146598562
9,182.64350833790107,,,mixed C-C torsion / C-N-C bending,delta(C2-C3-H15),angle,0.6559887028897031,-,-0.005232939291123483,0.5903375570711772
9,182.64350833790107,,,mixed C-C torsion / C-N-C bending,tau(C3-N5-C7-H21),dihedral,0.6097342470226481,-,-0.010109948917188505,0.14700703306904594
9,182.64350833790107,,,mixed C-C torsion / C-N-C bending,delta(C7-C8-O9),angle,0.479586880706077,+,0.005714497742389383,0.361915021923592
9,182.64350833790107,,,mixed C-C torsion / C-N-C bending,tau(C2-C3-C4-H17),dihedral,0.40126998322491486,+,0.021895131028747447,0.020627045333551117
9,182.64350833790107,,,mixed C-C torsion / C-N-C bending,delta(C3-N5-C6),angle,0.39350106687870867,+,0.00468078277526304,0.4425928427372072
9,182.64350833790107,,,mixed C-C torsion / C-N-C bending,delta(C3-C4-H16),angle,0.19931602855937858,-,-0.003978564886454687,0.31030214713203214
9,182.64350833790107,,,mixed C-C torsion / C-N-C bending,delta(C4-C3-H15),angle,0.1877765934832598,+,0.0035104666251168128,0.3754976345746755
9,182.64350833790107,,,mixed C-C torsion / C-N-C bending,delta(C3-C4-H18),angle,0.16666164538461262,+,0.0036413764243735888,0.30974190085035774
9,182.64350833790107,,,mixed C-C torsion / C-N-C bending,delta(O9-C8-H22),angle,0.12153325788458172,-,-0.0031606522904632766,0.2998038078133957
9,182.64350833790107,,,mixed C-C torsion / C-N-C bending,"gamma(N5;C6,C7,H20)",oop,0.12080547825768925,-,-0.0014981233361743415,1.3264379453481014
9,182.64350833790107,,,mixed C-C torsion / C-N-C bending,nu(C6-C7),bond,0.107543056994442,+,0.0029346402883081934,0.30772875007652795
9,182.64350833790107,,,mixed C-C torsion / C-N-C bending,nu(C7-C8),bond,0.10408546764961243,+,0.0029971256241033907,0.28554571717231075
9,182.64350833790107,,,mixed C-C torsion / C-N-C bending,delta(H13-C2-H14),angle,0.07825948225556822,-,-0.0019383524872608711,0.5132948477004958
9,182.64350833790107,,,mixed C-C torsion / C-N-C bending,delta(C2-C1-H10),angle,0.05852591770492794,-,-0.002566557035073645,0.21894843186002957
9,182.64350833790107,,,mixed C-C torsion / C-N-C bending,nu(N5-C6),bond,0.05285016319002511,+,0.0014655894010399283,0.6063412962020981
9,182.64350833790107,,,mixed C-C torsion / C-N-C bending,delta(C1-C2-H14),angle,0.045245188440212886,-,-0.0017410288802906131,0.36783741091385147
9,182.64350833790107,,,mixed C-C torsion / C-N-C bending,delta(C2-C1-H12),angle,0.04265549916792695,+,0.0021817627976453546,0.22082864654339243
9,182.64350833790107,,,mixed C-C torsion / C-N-C bending,delta(C1-C2-H13),angle,0.03097017340696459,-,-0.0008119173010397557,1.157751871494402
9,182.64350833790107,,,mixed C-C torsion / C-N-C bending,delta(H16-C4-H17),angle,0.026531377945279908,-,-0.0015426290026906162,0.27474656297601174
9,182.64350833790107,,,mixed C-C torsion / C-N-C bending,nu(C3-N5),bond,0.02586454508797206,+,0.0015047924208752505,0.28147971351032797
9,182.64350833790107,,,mixed C-C torsion / C-N-C bending,nu(C1-C2),bond,0.02019704679032293,-,-0.0013395332461340385,0.27738075382051663
9,182.64350833790107,,,mixed C-C torsion / C-N-C bending,nu(C8-H22),bond,0.01836672615260183,-,-0.0012290257819423513,0.2996437407786608
9,182.64350833790107,,,mixed C-C torsion / C-N-C bending,nu(C1-H10),bond,0.014688649771745561,+,0.0010341696281961068,0.3384494119949666
9,182.64350833790107,,,mixed C-C torsion / C-N-C bending,delta(C2-C1-H11),angle,0.011567606748098954,-,-0.0011392329409081283,0.21964124363029877
9,182.64350833790107,,,mixed C-C torsion / C-N-C bending,delta(H17-C4-H18),angle,0.006617873271009587,-,-0.0007683477436736595,0.27624743369002036
9,182.64350833790107,,,mixed C-C torsion / C-N-C bending,delta(N5-C6-H19),angle,0.006516817709558105,-,-0.000855222019212754,0.21957013616155804
9,182.64350833790107,,,mixed C-C torsion / C-N-C bending,delta(C7-C6-H20),angle,0.006378602205986812,+,0.0008664930533058542,0.20935859466531728
9,182.64350833790107,,,mixed C-C torsion / C-N-C bending,nu(C8-O9),bond,0.004778778079350506,-,-0.00037565272626461293,0.8345247457215548
9,182.64350833790107,,,mixed C-C torsion / C-N-C bending,"gamma(C7;C6,N5,H19)",oop,0.0035575725098991704,-,-0.00039426914647595717,0.5639798938871293
9,182.64350833790107,,,mixed C-C torsion / C-N-C bending,nu(C4-H17),bond,0.0027346958776864826,-,-0.0004471721050308647,0.33701953429854553
9,182.64350833790107,,,mixed C-C torsion / C-N-C bending,nu(C3-H15),bond,0.0026569860774486474,-,-0.0004611142426291393,0.3079410963954522
9,182.64350833790107,,,mixed C-C torsion / C-N-C bending,nu(C4-H18),bond,0.001460722211667094,-,-0.00032656615868428726,0.3375364853619774
9,182.64350833790107,,,mixed C-C torsion / C-N-C bending,nu(C6-H19),bond,0.0012257449535407442,-,-0.0002939131731647905,0.3496692621462572
9,182.64350833790107,,,mixed C-C torsion / C-N-C bending,nu(C2-C3),bond,0.0008668020560637327,-,-0.00028179102200527454,0.2690054474963341
9,182.64350833790107,,,mixed C-C torsion / C-N-C bending,nu(C2-H14),bond,0.0007622641297182322,+,0.0002386849012595066,0.3297243609541089
9,182.64350833790107,,,mixed C-C torsion / C-N-C bending,nu(C2-H13),bond,0.0007358618043343671,+,0.0002352278708110291,0.3277284562397979
9,182.64350833790107,,,mixed C-C torsion / C-N-C bending,nu(C7-H21),bond,0.0004145818977629885,-,-0.00017070198694778876,0.3506134958372735
9,182.64350833790107,,,mixed C-C torsion / C-N-C bending,nu(C3-C4),bond,0.00015633979005409305,+,0.00011793232668384714,0.2770124173076562
9,182.64350833790107,,,mixed C-C torsion / C-N-C bending,nu(C1-H11),bond,9.911558304640649e-05,+,8.534624711356227e-05,0.3353270039257434
9,182.64350833790107,,,mixed C-C torsion / C-N-C bending,nu(C6-H20),bond,4.956422800613302e-05,-,-5.9881588715753574e-05,0.34062550565283833
9,182.64350833790107,,,mixed C-C torsion / C-N-C bending,delta(H16-C4-H18),angle,4.8413745685168566e-05,-,-6.687924278025561e-05,0.2667358784486755
9,182.64350833790107,,,mixed C-C torsion / C-N-C bending,nu(C4-H16),bond,1.006908826939239e-05,-,-2.7136150740498065e-05,0.33696834756275934
9,182.64350833790107,,,mixed C-C torsion / C-N-C bending,nu(C1-H12),bond,7.185655509105341e-06,+,2.3129148621715234e-05,0.3310110907707208
10,208.58846207078813,,,mixed C-C torsion / C-N-C bending,tau(C1-C2-C3-C4),dihedral,21.617355981985302,+,0.05363001980725029,0.3516635565620462
10,208.58846207078813,,,mixed C-C torsion / C-N-C bending,delta(C3-N5-C6),angle,20.172136544038754,+,0.04617895581322216,0.4425928427372072
10,208.58846207078813,,,mixed C-C torsion / C-N-C bending,tau(C3-N5-C7-H21),dihedral,10.46451469681975,-,-0.05771129797119669,0.14700703306904594
10,208.58846207078813,,,mixed C-C torsion / C-N-C bending,delta(C1-C2-C3),angle,7.121179151885892,+,0.023087447524386455,0.6250874412298897
10,208.58846207078813,,,mixed C-C torsion / C-N-C bending,"gamma(N5;C7,C6,C8)",oop,6.842330524725235,+,0.012494528224645668,2.0507136816458287
10,208.58846207078813,,,mixed C-C torsion / C-N-C bending,tau(C2-C3-C4-H17),dihedral,5.2073604284435655,+,0.10868276028361301,0.020627045333551117
10,208.58846207078813,,,mixed C-C torsion / C-N-C bending,delta(C2-C3-C4),angle,4.585519627589096,-,-0.019254086078031585,0.578739924160285
10,208.58846207078813,,,mixed C-C torsion / C-N-C bending,delta(C3-N5-C7),angle,4.4918790068346155,+,0.02619663553958775,0.3062511428123691
10,208.58846207078813,,,mixed C-C torsion / C-N-C bending,tau(C4-C3-N5-C6),dihedral,2.9249949523558088,-,-0.04557713280159895,0.06588276594613837
10,208.58846207078813,,,mixed C-C torsion / C-N-C bending,tau(H13-C2-C3-N5),dihedral,2.14698040978043,+,0.016805617700169365,0.35568031212637796
10,208.58846207078813,,,mixed C-C torsion / C-N-C bending,tau(H12-C1-C2-H14),dihedral,2.013528965218997,-,-0.02340204639623825,0.17202474146598562
10,208.58846207078813,,,mixed C-C torsion / C-N-C bending,tau(C6-C7-C8-O9),dihedral,1.9400957998615458,-,-0.058715217851518245,0.02633070738300783
10,208.58846207078813,,,mixed C-C torsion / C-N-C bending,delta(C3-C2-H13),angle,1.5212739642520992,-,-0.009265479119713564,0.8291104208312534
10,208.58846207078813,,,mixed C-C torsion / C-N-C bending,delta(C4-C3-H15),angle,1.1820789631769657,+,0.012136403127143645,0.3754976345746755
10,208.58846207078813,,,mixed C-C torsion / C-N-C bending,delta(C3-C4-H16),angle,0.9167693060897989,-,-0.011757310674090393,0.31030214713203214
10,208.58846207078813,,,mixed C-C torsion / C-N-C bending,tau(H11-C1-C2-C3),dihedral,0.90691562707773,-,-0.01563881334896987,0.173500206926061
10,208.58846207078813,,,mixed C-C torsion / C-N-C bending,delta(C2-C3-H15),angle,0.7781724474603992,+,0.007853406367873786,0.5903375570711772
10,208.58846207078813,,,mixed C-C torsion / C-N-C bending,"gamma(N5;C3,C4,H15)",oop,0.6235916235152293,-,-0.008283964776719284,0.42517183750888987
10,208.58846207078813,,,mixed C-C torsion / C-N-C bending,delta(C6-C7-C8),angle,0.5918745749595976,-,-0.010250044315484466,0.2635839141319724
10,208.58846207078813,,,mixed C-C torsion / C-N-C bending,"gamma(N5;C6,C7,H20)",oop,0.5639367240045987,-,-0.0044600740793477095,1.3264379453481014
10,208.58846207078813,,,mixed C-C torsion / C-N-C bending,nu(N5-C6),bond,0.5604396762245665,-,-0.006576218204960464,0.6063412962020981
10,208.58846207078813,,,mixed C-C torsion / C-N-C bending,tau(H20-C6-C7-C8),dihedral,0.5406600486672435,-,-0.008276470769317902,0.36929600751604197
10,208.58846207078813,,,mixed C-C torsion / C-N-C bending,tau(H10-C1-C2-H13),dihedral,0.5340202262113518,-,-0.011961817982107752,0.1746240399816733
10,208.58846207078813,,,mixed C-C torsion / C-N-C bending,delta(C1-C2-H13),angle,0.33918671937104555,-,-0.003702388821941578,1.157751871494402
10,208.58846207078813,,,mixed C-C torsion / C-N-C bending,delta(C3-C4-H18),angle,0.2958957311746447,+,0.006685589736829868,0.30974190085035774
10,208.58846207078813,,,mixed C-C torsion / C-N-C bending,nu(C2-C3),bond,0.17211938281762412,+,0.005471478599302884,0.2690054474963341
10,208.58846207078813,,,mixed C-C torsion / C-N-C bending,delta(C1-C2-H14),angle,0.17096108658106887,-,-0.00466327512040055,0.36783741091385147
10,208.58846207078813,,,mixed C-C torsion / C-N-C bending,delta(C2-C1-H11),angle,0.1092422187903039,-,-0.004824015131522368,0.21964124363029877
10,208.58846207078813,,,mixed C-C torsion / C-N-C bending,nu(C6-C7),bond,0.09139593662731857,+,0.0037277755861214864,0.30772875007652795
10,208.58846207078813,,,mixed C-C torsion / C-N-C bending,delta(H13-C2-H14),angle,0.0885992132867847,-,-0.002841854459464362,0.5132948477004958
10,208.58846207078813,,,mixed C-C torsion / C-N-C bending,delta(C2-C1-H12),angle,0.06890407791659746,+,0.003820895055451663,0.22082864654339243
10,208.58846207078813,,,mixed C-C torsion / C-N-C bending,delta(N5-C6-H19),angle,0.06838942366517221,-,-0.0038174924652377876,0.21957013616155804
10,208.58846207078813,,,mixed C-C torsion / C-N-C bending,delta(C7-C6-H20),angle,0.05861252928113275,-,-0.0036192633613143176,0.20935859466531728
10,208.58846207078813,,,mixed C-C torsion / C-N-C bending,nu(C7-C8),bond,0.05418727562580204,+,0.002979759308515301,0.28554571717231075
10,208.58846207078813,,,mixed C-C torsion / C-N-C bending,nu(C3-C4),bond,0.0403988635190432,+,0.0026121932785188743,0.2770124173076562
10,208.58846207078813,,,mixed C-C torsion / C-N-C bending,delta(H17-C4-H18),angle,0.03046671116667799,+,0.002271611265607534,0.27624743369002036
10,208.58846207078813,,,mixed C-C torsion / C-N-C bending,delta(N5-C7-H21),angle,0.024380156392102635,-,-0.002214529341448398,0.23260246557067013
10,208.58846207078813,,,mixed C-C torsion / C-N-C bending,"gamma(C7;C6,N5,H19)",oop,0.022812580055065323,-,-0.0013757063579158699,0.5639798938871293
10,208.58846207078813,,,mixed C-C torsion / C-N-C bending,nu(C8-H22),bond,0.02195792733593022,+,0.00185166926893794,0.2996437407786608
10,208.58846207078813,,,mixed C-C torsion / C-N-C bending,delta(H16-C4-H17),angle,0.021484564534720627,+,0.0019127908951326214,0.27474656297601174
10,208.58846207078813,,,mixed C-C torsion / C-N-C bending,delta(O9-C8-H22),angle,0.013066585305932554,+,0.0014280152126847265,0.2998038078133957
10,208.58846207078813,,,mixed C-C torsion / C-N-C bending,nu(C3-N5),bond,0.012125644361790701,-,-0.0014197086071162574,0.28147971351032797
10,208.58846207078813,,,mixed C-C torsion / C-N-C bending,delta(C7-C8-O9),angle,0.01180922499094736,+,0.0012355995625091304,0.361915021923592
10,208.58846207078813,,,mixed C-C torsion / C-N-C bending,nu(C6-H20),bond,0.011052526768033196,+,0.001232147095866178,0.34062550565283833
10,208.58846207078813,,,mixed C-C torsion / C-N-C bending,nu(C1-C2),bond,0.0050398096812943405,-,-0.0009220177002419924,0.27738075382051663
10,208.58846207078813,,,mixed C-C torsion / C-N-C bending,nu(C8-O9),bond,0.0032075000316879186,+,0.00042406660887307497,0.8345247457215548
10,208.58846207078813,,,mixed C-C torsion / C-N-C bending,delta(H16-C4-H18),angle,0.003044375161050239,+,0.0007307666496712869,0.2667358784486755
10,208.58846207078813,,,mixed C-C torsion / C-N-C bending,nu(C6-H19),bond,0.0030125331863226808,+,0.000634903240345905,0.3496692621462572
10,208.58846207078813,,,mixed C-C torsion / C-N-C bending,nu(C1-H10),bond,0.0024461443449550497,+,0.000581519805607003,0.3384494119949666
10,208.58846207078813,,,mixed C-C torsion / C-N-C bending,delta(C2-C1-H10),angle,0.0021998233414346536,+,0.000685635562756461,0.21894843186002957
10,208.58846207078813,,,mixed C-C torsion / C-N-C bending,nu(C4-H18),bond,0.001543430207357858,-,-0.0004625444647752273,0.3375364853619774
10,208.58846207078813,,,mixed C-C torsion / C-N-C bending,nu(C2-H14),bond,0.0013844760941051305,+,0.00044323859053340325,0.3297243609541089
10,208.58846207078813,,,mixed C-C torsion / C-N-C bending,"gamma(O9;C8,C7,H22)",oop,0.0010912657587931467,+,0.0006693664713694018,0.1139576076428222
10,208.58846207078813,,,mixed C-C torsion / C-N-C bending,nu(C1-H11),bond,0.0007557388559003597,+,0.00032472966448145326,0.3353270039257434
10,208.58846207078813,,,mixed C-C torsion / C-N-C bending,nu(C4-H17),bond,0.0006767920202972755,+,0.00030652819644767576,0.33701953429854553
10,208.58846207078813,,,mixed C-C torsion / C-N-C bending,nu(C7-H21),bond,0.0006534295652979669,+,0.00029529454762671967,0.3506134958372735
10,208.58846207078813,,,mixed C-C torsion / C-N-C bending,nu(C2-H13),bond,8.607797364513542e-05,+,0.00011085602284842106,0.3277284562397979
10,208.58846207078813,,,mixed C-C torsion / C-N-C bending,nu(C3-H15),bond,8.484517333132392e-05,-,-0.0001135403155774565,0.3079410963954522
10,208.58846207078813,,,mixed C-C torsion / C-N-C bending,nu(C1-H12),bond,7.785486066595149e-05,-,-0.00010490397517582421,0.3310110907707208
10,208.58846207078813,,,mixed C-C torsion / C-N-C bending,nu(C4-H16),bond,3.825299754254338e-05,-,-7.288002860022605e-05,0.33696834756275934
11,212.8676725752164,,,mixed C-C torsion / C-C-C bending,tau(C2-C3-C4-H17),dihedral,45.515198655798955,-,-0.2440914214093557,0.020627045333551117
11,212.8676725752164,,,mixed C-C torsion / C-C-C bending,delta(C1-C2-C3),angle,17.19538283685103,+,0.02725388032746825,0.6250874412298897
11,212.8676725752164,,,mixed C-C torsion / C-C-C bending,delta(C2-C3-C4),angle,15.528520031092011,-,-0.026916346995658515,0.578739924160285
11,212.8676725752164,,,mixed C-C torsion / C-C-C bending,tau(C1-C2-C3-C4),dihedral,3.467587103412602,+,0.01631709395183606,0.3516635565620462
11,212.8676725752164,,,mixed C-C torsion / C-C-C bending,tau(C4-C3-N5-C6),dihedral,3.158185988133571,-,-0.03597706625227431,0.06588276594613837
11,212.8676725752164,,,mixed C-C torsion / C-C-C bending,delta(C3-C2-H13),angle,1.7950122285087784,-,-0.007645754087534155,0.8291104208312534
11,212.8676725752164,,,mixed C-C torsion / C-C-C bending,tau(H12-C1-C2-H14),dihedral,1.743533642365537,-,-0.016542933181709397,0.17202474146598562
11,212.8676725752164,,,mixed C-C torsion / C-C-C bending,delta(C2-C3-H15),angle,1.709568062243631,+,0.008842718455695193,0.5903375570711772
11,212.8676725752164,,,mixed C-C torsion / C-C-C bending,"gamma(N5;C7,C6,C8)",oop,1.4991915845013875,+,0.004442923751645212,2.0507136816458287
11,212.8676725752164,,,mixed C-C torsion / C-C-C bending,tau(H11-C1-C2-C3),dihedral,1.311842019321944,-,-0.014288399250382285,0.173500206926061
11,212.8676725752164,,,mixed C-C torsion / C-C-C bending,tau(C6-C7-C8-O9),dihedral,1.2123845199463483,-,-0.03525995344541053,0.02633070738300783
11,212.8676725752164,,,mixed C-C torsion / C-C-C bending,delta(C6-C7-C8),angle,1.0523359526849903,+,0.010382706065774856,0.2635839141319724
11,212.8676725752164,,,mixed C-C torsion / C-C-C bending,tau(H20-C6-C7-C8),dihedral,0.8708024174124861,-,-0.007979309549027131,0.36929600751604197
11,212.8676725752164,,,mixed C-C torsion / C-C-C bending,delta(C1-C2-H14),angle,0.71051499375089,-,-0.007221900184788922,0.36783741091385147
11,212.8676725752164,,,mixed C-C torsion / C-C-C bending,delta(N5-C7-H21),angle,0.36256990058466787,-,-0.006487562031622534,0.23260246557067013
11,212.8676725752164,,,mixed C-C torsion / C-C-C bending,"gamma(N5;C6,C7,H20)",oop,0.3292665068233046,+,0.0025889467398918314,1.3264379453481014
11,212.8676725752164,,,mixed C-C torsion / C-C-C bending,delta(H13-C2-H14),angle,0.3224756482388135,-,-0.004118677776466802,0.5132948477004958
11,212.8676725752164,,,mixed C-C torsion / C-C-C bending,delta(C2-C1-H11),angle,0.2888723530292678,-,-0.005959212182784443,0.21964124363029877
11,212.8676725752164,,,mixed C-C torsion / C-C-C bending,delta(C2-C1-H12),angle,0.27896295013446754,+,0.005840343150464299,0.22082864654339243
11,212.8676725752164,,,mixed C-C torsion / C-C-C bending,delta(C3-N5-C6),angle,0.2074383370722096,-,-0.003557419853562573,0.4425928427372072
11,212.8676725752164,,,mixed C-C torsion / C-C-C bending,nu(C7-C8),bond,0.15816963109383209,+,0.003867377196674178,0.28554571717231075
11,212.8676725752164,,,mixed C-C torsion / C-C-C bending,tau(C3-N5-C7-H21),dihedral,0.14525516761359872,+,0.005165228590345297,0.14700703306904594
11,212.8676725752164,,,mixed C-C torsion / C-C-C bending,nu(C2-C3),bond,0.1426733248999371,+,0.0037842834671875485,0.2690054474963341
11,212.8676725752164,,,mixed C-C torsion / C-C-C bending,delta(C3-C4-H18),angle,0.13620442143939676,-,-0.003445787013665642,0.30974190085035774
11,212.8676725752164,,,mixed C-C torsion / C-C-C bending,delta(C7-C8-O9),angle,0.13127688919967878,-,-0.0031295625798386214,0.361915021923592
11,212.8676725752164,,,mixed C-C torsion / C-C-C bending,delta(C4-C3-H15),angle,0.11137476948224599,+,0.0028299750910762045,0.3754976345746755
11,212.8676725752164,,,mixed C-C torsion / C-C-C bending,tau(H13-C2-C3-N5),dihedral,0.09045811836731069,+,0.002620515110272898,0.35568031212637796
11,212.8676725752164,,,mixed C-C torsion / C-C-C bending,"gamma(N5;C3,C4,H15)",oop,0.08988219387903885,+,0.0023891718756730964,0.42517183750888987
11,212.8676725752164,,,mixed C-C torsion / C-C-C bending,delta(C1-C2-H13),angle,0.05997645840264232,-,-0.0011827023762606566,1.157751871494402
11,212.8676725752164,,,mixed C-C torsion / C-C-C bending,delta(C3-N5-C7),angle,0.0578069142526073,+,0.002257583598647043,0.3062511428123691
11,212.8676725752164,,,mixed C-C torsion / C-C-C bending,delta(C3-C4-H16),angle,0.0534050672672404,+,0.002155716518156841,0.31030214713203214
11,212.8676725752164,,,mixed C-C torsion / C-C-C bending,delta(H17-C4-H18),angle,0.04051343124855477,+,0.001989954718005164,0.27624743369002036
11,212.8676725752164,,,mixed C-C torsion / C-C-C bending,"gamma(C7;C6,N5,H19)",oop,0.03853921773845653,+,0.0013583523658235353,0.5639798938871293
11,212.8676725752164,,,mixed C-C torsion / C-C-C bending,"gamma(O9;C8,C7,H22)",oop,0.03295129774037369,-,-0.0027941994745252397,0.1139576076428222
11,212.8676725752164,,,mixed C-C torsion / C-C-C bending,tau(H10-C1-C2-H13),dihedral,0.02675700359366202,-,-0.0020340401881033844,0.1746240399816733
11,212.8676725752164,,,mixed C-C torsion / C-C-C bending,delta(H16-C4-H17),angle,0.023555579889667735,-,-0.0015215056612111432,0.27474656297601174
11,212.8676725752164,,,mixed C-C torsion / C-C-C bending,nu(C8-O9),bond,0.020164140019271408,+,0.0008077241153598699,0.8345247457215548
11,212.8676725752164,,,mixed C-C torsion / C-C-C bending,nu(C1-C2),bond,0.014639132776851945,-,-0.0011937470724631806,0.27738075382051663
11,212.8676725752164,,,mixed C-C torsion / C-C-C bending,nu(C3-C4),bond,0.01436549626392132,+,0.0011833235421302088,0.2770124173076562
11,212.8676725752164,,,mixed C-C torsion / C-C-C bending,nu(N5-C6),bond,0.008763015995070464,+,0.0006246849384262771,0.6063412962020981
11,212.8676725752164,,,mixed C-C torsion / C-C-C bending,delta(N5-C6-H19),angle,0.008325568561572601,+,0.0010118429773956089,0.21957013616155804
11,212.8676725752164,,,mixed C-C torsion / C-C-C bending,delta(C7-C6-H20),angle,0.00569104256475525,-,-0.0008567287208120012,0.20935859466531728
11,212.8676725752164,,,mixed C-C torsion / C-C-C bending,nu(C6-C7),bond,0.004864353024807953,-,-0.0006533130195917644,0.30772875007652795
11,212.8676725752164,,,mixed C-C torsion / C-C-C bending,delta(H16-C4-H18),angle,0.0048026909175744635,-,-0.0006972594476598224,0.2667358784486755
11,212.8676725752164,,,mixed C-C torsion / C-C-C bending,nu(C4-H17),bond,0.0037809988255628115,-,-0.0005503874731927594,0.33701953429854553
11,212.8676725752164,,,mixed C-C torsion / C-C-C bending,nu(C1-H10),bond,0.0037617501148158815,+,0.0005478238000632238,0.3384494119949666
11,212.8676725752164,,,mixed C-C torsion / C-C-C bending,nu(C2-H13),bond,0.003287949230435121,+,0.0005204730922425704,0.3277284562397979
11,212.8676725752164,,,mixed C-C torsion / C-C-C bending,nu(C6-H20),bond,0.003193834834562176,+,0.0005031650313509946,0.34062550565283833
11,212.8676725752164,,,mixed C-C torsion / C-C-C bending,nu(C4-H18),bond,0.0020243458332664223,+,0.0004024155912308859,0.3375364853619774
11,212.8676725752164,,,mixed C-C torsion / C-C-C bending,nu(C1-H11),bond,0.0013370429756296607,+,0.0003281188839471768,0.3353270039257434
11,212.8676725752164,,,mixed C-C torsion / C-C-C bending,nu(C3-H15),bond,0.0008674009012012443,-,-0.00027578390407972556,0.3079410963954522
11,212.8676725752164,,,mixed C-C torsion / C-C-C bending,nu(C1-H12),bond,0.000866254518390975,-,-0.00026582406220418994,0.3310110907707208
11,212.8676725752164,,,mixed C-C torsion / C-C-C bending,nu(C6-H19),bond,0.00019204776776094828,+,0.00012177796429337803,0.3496692621462572
11,212.8676725752164,,,mixed C-C torsion / C-C-C bending,nu(C8-H22),bond,0.00016660689009545938,-,-0.00012252837687413718,0.2996437407786608
11,212.8676725752164,,,mixed C-C torsion / C-C-C bending,nu(C2-H14),bond,0.0001404668819417661,+,0.00010725171861652532,0.3297243609541089
11,212.8676725752164,,,mixed C-C torsion / C-C-C bending,nu(C7-H21),bond,0.00012005290476209056,+,9.615344048906378e-05,0.3506134958372735
11,212.8676725752164,,,mixed C-C torsion / C-C-C bending,delta(C2-C1-H10),angle,6.974880651618366e-05,+,9.274495129320742e-05,0.21894843186002957
11,212.8676725752164,,,mixed C-C torsion / C-C-C bending,nu(C4-H16),bond,6.285310317127739e-05,+,7.096784452005628e-05,0.33696834756275934
11,212.8676725752164,,,mixed C-C torsion / C-C-C bending,nu(C3-N5),bond,6.17781213907334e-05,-,-7.698154186483275e-05,0.28147971351032797
11,212.8676725752164,,,mixed C-C torsion / C-C-C bending,delta(O9-C8-H22),angle,6.210151524394362e-06,-,-2.3649683488751694e-05,0.2998038078133957
12,243.44816512585794,,,C-C torsion,tau(H11-C1-C2-C3),dihedral,35.93751409468012,+,0.2681942494954334,0.173500206926061
12,243.44816512585794,,,C-C torsion,tau(H10-C1-C2-H13),dihedral,28.429587992264253,+,0.23777090521242866,0.1746240399816733
12,243.44816512585794,,,C-C torsion,tau(H12-C1-C2-H14),dihedral,28.15218659170258,+,0.2383889129571638,0.17202474146598562
12,243.44816512585794,,,C-C torsion,tau(C1-C2-C3-C4),dihedral,3.644684945964909,-,-0.059991781454218504,0.3516635565620462
12,243.44816512585794,,,C-C torsion,delta(C3-C2-H13),angle,0.6377649453650007,-,-0.016343669802840636,0.8291104208312534
12,243.44816512585794,,,C-C torsion,delta(C3-N5-C6),angle,0.583497982758677,-,-0.021396509466596048,0.4425928427372072
12,243.44816512585794,,,C-C torsion,delta(C6-C7-C8),angle,0.5378802810599416,+,0.026620046157718708,0.2635839141319724
12,243.44816512585794,,,C-C torsion,tau(C3-N5-C7-H21),dihedral,0.4807475048661898,+,0.03369883655015574,0.14700703306904594
12,243.44816512585794,,,C-C torsion,tau(H13-C2-C3-N5),dihedral,0.32614747912449693,-,-0.01784442440722412,0.35568031212637796
12,243.44816512585794,,,C-C torsion,delta(C2-C3-H15),angle,0.23302530039221908,-,-0.011707839910523207,0.5903375570711772
12,243.44816512585794,,,C-C torsion,tau(C2-C3-C4-H17),dihedral,0.15381770915932305,+,0.05088738125925639,0.020627045333551117
12,243.44816512585794,,,C-C torsion,delta(C1-C2-H13),angle,0.13411788939720273,-,-0.006342508433288077,1.157751871494402
12,243.44816512585794,,,C-C torsion,"gamma(N5;C6,C7,H20)",oop,0.11667545203930751,+,0.005526774199184491,1.3264379453481014
12,243.44816512585794,,,C-C torsion,delta(N5-C7-H21),angle,0.08546689811826963,-,-0.011295806863879312,0.23260246557067013
12,243.44816512585794,,,C-C torsion,tau(H20-C6-C7-C8),dihedral,0.07502827903980988,-,-0.008399445765760936,0.36929600751604197
12,243.44816512585794,,,C-C torsion,delta(C4-C3-H15),angle,0.05892100699364443,-,-0.007381709017043457,0.3754976345746755
12,243.44816512585794,,,C-C torsion,tau(C6-C7-C8-O9),dihedral,0.05401536200434716,-,-0.026690261336018196,0.02633070738300783
12,243.44816512585794,,,C-C torsion,delta(C7-C8-O9),angle,0.053172258342450075,-,-0.0071427375402622565,0.361915021923592
12,243.44816512585794,,,C-C torsion,delta(C1-C2-C3),angle,0.04659813370632173,+,0.005087908809720674,0.6250874412298897
12,243.44816512585794,,,C-C torsion,"gamma(N5;C7,C6,C8)",oop,0.04096442783658982,+,0.0026337610834867614,2.0507136816458287
12,243.44816512585794,,,C-C torsion,delta(C1-C2-H14),angle,0.03571804813420587,+,0.005806859986772569,0.36783741091385147
12,243.44816512585794,,,C-C torsion,"gamma(C7;C6,N5,H19)",oop,0.020319237301304277,+,0.003537099969016608,0.5639798938871293
12,243.44816512585794,,,C-C torsion,delta(C3-C4-H16),angle,0.019454214671256752,+,0.004665948119880797,0.31030214713203214
12,243.44816512585794,,,C-C torsion,delta(C2-C3-C4),angle,0.01920484511844496,-,-0.0033946040656549713,0.578739924160285
12,243.44816512585794,,,C-C torsion,delta(C3-C4-H18),angle,0.017520684592911808,-,-0.004432012740531838,0.30974190085035774
12,243.44816512585794,,,C-C torsion,"gamma(N5;C3,C4,H15)",oop,0.017014978825873262,+,0.003727854089749389,0.42517183750888987
12,243.44816512585794,,,C-C torsion,delta(C3-N5-C7),angle,0.011942182863176276,+,0.0036798358280038033,0.3062511428123691
12,243.44816512585794,,,C-C torsion,tau(C4-C3-N5-C6),dihedral,0.009319760333170389,-,-0.007008771546401741,0.06588276594613837
12,243.44816512585794,,,C-C torsion,"gamma(O9;C8,C7,H22)",oop,0.009041703847907593,-,-0.0052490283859566575,0.1139576076428222
12,243.44816512585794,,,C-C torsion,delta(C2-C1-H10),angle,0.007635294518255794,+,0.003479905267523634,0.21894843186002957
12,243.44816512585794,,,C-C torsion,nu(C7-C8),bond,0.00762532980231438,+,0.0030452078083162844,0.28554571717231075
12,243.44816512585794,,,C-C torsion,nu(N5-C6),bond,0.007378595018111948,+,0.0020556714641839597,0.6063412962020981
12,243.44816512585794,,,C-C torsion,delta(C2-C1-H12),angle,0.006215856788503047,-,-0.003126426611178801,0.22082864654339243
12,243.44816512585794,,,C-C torsion,nu(C2-C3),bond,0.0060568529574122456,+,0.002796201226280814,0.2690054474963341
12,243.44816512585794,,,C-C torsion,nu(C8-O9),bond,0.004386552682991871,+,0.001351037828617161,0.8345247457215548
12,243.44816512585794,,,C-C torsion,nu(C1-C2),bond,0.003977034471234036,+,0.0022313462104525954,0.27738075382051663
12,243.44816512585794,,,C-C torsion,delta(H13-C2-H14),angle,0.0037073056052768804,-,-0.0015836936867538406,0.5132948477004958
12,243.44816512585794,,,C-C torsion,delta(N5-C6-H19),angle,0.002305348428436414,+,0.0019094447442500459,0.21957013616155804
12,243.44816512585794,,,C-C torsion,nu(C1-H10),bond,0.002203132613731732,+,0.0015034842461987973,0.3384494119949666
12,243.44816512585794,,,C-C torsion,delta(C7-C6-H20),angle,0.0015105881159391578,+,0.0015828985405590046,0.20935859466531728
12,243.44816512585794,,,C-C torsion,nu(C6-C7),bond,0.0014472091288228496,-,-0.0012779299669062373,0.30772875007652795
12,243.44816512585794,,,C-C torsion,delta(O9-C8-H22),angle,0.0009989747099162672,+,0.0010756825380867038,0.2998038078133957
12,243.44816512585794,,,C-C torsion,nu(C3-C4),bond,0.0008237423974365662,-,-0.0010161820873692664,0.2770124173076562
12,243.44816512585794,,,C-C torsion,nu(C3-H15),bond,0.0007946319825831085,+,0.0009466177388054395,0.3079410963954522
12,243.44816512585794,,,C-C torsion,delta(C2-C1-H11),angle,0.0004979724443270821,+,0.0008873013712876736,0.21964124363029877
12,243.44816512585794,,,C-C torsion,delta(H16-C4-H17),angle,0.00040974529527726373,+,0.0007196416618063691,0.27474656297601174
12,243.44816512585794,,,C-C torsion,delta(H16-C4-H18),angle,0.0002166693256477764,-,-0.0005311087319701865,0.2667358784486755
12,243.44816512585794,,,C-C torsion,delta(H17-C4-H18),angle,0.00017159929885915455,-,-0.0004644447654010435,0.27624743369002036
12,243.44816512585794,,,C-C torsion,nu(C2-H13),bond,8.569116559817782e-05,-,-0.0003013258518865431,0.3277284562397979
12,243.44816512585794,,,C-C torsion,nu(C6-H20),bond,7.780261699522535e-05,-,-0.0002816332744038771,0.34062550565283833
12,243.44816512585794,,,C-C torsion,nu(C3-N5),bond,4.187141147589452e-05,+,0.00022727972457012728,0.28147971351032797
12,243.44816512585794,,,C-C torsion,nu(C1-H12),bond,4.0254441729397334e-05,+,0.00020549964469730202,0.3310110907707208
12,243.44816512585794,,,C-C torsion,nu(C4-H17),bond,2.076635990992482e-05,+,0.00014627769063891758,0.33701953429854553
12,243.44816512585794,,,C-C torsion,nu(C6-H19),bond,9.442999470772276e-06,-,-9.683931263120512e-05,0.3496692621462572
12,243.44816512585794,,,C-C torsion,nu(C2-H14),bond,7.623582337117975e-06,-,-8.960442845337237e-05,0.3297243609541089
12,243.44816512585794,,,C-C torsion,nu(C8-H22),bond,1.573886581696434e-06,-,-4.2708031592400366e-05,0.2996437407786608
12,243.44816512585794,,,C-C torsion,nu(C1-H11),bond,1.1949514252831388e-06,-,-3.51776080367384e-05,0.3353270039257434
12,243.44816512585794,,,C-C torsion,nu(C4-H16),bond,6.90202174221608e-07,+,2.6669756556508452e-05,0.33696834756275934
12,243.44816512585794,,,C-C torsion,nu(C7-H21),bond,4.4633607303087055e-07,+,2.102529623964684e-05,0.3506134958372735
12,243.44816512585794,,,C-C torsion,nu(C4-H18),bond,1.5957189427312626e-08,-,-4.051755985327451e-06,0.3375364853619774
13,280.4432342637142,,,mixed C-C torsion / C-C-C bending,tau(H12-C1-C2-H14),dihedral,22.967046752047533,+,0.1567289694326817,0.17202474146598562
13,280.4432342637142,,,mixed C-C torsion / C-C-C bending,tau(H11-C1-C2-C3),dihedral,17.498965430092767,+,0.13622234295024388,0.173500206926061
13,280.4432342637142,,,mixed C-C torsion / C-C-C bending,tau(H10-C1-C2-H13),dihedral,14.006654219875385,+,0.12148071672041605,0.1746240399816733
13,280.4432342637142,,,mixed C-C torsion / C-C-C bending,delta(C3-N5-C6),angle,9.9934370259701,+,0.06445363336819632,0.4425928427372072
13,280.4432342637142,,,mixed C-C torsion / C-C-C bending,delta(C1-C2-C3),angle,7.900851722553705,-,-0.04822349986699516,0.6250874412298897
13,280.4432342637142,,,mixed C-C torsion / C-C-C bending,tau(C3-N5-C7-H21),dihedral,6.874204873453539,-,-0.09275436081120471,0.14700703306904594
13,280.4432342637142,,,mixed C-C torsion / C-C-C bending,delta(C6-C7-C8),angle,5.4710863356180175,-,-0.06179729852182642,0.2635839141319724
13,280.4432342637142,,,mixed C-C torsion / C-C-C bending,"gamma(N5;C7,C6,C8)",oop,3.0519547487190968,+,0.016547358962696303,2.0507136816458287
13,280.4432342637142,,,mixed C-C torsion / C-C-C bending,delta(C2-C3-C4),angle,1.983133831468994,+,0.025108828353330483,0.578739924160285
13,280.4432342637142,,,mixed C-C torsion / C-C-C bending,tau(C2-C3-C4-H17),dihedral,1.6490805655472396,-,-0.1212815064765313,0.020627045333551117
13,280.4432342637142,,,mixed C-C torsion / C-C-C bending,"gamma(N5;C6,C7,H20)",oop,1.3047610830352527,-,-0.01345284648268473,1.3264379453481014
13,280.4432342637142,,,mixed C-C torsion / C-C-C bending,delta(C3-N5-C7),angle,1.1737795146655432,+,0.026555015635365945,0.3062511428123691
13,280.4432342637142,,,mixed C-C torsion / C-C-C bending,tau(C4-C3-N5-C6),dihedral,1.1643190786794246,+,0.05702197464507935,0.06588276594613837
13,280.4432342637142,,,mixed C-C torsion / C-C-C bending,delta(C1-C2-H13),angle,1.0040969700977176,+,0.012632003578560171,1.157751871494402
13,280.4432342637142,,,mixed C-C torsion / C-C-C bending,delta(C3-C2-H13),angle,0.9461659911625301,+,0.014490041777946246,0.8291104208312534
13,280.4432342637142,,,mixed C-C torsion / C-C-C bending,tau(H20-C6-C7-C8),dihedral,0.6333954028651309,-,-0.017764063004521956,0.36929600751604197
13,280.4432342637142,,,mixed C-C torsion / C-C-C bending,"gamma(C7;C6,N5,H19)",oop,0.3613948068950848,-,-0.010858036585802413,0.5639798938871293
13,280.4432342637142,,,mixed C-C torsion / C-C-C bending,delta(C2-C1-H11),angle,0.28399031977209055,+,0.015423643516952861,0.21964124363029877
13,280.4432342637142,,,mixed C-C torsion / C-C-C bending,delta(N5-C7-H21),angle,0.23133563760021575,+,0.013527148928378684,0.23260246557067013
13,280.4432342637142,,,mixed C-C torsion / C-C-C bending,delta(C1-C2-H14),angle,0.1941566335893115,+,0.009854630061828842,0.36783741091385147
13,280.4432342637142,,,mixed C-C torsion / C-C-C bending,delta(C7-C8-O9),angle,0.1877740852197843,+,0.009770272579777013,0.361915021923592
13,280.4432342637142,,,mixed C-C torsion / C-C-C bending,nu(N5-C6),bond,0.17846051989333456,-,-0.007358760366186552,0.6063412962020981
13,280.4432342637142,,,mixed C-C torsion / C-C-C bending,delta(C7-C6-H20),angle,0.15314766788766154,-,-0.011601174365870062,0.20935859466531728
13,280.4432342637142,,,mixed C-C torsion / C-C-C bending,"gamma(O9;C8,C7,H22)",oop,0.13843482603380475,+,0.014950068258782446,0.1139576076428222
13,280.4432342637142,,,mixed C-C torsion / C-C-C bending,delta(H13-C2-H14),angle,0.11834763023312321,+,0.0065131111268290276,0.5132948477004958
13,280.4432342637142,,,mixed C-C torsion / C-C-C bending,delta(C2-C1-H12),angle,0.09866324361046554,-,-0.009066551792169385,0.22082864654339243
13,280.4432342637142,,,mixed C-C torsion / C-C-C bending,tau(H13-C2-C3-N5),dihedral,0.08289892998103976,-,-0.00654842272281459,0.35568031212637796
13,280.4432342637142,,,mixed C-C torsion / C-C-C bending,nu(C6-C7),bond,0.05784159436654399,+,0.00588068949508436,0.30772875007652795
13,280.4432342637142,,,mixed C-C torsion / C-C-C bending,nu(C3-N5),bond,0.05665684565954689,-,-0.006085479493424812,0.28147971351032797
13,280.4432342637142,,,mixed C-C torsion / C-C-C bending,"gamma(N5;C3,C4,H15)",oop,0.05479690033818848,-,-0.00486953967826252,0.42517183750888987
13,280.4432342637142,,,mixed C-C torsion / C-C-C bending,delta(C2-C1-H10),angle,0.05094065333305024,-,-0.006542647064067173,0.21894843186002957
13,280.4432342637142,,,mixed C-C torsion / C-C-C bending,delta(C3-C4-H16),angle,0.025165586084566007,+,0.0038628095091343246,0.31030214713203214
13,280.4432342637142,,,mixed C-C torsion / C-C-C bending,nu(C2-C3),bond,0.020190393708788806,-,-0.003716071093522544,0.2690054474963341
13,280.4432342637142,,,mixed C-C torsion / C-C-C bending,nu(C7-C8),bond,0.015443203265084051,-,-0.0031544454832884736,0.28554571717231075
13,280.4432342637142,,,mixed C-C torsion / C-C-C bending,delta(C3-C4-H18),angle,0.0150341944894676,+,0.0029883554959986894,0.30974190085035774
13,280.4432342637142,,,mixed C-C torsion / C-C-C bending,tau(C6-C7-C8-O9),dihedral,0.012648416872288303,+,0.009401106652666436,0.02633070738300783
13,280.4432342637142,,,mixed C-C torsion / C-C-C bending,nu(C8-O9),bond,0.012038681513116028,-,-0.0016291535182869515,0.8345247457215548
13,280.4432342637142,,,mixed C-C torsion / C-C-C bending,nu(C8-H22),bond,0.01003901434676156,+,0.0024827620015906117,0.2996437407786608
13,280.4432342637142,,,mixed C-C torsion / C-C-C bending,nu(C6-H20),bond,0.004388331646613029,+,0.0015395836712072226,0.34062550565283833
13,280.4432342637142,,,mixed C-C torsion / C-C-C bending,delta(O9-C8-H22),angle,0.0032688769767716492,+,0.0014163574572660527,0.2998038078133957
13,280.4432342637142,,,mixed C-C torsion / C-C-C bending,delta(H16-C4-H17),angle,0.0021001417676971,-,-0.0011859061728221865,0.27474656297601174
13,280.4432342637142,,,mixed C-C torsion / C-C-C bending,delta(H16-C4-H18),angle,0.0016503771433246921,+,0.0010669474741392712,0.2667358784486755
13,280.4432342637142,,,mixed C-C torsion / C-C-C bending,nu(C3-C4),bond,0.0011227997867965952,-,-0.0008635623505766741,0.2770124173076562
13,280.4432342637142,,,mixed C-C torsion / C-C-C bending,nu(C2-H14),bond,0.0008999183477122394,-,-0.0007086278116666664,0.3297243609541089
13,280.4432342637142,,,mixed C-C torsion / C-C-C bending,nu(C1-C2),bond,0.0008327291409736431,-,-0.0007432003011827254,0.27738075382051663
13,280.4432342637142,,,mixed C-C torsion / C-C-C bending,nu(C1-H11),bond,0.0007466921786016471,-,-0.0006400718010822026,0.3353270039257434
13,280.4432342637142,,,mixed C-C torsion / C-C-C bending,delta(N5-C6-H19),angle,0.0006391208035085751,-,-0.0007318077409413266,0.21957013616155804
13,280.4432342637142,,,mixed C-C torsion / C-C-C bending,nu(C3-H15),bond,0.0005086830423826895,+,0.0005512923446027277,0.3079410963954522
13,280.4432342637142,,,mixed C-C torsion / C-C-C bending,delta(H17-C4-H18),angle,0.00039143516393282747,-,-0.0005105907586659258,0.27624743369002036
13,280.4432342637142,,,mixed C-C torsion / C-C-C bending,delta(C2-C3-H15),angle,0.00024126534158141292,+,0.00027421387131181137,0.5903375570711772
13,280.4432342637142,,,mixed C-C torsion / C-C-C bending,nu(C1-H12),bond,0.00023781959117899425,+,0.00036357557447551174,0.3310110907707208
13,280.4432342637142,,,mixed C-C torsion / C-C-C bending,tau(C1-C2-C3-C4),dihedral,0.00020609886637934548,-,-0.00032837212019680163,0.3516635565620462
13,280.4432342637142,,,mixed C-C torsion / C-C-C bending,nu(C4-H17),bond,0.00019890239498339412,-,-0.000329522160785392,0.33701953429854553
13,280.4432342637142,,,mixed C-C torsion / C-C-C bending,nu(C7-H21),bond,0.00015614555737210903,+,0.00028624813068553034,0.3506134958372735
13,280.4432342637142,,,mixed C-C torsion / C-C-C bending,nu(C6-H19),bond,1.926421226034483e-05,+,0.00010067903783506439,0.3496692621462572
13,280.4432342637142,,,mixed C-C torsion / C-C-C bending,nu(C4-H16),bond,1.564921756553865e-05,+,9.243659038083604e-05,0.33696834756275934
13,280.4432342637142,,,mixed C-C torsion / C-C-C bending,nu(C1-H10),bond,1.5273253853353314e-05,-,-9.111944392352586e-05,0.3384494119949666
13,280.4432342637142,,,mixed C-C torsion / C-C-C bending,nu(C2-H13),bond,1.3338843761411997e-05,-,-8.653547348665655e-05,0.3277284562397979
13,280.4432342637142,,,mixed C-C torsion / C-C-C bending,nu(C4-H18),bond,1.1075666367831369e-05,+,7.769923235723976e-05,0.3375364853619774
13,280.4432342637142,,,mixed C-C torsion / C-C-C bending,delta(C4-C3-H15),angle,2.7305110547282082e-06,+,3.6577205677867586e-05,0.3754976345746755
14,323.1697948262502,,,mixed C-C-C bending / C-N out-of-plane bending,delta(C6-C7-C8),angle,18.644526193839095,+,0.07480071990481833,0.2635839141319724
14,323.1697948262502,,,mixed C-C-C bending / C-N out-of-plane bending,delta(C2-C3-C4),angle,15.067985111260539,+,0.04538114226847987,0.578739924160285
14,323.1697948262502,,,mixed C-C-C bending / C-N out-of-plane bending,"gamma(N5;C3,C4,H15)",oop,13.811308061542379,-,-0.050690282849719354,0.42517183750888987
14,323.1697948262502,,,mixed C-C-C bending / C-N out-of-plane bending,"gamma(N5;C7,C6,C8)",oop,13.572974842731593,+,0.022880976815940545,2.0507136816458287
14,323.1697948262502,,,mixed C-C-C bending / C-N out-of-plane bending,delta(C7-C8-O9),angle,11.595097118765546,-,-0.050341186107020736,0.361915021923592
14,323.1697948262502,,,mixed C-C-C bending / C-N out-of-plane bending,tau(H20-C6-C7-C8),dihedral,9.324760923633129,-,-0.04469110574602603,0.36929600751604197
14,323.1697948262502,,,mixed C-C-C bending / C-N out-of-plane bending,delta(C3-N5-C7),angle,4.120380349238034,-,-0.03262265836619463,0.3062511428123691
14,323.1697948262502,,,mixed C-C-C bending / C-N out-of-plane bending,tau(C1-C2-C3-C4),dihedral,2.5122094398959414,+,0.023771347073923237,0.3516635565620462
14,323.1697948262502,,,mixed C-C-C bending / C-N out-of-plane bending,delta(C1-C2-C3),angle,1.9608603823387014,-,-0.015752246624859516,0.6250874412298897
14,323.1697948262502,,,mixed C-C-C bending / C-N out-of-plane bending,delta(C3-C4-H18),angle,1.8690168072631648,+,0.021847219759123467,0.30974190085035774
14,323.1697948262502,,,mixed C-C-C bending / C-N out-of-plane bending,delta(N5-C7-H21),angle,1.082223082677187,-,-0.01918407187360364,0.23260246557067013
14,323.1697948262502,,,mixed C-C-C bending / C-N out-of-plane bending,tau(H10-C1-C2-H13),dihedral,0.9113662061027457,-,-0.020318142318559208,0.1746240399816733
14,323.1697948262502,,,mixed C-C-C bending / C-N out-of-plane bending,nu(C3-N5),bond,0.7269038055764924,-,-0.014292377367605486,0.28147971351032797
14,323.1697948262502,,,mixed C-C-C bending / C-N out-of-plane bending,tau(H11-C1-C2-C3),dihedral,0.6952702614216667,-,-0.017803950650114978,0.173500206926061
14,323.1697948262502,,,mixed C-C-C bending / C-N out-of-plane bending,nu(C7-C8),bond,0.41194693560665796,+,0.010682486837889854,0.28554571717231075
14,323.1697948262502,,,mixed C-C-C bending / C-N out-of-plane bending,tau(H12-C1-C2-H14),dihedral,0.40794506723966717,-,-0.013696037599324253,0.17202474146598562
14,323.1697948262502,,,mixed C-C-C bending / C-N out-of-plane bending,delta(C7-C6-H20),angle,0.34695566169768133,+,0.011449358276109836,0.20935859466531728
14,323.1697948262502,,,mixed C-C-C bending / C-N out-of-plane bending,tau(C2-C3-C4-H17),dihedral,0.29149893457882253,-,-0.03343409158583813,0.020627045333551117
14,323.1697948262502,,,mixed C-C-C bending / C-N out-of-plane bending,delta(C2-C3-H15),angle,0.26909879041874774,-,-0.006004753989639888,0.5903375570711772
14,323.1697948262502,,,mixed C-C-C bending / C-N out-of-plane bending,delta(C3-C2-H13),angle,0.25577656078859656,+,0.004939849734838246,0.8291104208312534
14,323.1697948262502,,,mixed C-C-C bending / C-N out-of-plane bending,delta(O9-C8-H22),angle,0.2513007752829895,+,0.008142689892878672,0.2998038078133957
14,323.1697948262502,,,mixed C-C-C bending / C-N out-of-plane bending,tau(C6-C7-C8-O9),dihedral,0.25094444453809983,+,0.027456620617680425,0.02633070738300783
14,323.1697948262502,,,mixed C-C-C bending / C-N out-of-plane bending,nu(C1-C2),bond,0.19685494832305217,+,0.007492462180370449,0.27738075382051663
14,323.1697948262502,,,mixed C-C-C bending / C-N out-of-plane bending,"gamma(C7;C6,N5,H19)",oop,0.1768489655047968,+,0.004980340139636599,0.5639798938871293
14,323.1697948262502,,,mixed C-C-C bending / C-N out-of-plane bending,nu(C8-O9),bond,0.14645150969583534,+,0.003725777111356505,0.8345247457215548
14,323.1697948262502,,,mixed C-C-C bending / C-N out-of-plane bending,delta(C1-C2-H13),angle,0.14410219266114008,+,0.0031377410691825454,1.157751871494402
14,323.1697948262502,,,mixed C-C-C bending / C-N out-of-plane bending,tau(C3-N5-C7-H21),dihedral,0.1342605107008533,+,0.008499524782603404,0.14700703306904594
14,323.1697948262502,,,mixed C-C-C bending / C-N out-of-plane bending,delta(H16-C4-H17),angle,0.10714440892962425,-,-0.005554029421579034,0.27474656297601174
14,323.1697948262502,,,mixed C-C-C bending / C-N out-of-plane bending,tau(H13-C2-C3-N5),dihedral,0.10029327930503745,-,-0.004722756517976765,0.35568031212637796
14,323.1697948262502,,,mixed C-C-C bending / C-N out-of-plane bending,nu(N5-C6),bond,0.07523664355020974,-,-0.0031328938907288573,0.6063412962020981
14,323.1697948262502,,,mixed C-C-C bending / C-N out-of-plane bending,delta(H16-C4-H18),angle,0.07263815222022273,+,0.004641210106944131,0.2667358784486755
14,323.1697948262502,,,mixed C-C-C bending / C-N out-of-plane bending,delta(N5-C6-H19),angle,0.07077282542043449,-,-0.005049358250467896,0.21957013616155804
14,323.1697948262502,,,mixed C-C-C bending / C-N out-of-plane bending,nu(C2-C3),bond,0.06873816444755781,+,0.0044958103358975505,0.2690054474963341
14,323.1697948262502,,,mixed C-C-C bending / C-N out-of-plane bending,delta(C3-C4-H16),angle,0.04512977354165279,-,-0.003391788319374688,0.31030214713203214
14,323.1697948262502,,,mixed C-C-C bending / C-N out-of-plane bending,"gamma(N5;C6,C7,H20)",oop,0.042890820284345724,+,0.001599293826878148,1.3264379453481014
14,323.1697948262502,,,mixed C-C-C bending / C-N out-of-plane bending,tau(C4-C3-N5-C6),dihedral,0.042141184898989346,+,0.007113068857444399,0.06588276594613837
14,323.1697948262502,,,mixed C-C-C bending / C-N out-of-plane bending,delta(C2-C1-H11),angle,0.027978670063427163,+,0.003174286629926472,0.21964124363029877
14,323.1697948262502,,,mixed C-C-C bending / C-N out-of-plane bending,nu(C3-C4),bond,0.026263999909084866,-,-0.002738548072835792,0.2770124173076562
14,323.1697948262502,,,mixed C-C-C bending / C-N out-of-plane bending,delta(C4-C3-H15),angle,0.02561185932645607,+,0.002322771584976296,0.3754976345746755
14,323.1697948262502,,,mixed C-C-C bending / C-N out-of-plane bending,delta(C3-N5-C6),angle,0.02419420369983565,+,0.0020794238774778247,0.4425928427372072
14,323.1697948262502,,,mixed C-C-C bending / C-N out-of-plane bending,nu(C3-H15),bond,0.023632519612306307,+,0.002463830012007755,0.3079410963954522
14,323.1697948262502,,,mixed C-C-C bending / C-N out-of-plane bending,delta(H13-C2-H14),angle,0.01714669964750429,+,0.0016255351734374907,0.5132948477004958
14,323.1697948262502,,,mixed C-C-C bending / C-N out-of-plane bending,nu(C6-C7),bond,0.015126755798285289,+,0.0019718706140347607,0.30772875007652795
14,323.1697948262502,,,mixed C-C-C bending / C-N out-of-plane bending,nu(C8-H22),bond,0.00833363667127755,-,-0.0014832154116507057,0.2996437407786608
14,323.1697948262502,,,mixed C-C-C bending / C-N out-of-plane bending,delta(C2-C1-H10),angle,0.007441309857978735,-,-0.001639620457768957,0.21894843186002957
14,323.1697948262502,,,mixed C-C-C bending / C-N out-of-plane bending,nu(C6-H20),bond,0.006008146251532671,-,-0.0011811939644458802,0.34062550565283833
14,323.1697948262502,,,mixed C-C-C bending / C-N out-of-plane bending,"gamma(O9;C8,C7,H22)",oop,0.0038875104783150003,-,-0.0016426826799807012,0.1139576076428222
14,323.1697948262502,,,mixed C-C-C bending / C-N out-of-plane bending,delta(C2-C1-H12),angle,0.0034619257062800035,-,-0.0011135781987752903,0.22082864654339243
14,323.1697948262502,,,mixed C-C-C bending / C-N out-of-plane bending,delta(C1-C2-H14),angle,0.0032908473724578857,+,0.0008412314004354608,0.36783741091385147
14,323.1697948262502,,,mixed C-C-C bending / C-N out-of-plane bending,nu(C6-H19),bond,0.0017750580285075582,+,0.0006336757718043102,0.3496692621462572
14,323.1697948262502,,,mixed C-C-C bending / C-N out-of-plane bending,nu(C4-H18),bond,0.00046616865442564197,-,-0.00033052226893075573,0.3375364853619774
14,323.1697948262502,,,mixed C-C-C bending / C-N out-of-plane bending,nu(C4-H17),bond,0.00042046324584386625,-,-0.00031414202264105293,0.33701953429854553
14,323.1697948262502,,,mixed C-C-C bending / C-N out-of-plane bending,delta(H17-C4-H18),angle,0.00023599266016160065,-,-0.00025994991229319676,0.27624743369002036
14,323.1697948262502,,,mixed C-C-C bending / C-N out-of-plane bending,nu(C4-H16),bond,0.00020017172845354067,-,-0.00021676859811973063,0.33696834756275934
14,323.1697948262502,,,mixed C-C-C bending / C-N out-of-plane bending,nu(C2-H13),bond,0.00017121940159188116,+,0.0002032866994508349,0.3277284562397979
14,323.1697948262502,,,mixed C-C-C bending / C-N out-of-plane bending,nu(C7-H21),bond,0.00015596427733255576,+,0.0001875805511506172,0.3506134958372735
14,323.1697948262502,,,mixed C-C-C bending / C-N out-of-plane bending,nu(C1-H11),bond,0.00014213925657707927,-,-0.0001831101038536284,0.3353270039257434
14,323.1697948262502,,,mixed C-C-C bending / C-N out-of-plane bending,nu(C1-H10),bond,0.00014093621785689751,-,-0.00018149053372437546,0.3384494119949666
14,323.1697948262502,,,mixed C-C-C bending / C-N out-of-plane bending,nu(C2-H14),bond,4.181483846208446e-05,-,-0.00010015652489300278,0.3297243609541089
14,323.1697948262502,,,mixed C-C-C bending / C-N out-of-plane bending,nu(C1-H12),bond,1.8851374792708302e-05,-,-6.711812176872155e-05,0.3310110907707208
15,372.8178231612474,,,mixed C-C torsion / cyclic-ring out-of-plane deformation / ring-site C-H out-of-plane bending,"gamma(N5;C7,C6,C8)",oop,19.197776695891356,-,-0.0432434659305733,2.0507136816458287
15,372.8178231612474,,,mixed C-C torsion / cyclic-ring out-of-plane deformation / ring-site C-H out-of-plane bending,tau(H20-C6-C7-C8),dihedral,14.40116335606845,+,0.08825900432368275,0.36929600751604197
15,372.8178231612474,,,mixed C-C torsion / cyclic-ring out-of-plane deformation / ring-site C-H out-of-plane bending,tau(H12-C1-C2-H14),dihedral,9.289816287318855,+,0.10386175277724309,0.17202474146598562
15,372.8178231612474,,,mixed C-C torsion / cyclic-ring out-of-plane deformation / ring-site C-H out-of-plane bending,delta(C3-N5-C6),angle,8.068190506420631,+,0.060343906312860775,0.4425928427372072
15,372.8178231612474,,,mixed C-C torsion / cyclic-ring out-of-plane deformation / ring-site C-H out-of-plane bending,tau(H10-C1-C2-H13),dihedral,7.948105892730597,+,0.09535146019452787,0.1746240399816733
15,372.8178231612474,,,mixed C-C torsion / cyclic-ring out-of-plane deformation / ring-site C-H out-of-plane bending,delta(C2-C3-C4),angle,6.507699950715528,-,-0.04739358708923788,0.578739924160285
15,372.8178231612474,,,mixed C-C torsion / cyclic-ring out-of-plane deformation / ring-site C-H out-of-plane bending,delta(C6-C7-C8),angle,5.3570242585407675,+,0.06371620438668621,0.2635839141319724
15,372.8178231612474,,,mixed C-C torsion / cyclic-ring out-of-plane deformation / ring-site C-H out-of-plane bending,tau(H11-C1-C2-C3),dihedral,5.317767070417673,+,0.07824600954268492,0.173500206926061
15,372.8178231612474,,,mixed C-C torsion / cyclic-ring out-of-plane deformation / ring-site C-H out-of-plane bending,tau(H13-C2-C3-N5),dihedral,4.212853025518943,-,-0.04864136820139776,0.35568031212637796
15,372.8178231612474,,,mixed C-C torsion / cyclic-ring out-of-plane deformation / ring-site C-H out-of-plane bending,"gamma(N5;C3,C4,H15)",oop,3.2365144669727197,+,0.03899456436470481,0.42517183750888987
15,372.8178231612474,,,mixed C-C torsion / cyclic-ring out-of-plane deformation / ring-site C-H out-of-plane bending,tau(C4-C3-N5-C6),dihedral,2.3808139279734504,-,-0.08496192758847936,0.06588276594613837
15,372.8178231612474,,,mixed C-C torsion / cyclic-ring out-of-plane deformation / ring-site C-H out-of-plane bending,delta(C2-C3-H15),angle,2.167398137517338,+,0.02708112380678859,0.5903375570711772
15,372.8178231612474,,,mixed C-C torsion / cyclic-ring out-of-plane deformation / ring-site C-H out-of-plane bending,"gamma(N5;C6,C7,H20)",oop,2.0427226438058064,-,-0.017539159379162814,1.3264379453481014
15,372.8178231612474,,,mixed C-C torsion / cyclic-ring out-of-plane deformation / ring-site C-H out-of-plane bending,tau(C3-N5-C7-H21),dihedral,1.7131078718699393,-,-0.04824705849849458,0.14700703306904594
15,372.8178231612474,,,mixed C-C torsion / cyclic-ring out-of-plane deformation / ring-site C-H out-of-plane bending,delta(C4-C3-H15),angle,1.186161181246063,+,0.02511977773579045,0.3754976345746755
15,372.8178231612474,,,mixed C-C torsion / cyclic-ring out-of-plane deformation / ring-site C-H out-of-plane bending,delta(C7-C8-O9),angle,0.9683536036881749,-,-0.02311858363095295,0.361915021923592
15,372.8178231612474,,,mixed C-C torsion / cyclic-ring out-of-plane deformation / ring-site C-H out-of-plane bending,tau(C6-C7-C8-O9),dihedral,0.7130019608510365,+,0.07354643741277163,0.02633070738300783
15,372.8178231612474,,,mixed C-C torsion / cyclic-ring out-of-plane deformation / ring-site C-H out-of-plane bending,delta(C3-C2-H13),angle,0.6281978203601909,+,0.012302392176293114,0.8291104208312534
15,372.8178231612474,,,mixed C-C torsion / cyclic-ring out-of-plane deformation / ring-site C-H out-of-plane bending,"gamma(O9;C8,C7,H22)",oop,0.55017826376199,-,-0.031054718306175955,0.1139576076428222
15,372.8178231612474,,,mixed C-C torsion / cyclic-ring out-of-plane deformation / ring-site C-H out-of-plane bending,delta(C3-C4-H16),angle,0.525716520486336,-,-0.018396320349305304,0.31030214713203214
15,372.8178231612474,,,mixed C-C torsion / cyclic-ring out-of-plane deformation / ring-site C-H out-of-plane bending,tau(C1-C2-C3-C4),dihedral,0.48425537804108915,+,0.016585214239657652,0.3516635565620462
15,372.8178231612474,,,mixed C-C torsion / cyclic-ring out-of-plane deformation / ring-site C-H out-of-plane bending,delta(C7-C6-H20),angle,0.46516438158013285,+,0.021067129784435507,0.20935859466531728
15,372.8178231612474,,,mixed C-C torsion / cyclic-ring out-of-plane deformation / ring-site C-H out-of-plane bending,delta(N5-C6-H19),angle,0.4337893018827853,-,-0.01986553770201941,0.21957013616155804
15,372.8178231612474,,,mixed C-C torsion / cyclic-ring out-of-plane deformation / ring-site C-H out-of-plane bending,nu(C2-C3),bond,0.40859596965651035,-,-0.017418631978628172,0.2690054474963341
15,372.8178231612474,,,mixed C-C torsion / cyclic-ring out-of-plane deformation / ring-site C-H out-of-plane bending,delta(C3-N5-C7),angle,0.3435717823405966,+,0.014969849237598226,0.3062511428123691
15,372.8178231612474,,,mixed C-C torsion / cyclic-ring out-of-plane deformation / ring-site C-H out-of-plane bending,tau(C2-C3-C4-H17),dihedral,0.3247998034169257,-,-0.05608373246531032,0.020627045333551117
15,372.8178231612474,,,mixed C-C torsion / cyclic-ring out-of-plane deformation / ring-site C-H out-of-plane bending,delta(C1-C2-H13),angle,0.29829597837859506,+,0.0071740350619297795,1.157751871494402
15,372.8178231612474,,,mixed C-C torsion / cyclic-ring out-of-plane deformation / ring-site C-H out-of-plane bending,nu(C1-C2),bond,0.21509870118569613,-,-0.012445956352240115,0.27738075382051663
15,372.8178231612474,,,mixed C-C torsion / cyclic-ring out-of-plane deformation / ring-site C-H out-of-plane bending,delta(N5-C7-H21),angle,0.18794333043361186,+,0.012704390778413146,0.23260246557067013
15,372.8178231612474,,,mixed C-C torsion / cyclic-ring out-of-plane deformation / ring-site C-H out-of-plane bending,nu(C7-C8),bond,0.15134437437166015,-,-0.010289466498366,0.28554571717231075
15,372.8178231612474,,,mixed C-C torsion / cyclic-ring out-of-plane deformation / ring-site C-H out-of-plane bending,nu(C3-N5),bond,0.07351155653635469,-,-0.007222736991347432,0.28147971351032797
15,372.8178231612474,,,mixed C-C torsion / cyclic-ring out-of-plane deformation / ring-site C-H out-of-plane bending,delta(O9-C8-H22),angle,0.0426945576848366,+,0.005333535973600861,0.2998038078133957
15,372.8178231612474,,,mixed C-C torsion / cyclic-ring out-of-plane deformation / ring-site C-H out-of-plane bending,delta(C1-C2-C3),angle,0.04132680740031387,-,-0.003634068280361659,0.6250874412298897
15,372.8178231612474,,,mixed C-C torsion / cyclic-ring out-of-plane deformation / ring-site C-H out-of-plane bending,delta(C3-C4-H18),angle,0.03417229679533704,-,-0.0046944492327941475,0.30974190085035774
15,372.8178231612474,,,mixed C-C torsion / cyclic-ring out-of-plane deformation / ring-site C-H out-of-plane bending,nu(C6-C7),bond,0.03119330222171174,+,0.004499810053616264,0.30772875007652795
15,372.8178231612474,,,mixed C-C torsion / cyclic-ring out-of-plane deformation / ring-site C-H out-of-plane bending,delta(H17-C4-H18),angle,0.010279539469474151,+,0.0027263728277320963,0.27624743369002036
15,372.8178231612474,,,mixed C-C torsion / cyclic-ring out-of-plane deformation / ring-site C-H out-of-plane bending,delta(H13-C2-H14),angle,0.007973242733965038,+,0.001761495678323798,0.5132948477004958
15,372.8178231612474,,,mixed C-C torsion / cyclic-ring out-of-plane deformation / ring-site C-H out-of-plane bending,delta(C2-C1-H11),angle,0.006205372689795719,+,0.002375606635025889,0.21964124363029877
15,372.8178231612474,,,mixed C-C torsion / cyclic-ring out-of-plane deformation / ring-site C-H out-of-plane bending,nu(C8-H22),bond,0.004762752674974526,-,-0.0017818615287965027,0.2996437407786608
15,372.8178231612474,,,mixed C-C torsion / cyclic-ring out-of-plane deformation / ring-site C-H out-of-plane bending,nu(C3-C4),bond,0.004037254497897847,+,0.001706243408306849,0.2770124173076562
15,372.8178231612474,,,mixed C-C torsion / cyclic-ring out-of-plane deformation / ring-site C-H out-of-plane bending,delta(H16-C4-H18),angle,0.003501350406583579,-,-0.0016192899166308985,0.2667358784486755
15,372.8178231612474,,,mixed C-C torsion / cyclic-ring out-of-plane deformation / ring-site C-H out-of-plane bending,nu(C6-H19),bond,0.003216737641802804,+,0.001355584622475282,0.3496692621462572
15,372.8178231612474,,,mixed C-C torsion / cyclic-ring out-of-plane deformation / ring-site C-H out-of-plane bending,nu(C6-H20),bond,0.0029587021190580023,-,-0.0013172238356662807,0.34062550565283833
15,372.8178231612474,,,mixed C-C torsion / cyclic-ring out-of-plane deformation / ring-site C-H out-of-plane bending,nu(C7-H21),bond,0.002876525006653111,+,0.0012801689933636636,0.3506134958372735
15,372.8178231612474,,,mixed C-C torsion / cyclic-ring out-of-plane deformation / ring-site C-H out-of-plane bending,nu(N5-C6),bond,0.0023594922334503063,+,0.0008816541249777383,0.6063412962020981
15,372.8178231612474,,,mixed C-C torsion / cyclic-ring out-of-plane deformation / ring-site C-H out-of-plane bending,delta(C2-C1-H12),angle,0.0011825775716573287,-,-0.0010342717327163837,0.22082864654339243
15,372.8178231612474,,,mixed C-C torsion / cyclic-ring out-of-plane deformation / ring-site C-H out-of-plane bending,delta(H16-C4-H17),angle,0.001035213561050748,+,0.0008675537348365953,0.27474656297601174
15,372.8178231612474,,,mixed C-C torsion / cyclic-ring out-of-plane deformation / ring-site C-H out-of-plane bending,nu(C2-H13),bond,0.0005597873616951154,-,-0.0005841199106166608,0.3277284562397979
15,372.8178231612474,,,mixed C-C torsion / cyclic-ring out-of-plane deformation / ring-site C-H out-of-plane bending,nu(C2-H14),bond,0.00025357333695425556,-,-0.00039194381627438084,0.3297243609541089
15,372.8178231612474,,,mixed C-C torsion / cyclic-ring out-of-plane deformation / ring-site C-H out-of-plane bending,delta(C2-C1-H10),angle,0.00017207729105389027,-,-0.00039622183259571366,0.21894843186002957
15,372.8178231612474,,,mixed C-C torsion / cyclic-ring out-of-plane deformation / ring-site C-H out-of-plane bending,delta(C1-C2-H14),angle,6.80439860718723e-05,+,0.00019222703470981554,0.36783741091385147
15,372.8178231612474,,,mixed C-C torsion / cyclic-ring out-of-plane deformation / ring-site C-H out-of-plane bending,nu(C4-H16),bond,6.526247488053314e-05,-,-0.00019669112169124893,0.33696834756275934
15,372.8178231612474,,,mixed C-C torsion / cyclic-ring out-of-plane deformation / ring-site C-H out-of-plane bending,nu(C1-H12),bond,6.4783985254475e-05,+,0.00019772432391188427,0.3310110907707208
15,372.8178231612474,,,mixed C-C torsion / cyclic-ring out-of-plane deformation / ring-site C-H out-of-plane bending,nu(C1-H11),bond,4.376875174648881e-05,-,-0.00016147130596024767,0.3353270039257434
15,372.8178231612474,,,mixed C-C torsion / cyclic-ring out-of-plane deformation / ring-site C-H out-of-plane bending,nu(C4-H18),bond,1.4916369779117646e-05,-,-9.395475192039838e-05,0.3375364853619774
15,372.8178231612474,,,mixed C-C torsion / cyclic-ring out-of-plane deformation / ring-site C-H out-of-plane bending,nu(C4-H17),bond,1.3697185317524172e-05,-,-9.010225709619718e-05,0.33701953429854553
15,372.8178231612474,,,mixed C-C torsion / cyclic-ring out-of-plane deformation / ring-site C-H out-of-plane bending,nu(C8-O9),bond,1.3414413217479608e-05,-,-5.666485374459037e-05,0.8345247457215548
15,372.8178231612474,,,mixed C-C torsion / cyclic-ring out-of-plane deformation / ring-site C-H out-of-plane bending,nu(C3-H15),bond,1.0540639942819818e-05,-,-8.26888981775589e-05,0.3079410963954522
15,372.8178231612474,,,mixed C-C torsion / cyclic-ring out-of-plane deformation / ring-site C-H out-of-plane bending,"gamma(C7;C6,N5,H19)",oop,7.466291754669532e-06,-,-5.1424278739211984e-05,0.5639798938871293
15,372.8178231612474,,,mixed C-C torsion / cyclic-ring out-of-plane deformation / ring-site C-H out-of-plane bending,nu(C1-H10),bond,2.9432239916274697e-06,-,-4.1678522719192065e-05,0.3384494119949666
16,390.0646081590173,,,mixed C-C torsion / C-C-C bending,delta(C1-C2-C3),angle,20.576399619744628,+,0.07436011426061227,0.6250874412298897
16,390.0646081590173,,,mixed C-C torsion / C-C-C bending,tau(H10-C1-C2-H13),dihedral,17.97909895472091,+,0.13150966995309127,0.1746240399816733
16,390.0646081590173,,,mixed C-C torsion / C-C-C bending,tau(H13-C2-C3-N5),dihedral,9.404703760351937,-,-0.06664512534487739,0.35568031212637796
16,390.0646081590173,,,mixed C-C torsion / C-C-C bending,delta(C2-C3-C4),angle,6.905094920062516,+,0.04476811899496859,0.578739924160285
16,390.0646081590173,,,mixed C-C torsion / C-C-C bending,tau(H11-C1-C2-C3),dihedral,6.370305213965826,+,0.07853366473450224,0.173500206926061
16,390.0646081590173,,,mixed C-C torsion / C-C-C bending,tau(H20-C6-C7-C8),dihedral,5.4408703601387804,+,0.04974765628221198,0.36929600751604197
16,390.0646081590173,,,mixed C-C torsion / C-C-C bending,tau(H12-C1-C2-H14),dihedral,5.288154005962248,+,0.07185919249605908,0.17202474146598562
16,390.0646081590173,,,mixed C-C torsion / C-C-C bending,"gamma(N5;C7,C6,C8)",oop,4.812198996646829,-,-0.01985386282444817,2.0507136816458287
16,390.0646081590173,,,mixed C-C torsion / C-C-C bending,delta(C3-N5-C7),angle,2.4087015729442,+,0.03634782105993066,0.3062511428123691
16,390.0646081590173,,,mixed C-C torsion / C-C-C bending,delta(C7-C8-O9),angle,2.354495402047331,+,0.03305760307428176,0.361915021923592
16,390.0646081590173,,,mixed C-C torsion / C-C-C bending,delta(C1-C2-H13),angle,1.9817697765845947,-,-0.016956827290638344,1.157751871494402
16,390.0646081590173,,,mixed C-C torsion / C-C-C bending,nu(N5-C6),bond,1.95792731871608,-,-0.023289783499028906,0.6063412962020981
16,390.0646081590173,,,mixed C-C torsion / C-C-C bending,delta(C1-C2-H14),angle,1.6413443009702482,-,-0.027377742817099048,0.36783741091385147
16,390.0646081590173,,,mixed C-C torsion / C-C-C bending,delta(C3-C4-H18),angle,1.449144147444073,+,0.028033773248483256,0.30974190085035774
16,390.0646081590173,,,mixed C-C torsion / C-C-C bending,delta(C2-C3-H15),angle,1.39078931123071,+,0.019893271392451346,0.5903375570711772
16,390.0646081590173,,,mixed C-C torsion / C-C-C bending,delta(C2-C1-H11),angle,1.3424613286056721,-,-0.03204200525152619,0.21964124363029877
16,390.0646081590173,,,mixed C-C torsion / C-C-C bending,nu(C1-C2),bond,1.1279249679866907,+,0.026135311782052122,0.27738075382051663
16,390.0646081590173,,,mixed C-C torsion / C-C-C bending,tau(C1-C2-C3-C4),dihedral,0.9670313819562059,+,0.021492272789971126,0.3516635565620462
16,390.0646081590173,,,mixed C-C torsion / C-C-C bending,tau(C4-C3-N5-C6),dihedral,0.8738983299899362,-,-0.047203074324112554,0.06588276594613837
16,390.0646081590173,,,mixed C-C torsion / C-C-C bending,"gamma(N5;C3,C4,H15)",oop,0.812831334401899,-,-0.017920235629092292,0.42517183750888987
16,390.0646081590173,,,mixed C-C torsion / C-C-C bending,nu(C3-N5),bond,0.6337812267035967,-,-0.01944786259620947,0.28147971351032797
16,390.0646081590173,,,mixed C-C torsion / C-C-C bending,tau(C2-C3-C4-H17),dihedral,0.608481780628408,-,-0.07039325056569612,0.020627045333551117
16,390.0646081590173,,,mixed C-C torsion / C-C-C bending,delta(C2-C1-H12),angle,0.4571084393761024,+,0.01864694357506532,0.22082864654339243
16,390.0646081590173,,,mixed C-C torsion / C-C-C bending,delta(C3-N5-C6),angle,0.41194711038315873,-,-0.012503865093712966,0.4425928427372072
16,390.0646081590173,,,mixed C-C torsion / C-C-C bending,tau(C3-N5-C7-H21),dihedral,0.37623480073443066,+,0.020734146749433535,0.14700703306904594
16,390.0646081590173,,,mixed C-C torsion / C-C-C bending,nu(C6-C7),bond,0.3620522772801699,+,0.014058123283548534,0.30772875007652795
16,390.0646081590173,,,mixed C-C torsion / C-C-C bending,nu(C2-C3),bond,0.3244539827677833,+,0.014233829510958359,0.2690054474963341
16,390.0646081590173,,,mixed C-C torsion / C-C-C bending,delta(C2-C1-H10),angle,0.30871526724891857,+,0.015389831914000628,0.21894843186002957
16,390.0646081590173,,,mixed C-C torsion / C-C-C bending,delta(C6-C7-C8),angle,0.25209324201562056,-,-0.012674968613160984,0.2635839141319724
16,390.0646081590173,,,mixed C-C torsion / C-C-C bending,delta(C4-C3-H15),angle,0.21092733895823387,+,0.00971378700207785,0.3754976345746755
16,390.0646081590173,,,mixed C-C torsion / C-C-C bending,delta(C3-C4-H16),angle,0.1484117264279098,-,-0.008963290259150486,0.31030214713203214
16,390.0646081590173,,,mixed C-C torsion / C-C-C bending,"gamma(O9;C8,C7,H22)",oop,0.11650096684673047,-,-0.013104451425592387,0.1139576076428222
16,390.0646081590173,,,mixed C-C torsion / C-C-C bending,nu(C7-C8),bond,0.11468526325035998,-,-0.008213754626113528,0.28554571717231075
16,390.0646081590173,,,mixed C-C torsion / C-C-C bending,nu(C3-C4),bond,0.10269508715920231,+,0.007891343673136784,0.2770124173076562
16,390.0646081590173,,,mixed C-C torsion / C-C-C bending,delta(H13-C2-H14),angle,0.09373324414417114,-,-0.005538461153609236,0.5132948477004958
16,390.0646081590173,,,mixed C-C torsion / C-C-C bending,tau(C6-C7-C8-O9),dihedral,0.09120035929242229,-,-0.024120858085159798,0.02633070738300783
16,390.0646081590173,,,mixed C-C torsion / C-C-C bending,delta(O9-C8-H22),angle,0.08016218283178753,-,-0.006701807316276488,0.2998038078133957
16,390.0646081590173,,,mixed C-C torsion / C-C-C bending,delta(N5-C7-H21),angle,0.05338143165785148,+,0.0062088861130764755,0.23260246557067013
16,390.0646081590173,,,mixed C-C torsion / C-C-C bending,delta(N5-C6-H19),angle,0.05166607148237565,+,0.006286976353322084,0.21957013616155804
16,390.0646081590173,,,mixed C-C torsion / C-C-C bending,delta(H16-C4-H18),angle,0.043783729848620126,+,0.0052509925467746936,0.2667358784486755
16,390.0646081590173,,,mixed C-C torsion / C-C-C bending,delta(H16-C4-H17),angle,0.029639289303228355,-,-0.0042569005184021165,0.27474656297601174
16,390.0646081590173,,,mixed C-C torsion / C-C-C bending,delta(C7-C6-H20),angle,0.01814273996411631,-,-0.003815327150029276,0.20935859466531728
16,390.0646081590173,,,mixed C-C torsion / C-C-C bending,"gamma(N5;C6,C7,H20)",oop,0.008838152082606797,-,-0.0010579448013780194,1.3264379453481014
16,390.0646081590173,,,mixed C-C torsion / C-C-C bending,"gamma(C7;C6,N5,H19)",oop,0.007957690327582648,-,-0.0015395274924156082,0.5639798938871293
16,390.0646081590173,,,mixed C-C torsion / C-C-C bending,nu(C8-O9),bond,0.0020335287710825157,-,-0.0006397809336177169,0.8345247457215548
16,390.0646081590173,,,mixed C-C torsion / C-C-C bending,nu(C1-H11),bond,0.002030525421900468,+,0.0010085459587576868,0.3353270039257434
16,390.0646081590173,,,mixed C-C torsion / C-C-C bending,nu(C1-H10),bond,0.00109447683236648,+,0.0007370248766455301,0.3384494119949666
16,390.0646081590173,,,mixed C-C torsion / C-C-C bending,delta(H17-C4-H18),angle,0.0007068670848531219,+,0.0006556098891439961,0.27624743369002036
16,390.0646081590173,,,mixed C-C torsion / C-C-C bending,nu(C8-H22),bond,0.00046373500441396676,+,0.0005098683766823495,0.2996437407786608
16,390.0646081590173,,,mixed C-C torsion / C-C-C bending,nu(C1-H12),bond,0.0004496381788330521,-,-0.00047767890168122463,0.3310110907707208
16,390.0646081590173,,,mixed C-C torsion / C-C-C bending,nu(C4-H18),bond,0.0004458771541476275,-,-0.0004710564887583462,0.3375364853619774
16,390.0646081590173,,,mixed C-C torsion / C-C-C bending,nu(C2-H13),bond,0.00028866000091488985,+,0.000384646664213923,0.3277284562397979
16,390.0646081590173,,,mixed C-C torsion / C-C-C bending,nu(C6-H20),bond,0.00022572605029590268,+,0.0003336399145562953,0.34062550565283833
16,390.0646081590173,,,mixed C-C torsion / C-C-C bending,nu(C3-H15),bond,0.00020409997807715208,-,-0.0003336671066366154,0.3079410963954522
16,390.0646081590173,,,mixed C-C torsion / C-C-C bending,nu(C4-H17),bond,0.0001431923568446581,+,0.0002671518117694508,0.33701953429854553
16,390.0646081590173,,,mixed C-C torsion / C-C-C bending,nu(C4-H16),bond,9.378683986858555e-05,-,-0.00021622312483644297,0.33696834756275934
16,390.0646081590173,,,mixed C-C torsion / C-C-C bending,delta(C3-C2-H13),angle,5.226422415703732e-05,+,0.00010290152458708194,0.8291104208312534
16,390.0646081590173,,,mixed C-C torsion / C-C-C bending,nu(C6-H19),bond,2.543319582187054e-05,-,-0.00011053440587331965,0.3496692621462572
16,390.0646081590173,,,mixed C-C torsion / C-C-C bending,nu(C2-H14),bond,2.0446051303895166e-06,-,-3.2274160002491755e-05,0.3297243609541089
16,390.0646081590173,,,mixed C-C torsion / C-C-C bending,nu(C7-H21),bond,1.7391146118186916e-06,+,2.886526372493428e-05,0.3506134958372735
17,442.0838218185775,,,mixed ring-site C-H out-of-plane bending / C-C-O bending,tau(H20-C6-C7-C8),dihedral,22.803248807284987,-,-0.10021325416247967,0.36929600751604197
17,442.0838218185775,,,mixed ring-site C-H out-of-plane bending / C-C-O bending,delta(C7-C8-O9),angle,14.796759947575113,-,-0.08154439548317755,0.361915021923592
17,442.0838218185775,,,mixed ring-site C-H out-of-plane bending / C-C-O bending,"gamma(N5;C7,C6,C8)",oop,10.392448695592746,+,0.028709163484543145,2.0507136816458287
17,442.0838218185775,,,mixed ring-site C-H out-of-plane bending / C-C-O bending,delta(C1-C2-C3),angle,8.234917250916778,+,0.04628852491286092,0.6250874412298897
17,442.0838218185775,,,mixed ring-site C-H out-of-plane bending / C-C-O bending,delta(C3-N5-C7),angle,8.047215171142128,-,-0.06537294592660747,0.3062511428123691
17,442.0838218185775,,,mixed ring-site C-H out-of-plane bending / C-C-O bending,delta(C3-N5-C6),angle,4.707969484215907,-,-0.041593812960575724,0.4425928427372072
17,442.0838218185775,,,mixed ring-site C-H out-of-plane bending / C-C-O bending,tau(H13-C2-C3-N5),dihedral,4.604043410829457,-,-0.0458832212310353,0.35568031212637796
17,442.0838218185775,,,mixed ring-site C-H out-of-plane bending / C-C-O bending,delta(C6-C7-C8),angle,4.1253194153889385,-,-0.050452587840480026,0.2635839141319724
17,442.0838218185775,,,mixed ring-site C-H out-of-plane bending / C-C-O bending,tau(H10-C1-C2-H13),dihedral,3.615534126923093,+,0.058029432722418166,0.1746240399816733
17,442.0838218185775,,,mixed ring-site C-H out-of-plane bending / C-C-O bending,delta(C2-C3-H15),angle,2.1073434604628485,+,0.02409525702400636,0.5903375570711772
17,442.0838218185775,,,mixed ring-site C-H out-of-plane bending / C-C-O bending,nu(C7-C8),bond,1.5698987597131617,-,-0.02990281720891954,0.28554571717231075
17,442.0838218185775,,,mixed ring-site C-H out-of-plane bending / C-C-O bending,delta(C2-C3-C4),angle,1.369484830363586,-,-0.01961783148656403,0.578739924160285
17,442.0838218185775,,,mixed ring-site C-H out-of-plane bending / C-C-O bending,"gamma(C7;C6,N5,H19)",oop,1.3377372008136617,-,-0.01964118560760205,0.5639798938871293
17,442.0838218185775,,,mixed ring-site C-H out-of-plane bending / C-C-O bending,"gamma(N5;C3,C4,H15)",oop,1.276577805181178,+,0.022098129175398166,0.42517183750888987
17,442.0838218185775,,,mixed ring-site C-H out-of-plane bending / C-C-O bending,"gamma(O9;C8,C7,H22)",oop,1.1416493892755775,+,0.0403653591439805,0.1139576076428222
17,442.0838218185775,,,mixed ring-site C-H out-of-plane bending / C-C-O bending,nu(C2-C3),bond,1.0588559449940926,-,-0.02530183449042264,0.2690054474963341
17,442.0838218185775,,,mixed ring-site C-H out-of-plane bending / C-C-O bending,delta(O9-C8-H22),angle,0.9297255928907937,+,0.02245809574529229,0.2998038078133957
17,442.0838218185775,,,mixed ring-site C-H out-of-plane bending / C-C-O bending,nu(N5-C6),bond,0.9057789605822725,+,0.015587147627248808,0.6063412962020981
17,442.0838218185775,,,mixed ring-site C-H out-of-plane bending / C-C-O bending,nu(C3-N5),bond,0.8601548784727977,-,-0.022293532338129,0.28147971351032797
17,442.0838218185775,,,mixed ring-site C-H out-of-plane bending / C-C-O bending,delta(C1-C2-H13),angle,0.6627237362922038,-,-0.009648784909468095,1.157751871494402
17,442.0838218185775,,,mixed ring-site C-H out-of-plane bending / C-C-O bending,delta(C2-C1-H11),angle,0.6452403535551207,-,-0.02185837746880837,0.21964124363029877
17,442.0838218185775,,,mixed ring-site C-H out-of-plane bending / C-C-O bending,tau(C1-C2-C3-C4),dihedral,0.6133094897795437,-,-0.01684186836140795,0.3516635565620462
17,442.0838218185775,,,mixed ring-site C-H out-of-plane bending / C-C-O bending,"gamma(N5;C6,C7,H20)",oop,0.5397501310194736,-,-0.008135177212770336,1.3264379453481014
17,442.0838218185775,,,mixed ring-site C-H out-of-plane bending / C-C-O bending,nu(C6-C7),bond,0.536645866670208,-,-0.01684123617087902,0.30772875007652795
17,442.0838218185775,,,mixed ring-site C-H out-of-plane bending / C-C-O bending,delta(N5-C7-H21),angle,0.514123153534385,+,0.01896009603076359,0.23260246557067013
17,442.0838218185775,,,mixed ring-site C-H out-of-plane bending / C-C-O bending,delta(C1-C2-H14),angle,0.49854513299615966,-,-0.014846989456563523,0.36783741091385147
17,442.0838218185775,,,mixed ring-site C-H out-of-plane bending / C-C-O bending,tau(H12-C1-C2-H14),dihedral,0.40469692211430763,+,0.019560664401352092,0.17202474146598562
17,442.0838218185775,,,mixed ring-site C-H out-of-plane bending / C-C-O bending,tau(H11-C1-C2-C3),dihedral,0.39605243433611825,+,0.019268169282714583,0.173500206926061
17,442.0838218185775,,,mixed ring-site C-H out-of-plane bending / C-C-O bending,nu(C8-O9),bond,0.2011637249443675,-,-0.006261369495589576,0.8345247457215548
17,442.0838218185775,,,mixed ring-site C-H out-of-plane bending / C-C-O bending,delta(C3-C4-H18),angle,0.17421588889810416,-,-0.009564406131446818,0.30974190085035774
17,442.0838218185775,,,mixed ring-site C-H out-of-plane bending / C-C-O bending,delta(C2-C1-H12),angle,0.1627790726889623,+,0.010949283178070049,0.22082864654339243
17,442.0838218185775,,,mixed ring-site C-H out-of-plane bending / C-C-O bending,delta(C2-C1-H10),angle,0.1616068002946035,+,0.010956529301300666,0.21894843186002957
17,442.0838218185775,,,mixed ring-site C-H out-of-plane bending / C-C-O bending,delta(C3-C2-H13),angle,0.10154054322482031,+,0.004463007972349562,0.8291104208312534
17,442.0838218185775,,,mixed ring-site C-H out-of-plane bending / C-C-O bending,tau(C4-C3-N5-C6),dihedral,0.09556923954533628,+,0.01535986014924102,0.06588276594613837
17,442.0838218185775,,,mixed ring-site C-H out-of-plane bending / C-C-O bending,delta(H13-C2-H14),angle,0.07917678611351388,-,-0.005008752709318201,0.5132948477004958
17,442.0838218185775,,,mixed ring-site C-H out-of-plane bending / C-C-O bending,delta(C7-C6-H20),angle,0.07799060452314018,-,-0.007783767486133315,0.20935859466531728
17,442.0838218185775,,,mixed ring-site C-H out-of-plane bending / C-C-O bending,delta(N5-C6-H19),angle,0.06409343949340292,+,0.006890238607205756,0.21957013616155804
17,442.0838218185775,,,mixed ring-site C-H out-of-plane bending / C-C-O bending,tau(C2-C3-C4-H17),dihedral,0.029730598756153324,+,0.015310783821110346,0.020627045333551117
17,442.0838218185775,,,mixed ring-site C-H out-of-plane bending / C-C-O bending,tau(C6-C7-C8-O9),dihedral,0.028259161583284658,+,0.013211814921371568,0.02633070738300783
17,442.0838218185775,,,mixed ring-site C-H out-of-plane bending / C-C-O bending,delta(C3-C4-H16),angle,0.023624781700121902,-,-0.0035188894241001195,0.31030214713203214
17,442.0838218185775,,,mixed ring-site C-H out-of-plane bending / C-C-O bending,nu(C6-H19),bond,0.021231404804311755,-,-0.003142496083363023,0.3496692621462572
17,442.0838218185775,,,mixed ring-site C-H out-of-plane bending / C-C-O bending,nu(C3-C4),bond,0.01934409031459614,+,0.0033700678547086637,0.2770124173076562
17,442.0838218185775,,,mixed ring-site C-H out-of-plane bending / C-C-O bending,tau(C3-N5-C7-H21),dihedral,0.019214095777628434,+,0.004610574325503214,0.14700703306904594
17,442.0838218185775,,,mixed ring-site C-H out-of-plane bending / C-C-O bending,delta(C4-C3-H15),angle,0.010287898767255714,+,0.0021109300705930566,0.3754976345746755
17,442.0838218185775,,,mixed ring-site C-H out-of-plane bending / C-C-O bending,delta(H16-C4-H17),angle,0.007649920265314895,+,0.002128023543135217,0.27474656297601174
17,442.0838218185775,,,mixed ring-site C-H out-of-plane bending / C-C-O bending,delta(H16-C4-H18),angle,0.007183650218376811,-,-0.0020928879572362593,0.2667358784486755
17,442.0838218185775,,,mixed ring-site C-H out-of-plane bending / C-C-O bending,nu(C8-H22),bond,0.00582565803608075,-,-0.0017782138855217265,0.2996437407786608
17,442.0838218185775,,,mixed ring-site C-H out-of-plane bending / C-C-O bending,nu(C6-H20),bond,0.004519406423361407,-,-0.0014689811580862787,0.34062550565283833
17,442.0838218185775,,,mixed ring-site C-H out-of-plane bending / C-C-O bending,delta(H17-C4-H18),angle,0.0025529189646410293,+,0.0012259803148748358,0.27624743369002036
17,442.0838218185775,,,mixed ring-site C-H out-of-plane bending / C-C-O bending,nu(C7-H21),bond,0.002460588784522833,-,-0.001068364168209674,0.3506134958372735
17,442.0838218185775,,,mixed ring-site C-H out-of-plane bending / C-C-O bending,nu(C3-H15),bond,0.0015867885869589756,-,-0.0009154609346732878,0.3079410963954522
17,442.0838218185775,,,mixed ring-site C-H out-of-plane bending / C-C-O bending,nu(C2-H14),bond,0.0008226176080287285,+,0.0006369972996371406,0.3297243609541089
17,442.0838218185775,,,mixed ring-site C-H out-of-plane bending / C-C-O bending,nu(C2-H13),bond,0.0005867207043408494,-,-0.000539600991618451,0.3277284562397979
17,442.0838218185775,,,mixed ring-site C-H out-of-plane bending / C-C-O bending,nu(C1-H11),bond,0.000514700474408869,+,0.0004996399177546239,0.3353270039257434
17,442.0838218185775,,,mixed ring-site C-H out-of-plane bending / C-C-O bending,nu(C1-H10),bond,0.0004017210356873698,+,0.000439369102607291,0.3384494119949666
17,442.0838218185775,,,mixed ring-site C-H out-of-plane bending / C-C-O bending,nu(C4-H17),bond,0.0001849879668512041,+,0.0002987846698449214,0.33701953429854553
17,442.0838218185775,,,mixed ring-site C-H out-of-plane bending / C-C-O bending,nu(C1-C2),bond,7.018189732797187e-05,-,-0.0002028562994241138,0.27738075382051663
17,442.0838218185775,,,mixed ring-site C-H out-of-plane bending / C-C-O bending,nu(C4-H16),bond,4.45886804322613e-05,+,0.00014670059121631276,0.33696834756275934
17,442.0838218185775,,,mixed ring-site C-H out-of-plane bending / C-C-O bending,nu(C4-H18),bond,1.59067322549953e-05,-,-8.754759733732333e-05,0.3375364853619774
17,442.0838218185775,,,mixed ring-site C-H out-of-plane bending / C-C-O bending,nu(C1-H12),bond,1.1592751600465315e-06,-,-2.3866355243887168e-05,0.3310110907707208
18,499.45423261688563,,,mixed C-C torsion / C-H bending,tau(H13-C2-C3-N5),dihedral,13.299656687564221,+,0.0905024340370194,0.35568031212637796
18,499.45423261688563,,,mixed C-C torsion / C-H bending,delta(C3-N5-C6),angle,11.239237765057988,+,0.07458237239131275,0.4425928427372072
18,499.45423261688563,,,mixed C-C torsion / C-H bending,"gamma(N5;C7,C6,C8)",oop,9.699409684548815,-,-0.032187711118629565,2.0507136816458287
18,499.45423261688563,,,mixed C-C torsion / C-H bending,delta(C2-C3-C4),angle,8.875818858561402,+,0.05796054377629138,0.578739924160285
18,499.45423261688563,,,mixed C-C torsion / C-H bending,delta(C4-C3-H15),angle,6.14208498238211,-,-0.059858284405832324,0.3754976345746755
18,499.45423261688563,,,mixed C-C torsion / C-H bending,tau(C3-N5-C7-H21),dihedral,4.565912788511327,-,-0.0824830491798011,0.14700703306904594
18,499.45423261688563,,,mixed C-C torsion / C-H bending,tau(H20-C6-C7-C8),dihedral,4.528086260283686,+,0.05182508191046483,0.36929600751604197
18,499.45423261688563,,,mixed C-C torsion / C-H bending,delta(C1-C2-C3),angle,4.055666589429716,+,0.037699074922395194,0.6250874412298897
18,499.45423261688563,,,mixed C-C torsion / C-H bending,nu(C3-C4),bond,4.009597109018521,+,0.05630807846978595,0.2770124173076562
18,499.45423261688563,,,mixed C-C torsion / C-H bending,delta(C2-C3-H15),angle,3.756925957737384,-,-0.037336711906462886,0.5903375570711772
18,499.45423261688563,,,mixed C-C torsion / C-H bending,tau(H12-C1-C2-H14),dihedral,3.713196384813865,-,-0.06876199369433025,0.17202474146598562
18,499.45423261688563,,,mixed C-C torsion / C-H bending,delta(C3-C4-H16),angle,3.076633840364189,+,0.04660317157621092,0.31030214713203214
18,499.45423261688563,,,mixed C-C torsion / C-H bending,delta(C7-C8-O9),angle,2.6550764602215695,-,-0.040087148875375476,0.361915021923592
18,499.45423261688563,,,mixed C-C torsion / C-H bending,nu(N5-C6),bond,2.271718466036501,+,0.028647625974162615,0.6063412962020981
18,499.45423261688563,,,mixed C-C torsion / C-H bending,delta(C1-C2-H13),angle,2.0174626731656553,-,-0.019537318922509303,1.157751871494402
18,499.45423261688563,,,mixed C-C torsion / C-H bending,"gamma(N5;C6,C7,H20)",oop,2.011789274824009,-,-0.018227106589408827,1.3264379453481014
18,499.45423261688563,,,mixed C-C torsion / C-H bending,nu(C2-C3),bond,1.925643916068155,+,0.03959837928877726,0.2690054474963341
18,499.45423261688563,,,mixed C-C torsion / C-H bending,delta(C3-N5-C7),angle,1.5235046199716586,+,0.03301056718422945,0.3062511428123691
18,499.45423261688563,,,mixed C-C torsion / C-H bending,nu(C1-C2),bond,1.3095595851772823,+,0.03215839959855449,0.27738075382051663
18,499.45423261688563,,,mixed C-C torsion / C-H bending,delta(C3-C2-H13),angle,1.048859433980181,-,-0.01664648007152279,0.8291104208312534
18,499.45423261688563,,,mixed C-C torsion / C-H bending,nu(C3-N5),bond,1.0418095819148938,+,0.028473482083442945,0.28147971351032797
18,499.45423261688563,,,mixed C-C torsion / C-H bending,nu(C7-C8),bond,0.7843341125959635,-,-0.024529160462724596,0.28554571717231075
18,499.45423261688563,,,mixed C-C torsion / C-H bending,tau(C1-C2-C3-C4),dihedral,0.7146956880104073,-,-0.02109924215507728,0.3516635565620462
18,499.45423261688563,,,mixed C-C torsion / C-H bending,tau(H10-C1-C2-H13),dihedral,0.6824713102949593,-,-0.029259044636295674,0.1746240399816733
18,499.45423261688563,,,mixed C-C torsion / C-H bending,nu(C6-C7),bond,0.6380588220636771,-,-0.02131161098505255,0.30772875007652795
18,499.45423261688563,,,mixed C-C torsion / C-H bending,delta(N5-C7-H21),angle,0.5850390139133052,+,0.02347227663084747,0.23260246557067013
18,499.45423261688563,,,mixed C-C torsion / C-H bending,delta(C3-C4-H18),angle,0.5683218277379385,-,-0.02004781962604966,0.30974190085035774
18,499.45423261688563,,,mixed C-C torsion / C-H bending,tau(H11-C1-C2-C3),dihedral,0.555314998862721,-,-0.026478273328507683,0.173500206926061
18,499.45423261688563,,,mixed C-C torsion / C-H bending,tau(C4-C3-N5-C6),dihedral,0.38734933193372845,+,0.035886859249620824,0.06588276594613837
18,499.45423261688563,,,mixed C-C torsion / C-H bending,delta(C1-C2-H14),angle,0.3595356680173635,-,-0.014632313579793254,0.36783741091385147
18,499.45423261688563,,,mixed C-C torsion / C-H bending,delta(N5-C6-H19),angle,0.3258014390210681,-,-0.018028509418902494,0.21957013616155804
18,499.45423261688563,,,mixed C-C torsion / C-H bending,delta(C2-C1-H11),angle,0.31462203451817083,-,-0.017713630375353045,0.21964124363029877
18,499.45423261688563,,,mixed C-C torsion / C-H bending,delta(O9-C8-H22),angle,0.3145326564729775,+,0.015159478339207682,0.2998038078133957
18,499.45423261688563,,,mixed C-C torsion / C-H bending,tau(C2-C3-C4-H17),dihedral,0.1846198808887386,+,0.04427827358155744,0.020627045333551117
18,499.45423261688563,,,mixed C-C torsion / C-H bending,"gamma(O9;C8,C7,H22)",oop,0.1303429159366758,-,-0.015828582064341675,0.1139576076428222
18,499.45423261688563,,,mixed C-C torsion / C-H bending,delta(H17-C4-H18),angle,0.10920144929284015,-,-0.009305399706636023,0.27624743369002036
18,499.45423261688563,,,mixed C-C torsion / C-H bending,delta(C2-C1-H12),angle,0.09968057802737872,+,0.009943688847572893,0.22082864654339243
18,499.45423261688563,,,mixed C-C torsion / C-H bending,tau(C6-C7-C8-O9),dihedral,0.09395357352481926,+,0.02795730766661177,0.02633070738300783
18,499.45423261688563,,,mixed C-C torsion / C-H bending,"gamma(C7;C6,N5,H19)",oop,0.06881345729551028,-,-0.005169813019175708,0.5639798938871293
18,499.45423261688563,,,mixed C-C torsion / C-H bending,"gamma(N5;C3,C4,H15)",oop,0.06426693441014517,-,-0.005754154315804212,0.42517183750888987
18,499.45423261688563,,,mixed C-C torsion / C-H bending,delta(H13-C2-H14),angle,0.05979277280770695,-,-0.005051389439838067,0.5132948477004958
18,499.45423261688563,,,mixed C-C torsion / C-H bending,delta(C7-C6-H20),angle,0.055789964974747204,+,0.007640162659000574,0.20935859466531728
18,499.45423261688563,,,mixed C-C torsion / C-H bending,nu(C8-O9),bond,0.052444354675040696,-,-0.00371022050243528,0.8345247457215548
18,499.45423261688563,,,mixed C-C torsion / C-H bending,delta(C2-C1-H10),angle,0.03386936385672319,+,0.005821066462952062,0.21894843186002957
18,499.45423261688563,,,mixed C-C torsion / C-H bending,delta(C6-C7-C8),angle,0.020684963027004125,+,0.004146081937959945,0.2635839141319724
18,499.45423261688563,,,mixed C-C torsion / C-H bending,delta(H16-C4-H17),angle,0.008791022659470361,+,0.0026474241320830275,0.27474656297601174
18,499.45423261688563,,,mixed C-C torsion / C-H bending,nu(C4-H18),bond,0.0035660886146476178,+,0.0015212677588218547,0.3375364853619774
18,499.45423261688563,,,mixed C-C torsion / C-H bending,nu(C3-H15),bond,0.0031689505988584197,+,0.0015013912007702372,0.3079410963954522
18,499.45423261688563,,,mixed C-C torsion / C-H bending,nu(C7-H21),bond,0.0030359006718933285,+,0.001377207636862078,0.3506134958372735
18,499.45423261688563,,,mixed C-C torsion / C-H bending,delta(H16-C4-H18),angle,0.0028248040923316326,+,0.0015230824235085815,0.2667358784486755
18,499.45423261688563,,,mixed C-C torsion / C-H bending,nu(C4-H17),bond,0.002103498055836706,+,0.00116926642165432,0.33701953429854553
18,499.45423261688563,,,mixed C-C torsion / C-H bending,nu(C2-H13),bond,0.0018633733897264009,+,0.0011159964833481458,0.3277284562397979
18,499.45423261688563,,,mixed C-C torsion / C-H bending,nu(C1-H11),bond,0.001333080532732968,+,0.0009331766998118552,0.3353270039257434
18,499.45423261688563,,,mixed C-C torsion / C-H bending,nu(C6-H19),bond,0.0007691635682637784,+,0.0006941456107125208,0.3496692621462572
18,499.45423261688563,,,mixed C-C torsion / C-H bending,nu(C2-H14),bond,0.000491563324406853,+,0.0005714578150558723,0.3297243609541089
18,499.45423261688563,,,mixed C-C torsion / C-H bending,nu(C8-H22),bond,0.00037286058776977543,-,-0.0005220842507689281,0.2996437407786608
18,499.45423261688563,,,mixed C-C torsion / C-H bending,nu(C6-H20),bond,0.00028032087457312987,+,0.00042457957226550307,0.34062550565283833
18,499.45423261688563,,,mixed C-C torsion / C-H bending,nu(C1-H12),bond,0.0001162296066114292,-,-0.00027733652455618125,0.3310110907707208
18,499.45423261688563,,,mixed C-C torsion / C-H bending,nu(C4-H16),bond,9.178341083325751e-05,-,-0.0002442628949297877,0.33696834756275934
18,499.45423261688563,,,mixed C-C torsion / C-H bending,nu(C1-H10),bond,3.3282193092603735e-06,+,4.641186748980452e-05,0.3384494119949666
19,591.5673046455546,,,mixed cyclic-ring out-of-plane deformation / C-H bending,"gamma(N5;C7,C6,C8)",oop,22.534979410826367,+,0.04874497363219572,2.0507136816458287
19,591.5673046455546,,,mixed cyclic-ring out-of-plane deformation / C-H bending,delta(C3-N5-C7),angle,11.0822501595602,-,-0.08845632394725116,0.3062511428123691
19,591.5673046455546,,,mixed cyclic-ring out-of-plane deformation / C-H bending,tau(H20-C6-C7-C8),dihedral,9.135731832415285,-,-0.073137167492126,0.36929600751604197
19,591.5673046455546,,,mixed cyclic-ring out-of-plane deformation / C-H bending,nu(C7-C8),bond,8.501409600008419,+,0.08023454916093191,0.28554571717231075
19,591.5673046455546,,,mixed cyclic-ring out-of-plane deformation / C-H bending,delta(C7-C8-O9),angle,5.964116536485313,+,0.05969301665595351,0.361915021923592
19,591.5673046455546,,,mixed cyclic-ring out-of-plane deformation / C-H bending,delta(C1-C2-C3),angle,4.81452739175357,+,0.04080940056871298,0.6250874412298897
19,591.5673046455546,,,mixed cyclic-ring out-of-plane deformation / C-H bending,tau(H10-C1-C2-H13),dihedral,4.44210554968165,+,0.07416452038260239,0.1746240399816733
19,591.5673046455546,,,mixed cyclic-ring out-of-plane deformation / C-H bending,"gamma(N5;C3,C4,H15)",oop,3.8193840461141444,+,0.0440725512292852,0.42517183750888987
19,591.5673046455546,,,mixed cyclic-ring out-of-plane deformation / C-H bending,delta(C3-C2-H13),angle,2.586950736481305,+,0.025974169114362598,0.8291104208312534
19,591.5673046455546,,,mixed cyclic-ring out-of-plane deformation / C-H bending,nu(C3-C4),bond,2.5499295097697345,+,0.04461369977253468,0.2770124173076562
19,591.5673046455546,,,mixed cyclic-ring out-of-plane deformation / C-H bending,nu(C6-C7),bond,2.4251867819081703,+,0.041280251187684996,0.30772875007652795
19,591.5673046455546,,,mixed cyclic-ring out-of-plane deformation / C-H bending,delta(C3-C4-H18),angle,2.231231722293118,-,-0.03946627427540168,0.30974190085035774
19,591.5673046455546,,,mixed cyclic-ring out-of-plane deformation / C-H bending,delta(C4-C3-H15),angle,2.0489035262760136,-,-0.03434874893479931,0.3754976345746755
19,591.5673046455546,,,mixed cyclic-ring out-of-plane deformation / C-H bending,delta(C2-C3-H15),angle,1.7065847966591918,+,0.02500158262015684,0.5903375570711772
19,591.5673046455546,,,mixed cyclic-ring out-of-plane deformation / C-H bending,delta(C3-N5-C6),angle,1.4726219001629675,+,0.026822373488706613,0.4425928427372072
19,591.5673046455546,,,mixed cyclic-ring out-of-plane deformation / C-H bending,delta(C1-C2-H14),angle,1.446482013976414,-,-0.029159652346047272,0.36783741091385147
19,591.5673046455546,,,mixed cyclic-ring out-of-plane deformation / C-H bending,delta(O9-C8-H22),angle,1.395910465177397,-,-0.03172955496409206,0.2998038078133957
19,591.5673046455546,,,mixed cyclic-ring out-of-plane deformation / C-H bending,delta(C3-C4-H16),angle,1.376691814877184,+,0.030972748514461475,0.31030214713203214
19,591.5673046455546,,,mixed cyclic-ring out-of-plane deformation / C-H bending,tau(C3-N5-C7-H21),dihedral,1.1342053132618866,-,-0.040844215021553255,0.14700703306904594
19,591.5673046455546,,,mixed cyclic-ring out-of-plane deformation / C-H bending,delta(C2-C1-H11),angle,1.0177611386037178,-,-0.03165335557981292,0.21964124363029877
19,591.5673046455546,,,mixed cyclic-ring out-of-plane deformation / C-H bending,nu(C2-C3),bond,0.9505950915316363,-,-0.027642098982055326,0.2690054474963341
19,591.5673046455546,,,mixed cyclic-ring out-of-plane deformation / C-H bending,tau(C4-C3-N5-C6),dihedral,0.9430136319601077,+,0.05563227817926113,0.06588276594613837
19,591.5673046455546,,,mixed cyclic-ring out-of-plane deformation / C-H bending,delta(N5-C7-H21),angle,0.8919141720211995,-,-0.028794407520330273,0.23260246557067013
19,591.5673046455546,,,mixed cyclic-ring out-of-plane deformation / C-H bending,"gamma(O9;C8,C7,H22)",oop,0.6007078470797367,+,0.03376088031775463,0.1139576076428222
19,591.5673046455546,,,mixed cyclic-ring out-of-plane deformation / C-H bending,"gamma(N5;C6,C7,H20)",oop,0.5863472939853145,-,-0.009776598167930186,1.3264379453481014
19,591.5673046455546,,,mixed cyclic-ring out-of-plane deformation / C-H bending,delta(C6-C7-C8),angle,0.5260542903530345,+,0.020773496612300275,0.2635839141319724
19,591.5673046455546,,,mixed cyclic-ring out-of-plane deformation / C-H bending,delta(C2-C1-H12),angle,0.4356132626834771,+,0.020652689369935237,0.22082864654339243
19,591.5673046455546,,,mixed cyclic-ring out-of-plane deformation / C-H bending,tau(C6-C7-C8-O9),dihedral,0.41259084643322497,+,0.058207949743171214,0.02633070738300783
19,591.5673046455546,,,mixed cyclic-ring out-of-plane deformation / C-H bending,nu(C8-O9),bond,0.41092252966732085,+,0.010318442262360575,0.8345247457215548
19,591.5673046455546,,,mixed cyclic-ring out-of-plane deformation / C-H bending,tau(H12-C1-C2-H14),dihedral,0.3760871466624109,+,0.02174215362480892,0.17202474146598562
19,591.5673046455546,,,mixed cyclic-ring out-of-plane deformation / C-H bending,tau(C1-C2-C3-C4),dihedral,0.35029137780159403,-,-0.014675902343393351,0.3516635565620462
19,591.5673046455546,,,mixed cyclic-ring out-of-plane deformation / C-H bending,delta(C2-C3-C4),angle,0.3014918891272855,+,0.010613285974749006,0.578739924160285
19,591.5673046455546,,,mixed cyclic-ring out-of-plane deformation / C-H bending,delta(N5-C6-H19),angle,0.25634682478477533,-,-0.01588843446843839,0.21957013616155804
19,591.5673046455546,,,mixed cyclic-ring out-of-plane deformation / C-H bending,nu(N5-C6),bond,0.24447248748695835,+,0.009337060938762161,0.6063412962020981
19,591.5673046455546,,,mixed cyclic-ring out-of-plane deformation / C-H bending,delta(C7-C6-H20),angle,0.15914073095427278,+,0.012820325402605751,0.20935859466531728
19,591.5673046455546,,,mixed cyclic-ring out-of-plane deformation / C-H bending,tau(C2-C3-C4-H17),dihedral,0.1412562236733151,+,0.03848035374119416,0.020627045333551117
19,591.5673046455546,,,mixed cyclic-ring out-of-plane deformation / C-H bending,nu(C1-C2),bond,0.1387553293400041,+,0.010400170177324372,0.27738075382051663
19,591.5673046455546,,,mixed cyclic-ring out-of-plane deformation / C-H bending,delta(C1-C2-H13),angle,0.13217017323029662,-,-0.004968356551438661,1.157751871494402
19,591.5673046455546,,,mixed cyclic-ring out-of-plane deformation / C-H bending,delta(C2-C1-H10),angle,0.12120316295450194,+,0.010940566963343992,0.21894843186002957
19,591.5673046455546,,,mixed cyclic-ring out-of-plane deformation / C-H bending,delta(H16-C4-H17),angle,0.08323988840764117,+,0.008093817021828695,0.27474656297601174
19,591.5673046455546,,,mixed cyclic-ring out-of-plane deformation / C-H bending,nu(C3-N5),bond,0.07503012356079287,-,-0.007591857576244152,0.28147971351032797
19,591.5673046455546,,,mixed cyclic-ring out-of-plane deformation / C-H bending,tau(H13-C2-C3-N5),dihedral,0.06131321606330252,-,-0.006105214213065493,0.35568031212637796
19,591.5673046455546,,,mixed cyclic-ring out-of-plane deformation / C-H bending,delta(H17-C4-H18),angle,0.03814161441470495,-,-0.005463918101180138,0.27624743369002036
19,591.5673046455546,,,mixed cyclic-ring out-of-plane deformation / C-H bending,delta(H13-C2-H14),angle,0.03416689876331718,-,-0.0037937883571887506,0.5132948477004958
19,591.5673046455546,,,mixed cyclic-ring out-of-plane deformation / C-H bending,delta(H16-C4-H18),angle,0.01353019037853025,-,-0.0033118069030043736,0.2667358784486755
19,591.5673046455546,,,mixed cyclic-ring out-of-plane deformation / C-H bending,"gamma(C7;C6,N5,H19)",oop,0.010687935693358115,-,-0.002024272041091539,0.5639798938871293
19,591.5673046455546,,,mixed cyclic-ring out-of-plane deformation / C-H bending,tau(H11-C1-C2-C3),dihedral,0.006144936499345987,-,-0.0027673396941163475,0.173500206926061
19,591.5673046455546,,,mixed cyclic-ring out-of-plane deformation / C-H bending,nu(C4-H18),bond,0.0029225605677166613,+,0.0013682806007085534,0.3375364853619774
19,591.5673046455546,,,mixed cyclic-ring out-of-plane deformation / C-H bending,nu(C6-H19),bond,0.002128654989760292,+,0.001147301817179505,0.3496692621462572
19,591.5673046455546,,,mixed cyclic-ring out-of-plane deformation / C-H bending,nu(C2-H13),bond,0.0018800921945682423,-,-0.001113746285243279,0.3277284562397979
19,591.5673046455546,,,mixed cyclic-ring out-of-plane deformation / C-H bending,nu(C2-H14),bond,0.0016016806137671834,+,0.0010248639415977076,0.3297243609541089
19,591.5673046455546,,,mixed cyclic-ring out-of-plane deformation / C-H bending,nu(C8-H22),bond,0.0008674113023639439,+,0.0007911588758215971,0.2996437407786608
19,591.5673046455546,,,mixed cyclic-ring out-of-plane deformation / C-H bending,nu(C4-H17),bond,0.0006661538469130018,+,0.0006537527134823682,0.33701953429854553
19,591.5673046455546,,,mixed cyclic-ring out-of-plane deformation / C-H bending,nu(C6-H20),bond,0.0006551557883287061,-,-0.0006448927290958975,0.34062550565283833
19,591.5673046455546,,,mixed cyclic-ring out-of-plane deformation / C-H bending,nu(C1-H11),bond,0.0004934283822810741,+,0.0005640681401726283,0.3353270039257434
19,591.5673046455546,,,mixed cyclic-ring out-of-plane deformation / C-H bending,nu(C3-H15),bond,0.00038941998355973177,-,-0.0005229125470336649,0.3079410963954522
19,591.5673046455546,,,mixed cyclic-ring out-of-plane deformation / C-H bending,nu(C1-H10),bond,7.097748122488033e-05,-,-0.00021294486959407086,0.3384494119949666
19,591.5673046455546,,,mixed cyclic-ring out-of-plane deformation / C-H bending,nu(C7-H21),bond,5.7038850028713824e-05,+,0.0001875533550658856,0.3506134958372735
19,591.5673046455546,,,mixed cyclic-ring out-of-plane deformation / C-H bending,nu(C1-H12),bond,5.5446473846671127e-05,-,-0.00019031344237721923,0.3310110907707208
19,591.5673046455546,,,mixed cyclic-ring out-of-plane deformation / C-H bending,nu(C4-H16),bond,1.8617722137239056e-05,-,-0.00010930058578118667,0.33696834756275934
20,687.3370575205745,,,mixed C-C torsion / C-H bending,tau(H13-C2-C3-N5),dihedral,18.357579445300637,-,-0.18432104240842556,0.35568031212637796
20,687.3370575205745,,,mixed C-C torsion / C-H bending,tau(H12-C1-C2-H14),dihedral,11.343169047774538,+,0.20833818109694113,0.17202474146598562
20,687.3370575205745,,,mixed C-C torsion / C-H bending,delta(C1-C2-H13),angle,8.563761677588515,+,0.06977850547368626,1.157751871494402
20,687.3370575205745,,,mixed C-C torsion / C-H bending,tau(H10-C1-C2-H13),dihedral,8.331174766949465,+,0.17721408210914516,0.1746240399816733
20,687.3370575205745,,,mixed C-C torsion / C-H bending,nu(C3-N5),bond,7.68829481882028,+,0.13408759059621184,0.28147971351032797
20,687.3370575205745,,,mixed C-C torsion / C-H bending,delta(C3-C2-H13),angle,7.642917030223156,+,0.07789695987529535,0.8291104208312534
20,687.3370575205745,,,mixed C-C torsion / C-H bending,"gamma(N5;C6,C7,H20)",oop,5.270669671885463,+,0.05114304166924553,1.3264379453481014
20,687.3370575205745,,,mixed C-C torsion / C-H bending,nu(N5-C6),bond,4.580759537826861,+,0.07051918691880849,0.6063412962020981
20,687.3370575205745,,,mixed C-C torsion / C-H bending,nu(C6-C7),bond,4.2110155316167175,-,-0.09490880563391561,0.30772875007652795
20,687.3370575205745,,,mixed C-C torsion / C-H bending,delta(C2-C3-H15),angle,3.140109768003867,+,0.059172419971215244,0.5903375570711772
20,687.3370575205745,,,mixed C-C torsion / C-H bending,delta(C3-N5-C7),angle,2.6191247246752813,-,-0.0750302431876046,0.3062511428123691
20,687.3370575205745,,,mixed C-C torsion / C-H bending,delta(C3-N5-C6),angle,2.4767853636883714,-,-0.06069307142849775,0.4425928427372072
20,687.3370575205745,,,mixed C-C torsion / C-H bending,tau(C3-N5-C7-H21),dihedral,2.1182468926805855,+,0.09739044620171736,0.14700703306904594
20,687.3370575205745,,,mixed C-C torsion / C-H bending,"gamma(C7;C6,N5,H19)",oop,1.7775111573910904,+,0.04554822736840248,0.5639798938871293
20,687.3370575205745,,,mixed C-C torsion / C-H bending,delta(C1-C2-H14),angle,1.6629257913697304,-,-0.054551363345101696,0.36783741091385147
20,687.3370575205745,,,mixed C-C torsion / C-H bending,tau(C1-C2-C3-C4),dihedral,1.3951117198550187,+,0.05110200433087397,0.3516635565620462
20,687.3370575205745,,,mixed C-C torsion / C-H bending,delta(C4-C3-H15),angle,1.3851527802665762,+,0.04927678432808935,0.3754976345746755
20,687.3370575205745,,,mixed C-C torsion / C-H bending,delta(C3-C4-H16),angle,1.3376132155730138,-,-0.05326844363664458,0.31030214713203214
20,687.3370575205745,,,mixed C-C torsion / C-H bending,delta(C2-C1-H10),angle,1.163087823671113,-,-0.05913334656434842,0.21894843186002957
20,687.3370575205745,,,mixed C-C torsion / C-H bending,delta(C3-C4-H18),angle,1.1579049364005087,+,0.049605929989858744,0.30974190085035774
20,687.3370575205745,,,mixed C-C torsion / C-H bending,"gamma(N5;C7,C6,C8)",oop,0.5598663936882207,-,-0.013405617025330307,2.0507136816458287
20,687.3370575205745,,,mixed C-C torsion / C-H bending,nu(C2-C3),bond,0.5095013705408187,+,0.03530931268074275,0.2690054474963341
20,687.3370575205745,,,mixed C-C torsion / C-H bending,delta(C2-C1-H12),angle,0.4523731955986832,+,0.03672128324845379,0.22082864654339243
20,687.3370575205745,,,mixed C-C torsion / C-H bending,tau(H20-C6-C7-C8),dihedral,0.35902477159461366,-,-0.025297174932770162,0.36929600751604197
20,687.3370575205745,,,mixed C-C torsion / C-H bending,nu(C3-C4),bond,0.35442994988374393,+,0.029021022574742705,0.2770124173076562
20,687.3370575205745,,,mixed C-C torsion / C-H bending,tau(C4-C3-N5-C6),dihedral,0.2981025343282857,+,0.05457503779189447,0.06588276594613837
20,687.3370575205745,,,mixed C-C torsion / C-H bending,delta(C1-C2-C3),angle,0.2730476988707534,-,-0.016956881944958077,0.6250874412298897
20,687.3370575205745,,,mixed C-C torsion / C-H bending,delta(C2-C1-H11),angle,0.17404892519760737,+,0.022838935012731185,0.21964124363029877
20,687.3370575205745,,,mixed C-C torsion / C-H bending,"gamma(N5;C3,C4,H15)",oop,0.14980998884871924,-,-0.015229486621583301,0.42517183750888987
20,687.3370575205745,,,mixed C-C torsion / C-H bending,tau(C2-C3-C4-H17),dihedral,0.14318656101799435,-,-0.06759736088005798,0.020627045333551117
20,687.3370575205745,,,mixed C-C torsion / C-H bending,delta(C7-C6-H20),angle,0.09807825888224145,+,0.017560549413040874,0.20935859466531728
20,687.3370575205745,,,mixed C-C torsion / C-H bending,delta(C6-C7-C8),angle,0.06968474106748554,+,0.013191874676039805,0.2635839141319724
20,687.3370575205745,,,mixed C-C torsion / C-H bending,nu(C1-C2),bond,0.06124460551035639,+,0.012055712475893167,0.27738075382051663
20,687.3370575205745,,,mixed C-C torsion / C-H bending,delta(H16-C4-H17),angle,0.04325081886192879,-,-0.010179540063860827,0.27474656297601174
20,687.3370575205745,,,mixed C-C torsion / C-H bending,nu(C3-H15),bond,0.04286443412012372,-,-0.009572201769853647,0.3079410963954522
20,687.3370575205745,,,mixed C-C torsion / C-H bending,delta(C7-C8-O9),angle,0.04237016735347113,-,-0.008778572652905452,0.361915021923592
20,687.3370575205745,,,mixed C-C torsion / C-H bending,delta(H17-C4-H18),angle,0.039473179546095735,+,0.009698376768388084,0.27624743369002036
20,687.3370575205745,,,mixed C-C torsion / C-H bending,delta(N5-C7-H21),angle,0.03536543113613752,-,-0.010004132713740557,0.23260246557067013
20,687.3370575205745,,,mixed C-C torsion / C-H bending,"gamma(O9;C8,C7,H22)",oop,0.03152180561188541,+,0.013493698572612284,0.1139576076428222
20,687.3370575205745,,,mixed C-C torsion / C-H bending,tau(H11-C1-C2-C3),dihedral,0.006910026422932366,+,0.005120200626279129,0.173500206926061
20,687.3370575205745,,,mixed C-C torsion / C-H bending,nu(C6-H20),bond,0.005461603591793236,-,-0.003248767474306647,0.34062550565283833
20,687.3370575205745,,,mixed C-C torsion / C-H bending,delta(C2-C3-C4),angle,0.00487704952473574,-,-0.002355233577554873,0.578739924160285
20,687.3370575205745,,,mixed C-C torsion / C-H bending,delta(O9-C8-H22),angle,0.003637850540254147,+,0.0028261875362311202,0.2998038078133957
20,687.3370575205745,,,mixed C-C torsion / C-H bending,delta(N5-C6-H19),angle,0.0035428965698590803,+,0.00325904025074514,0.21957013616155804
20,687.3370575205745,,,mixed C-C torsion / C-H bending,nu(C7-H21),bond,0.0028850407303092226,-,-0.0023273343679578243,0.3506134958372735
20,687.3370575205745,,,mixed C-C torsion / C-H bending,delta(H16-C4-H18),angle,0.002658225830395028,-,-0.0025612521836844713,0.2667358784486755
20,687.3370575205745,,,mixed C-C torsion / C-H bending,nu(C8-O9),bond,0.00210213921943164,-,-0.0012876808907721536,0.8345247457215548
20,687.3370575205745,,,mixed C-C torsion / C-H bending,delta(H13-C2-H14),angle,0.001955723834845979,+,0.0015836800095386189,0.5132948477004958
20,687.3370575205745,,,mixed C-C torsion / C-H bending,nu(C2-H13),bond,0.0018768997772196127,-,-0.0019416036876331773,0.3277284562397979
20,687.3370575205745,,,mixed C-C torsion / C-H bending,nu(C7-C8),bond,0.0017918989127631792,-,-0.0020324321236888454,0.28554571717231075
20,687.3370575205745,,,mixed C-C torsion / C-H bending,tau(C6-C7-C8-O9),dihedral,0.0012522270854079362,-,-0.005595094243647649,0.02633070738300783
20,687.3370575205745,,,mixed C-C torsion / C-H bending,nu(C2-H14),bond,0.0002498305232968135,+,0.0007062270600468482,0.3297243609541089
20,687.3370575205745,,,mixed C-C torsion / C-H bending,nu(C4-H18),bond,0.00018681770778202064,+,0.0006035952041961786,0.3375364853619774
20,687.3370575205745,,,mixed C-C torsion / C-H bending,nu(C8-H22),bond,0.00016130983399026717,-,-0.0005952850008265669,0.2996437407786608
20,687.3370575205745,,,mixed C-C torsion / C-H bending,nu(C1-H12),bond,0.00012011663658458267,-,-0.0004887394904189238,0.3310110907707208
20,687.3370575205745,,,mixed C-C torsion / C-H bending,nu(C4-H16),bond,8.148226391000835e-05,+,0.0003989643700621371,0.33696834756275934
20,687.3370575205745,,,mixed C-C torsion / C-H bending,nu(C6-H19),bond,4.779325406423368e-05,-,-0.00029995195360216106,0.3496692621462572
20,687.3370575205745,,,mixed C-C torsion / C-H bending,nu(C1-H11),bond,2.3714125398054272e-05,-,-0.00021575775503367492,0.3353270039257434
20,687.3370575205745,,,mixed C-C torsion / C-H bending,nu(C1-H10),bond,1.636373009500757e-05,+,0.0001783985806372385,0.3384494119949666
20,687.3370575205745,,,mixed C-C torsion / C-H bending,nu(C4-H17),bond,4.566649706335463e-07,-,-2.9865406861100803e-05,0.33701953429854553
21,807.7202094160003,,,mixed C-H bending / C-C torsion,delta(C1-C2-H13),angle,32.43680710228423,+,0.16972128111458432,1.157751871494402
21,807.7202094160003,,,mixed C-H bending / C-C torsion,tau(H13-C2-C3-N5),dihedral,12.785528673269402,-,-0.19224472415430582,0.35568031212637796
21,807.7202094160003,,,mixed C-H bending / C-C torsion,tau(H12-C1-C2-H14),dihedral,8.637095748106573,+,0.22720265822412156,0.17202474146598562
21,807.7202094160003,,,mixed C-H bending / C-C torsion,delta(C1-C2-H14),angle,8.284421990869642,-,-0.1521696900338231,0.36783741091385147
21,807.7202094160003,,,mixed C-H bending / C-C torsion,delta(C2-C1-H10),angle,7.3252247767995256,-,-0.1854661071487122,0.21894843186002957
21,807.7202094160003,,,mixed C-H bending / C-C torsion,tau(H10-C1-C2-H13),dihedral,5.850937464905849,+,0.18560330721038196,0.1746240399816733
21,807.7202094160003,,,mixed C-H bending / C-C torsion,delta(C2-C1-H12),angle,5.0596116025701985,+,0.15348144617356158,0.22082864654339243
21,807.7202094160003,,,mixed C-H bending / C-C torsion,tau(H11-C1-C2-C3),dihedral,4.3039473719758075,-,-0.1597013089204676,0.173500206926061
21,807.7202094160003,,,mixed C-H bending / C-C torsion,delta(C3-C2-H13),angle,3.272173997001453,+,0.0636996440907286,0.8291104208312534
21,807.7202094160003,,,mixed C-H bending / C-C torsion,nu(C6-C7),bond,1.395938847238628,+,0.06829268036446882,0.30772875007652795
21,807.7202094160003,,,mixed C-H bending / C-C torsion,delta(C3-C4-H16),angle,1.3698600498647124,+,0.06737064540441612,0.31030214713203214
21,807.7202094160003,,,mixed C-H bending / C-C torsion,delta(C3-C4-H18),angle,1.2840063470231045,-,-0.06528427773919845,0.30974190085035774
21,807.7202094160003,,,mixed C-H bending / C-C torsion,"gamma(C7;C6,N5,H19)",oop,1.0374615318793992,-,-0.04348897667840191,0.5639798938871293
21,807.7202094160003,,,mixed C-H bending / C-C torsion,nu(N5-C6),bond,1.0087966431921052,-,-0.04135882941948423,0.6063412962020981
21,807.7202094160003,,,mixed C-H bending / C-C torsion,"gamma(N5;C6,C7,H20)",oop,0.9905516549204755,-,-0.027708951559725463,1.3264379453481014
21,807.7202094160003,,,mixed C-H bending / C-C torsion,delta(C4-C3-H15),angle,0.9683425168618081,-,-0.05149154176544876,0.3754976345746755
21,807.7202094160003,,,mixed C-H bending / C-C torsion,tau(C3-N5-C7-H21),dihedral,0.677945494764185,-,-0.06885782986437082,0.14700703306904594
21,807.7202094160003,,,mixed C-H bending / C-C torsion,nu(C3-N5),bond,0.4364716626785677,-,-0.03992817629695176,0.28147971351032797
21,807.7202094160003,,,mixed C-H bending / C-C torsion,"gamma(N5;C3,C4,H15)",oop,0.3552895172260005,-,-0.029311223703005932,0.42517183750888987
21,807.7202094160003,,,mixed C-H bending / C-C torsion,nu(C2-C3),bond,0.3101294717860572,+,0.03442833185165734,0.2690054474963341
21,807.7202094160003,,,mixed C-H bending / C-C torsion,delta(C3-N5-C7),angle,0.2916233659172884,+,0.03128940453668906,0.3062511428123691
21,807.7202094160003,,,mixed C-H bending / C-C torsion,nu(C3-C4),bond,0.2703470760370753,-,-0.03167642913647001,0.2770124173076562
21,807.7202094160003,,,mixed C-H bending / C-C torsion,delta(C2-C1-H11),angle,0.24498907871126632,+,0.033864246234401235,0.21964124363029877
21,807.7202094160003,,,mixed C-H bending / C-C torsion,tau(C2-C3-C4-H17),dihedral,0.22806923139485588,+,0.10662028425702531,0.020627045333551117
21,807.7202094160003,,,mixed C-H bending / C-C torsion,delta(C7-C6-H20),angle,0.22354527190959572,-,-0.03313312090550408,0.20935859466531728
21,807.7202094160003,,,mixed C-H bending / C-C torsion,"gamma(N5;C7,C6,C8)",oop,0.1700783458074546,+,0.009234151494560574,2.0507136816458287
21,807.7202094160003,,,mixed C-H bending / C-C torsion,delta(C3-N5-C6),angle,0.15281247659223585,+,0.018840924616894714,0.4425928427372072
21,807.7202094160003,,,mixed C-H bending / C-C torsion,delta(C7-C8-O9),angle,0.09808020935833368,-,-0.01669215409863847,0.361915021923592
21,807.7202094160003,,,mixed C-H bending / C-C torsion,tau(C4-C3-N5-C6),dihedral,0.08959028257510261,-,-0.03739121172247681,0.06588276594613837
21,807.7202094160003,,,mixed C-H bending / C-C torsion,delta(H17-C4-H18),angle,0.059894801799907485,-,-0.01493036545029615,0.27624743369002036
21,807.7202094160003,,,mixed C-H bending / C-C torsion,tau(H20-C6-C7-C8),dihedral,0.05788972540208584,+,0.012695167537447365,0.36929600751604197
21,807.7202094160003,,,mixed C-H bending / C-C torsion,delta(C6-C7-C8),angle,0.05522129447381286,-,-0.014676376289876671,0.2635839141319724
21,807.7202094160003,,,mixed C-H bending / C-C torsion,delta(H16-C4-H17),angle,0.05172034995974245,+,0.01391200071810985,0.27474656297601174
21,807.7202094160003,,,mixed C-H bending / C-C torsion,delta(C1-C2-C3),angle,0.041629193681211416,-,-0.008274725789550325,0.6250874412298897
21,807.7202094160003,,,mixed C-H bending / C-C torsion,delta(C2-C3-C4),angle,0.03889792301777585,-,-0.008312783749448173,0.578739924160285
21,807.7202094160003,,,mixed C-H bending / C-C torsion,delta(N5-C7-H21),angle,0.028918052059045796,+,0.011305827600910045,0.23260246557067013
21,807.7202094160003,,,mixed C-H bending / C-C torsion,delta(C2-C3-H15),angle,0.026753496216513833,-,-0.006825980819596075,0.5903375570711772
21,807.7202094160003,,,mixed C-H bending / C-C torsion,nu(C7-C8),bond,0.01682428172239881,+,0.007783150686917502,0.28554571717231075
21,807.7202094160003,,,mixed C-H bending / C-C torsion,delta(N5-C6-H19),angle,0.0124177689080517,+,0.0076253564409885155,0.21957013616155804
21,807.7202094160003,,,mixed C-H bending / C-C torsion,nu(C2-H13),bond,0.009474223649171784,-,-0.005451797777040275,0.3277284562397979
21,807.7202094160003,,,mixed C-H bending / C-C torsion,tau(C1-C2-C3-C4),dihedral,0.007743008774077745,+,0.004757909660937687,0.3516635565620462
21,807.7202094160003,,,mixed C-H bending / C-C torsion,"gamma(O9;C8,C7,H22)",oop,0.0064597971140509,-,-0.007634186677633503,0.1139576076428222
21,807.7202094160003,,,mixed C-H bending / C-C torsion,nu(C2-H14),bond,0.006452393347840247,+,0.0044854900525825,0.3297243609541089
21,807.7202094160003,,,mixed C-H bending / C-C torsion,delta(O9-C8-H22),angle,0.0039043710508931176,+,0.0036591647859726866,0.2998038078133957
21,807.7202094160003,,,mixed C-H bending / C-C torsion,nu(C1-H12),bond,0.003568083450712489,-,-0.0033290569677149186,0.3310110907707208
21,807.7202094160003,,,mixed C-H bending / C-C torsion,nu(C1-H10),bond,0.00273423160851401,+,0.0028820118748826454,0.3384494119949666
21,807.7202094160003,,,mixed C-H bending / C-C torsion,nu(C6-H20),bond,0.0023519502377101066,+,0.0026644064744391154,0.34062550565283833
21,807.7202094160003,,,mixed C-H bending / C-C torsion,nu(C1-C2),bond,0.0020015989549930797,+,0.00272380096158698,0.27738075382051663
21,807.7202094160003,,,mixed C-H bending / C-C torsion,nu(C3-H15),bond,0.0017417863557222981,+,0.002411507485471318,0.3079410963954522
21,807.7202094160003,,,mixed C-H bending / C-C torsion,nu(C7-H21),bond,0.0011819365988633421,+,0.001861691749328358,0.3506134958372735
21,807.7202094160003,,,mixed C-H bending / C-C torsion,tau(C6-C7-C8-O9),dihedral,0.0011179756733927812,-,-0.00660708526639541,0.02633070738300783
21,807.7202094160003,,,mixed C-H bending / C-C torsion,nu(C8-O9),bond,0.0004760118240271504,-,-0.0007657980547908309,0.8345247457215548
21,807.7202094160003,,,mixed C-H bending / C-C torsion,nu(C8-H22),bond,0.0002878261551084134,-,-0.0009937737504998715,0.2996437407786608
21,807.7202094160003,,,mixed C-H bending / C-C torsion,delta(H13-C2-H14),angle,0.00024792307031374353,+,0.0007046930956255951,0.5132948477004958
21,807.7202094160003,,,mixed C-H bending / C-C torsion,delta(H16-C4-H18),angle,0.0001374927735185861,+,0.0007279879928939221,0.2667358784486755
21,807.7202094160003,,,mixed C-H bending / C-C torsion,nu(C4-H16),bond,0.00012696007235581464,-,-0.0006223920327647924,0.33696834756275934
21,807.7202094160003,,,mixed C-H bending / C-C torsion,nu(C6-H19),bond,4.912581403496829e-05,+,0.00038005911216224393,0.3496692621462572
21,807.7202094160003,,,mixed C-H bending / C-C torsion,nu(C1-H11),bond,4.341032640676815e-05,-,-0.0003648272415047449,0.3353270039257434
21,807.7202094160003,,,mixed C-H bending / C-C torsion,nu(C4-H17),bond,3.501539429815551e-05,+,0.0003268338061910304,0.33701953429854553
21,807.7202094160003,,,mixed C-H bending / C-C torsion,nu(C4-H18),bond,2.0186992521264604e-05,+,0.00024797074521537685,0.3375364853619774
22,846.5176374349445,,,mixed C-H bending / C-C stretching,nu(C2-C3),bond,19.18387180235642,-,-0.1732627197946344,0.2690054474963341
22,846.5176374349445,,,mixed C-H bending / C-C stretching,delta(C3-C4-H16),angle,8.485965327215427,+,0.10729408221605657,0.31030214713203214
22,846.5176374349445,,,mixed C-H bending / C-C stretching,delta(C2-C1-H11),angle,8.173295388545002,-,-0.1251581639498833,0.21964124363029877
22,846.5176374349445,,,mixed C-H bending / C-C stretching,delta(C2-C3-C4),angle,5.979756845176717,+,0.06595042124582573,0.578739924160285
22,846.5176374349445,,,mixed C-H bending / C-C stretching,delta(C1-C2-C3),angle,5.792608686822204,+,0.062457448988185435,0.6250874412298897
22,846.5176374349445,,,mixed C-H bending / C-C stretching,nu(C6-C7),bond,5.26275176087017,-,-0.08484767363403341,0.30772875007652795
22,846.5176374349445,,,mixed C-H bending / C-C stretching,nu(C1-C2),bond,5.250294981822625,-,-0.08926294748312147,0.27738075382051663
22,846.5176374349445,,,mixed C-H bending / C-C stretching,delta(C2-C1-H12),angle,5.111836665644123,+,0.09871390038346958,0.22082864654339243
22,846.5176374349445,,,mixed C-H bending / C-C stretching,tau(H20-C6-C7-C8),dihedral,4.841387105274411,+,0.07428739533706855,0.36929600751604197
22,846.5176374349445,,,mixed C-H bending / C-C stretching,tau(H10-C1-C2-H13),dihedral,4.538924106848861,+,0.10460247918847884,0.1746240399816733
22,846.5176374349445,,,mixed C-H bending / C-C stretching,delta(C4-C3-H15),angle,4.4157286932099336,-,-0.07035826498337672,0.3754976345746755
22,846.5176374349445,,,mixed C-H bending / C-C stretching,"gamma(C7;C6,N5,H19)",oop,4.2469300319819485,+,0.05630192907571882,0.5639798938871293
22,846.5176374349445,,,mixed C-H bending / C-C stretching,nu(C3-C4),bond,3.7248509892923254,-,-0.07523542287877517,0.2770124173076562
22,846.5176374349445,,,mixed C-H bending / C-C stretching,delta(C1-C2-H14),angle,3.564561339211057,-,-0.06386936976777882,0.36783741091385147
22,846.5176374349445,,,mixed C-H bending / C-C stretching,"gamma(N5;C6,C7,H20)",oop,1.8022565399492385,+,0.02391565994164657,1.3264379453481014
22,846.5176374349445,,,mixed C-H bending / C-C stretching,delta(C3-N5-C6),angle,1.7562027786753118,+,0.04086981480309771,0.4425928427372072
22,846.5176374349445,,,mixed C-H bending / C-C stretching,tau(H12-C1-C2-H14),dihedral,1.187418017898066,-,-0.05390435992466661,0.17202474146598562
22,846.5176374349445,,,mixed C-H bending / C-C stretching,"gamma(N5;C7,C6,C8)",oop,0.9557750244986629,-,-0.01400692674980711,2.0507136816458287
22,846.5176374349445,,,mixed C-H bending / C-C stretching,"gamma(N5;C3,C4,H15)",oop,0.8292538688980714,-,-0.028653589927771617,0.42517183750888987
22,846.5176374349445,,,mixed C-H bending / C-C stretching,delta(C3-N5-C7),angle,0.742215657658444,+,0.03194064853915396,0.3062511428123691
22,846.5176374349445,,,mixed C-H bending / C-C stretching,delta(H16-C4-H18),angle,0.5977641322002414,+,0.03071437915552384,0.2667358784486755
22,846.5176374349445,,,mixed C-H bending / C-C stretching,tau(C4-C3-N5-C6),dihedral,0.5721938988783721,+,0.06046488518556131,0.06588276594613837
22,846.5176374349445,,,mixed C-H bending / C-C stretching,tau(H11-C1-C2-C3),dihedral,0.49484624587145165,-,-0.03464995496203753,0.173500206926061
22,846.5176374349445,,,mixed C-H bending / C-C stretching,nu(C7-C8),bond,0.4324414529156129,-,-0.02524895257736948,0.28554571717231075
22,846.5176374349445,,,mixed C-H bending / C-C stretching,"gamma(O9;C8,C7,H22)",oop,0.3234923489989569,-,-0.03456828852391764,0.1139576076428222
22,846.5176374349445,,,mixed C-H bending / C-C stretching,delta(N5-C6-H19),angle,0.3145697296998527,-,-0.02455779456752826,0.21957013616155804
22,846.5176374349445,,,mixed C-H bending / C-C stretching,delta(H17-C4-H18),angle,0.2611826048391782,-,-0.019949891195424976,0.27624743369002036
22,846.5176374349445,,,mixed C-H bending / C-C stretching,delta(C3-C4-H18),angle,0.24916229781825375,+,0.018401732665914005,0.30974190085035774
22,846.5176374349445,,,mixed C-H bending / C-C stretching,delta(C6-C7-C8),angle,0.18208791567704719,+,0.017052915654096328,0.2635839141319724
22,846.5176374349445,,,mixed C-H bending / C-C stretching,delta(C7-C6-H20),angle,0.1521083237450676,+,0.017488341530923643,0.20935859466531728
22,846.5176374349445,,,mixed C-H bending / C-C stretching,delta(H13-C2-H14),angle,0.10752725161415985,-,-0.009390600248052532,0.5132948477004958
22,846.5176374349445,,,mixed C-H bending / C-C stretching,delta(C2-C1-H10),angle,0.09166963688572924,+,0.013275759280560576,0.21894843186002957
22,846.5176374349445,,,mixed C-H bending / C-C stretching,tau(C2-C3-C4-H17),dihedral,0.0845313487041079,+,0.04153439804537332,0.020627045333551117
22,846.5176374349445,,,mixed C-H bending / C-C stretching,delta(C2-C3-H15),angle,0.08105107258634345,-,-0.00760232985974661,0.5903375570711772
22,846.5176374349445,,,mixed C-H bending / C-C stretching,delta(N5-C7-H21),angle,0.06523844000474811,-,-0.010865811331472498,0.23260246557067013
22,846.5176374349445,,,mixed C-H bending / C-C stretching,tau(C6-C7-C8-O9),dihedral,0.041303267761137366,-,-0.025696766374881025,0.02633070738300783
22,846.5176374349445,,,mixed C-H bending / C-C stretching,delta(C7-C8-O9),angle,0.025299899054147344,+,0.00542467373002123,0.361915021923592
22,846.5176374349445,,,mixed C-H bending / C-C stretching,delta(O9-C8-H22),angle,0.019629693016379363,+,0.005249956618122714,0.2998038078133957
22,846.5176374349445,,,mixed C-H bending / C-C stretching,nu(C3-H15),bond,0.008839166850526659,+,0.0034760768800847705,0.3079410963954522
22,846.5176374349445,,,mixed C-H bending / C-C stretching,tau(H13-C2-C3-N5),dihedral,0.007306982311849638,-,-0.0029407401285297305,0.35568031212637796
22,846.5176374349445,,,mixed C-H bending / C-C stretching,nu(C3-N5),bond,0.0069073596022207395,-,-0.0032140306650321805,0.28147971351032797
22,846.5176374349445,,,mixed C-H bending / C-C stretching,nu(N5-C6),bond,0.006811096155884014,-,-0.0021745403210375017,0.6063412962020981
22,846.5176374349445,,,mixed C-H bending / C-C stretching,delta(C1-C2-H13),angle,0.005977743201960668,+,0.0014742747056221638,1.157751871494402
22,846.5176374349445,,,mixed C-H bending / C-C stretching,nu(C7-H21),bond,0.005614320194571247,-,-0.0025962816710965674,0.3506134958372735
22,846.5176374349445,,,mixed C-H bending / C-C stretching,nu(C2-H14),bond,0.003360712210698983,+,0.002071369978224839,0.3297243609541089
22,846.5176374349445,,,mixed C-H bending / C-C stretching,nu(C4-H16),bond,0.0031961039588945766,-,-0.0019981745696336073,0.33696834756275934
22,846.5176374349445,,,mixed C-H bending / C-C stretching,nu(C1-H12),bond,0.0030126777126206444,-,-0.0019573685124658104,0.3310110907707208
22,846.5176374349445,,,mixed C-H bending / C-C stretching,tau(C1-C2-C3-C4),dihedral,0.002620462063744778,-,-0.0017710988027101213,0.3516635565620462
22,846.5176374349445,,,mixed C-H bending / C-C stretching,delta(C3-C2-H13),angle,0.0013110197801176338,-,-0.0008158606147994802,0.8291104208312534
22,846.5176374349445,,,mixed C-H bending / C-C stretching,nu(C8-O9),bond,0.0010615300950245418,-,-0.0007317522712757033,0.8345247457215548
22,846.5176374349445,,,mixed C-H bending / C-C stretching,nu(C8-H22),bond,0.0010141212721208224,+,0.0011936029245582993,0.2996437407786608
22,846.5176374349445,,,mixed C-H bending / C-C stretching,nu(C4-H17),bond,0.0003632860547487773,-,-0.000673619048506071,0.33701953429854553
22,846.5176374349445,,,mixed C-H bending / C-C stretching,nu(C1-H11),bond,0.00025471411035498786,+,0.0005654702626029688,0.3353270039257434
22,846.5176374349445,,,mixed C-H bending / C-C stretching,nu(C4-H18),bond,0.00011760701688555326,-,-0.00038297796592697746,0.3375364853619774
22,846.5176374349445,,,mixed C-H bending / C-C stretching,nu(C1-H10),bond,7.337428476202835e-05,-,-0.00030209434214107555,0.3384494119949666
22,846.5176374349445,,,mixed C-H bending / C-C stretching,nu(C6-H19),bond,6.83667993768158e-05,+,0.000286887369784647,0.3496692621462572
22,846.5176374349445,,,mixed C-H bending / C-C stretching,nu(C6-H20),bond,5.390986122158981e-05,+,0.00025811488952591564,0.34062550565283833
22,846.5176374349445,,,mixed C-H bending / C-C stretching,tau(C3-N5-C7-H21),dihedral,4.21715300943956e-05,-,-0.0003475026782257697,0.14700703306904594
22,846.5176374349445,,,mixed C-H bending / C-C stretching,delta(H16-C4-H17),angle,5.043702147794773e-06,-,-8.790753754616072e-05,0.27474656297601174
22,846.5176374349445,,,mixed C-H bending / C-C stretching,nu(C2-H13),bond,3.0591103645105444e-06,-,-6.26841916383914e-05,0.3277284562397979
23,873.0563735238338,,,mixed ring-site C-H out-of-plane bending / ring-site C-H in-plane bending,tau(H20-C6-C7-C8),dihedral,23.99687623073107,+,0.16812637451038306,0.36929600751604197
23,873.0563735238338,,,mixed ring-site C-H out-of-plane bending / ring-site C-H in-plane bending,delta(C7-C6-H20),angle,20.969170490331337,-,-0.2087329574847309,0.20935859466531728
23,873.0563735238338,,,mixed ring-site C-H out-of-plane bending / ring-site C-H in-plane bending,tau(C3-N5-C7-H21),dihedral,14.829130303232512,-,-0.209476149716427,0.14700703306904594
23,873.0563735238338,,,mixed ring-site C-H out-of-plane bending / ring-site C-H in-plane bending,"gamma(C7;C6,N5,H19)",oop,10.395309386470155,-,-0.08954321786787578,0.5639798938871293
23,873.0563735238338,,,mixed ring-site C-H out-of-plane bending / ring-site C-H in-plane bending,delta(C7-C8-O9),angle,8.405997722641105,-,-0.10051644667248151,0.361915021923592
23,873.0563735238338,,,mixed ring-site C-H out-of-plane bending / ring-site C-H in-plane bending,nu(C7-C8),bond,7.659307052154818,+,0.10801963691366265,0.28554571717231075
23,873.0563735238338,,,mixed ring-site C-H out-of-plane bending / ring-site C-H in-plane bending,nu(N5-C6),bond,5.659234625468116,-,-0.06371857787920056,0.6063412962020981
23,873.0563735238338,,,mixed ring-site C-H out-of-plane bending / ring-site C-H in-plane bending,"gamma(O9;C8,C7,H22)",oop,1.960708136137679,-,-0.08651284859733964,0.1139576076428222
23,873.0563735238338,,,mixed ring-site C-H out-of-plane bending / ring-site C-H in-plane bending,delta(C1-C2-H13),angle,1.2301192230099673,-,-0.021498673056306063,1.157751871494402
23,873.0563735238338,,,mixed ring-site C-H out-of-plane bending / ring-site C-H in-plane bending,delta(C3-N5-C6),angle,0.6022507300807333,+,0.024329448960512038,0.4425928427372072
23,873.0563735238338,,,mixed ring-site C-H out-of-plane bending / ring-site C-H in-plane bending,tau(H13-C2-C3-N5),dihedral,0.5290516944701725,+,0.025436944359138347,0.35568031212637796
23,873.0563735238338,,,mixed ring-site C-H out-of-plane bending / ring-site C-H in-plane bending,delta(C2-C1-H10),angle,0.5057370005499203,+,0.031698392823018756,0.21894843186002957
23,873.0563735238338,,,mixed ring-site C-H out-of-plane bending / ring-site C-H in-plane bending,delta(N5-C6-H19),angle,0.28436839842463374,+,0.023735578920691246,0.21957013616155804
23,873.0563735238338,,,mixed ring-site C-H out-of-plane bending / ring-site C-H in-plane bending,tau(C6-C7-C8-O9),dihedral,0.2805013461635409,-,-0.06807411593397955,0.02633070738300783
23,873.0563735238338,,,mixed ring-site C-H out-of-plane bending / ring-site C-H in-plane bending,delta(C6-C7-C8),angle,0.22905204184509328,-,-0.01944255923439835,0.2635839141319724
23,873.0563735238338,,,mixed ring-site C-H out-of-plane bending / ring-site C-H in-plane bending,delta(C2-C1-H12),angle,0.21588107154556885,-,-0.020621743259120414,0.22082864654339243
23,873.0563735238338,,,mixed ring-site C-H out-of-plane bending / ring-site C-H in-plane bending,delta(C1-C2-H14),angle,0.21585803496305347,+,0.015977247376551325,0.36783741091385147
23,873.0563735238338,,,mixed ring-site C-H out-of-plane bending / ring-site C-H in-plane bending,delta(O9-C8-H22),angle,0.18673046280812805,+,0.016460188823567642,0.2998038078133957
23,873.0563735238338,,,mixed ring-site C-H out-of-plane bending / ring-site C-H in-plane bending,"gamma(N5;C6,C7,H20)",oop,0.17036243582271698,+,0.007474622265982743,1.3264379453481014
23,873.0563735238338,,,mixed ring-site C-H out-of-plane bending / ring-site C-H in-plane bending,"gamma(N5;C3,C4,H15)",oop,0.1679372440883663,+,0.013108019064517907,0.42517183750888987
23,873.0563735238338,,,mixed ring-site C-H out-of-plane bending / ring-site C-H in-plane bending,delta(C3-C2-H13),angle,0.16648928861896006,+,0.009346150289688738,0.8291104208312534
23,873.0563735238338,,,mixed ring-site C-H out-of-plane bending / ring-site C-H in-plane bending,tau(C4-C3-N5-C6),dihedral,0.15996252124389623,+,0.03249892583752042,0.06588276594613837
23,873.0563735238338,,,mixed ring-site C-H out-of-plane bending / ring-site C-H in-plane bending,nu(C6-C7),bond,0.15520087866014906,-,-0.014811834465466656,0.30772875007652795
23,873.0563735238338,,,mixed ring-site C-H out-of-plane bending / ring-site C-H in-plane bending,tau(H11-C1-C2-C3),dihedral,0.1346874409248586,+,0.018376354087006767,0.173500206926061
23,873.0563735238338,,,mixed ring-site C-H out-of-plane bending / ring-site C-H in-plane bending,delta(C2-C3-H15),angle,0.10847206771918344,+,0.008940350615381327,0.5903375570711772
23,873.0563735238338,,,mixed ring-site C-H out-of-plane bending / ring-site C-H in-plane bending,nu(C6-H20),bond,0.10314994963108141,+,0.011477352662942843,0.34062550565283833
23,873.0563735238338,,,mixed ring-site C-H out-of-plane bending / ring-site C-H in-plane bending,delta(C4-C3-H15),angle,0.0980244518379668,+,0.010656372835785818,0.3754976345746755
23,873.0563735238338,,,mixed ring-site C-H out-of-plane bending / ring-site C-H in-plane bending,nu(C3-C4),bond,0.09490979681985104,+,0.012208201861090976,0.2770124173076562
23,873.0563735238338,,,mixed ring-site C-H out-of-plane bending / ring-site C-H in-plane bending,delta(C3-N5-C7),angle,0.08080818984110964,-,-0.010713580288076941,0.3062511428123691
23,873.0563735238338,,,mixed ring-site C-H out-of-plane bending / ring-site C-H in-plane bending,tau(H12-C1-C2-H14),dihedral,0.08050566347097407,-,-0.014268015032587589,0.17202474146598562
23,873.0563735238338,,,mixed ring-site C-H out-of-plane bending / ring-site C-H in-plane bending,"gamma(N5;C7,C6,C8)",oop,0.07833330775201784,-,-0.004076303546930182,2.0507136816458287
23,873.0563735238338,,,mixed ring-site C-H out-of-plane bending / ring-site C-H in-plane bending,delta(N5-C7-H21),angle,0.05094653797850996,+,0.009761037473774683,0.23260246557067013
23,873.0563735238338,,,mixed ring-site C-H out-of-plane bending / ring-site C-H in-plane bending,delta(C2-C1-H11),angle,0.05046410025638432,-,-0.00999724000944132,0.21964124363029877
23,873.0563735238338,,,mixed ring-site C-H out-of-plane bending / ring-site C-H in-plane bending,delta(C3-C4-H16),angle,0.04645436548901477,-,-0.00806987252162276,0.31030214713203214
23,873.0563735238338,,,mixed ring-site C-H out-of-plane bending / ring-site C-H in-plane bending,nu(C2-C3),bond,0.02698021334242955,-,-0.006605230091355702,0.2690054474963341
23,873.0563735238338,,,mixed ring-site C-H out-of-plane bending / ring-site C-H in-plane bending,delta(C3-C4-H18),angle,0.02314066287254881,+,0.005700772584189707,0.30974190085035774
23,873.0563735238338,,,mixed ring-site C-H out-of-plane bending / ring-site C-H in-plane bending,delta(H16-C4-H17),angle,0.011239355204821375,-,-0.004218425296577532,0.27474656297601174
23,873.0563735238338,,,mixed ring-site C-H out-of-plane bending / ring-site C-H in-plane bending,delta(H17-C4-H18),angle,0.00891432545675189,+,0.0037466309400619327,0.27624743369002036
23,873.0563735238338,,,mixed ring-site C-H out-of-plane bending / ring-site C-H in-plane bending,tau(C2-C3-C4-H17),dihedral,0.004887856037434445,-,-0.01015281540137901,0.020627045333551117
23,873.0563735238338,,,mixed ring-site C-H out-of-plane bending / ring-site C-H in-plane bending,nu(C8-O9),bond,0.0039639483354636,-,-0.001437441508091446,0.8345247457215548
23,873.0563735238338,,,mixed ring-site C-H out-of-plane bending / ring-site C-H in-plane bending,tau(H10-C1-C2-H13),dihedral,0.003940169766435361,-,-0.0031329340277801206,0.1746240399816733
23,873.0563735238338,,,mixed ring-site C-H out-of-plane bending / ring-site C-H in-plane bending,nu(C7-H21),bond,0.003919959491234052,-,-0.002205323337928651,0.3506134958372735
23,873.0563735238338,,,mixed ring-site C-H out-of-plane bending / ring-site C-H in-plane bending,delta(H16-C4-H18),angle,0.0032979820565570872,-,-0.0023191520573008803,0.2667358784486755
23,873.0563735238338,,,mixed ring-site C-H out-of-plane bending / ring-site C-H in-plane bending,nu(C6-H19),bond,0.00236525376530518,+,0.0017153626164342353,0.3496692621462572
23,873.0563735238338,,,mixed ring-site C-H out-of-plane bending / ring-site C-H in-plane bending,nu(C8-H22),bond,0.0021285503003433503,-,-0.0017578635140066852,0.2996437407786608
23,873.0563735238338,,,mixed ring-site C-H out-of-plane bending / ring-site C-H in-plane bending,delta(C1-C2-C3),angle,0.0016650218919002952,+,0.0010764289903810026,0.6250874412298897
23,873.0563735238338,,,mixed ring-site C-H out-of-plane bending / ring-site C-H in-plane bending,nu(C1-C2),bond,0.0003253336956262069,+,0.0007142860355292589,0.27738075382051663
23,873.0563735238338,,,mixed ring-site C-H out-of-plane bending / ring-site C-H in-plane bending,tau(C1-C2-C3-C4),dihedral,0.00028820236076566646,+,0.0005970777441873158,0.3516635565620462
23,873.0563735238338,,,mixed ring-site C-H out-of-plane bending / ring-site C-H in-plane bending,nu(C2-H13),bond,0.0001677323883518212,+,0.00047184264284766875,0.3277284562397979
23,873.0563735238338,,,mixed ring-site C-H out-of-plane bending / ring-site C-H in-plane bending,nu(C1-H10),bond,0.00016396677837687926,-,-0.0004590678177678033,0.3384494119949666
23,873.0563735238338,,,mixed ring-site C-H out-of-plane bending / ring-site C-H in-plane bending,nu(C4-H18),bond,0.00014472917196287847,+,0.0004318803802919361,0.3375364853619774
23,873.0563735238338,,,mixed ring-site C-H out-of-plane bending / ring-site C-H in-plane bending,nu(C2-H14),bond,0.00013407543453294217,-,-0.00042057638847898274,0.3297243609541089
23,873.0563735238338,,,mixed ring-site C-H out-of-plane bending / ring-site C-H in-plane bending,nu(C3-H15),bond,0.00011583546707857842,+,0.00040451324809793673,0.3079410963954522
23,873.0563735238338,,,mixed ring-site C-H out-of-plane bending / ring-site C-H in-plane bending,nu(C4-H16),bond,8.932258352796776e-05,+,0.00033957200758860374,0.33696834756275934
23,873.0563735238338,,,mixed ring-site C-H out-of-plane bending / ring-site C-H in-plane bending,nu(C4-H17),bond,4.589435292631043e-05,+,0.00024338728538834817,0.33701953429854553
23,873.0563735238338,,,mixed ring-site C-H out-of-plane bending / ring-site C-H in-plane bending,nu(C1-H11),bond,3.526430898982423e-05,+,0.00021388445585158729,0.3353270039257434
23,873.0563735238338,,,mixed ring-site C-H out-of-plane bending / ring-site C-H in-plane bending,nu(C1-H12),bond,2.5721546923768837e-05,+,0.00018385399353153904,0.3310110907707208
23,873.0563735238338,,,mixed ring-site C-H out-of-plane bending / ring-site C-H in-plane bending,delta(C2-C3-C4),angle,1.6342425312232268e-05,+,0.00011083127548868892,0.578739924160285
23,873.0563735238338,,,mixed ring-site C-H out-of-plane bending / ring-site C-H in-plane bending,nu(C3-N5),bond,1.1782609382847738e-05,+,0.00013494070919918915,0.28147971351032797
23,873.0563735238338,,,mixed ring-site C-H out-of-plane bending / ring-site C-H in-plane bending,delta(H13-C2-H14),angle,3.071723407805623e-07,+,1.6134421542508035e-05,0.5132948477004958
24,904.6206100252064,,,mixed cyclic-ring out-of-plane deformation / cyclic C-N stretching,nu(N5-C6),bond,22.643921996318337,-,-0.16035056978647017,0.6063412962020981
24,904.6206100252064,,,mixed cyclic-ring out-of-plane deformation / cyclic C-N stretching,"gamma(C7;C6,N5,H19)",oop,19.4109528690564,+,0.15393765735483747,0.5639798938871293
24,904.6206100252064,,,mixed cyclic-ring out-of-plane deformation / cyclic C-N stretching,tau(H20-C6-C7-C8),dihedral,14.353715297861868,+,0.16358674611773025,0.36929600751604197
24,904.6206100252064,,,mixed cyclic-ring out-of-plane deformation / cyclic C-N stretching,delta(C3-C4-H18),angle,8.188855367109536,-,-0.13491644121869167,0.30974190085035774
24,904.6206100252064,,,mixed cyclic-ring out-of-plane deformation / cyclic C-N stretching,nu(C3-N5),bond,5.0340700709932,-,-0.11096584747431826,0.28147971351032797
24,904.6206100252064,,,mixed cyclic-ring out-of-plane deformation / cyclic C-N stretching,"gamma(N5;C6,C7,H20)",oop,4.851931934591766,+,0.050184215279394456,1.3264379453481014
24,904.6206100252064,,,mixed cyclic-ring out-of-plane deformation / cyclic C-N stretching,"gamma(N5;C7,C6,C8)",oop,3.6146650524536357,+,0.03483652059398552,2.0507136816458287
24,904.6206100252064,,,mixed cyclic-ring out-of-plane deformation / cyclic C-N stretching,nu(C7-C8),bond,3.036524038839037,-,-0.08556650487348973,0.28554571717231075
24,904.6206100252064,,,mixed cyclic-ring out-of-plane deformation / cyclic C-N stretching,"gamma(N5;C3,C4,H15)",oop,2.641032829484487,+,0.06539701280905989,0.42517183750888987
24,904.6206100252064,,,mixed cyclic-ring out-of-plane deformation / cyclic C-N stretching,nu(C2-C3),bond,1.9568823357057163,+,0.07077095814526009,0.2690054474963341
24,904.6206100252064,,,mixed cyclic-ring out-of-plane deformation / cyclic C-N stretching,delta(C7-C6-H20),angle,1.8435387511890713,+,0.0778635130886532,0.20935859466531728
24,904.6206100252064,,,mixed cyclic-ring out-of-plane deformation / cyclic C-N stretching,delta(C3-N5-C6),angle,1.536245116956105,+,0.04888564174566189,0.4425928427372072
24,904.6206100252064,,,mixed cyclic-ring out-of-plane deformation / cyclic C-N stretching,nu(C1-C2),bond,1.4158352729129444,+,0.05928181041582097,0.27738075382051663
24,904.6206100252064,,,mixed cyclic-ring out-of-plane deformation / cyclic C-N stretching,nu(C6-C7),bond,1.2122321948446377,-,-0.05207893888808486,0.30772875007652795
24,904.6206100252064,,,mixed cyclic-ring out-of-plane deformation / cyclic C-N stretching,delta(C3-C4-H16),angle,1.1762849101034758,+,0.051087791509574605,0.31030214713203214
24,904.6206100252064,,,mixed cyclic-ring out-of-plane deformation / cyclic C-N stretching,delta(N5-C6-H19),angle,1.0341902201876876,-,-0.05694647338333107,0.21957013616155804
24,904.6206100252064,,,mixed cyclic-ring out-of-plane deformation / cyclic C-N stretching,delta(C2-C1-H11),angle,0.7442409607603199,+,0.048300663159123,0.21964124363029877
24,904.6206100252064,,,mixed cyclic-ring out-of-plane deformation / cyclic C-N stretching,delta(C3-N5-C7),angle,0.6885138600868216,-,-0.03934329605657005,0.3062511428123691
24,904.6206100252064,,,mixed cyclic-ring out-of-plane deformation / cyclic C-N stretching,delta(C2-C3-C4),angle,0.6066217646706265,-,-0.026863990723786674,0.578739924160285
24,904.6206100252064,,,mixed cyclic-ring out-of-plane deformation / cyclic C-N stretching,delta(C4-C3-H15),angle,0.4569663913202146,-,-0.02894621500124383,0.3754976345746755
24,904.6206100252064,,,mixed cyclic-ring out-of-plane deformation / cyclic C-N stretching,tau(C4-C3-N5-C6),dihedral,0.4435248830621001,+,0.06808106477929361,0.06588276594613837
24,904.6206100252064,,,mixed cyclic-ring out-of-plane deformation / cyclic C-N stretching,tau(H13-C2-C3-N5),dihedral,0.4059580563540396,+,0.028032635195376698,0.35568031212637796
24,904.6206100252064,,,mixed cyclic-ring out-of-plane deformation / cyclic C-N stretching,delta(H16-C4-H17),angle,0.3775011438582906,+,0.03075716186275087,0.27474656297601174
24,904.6206100252064,,,mixed cyclic-ring out-of-plane deformation / cyclic C-N stretching,delta(C2-C1-H12),angle,0.3179430566770239,-,-0.0314847481417034,0.22082864654339243
24,904.6206100252064,,,mixed cyclic-ring out-of-plane deformation / cyclic C-N stretching,delta(C1-C2-C3),angle,0.3098474396850328,-,-0.01847382500870009,0.6250874412298897
24,904.6206100252064,,,mixed cyclic-ring out-of-plane deformation / cyclic C-N stretching,tau(H10-C1-C2-H13),dihedral,0.28395911067614876,-,-0.03346024712801378,0.1746240399816733
24,904.6206100252064,,,mixed cyclic-ring out-of-plane deformation / cyclic C-N stretching,tau(C6-C7-C8-O9),dihedral,0.2236069961931368,-,-0.07646535105721848,0.02633070738300783
24,904.6206100252064,,,mixed cyclic-ring out-of-plane deformation / cyclic C-N stretching,tau(H12-C1-C2-H14),dihedral,0.19911964018569742,+,0.028230258102062443,0.17202474146598562
24,904.6206100252064,,,mixed cyclic-ring out-of-plane deformation / cyclic C-N stretching,tau(C2-C3-C4-H17),dihedral,0.14288068159732112,+,0.06905919338014127,0.020627045333551117
24,904.6206100252064,,,mixed cyclic-ring out-of-plane deformation / cyclic C-N stretching,delta(C7-C8-O9),angle,0.13536271136376674,-,-0.016047207706117072,0.361915021923592
24,904.6206100252064,,,mixed cyclic-ring out-of-plane deformation / cyclic C-N stretching,delta(C1-C2-H13),angle,0.1331523980825136,+,0.00889856560658592,1.157751871494402
24,904.6206100252064,,,mixed cyclic-ring out-of-plane deformation / cyclic C-N stretching,delta(C1-C2-H14),angle,0.11116522986752211,+,0.014424799753447277,0.36783741091385147
24,904.6206100252064,,,mixed cyclic-ring out-of-plane deformation / cyclic C-N stretching,delta(O9-C8-H22),angle,0.11062181855287313,+,0.015938780173227075,0.2998038078133957
24,904.6206100252064,,,mixed cyclic-ring out-of-plane deformation / cyclic C-N stretching,delta(H16-C4-H18),angle,0.0908088986448263,-,-0.015310054702167914,0.2667358784486755
24,904.6206100252064,,,mixed cyclic-ring out-of-plane deformation / cyclic C-N stretching,delta(C6-C7-C8),angle,0.04965979949575506,+,0.011389280413333725,0.2635839141319724
24,904.6206100252064,,,mixed cyclic-ring out-of-plane deformation / cyclic C-N stretching,delta(C3-C2-H13),angle,0.04813585693119466,+,0.006322392056851504,0.8291104208312534
24,904.6206100252064,,,mixed cyclic-ring out-of-plane deformation / cyclic C-N stretching,nu(C3-C4),bond,0.04737273145266657,-,-0.010850952214139047,0.2770124173076562
24,904.6206100252064,,,mixed cyclic-ring out-of-plane deformation / cyclic C-N stretching,delta(H13-C2-H14),angle,0.03033359610292038,+,0.006378693781475197,0.5132948477004958
24,904.6206100252064,,,mixed cyclic-ring out-of-plane deformation / cyclic C-N stretching,nu(C7-H21),bond,0.022224004542620922,-,-0.006606175399737302,0.3506134958372735
24,904.6206100252064,,,mixed cyclic-ring out-of-plane deformation / cyclic C-N stretching,delta(C2-C3-H15),angle,0.015889556201932692,+,0.00430485901862093,0.5903375570711772
24,904.6206100252064,,,mixed cyclic-ring out-of-plane deformation / cyclic C-N stretching,delta(H17-C4-H18),angle,0.015266352769841722,-,-0.006168389327451609,0.27624743369002036
24,904.6206100252064,,,mixed cyclic-ring out-of-plane deformation / cyclic C-N stretching,delta(C2-C1-H10),angle,0.014392871488138077,-,-0.006727536467752192,0.21894843186002957
24,904.6206100252064,,,mixed cyclic-ring out-of-plane deformation / cyclic C-N stretching,tau(H11-C1-C2-C3),dihedral,0.008084540732909234,-,-0.005664100290575283,0.173500206926061
24,904.6206100252064,,,mixed cyclic-ring out-of-plane deformation / cyclic C-N stretching,nu(C3-H15),bond,0.005342231098268581,+,0.003456055960958541,0.3079410963954522
24,904.6206100252064,,,mixed cyclic-ring out-of-plane deformation / cyclic C-N stretching,nu(C4-H18),bond,0.0017552562267280094,+,0.0018921830836613953,0.3375364853619774
24,904.6206100252064,,,mixed cyclic-ring out-of-plane deformation / cyclic C-N stretching,tau(C3-N5-C7-H21),dihedral,0.0011699060951704547,-,-0.002340775169057268,0.14700703306904594
24,904.6206100252064,,,mixed cyclic-ring out-of-plane deformation / cyclic C-N stretching,nu(C8-H22),bond,0.0011436468840675777,-,-0.0016210508070338505,0.2996437407786608
24,904.6206100252064,,,mixed cyclic-ring out-of-plane deformation / cyclic C-N stretching,nu(C1-H10),bond,0.001107911291133739,+,0.0015012702158236713,0.3384494119949666
24,904.6206100252064,,,mixed cyclic-ring out-of-plane deformation / cyclic C-N stretching,nu(C2-H13),bond,0.0009859622118976396,-,-0.0014392171165178455,0.3277284562397979
24,904.6206100252064,,,mixed cyclic-ring out-of-plane deformation / cyclic C-N stretching,nu(C6-H20),bond,0.0008054748508428955,+,0.0012759705967530107,0.34062550565283833
24,904.6206100252064,,,mixed cyclic-ring out-of-plane deformation / cyclic C-N stretching,nu(C4-H16),bond,0.0007504109170151454,-,-0.0012382498213011437,0.33696834756275934
24,904.6206100252064,,,mixed cyclic-ring out-of-plane deformation / cyclic C-N stretching,nu(C8-O9),bond,0.0007306171378888117,+,0.0007763875711063567,0.8345247457215548
24,904.6206100252064,,,mixed cyclic-ring out-of-plane deformation / cyclic C-N stretching,nu(C4-H17),bond,0.0005851378839195449,-,-0.0010933389691258322,0.33701953429854553
24,904.6206100252064,,,mixed cyclic-ring out-of-plane deformation / cyclic C-N stretching,nu(C6-H19),bond,0.0005626340087044645,+,0.0010525373539486333,0.3496692621462572
24,904.6206100252064,,,mixed cyclic-ring out-of-plane deformation / cyclic C-N stretching,tau(C1-C2-C3-C4),dihedral,0.0002731289267572752,+,0.0007312627029273202,0.3516635565620462
24,904.6206100252064,,,mixed cyclic-ring out-of-plane deformation / cyclic C-N stretching,nu(C1-H12),bond,0.00024573455010734894,+,0.0007149325900849867,0.3310110907707208
24,904.6206100252064,,,mixed cyclic-ring out-of-plane deformation / cyclic C-N stretching,delta(N5-C7-H21),angle,0.00020433735348996616,+,0.0007777141155207312,0.23260246557067013
24,904.6206100252064,,,mixed cyclic-ring out-of-plane deformation / cyclic C-N stretching,"gamma(O9;C8,C7,H22)",oop,0.00015233564775300344,-,-0.0009593616779644599,0.1139576076428222
24,904.6206100252064,,,mixed cyclic-ring out-of-plane deformation / cyclic C-N stretching,nu(C2-H14),bond,0.0001328994515944564,-,-0.0005267921966170104,0.3297243609541089
24,904.6206100252064,,,mixed cyclic-ring out-of-plane deformation / cyclic C-N stretching,nu(C1-H11),bond,1.9765500480850947e-05,-,-0.00020145261062126543,0.3353270039257434
25,956.7238398595949,,,mixed cyclic C-N stretching / cyclic-ring out-of-plane deformation / cyclic C-C stretching,nu(N5-C6),bond,26.84855375963011,+,0.16492187277349704,0.6063412962020981
25,956.7238398595949,,,mixed cyclic C-N stretching / cyclic-ring out-of-plane deformation / cyclic C-C stretching,nu(C6-C7),bond,15.260613258870373,-,-0.17453331604673467,0.30772875007652795
25,956.7238398595949,,,mixed cyclic C-N stretching / cyclic-ring out-of-plane deformation / cyclic C-C stretching,"gamma(N5;C7,C6,C8)",oop,14.986681408074908,-,-0.0670002782671192,2.0507136816458287
25,956.7238398595949,,,mixed cyclic C-N stretching / cyclic-ring out-of-plane deformation / cyclic C-C stretching,nu(C3-N5),bond,5.485168149313863,-,-0.10940767926450091,0.28147971351032797
25,956.7238398595949,,,mixed cyclic C-N stretching / cyclic-ring out-of-plane deformation / cyclic C-C stretching,delta(C3-C4-H18),angle,5.290192437392893,-,-0.10242645427934798,0.30974190085035774
25,956.7238398595949,,,mixed cyclic C-N stretching / cyclic-ring out-of-plane deformation / cyclic C-C stretching,nu(C3-C4),bond,4.649238616541817,-,-0.1015354465101888,0.2770124173076562
25,956.7238398595949,,,mixed cyclic C-N stretching / cyclic-ring out-of-plane deformation / cyclic C-C stretching,"gamma(C7;C6,N5,H19)",oop,3.4776553521224374,-,-0.06154430085595136,0.5639798938871293
25,956.7238398595949,,,mixed cyclic C-N stretching / cyclic-ring out-of-plane deformation / cyclic C-C stretching,nu(C1-C2),bond,2.749056580897994,+,0.07802433225605529,0.27738075382051663
25,956.7238398595949,,,mixed cyclic C-N stretching / cyclic-ring out-of-plane deformation / cyclic C-C stretching,nu(C7-C8),bond,2.6542988758931574,+,0.07556374427317517,0.28554571717231075
25,956.7238398595949,,,mixed cyclic C-N stretching / cyclic-ring out-of-plane deformation / cyclic C-C stretching,delta(C3-C4-H16),angle,2.561301144782172,+,0.0712056269760157,0.31030214713203214
25,956.7238398595949,,,mixed cyclic C-N stretching / cyclic-ring out-of-plane deformation / cyclic C-C stretching,"gamma(O9;C8,C7,H22)",oop,2.514223149516221,-,-0.11641438068493723,0.1139576076428222
25,956.7238398595949,,,mixed cyclic C-N stretching / cyclic-ring out-of-plane deformation / cyclic C-C stretching,delta(C7-C8-O9),angle,1.6222874586126217,+,0.05247313162932938,0.361915021923592
25,956.7238398595949,,,mixed cyclic C-N stretching / cyclic-ring out-of-plane deformation / cyclic C-C stretching,delta(C2-C1-H11),angle,1.338442824862364,+,0.061181391215218844,0.21964124363029877
25,956.7238398595949,,,mixed cyclic C-N stretching / cyclic-ring out-of-plane deformation / cyclic C-C stretching,delta(C4-C3-H15),angle,1.0946085421737217,-,-0.04231576504565677,0.3754976345746755
25,956.7238398595949,,,mixed cyclic C-N stretching / cyclic-ring out-of-plane deformation / cyclic C-C stretching,nu(C2-C3),bond,0.993660751442334,+,0.04763376546167757,0.2690054474963341
25,956.7238398595949,,,mixed cyclic C-N stretching / cyclic-ring out-of-plane deformation / cyclic C-C stretching,"gamma(N5;C6,C7,H20)",oop,0.9189397715929639,-,-0.02062891749029484,1.3264379453481014
25,956.7238398595949,,,mixed cyclic C-N stretching / cyclic-ring out-of-plane deformation / cyclic C-C stretching,delta(C7-C6-H20),angle,0.8868615688763556,-,-0.051010420542945155,0.20935859466531728
25,956.7238398595949,,,mixed cyclic C-N stretching / cyclic-ring out-of-plane deformation / cyclic C-C stretching,delta(N5-C7-H21),angle,0.8579823480205647,-,-0.04760015893598945,0.23260246557067013
25,956.7238398595949,,,mixed cyclic C-N stretching / cyclic-ring out-of-plane deformation / cyclic C-C stretching,delta(C2-C1-H12),angle,0.8301898977880376,-,-0.04805486927775686,0.22082864654339243
25,956.7238398595949,,,mixed cyclic C-N stretching / cyclic-ring out-of-plane deformation / cyclic C-C stretching,delta(C2-C3-H15),angle,0.6568818180203989,+,0.026143865285853676,0.5903375570711772
25,956.7238398595949,,,mixed cyclic C-N stretching / cyclic-ring out-of-plane deformation / cyclic C-C stretching,tau(H20-C6-C7-C8),dihedral,0.5318387486344548,-,-0.029742609220397856,0.36929600751604197
25,956.7238398595949,,,mixed cyclic C-N stretching / cyclic-ring out-of-plane deformation / cyclic C-C stretching,delta(O9-C8-H22),angle,0.4830797617853943,-,-0.03146061679367312,0.2998038078133957
25,956.7238398595949,,,mixed cyclic C-N stretching / cyclic-ring out-of-plane deformation / cyclic C-C stretching,tau(H10-C1-C2-H13),dihedral,0.4644467729688832,-,-0.04041963081496298,0.1746240399816733
25,956.7238398595949,,,mixed cyclic C-N stretching / cyclic-ring out-of-plane deformation / cyclic C-C stretching,tau(H12-C1-C2-H14),dihedral,0.3823305887262547,+,0.03694880944439181,0.17202474146598562
25,956.7238398595949,,,mixed cyclic C-N stretching / cyclic-ring out-of-plane deformation / cyclic C-C stretching,tau(H13-C2-C3-N5),dihedral,0.33899895170411276,-,-0.024196115432751603,0.35568031212637796
25,956.7238398595949,,,mixed cyclic C-N stretching / cyclic-ring out-of-plane deformation / cyclic C-C stretching,delta(H16-C4-H17),angle,0.32211756447774154,+,0.026835979573307862,0.27474656297601174
25,956.7238398595949,,,mixed cyclic C-N stretching / cyclic-ring out-of-plane deformation / cyclic C-C stretching,delta(C1-C2-H14),angle,0.29053941035166064,+,0.02202677726437523,0.36783741091385147
25,956.7238398595949,,,mixed cyclic C-N stretching / cyclic-ring out-of-plane deformation / cyclic C-C stretching,delta(C6-C7-C8),angle,0.24997958578955046,+,0.0241362171239909,0.2635839141319724
25,956.7238398595949,,,mixed cyclic C-N stretching / cyclic-ring out-of-plane deformation / cyclic C-C stretching,delta(N5-C6-H19),angle,0.23884294835593434,-,-0.025849131718416928,0.21957013616155804
25,956.7238398595949,,,mixed cyclic C-N stretching / cyclic-ring out-of-plane deformation / cyclic C-C stretching,tau(C3-N5-C7-H21),dihedral,0.18148594707049365,+,0.02753777379084902,0.14700703306904594
25,956.7238398595949,,,mixed cyclic C-N stretching / cyclic-ring out-of-plane deformation / cyclic C-C stretching,tau(C2-C3-C4-H17),dihedral,0.15015643978162482,+,0.06686977364616777,0.020627045333551117
25,956.7238398595949,,,mixed cyclic C-N stretching / cyclic-ring out-of-plane deformation / cyclic C-C stretching,delta(C2-C3-C4),angle,0.13787115827303728,-,-0.012096824331339882,0.578739924160285
25,956.7238398595949,,,mixed cyclic C-N stretching / cyclic-ring out-of-plane deformation / cyclic C-C stretching,delta(C3-N5-C7),angle,0.13599142016928356,+,0.01651555904413251,0.3062511428123691
25,956.7238398595949,,,mixed cyclic C-N stretching / cyclic-ring out-of-plane deformation / cyclic C-C stretching,delta(H17-C4-H18),angle,0.0934019290837948,-,-0.014411367074310828,0.27624743369002036
25,956.7238398595949,,,mixed cyclic C-N stretching / cyclic-ring out-of-plane deformation / cyclic C-C stretching,"gamma(N5;C3,C4,H15)",oop,0.07326041179768113,+,0.010287949317718715,0.42517183750888987
25,956.7238398595949,,,mixed cyclic C-N stretching / cyclic-ring out-of-plane deformation / cyclic C-C stretching,delta(C1-C2-H13),angle,0.06743907243402883,+,0.005981697294633798,1.157751871494402
25,956.7238398595949,,,mixed cyclic C-N stretching / cyclic-ring out-of-plane deformation / cyclic C-C stretching,tau(C6-C7-C8-O9),dihedral,0.05802561508706339,+,0.03679213553208485,0.02633070738300783
25,956.7238398595949,,,mixed cyclic C-N stretching / cyclic-ring out-of-plane deformation / cyclic C-C stretching,tau(C1-C2-C3-C4),dihedral,0.02198802740635235,+,0.006197347319990927,0.3516635565620462
25,956.7238398595949,,,mixed cyclic C-N stretching / cyclic-ring out-of-plane deformation / cyclic C-C stretching,nu(C6-H19),bond,0.020000966579703496,-,-0.005927521622603694,0.3496692621462572
25,956.7238398595949,,,mixed cyclic C-N stretching / cyclic-ring out-of-plane deformation / cyclic C-C stretching,delta(C2-C1-H10),angle,0.017720378483109724,-,-0.00705085787472081,0.21894843186002957
25,956.7238398595949,,,mixed cyclic C-N stretching / cyclic-ring out-of-plane deformation / cyclic C-C stretching,nu(C8-O9),bond,0.015208188097781234,-,-0.0033457655990918596,0.8345247457215548
25,956.7238398595949,,,mixed cyclic C-N stretching / cyclic-ring out-of-plane deformation / cyclic C-C stretching,delta(C3-N5-C6),angle,0.009421860322168588,+,0.0036161173927632254,0.4425928427372072
25,956.7238398595949,,,mixed cyclic C-N stretching / cyclic-ring out-of-plane deformation / cyclic C-C stretching,tau(C4-C3-N5-C6),dihedral,0.008121163286438925,+,0.008701609562204752,0.06588276594613837
25,956.7238398595949,,,mixed cyclic C-N stretching / cyclic-ring out-of-plane deformation / cyclic C-C stretching,nu(C6-H20),bond,0.007718927423312208,-,-0.0037309229478987333,0.34062550565283833
25,956.7238398595949,,,mixed cyclic C-N stretching / cyclic-ring out-of-plane deformation / cyclic C-C stretching,delta(C3-C2-H13),angle,0.004843197295449078,+,0.0018942455560574088,0.8291104208312534
25,956.7238398595949,,,mixed cyclic C-N stretching / cyclic-ring out-of-plane deformation / cyclic C-C stretching,tau(H11-C1-C2-C3),dihedral,0.004321056878181864,+,0.003911302236389709,0.173500206926061
25,956.7238398595949,,,mixed cyclic C-N stretching / cyclic-ring out-of-plane deformation / cyclic C-C stretching,nu(C7-H21),bond,0.0033148756069583825,-,-0.0024098814947630283,0.3506134958372735
25,956.7238398595949,,,mixed cyclic C-N stretching / cyclic-ring out-of-plane deformation / cyclic C-C stretching,nu(C4-H16),bond,0.0025603359688748297,-,-0.002160380795318507,0.33696834756275934
25,956.7238398595949,,,mixed cyclic C-N stretching / cyclic-ring out-of-plane deformation / cyclic C-C stretching,delta(H16-C4-H18),angle,0.0025469683880287976,+,0.002421851123443355,0.2667358784486755
25,956.7238398595949,,,mixed cyclic C-N stretching / cyclic-ring out-of-plane deformation / cyclic C-C stretching,delta(C1-C2-C3),angle,0.0012912980214045122,+,0.0011264689865113852,0.6250874412298897
25,956.7238398595949,,,mixed cyclic C-N stretching / cyclic-ring out-of-plane deformation / cyclic C-C stretching,nu(C8-H22),bond,0.0012095086259078253,+,0.0015746290640022682,0.2996437407786608
25,956.7238398595949,,,mixed cyclic C-N stretching / cyclic-ring out-of-plane deformation / cyclic C-C stretching,delta(H13-C2-H14),angle,0.0010332245290556503,+,0.0011119628675428086,0.5132948477004958
25,956.7238398595949,,,mixed cyclic C-N stretching / cyclic-ring out-of-plane deformation / cyclic C-C stretching,nu(C1-H12),bond,0.000990125209240048,+,0.0013555020218564975,0.3310110907707208
25,956.7238398595949,,,mixed cyclic C-N stretching / cyclic-ring out-of-plane deformation / cyclic C-C stretching,nu(C3-H15),bond,0.00046012141890753536,+,0.0009580292804112104,0.3079410963954522
25,956.7238398595949,,,mixed cyclic C-N stretching / cyclic-ring out-of-plane deformation / cyclic C-C stretching,nu(C4-H18),bond,0.0002566624993014192,+,0.0006834350232955927,0.3375364853619774
25,956.7238398595949,,,mixed cyclic C-N stretching / cyclic-ring out-of-plane deformation / cyclic C-C stretching,nu(C2-H13),bond,0.0001964991839553284,-,-0.0006068756086208813,0.3277284562397979
25,956.7238398595949,,,mixed cyclic C-N stretching / cyclic-ring out-of-plane deformation / cyclic C-C stretching,nu(C2-H14),bond,0.00011086950980852112,+,0.00045447178852861666,0.3297243609541089
25,956.7238398595949,,,mixed cyclic C-N stretching / cyclic-ring out-of-plane deformation / cyclic C-C stretching,nu(C4-H17),bond,3.977975788459651e-05,+,0.00026926500500078286,0.33701953429854553
25,956.7238398595949,,,mixed cyclic C-N stretching / cyclic-ring out-of-plane deformation / cyclic C-C stretching,nu(C1-H11),bond,1.9158649359343706e-06,-,-5.9241297735307136e-05,0.3353270039257434
25,956.7238398595949,,,mixed cyclic C-N stretching / cyclic-ring out-of-plane deformation / cyclic C-C stretching,nu(C1-H10),bond,8.726878455135003e-09,+,3.979779082462811e-06,0.3384494119949666
26,986.2699769519346,,,mixed C-H bending / C-C torsion,delta(C3-C4-H16),angle,18.607239800030342,-,-0.19254318998500444,0.31030214713203214
26,986.2699769519346,,,mixed C-H bending / C-C torsion,delta(C2-C3-H15),angle,16.236053585405188,-,-0.1303976026264425,0.5903375570711772
26,986.2699769519346,,,mixed C-H bending / C-C torsion,delta(C2-C1-H12),angle,10.000626437069688,+,0.16732678743031212,0.22082864654339243
26,986.2699769519346,,,mixed C-H bending / C-C torsion,delta(C4-C3-H15),angle,6.6036161338153265,+,0.10427180296527162,0.3754976345746755
26,986.2699769519346,,,mixed C-H bending / C-C torsion,"gamma(O9;C8,C7,H22)",oop,5.559338977493284,-,-0.17366787567659814,0.1139576076428222
26,986.2699769519346,,,mixed C-H bending / C-C torsion,nu(C3-N5),bond,5.230225373378566,-,-0.10718061070263432,0.28147971351032797
26,986.2699769519346,,,mixed C-H bending / C-C torsion,delta(C3-C2-H13),angle,4.503073615313528,-,-0.05794659378300698,0.8291104208312534
26,986.2699769519346,,,mixed C-H bending / C-C torsion,nu(C3-C4),bond,4.385736039060369,+,0.09893528337673695,0.2770124173076562
26,986.2699769519346,,,mixed C-H bending / C-C torsion,delta(C1-C2-H14),angle,3.880659383983316,-,-0.08076150246992653,0.36783741091385147
26,986.2699769519346,,,mixed C-H bending / C-C torsion,delta(C2-C1-H11),angle,3.539215718011113,-,-0.09981048037442633,0.21964124363029877
26,986.2699769519346,,,mixed C-H bending / C-C torsion,tau(H12-C1-C2-H14),dihedral,3.2913664010505057,-,-0.10876076023261703,0.17202474146598562
26,986.2699769519346,,,mixed C-H bending / C-C torsion,nu(C6-C7),bond,3.237998490702478,-,-0.08065547633209477,0.30772875007652795
26,986.2699769519346,,,mixed C-H bending / C-C torsion,delta(C2-C1-H10),angle,1.9602760263883798,-,-0.07439902953158287,0.21894843186002957
26,986.2699769519346,,,mixed C-H bending / C-C torsion,tau(C1-C2-C3-C4),dihedral,1.8909982181247433,-,-0.0576582495646792,0.3516635565620462
26,986.2699769519346,,,mixed C-H bending / C-C torsion,tau(H11-C1-C2-C3),dihedral,1.8034568019829198,-,-0.08016456667269062,0.173500206926061
26,986.2699769519346,,,mixed C-H bending / C-C torsion,"gamma(N5;C3,C4,H15)",oop,1.54007461794437,+,0.0473225580261374,0.42517183750888987
26,986.2699769519346,,,mixed C-H bending / C-C torsion,delta(H17-C4-H18),angle,1.2362350365173163,+,0.05259942222232451,0.27624743369002036
26,986.2699769519346,,,mixed C-H bending / C-C torsion,delta(C1-C2-H13),angle,1.041127993196975,+,0.02357891906833131,1.157751871494402
26,986.2699769519346,,,mixed C-H bending / C-C torsion,delta(H16-C4-H18),angle,0.8956027095561401,-,-0.04556134718680792,0.2667358784486755
26,986.2699769519346,,,mixed C-H bending / C-C torsion,delta(N5-C7-H21),angle,0.8229188009021173,-,-0.04676822755833968,0.23260246557067013
26,986.2699769519346,,,mixed C-H bending / C-C torsion,delta(C7-C8-O9),angle,0.5960266436667181,+,0.03190869979134504,0.361915021923592
26,986.2699769519346,,,mixed C-H bending / C-C torsion,delta(C3-C4-H18),angle,0.5683333016232842,+,0.033680703050279266,0.30974190085035774
26,986.2699769519346,,,mixed C-H bending / C-C torsion,delta(C1-C2-C3),angle,0.5380440954583864,-,-0.023068434557640228,0.6250874412298897
26,986.2699769519346,,,mixed C-H bending / C-C torsion,nu(C1-C2),bond,0.5244322226109812,-,-0.03418897635192541,0.27738075382051663
26,986.2699769519346,,,mixed C-H bending / C-C torsion,tau(C4-C3-N5-C6),dihedral,0.20254570923265977,+,0.043596857656545085,0.06588276594613837
26,986.2699769519346,,,mixed C-H bending / C-C torsion,delta(C3-N5-C7),angle,0.19353370128959657,+,0.01976601033230423,0.3062511428123691
26,986.2699769519346,,,mixed C-H bending / C-C torsion,"gamma(C7;C6,N5,H19)",oop,0.1330443436175113,+,0.012076635894061424,0.5639798938871293
26,986.2699769519346,,,mixed C-H bending / C-C torsion,tau(C2-C3-C4-H17),dihedral,0.12734704751854728,-,-0.0617810812172376,0.020627045333551117
26,986.2699769519346,,,mixed C-H bending / C-C torsion,nu(N5-C6),bond,0.12342082321605588,+,0.011217994462948211,0.6063412962020981
26,986.2699769519346,,,mixed C-H bending / C-C torsion,tau(H20-C6-C7-C8),dihedral,0.08915849562259173,-,-0.01221725491388458,0.36929600751604197
26,986.2699769519346,,,mixed C-H bending / C-C torsion,delta(H16-C4-H17),angle,0.08705873867623327,-,-0.013996505755577832,0.27474656297601174
26,986.2699769519346,,,mixed C-H bending / C-C torsion,delta(C3-N5-C6),angle,0.08679705997109019,+,0.01101107928868997,0.4425928427372072
26,986.2699769519346,,,mixed C-H bending / C-C torsion,"gamma(N5;C6,C7,H20)",oop,0.06716071912587797,+,0.005594918647083822,1.3264379453481014
26,986.2699769519346,,,mixed C-H bending / C-C torsion,"gamma(N5;C7,C6,C8)",oop,0.048888171808418465,-,-0.003839095891009413,2.0507136816458287
26,986.2699769519346,,,mixed C-H bending / C-C torsion,tau(H10-C1-C2-H13),dihedral,0.045653800772520604,+,0.01271352641387485,0.1746240399816733
26,986.2699769519346,,,mixed C-H bending / C-C torsion,delta(C6-C7-C8),angle,0.03750229072049886,+,0.009378837742957604,0.2635839141319724
26,986.2699769519346,,,mixed C-H bending / C-C torsion,delta(C7-C6-H20),angle,0.03692959348963514,-,-0.01044290776377658,0.20935859466531728
26,986.2699769519346,,,mixed C-H bending / C-C torsion,delta(C2-C3-C4),angle,0.033287512061573495,+,0.0059631882915290564,0.578739924160285
26,986.2699769519346,,,mixed C-H bending / C-C torsion,delta(H13-C2-H14),angle,0.0318216544467327,+,0.006190952915059237,0.5132948477004958
26,986.2699769519346,,,mixed C-H bending / C-C torsion,tau(C6-C7-C8-O9),dihedral,0.03078729108012928,-,-0.02688648641216313,0.02633070738300783
26,986.2699769519346,,,mixed C-H bending / C-C torsion,nu(C7-C8),bond,0.02687921955230888,-,-0.007628691942263866,0.28554571717231075
26,986.2699769519346,,,mixed C-H bending / C-C torsion,delta(O9-C8-H22),angle,0.026724219237850746,-,-0.007423582110179716,0.2998038078133957
26,986.2699769519346,,,mixed C-H bending / C-C torsion,nu(C2-C3),bond,0.020588495710602343,-,-0.006878778838291652,0.2690054474963341
26,986.2699769519346,,,mixed C-H bending / C-C torsion,nu(C4-H16),bond,0.016070415360789098,+,0.00542998428390813,0.33696834756275934
26,986.2699769519346,,,mixed C-H bending / C-C torsion,nu(C1-H12),bond,0.0098295157134424,-,-0.004284738913622252,0.3310110907707208
26,986.2699769519346,,,mixed C-H bending / C-C torsion,nu(C7-H21),bond,0.007904455768207311,-,-0.0037333718463838416,0.3506134958372735
26,986.2699769519346,,,mixed C-H bending / C-C torsion,nu(C3-H15),bond,0.006351093849032774,+,0.0035708369090106953,0.3079410963954522
26,986.2699769519346,,,mixed C-H bending / C-C torsion,delta(N5-C6-H19),angle,0.005339491037770941,-,-0.003877420223745265,0.21957013616155804
26,986.2699769519346,,,mixed C-H bending / C-C torsion,nu(C6-H19),bond,0.005166867610357229,-,-0.0030224875051119435,0.3496692621462572
26,986.2699769519346,,,mixed C-H bending / C-C torsion,nu(C1-H10),bond,0.0026117876559853754,+,0.002184246388591277,0.3384494119949666
26,986.2699769519346,,,mixed C-H bending / C-C torsion,nu(C4-H17),bond,0.0018370897313835803,-,-0.0018357655835339205,0.33701953429854553
26,986.2699769519346,,,mixed C-H bending / C-C torsion,nu(C1-H11),bond,0.0011881506904936213,+,0.0014800659717541034,0.3353270039257434
26,986.2699769519346,,,mixed C-H bending / C-C torsion,nu(C4-H18),bond,0.0009160614771161359,-,-0.0012953332809071206,0.3375364853619774
26,986.2699769519346,,,mixed C-H bending / C-C torsion,nu(C8-O9),bond,0.000666808788461522,+,0.0007028467222447478,0.8345247457215548
26,986.2699769519346,,,mixed C-H bending / C-C torsion,tau(H13-C2-C3-N5),dihedral,9.931518355223836e-05,-,-0.0004154870454378473,0.35568031212637796
26,986.2699769519346,,,mixed C-H bending / C-C torsion,nu(C8-H22),bond,8.652891456466991e-05,-,-0.00042253004764733585,0.2996437407786608
26,986.2699769519346,,,mixed C-H bending / C-C torsion,nu(C2-H14),bond,5.56544077825143e-05,+,0.0003230381698156345,0.3297243609541089
26,986.2699769519346,,,mixed C-H bending / C-C torsion,tau(C3-N5-C7-H21),dihedral,4.6291122686462234e-05,-,-0.0004412242528427966,0.14700703306904594
26,986.2699769519346,,,mixed C-H bending / C-C torsion,nu(C2-H13),bond,1.4812453238102121e-05,-,-0.00016716139849008992,0.3277284562397979
26,986.2699769519346,,,mixed C-H bending / C-C torsion,nu(C6-H20),bond,1.034979866424141e-05,-,-0.00013705880609166143,0.34062550565283833
27,1017.1009841695228,,,mixed C-H bending / C-O out-of-plane bending,"gamma(O9;C8,C7,H22)",oop,15.521290235644713,+,0.3034721620136384,0.1139576076428222
27,1017.1009841695228,,,mixed C-H bending / C-O out-of-plane bending,delta(C2-C1-H11),angle,11.967111187182804,-,-0.19193948554634013,0.21964124363029877
27,1017.1009841695228,,,mixed C-H bending / C-O out-of-plane bending,nu(C3-C4),bond,8.705555296862826,-,-0.14577237550198965,0.2770124173076562
27,1017.1009841695228,,,mixed C-H bending / C-O out-of-plane bending,tau(H20-C6-C7-C8),dihedral,6.84469579596246,+,0.11194801047908634,0.36929600751604197
27,1017.1009841695228,,,mixed C-H bending / C-O out-of-plane bending,delta(C3-C2-H13),angle,6.516010802717378,+,0.07289727958044927,0.8291104208312534
27,1017.1009841695228,,,mixed C-H bending / C-O out-of-plane bending,delta(C1-C2-H13),angle,6.334773302768921,-,-0.06082532014382153,1.157751871494402
27,1017.1009841695228,,,mixed C-H bending / C-O out-of-plane bending,tau(H10-C1-C2-H13),dihedral,4.804032847604162,+,0.13638844526781857,0.1746240399816733
27,1017.1009841695228,,,mixed C-H bending / C-O out-of-plane bending,delta(C3-C4-H18),angle,3.794080897155736,-,-0.09100807412770058,0.30974190085035774
27,1017.1009841695228,,,mixed C-H bending / C-O out-of-plane bending,tau(H12-C1-C2-H14),dihedral,3.711965752946904,-,-0.12079059869951612,0.17202474146598562
27,1017.1009841695228,,,mixed C-H bending / C-O out-of-plane bending,"gamma(N5;C7,C6,C8)",oop,3.4047581081989287,-,-0.033505586723724924,2.0507136816458287
27,1017.1009841695228,,,mixed C-H bending / C-O out-of-plane bending,delta(C2-C1-H12),angle,3.0401243022506854,+,0.0964816174711963,0.22082864654339243
27,1017.1009841695228,,,mixed C-H bending / C-O out-of-plane bending,delta(C2-C1-H10),angle,2.8413742375897697,+,0.09367418216252109,0.21894843186002957
27,1017.1009841695228,,,mixed C-H bending / C-O out-of-plane bending,"gamma(N5;C6,C7,H20)",oop,2.463254909730314,-,-0.0354354392332704,1.3264379453481014
27,1017.1009841695228,,,mixed C-H bending / C-O out-of-plane bending,delta(C3-C4-H16),angle,2.3173670163506364,-,-0.07106105169287202,0.31030214713203214
27,1017.1009841695228,,,mixed C-H bending / C-O out-of-plane bending,delta(N5-C6-H19),angle,1.9780805160007457,-,-0.07804803212812753,0.21957013616155804
27,1017.1009841695228,,,mixed C-H bending / C-O out-of-plane bending,tau(H13-C2-C3-N5),dihedral,1.8526641483891466,+,0.05934649106869817,0.35568031212637796
27,1017.1009841695228,,,mixed C-H bending / C-O out-of-plane bending,nu(C2-C3),bond,1.8229051294817364,+,0.06769055992532724,0.2690054474963341
27,1017.1009841695228,,,mixed C-H bending / C-O out-of-plane bending,delta(C2-C3-H15),angle,1.8082333684113991,-,-0.04550966547404467,0.5903375570711772
27,1017.1009841695228,,,mixed C-H bending / C-O out-of-plane bending,delta(C1-C2-H14),angle,1.5975769723056432,-,-0.05419129854863107,0.36783741091385147
27,1017.1009841695228,,,mixed C-H bending / C-O out-of-plane bending,nu(C7-C8),bond,1.0758855117873065,+,0.05047447549556212,0.28554571717231075
27,1017.1009841695228,,,mixed C-H bending / C-O out-of-plane bending,nu(N5-C6),bond,1.0446964618041374,+,0.03413210699964617,0.6063412962020981
27,1017.1009841695228,,,mixed C-H bending / C-O out-of-plane bending,delta(N5-C7-H21),angle,1.041472883710035,+,0.055022895012347986,0.23260246557067013
27,1017.1009841695228,,,mixed C-H bending / C-O out-of-plane bending,delta(C2-C3-C4),angle,1.0001653192302302,+,0.034183835078394835,0.578739924160285
27,1017.1009841695228,,,mixed C-H bending / C-O out-of-plane bending,nu(C3-N5),bond,0.6819128690134273,+,0.04047319630943541,0.28147971351032797
27,1017.1009841695228,,,mixed C-H bending / C-O out-of-plane bending,"gamma(C7;C6,N5,H19)",oop,0.6215807385448727,-,-0.027298801067902306,0.5639798938871293
27,1017.1009841695228,,,mixed C-H bending / C-O out-of-plane bending,"gamma(N5;C3,C4,H15)",oop,0.48058068692780104,+,0.027645695632580094,0.42517183750888987
27,1017.1009841695228,,,mixed C-H bending / C-O out-of-plane bending,delta(H16-C4-H18),angle,0.4345511501410332,-,-0.03318993058816056,0.2667358784486755
27,1017.1009841695228,,,mixed C-H bending / C-O out-of-plane bending,delta(C7-C8-O9),angle,0.3947218809577089,-,-0.02715619424261445,0.361915021923592
27,1017.1009841695228,,,mixed C-H bending / C-O out-of-plane bending,delta(C1-C2-C3),angle,0.3735101952448268,-,-0.02010052746415812,0.6250874412298897
27,1017.1009841695228,,,mixed C-H bending / C-O out-of-plane bending,delta(H16-C4-H17),angle,0.2918420799490716,+,0.026799977674685477,0.27474656297601174
27,1017.1009841695228,,,mixed C-H bending / C-O out-of-plane bending,tau(C3-N5-C7-H21),dihedral,0.2719116863139257,+,0.03536482315666648,0.14700703306904594
27,1017.1009841695228,,,mixed C-H bending / C-O out-of-plane bending,delta(C4-C3-H15),angle,0.24000583340354587,+,0.020789014702316012,0.3754976345746755
27,1017.1009841695228,,,mixed C-H bending / C-O out-of-plane bending,delta(H17-C4-H18),angle,0.20869004803024652,+,0.022601036352774082,0.27624743369002036
27,1017.1009841695228,,,mixed C-H bending / C-O out-of-plane bending,tau(C6-C7-C8-O9),dihedral,0.16002582063090623,+,0.06410477475475942,0.02633070738300783
27,1017.1009841695228,,,mixed C-H bending / C-O out-of-plane bending,nu(C1-C2),bond,0.07850821150825404,+,0.0138339432664754,0.27738075382051663
27,1017.1009841695228,,,mixed C-H bending / C-O out-of-plane bending,delta(C7-C6-H20),angle,0.06866900989105434,+,0.014892294158049225,0.20935859466531728
27,1017.1009841695228,,,mixed C-H bending / C-O out-of-plane bending,delta(C3-N5-C6),angle,0.06815227215390711,+,0.010203862245015058,0.4425928427372072
27,1017.1009841695228,,,mixed C-H bending / C-O out-of-plane bending,tau(C4-C3-N5-C6),dihedral,0.04928434668148902,+,0.02249029750832568,0.06588276594613837
27,1017.1009841695228,,,mixed C-H bending / C-O out-of-plane bending,tau(C1-C2-C3-C4),dihedral,0.02416615168012854,+,0.006816582211697335,0.3516635565620462
27,1017.1009841695228,,,mixed C-H bending / C-O out-of-plane bending,delta(O9-C8-H22),angle,0.017254596969625873,+,0.0062382165699011866,0.2998038078133957
27,1017.1009841695228,,,mixed C-H bending / C-O out-of-plane bending,nu(C1-H11),bond,0.010129787577702188,+,0.00451952210879856,0.3353270039257434
27,1017.1009841695228,,,mixed C-H bending / C-O out-of-plane bending,delta(C6-C7-C8),angle,0.005830272457369431,+,0.003867333135835144,0.2635839141319724
27,1017.1009841695228,,,mixed C-H bending / C-O out-of-plane bending,nu(C7-H21),bond,0.0053700062419761085,+,0.0032181011547796914,0.3506134958372735
27,1017.1009841695228,,,mixed C-H bending / C-O out-of-plane bending,tau(H11-C1-C2-C3),dihedral,0.004917869413933338,+,0.004377892650936952,0.173500206926061
27,1017.1009841695228,,,mixed C-H bending / C-O out-of-plane bending,nu(C1-H12),bond,0.0030053349564917098,-,-0.00247771744818629,0.3310110907707208
27,1017.1009841695228,,,mixed C-H bending / C-O out-of-plane bending,nu(C8-O9),bond,0.002494950759580402,-,-0.0014217982988026605,0.8345247457215548
27,1017.1009841695228,,,mixed C-H bending / C-O out-of-plane bending,nu(C8-H22),bond,0.0022672866956342536,+,0.0022619199190584845,0.2996437407786608
27,1017.1009841695228,,,mixed C-H bending / C-O out-of-plane bending,nu(C4-H17),bond,0.0018839162409085087,-,-0.001944150441942587,0.33701953429854553
27,1017.1009841695228,,,mixed C-H bending / C-O out-of-plane bending,nu(C6-C7),bond,0.0018118538841355968,+,0.001995281425635315,0.30772875007652795
27,1017.1009841695228,,,mixed C-H bending / C-O out-of-plane bending,nu(C2-H13),bond,0.0017507612094195568,+,0.0019005661592101238,0.3277284562397979
27,1017.1009841695228,,,mixed C-H bending / C-O out-of-plane bending,nu(C1-H10),bond,0.0016869787121183567,-,-0.0018358387377548676,0.3384494119949666
27,1017.1009841695228,,,mixed C-H bending / C-O out-of-plane bending,nu(C3-H15),bond,0.0014494472292096393,-,-0.001783996462005021,0.3079410963954522
27,1017.1009841695228,,,mixed C-H bending / C-O out-of-plane bending,delta(C3-N5-C7),angle,0.0013753783291254008,-,-0.0017426045353509875,0.3062511428123691
27,1017.1009841695228,,,mixed C-H bending / C-O out-of-plane bending,delta(H13-C2-H14),angle,0.001121209466589838,+,0.0012153085013462948,0.5132948477004958
27,1017.1009841695228,,,mixed C-H bending / C-O out-of-plane bending,nu(C2-H14),bond,0.0004729635348354673,+,0.0009848382821102605,0.3297243609541089
27,1017.1009841695228,,,mixed C-H bending / C-O out-of-plane bending,nu(C6-H19),bond,0.00037120357683779245,+,0.0008472351355421401,0.3496692621462572
27,1017.1009841695228,,,mixed C-H bending / C-O out-of-plane bending,nu(C4-H16),bond,0.0003533948589757841,+,0.000842097096537191,0.33696834756275934
27,1017.1009841695228,,,mixed C-H bending / C-O out-of-plane bending,nu(C4-H18),bond,0.0001819874489030308,+,0.000603791461262054,0.3375364853619774
27,1017.1009841695228,,,mixed C-H bending / C-O out-of-plane bending,nu(C6-H20),bond,4.9457791656512606e-05,-,-0.0003133324601614663,0.34062550565283833
27,1017.1009841695228,,,mixed C-H bending / C-O out-of-plane bending,tau(C2-C3-C4-H17),dihedral,3.335748614977409e-05,-,-0.0010456943369538062,0.020627045333551117
28,1024.324116222745,,,mixed C-H bending / ring-site C-H out-of-plane bending,delta(C3-C2-H13),angle,15.697471063339842,+,0.1254113737503363,0.8291104208312534
28,1024.324116222745,,,mixed C-H bending / ring-site C-H out-of-plane bending,tau(H20-C6-C7-C8),dihedral,14.799266408799644,-,-0.1824572203216852,0.36929600751604197
28,1024.324116222745,,,mixed C-H bending / ring-site C-H out-of-plane bending,"gamma(O9;C8,C7,H22)",oop,11.867431776931866,-,-0.2941270564003445,0.1139576076428222
28,1024.324116222745,,,mixed C-H bending / ring-site C-H out-of-plane bending,delta(C3-C4-H18),angle,9.016671431446788,-,-0.15550752482806776,0.30974190085035774
28,1024.324116222745,,,mixed C-H bending / ring-site C-H out-of-plane bending,delta(C1-C2-H13),angle,5.948819600035124,-,-0.0653334993235939,1.157751871494402
28,1024.324116222745,,,mixed C-H bending / ring-site C-H out-of-plane bending,delta(C2-C1-H10),angle,5.048632417043262,+,0.1384025916740171,0.21894843186002957
28,1024.324116222745,,,mixed C-H bending / ring-site C-H out-of-plane bending,delta(N5-C6-H19),angle,4.782551459254857,+,0.13451522940041527,0.21957013616155804
28,1024.324116222745,,,mixed C-H bending / ring-site C-H out-of-plane bending,delta(C2-C1-H11),angle,4.198130616438154,-,-0.1260083406842716,0.21964124363029877
28,1024.324116222745,,,mixed C-H bending / ring-site C-H out-of-plane bending,tau(H10-C1-C2-H13),dihedral,4.084455524928432,+,0.13939376110857515,0.1746240399816733
28,1024.324116222745,,,mixed C-H bending / ring-site C-H out-of-plane bending,"gamma(N5;C6,C7,H20)",oop,3.7660011253925156,+,0.04856518198772671,1.3264379453481014
28,1024.324116222745,,,mixed C-H bending / ring-site C-H out-of-plane bending,"gamma(N5;C7,C6,C8)",oop,3.367519623894307,+,0.03693438054621617,2.0507136816458287
28,1024.324116222745,,,mixed C-H bending / ring-site C-H out-of-plane bending,nu(C1-C2),bond,2.755896277421739,-,-0.09084929017710774,0.27738075382051663
28,1024.324116222745,,,mixed C-H bending / ring-site C-H out-of-plane bending,nu(C2-C3),bond,1.7525891585924978,+,0.07356780347160419,0.2690054474963341
28,1024.324116222745,,,mixed C-H bending / ring-site C-H out-of-plane bending,nu(C3-N5),bond,1.6070362404532434,+,0.06886801280841137,0.28147971351032797
28,1024.324116222745,,,mixed C-H bending / ring-site C-H out-of-plane bending,delta(C3-C4-H16),angle,1.1653028244994372,+,0.05585412795382051,0.31030214713203214
28,1024.324116222745,,,mixed C-H bending / ring-site C-H out-of-plane bending,nu(C6-C7),bond,1.1303290600542322,+,0.05523911048959007,0.30772875007652795
28,1024.324116222745,,,mixed C-H bending / ring-site C-H out-of-plane bending,tau(C1-C2-C3-C4),dihedral,1.113772635091951,+,0.05129356164439778,0.3516635565620462
28,1024.324116222745,,,mixed C-H bending / ring-site C-H out-of-plane bending,tau(C3-N5-C7-H21),dihedral,1.0295865852041777,-,-0.07627648082531323,0.14700703306904594
28,1024.324116222745,,,mixed C-H bending / ring-site C-H out-of-plane bending,nu(C7-C8),bond,0.8308650639809743,-,-0.04916496000044472,0.28554571717231075
28,1024.324116222745,,,mixed C-H bending / ring-site C-H out-of-plane bending,nu(C3-C4),bond,0.8215938926341573,-,-0.04963719699269114,0.2770124173076562
28,1024.324116222745,,,mixed C-H bending / ring-site C-H out-of-plane bending,delta(H16-C4-H17),angle,0.6767114864165367,+,0.04523388675170791,0.27474656297601174
28,1024.324116222745,,,mixed C-H bending / ring-site C-H out-of-plane bending,delta(C2-C3-C4),angle,0.5450621124123866,+,0.027971099772310378,0.578739924160285
28,1024.324116222745,,,mixed C-H bending / ring-site C-H out-of-plane bending,delta(C2-C3-H15),angle,0.5393990200746159,+,0.0275507316121103,0.5903375570711772
28,1024.324116222745,,,mixed C-H bending / ring-site C-H out-of-plane bending,tau(H11-C1-C2-C3),dihedral,0.5003612859782428,+,0.048946328188909545,0.173500206926061
28,1024.324116222745,,,mixed C-H bending / ring-site C-H out-of-plane bending,"gamma(N5;C3,C4,H15)",oop,0.3966041462196272,-,-0.027837142102703508,0.42517183750888987
28,1024.324116222745,,,mixed C-H bending / ring-site C-H out-of-plane bending,tau(H13-C2-C3-N5),dihedral,0.33012721005258755,+,0.027767642798920463,0.35568031212637796
28,1024.324116222745,,,mixed C-H bending / ring-site C-H out-of-plane bending,delta(N5-C7-H21),angle,0.25427141887513605,-,-0.03013490888387419,0.23260246557067013
28,1024.324116222745,,,mixed C-H bending / ring-site C-H out-of-plane bending,delta(C4-C3-H15),angle,0.2466704767809832,-,-0.023360560040671007,0.3754976345746755
28,1024.324116222745,,,mixed C-H bending / ring-site C-H out-of-plane bending,tau(H12-C1-C2-H14),dihedral,0.2350839320036205,-,-0.033693356917517576,0.17202474146598562
28,1024.324116222745,,,mixed C-H bending / ring-site C-H out-of-plane bending,delta(H16-C4-H18),angle,0.1796044285218364,-,-0.023650812697387367,0.2667358784486755
28,1024.324116222745,,,mixed C-H bending / ring-site C-H out-of-plane bending,delta(C3-N5-C7),angle,0.17622607592742948,-,-0.021863741944226266,0.3062511428123691
28,1024.324116222745,,,mixed C-H bending / ring-site C-H out-of-plane bending,nu(N5-C6),bond,0.16949505490692807,-,-0.01523871014628622,0.6063412962020981
28,1024.324116222745,,,mixed C-H bending / ring-site C-H out-of-plane bending,delta(C7-C6-H20),angle,0.11936382292468987,-,-0.021763023400965364,0.20935859466531728
28,1024.324116222745,,,mixed C-H bending / ring-site C-H out-of-plane bending,delta(C2-C1-H12),angle,0.1172659102620365,-,-0.02100324752413369,0.22082864654339243
28,1024.324116222745,,,mixed C-H bending / ring-site C-H out-of-plane bending,tau(C6-C7-C8-O9),dihedral,0.10612546435283783,-,-0.05786378051811847,0.02633070738300783
28,1024.324116222745,,,mixed C-H bending / ring-site C-H out-of-plane bending,delta(C1-C2-H14),angle,0.10194306886603031,-,-0.015173269426536516,0.36783741091385147
28,1024.324116222745,,,mixed C-H bending / ring-site C-H out-of-plane bending,tau(C2-C3-C4-H17),dihedral,0.09587449712641725,+,0.06213857712375531,0.020627045333551117
28,1024.324116222745,,,mixed C-H bending / ring-site C-H out-of-plane bending,"gamma(C7;C6,N5,H19)",oop,0.09246262304394283,+,0.011670233900241576,0.5639798938871293
28,1024.324116222745,,,mixed C-H bending / ring-site C-H out-of-plane bending,delta(C7-C8-O9),angle,0.08578081208896837,+,0.014032014934908433,0.361915021923592
28,1024.324116222745,,,mixed C-H bending / ring-site C-H out-of-plane bending,delta(C1-C2-C3),angle,0.08028120446529351,-,-0.01032915559282909,0.6250874412298897
28,1024.324116222745,,,mixed C-H bending / ring-site C-H out-of-plane bending,delta(C6-C7-C8),angle,0.057066278400919185,-,-0.013410920572542739,0.2635839141319724
28,1024.324116222745,,,mixed C-H bending / ring-site C-H out-of-plane bending,delta(H17-C4-H18),angle,0.055973735495839956,-,-0.012973922098810113,0.27624743369002036
28,1024.324116222745,,,mixed C-H bending / ring-site C-H out-of-plane bending,tau(C4-C3-N5-C6),dihedral,0.025573523702637598,-,-0.017957159519669037,0.06588276594613837
28,1024.324116222745,,,mixed C-H bending / ring-site C-H out-of-plane bending,nu(C8-O9),bond,0.007165046470753682,+,0.0026706572990121877,0.8345247457215548
28,1024.324116222745,,,mixed C-H bending / ring-site C-H out-of-plane bending,nu(C1-H10),bond,0.005932140984388006,-,-0.0038158132914366347,0.3384494119949666
28,1024.324116222745,,,mixed C-H bending / ring-site C-H out-of-plane bending,nu(C4-H18),bond,0.005904796710715308,+,0.00381215350010614,0.3375364853619774
28,1024.324116222745,,,mixed C-H bending / ring-site C-H out-of-plane bending,nu(C4-H16),bond,0.0023532289354806536,-,-0.002408606212595542,0.33696834756275934
28,1024.324116222745,,,mixed C-H bending / ring-site C-H out-of-plane bending,nu(C1-H11),bond,0.002080306464342627,+,0.0022701662423348424,0.3353270039257434
28,1024.324116222745,,,mixed C-H bending / ring-site C-H out-of-plane bending,nu(C8-H22),bond,0.0017620655429215447,-,-0.0022102260365892005,0.2996437407786608
28,1024.324116222745,,,mixed C-H bending / ring-site C-H out-of-plane bending,nu(C6-H19),bond,0.0015803832578977443,+,0.0019376741609760557,0.3496692621462572
28,1024.324116222745,,,mixed C-H bending / ring-site C-H out-of-plane bending,nu(C4-H17),bond,0.0014734065226241512,-,-0.0019057328640016207,0.33701953429854553
28,1024.324116222745,,,mixed C-H bending / ring-site C-H out-of-plane bending,delta(O9-C8-H22),angle,0.0001771467566637295,-,-0.0007006099434796406,0.2998038078133957
28,1024.324116222745,,,mixed C-H bending / ring-site C-H out-of-plane bending,nu(C3-H15),bond,0.00011481089263480558,-,-0.0005565266773836107,0.3079410963954522
28,1024.324116222745,,,mixed C-H bending / ring-site C-H out-of-plane bending,delta(H13-C2-H14),angle,7.980856714122985e-05,-,-0.000359392964223454,0.5132948477004958
28,1024.324116222745,,,mixed C-H bending / ring-site C-H out-of-plane bending,nu(C2-H13),bond,5.591066620240628e-05,+,0.0003764597277419435,0.3277284562397979
28,1024.324116222745,,,mixed C-H bending / ring-site C-H out-of-plane bending,nu(C2-H14),bond,4.2960556399067074e-05,+,0.0003289937878037256,0.3297243609541089
28,1024.324116222745,,,mixed C-H bending / ring-site C-H out-of-plane bending,nu(C7-H21),bond,9.057905732939548e-06,+,0.00014649670282024414,0.3506134958372735
28,1024.324116222745,,,mixed C-H bending / ring-site C-H out-of-plane bending,nu(C1-H12),bond,8.70043901842527e-06,+,0.00014776704121213438,0.3310110907707208
28,1024.324116222745,,,mixed C-H bending / ring-site C-H out-of-plane bending,delta(C3-N5-C6),angle,6.958848259832479e-06,-,-0.00011428645360014517,0.4425928427372072
28,1024.324116222745,,,mixed C-H bending / ring-site C-H out-of-plane bending,nu(C6-H20),bond,2.8961420760779133e-06,+,8.404262636925238e-05,0.34062550565283833
29,1037.458021100547,,,mixed mixed-phase C-C stretching / C-H bending,nu(C1-C2),bond,46.07377958237014,-,-0.2855663710894254,0.27738075382051663
29,1037.458021100547,,,mixed mixed-phase C-C stretching / C-H bending,nu(C3-C4),bond,7.752740349684065,+,0.11721853939268166,0.2770124173076562
29,1037.458021100547,,,mixed mixed-phase C-C stretching / C-H bending,"gamma(O9;C8,C7,H22)",oop,5.944674234516252,+,0.1600334150855632,0.1139576076428222
29,1037.458021100547,,,mixed mixed-phase C-C stretching / C-H bending,nu(C2-C3),bond,5.839885481213555,+,0.10323808321452044,0.2690054474963341
29,1037.458021100547,,,mixed mixed-phase C-C stretching / C-H bending,"gamma(N5;C7,C6,C8)",oop,4.6436969493083025,-,-0.0333424666098061,2.0507136816458287
29,1037.458021100547,,,mixed mixed-phase C-C stretching / C-H bending,nu(C3-N5),bond,3.983530658491247,-,-0.08335445885559038,0.28147971351032797
29,1037.458021100547,,,mixed mixed-phase C-C stretching / C-H bending,delta(C2-C1-H12),angle,2.8957227708578412,-,-0.0802359667719983,0.22082864654339243
29,1037.458021100547,,,mixed mixed-phase C-C stretching / C-H bending,nu(C6-C7),bond,2.84070064342868,-,-0.06732044885580674,0.30772875007652795
29,1037.458021100547,,,mixed mixed-phase C-C stretching / C-H bending,delta(C3-C4-H16),angle,2.6774086106903594,+,0.06508534961850611,0.31030214713203214
29,1037.458021100547,,,mixed mixed-phase C-C stretching / C-H bending,tau(H20-C6-C7-C8),dihedral,2.4636716335721287,+,0.05722982394053757,0.36929600751604197
29,1037.458021100547,,,mixed mixed-phase C-C stretching / C-H bending,delta(C2-C1-H11),angle,2.259799431539554,+,0.07107163476476112,0.21964124363029877
29,1037.458021100547,,,mixed mixed-phase C-C stretching / C-H bending,delta(C3-C4-H18),angle,1.5551046271231956,-,-0.04964758542297581,0.30974190085035774
29,1037.458021100547,,,mixed mixed-phase C-C stretching / C-H bending,delta(C2-C3-H15),angle,1.4198999708899445,+,0.034363466888077183,0.5903375570711772
29,1037.458021100547,,,mixed mixed-phase C-C stretching / C-H bending,tau(C3-N5-C7-H21),dihedral,1.0052170685935398,+,0.057940091322331896,0.14700703306904594
29,1037.458021100547,,,mixed mixed-phase C-C stretching / C-H bending,tau(H12-C1-C2-H14),dihedral,0.9098301401106038,+,0.050956900935000785,0.17202474146598562
29,1037.458021100547,,,mixed mixed-phase C-C stretching / C-H bending,delta(C1-C2-C3),angle,0.8952912197628179,+,0.026517347533459284,0.6250874412298897
29,1037.458021100547,,,mixed mixed-phase C-C stretching / C-H bending,tau(H13-C2-C3-N5),dihedral,0.8377071820884386,-,-0.03400435259332503,0.35568031212637796
29,1037.458021100547,,,mixed mixed-phase C-C stretching / C-H bending,delta(N5-C6-H19),angle,0.8008130550957853,-,-0.04231528216981843,0.21957013616155804
29,1037.458021100547,,,mixed mixed-phase C-C stretching / C-H bending,"gamma(N5;C3,C4,H15)",oop,0.7748629127788974,-,-0.029912209708823478,0.42517183750888987
29,1037.458021100547,,,mixed mixed-phase C-C stretching / C-H bending,nu(N5-C6),bond,0.6210589885526744,+,0.022424674944915266,0.6063412962020981
29,1037.458021100547,,,mixed mixed-phase C-C stretching / C-H bending,delta(C4-C3-H15),angle,0.45117660030619966,-,-0.02428778923467022,0.3754976345746755
29,1037.458021100547,,,mixed mixed-phase C-C stretching / C-H bending,delta(C3-C2-H13),angle,0.40552699755285215,+,0.015496085495348791,0.8291104208312534
29,1037.458021100547,,,mixed mixed-phase C-C stretching / C-H bending,nu(C7-C8),bond,0.33423928883250975,+,0.023972273752557623,0.28554571717231075
29,1037.458021100547,,,mixed mixed-phase C-C stretching / C-H bending,"gamma(C7;C6,N5,H19)",oop,0.32136888031730537,-,-0.01672585793313884,0.5639798938871293
29,1037.458021100547,,,mixed mixed-phase C-C stretching / C-H bending,delta(C3-N5-C6),angle,0.32104867782305996,-,-0.01887128850129223,0.4425928427372072
29,1037.458021100547,,,mixed mixed-phase C-C stretching / C-H bending,delta(H17-C4-H18),angle,0.28958320261994425,-,-0.022685892087273406,0.27624743369002036
29,1037.458021100547,,,mixed mixed-phase C-C stretching / C-H bending,delta(C6-C7-C8),angle,0.2648555594879121,+,0.022210759004828537,0.2635839141319724
29,1037.458021100547,,,mixed mixed-phase C-C stretching / C-H bending,tau(H10-C1-C2-H13),dihedral,0.22685130915728285,-,-0.025254392954426053,0.1746240399816733
29,1037.458021100547,,,mixed mixed-phase C-C stretching / C-H bending,delta(C2-C1-H10),angle,0.15004416322009875,-,-0.018342432854603657,0.21894843186002957
29,1037.458021100547,,,mixed mixed-phase C-C stretching / C-H bending,delta(C1-C2-H13),angle,0.11242023481159036,-,-0.006904509042620213,1.157751871494402
29,1037.458021100547,,,mixed mixed-phase C-C stretching / C-H bending,delta(C3-N5-C7),angle,0.10877975717637896,+,0.013205458601581031,0.3062511428123691
29,1037.458021100547,,,mixed mixed-phase C-C stretching / C-H bending,tau(C1-C2-C3-C4),dihedral,0.10710530957522058,+,0.012228132133649997,0.3516635565620462
29,1037.458021100547,,,mixed mixed-phase C-C stretching / C-H bending,"gamma(N5;C6,C7,H20)",oop,0.09928452789389362,-,-0.006061995692830355,1.3264379453481014
29,1037.458021100547,,,mixed mixed-phase C-C stretching / C-H bending,tau(C2-C3-C4-H17),dihedral,0.09466854300475817,+,0.047468186454180154,0.020627045333551117
29,1037.458021100547,,,mixed mixed-phase C-C stretching / C-H bending,delta(N5-C7-H21),angle,0.08291377853411892,-,-0.013228923383058411,0.23260246557067013
29,1037.458021100547,,,mixed mixed-phase C-C stretching / C-H bending,tau(C6-C7-C8-O9),dihedral,0.08231417126569968,+,0.03917638384875234,0.02633070738300783
29,1037.458021100547,,,mixed mixed-phase C-C stretching / C-H bending,delta(C2-C3-C4),angle,0.07480882646980445,+,0.007966232987596026,0.578739924160285
29,1037.458021100547,,,mixed mixed-phase C-C stretching / C-H bending,tau(H11-C1-C2-C3),dihedral,0.04693073361371771,+,0.011523833572096501,0.173500206926061
29,1037.458021100547,,,mixed mixed-phase C-C stretching / C-H bending,delta(O9-C8-H22),angle,0.04152017591569978,-,-0.008245734075777748,0.2998038078133957
29,1037.458021100547,,,mixed mixed-phase C-C stretching / C-H bending,delta(H16-C4-H17),angle,0.037989720479328665,+,0.008239203308093352,0.27474656297601174
29,1037.458021100547,,,mixed mixed-phase C-C stretching / C-H bending,delta(C7-C8-O9),angle,0.03566374313495909,+,0.006955501703493631,0.361915021923592
29,1037.458021100547,,,mixed mixed-phase C-C stretching / C-H bending,tau(C4-C3-N5-C6),dihedral,0.030150859905599525,-,-0.014989330795541373,0.06588276594613837
29,1037.458021100547,,,mixed mixed-phase C-C stretching / C-H bending,delta(C7-C6-H20),angle,0.022979382615468457,-,-0.0073407779189109,0.20935859466531728
29,1037.458021100547,,,mixed mixed-phase C-C stretching / C-H bending,nu(C8-O9),bond,0.02065077261900585,-,-0.003485514127763933,0.8345247457215548
29,1037.458021100547,,,mixed mixed-phase C-C stretching / C-H bending,nu(C4-H17),bond,0.006614499273384659,+,0.0031041253750837793,0.33701953429854553
29,1037.458021100547,,,mixed mixed-phase C-C stretching / C-H bending,nu(C3-H15),bond,0.005731564468432079,+,0.0030228811298123404,0.3079410963954522
29,1037.458021100547,,,mixed mixed-phase C-C stretching / C-H bending,delta(H13-C2-H14),angle,0.004697081197128674,+,0.0021195754758733987,0.5132948477004958
29,1037.458021100547,,,mixed mixed-phase C-C stretching / C-H bending,nu(C1-H11),bond,0.0046191928831056505,-,-0.0026005612616228566,0.3353270039257434
29,1037.458021100547,,,mixed mixed-phase C-C stretching / C-H bending,delta(C1-C2-H14),angle,0.004605903896840168,-,-0.002479406823315665,0.36783741091385147
29,1037.458021100547,,,mixed mixed-phase C-C stretching / C-H bending,nu(C4-H18),bond,0.003664594638340057,+,0.002308718130541713,0.3375364853619774
29,1037.458021100547,,,mixed mixed-phase C-C stretching / C-H bending,nu(C6-H19),bond,0.0033400932591286007,-,-0.002165553275776985,0.3496692621462572
29,1037.458021100547,,,mixed mixed-phase C-C stretching / C-H bending,nu(C1-H10),bond,0.001998765584593012,-,-0.001702755744430462,0.3384494119949666
29,1037.458021100547,,,mixed mixed-phase C-C stretching / C-H bending,delta(H16-C4-H18),angle,0.0017526339821002522,-,-0.001796069758468563,0.2667358784486755
29,1037.458021100547,,,mixed mixed-phase C-C stretching / C-H bending,nu(C7-H21),bond,0.0017003520542631628,-,-0.001543026608583479,0.3506134958372735
29,1037.458021100547,,,mixed mixed-phase C-C stretching / C-H bending,nu(C4-H16),bond,0.0008751042027225214,-,-0.0011291551904661814,0.33696834756275934
29,1037.458021100547,,,mixed mixed-phase C-C stretching / C-H bending,nu(C2-H14),bond,0.0007756250714932899,-,-0.0010746541159303762,0.3297243609541089
29,1037.458021100547,,,mixed mixed-phase C-C stretching / C-H bending,nu(C6-H20),bond,0.0006120831540438067,-,-0.0009392580714242348,0.34062550565283833
29,1037.458021100547,,,mixed mixed-phase C-C stretching / C-H bending,nu(C2-H13),bond,0.00036873831919401255,-,-0.0007432250934543535,0.3277284562397979
29,1037.458021100547,,,mixed mixed-phase C-C stretching / C-H bending,nu(C1-H12),bond,0.0001867224870988998,+,0.0005262539196582502,0.3310110907707208
29,1037.458021100547,,,mixed mixed-phase C-C stretching / C-H bending,nu(C8-H22),bond,0.00018631852778091848,+,0.0005525145526943581,0.2996437407786608
30,1070.1941006172974,,,mixed cyclic-ring out-of-plane deformation / ring-site C-H in-plane bending / ring-site C-H out-of-plane bending,"gamma(N5;C6,C7,H20)",oop,28.909093321364082,-,-0.13554847337767878,1.3264379453481014
30,1070.1941006172974,,,mixed cyclic-ring out-of-plane deformation / ring-site C-H in-plane bending / ring-site C-H out-of-plane bending,"gamma(O9;C8,C7,H22)",oop,10.0208303342527,-,-0.2722707932145606,0.1139576076428222
30,1070.1941006172974,,,mixed cyclic-ring out-of-plane deformation / ring-site C-H in-plane bending / ring-site C-H out-of-plane bending,delta(N5-C6-H19),angle,9.848511648147433,-,-0.19445518582361315,0.21957013616155804
30,1070.1941006172974,,,mixed cyclic-ring out-of-plane deformation / ring-site C-H in-plane bending / ring-site C-H out-of-plane bending,tau(H20-C6-C7-C8),dihedral,9.383172797973256,+,0.1463552866455413,0.36929600751604197
30,1070.1941006172974,,,mixed cyclic-ring out-of-plane deformation / ring-site C-H in-plane bending / ring-site C-H out-of-plane bending,tau(C3-N5-C7-H21),dihedral,9.187366058610783,+,0.22953415470671434,0.14700703306904594
30,1070.1941006172974,,,mixed cyclic-ring out-of-plane deformation / ring-site C-H in-plane bending / ring-site C-H out-of-plane bending,delta(N5-C7-H21),angle,8.333995018127535,+,0.17379621943123943,0.23260246557067013
30,1070.1941006172974,,,mixed cyclic-ring out-of-plane deformation / ring-site C-H in-plane bending / ring-site C-H out-of-plane bending,"gamma(N5;C7,C6,C8)",oop,5.139847069660964,+,0.04596671286467412,2.0507136816458287
30,1070.1941006172974,,,mixed cyclic-ring out-of-plane deformation / ring-site C-H in-plane bending / ring-site C-H out-of-plane bending,delta(C6-C7-C8),angle,2.7150055497773042,-,-0.09318516385055531,0.2635839141319724
30,1070.1941006172974,,,mixed cyclic-ring out-of-plane deformation / ring-site C-H in-plane bending / ring-site C-H out-of-plane bending,delta(C3-C4-H18),angle,2.4046498157172085,+,0.08089968006081898,0.30974190085035774
30,1070.1941006172974,,,mixed cyclic-ring out-of-plane deformation / ring-site C-H in-plane bending / ring-site C-H out-of-plane bending,nu(C6-C7),bond,2.3613769269220435,+,0.0804302623037753,0.30772875007652795
30,1070.1941006172974,,,mixed cyclic-ring out-of-plane deformation / ring-site C-H in-plane bending / ring-site C-H out-of-plane bending,nu(C7-C8),bond,1.494157090250865,+,0.06641729262499625,0.28554571717231075
30,1070.1941006172974,,,mixed cyclic-ring out-of-plane deformation / ring-site C-H in-plane bending / ring-site C-H out-of-plane bending,delta(C3-C4-H16),angle,1.163480032227278,-,-0.05622221356821074,0.31030214713203214
30,1070.1941006172974,,,mixed cyclic-ring out-of-plane deformation / ring-site C-H in-plane bending / ring-site C-H out-of-plane bending,nu(C3-C4),bond,1.1550421931388628,-,-0.05928845999004665,0.2770124173076562
30,1070.1941006172974,,,mixed cyclic-ring out-of-plane deformation / ring-site C-H in-plane bending / ring-site C-H out-of-plane bending,delta(C7-C6-H20),angle,1.1217406020681577,+,0.06720811060238305,0.20935859466531728
30,1070.1941006172974,,,mixed cyclic-ring out-of-plane deformation / ring-site C-H in-plane bending / ring-site C-H out-of-plane bending,delta(C3-C2-H13),angle,1.037223231029486,+,0.032475122243917014,0.8291104208312534
30,1070.1941006172974,,,mixed cyclic-ring out-of-plane deformation / ring-site C-H in-plane bending / ring-site C-H out-of-plane bending,nu(C1-C2),bond,0.9124435993390219,-,-0.05266058947501976,0.27738075382051663
30,1070.1941006172974,,,mixed cyclic-ring out-of-plane deformation / ring-site C-H in-plane bending / ring-site C-H out-of-plane bending,nu(C2-C3),bond,0.740449710151919,+,0.048171271528420156,0.2690054474963341
30,1070.1941006172974,,,mixed cyclic-ring out-of-plane deformation / ring-site C-H in-plane bending / ring-site C-H out-of-plane bending,delta(C7-C8-O9),angle,0.5980100338815753,-,-0.037322591757910015,0.361915021923592
30,1070.1941006172974,,,mixed cyclic-ring out-of-plane deformation / ring-site C-H in-plane bending / ring-site C-H out-of-plane bending,"gamma(N5;C3,C4,H15)",oop,0.4139584441907697,-,-0.028649496360295415,0.42517183750888987
30,1070.1941006172974,,,mixed cyclic-ring out-of-plane deformation / ring-site C-H in-plane bending / ring-site C-H out-of-plane bending,delta(C2-C3-H15),angle,0.40967902997580086,+,0.024187585867297516,0.5903375570711772
30,1070.1941006172974,,,mixed cyclic-ring out-of-plane deformation / ring-site C-H in-plane bending / ring-site C-H out-of-plane bending,delta(C2-C1-H12),angle,0.39665028798160973,-,-0.03891320888945819,0.22082864654339243
30,1070.1941006172974,,,mixed cyclic-ring out-of-plane deformation / ring-site C-H in-plane bending / ring-site C-H out-of-plane bending,nu(C3-N5),bond,0.29956287280648725,+,0.029953067624687444,0.28147971351032797
30,1070.1941006172974,,,mixed cyclic-ring out-of-plane deformation / ring-site C-H in-plane bending / ring-site C-H out-of-plane bending,delta(C1-C2-C3),angle,0.2800743309422475,+,0.01943511570955748,0.6250874412298897
30,1070.1941006172974,,,mixed cyclic-ring out-of-plane deformation / ring-site C-H in-plane bending / ring-site C-H out-of-plane bending,delta(H16-C4-H17),angle,0.19765691966053917,-,-0.02462695637827138,0.27474656297601174
30,1070.1941006172974,,,mixed cyclic-ring out-of-plane deformation / ring-site C-H in-plane bending / ring-site C-H out-of-plane bending,delta(C3-N5-C6),angle,0.19645337199108587,-,-0.019344094906189498,0.4425928427372072
30,1070.1941006172974,,,mixed cyclic-ring out-of-plane deformation / ring-site C-H in-plane bending / ring-site C-H out-of-plane bending,delta(H17-C4-H18),angle,0.1740525965856966,+,0.023046872063799767,0.27624743369002036
30,1070.1941006172974,,,mixed cyclic-ring out-of-plane deformation / ring-site C-H in-plane bending / ring-site C-H out-of-plane bending,delta(C3-N5-C7),angle,0.14189063222011072,-,-0.01976327285632255,0.3062511428123691
30,1070.1941006172974,,,mixed cyclic-ring out-of-plane deformation / ring-site C-H in-plane bending / ring-site C-H out-of-plane bending,tau(C6-C7-C8-O9),dihedral,0.12267788667131925,-,-0.06267188298978336,0.02633070738300783
30,1070.1941006172974,,,mixed cyclic-ring out-of-plane deformation / ring-site C-H in-plane bending / ring-site C-H out-of-plane bending,nu(N5-C6),bond,0.12013632676868136,-,-0.01292407484369159,0.6063412962020981
30,1070.1941006172974,,,mixed cyclic-ring out-of-plane deformation / ring-site C-H in-plane bending / ring-site C-H out-of-plane bending,delta(C2-C3-C4),angle,0.10120312754181868,+,0.012141605258896347,0.578739924160285
30,1070.1941006172974,,,mixed cyclic-ring out-of-plane deformation / ring-site C-H in-plane bending / ring-site C-H out-of-plane bending,delta(C1-C2-H13),angle,0.0964626391345603,-,-0.008380939155442187,1.157751871494402
30,1070.1941006172974,,,mixed cyclic-ring out-of-plane deformation / ring-site C-H in-plane bending / ring-site C-H out-of-plane bending,delta(C2-C1-H10),angle,0.09449355884877464,+,0.01907440708777633,0.21894843186002957
30,1070.1941006172974,,,mixed cyclic-ring out-of-plane deformation / ring-site C-H in-plane bending / ring-site C-H out-of-plane bending,tau(H12-C1-C2-H14),dihedral,0.09168956462207224,+,0.02119753505357263,0.17202474146598562
30,1070.1941006172974,,,mixed cyclic-ring out-of-plane deformation / ring-site C-H in-plane bending / ring-site C-H out-of-plane bending,tau(H10-C1-C2-H13),dihedral,0.07080573474034581,+,0.018488559057005683,0.1746240399816733
30,1070.1941006172974,,,mixed cyclic-ring out-of-plane deformation / ring-site C-H in-plane bending / ring-site C-H out-of-plane bending,delta(C2-C1-H11),angle,0.05006206278868604,+,0.013861757182884656,0.21964124363029877
30,1070.1941006172974,,,mixed cyclic-ring out-of-plane deformation / ring-site C-H in-plane bending / ring-site C-H out-of-plane bending,tau(C2-C3-C4-H17),dihedral,0.030765193587673052,-,-0.03545946495861541,0.020627045333551117
30,1070.1941006172974,,,mixed cyclic-ring out-of-plane deformation / ring-site C-H in-plane bending / ring-site C-H out-of-plane bending,delta(C1-C2-H14),angle,0.02411964086763013,-,-0.007434954819099392,0.36783741091385147
30,1070.1941006172974,,,mixed cyclic-ring out-of-plane deformation / ring-site C-H in-plane bending / ring-site C-H out-of-plane bending,tau(H13-C2-C3-N5),dihedral,0.023082678909657012,+,0.007396632743545785,0.35568031212637796
30,1070.1941006172974,,,mixed cyclic-ring out-of-plane deformation / ring-site C-H in-plane bending / ring-site C-H out-of-plane bending,tau(C1-C2-C3-C4),dihedral,0.020380457612509048,-,-0.006989790310087738,0.3516635565620462
30,1070.1941006172974,,,mixed cyclic-ring out-of-plane deformation / ring-site C-H in-plane bending / ring-site C-H out-of-plane bending,delta(C4-C3-H15),angle,0.016861622910937492,+,0.0061527171067735425,0.3754976345746755
30,1070.1941006172974,,,mixed cyclic-ring out-of-plane deformation / ring-site C-H in-plane bending / ring-site C-H out-of-plane bending,delta(H13-C2-H14),angle,0.014655349397724594,-,-0.004906089873997835,0.5132948477004958
30,1070.1941006172974,,,mixed cyclic-ring out-of-plane deformation / ring-site C-H in-plane bending / ring-site C-H out-of-plane bending,nu(C3-H15),bond,0.01380124898521891,-,-0.006146759673650878,0.3079410963954522
30,1070.1941006172974,,,mixed cyclic-ring out-of-plane deformation / ring-site C-H in-plane bending / ring-site C-H out-of-plane bending,delta(H16-C4-H18),angle,0.011725261582412747,+,0.00608753422341118,0.2667358784486755
30,1070.1941006172974,,,mixed cyclic-ring out-of-plane deformation / ring-site C-H in-plane bending / ring-site C-H out-of-plane bending,tau(H11-C1-C2-C3),dihedral,0.011622965280971537,+,0.00751500606590776,0.173500206926061
30,1070.1941006172974,,,mixed cyclic-ring out-of-plane deformation / ring-site C-H in-plane bending / ring-site C-H out-of-plane bending,tau(C4-C3-N5-C6),dihedral,0.009752461103074388,+,0.01117100034634876,0.06588276594613837
30,1070.1941006172974,,,mixed cyclic-ring out-of-plane deformation / ring-site C-H in-plane bending / ring-site C-H out-of-plane bending,nu(C7-H21),bond,0.009054142098604475,+,0.004665843871732809,0.3506134958372735
30,1070.1941006172974,,,mixed cyclic-ring out-of-plane deformation / ring-site C-H in-plane bending / ring-site C-H out-of-plane bending,"gamma(C7;C6,N5,H19)",oop,0.009011384576013574,-,-0.0036701584579239706,0.5639798938871293
30,1070.1941006172974,,,mixed cyclic-ring out-of-plane deformation / ring-site C-H in-plane bending / ring-site C-H out-of-plane bending,nu(C8-O9),bond,0.007348859655667964,+,0.002724653192647426,0.8345247457215548
30,1070.1941006172974,,,mixed cyclic-ring out-of-plane deformation / ring-site C-H in-plane bending / ring-site C-H out-of-plane bending,nu(C6-H19),bond,0.0056377244150046715,-,-0.0036867531210045463,0.3496692621462572
30,1070.1941006172974,,,mixed cyclic-ring out-of-plane deformation / ring-site C-H in-plane bending / ring-site C-H out-of-plane bending,nu(C4-H18),bond,0.0031501464647619498,-,-0.0028049548504531356,0.3375364853619774
30,1070.1941006172974,,,mixed cyclic-ring out-of-plane deformation / ring-site C-H in-plane bending / ring-site C-H out-of-plane bending,nu(C8-H22),bond,0.0017544906455025696,-,-0.002221742829348375,0.2996437407786608
30,1070.1941006172974,,,mixed cyclic-ring out-of-plane deformation / ring-site C-H in-plane bending / ring-site C-H out-of-plane bending,nu(C4-H16),bond,0.001198237454786242,+,0.0017314013628158481,0.33696834756275934
30,1070.1941006172974,,,mixed cyclic-ring out-of-plane deformation / ring-site C-H in-plane bending / ring-site C-H out-of-plane bending,nu(C1-H10),bond,0.00065055485284239,-,-0.0012729634737122506,0.3384494119949666
30,1070.1941006172974,,,mixed cyclic-ring out-of-plane deformation / ring-site C-H in-plane bending / ring-site C-H out-of-plane bending,delta(O9-C8-H22),angle,0.00046195007197870667,-,-0.0011397243081587847,0.2998038078133957
30,1070.1941006172974,,,mixed cyclic-ring out-of-plane deformation / ring-site C-H in-plane bending / ring-site C-H out-of-plane bending,nu(C6-H20),bond,0.0003891330647892696,-,-0.0009813667713406424,0.34062550565283833
30,1070.1941006172974,,,mixed cyclic-ring out-of-plane deformation / ring-site C-H in-plane bending / ring-site C-H out-of-plane bending,nu(C2-H14),bond,0.00038382878471049267,+,0.0009906360234911507,0.3297243609541089
30,1070.1941006172974,,,mixed cyclic-ring out-of-plane deformation / ring-site C-H in-plane bending / ring-site C-H out-of-plane bending,nu(C4-H17),bond,0.0001902158398298548,-,-0.0006897896381686016,0.33701953429854553
30,1070.1941006172974,,,mixed cyclic-ring out-of-plane deformation / ring-site C-H in-plane bending / ring-site C-H out-of-plane bending,nu(C1-H12),bond,8.836855439267977e-05,+,0.00047440413559983994,0.3310110907707208
30,1070.1941006172974,,,mixed cyclic-ring out-of-plane deformation / ring-site C-H in-plane bending / ring-site C-H out-of-plane bending,nu(C1-H11),bond,7.129284027952478e-06,-,-0.000133878105493721,0.3353270039257434
30,1070.1941006172974,,,mixed cyclic-ring out-of-plane deformation / ring-site C-H in-plane bending / ring-site C-H out-of-plane bending,nu(C2-H13),bond,2.533888202984603e-06,-,-8.073419372387437e-05,0.3277284562397979
31,1118.5433988020982,,,mixed ring-site C-H out-of-plane bending / C-H bending / cyclic-ring out-of-plane deformation,tau(H20-C6-C7-C8),dihedral,21.181904263294346,-,-0.22380625809265842,0.36929600751604197
31,1118.5433988020982,,,mixed ring-site C-H out-of-plane bending / C-H bending / cyclic-ring out-of-plane deformation,"gamma(N5;C6,C7,H20)",oop,17.2533425536892,+,0.10657864289070185,1.3264379453481014
31,1118.5433988020982,,,mixed ring-site C-H out-of-plane bending / C-H bending / cyclic-ring out-of-plane deformation,tau(C3-N5-C7-H21),dihedral,13.5745728446901,+,0.2839690848652678,0.14700703306904594
31,1118.5433988020982,,,mixed ring-site C-H out-of-plane bending / C-H bending / cyclic-ring out-of-plane deformation,delta(C3-C4-H18),angle,7.676456796924891,-,-0.14711516980934394,0.30974190085035774
31,1118.5433988020982,,,mixed ring-site C-H out-of-plane bending / C-H bending / cyclic-ring out-of-plane deformation,delta(C3-C2-H13),angle,7.542768254736678,-,-0.08913252864928738,0.8291104208312534
31,1118.5433988020982,,,mixed ring-site C-H out-of-plane bending / C-H bending / cyclic-ring out-of-plane deformation,delta(N5-C7-H21),angle,5.554934165201612,+,0.14441401191819703,0.23260246557067013
31,1118.5433988020982,,,mixed ring-site C-H out-of-plane bending / C-H bending / cyclic-ring out-of-plane deformation,nu(C7-C8),bond,4.353027424793281,+,0.1153811619697817,0.28554571717231075
31,1118.5433988020982,,,mixed ring-site C-H out-of-plane bending / C-H bending / cyclic-ring out-of-plane deformation,delta(C3-C4-H16),angle,4.207959362536564,+,0.1088229288213279,0.31030214713203214
31,1118.5433988020982,,,mixed ring-site C-H out-of-plane bending / C-H bending / cyclic-ring out-of-plane deformation,"gamma(C7;C6,N5,H19)",oop,2.0442369940810217,-,-0.05626143990556161,0.5639798938871293
31,1118.5433988020982,,,mixed ring-site C-H out-of-plane bending / C-H bending / cyclic-ring out-of-plane deformation,delta(N5-C6-H19),angle,1.8087356878651994,+,0.08481603189946302,0.21957013616155804
31,1118.5433988020982,,,mixed ring-site C-H out-of-plane bending / C-H bending / cyclic-ring out-of-plane deformation,"gamma(N5;C3,C4,H15)",oop,1.7799229006811783,+,0.06046379224794736,0.42517183750888987
31,1118.5433988020982,,,mixed ring-site C-H out-of-plane bending / C-H bending / cyclic-ring out-of-plane deformation,delta(C2-C1-H10),angle,1.602901009502219,-,-0.07995754730241791,0.21894843186002957
31,1118.5433988020982,,,mixed ring-site C-H out-of-plane bending / C-H bending / cyclic-ring out-of-plane deformation,nu(C3-C4),bond,1.5765118656611812,+,0.0704978764594705,0.2770124173076562
31,1118.5433988020982,,,mixed ring-site C-H out-of-plane bending / C-H bending / cyclic-ring out-of-plane deformation,delta(C7-C8-O9),angle,1.3051129562865749,-,-0.056117430542713925,0.361915021923592
31,1118.5433988020982,,,mixed ring-site C-H out-of-plane bending / C-H bending / cyclic-ring out-of-plane deformation,delta(C2-C3-H15),angle,1.22679216754839,-,-0.04260026712836897,0.5903375570711772
31,1118.5433988020982,,,mixed ring-site C-H out-of-plane bending / C-H bending / cyclic-ring out-of-plane deformation,delta(C2-C1-H12),angle,0.9732392943066949,+,0.0620381936701304,0.22082864654339243
31,1118.5433988020982,,,mixed ring-site C-H out-of-plane bending / C-H bending / cyclic-ring out-of-plane deformation,nu(C2-C3),bond,0.9152936595734585,-,-0.05451006771934309,0.2690054474963341
31,1118.5433988020982,,,mixed ring-site C-H out-of-plane bending / C-H bending / cyclic-ring out-of-plane deformation,tau(H10-C1-C2-H13),dihedral,0.8456533051924164,-,-0.06503111368283702,0.1746240399816733
31,1118.5433988020982,,,mixed ring-site C-H out-of-plane bending / C-H bending / cyclic-ring out-of-plane deformation,delta(H16-C4-H17),angle,0.7050731730947581,+,0.04733997162501135,0.27474656297601174
31,1118.5433988020982,,,mixed ring-site C-H out-of-plane bending / C-H bending / cyclic-ring out-of-plane deformation,delta(C6-C7-C8),angle,0.5884470143832298,-,-0.04415412292915334,0.2635839141319724
31,1118.5433988020982,,,mixed ring-site C-H out-of-plane bending / C-H bending / cyclic-ring out-of-plane deformation,delta(H17-C4-H18),angle,0.5123831249866193,-,-0.040246240209824063,0.27624743369002036
31,1118.5433988020982,,,mixed ring-site C-H out-of-plane bending / C-H bending / cyclic-ring out-of-plane deformation,nu(C3-N5),bond,0.4035557878465355,+,0.03538386521330159,0.28147971351032797
31,1118.5433988020982,,,mixed ring-site C-H out-of-plane bending / C-H bending / cyclic-ring out-of-plane deformation,delta(C1-C2-H14),angle,0.3282491134651166,+,0.02791585053281855,0.36783741091385147
31,1118.5433988020982,,,mixed ring-site C-H out-of-plane bending / C-H bending / cyclic-ring out-of-plane deformation,"gamma(O9;C8,C7,H22)",oop,0.26161253009383684,-,-0.044774901672225996,0.1139576076428222
31,1118.5433988020982,,,mixed ring-site C-H out-of-plane bending / C-H bending / cyclic-ring out-of-plane deformation,delta(C3-N5-C7),angle,0.24207877491249183,+,0.02627341522198094,0.3062511428123691
31,1118.5433988020982,,,mixed ring-site C-H out-of-plane bending / C-H bending / cyclic-ring out-of-plane deformation,"gamma(N5;C7,C6,C8)",oop,0.21287561756677623,-,-0.009521107704182626,2.0507136816458287
31,1118.5433988020982,,,mixed ring-site C-H out-of-plane bending / C-H bending / cyclic-ring out-of-plane deformation,delta(O9-C8-H22),angle,0.1788635523723149,+,0.022825451963353734,0.2998038078133957
31,1118.5433988020982,,,mixed ring-site C-H out-of-plane bending / C-H bending / cyclic-ring out-of-plane deformation,delta(C3-N5-C6),angle,0.14739443097939545,+,0.017053572666995104,0.4425928427372072
31,1118.5433988020982,,,mixed ring-site C-H out-of-plane bending / C-H bending / cyclic-ring out-of-plane deformation,nu(N5-C6),bond,0.14208997617356778,-,-0.01430540569758272,0.6063412962020981
31,1118.5433988020982,,,mixed ring-site C-H out-of-plane bending / C-H bending / cyclic-ring out-of-plane deformation,tau(H12-C1-C2-H14),dihedral,0.11995167117653074,-,-0.02467656620323679,0.17202474146598562
31,1118.5433988020982,,,mixed ring-site C-H out-of-plane bending / C-H bending / cyclic-ring out-of-plane deformation,tau(H13-C2-C3-N5),dihedral,0.09308177014865679,+,0.015117481145218872,0.35568031212637796
31,1118.5433988020982,,,mixed ring-site C-H out-of-plane bending / C-H bending / cyclic-ring out-of-plane deformation,tau(C1-C2-C3-C4),dihedral,0.08533603832841244,+,0.014557258315619843,0.3516635565620462
31,1118.5433988020982,,,mixed ring-site C-H out-of-plane bending / C-H bending / cyclic-ring out-of-plane deformation,delta(C7-C6-H20),angle,0.07350868925101435,+,0.01751059785393198,0.20935859466531728
31,1118.5433988020982,,,mixed ring-site C-H out-of-plane bending / C-H bending / cyclic-ring out-of-plane deformation,nu(C1-C2),bond,0.06631550499199747,+,0.014449286772037844,0.27738075382051663
31,1118.5433988020982,,,mixed ring-site C-H out-of-plane bending / C-H bending / cyclic-ring out-of-plane deformation,delta(C2-C1-H11),angle,0.061235842427639575,+,0.015603532626360677,0.21964124363029877
31,1118.5433988020982,,,mixed ring-site C-H out-of-plane bending / C-H bending / cyclic-ring out-of-plane deformation,delta(C1-C2-H13),angle,0.05384020949210858,-,-0.0063726880038341505,1.157751871494402
31,1118.5433988020982,,,mixed ring-site C-H out-of-plane bending / C-H bending / cyclic-ring out-of-plane deformation,delta(H16-C4-H18),angle,0.04982675158790736,-,-0.01277225560208105,0.2667358784486755
31,1118.5433988020982,,,mixed ring-site C-H out-of-plane bending / C-H bending / cyclic-ring out-of-plane deformation,delta(C1-C2-C3),angle,0.04860333246164484,-,-0.008240236359035777,0.6250874412298897
31,1118.5433988020982,,,mixed ring-site C-H out-of-plane bending / C-H bending / cyclic-ring out-of-plane deformation,tau(C2-C3-C4-H17),dihedral,0.04373368427002349,+,0.043029525112682626,0.020627045333551117
31,1118.5433988020982,,,mixed ring-site C-H out-of-plane bending / C-H bending / cyclic-ring out-of-plane deformation,delta(H13-C2-H14),angle,0.03780290112122969,+,0.008019663476457923,0.5132948477004958
31,1118.5433988020982,,,mixed ring-site C-H out-of-plane bending / C-H bending / cyclic-ring out-of-plane deformation,nu(C6-C7),bond,0.024804717697193855,-,-0.008389964822405501,0.30772875007652795
31,1118.5433988020982,,,mixed ring-site C-H out-of-plane bending / C-H bending / cyclic-ring out-of-plane deformation,nu(C3-H15),bond,0.02018969966542586,+,0.0075667282212197725,0.3079410963954522
31,1118.5433988020982,,,mixed ring-site C-H out-of-plane bending / C-H bending / cyclic-ring out-of-plane deformation,tau(C4-C3-N5-C6),dihedral,0.011765154870021626,-,-0.012487915295191877,0.06588276594613837
31,1118.5433988020982,,,mixed ring-site C-H out-of-plane bending / C-H bending / cyclic-ring out-of-plane deformation,nu(C6-H20),bond,0.011280106838013847,-,-0.00537768124408217,0.34062550565283833
31,1118.5433988020982,,,mixed ring-site C-H out-of-plane bending / C-H bending / cyclic-ring out-of-plane deformation,nu(C4-H18),bond,0.010369700022565294,+,0.0051796422725309595,0.3375364853619774
31,1118.5433988020982,,,mixed ring-site C-H out-of-plane bending / C-H bending / cyclic-ring out-of-plane deformation,nu(C7-H21),bond,0.009542460712529083,+,0.004875205286289653,0.3506134958372735
31,1118.5433988020982,,,mixed ring-site C-H out-of-plane bending / C-H bending / cyclic-ring out-of-plane deformation,nu(C6-H19),bond,0.009476860630523049,+,0.004864974299522266,0.3496692621462572
31,1118.5433988020982,,,mixed ring-site C-H out-of-plane bending / C-H bending / cyclic-ring out-of-plane deformation,nu(C8-O9),bond,0.008851082165075836,-,-0.0030433759800205006,0.8345247457215548
31,1118.5433988020982,,,mixed ring-site C-H out-of-plane bending / C-H bending / cyclic-ring out-of-plane deformation,nu(C4-H16),bond,0.005410079295797707,-,-0.00374441773183507,0.33696834756275934
31,1118.5433988020982,,,mixed ring-site C-H out-of-plane bending / C-H bending / cyclic-ring out-of-plane deformation,nu(C2-H14),bond,0.003743839464779636,-,-0.0031489090956338425,0.3297243609541089
31,1118.5433988020982,,,mixed ring-site C-H out-of-plane bending / C-H bending / cyclic-ring out-of-plane deformation,nu(C2-H13),bond,0.0016982929756453407,+,0.002127287864152867,0.3277284562397979
31,1118.5433988020982,,,mixed ring-site C-H out-of-plane bending / C-H bending / cyclic-ring out-of-plane deformation,nu(C1-H10),bond,0.0010034976801854471,+,0.001609119643100977,0.3384494119949666
31,1118.5433988020982,,,mixed ring-site C-H out-of-plane bending / C-H bending / cyclic-ring out-of-plane deformation,nu(C1-H12),bond,0.0007055294108175943,-,-0.0013643108110352738,0.3310110907707208
31,1118.5433988020982,,,mixed ring-site C-H out-of-plane bending / C-H bending / cyclic-ring out-of-plane deformation,tau(C6-C7-C8-O9),dihedral,0.0006284198446878446,+,0.004565314638016783,0.02633070738300783
31,1118.5433988020982,,,mixed ring-site C-H out-of-plane bending / C-H bending / cyclic-ring out-of-plane deformation,nu(C8-H22),bond,0.0006147075772161158,+,0.0013384702115146131,0.2996437407786608
31,1118.5433988020982,,,mixed ring-site C-H out-of-plane bending / C-H bending / cyclic-ring out-of-plane deformation,nu(C1-H11),bond,0.00030177337845613104,-,-0.0008865091656785574,0.3353270039257434
31,1118.5433988020982,,,mixed ring-site C-H out-of-plane bending / C-H bending / cyclic-ring out-of-plane deformation,tau(H11-C1-C2-C3),dihedral,0.00014861987769870555,-,-0.0008648991757683209,0.173500206926061
31,1118.5433988020982,,,mixed ring-site C-H out-of-plane bending / C-H bending / cyclic-ring out-of-plane deformation,delta(C2-C3-C4),angle,0.00012045315433595194,+,0.00042632853244780553,0.578739924160285
31,1118.5433988020982,,,mixed ring-site C-H out-of-plane bending / C-H bending / cyclic-ring out-of-plane deformation,nu(C4-H17),bond,9.034960010065622e-05,-,-0.0004838520798831021,0.33701953429854553
31,1118.5433988020982,,,mixed ring-site C-H out-of-plane bending / C-H bending / cyclic-ring out-of-plane deformation,delta(C4-C3-H15),angle,2.9657442123387703e-05,+,0.00026262754561430377,0.3754976345746755
32,1122.8163667680412,,,mixed cyclic-ring out-of-plane deformation / ring-site C-H in-plane bending / ring-site C-H out-of-plane bending,tau(H20-C6-C7-C8),dihedral,28.643054611738272,+,0.2959234755690273,0.36929600751604197
32,1122.8163667680412,,,mixed cyclic-ring out-of-plane deformation / ring-site C-H in-plane bending / ring-site C-H out-of-plane bending,"gamma(N5;C6,C7,H20)",oop,24.709407349488487,-,-0.1450256283126081,1.3264379453481014
32,1122.8163667680412,,,mixed cyclic-ring out-of-plane deformation / ring-site C-H in-plane bending / ring-site C-H out-of-plane bending,delta(C7-C6-H20),angle,17.659625415157393,-,-0.30860460779364235,0.20935859466531728
32,1122.8163667680412,,,mixed cyclic-ring out-of-plane deformation / ring-site C-H in-plane bending / ring-site C-H out-of-plane bending,delta(N5-C6-H19),angle,13.872387673150184,+,0.26708286892856165,0.21957013616155804
32,1122.8163667680412,,,mixed cyclic-ring out-of-plane deformation / ring-site C-H in-plane bending / ring-site C-H out-of-plane bending,"gamma(C7;C6,N5,H19)",oop,7.3168772002694284,+,0.12102863415852486,0.5639798938871293
32,1122.8163667680412,,,mixed cyclic-ring out-of-plane deformation / ring-site C-H in-plane bending / ring-site C-H out-of-plane bending,nu(N5-C6),bond,2.6812158682025022,-,-0.07065849394041088,0.6063412962020981
32,1122.8163667680412,,,mixed cyclic-ring out-of-plane deformation / ring-site C-H in-plane bending / ring-site C-H out-of-plane bending,tau(C3-N5-C7-H21),dihedral,1.4871864881182595,+,0.10687366896666091,0.14700703306904594
32,1122.8163667680412,,,mixed cyclic-ring out-of-plane deformation / ring-site C-H in-plane bending / ring-site C-H out-of-plane bending,nu(C6-C7),bond,0.4900262800708722,+,0.04240164535270029,0.30772875007652795
32,1122.8163667680412,,,mixed cyclic-ring out-of-plane deformation / ring-site C-H in-plane bending / ring-site C-H out-of-plane bending,delta(C6-C7-C8),angle,0.3948229395542452,+,0.04112432637414091,0.2635839141319724
32,1122.8163667680412,,,mixed cyclic-ring out-of-plane deformation / ring-site C-H in-plane bending / ring-site C-H out-of-plane bending,delta(C3-C4-H18),angle,0.38170330075759135,-,-0.0373009624642946,0.30974190085035774
32,1122.8163667680412,,,mixed cyclic-ring out-of-plane deformation / ring-site C-H in-plane bending / ring-site C-H out-of-plane bending,delta(C3-C2-H13),angle,0.2838267397759031,-,-0.01965972901147702,0.8291104208312534
32,1122.8163667680412,,,mixed cyclic-ring out-of-plane deformation / ring-site C-H in-plane bending / ring-site C-H out-of-plane bending,"gamma(O9;C8,C7,H22)",oop,0.28188359654147793,+,0.05284699533226861,0.1139576076428222
32,1122.8163667680412,,,mixed cyclic-ring out-of-plane deformation / ring-site C-H in-plane bending / ring-site C-H out-of-plane bending,nu(C3-N5),bond,0.261689744755331,+,0.032398646059892906,0.28147971351032797
32,1122.8163667680412,,,mixed cyclic-ring out-of-plane deformation / ring-site C-H in-plane bending / ring-site C-H out-of-plane bending,"gamma(N5;C3,C4,H15)",oop,0.23236153412142513,-,-0.024840305476989216,0.42517183750888987
32,1122.8163667680412,,,mixed cyclic-ring out-of-plane deformation / ring-site C-H in-plane bending / ring-site C-H out-of-plane bending,"gamma(N5;C7,C6,C8)",oop,0.2241929054149888,+,0.011110036300632814,2.0507136816458287
32,1122.8163667680412,,,mixed cyclic-ring out-of-plane deformation / ring-site C-H in-plane bending / ring-site C-H out-of-plane bending,tau(C4-C3-N5-C6),dihedral,0.21964086459202972,-,-0.0613518580838661,0.06588276594613837
32,1122.8163667680412,,,mixed cyclic-ring out-of-plane deformation / ring-site C-H in-plane bending / ring-site C-H out-of-plane bending,delta(N5-C7-H21),angle,0.1541519214084842,+,0.02735422242527011,0.23260246557067013
32,1122.8163667680412,,,mixed cyclic-ring out-of-plane deformation / ring-site C-H in-plane bending / ring-site C-H out-of-plane bending,nu(C2-C3),bond,0.14445182369885143,-,-0.024622833986492513,0.2690054474963341
32,1122.8163667680412,,,mixed cyclic-ring out-of-plane deformation / ring-site C-H in-plane bending / ring-site C-H out-of-plane bending,delta(C2-C1-H10),angle,0.055344170190222315,-,-0.016893595076298222,0.21894843186002957
32,1122.8163667680412,,,mixed cyclic-ring out-of-plane deformation / ring-site C-H in-plane bending / ring-site C-H out-of-plane bending,delta(C2-C3-C4),angle,0.054871050405150515,+,0.010346345461378874,0.578739924160285
32,1122.8163667680412,,,mixed cyclic-ring out-of-plane deformation / ring-site C-H in-plane bending / ring-site C-H out-of-plane bending,delta(O9-C8-H22),angle,0.05099309213093024,-,-0.013857795920408037,0.2998038078133957
32,1122.8163667680412,,,mixed cyclic-ring out-of-plane deformation / ring-site C-H in-plane bending / ring-site C-H out-of-plane bending,tau(H10-C1-C2-H13),dihedral,0.04675447647456197,-,-0.017386679286022014,0.1746240399816733
32,1122.8163667680412,,,mixed cyclic-ring out-of-plane deformation / ring-site C-H in-plane bending / ring-site C-H out-of-plane bending,delta(H16-C4-H17),angle,0.043416243272012586,+,0.013357249760402643,0.27474656297601174
32,1122.8163667680412,,,mixed cyclic-ring out-of-plane deformation / ring-site C-H in-plane bending / ring-site C-H out-of-plane bending,delta(C3-N5-C7),angle,0.03800565121741083,+,0.011837017508992118,0.3062511428123691
32,1122.8163667680412,,,mixed cyclic-ring out-of-plane deformation / ring-site C-H in-plane bending / ring-site C-H out-of-plane bending,nu(C8-O9),bond,0.02690994181682145,+,0.006033840553559875,0.8345247457215548
32,1122.8163667680412,,,mixed cyclic-ring out-of-plane deformation / ring-site C-H in-plane bending / ring-site C-H out-of-plane bending,nu(C3-C4),bond,0.025966567853434062,+,0.010287615316615852,0.2770124173076562
32,1122.8163667680412,,,mixed cyclic-ring out-of-plane deformation / ring-site C-H in-plane bending / ring-site C-H out-of-plane bending,delta(C1-C2-H14),angle,0.023898316852671193,+,0.008564712095873653,0.36783741091385147
32,1122.8163667680412,,,mixed cyclic-ring out-of-plane deformation / ring-site C-H in-plane bending / ring-site C-H out-of-plane bending,delta(C3-C4-H16),angle,0.023020459391396672,+,0.009152119086128964,0.31030214713203214
32,1122.8163667680412,,,mixed cyclic-ring out-of-plane deformation / ring-site C-H in-plane bending / ring-site C-H out-of-plane bending,delta(C3-N5-C6),angle,0.022132978092273017,-,-0.0075140623351131535,0.4425928427372072
32,1122.8163667680412,,,mixed cyclic-ring out-of-plane deformation / ring-site C-H in-plane bending / ring-site C-H out-of-plane bending,delta(C4-C3-H15),angle,0.02028734055258657,+,0.0078102694449239006,0.3754976345746755
32,1122.8163667680412,,,mixed cyclic-ring out-of-plane deformation / ring-site C-H in-plane bending / ring-site C-H out-of-plane bending,delta(C1-C2-C3),angle,0.01602694410508982,+,0.005380368658438303,0.6250874412298897
32,1122.8163667680412,,,mixed cyclic-ring out-of-plane deformation / ring-site C-H in-plane bending / ring-site C-H out-of-plane bending,delta(C1-C2-H13),angle,0.01499407638915793,+,0.0038239233072827747,1.157751871494402
32,1122.8163667680412,,,mixed cyclic-ring out-of-plane deformation / ring-site C-H in-plane bending / ring-site C-H out-of-plane bending,delta(C2-C1-H11),angle,0.013336132666272952,+,0.008279708867562454,0.21964124363029877
32,1122.8163667680412,,,mixed cyclic-ring out-of-plane deformation / ring-site C-H in-plane bending / ring-site C-H out-of-plane bending,tau(H12-C1-C2-H14),dihedral,0.012808834822391993,+,0.009168882673557009,0.17202474146598562
32,1122.8163667680412,,,mixed cyclic-ring out-of-plane deformation / ring-site C-H in-plane bending / ring-site C-H out-of-plane bending,delta(C7-C8-O9),angle,0.01225315243340178,+,0.0061826928698562955,0.361915021923592
32,1122.8163667680412,,,mixed cyclic-ring out-of-plane deformation / ring-site C-H in-plane bending / ring-site C-H out-of-plane bending,tau(C1-C2-C3-C4),dihedral,0.011092727958999113,+,0.005967776623563601,0.3516635565620462
32,1122.8163667680412,,,mixed cyclic-ring out-of-plane deformation / ring-site C-H in-plane bending / ring-site C-H out-of-plane bending,delta(H16-C4-H18),angle,0.010417722040670959,-,-0.006640529716044787,0.2667358784486755
32,1122.8163667680412,,,mixed cyclic-ring out-of-plane deformation / ring-site C-H in-plane bending / ring-site C-H out-of-plane bending,delta(C2-C3-H15),angle,0.008228024883176513,+,0.003966931041965849,0.5903375570711772
32,1122.8163667680412,,,mixed cyclic-ring out-of-plane deformation / ring-site C-H in-plane bending / ring-site C-H out-of-plane bending,tau(H13-C2-C3-N5),dihedral,0.005856115267593984,-,-0.0043115353855162405,0.35568031212637796
32,1122.8163667680412,,,mixed cyclic-ring out-of-plane deformation / ring-site C-H in-plane bending / ring-site C-H out-of-plane bending,tau(C6-C7-C8-O9),dihedral,0.00563740943901138,-,-0.01554767971722481,0.02633070738300783
32,1122.8163667680412,,,mixed cyclic-ring out-of-plane deformation / ring-site C-H in-plane bending / ring-site C-H out-of-plane bending,nu(C6-H20),bond,0.004699478714982525,+,0.003946783655967415,0.34062550565283833
32,1122.8163667680412,,,mixed cyclic-ring out-of-plane deformation / ring-site C-H in-plane bending / ring-site C-H out-of-plane bending,delta(H17-C4-H18),angle,0.0035545538167240983,-,-0.0038115399899116813,0.27624743369002036
32,1122.8163667680412,,,mixed cyclic-ring out-of-plane deformation / ring-site C-H in-plane bending / ring-site C-H out-of-plane bending,nu(C8-H22),bond,0.002596472880418209,+,0.0031278531138611426,0.2996437407786608
32,1122.8163667680412,,,mixed cyclic-ring out-of-plane deformation / ring-site C-H in-plane bending / ring-site C-H out-of-plane bending,delta(H13-C2-H14),angle,0.0016898761258005222,-,-0.001927973421228462,0.5132948477004958
32,1122.8163667680412,,,mixed cyclic-ring out-of-plane deformation / ring-site C-H in-plane bending / ring-site C-H out-of-plane bending,nu(C3-H15),bond,0.001607762677573016,-,-0.0024279190646242393,0.3079410963954522
32,1122.8163667680412,,,mixed cyclic-ring out-of-plane deformation / ring-site C-H in-plane bending / ring-site C-H out-of-plane bending,tau(C2-C3-C4-H17),dihedral,0.0009001605699885162,+,0.007019376558033992,0.020627045333551117
32,1122.8163667680412,,,mixed cyclic-ring out-of-plane deformation / ring-site C-H in-plane bending / ring-site C-H out-of-plane bending,nu(C7-H21),bond,0.0007136101179894911,-,-0.0015159093960156048,0.3506134958372735
32,1122.8163667680412,,,mixed cyclic-ring out-of-plane deformation / ring-site C-H in-plane bending / ring-site C-H out-of-plane bending,tau(H11-C1-C2-C3),dihedral,0.0007030624848729038,+,0.0021389667010226934,0.173500206926061
32,1122.8163667680412,,,mixed cyclic-ring out-of-plane deformation / ring-site C-H in-plane bending / ring-site C-H out-of-plane bending,nu(C1-C2),bond,0.0005075226745341778,+,0.0014372973429083054,0.27738075382051663
32,1122.8163667680412,,,mixed cyclic-ring out-of-plane deformation / ring-site C-H in-plane bending / ring-site C-H out-of-plane bending,nu(C6-H19),bond,0.0004640507057738856,+,0.0012240835171101498,0.3496692621462572
32,1122.8163667680412,,,mixed cyclic-ring out-of-plane deformation / ring-site C-H in-plane bending / ring-site C-H out-of-plane bending,delta(C2-C1-H12),angle,0.00045821192896685443,+,0.001530602964325345,0.22082864654339243
32,1122.8163667680412,,,mixed cyclic-ring out-of-plane deformation / ring-site C-H in-plane bending / ring-site C-H out-of-plane bending,nu(C7-C8),bond,0.000382526473207161,-,-0.0012298438752473826,0.28554571717231075
32,1122.8163667680412,,,mixed cyclic-ring out-of-plane deformation / ring-site C-H in-plane bending / ring-site C-H out-of-plane bending,nu(C4-H17),bond,0.0003114700683534675,-,-0.0010214983789996826,0.33701953429854553
32,1122.8163667680412,,,mixed cyclic-ring out-of-plane deformation / ring-site C-H in-plane bending / ring-site C-H out-of-plane bending,nu(C1-H12),bond,0.0001988906478954128,-,-0.0008236505036641283,0.3310110907707208
32,1122.8163667680412,,,mixed cyclic-ring out-of-plane deformation / ring-site C-H in-plane bending / ring-site C-H out-of-plane bending,nu(C4-H18),bond,0.00014615594913486733,+,0.000699205678337715,0.3375364853619774
32,1122.8163667680412,,,mixed cyclic-ring out-of-plane deformation / ring-site C-H in-plane bending / ring-site C-H out-of-plane bending,nu(C4-H16),bond,0.00010883853527322337,-,-0.0006038844544937937,0.33696834756275934
32,1122.8163667680412,,,mixed cyclic-ring out-of-plane deformation / ring-site C-H in-plane bending / ring-site C-H out-of-plane bending,nu(C1-H11),bond,0.00010845172367958239,-,-0.0006042839020200211,0.3353270039257434
32,1122.8163667680412,,,mixed cyclic-ring out-of-plane deformation / ring-site C-H in-plane bending / ring-site C-H out-of-plane bending,nu(C1-H10),bond,3.526881638364543e-05,-,-0.00034300908290750423,0.3384494119949666
32,1122.8163667680412,,,mixed cyclic-ring out-of-plane deformation / ring-site C-H in-plane bending / ring-site C-H out-of-plane bending,nu(C2-H13),bond,3.11962537771339e-05,+,0.0003278318963925302,0.3277284562397979
32,1122.8163667680412,,,mixed cyclic-ring out-of-plane deformation / ring-site C-H in-plane bending / ring-site C-H out-of-plane bending,nu(C2-H14),bond,2.475376372014033e-05,-,-0.0002911401911231391,0.3297243609541089
33,1134.6154546267978,,,mixed C-H bending / mixed-phase C-C stretching,delta(C3-C2-H13),angle,24.519779368951014,-,-0.1559495512963414,0.8291104208312534
33,1134.6154546267978,,,mixed C-H bending / mixed-phase C-C stretching,nu(C3-C4),bond,11.763307752141584,-,-0.18687325418212067,0.2770124173076562
33,1134.6154546267978,,,mixed C-H bending / mixed-phase C-C stretching,delta(C2-C1-H10),angle,10.63929899862628,-,-0.19990222355234227,0.21894843186002957
33,1134.6154546267978,,,mixed C-H bending / mixed-phase C-C stretching,delta(C1-C2-C3),angle,5.935072798138453,+,0.08836385935654216,0.6250874412298897
33,1134.6154546267978,,,mixed C-H bending / mixed-phase C-C stretching,delta(C2-C1-H11),angle,5.520416051229365,+,0.14376759087814026,0.21964124363029877
33,1134.6154546267978,,,mixed C-H bending / mixed-phase C-C stretching,tau(H10-C1-C2-H13),dihedral,4.851115508644928,-,-0.15114745166139917,0.1746240399816733
33,1134.6154546267978,,,mixed C-H bending / mixed-phase C-C stretching,"gamma(N5;C3,C4,H15)",oop,4.198043077173216,+,0.09011005145104801,0.42517183750888987
33,1134.6154546267978,,,mixed C-H bending / mixed-phase C-C stretching,tau(H13-C2-C3-N5),dihedral,3.941629635338617,+,0.09546408875471905,0.35568031212637796
33,1134.6154546267978,,,mixed C-H bending / mixed-phase C-C stretching,nu(C1-C2),bond,3.256456594908266,-,-0.09825768376002357,0.27738075382051663
33,1134.6154546267978,,,mixed C-H bending / mixed-phase C-C stretching,delta(C1-C2-H13),angle,3.189004933411868,-,-0.04759396501722509,1.157751871494402
33,1134.6154546267978,,,mixed C-H bending / mixed-phase C-C stretching,tau(C3-N5-C7-H21),dihedral,3.1136115325224947,-,-0.13197607087401278,0.14700703306904594
33,1134.6154546267978,,,mixed C-H bending / mixed-phase C-C stretching,delta(C2-C3-C4),angle,2.4248506251368203,+,0.05869928497561196,0.578739924160285
33,1134.6154546267978,,,mixed C-H bending / mixed-phase C-C stretching,delta(C3-C4-H16),angle,2.346721451394218,-,-0.07886247788475485,0.31030214713203214
33,1134.6154546267978,,,mixed C-H bending / mixed-phase C-C stretching,nu(C2-C3),bond,2.0514571514947977,+,0.07919225781860077,0.2690054474963341
33,1134.6154546267978,,,mixed C-H bending / mixed-phase C-C stretching,delta(C4-C3-H15),angle,1.5733032150089503,-,-0.05869953347782334,0.3754976345746755
33,1134.6154546267978,,,mixed C-H bending / mixed-phase C-C stretching,tau(C1-C2-C3-C4),dihedral,1.4081220911075063,-,-0.05738369523351101,0.3516635565620462
33,1134.6154546267978,,,mixed C-H bending / mixed-phase C-C stretching,"gamma(N5;C6,C7,H20)",oop,1.4009115728257764,+,0.02947093606233128,1.3264379453481014
33,1134.6154546267978,,,mixed C-H bending / mixed-phase C-C stretching,"gamma(C7;C6,N5,H19)",oop,1.0902937009219091,+,0.039872363331010865,0.5639798938871293
33,1134.6154546267978,,,mixed C-H bending / mixed-phase C-C stretching,delta(N5-C6-H19),angle,0.9855031372517697,+,0.060753934317946935,0.21957013616155804
33,1134.6154546267978,,,mixed C-H bending / mixed-phase C-C stretching,nu(C3-N5),bond,0.9716162472198072,+,0.05327897625808735,0.28147971351032797
33,1134.6154546267978,,,mixed C-H bending / mixed-phase C-C stretching,delta(C3-N5-C7),angle,0.5362409282072232,-,-0.0379466251685985,0.3062511428123691
33,1134.6154546267978,,,mixed C-H bending / mixed-phase C-C stretching,tau(H20-C6-C7-C8),dihedral,0.5277413293605588,-,-0.034281142269222055,0.36929600751604197
33,1134.6154546267978,,,mixed C-H bending / mixed-phase C-C stretching,delta(C2-C1-H12),angle,0.47979895670575035,+,0.04227016875424855,0.22082864654339243
33,1134.6154546267978,,,mixed C-H bending / mixed-phase C-C stretching,nu(C6-C7),bond,0.4108460567308652,+,0.03313504482458536,0.30772875007652795
33,1134.6154546267978,,,mixed C-H bending / mixed-phase C-C stretching,delta(H17-C4-H18),angle,0.39655588600099084,+,0.03435857247061267,0.27624743369002036
33,1134.6154546267978,,,mixed C-H bending / mixed-phase C-C stretching,tau(H12-C1-C2-H14),dihedral,0.38041814717485956,-,-0.04264490914120238,0.17202474146598562
33,1134.6154546267978,,,mixed C-H bending / mixed-phase C-C stretching,delta(C3-C4-H18),angle,0.3700405979420659,+,0.031344167880780247,0.30974190085035774
33,1134.6154546267978,,,mixed C-H bending / mixed-phase C-C stretching,delta(C3-N5-C6),angle,0.35448040803839964,+,0.025664095490856867,0.4425928427372072
33,1134.6154546267978,,,mixed C-H bending / mixed-phase C-C stretching,delta(C7-C8-O9),angle,0.19039608898205682,-,-0.02079973223290596,0.361915021923592
33,1134.6154546267978,,,mixed C-H bending / mixed-phase C-C stretching,delta(H13-C2-H14),angle,0.18866439061178433,-,-0.017385754927495813,0.5132948477004958
33,1134.6154546267978,,,mixed C-H bending / mixed-phase C-C stretching,tau(C2-C3-C4-H17),dihedral,0.1579032470458394,-,-0.07934308017160406,0.020627045333551117
33,1134.6154546267978,,,mixed C-H bending / mixed-phase C-C stretching,nu(C7-C8),bond,0.1327962707378208,+,0.019556320745208796,0.28554571717231075
33,1134.6154546267978,,,mixed C-H bending / mixed-phase C-C stretching,delta(C7-C6-H20),angle,0.11315054527215788,+,0.02108215323800935,0.20935859466531728
33,1134.6154546267978,,,mixed C-H bending / mixed-phase C-C stretching,nu(N5-C6),bond,0.10114364666770738,+,0.011712315625949004,0.6063412962020981
33,1134.6154546267978,,,mixed C-H bending / mixed-phase C-C stretching,tau(H11-C1-C2-C3),dihedral,0.08990506628112044,-,-0.020643062220431063,0.173500206926061
33,1134.6154546267978,,,mixed C-H bending / mixed-phase C-C stretching,delta(C2-C3-H15),angle,0.07465388952479225,-,-0.010197836631622104,0.5903375570711772
33,1134.6154546267978,,,mixed C-H bending / mixed-phase C-C stretching,delta(C6-C7-C8),angle,0.05845157107543734,-,-0.013504256560571947,0.2635839141319724
33,1134.6154546267978,,,mixed C-H bending / mixed-phase C-C stretching,delta(N5-C7-H21),angle,0.05808503328785078,-,-0.014330356734226463,0.23260246557067013
33,1134.6154546267978,,,mixed C-H bending / mixed-phase C-C stretching,"gamma(O9;C8,C7,H22)",oop,0.05430396440941829,-,-0.019795940676934076,0.1139576076428222
33,1134.6154546267978,,,mixed C-H bending / mixed-phase C-C stretching,tau(C4-C3-N5-C6),dihedral,0.037571179381918965,+,0.021655765472700057,0.06588276594613837
33,1134.6154546267978,,,mixed C-H bending / mixed-phase C-C stretching,delta(H16-C4-H18),angle,0.02927112851456605,+,0.009499725416449398,0.2667358784486755
33,1134.6154546267978,,,mixed C-H bending / mixed-phase C-C stretching,delta(C1-C2-H14),angle,0.012641754732660427,-,-0.005316279050348208,0.36783741091385147
33,1134.6154546267978,,,mixed C-H bending / mixed-phase C-C stretching,delta(O9-C8-H22),angle,0.010581326159180324,+,0.0053874532645433945,0.2998038078133957
33,1134.6154546267978,,,mixed C-H bending / mixed-phase C-C stretching,"gamma(N5;C7,C6,C8)",oop,0.01003912389616852,+,0.0020064457873718183,2.0507136816458287
33,1134.6154546267978,,,mixed C-H bending / mixed-phase C-C stretching,nu(C8-O9),bond,0.008117642306280716,+,0.002828312436441423,0.8345247457215548
33,1134.6154546267978,,,mixed C-H bending / mixed-phase C-C stretching,nu(C2-H13),bond,0.0066300552763764375,+,0.004078810567777456,0.3277284562397979
33,1134.6154546267978,,,mixed C-H bending / mixed-phase C-C stretching,tau(C6-C7-C8-O9),dihedral,0.006451286700661425,-,-0.014194625710263822,0.02633070738300783
33,1134.6154546267978,,,mixed C-H bending / mixed-phase C-C stretching,nu(C1-H10),bond,0.005574842185145136,+,0.0036804544250869263,0.3384494119949666
33,1134.6154546267978,,,mixed C-H bending / mixed-phase C-C stretching,nu(C4-H18),bond,0.003654571391251737,-,-0.002983938723457373,0.3375364853619774
33,1134.6154546267978,,,mixed C-H bending / mixed-phase C-C stretching,nu(C1-H11),bond,0.003303327191022851,-,-0.0028462534441642314,0.3353270039257434
33,1134.6154546267978,,,mixed C-H bending / mixed-phase C-C stretching,nu(C1-H12),bond,0.003122745464284995,-,-0.0027853453982930074,0.3310110907707208
33,1134.6154546267978,,,mixed C-H bending / mixed-phase C-C stretching,nu(C6-H19),bond,0.002953050206681942,+,0.002635352562417662,0.3496692621462572
33,1134.6154546267978,,,mixed C-H bending / mixed-phase C-C stretching,nu(C4-H17),bond,0.0012952143524216093,-,-0.001777768981649108,0.33701953429854553
33,1134.6154546267978,,,mixed C-H bending / mixed-phase C-C stretching,nu(C2-H14),bond,0.0009394453633510457,-,-0.0015307077582633148,0.3297243609541089
33,1134.6154546267978,,,mixed C-H bending / mixed-phase C-C stretching,nu(C7-H21),bond,0.0007253495909272254,+,0.0013043417874964813,0.3506134958372735
33,1134.6154546267978,,,mixed C-H bending / mixed-phase C-C stretching,nu(C4-H16),bond,0.00029846730273933405,-,-0.0008534652907886559,0.33696834756275934
33,1134.6154546267978,,,mixed C-H bending / mixed-phase C-C stretching,nu(C8-H22),bond,0.00028987937399998977,+,0.0008919450294420002,0.2996437407786608
33,1134.6154546267978,,,mixed C-H bending / mixed-phase C-C stretching,nu(C3-H15),bond,0.00024782720454092624,+,0.0008135283661869654,0.3079410963954522
33,1134.6154546267978,,,mixed C-H bending / mixed-phase C-C stretching,delta(H16-C4-H17),angle,0.00017816466029003507,+,0.0007302586085699098,0.27474656297601174
33,1134.6154546267978,,,mixed C-H bending / mixed-phase C-C stretching,nu(C6-H20),bond,2.2151241164674736e-05,-,-0.00023125572226734682,0.34062550565283833
34,1171.6102577759452,,,mixed C-H bending / cyclic-ring out-of-plane deformation,"gamma(N5;C6,C7,H20)",oop,18.550701399158886,+,0.10635080338480166,1.3264379453481014
34,1171.6102577759452,,,mixed C-H bending / cyclic-ring out-of-plane deformation,delta(C3-C4-H18),angle,12.871081617327693,+,0.183320747162166,0.30974190085035774
34,1171.6102577759452,,,mixed C-H bending / cyclic-ring out-of-plane deformation,nu(C7-C8),bond,7.141244464340059,+,0.14221755271237563,0.28554571717231075
34,1171.6102577759452,,,mixed C-H bending / cyclic-ring out-of-plane deformation,delta(N5-C6-H19),angle,6.595656598578217,+,0.1558642300754592,0.21957013616155804
34,1171.6102577759452,,,mixed C-H bending / cyclic-ring out-of-plane deformation,tau(H20-C6-C7-C8),dihedral,6.214607766755951,-,-0.11666044578284665,0.36929600751604197
34,1171.6102577759452,,,mixed C-H bending / cyclic-ring out-of-plane deformation,nu(C3-N5),bond,5.405320384596122,-,-0.12462100413471755,0.28147971351032797
34,1171.6102577759452,,,mixed C-H bending / cyclic-ring out-of-plane deformation,nu(C2-C3),bond,4.8326212961716895,+,0.12053548520658935,0.2690054474963341
34,1171.6102577759452,,,mixed C-H bending / cyclic-ring out-of-plane deformation,delta(C3-C2-H13),angle,4.660486895482309,+,0.06742384800075787,0.8291104208312534
34,1171.6102577759452,,,mixed C-H bending / cyclic-ring out-of-plane deformation,nu(N5-C6),bond,4.473983817626966,-,-0.07724897164015897,0.6063412962020981
34,1171.6102577759452,,,mixed C-H bending / cyclic-ring out-of-plane deformation,delta(C3-N5-C6),angle,2.9217032333751027,+,0.07306677406247258,0.4425928427372072
34,1171.6102577759452,,,mixed C-H bending / cyclic-ring out-of-plane deformation,"gamma(N5;C7,C6,C8)",oop,2.81517242215769,-,-0.03331992854661624,2.0507136816458287
34,1171.6102577759452,,,mixed C-H bending / cyclic-ring out-of-plane deformation,"gamma(C7;C6,N5,H19)",oop,2.6429263214179066,+,0.06156229384137408,0.5639798938871293
34,1171.6102577759452,,,mixed C-H bending / cyclic-ring out-of-plane deformation,nu(C6-C7),bond,2.6163539536659064,-,-0.08292171741548064,0.30772875007652795
34,1171.6102577759452,,,mixed C-H bending / cyclic-ring out-of-plane deformation,delta(C2-C3-C4),angle,2.1291931952331136,-,-0.05454687682693793,0.578739924160285
34,1171.6102577759452,,,mixed C-H bending / cyclic-ring out-of-plane deformation,delta(H16-C4-H17),angle,1.804468629982896,-,-0.07288071258179,0.27474656297601174
34,1171.6102577759452,,,mixed C-H bending / cyclic-ring out-of-plane deformation,delta(C2-C1-H10),angle,1.7302893176054492,+,0.07994522329529778,0.21894843186002957
34,1171.6102577759452,,,mixed C-H bending / cyclic-ring out-of-plane deformation,delta(C2-C1-H11),angle,1.35575499247779,-,-0.07065415964388351,0.21964124363029877
34,1171.6102577759452,,,mixed C-H bending / cyclic-ring out-of-plane deformation,delta(C3-C4-H16),angle,1.2524682015296689,-,-0.05713405388574684,0.31030214713203214
34,1171.6102577759452,,,mixed C-H bending / cyclic-ring out-of-plane deformation,delta(C7-C8-O9),angle,1.2324484663253585,-,-0.052478952246162364,0.361915021923592
34,1171.6102577759452,,,mixed C-H bending / cyclic-ring out-of-plane deformation,delta(N5-C7-H21),angle,1.0215623253473787,-,-0.059597679889750316,0.23260246557067013
34,1171.6102577759452,,,mixed C-H bending / cyclic-ring out-of-plane deformation,delta(C1-C2-C3),angle,0.958826009213037,-,-0.035221154912269195,0.6250874412298897
34,1171.6102577759452,,,mixed C-H bending / cyclic-ring out-of-plane deformation,delta(H16-C4-H18),angle,0.9525631545000224,+,0.053741557342176186,0.2667358784486755
34,1171.6102577759452,,,mixed C-H bending / cyclic-ring out-of-plane deformation,tau(H10-C1-C2-H13),dihedral,0.9315050334610144,+,0.06568174212221126,0.1746240399816733
34,1171.6102577759452,,,mixed C-H bending / cyclic-ring out-of-plane deformation,delta(C1-C2-H14),angle,0.7170500177241454,-,-0.03970551679430876,0.36783741091385147
34,1171.6102577759452,,,mixed C-H bending / cyclic-ring out-of-plane deformation,delta(C3-N5-C7),angle,0.661555515155528,+,0.04179731308467669,0.3062511428123691
34,1171.6102577759452,,,mixed C-H bending / cyclic-ring out-of-plane deformation,delta(C4-C3-H15),angle,0.6398278278741264,-,-0.03712205721579087,0.3754976345746755
34,1171.6102577759452,,,mixed C-H bending / cyclic-ring out-of-plane deformation,delta(C2-C3-H15),angle,0.3788504571637693,+,0.022781786475698104,0.5903375570711772
34,1171.6102577759452,,,mixed C-H bending / cyclic-ring out-of-plane deformation,nu(C3-C4),bond,0.37307554586816155,-,-0.033002956664074976,0.2770124173076562
34,1171.6102577759452,,,mixed C-H bending / cyclic-ring out-of-plane deformation,delta(C1-C2-H13),angle,0.3331942409798723,+,0.015256154333690384,1.157751871494402
34,1171.6102577759452,,,mixed C-H bending / cyclic-ring out-of-plane deformation,tau(C1-C2-C3-C4),dihedral,0.29389739287582267,-,-0.025997899518238336,0.3516635565620462
34,1171.6102577759452,,,mixed C-H bending / cyclic-ring out-of-plane deformation,"gamma(N5;C3,C4,H15)",oop,0.25837505200446154,+,0.022169051875474587,0.42517183750888987
34,1171.6102577759452,,,mixed C-H bending / cyclic-ring out-of-plane deformation,tau(H12-C1-C2-H14),dihedral,0.2020666127604232,-,-0.03082165110084842,0.17202474146598562
34,1171.6102577759452,,,mixed C-H bending / cyclic-ring out-of-plane deformation,delta(H17-C4-H18),angle,0.20172441129603372,+,0.024301561403040392,0.27624743369002036
34,1171.6102577759452,,,mixed C-H bending / cyclic-ring out-of-plane deformation,tau(H13-C2-C3-N5),dihedral,0.16398144637857837,+,0.01930952182893565,0.35568031212637796
34,1171.6102577759452,,,mixed C-H bending / cyclic-ring out-of-plane deformation,tau(C3-N5-C7-H21),dihedral,0.12382514928583059,+,0.026099936453034756,0.14700703306904594
34,1171.6102577759452,,,mixed C-H bending / cyclic-ring out-of-plane deformation,"gamma(O9;C8,C7,H22)",oop,0.10037099643459414,+,0.02668925998735374,0.1139576076428222
34,1171.6102577759452,,,mixed C-H bending / cyclic-ring out-of-plane deformation,delta(C6-C7-C8),angle,0.09234404530229186,-,-0.016832517419394552,0.2635839141319724
34,1171.6102577759452,,,mixed C-H bending / cyclic-ring out-of-plane deformation,delta(C7-C6-H20),angle,0.07216325025421531,+,0.01669616476148237,0.20935859466531728
34,1171.6102577759452,,,mixed C-H bending / cyclic-ring out-of-plane deformation,nu(C8-O9),bond,0.05803301212801656,-,-0.007499322371306831,0.8345247457215548
34,1171.6102577759452,,,mixed C-H bending / cyclic-ring out-of-plane deformation,tau(C2-C3-C4-H17),dihedral,0.05387174698069947,-,-0.04595852630428398,0.020627045333551117
34,1171.6102577759452,,,mixed C-H bending / cyclic-ring out-of-plane deformation,tau(H11-C1-C2-C3),dihedral,0.03593666737263296,-,-0.012942643161645246,0.173500206926061
34,1171.6102577759452,,,mixed C-H bending / cyclic-ring out-of-plane deformation,delta(O9-C8-H22),angle,0.03302990438353753,+,0.009439286373267597,0.2998038078133957
34,1171.6102577759452,,,mixed C-H bending / cyclic-ring out-of-plane deformation,delta(H13-C2-H14),angle,0.022325122869109565,+,0.005930858361918019,0.5132948477004958
34,1171.6102577759452,,,mixed C-H bending / cyclic-ring out-of-plane deformation,nu(C4-H18),bond,0.017870459084532102,-,-0.006543522030385019,0.3375364853619774
34,1171.6102577759452,,,mixed C-H bending / cyclic-ring out-of-plane deformation,nu(C1-C2),bond,0.011924243685546393,+,0.0058963239416944145,0.27738075382051663
34,1171.6102577759452,,,mixed C-H bending / cyclic-ring out-of-plane deformation,nu(C3-H15),bond,0.008850414439678548,+,0.004821165656996936,0.3079410963954522
34,1171.6102577759452,,,mixed C-H bending / cyclic-ring out-of-plane deformation,tau(C4-C3-N5-C6),dihedral,0.008078227272448507,-,-0.00995809345980186,0.06588276594613837
34,1171.6102577759452,,,mixed C-H bending / cyclic-ring out-of-plane deformation,nu(C4-H17),bond,0.006158462426464711,+,0.0038442594188437046,0.33701953429854553
34,1171.6102577759452,,,mixed C-H bending / cyclic-ring out-of-plane deformation,nu(C1-H11),bond,0.004447897967680721,+,0.003275270849523638,0.3353270039257434
34,1171.6102577759452,,,mixed C-H bending / cyclic-ring out-of-plane deformation,nu(C6-H20),bond,0.003729268239411052,-,-0.0029756188773770263,0.34062550565283833
34,1171.6102577759452,,,mixed C-H bending / cyclic-ring out-of-plane deformation,nu(C6-H19),bond,0.003043178290256155,+,0.00265301097210517,0.3496692621462572
34,1171.6102577759452,,,mixed C-H bending / cyclic-ring out-of-plane deformation,delta(C2-C1-H12),angle,0.0019848166163369345,+,0.0026961035256747898,0.22082864654339243
34,1171.6102577759452,,,mixed C-H bending / cyclic-ring out-of-plane deformation,tau(C6-C7-C8-O9),dihedral,0.0018337957097568527,-,-0.007504958394006804,0.02633070738300783
34,1171.6102577759452,,,mixed C-H bending / cyclic-ring out-of-plane deformation,nu(C2-H14),bond,0.0015030663254854675,+,0.001920072515505837,0.3297243609541089
34,1171.6102577759452,,,mixed C-H bending / cyclic-ring out-of-plane deformation,nu(C2-H13),bond,0.0013800045318160235,-,-0.0018453861478128488,0.3277284562397979
34,1171.6102577759452,,,mixed C-H bending / cyclic-ring out-of-plane deformation,nu(C8-H22),bond,0.0011220305075512298,+,0.0017402185899750688,0.2996437407786608
34,1171.6102577759452,,,mixed C-H bending / cyclic-ring out-of-plane deformation,nu(C4-H16),bond,0.001047418218561073,+,0.0015855121843815565,0.33696834756275934
34,1171.6102577759452,,,mixed C-H bending / cyclic-ring out-of-plane deformation,nu(C7-H21),bond,0.0003745619658356451,-,-0.0009295047200977968,0.3506134958372735
34,1171.6102577759452,,,mixed C-H bending / cyclic-ring out-of-plane deformation,nu(C1-H10),bond,0.00021383191875660128,-,-0.0007148146762626052,0.3384494119949666
34,1171.6102577759452,,,mixed C-H bending / cyclic-ring out-of-plane deformation,nu(C1-H12),bond,4.113778036382561e-07,+,3.17032095304477e-05,0.3310110907707208
35,1190.4993265302537,,,mixed cyclic-ring out-of-plane deformation / ring-site C-H out-of-plane bending,tau(H20-C6-C7-C8),dihedral,15.311148028205992,-,-0.18307882130026393,0.36929600751604197
35,1190.4993265302537,,,mixed cyclic-ring out-of-plane deformation / ring-site C-H out-of-plane bending,"gamma(C7;C6,N5,H19)",oop,11.537007126135258,-,-0.12859861935528016,0.5639798938871293
35,1190.4993265302537,,,mixed cyclic-ring out-of-plane deformation / ring-site C-H out-of-plane bending,"gamma(N5;C6,C7,H20)",oop,9.888280075050025,+,0.07763158390687865,1.3264379453481014
35,1190.4993265302537,,,mixed cyclic-ring out-of-plane deformation / ring-site C-H out-of-plane bending,nu(C7-C8),bond,9.782111623414515,-,-0.16641789258746248,0.28554571717231075
35,1190.4993265302537,,,mixed cyclic-ring out-of-plane deformation / ring-site C-H out-of-plane bending,delta(C7-C6-H20),angle,7.45201524237056,-,-0.1696340403912012,0.20935859466531728
35,1190.4993265302537,,,mixed cyclic-ring out-of-plane deformation / ring-site C-H out-of-plane bending,delta(C3-C4-H16),angle,5.055176190308745,-,-0.1147617849338365,0.31030214713203214
35,1190.4993265302537,,,mixed cyclic-ring out-of-plane deformation / ring-site C-H out-of-plane bending,nu(N5-C6),bond,4.997532437994932,-,-0.08162830400638024,0.6063412962020981
35,1190.4993265302537,,,mixed cyclic-ring out-of-plane deformation / ring-site C-H out-of-plane bending,delta(C3-N5-C6),angle,4.735843149822906,+,0.09300750582884841,0.4425928427372072
35,1190.4993265302537,,,mixed cyclic-ring out-of-plane deformation / ring-site C-H out-of-plane bending,"gamma(N5;C7,C6,C8)",oop,3.98684938606679,+,0.03964459052314848,2.0507136816458287
35,1190.4993265302537,,,mixed cyclic-ring out-of-plane deformation / ring-site C-H out-of-plane bending,delta(C7-C8-O9),angle,3.783655064403489,+,0.09193354352912463,0.361915021923592
35,1190.4993265302537,,,mixed cyclic-ring out-of-plane deformation / ring-site C-H out-of-plane bending,delta(N5-C7-H21),angle,3.0447904074059213,+,0.10287102821048416,0.23260246557067013
35,1190.4993265302537,,,mixed cyclic-ring out-of-plane deformation / ring-site C-H out-of-plane bending,delta(C6-C7-C8),angle,2.972386363302382,+,0.09548050667840728,0.2635839141319724
35,1190.4993265302537,,,mixed cyclic-ring out-of-plane deformation / ring-site C-H out-of-plane bending,tau(C3-N5-C7-H21),dihedral,1.7853677892851247,+,0.09908691965261766,0.14700703306904594
35,1190.4993265302537,,,mixed cyclic-ring out-of-plane deformation / ring-site C-H out-of-plane bending,delta(C3-C4-H18),angle,1.6188417334435374,+,0.06500155596451775,0.30974190085035774
35,1190.4993265302537,,,mixed cyclic-ring out-of-plane deformation / ring-site C-H out-of-plane bending,delta(N5-C6-H19),angle,1.6071421605497251,+,0.07692403340522348,0.21957013616155804
35,1190.4993265302537,,,mixed cyclic-ring out-of-plane deformation / ring-site C-H out-of-plane bending,nu(C3-C4),bond,1.5695904639664768,-,-0.0676807392193555,0.2770124173076562
35,1190.4993265302537,,,mixed cyclic-ring out-of-plane deformation / ring-site C-H out-of-plane bending,delta(C2-C1-H12),angle,1.3168298037517525,-,-0.06943183681327889,0.22082864654339243
35,1190.4993265302537,,,mixed cyclic-ring out-of-plane deformation / ring-site C-H out-of-plane bending,delta(C1-C2-C3),angle,1.2917185513392642,+,0.04087286661424594,0.6250874412298897
35,1190.4993265302537,,,mixed cyclic-ring out-of-plane deformation / ring-site C-H out-of-plane bending,nu(C6-C7),bond,1.137475252947865,-,-0.05466488997257376,0.30772875007652795
35,1190.4993265302537,,,mixed cyclic-ring out-of-plane deformation / ring-site C-H out-of-plane bending,delta(H17-C4-H18),angle,0.8664671433486089,+,0.05035567937246249,0.27624743369002036
35,1190.4993265302537,,,mixed cyclic-ring out-of-plane deformation / ring-site C-H out-of-plane bending,delta(C2-C3-C4),angle,0.8625976709860225,+,0.03471234514876578,0.578739924160285
35,1190.4993265302537,,,mixed cyclic-ring out-of-plane deformation / ring-site C-H out-of-plane bending,delta(C3-C2-H13),angle,0.8323721239325449,+,0.02848879716264261,0.8291104208312534
35,1190.4993265302537,,,mixed cyclic-ring out-of-plane deformation / ring-site C-H out-of-plane bending,delta(C4-C3-H15),angle,0.8222692799065655,-,-0.04207508152651278,0.3754976345746755
35,1190.4993265302537,,,mixed cyclic-ring out-of-plane deformation / ring-site C-H out-of-plane bending,delta(C2-C1-H11),angle,0.6333111483995257,+,0.048280655278390906,0.21964124363029877
35,1190.4993265302537,,,mixed cyclic-ring out-of-plane deformation / ring-site C-H out-of-plane bending,delta(C1-C2-H14),angle,0.5762519110828211,-,-0.03558768821976691,0.36783741091385147
35,1190.4993265302537,,,mixed cyclic-ring out-of-plane deformation / ring-site C-H out-of-plane bending,delta(C3-N5-C7),angle,0.38404625267034653,-,-0.031840101478226635,0.3062511428123691
35,1190.4993265302537,,,mixed cyclic-ring out-of-plane deformation / ring-site C-H out-of-plane bending,delta(C1-C2-H13),angle,0.2822301378214704,+,0.014038331201763812,1.157751871494402
35,1190.4993265302537,,,mixed cyclic-ring out-of-plane deformation / ring-site C-H out-of-plane bending,tau(H12-C1-C2-H14),dihedral,0.2495775793469716,+,0.034247499142592,0.17202474146598562
35,1190.4993265302537,,,mixed cyclic-ring out-of-plane deformation / ring-site C-H out-of-plane bending,delta(O9-C8-H22),angle,0.22693832615167173,-,-0.02473756154290989,0.2998038078133957
35,1190.4993265302537,,,mixed cyclic-ring out-of-plane deformation / ring-site C-H out-of-plane bending,tau(H13-C2-C3-N5),dihedral,0.18073462187487455,+,0.02026806556291199,0.35568031212637796
35,1190.4993265302537,,,mixed cyclic-ring out-of-plane deformation / ring-site C-H out-of-plane bending,delta(H16-C4-H17),angle,0.16640183921310647,-,-0.02212760770248113,0.27474656297601174
35,1190.4993265302537,,,mixed cyclic-ring out-of-plane deformation / ring-site C-H out-of-plane bending,tau(C4-C3-N5-C6),dihedral,0.15087830840152305,+,0.04302778872842809,0.06588276594613837
35,1190.4993265302537,,,mixed cyclic-ring out-of-plane deformation / ring-site C-H out-of-plane bending,"gamma(N5;C3,C4,H15)",oop,0.13394557847747934,-,-0.01595891943750009,0.42517183750888987
35,1190.4993265302537,,,mixed cyclic-ring out-of-plane deformation / ring-site C-H out-of-plane bending,tau(C6-C7-C8-O9),dihedral,0.11365288302282871,+,0.059071840366084205,0.02633070738300783
35,1190.4993265302537,,,mixed cyclic-ring out-of-plane deformation / ring-site C-H out-of-plane bending,nu(C1-C2),bond,0.10711633899660555,-,-0.017668970057202048,0.27738075382051663
35,1190.4993265302537,,,mixed cyclic-ring out-of-plane deformation / ring-site C-H out-of-plane bending,delta(C2-C1-H10),angle,0.1044873832404908,+,0.01964185692489434,0.21894843186002957
35,1190.4993265302537,,,mixed cyclic-ring out-of-plane deformation / ring-site C-H out-of-plane bending,tau(C1-C2-C3-C4),dihedral,0.09335935720934607,-,-0.014649971530240223,0.3516635565620462
35,1190.4993265302537,,,mixed cyclic-ring out-of-plane deformation / ring-site C-H out-of-plane bending,delta(H13-C2-H14),angle,0.07137242878417972,-,-0.010602378927180413,0.5132948477004958
35,1190.4993265302537,,,mixed cyclic-ring out-of-plane deformation / ring-site C-H out-of-plane bending,delta(C2-C3-H15),angle,0.05350999633071809,-,-0.008560296156340701,0.5903375570711772
35,1190.4993265302537,,,mixed cyclic-ring out-of-plane deformation / ring-site C-H out-of-plane bending,"gamma(O9;C8,C7,H22)",oop,0.04906195069542564,+,0.018656160977377743,0.1139576076428222
35,1190.4993265302537,,,mixed cyclic-ring out-of-plane deformation / ring-site C-H out-of-plane bending,nu(C2-C3),bond,0.04669413373187231,-,-0.011846011783416446,0.2690054474963341
35,1190.4993265302537,,,mixed cyclic-ring out-of-plane deformation / ring-site C-H out-of-plane bending,tau(C2-C3-C4-H17),dihedral,0.03256789824930611,-,-0.03572711032037966,0.020627045333551117
35,1190.4993265302537,,,mixed cyclic-ring out-of-plane deformation / ring-site C-H out-of-plane bending,nu(C3-N5),bond,0.032406308277279174,-,-0.009647455092407846,0.28147971351032797
35,1190.4993265302537,,,mixed cyclic-ring out-of-plane deformation / ring-site C-H out-of-plane bending,nu(C7-H21),bond,0.015203416620297665,-,-0.005920764948494975,0.3506134958372735
35,1190.4993265302537,,,mixed cyclic-ring out-of-plane deformation / ring-site C-H out-of-plane bending,delta(H16-C4-H18),angle,0.00753889865904877,-,-0.004780075661041312,0.2667358784486755
35,1190.4993265302537,,,mixed cyclic-ring out-of-plane deformation / ring-site C-H out-of-plane bending,nu(C6-H19),bond,0.007052080296565076,+,0.004037861626788616,0.3496692621462572
35,1190.4993265302537,,,mixed cyclic-ring out-of-plane deformation / ring-site C-H out-of-plane bending,nu(C8-O9),bond,0.00586544631899919,+,0.0023837047339029006,0.8345247457215548
35,1190.4993265302537,,,mixed cyclic-ring out-of-plane deformation / ring-site C-H out-of-plane bending,nu(C4-H18),bond,0.0055743500828830195,-,-0.003653913772138489,0.3375364853619774
35,1190.4993265302537,,,mixed cyclic-ring out-of-plane deformation / ring-site C-H out-of-plane bending,nu(C8-H22),bond,0.003285281460254324,-,-0.002977180889633222,0.2996437407786608
35,1190.4993265302537,,,mixed cyclic-ring out-of-plane deformation / ring-site C-H out-of-plane bending,nu(C4-H16),bond,0.00265524976005906,+,0.0025239437474715823,0.33696834756275934
35,1190.4993265302537,,,mixed cyclic-ring out-of-plane deformation / ring-site C-H out-of-plane bending,nu(C2-H14),bond,0.0017334570207663516,+,0.0020615912288319783,0.3297243609541089
35,1190.4993265302537,,,mixed cyclic-ring out-of-plane deformation / ring-site C-H out-of-plane bending,nu(C4-H17),bond,0.001386543753769416,-,-0.0018237310345560758,0.33701953429854553
35,1190.4993265302537,,,mixed cyclic-ring out-of-plane deformation / ring-site C-H out-of-plane bending,nu(C1-H11),bond,0.0009050875041854883,-,-0.0014771770663589195,0.3353270039257434
35,1190.4993265302537,,,mixed cyclic-ring out-of-plane deformation / ring-site C-H out-of-plane bending,nu(C2-H13),bond,0.0009018655922098528,-,-0.0014915415952945542,0.3277284562397979
35,1190.4993265302537,,,mixed cyclic-ring out-of-plane deformation / ring-site C-H out-of-plane bending,nu(C1-H12),bond,0.0005330608661813958,+,0.0011410079330472478,0.3310110907707208
35,1190.4993265302537,,,mixed cyclic-ring out-of-plane deformation / ring-site C-H out-of-plane bending,tau(H11-C1-C2-C3),dihedral,0.0005191456436520722,-,-0.0015553070649144127,0.173500206926061
35,1190.4993265302537,,,mixed cyclic-ring out-of-plane deformation / ring-site C-H out-of-plane bending,tau(H10-C1-C2-H13),dihedral,0.00029289949385942704,+,0.001164471412377441,0.1746240399816733
35,1190.4993265302537,,,mixed cyclic-ring out-of-plane deformation / ring-site C-H out-of-plane bending,nu(C6-H20),bond,0.00028934338097786054,-,-0.000828685481440699,0.34062550565283833
35,1190.4993265302537,,,mixed cyclic-ring out-of-plane deformation / ring-site C-H out-of-plane bending,nu(C3-H15),bond,0.00022812494302604903,+,0.000773880844855012,0.3079410963954522
35,1190.4993265302537,,,mixed cyclic-ring out-of-plane deformation / ring-site C-H out-of-plane bending,nu(C1-H10),bond,2.4298686402019628e-05,-,-0.00024091622662852637,0.3384494119949666
36,1191.6768617995099,,,mixed C-H bending / C-C-C bending,nu(C2-C3),bond,11.027365644202787,-,-0.17460747204727836,0.2690054474963341
36,1191.6768617995099,,,mixed C-H bending / C-C-C bending,delta(C2-C1-H12),angle,10.627546559414371,-,-0.1891891723753848,0.22082864654339243
36,1191.6768617995099,,,mixed C-H bending / C-C-C bending,delta(C3-C4-H16),angle,9.892758250100446,-,-0.15398335660434612,0.31030214713203214
36,1191.6768617995099,,,mixed C-H bending / C-C-C bending,delta(C2-C3-C4),angle,8.688811661690998,+,0.1056685978832272,0.578739924160285
36,1191.6768617995099,,,mixed C-H bending / C-C-C bending,delta(C2-C3-H15),angle,7.8724956542475235,-,-0.09958948406037002,0.5903375570711772
36,1191.6768617995099,,,mixed C-H bending / C-C-C bending,delta(C1-C2-C3),angle,6.8700971438006535,+,0.09041042834296201,0.6250874412298897
36,1191.6768617995099,,,mixed C-H bending / C-C-C bending,delta(C1-C2-H13),angle,5.262449221512991,+,0.058142498162738115,1.157751871494402
36,1191.6768617995099,,,mixed C-H bending / C-C-C bending,delta(C2-C1-H11),angle,4.2973725430548875,+,0.12062908395718179,0.21964124363029877
36,1191.6768617995099,,,mixed C-H bending / C-C-C bending,tau(H12-C1-C2-H14),dihedral,3.8740132870324238,+,0.12941737020268906,0.17202474146598562
36,1191.6768617995099,,,mixed C-H bending / C-C-C bending,nu(C7-C8),bond,3.460730070843452,+,0.09494093676605654,0.28554571717231075
36,1191.6768617995099,,,mixed C-H bending / C-C-C bending,delta(C3-N5-C7),angle,2.6459734773039063,+,0.08016067376067638,0.3062511428123691
36,1191.6768617995099,,,mixed C-H bending / C-C-C bending,delta(C3-C2-H13),angle,2.3805565740344554,+,0.04621048654441933,0.8291104208312534
36,1191.6768617995099,,,mixed C-H bending / C-C-C bending,"gamma(N5;C7,C6,C8)",oop,2.213610093324264,-,-0.028333845620544553,2.0507136816458287
36,1191.6768617995099,,,mixed C-H bending / C-C-C bending,"gamma(N5;C3,C4,H15)",oop,2.1331685140303533,-,-0.061085454832340985,0.42517183750888987
36,1191.6768617995099,,,mixed C-H bending / C-C-C bending,delta(H17-C4-H18),angle,1.986388821790605,+,0.07312914229307636,0.27624743369002036
36,1191.6768617995099,,,mixed C-H bending / C-C-C bending,delta(H16-C4-H18),angle,1.9809332329164133,-,-0.07431931111024365,0.2667358784486755
36,1191.6768617995099,,,mixed C-H bending / C-C-C bending,delta(C7-C6-H20),angle,1.5439954704468593,+,0.07406023543125032,0.20935859466531728
36,1191.6768617995099,,,mixed C-H bending / C-C-C bending,"gamma(C7;C6,N5,H19)",oop,1.4857181528315353,+,0.04426330912342916,0.5639798938871293
36,1191.6768617995099,,,mixed C-H bending / C-C-C bending,tau(H13-C2-C3-N5),dihedral,1.2944575627362929,-,-0.05202612378175449,0.35568031212637796
36,1191.6768617995099,,,mixed C-H bending / C-C-C bending,delta(C7-C8-O9),angle,1.2636645874948444,-,-0.050958903819443395,0.361915021923592
36,1191.6768617995099,,,mixed C-H bending / C-C-C bending,delta(C3-C4-H18),angle,1.2335147163870024,-,-0.05442264717678654,0.30974190085035774
36,1191.6768617995099,,,mixed C-H bending / C-C-C bending,"gamma(N5;C6,C7,H20)",oop,1.2330551324447598,+,0.02629391493237494,1.3264379453481014
36,1191.6768617995099,,,mixed C-H bending / C-C-C bending,delta(C1-C2-H14),angle,1.2047265143578438,-,-0.049354159505571885,0.36783741091385147
36,1191.6768617995099,,,mixed C-H bending / C-C-C bending,delta(C3-N5-C6),angle,0.9249832882930153,+,0.03942504742747715,0.4425928427372072
36,1191.6768617995099,,,mixed C-H bending / C-C-C bending,delta(N5-C7-H21),angle,0.6601510845456812,-,-0.04594327903302162,0.23260246557067013
36,1191.6768617995099,,,mixed C-H bending / C-C-C bending,delta(C2-C1-H10),angle,0.5375639995034361,+,0.04273184488339284,0.21894843186002957
36,1191.6768617995099,,,mixed C-H bending / C-C-C bending,delta(C6-C7-C8),angle,0.43613585686030987,-,-0.03507994630436341,0.2635839141319724
36,1191.6768617995099,,,mixed C-H bending / C-C-C bending,delta(O9-C8-H22),angle,0.42864943279476614,+,0.03260919133210483,0.2998038078133957
36,1191.6768617995099,,,mixed C-H bending / C-C-C bending,nu(C3-C4),bond,0.42421694116413117,-,-0.03374829681511337,0.2770124173076562
36,1191.6768617995099,,,mixed C-H bending / C-C-C bending,tau(C3-N5-C7-H21),dihedral,0.3687484189928235,-,-0.04319201862109453,0.14700703306904594
36,1191.6768617995099,,,mixed C-H bending / C-C-C bending,tau(C4-C3-N5-C6),dihedral,0.33711643025772686,+,0.06168953865720612,0.06588276594613837
36,1191.6768617995099,,,mixed C-H bending / C-C-C bending,delta(H16-C4-H17),angle,0.2246100420085588,+,0.02465789080272774,0.27474656297601174
36,1191.6768617995099,,,mixed C-H bending / C-C-C bending,tau(C1-C2-C3-C4),dihedral,0.19425308556254958,+,0.020268786845740166,0.3516635565620462
36,1191.6768617995099,,,mixed C-H bending / C-C-C bending,delta(N5-C6-H19),angle,0.16989754991918082,+,0.02398912442045784,0.21957013616155804
36,1191.6768617995099,,,mixed C-H bending / C-C-C bending,nu(C1-C2),bond,0.14030193546235484,-,-0.019395507312749277,0.27738075382051663
36,1191.6768617995099,,,mixed C-H bending / C-C-C bending,tau(H11-C1-C2-C3),dihedral,0.1331008366376475,+,0.023886244237754217,0.173500206926061
36,1191.6768617995099,,,mixed C-H bending / C-C-C bending,delta(C4-C3-H15),angle,0.10850328492164797,-,-0.014659707837547118,0.3754976345746755
36,1191.6768617995099,,,mixed C-H bending / C-C-C bending,tau(H10-C1-C2-H13),dihedral,0.0902390862113116,-,-0.019604366059007533,0.1746240399816733
36,1191.6768617995099,,,mixed C-H bending / C-C-C bending,"gamma(O9;C8,C7,H22)",oop,0.08741560974080419,+,0.023885278444382808,0.1139576076428222
36,1191.6768617995099,,,mixed C-H bending / C-C-C bending,delta(H13-C2-H14),angle,0.062268402696671075,-,-0.009498562500978434,0.5132948477004958
36,1191.6768617995099,,,mixed C-H bending / C-C-C bending,nu(C3-N5),bond,0.04392628577000443,+,0.010773235802080621,0.28147971351032797
36,1191.6768617995099,,,mixed C-H bending / C-C-C bending,nu(C4-H17),bond,0.023087575146897417,-,-0.007137877633817434,0.33701953429854553
36,1191.6768617995099,,,mixed C-H bending / C-C-C bending,tau(H20-C6-C7-C8),dihedral,0.020283471606784204,-,-0.006391331040662907,0.36929600751604197
36,1191.6768617995099,,,mixed C-H bending / C-C-C bending,nu(C1-H12),bond,0.015219945749697953,+,0.005847803273665899,0.3310110907707208
36,1191.6768617995099,,,mixed C-H bending / C-C-C bending,nu(C1-H11),bond,0.013138459223467172,-,-0.005398155975341359,0.3353270039257434
36,1191.6768617995099,,,mixed C-H bending / C-C-C bending,nu(C6-C7),bond,0.012654879627616616,-,-0.005530347834712023,0.30772875007652795
36,1191.6768617995099,,,mixed C-H bending / C-C-C bending,nu(C4-H16),bond,0.011852251328920349,+,0.00511461969355561,0.33696834756275934
36,1191.6768617995099,,,mixed C-H bending / C-C-C bending,nu(C3-H15),bond,0.010766566260654314,+,0.0050993198959864375,0.3079410963954522
36,1191.6768617995099,,,mixed C-H bending / C-C-C bending,nu(N5-C6),bond,0.00977621367430311,+,0.003462854493585146,0.6063412962020981
36,1191.6768617995099,,,mixed C-H bending / C-C-C bending,tau(C6-C7-C8-O9),dihedral,0.008219099434783219,-,-0.015236609196061847,0.02633070738300783
36,1191.6768617995099,,,mixed C-H bending / C-C-C bending,nu(C8-O9),bond,0.005900646641161217,-,-0.0022931774837966334,0.8345247457215548
36,1191.6768617995099,,,mixed C-H bending / C-C-C bending,nu(C7-H21),bond,0.0057203651032602665,+,0.003483413529944272,0.3506134958372735
36,1191.6768617995099,,,mixed C-H bending / C-C-C bending,nu(C1-H10),bond,0.00454554186027641,-,-0.003160482743388675,0.3384494119949666
36,1191.6768617995099,,,mixed C-H bending / C-C-C bending,tau(C2-C3-C4-H17),dihedral,0.003478717533808187,+,0.01119949773077667,0.020627045333551117
36,1191.6768617995099,,,mixed C-H bending / C-C-C bending,nu(C2-H14),bond,0.0030892650581442454,+,0.0026397302123903816,0.3297243609541089
36,1191.6768617995099,,,mixed C-H bending / C-C-C bending,nu(C2-H13),bond,0.0026860361413067364,-,-0.002468916058005292,0.3277284562397979
36,1191.6768617995099,,,mixed C-H bending / C-C-C bending,nu(C6-H19),bond,0.0023705973698999166,+,0.0022454720057867635,0.3496692621462572
36,1191.6768617995099,,,mixed C-H bending / C-C-C bending,nu(C8-H22),bond,0.0016375923937686852,+,0.0020160800665264436,0.2996437407786608
36,1191.6768617995099,,,mixed C-H bending / C-C-C bending,nu(C6-H20),bond,8.717466724183477e-05,+,0.00043627873128610157,0.34062550565283833
36,1191.6768617995099,,,mixed C-H bending / C-C-C bending,nu(C4-H18),bond,1.143835733187204e-06,+,5.020291586809559e-05,0.3375364853619774
37,1295.6532998616015,,,mixed C-H bending / cyclic C-N stretching,delta(C1-C2-H13),angle,33.665510419622805,-,-0.20908451206232598,1.157751871494402
37,1295.6532998616015,,,mixed C-H bending / cyclic C-N stretching,delta(C1-C2-H14),angle,11.357145416945555,+,0.21544858816897794,0.36783741091385147
37,1295.6532998616015,,,mixed C-H bending / cyclic C-N stretching,nu(N5-C6),bond,8.754548461302083,-,-0.14733139787394156,0.6063412962020981
37,1295.6532998616015,,,mixed C-H bending / cyclic C-N stretching,delta(N5-C7-H21),angle,7.473451938090482,-,-0.21978116634335135,0.23260246557067013
37,1295.6532998616015,,,mixed C-H bending / cyclic C-N stretching,delta(C3-C2-H13),angle,7.4423795918920055,+,0.11616805805808213,0.8291104208312534
37,1295.6532998616015,,,mixed C-H bending / cyclic C-N stretching,tau(H13-C2-C3-N5),dihedral,4.871142369402567,+,0.1434902875863812,0.35568031212637796
37,1295.6532998616015,,,mixed C-H bending / cyclic C-N stretching,"gamma(N5;C3,C4,H15)",oop,4.321436218952726,-,-0.12361432921387094,0.42517183750888987
37,1295.6532998616015,,,mixed C-H bending / cyclic C-N stretching,delta(C2-C3-H15),angle,4.037719364214464,+,0.10140394854730914,0.5903375570711772
37,1295.6532998616015,,,mixed C-H bending / cyclic C-N stretching,nu(C3-N5),bond,3.9216546161720105,+,0.14472652309752695,0.28147971351032797
37,1295.6532998616015,,,mixed C-H bending / cyclic C-N stretching,delta(C2-C1-H10),angle,2.3353176774896522,-,-0.12663071867171077,0.21894843186002957
37,1295.6532998616015,,,mixed C-H bending / cyclic C-N stretching,nu(C6-C7),bond,2.223417423475361,-,-0.10422297690089866,0.30772875007652795
37,1295.6532998616015,,,mixed C-H bending / cyclic C-N stretching,delta(C2-C1-H12),angle,1.7089321458390556,+,0.10786280549224864,0.22082864654339243
37,1295.6532998616015,,,mixed C-H bending / cyclic C-N stretching,"gamma(N5;C7,C6,C8)",oop,1.3687728648764972,+,0.03167744801143793,2.0507136816458287
37,1295.6532998616015,,,mixed C-H bending / cyclic C-N stretching,delta(N5-C6-H19),angle,1.1473319773328092,-,-0.0886328922174612,0.21957013616155804
37,1295.6532998616015,,,mixed C-H bending / cyclic C-N stretching,tau(H12-C1-C2-H14),dihedral,0.9220965640105548,+,0.08976969564095358,0.17202474146598562
37,1295.6532998616015,,,mixed C-H bending / cyclic C-N stretching,tau(H10-C1-C2-H13),dihedral,0.7929167262407743,+,0.08262258558239728,0.1746240399816733
37,1295.6532998616015,,,mixed C-H bending / cyclic C-N stretching,nu(C2-C3),bond,0.4954026699508685,-,-0.05261815813701259,0.2690054474963341
37,1295.6532998616015,,,mixed C-H bending / cyclic C-N stretching,"gamma(N5;C6,C7,H20)",oop,0.46738720578841636,-,-0.023016111304799573,1.3264379453481014
37,1295.6532998616015,,,mixed C-H bending / cyclic C-N stretching,delta(C2-C3-C4),angle,0.4491922577195196,+,0.03415949308928223,0.578739924160285
37,1295.6532998616015,,,mixed C-H bending / cyclic C-N stretching,tau(H11-C1-C2-C3),dihedral,0.38269668330826484,-,-0.05758566128522538,0.173500206926061
37,1295.6532998616015,,,mixed C-H bending / cyclic C-N stretching,tau(C1-C2-C3-C4),dihedral,0.2977074458837473,-,-0.035675344383797145,0.3516635565620462
37,1295.6532998616015,,,mixed C-H bending / cyclic C-N stretching,delta(H16-C4-H18),angle,0.28416790529711566,-,-0.04002061909558108,0.2667358784486755
37,1295.6532998616015,,,mixed C-H bending / cyclic C-N stretching,tau(C3-N5-C7-H21),dihedral,0.16169820201731624,+,0.040664978487887575,0.14700703306904594
37,1295.6532998616015,,,mixed C-H bending / cyclic C-N stretching,"gamma(C7;C6,N5,H19)",oop,0.15943763562947535,-,-0.02061582028844211,0.5639798938871293
37,1295.6532998616015,,,mixed C-H bending / cyclic C-N stretching,delta(C4-C3-H15),angle,0.13959964777544567,-,-0.023641529296939683,0.3754976345746755
37,1295.6532998616015,,,mixed C-H bending / cyclic C-N stretching,delta(C6-C7-C8),angle,0.13580639887941237,+,0.027831567894802994,0.2635839141319724
37,1295.6532998616015,,,mixed C-H bending / cyclic C-N stretching,tau(H20-C6-C7-C8),dihedral,0.09771254937993092,+,0.019944579014679376,0.36929600751604197
37,1295.6532998616015,,,mixed C-H bending / cyclic C-N stretching,delta(C3-C4-H18),angle,0.09646989567989475,-,-0.021638788027865053,0.30974190085035774
37,1295.6532998616015,,,mixed C-H bending / cyclic C-N stretching,delta(H13-C2-H14),angle,0.07442930514998956,-,-0.014764730954569084,0.5132948477004958
37,1295.6532998616015,,,mixed C-H bending / cyclic C-N stretching,nu(C8-O9),bond,0.06370903847528281,-,-0.010713168199817715,0.8345247457215548
37,1295.6532998616015,,,mixed C-H bending / cyclic C-N stretching,delta(C1-C2-C3),angle,0.0619582710686268,+,0.012207205796277567,0.6250874412298897
37,1295.6532998616015,,,mixed C-H bending / cyclic C-N stretching,delta(C7-C8-O9),angle,0.05303752828539216,+,0.01484312487425483,0.361915021923592
37,1295.6532998616015,,,mixed C-H bending / cyclic C-N stretching,delta(H17-C4-H18),angle,0.04556015240149711,+,0.015746370497765522,0.27624743369002036
37,1295.6532998616015,,,mixed C-H bending / cyclic C-N stretching,nu(C7-H21),bond,0.03310815736039193,-,-0.01191489442850764,0.3506134958372735
37,1295.6532998616015,,,mixed C-H bending / cyclic C-N stretching,nu(C3-C4),bond,0.02802350110239429,-,-0.012332427914008858,0.2770124173076562
37,1295.6532998616015,,,mixed C-H bending / cyclic C-N stretching,delta(C3-C4-H16),angle,0.01879220001726338,-,-0.00954186857646796,0.31030214713203214
37,1295.6532998616015,,,mixed C-H bending / cyclic C-N stretching,tau(C4-C3-N5-C6),dihedral,0.018631064189430557,+,0.020619110541559287,0.06588276594613837
37,1295.6532998616015,,,mixed C-H bending / cyclic C-N stretching,delta(C7-C6-H20),angle,0.017174705612866728,-,-0.011105452564307169,0.20935859466531728
37,1295.6532998616015,,,mixed C-H bending / cyclic C-N stretching,nu(C3-H15),bond,0.016661339067552586,-,-0.009018994731650277,0.3079410963954522
37,1295.6532998616015,,,mixed C-H bending / cyclic C-N stretching,tau(C2-C3-C4-H17),dihedral,0.010069424742453943,-,-0.027090737394836455,0.020627045333551117
37,1295.6532998616015,,,mixed C-H bending / cyclic C-N stretching,nu(C7-C8),bond,0.009593081647634795,+,0.007106868061161696,0.28554571717231075
37,1295.6532998616015,,,mixed C-H bending / cyclic C-N stretching,delta(C2-C1-H11),angle,0.007853118852441915,+,0.007331640235079396,0.21964124363029877
37,1295.6532998616015,,,mixed C-H bending / cyclic C-N stretching,delta(O9-C8-H22),angle,0.0065492480956932456,-,-0.005730785544812506,0.2998038078133957
37,1295.6532998616015,,,mixed C-H bending / cyclic C-N stretching,delta(C3-N5-C7),angle,0.00432182929660656,-,-0.0046060850557004705,0.3062511428123691
37,1295.6532998616015,,,mixed C-H bending / cyclic C-N stretching,nu(C6-H19),bond,0.003639066170112878,-,-0.003955517001307738,0.3496692621462572
37,1295.6532998616015,,,mixed C-H bending / cyclic C-N stretching,delta(H16-C4-H17),angle,0.0032085385289656937,+,0.004190101111575679,0.27474656297601174
37,1295.6532998616015,,,mixed C-H bending / cyclic C-N stretching,nu(C1-H12),bond,0.002908738714671576,-,-0.00363469598092282,0.3310110907707208
37,1295.6532998616015,,,mixed C-H bending / cyclic C-N stretching,nu(C8-H22),bond,0.00163430619066843,+,0.0028635259000671085,0.2996437407786608
37,1295.6532998616015,,,mixed C-H bending / cyclic C-N stretching,nu(C6-H20),bond,0.0016199168884800277,-,-0.002673897727940949,0.34062550565283833
37,1295.6532998616015,,,mixed C-H bending / cyclic C-N stretching,nu(C1-C2),bond,0.0013485442567271074,+,0.0027035315842650325,0.27738075382051663
37,1295.6532998616015,,,mixed C-H bending / cyclic C-N stretching,nu(C4-H16),bond,0.0009239021375478299,+,0.0020302776773086836,0.33696834756275934
37,1295.6532998616015,,,mixed C-H bending / cyclic C-N stretching,nu(C4-H17),bond,0.0008312911685115885,-,-0.0019256885762269401,0.33701953429854553
37,1295.6532998616015,,,mixed C-H bending / cyclic C-N stretching,"gamma(O9;C8,C7,H22)",oop,0.0007364973068428498,+,0.003117101381736379,0.1139576076428222
37,1295.6532998616015,,,mixed C-H bending / cyclic C-N stretching,delta(C3-N5-C6),angle,0.0006457610407977831,-,-0.0014810534583757052,0.4425928427372072
37,1295.6532998616015,,,mixed C-H bending / cyclic C-N stretching,nu(C1-H10),bond,0.0006346446688184906,+,0.0016790183552802334,0.3384494119949666
37,1295.6532998616015,,,mixed C-H bending / cyclic C-N stretching,nu(C4-H18),bond,0.0005608040447643353,+,0.0015804552900260367,0.3375364853619774
37,1295.6532998616015,,,mixed C-H bending / cyclic C-N stretching,nu(C1-H11),bond,0.000310720966167346,-,-0.0011802880845820315,0.3353270039257434
37,1295.6532998616015,,,mixed C-H bending / cyclic C-N stretching,nu(C2-H13),bond,0.0002839990621599113,+,0.0011414013571727916,0.3277284562397979
37,1295.6532998616015,,,mixed C-H bending / cyclic C-N stretching,nu(C2-H14),bond,0.00017780558143813102,+,0.0009003973020312091,0.3297243609541089
37,1295.6532998616015,,,mixed C-H bending / cyclic C-N stretching,tau(C6-C7-C8-O9),dihedral,1.122473901675112e-05,+,0.0008005599699768735,0.02633070738300783
38,1313.1261038892612,,,mixed C-H bending / ring-site C-H in-plane bending,delta(C1-C2-H14),angle,17.74109988775191,-,-0.2460170679980971,0.36783741091385147
38,1313.1261038892612,,,mixed C-H bending / ring-site C-H in-plane bending,delta(C1-C2-H13),angle,17.486412657161782,+,0.13767197158642183,1.157751871494402
38,1313.1261038892612,,,mixed C-H bending / ring-site C-H in-plane bending,delta(N5-C7-H21),angle,10.214114091506541,-,-0.23474487079891154,0.23260246557067013
38,1313.1261038892612,,,mixed C-H bending / ring-site C-H in-plane bending,"gamma(N5;C3,C4,H15)",oop,8.466421093995448,+,0.15807769835368518,0.42517183750888987
38,1313.1261038892612,,,mixed C-H bending / ring-site C-H in-plane bending,delta(C2-C3-H15),angle,7.182000203197516,-,-0.12355929338138504,0.5903375570711772
38,1313.1261038892612,,,mixed C-H bending / ring-site C-H in-plane bending,nu(N5-C6),bond,5.390437736510571,-,-0.10562247974512454,0.6063412962020981
38,1313.1261038892612,,,mixed C-H bending / ring-site C-H in-plane bending,delta(C3-C2-H13),angle,4.741605431798488,-,-0.08471482837516799,0.8291104208312534
38,1313.1261038892612,,,mixed C-H bending / ring-site C-H in-plane bending,nu(C3-N5),bond,4.287179707734455,+,0.13825002240324244,0.28147971351032797
38,1313.1261038892612,,,mixed C-H bending / ring-site C-H in-plane bending,"gamma(N5;C7,C6,C8)",oop,2.948690936427525,+,0.04247809474964779,2.0507136816458287
38,1313.1261038892612,,,mixed C-H bending / ring-site C-H in-plane bending,tau(H13-C2-C3-N5),dihedral,2.7243711209113877,-,-0.0980406398756868,0.35568031212637796
38,1313.1261038892612,,,mixed C-H bending / ring-site C-H in-plane bending,"gamma(N5;C6,C7,H20)",oop,2.217471416336068,-,-0.045802424013829925,1.3264379453481014
38,1313.1261038892612,,,mixed C-H bending / ring-site C-H in-plane bending,tau(H12-C1-C2-H14),dihedral,1.8944435122206766,-,-0.11755694449331859,0.17202474146598562
38,1313.1261038892612,,,mixed C-H bending / ring-site C-H in-plane bending,delta(N5-C6-H19),angle,1.8128473619640917,-,-0.10178807477555198,0.21957013616155804
38,1313.1261038892612,,,mixed C-H bending / ring-site C-H in-plane bending,delta(C2-C1-H10),angle,1.6763513569865365,+,0.09801996022539122,0.21894843186002957
38,1313.1261038892612,,,mixed C-H bending / ring-site C-H in-plane bending,delta(C2-C1-H12),angle,1.6473463419104688,-,-0.09675371934780971,0.22082864654339243
38,1313.1261038892612,,,mixed C-H bending / ring-site C-H in-plane bending,delta(C3-N5-C7),angle,0.9913494624554252,-,-0.06373492000146648,0.3062511428123691
38,1313.1261038892612,,,mixed C-H bending / ring-site C-H in-plane bending,tau(H11-C1-C2-C3),dihedral,0.8776852788691943,+,0.07967504635758228,0.173500206926061
38,1313.1261038892612,,,mixed C-H bending / ring-site C-H in-plane bending,tau(C1-C2-C3-C4),dihedral,0.8569578887906523,+,0.05529921608245418,0.3516635565620462
38,1313.1261038892612,,,mixed C-H bending / ring-site C-H in-plane bending,nu(C6-C7),bond,0.8120955420865684,-,-0.05754696752439033,0.30772875007652795
38,1313.1261038892612,,,mixed C-H bending / ring-site C-H in-plane bending,delta(H17-C4-H18),angle,0.7708224657437882,-,-0.0591740060932062,0.27624743369002036
38,1313.1261038892612,,,mixed C-H bending / ring-site C-H in-plane bending,delta(C3-C4-H16),angle,0.6943123085540853,+,0.05298927263473444,0.31030214713203214
38,1313.1261038892612,,,mixed C-H bending / ring-site C-H in-plane bending,tau(H10-C1-C2-H13),dihedral,0.6607845904478677,-,-0.06890977848738095,0.1746240399816733
38,1313.1261038892612,,,mixed C-H bending / ring-site C-H in-plane bending,tau(C3-N5-C7-H21),dihedral,0.6299803669786275,+,0.0733326480225443,0.14700703306904594
38,1313.1261038892612,,,mixed C-H bending / ring-site C-H in-plane bending,delta(C3-N5-C6),angle,0.5950264066636681,-,-0.04107417440860806,0.4425928427372072
38,1313.1261038892612,,,mixed C-H bending / ring-site C-H in-plane bending,tau(H20-C6-C7-C8),dihedral,0.5375628948473671,+,0.0427395801979922,0.36929600751604197
38,1313.1261038892612,,,mixed C-H bending / ring-site C-H in-plane bending,"gamma(C7;C6,N5,H19)",oop,0.33269862890774926,-,-0.027207999510626968,0.5639798938871293
38,1313.1261038892612,,,mixed C-H bending / ring-site C-H in-plane bending,delta(O9-C8-H22),angle,0.29015189116367684,+,0.03484953974906905,0.2998038078133957
38,1313.1261038892612,,,mixed C-H bending / ring-site C-H in-plane bending,delta(C7-C6-H20),angle,0.21502081884553878,-,-0.03590027495687481,0.20935859466531728
38,1313.1261038892612,,,mixed C-H bending / ring-site C-H in-plane bending,delta(C2-C3-C4),angle,0.17922054802543858,-,-0.01971310772970803,0.578739924160285
38,1313.1261038892612,,,mixed C-H bending / ring-site C-H in-plane bending,delta(C4-C3-H15),angle,0.1590252182287373,+,0.02305325815692303,0.3754976345746755
38,1313.1261038892612,,,mixed C-H bending / ring-site C-H in-plane bending,delta(C6-C7-C8),angle,0.13531818991298936,+,0.025381749569333718,0.2635839141319724
38,1313.1261038892612,,,mixed C-H bending / ring-site C-H in-plane bending,delta(C2-C1-H11),angle,0.13027372982910726,+,0.027281886199031873,0.21964124363029877
38,1313.1261038892612,,,mixed C-H bending / ring-site C-H in-plane bending,delta(H13-C2-H14),angle,0.1240785999536654,-,-0.017416781602865864,0.5132948477004958
38,1313.1261038892612,,,mixed C-H bending / ring-site C-H in-plane bending,nu(C3-C4),bond,0.07376882787859455,-,-0.018280570254421622,0.2770124173076562
38,1313.1261038892612,,,mixed C-H bending / ring-site C-H in-plane bending,delta(H16-C4-H17),angle,0.07372654682071623,+,0.01835053492977306,0.27474656297601174
38,1313.1261038892612,,,mixed C-H bending / ring-site C-H in-plane bending,delta(H16-C4-H18),angle,0.07078187001927372,+,0.018248333708942327,0.2667358784486755
38,1313.1261038892612,,,mixed C-H bending / ring-site C-H in-plane bending,nu(C2-C3),bond,0.06823483260491736,+,0.01784125679297492,0.2690054474963341
38,1313.1261038892612,,,mixed C-H bending / ring-site C-H in-plane bending,nu(C7-H21),bond,0.05927608728087677,-,-0.01456559956537943,0.3506134958372735
38,1313.1261038892612,,,mixed C-H bending / ring-site C-H in-plane bending,nu(C7-C8),bond,0.050920348004687116,-,-0.014959282802568304,0.28554571717231075
38,1313.1261038892612,,,mixed C-H bending / ring-site C-H in-plane bending,nu(C8-O9),bond,0.03595325409512309,-,-0.007352794170840592,0.8345247457215548
38,1313.1261038892612,,,mixed C-H bending / ring-site C-H in-plane bending,nu(C1-C2),bond,0.027572562075541752,+,0.011168717750759663,0.27738075382051663
38,1313.1261038892612,,,mixed C-H bending / ring-site C-H in-plane bending,delta(C7-C8-O9),angle,0.0263141683118409,+,0.009552002679148753,0.361915021923592
38,1313.1261038892612,,,mixed C-H bending / ring-site C-H in-plane bending,delta(C1-C2-C3),angle,0.015945135816109887,+,0.005657787619045303,0.6250874412298897
38,1313.1261038892612,,,mixed C-H bending / ring-site C-H in-plane bending,"gamma(O9;C8,C7,H22)",oop,0.013601420906382384,-,-0.012238364810515386,0.1139576076428222
38,1313.1261038892612,,,mixed C-H bending / ring-site C-H in-plane bending,tau(C2-C3-C4-H17),dihedral,0.013018117237250526,+,0.028142229082736614,0.020627045333551117
38,1313.1261038892612,,,mixed C-H bending / ring-site C-H in-plane bending,tau(C4-C3-N5-C6),dihedral,0.011750521039533234,-,-0.014960481334673694,0.06588276594613837
38,1313.1261038892612,,,mixed C-H bending / ring-site C-H in-plane bending,nu(C6-H20),bond,0.007053743348981986,-,-0.005097698678462806,0.34062550565283833
38,1313.1261038892612,,,mixed C-H bending / ring-site C-H in-plane bending,nu(C6-H19),bond,0.006228195662763517,-,-0.00472775879949714,0.3496692621462572
38,1313.1261038892612,,,mixed C-H bending / ring-site C-H in-plane bending,nu(C1-H12),bond,0.004514030935715807,+,0.004136794136157768,0.3310110907707208
38,1313.1261038892612,,,mixed C-H bending / ring-site C-H in-plane bending,nu(C3-H15),bond,0.004511211148126736,+,0.004287613877028573,0.3079410963954522
38,1313.1261038892612,,,mixed C-H bending / ring-site C-H in-plane bending,nu(C8-H22),bond,0.004452473094809493,+,0.004318182202441229,0.2996437407786608
38,1313.1261038892612,,,mixed C-H bending / ring-site C-H in-plane bending,nu(C4-H16),bond,0.004064918308374421,-,-0.0038907584851712563,0.33696834756275934
38,1313.1261038892612,,,mixed C-H bending / ring-site C-H in-plane bending,nu(C4-H18),bond,0.001713194151607292,+,0.002523747175606544,0.3375364853619774
38,1313.1261038892612,,,mixed C-H bending / ring-site C-H in-plane bending,nu(C4-H17),bond,0.0013032949858452752,+,0.002202909934317603,0.33701953429854553
38,1313.1261038892612,,,mixed C-H bending / ring-site C-H in-plane bending,nu(C2-H13),bond,0.0012245843802467513,+,0.0021654102989643056,0.3277284562397979
38,1313.1261038892612,,,mixed C-H bending / ring-site C-H in-plane bending,delta(C3-C4-H18),angle,0.0004238049172637199,-,-0.001310345834298767,0.30974190085035774
38,1313.1261038892612,,,mixed C-H bending / ring-site C-H in-plane bending,nu(C2-H14),bond,0.00038409670941061354,-,-0.0012090595505908138,0.3297243609541089
38,1313.1261038892612,,,mixed C-H bending / ring-site C-H in-plane bending,tau(C6-C7-C8-O9),dihedral,5.659770955850774e-05,-,-0.0016423702932430056,0.02633070738300783
38,1313.1261038892612,,,mixed C-H bending / ring-site C-H in-plane bending,nu(C1-H11),bond,4.108875256037744e-05,+,0.00039213005493422067,0.3353270039257434
38,1313.1261038892612,,,mixed C-H bending / ring-site C-H in-plane bending,nu(C1-H10),bond,7.38708623812627e-06,-,-0.00016549795011183254,0.3384494119949666
39,1333.5964706828374,,,C-H bending,delta(C4-C3-H15),angle,26.59210707101345,-,-0.39051274502122546,0.3754976345746755
39,1333.5964706828374,,,C-H bending,delta(C1-C2-H13),angle,26.07633283152967,+,0.22023074691369238,1.157751871494402
39,1333.5964706828374,,,C-H bending,delta(C3-C2-H13),angle,17.404105967651994,-,-0.21260922889001305,0.8291104208312534
39,1333.5964706828374,,,C-H bending,delta(C2-C3-H15),angle,16.469767152238386,+,0.24510713998688521,0.5903375570711772
39,1333.5964706828374,,,C-H bending,tau(H13-C2-C3-N5),dihedral,2.304184569669475,-,-0.1181112208236983,0.35568031212637796
39,1333.5964706828374,,,C-H bending,delta(C1-C2-H14),angle,2.2205695706317714,+,0.11401623171953582,0.36783741091385147
39,1333.5964706828374,,,C-H bending,"gamma(N5;C3,C4,H15)",oop,1.756757185291571,-,-0.09432700906370252,0.42517183750888987
39,1333.5964706828374,,,C-H bending,delta(C2-C1-H11),angle,1.16170685980946,-,-0.10672195433894552,0.21964124363029877
39,1333.5964706828374,,,C-H bending,delta(H16-C4-H18),angle,0.8980434039725864,-,-0.08514720278521334,0.2667358784486755
39,1333.5964706828374,,,C-H bending,delta(C3-C4-H16),angle,0.7206172555879145,-,-0.07071676382539752,0.31030214713203214
39,1333.5964706828374,,,C-H bending,delta(C1-C2-C3),angle,0.7033930529981498,-,-0.04922560816126615,0.6250874412298897
39,1333.5964706828374,,,C-H bending,nu(C3-C4),bond,0.6685996360462612,+,0.07209346330057491,0.2770124173076562
39,1333.5964706828374,,,C-H bending,tau(H10-C1-C2-H13),dihedral,0.4778943030501861,-,-0.07676731492645314,0.1746240399816733
39,1333.5964706828374,,,C-H bending,delta(C3-C4-H18),angle,0.3732924604078217,+,0.05094329942117833,0.30974190085035774
39,1333.5964706828374,,,C-H bending,delta(N5-C7-H21),angle,0.3261845150381446,-,-0.05495243645778917,0.23260246557067013
39,1333.5964706828374,,,C-H bending,tau(C3-N5-C7-H21),dihedral,0.26285128135449615,+,0.062050949674801834,0.14700703306904594
39,1333.5964706828374,,,C-H bending,delta(H16-C4-H17),angle,0.2610796224116547,-,-0.045235853990146145,0.27474656297601174
39,1333.5964706828374,,,C-H bending,delta(C3-N5-C6),angle,0.16544275235872058,-,-0.02837161903971068,0.4425928427372072
39,1333.5964706828374,,,C-H bending,nu(C1-C2),bond,0.15810307953482555,-,-0.03503438049031399,0.27738075382051663
39,1333.5964706828374,,,C-H bending,"gamma(N5;C6,C7,H20)",oop,0.13062218283385227,-,-0.01456221502819798,1.3264379453481014
39,1333.5964706828374,,,C-H bending,delta(C2-C1-H10),angle,0.12610800220029322,+,0.035217850297432116,0.21894843186002957
39,1333.5964706828374,,,C-H bending,delta(H17-C4-H18),angle,0.09807789301965375,+,0.02765023822469298,0.27624743369002036
39,1333.5964706828374,,,C-H bending,nu(N5-C6),bond,0.07504961779366265,+,0.016325936698678115,0.6063412962020981
39,1333.5964706828374,,,C-H bending,nu(C6-C7),bond,0.0750302976444052,+,0.022913779944462222,0.30772875007652795
39,1333.5964706828374,,,C-H bending,delta(N5-C6-H19),angle,0.0579918427659618,-,-0.023848400627324982,0.21957013616155804
39,1333.5964706828374,,,C-H bending,tau(C1-C2-C3-C4),dihedral,0.056974047396704315,-,-0.018678297741192475,0.3516635565620462
39,1333.5964706828374,,,C-H bending,tau(H20-C6-C7-C8),dihedral,0.05667394725393278,+,0.0181788691784696,0.36929600751604197
39,1333.5964706828374,,,C-H bending,delta(O9-C8-H22),angle,0.05021174929776911,+,0.01899094357238683,0.2998038078133957
39,1333.5964706828374,,,C-H bending,delta(C2-C3-C4),angle,0.035272225579066764,+,0.011456109336656362,0.578739924160285
39,1333.5964706828374,,,C-H bending,delta(H13-C2-H14),angle,0.028590991799610447,+,0.010952004100815512,0.5132948477004958
39,1333.5964706828374,,,C-H bending,tau(C2-C3-C4-H17),dihedral,0.025477018021587045,-,-0.05157250484687901,0.020627045333551117
39,1333.5964706828374,,,C-H bending,delta(C3-N5-C7),angle,0.023765543601040384,+,0.012926991315155224,0.3062511428123691
39,1333.5964706828374,,,C-H bending,"gamma(N5;C7,C6,C8)",oop,0.0220243304335537,+,0.004809072034865938,2.0507136816458287
39,1333.5964706828374,,,C-H bending,nu(C7-C8),bond,0.020775765859324995,-,-0.012517083100330402,0.28554571717231075
39,1333.5964706828374,,,C-H bending,"gamma(C7;C6,N5,H19)",oop,0.0176820745315931,-,-0.008216696342477,0.5639798938871293
39,1333.5964706828374,,,C-H bending,delta(C2-C1-H12),angle,0.016306087197306123,+,0.012609841119128655,0.22082864654339243
39,1333.5964706828374,,,C-H bending,tau(C4-C3-N5-C6),dihedral,0.013535971202736276,+,0.021033969445608796,0.06588276594613837
39,1333.5964706828374,,,C-H bending,delta(C7-C6-H20),angle,0.011287870125413968,-,-0.010775143049190567,0.20935859466531728
39,1333.5964706828374,,,C-H bending,tau(H12-C1-C2-H14),dihedral,0.00944921799807724,-,-0.010875892770800515,0.17202474146598562
39,1333.5964706828374,,,C-H bending,nu(C3-N5),bond,0.008028379149297049,-,-0.007837053775052043,0.28147971351032797
39,1333.5964706828374,,,C-H bending,delta(C7-C8-O9),angle,0.0077907408573370755,-,-0.006808454104811007,0.361915021923592
39,1333.5964706828374,,,C-H bending,nu(C1-H12),bond,0.006043275813554469,-,-0.006270141978822753,0.3310110907707208
39,1333.5964706828374,,,C-H bending,nu(C8-O9),bond,0.005593841048415601,-,-0.003799250164570972,0.8345247457215548
39,1333.5964706828374,,,C-H bending,"gamma(O9;C8,C7,H22)",oop,0.005460261147585498,-,-0.010157749187949679,0.1139576076428222
39,1333.5964706828374,,,C-H bending,nu(C4-H16),bond,0.005248456382096027,+,0.005791401600142651,0.33696834756275934
39,1333.5964706828374,,,C-H bending,nu(C4-H18),bond,0.002914523175559992,+,0.004312070317253296,0.3375364853619774
39,1333.5964706828374,,,C-H bending,nu(C2-C3),bond,0.0027895138529208914,+,0.004725482548186369,0.2690054474963341
39,1333.5964706828374,,,C-H bending,nu(C7-H21),bond,0.0011565557118662488,-,-0.0026652098162612266,0.3506134958372735
39,1333.5964706828374,,,C-H bending,nu(C6-H20),bond,0.0008871001207696856,-,-0.002368155285896447,0.34062550565283833
39,1333.5964706828374,,,C-H bending,nu(C1-H10),bond,0.0008201426653814492,-,-0.0022843374536207863,0.3384494119949666
39,1333.5964706828374,,,C-H bending,delta(C6-C7-C8),angle,0.00046915102691716355,-,-0.001957759427513375,0.2635839141319724
39,1333.5964706828374,,,C-H bending,tau(C6-C7-C8-O9),dihedral,0.0002746195317948128,-,-0.004739111072596571,0.02633070738300783
39,1333.5964706828374,,,C-H bending,nu(C1-H11),bond,0.0002272081170071837,+,0.0012079253528681,0.3353270039257434
39,1333.5964706828374,,,C-H bending,nu(C4-H17),bond,0.00013845110908723625,+,0.0009405526734563493,0.33701953429854553
39,1333.5964706828374,,,C-H bending,nu(C2-H14),bond,9.315692802605733e-05,+,0.0007799998181970121,0.3297243609541089
39,1333.5964706828374,,,C-H bending,nu(C2-H13),bond,8.864188754532667e-05,-,-0.000763176275685685,0.3277284562397979
39,1333.5964706828374,,,C-H bending,nu(C6-H19),bond,1.6897707010980022e-05,-,-0.0003225875476647972,0.3496692621462572
39,1333.5964706828374,,,C-H bending,nu(C3-H15),bond,8.569907041629948e-06,-,-0.00024480296267085933,0.3079410963954522
39,1333.5964706828374,,,C-H bending,nu(C8-H22),bond,7.696320958334246e-06,-,-0.00023518055991665526,0.2996437407786608
39,1333.5964706828374,,,C-H bending,tau(H11-C1-C2-C3),dihedral,3.5703876999599315e-06,+,0.0002105087391527828,0.173500206926061
40,1337.8947896580996,,,mixed C-H bending / ring-site C-H in-plane bending,delta(N5-C7-H21),angle,20.501569001007418,+,0.27188348440173415,0.23260246557067013
40,1337.8947896580996,,,mixed C-H bending / ring-site C-H in-plane bending,delta(O9-C8-H22),angle,20.100871013114535,-,-0.2371293443785785,0.2998038078133957
40,1337.8947896580996,,,mixed C-H bending / ring-site C-H in-plane bending,nu(N5-C6),bond,13.24847055999816,-,-0.13536947140004965,0.6063412962020981
40,1337.8947896580996,,,mixed C-H bending / ring-site C-H in-plane bending,nu(C6-C7),bond,12.450881557802862,-,-0.1842096803481546,0.30772875007652795
40,1337.8947896580996,,,mixed C-H bending / ring-site C-H in-plane bending,tau(C3-N5-C7-H21),dihedral,9.012194316849689,-,-0.2267475753347828,0.14700703306904594
40,1337.8947896580996,,,mixed C-H bending / ring-site C-H in-plane bending,delta(C1-C2-H13),angle,4.438273438447108,+,0.056701652523132265,1.157751871494402
40,1337.8947896580996,,,mixed C-H bending / ring-site C-H in-plane bending,nu(C7-C8),bond,3.231407196636532,+,0.09742141945118343,0.28554571717231075
40,1337.8947896580996,,,mixed C-H bending / ring-site C-H in-plane bending,delta(C3-C2-H13),angle,3.074502669725622,-,-0.05576705171290155,0.8291104208312534
40,1337.8947896580996,,,mixed C-H bending / ring-site C-H in-plane bending,nu(C3-N5),bond,2.3321930002039974,+,0.08335950519088206,0.28147971351032797
40,1337.8947896580996,,,mixed C-H bending / ring-site C-H in-plane bending,"gamma(C7;C6,N5,H19)",oop,1.8021961873570942,+,0.05176850901024973,0.5639798938871293
40,1337.8947896580996,,,mixed C-H bending / ring-site C-H in-plane bending,delta(C7-C8-O9),angle,1.4815140265044315,+,0.05859303760024991,0.361915021923592
40,1337.8947896580996,,,mixed C-H bending / ring-site C-H in-plane bending,delta(C2-C3-H15),angle,1.141142327553514,+,0.04026392745369168,0.5903375570711772
40,1337.8947896580996,,,mixed C-H bending / ring-site C-H in-plane bending,"gamma(N5;C3,C4,H15)",oop,1.0659404745066317,-,-0.045854363130761834,0.42517183750888987
40,1337.8947896580996,,,mixed C-H bending / ring-site C-H in-plane bending,delta(N5-C6-H19),angle,1.0099573239163921,-,-0.062109968689940495,0.21957013616155804
40,1337.8947896580996,,,mixed C-H bending / ring-site C-H in-plane bending,tau(H20-C6-C7-C8),dihedral,0.9860112911806428,-,-0.04732058144600089,0.36929600751604197
40,1337.8947896580996,,,mixed C-H bending / ring-site C-H in-plane bending,delta(C3-N5-C7),angle,0.6002231064297123,+,0.04054281788253516,0.3062511428123691
40,1337.8947896580996,,,mixed C-H bending / ring-site C-H in-plane bending,delta(C7-C6-H20),angle,0.5961438788115541,+,0.04886822690738581,0.20935859466531728
40,1337.8947896580996,,,mixed C-H bending / ring-site C-H in-plane bending,"gamma(N5;C6,C7,H20)",oop,0.45971427496251976,+,0.017048923444564774,1.3264379453481014
40,1337.8947896580996,,,mixed C-H bending / ring-site C-H in-plane bending,delta(C1-C2-H14),angle,0.29736807332273296,-,-0.026038481606426002,0.36783741091385147
40,1337.8947896580996,,,mixed C-H bending / ring-site C-H in-plane bending,delta(C4-C3-H15),angle,0.28349617002354693,-,-0.02516323246195729,0.3754976345746755
40,1337.8947896580996,,,mixed C-H bending / ring-site C-H in-plane bending,"gamma(N5;C7,C6,C8)",oop,0.23510165097775304,-,-0.009805545504988331,2.0507136816458287
40,1337.8947896580996,,,mixed C-H bending / ring-site C-H in-plane bending,delta(H16-C4-H18),angle,0.22140181122438657,-,-0.02638434402087671,0.2667358784486755
40,1337.8947896580996,,,mixed C-H bending / ring-site C-H in-plane bending,tau(H12-C1-C2-H14),dihedral,0.14914196029709276,-,-0.026965029583315786,0.17202474146598562
40,1337.8947896580996,,,mixed C-H bending / ring-site C-H in-plane bending,delta(H16-C4-H17),angle,0.14066534730870162,+,0.02072162747071918,0.27474656297601174
40,1337.8947896580996,,,mixed C-H bending / ring-site C-H in-plane bending,tau(H10-C1-C2-H13),dihedral,0.13631778720784932,-,-0.025587077382672747,0.1746240399816733
40,1337.8947896580996,,,mixed C-H bending / ring-site C-H in-plane bending,tau(H13-C2-C3-N5),dihedral,0.10696070402899274,-,-0.01588102932322862,0.35568031212637796
40,1337.8947896580996,,,mixed C-H bending / ring-site C-H in-plane bending,tau(H11-C1-C2-C3),dihedral,0.10461066299893988,+,0.02248714981049516,0.173500206926061
40,1337.8947896580996,,,mixed C-H bending / ring-site C-H in-plane bending,nu(C2-C3),bond,0.09691003187704111,-,-0.01738202080002335,0.2690054474963341
40,1337.8947896580996,,,mixed C-H bending / ring-site C-H in-plane bending,nu(C7-H21),bond,0.08220260549361535,+,0.014022482657074816,0.3506134958372735
40,1337.8947896580996,,,mixed C-H bending / ring-site C-H in-plane bending,tau(C1-C2-C3-C4),dihedral,0.08028268995741016,+,0.013837056370842262,0.3516635565620462
40,1337.8947896580996,,,mixed C-H bending / ring-site C-H in-plane bending,delta(H17-C4-H18),angle,0.07771366981727684,-,-0.015360169822248821,0.27624743369002036
40,1337.8947896580996,,,mixed C-H bending / ring-site C-H in-plane bending,delta(C2-C3-C4),angle,0.07635392712013762,+,0.010518901842088549,0.578739924160285
40,1337.8947896580996,,,mixed C-H bending / ring-site C-H in-plane bending,delta(C2-C1-H10),angle,0.06924381170027039,+,0.016286058793130994,0.21894843186002957
40,1337.8947896580996,,,mixed C-H bending / ring-site C-H in-plane bending,delta(C2-C1-H12),angle,0.06471774419030396,-,-0.015677630143704154,0.22082864654339243
40,1337.8947896580996,,,mixed C-H bending / ring-site C-H in-plane bending,"gamma(O9;C8,C7,H22)",oop,0.06138362366385741,+,0.02125450690963583,0.1139576076428222
40,1337.8947896580996,,,mixed C-H bending / ring-site C-H in-plane bending,nu(C8-O9),bond,0.041619387616450794,+,0.00646732472972004,0.8345247457215548
40,1337.8947896580996,,,mixed C-H bending / ring-site C-H in-plane bending,delta(H13-C2-H14),angle,0.028792263029020146,-,-0.006858843325826774,0.5132948477004958
40,1337.8947896580996,,,mixed C-H bending / ring-site C-H in-plane bending,delta(C2-C1-H11),angle,0.025417430018539276,-,-0.009851566781554057,0.21964124363029877
40,1337.8947896580996,,,mixed C-H bending / ring-site C-H in-plane bending,nu(C6-H19),bond,0.022676754428737966,-,-0.007374934277597712,0.3496692621462572
40,1337.8947896580996,,,mixed C-H bending / ring-site C-H in-plane bending,delta(C3-C4-H18),angle,0.017841376225166884,-,-0.006950413303913362,0.30974190085035774
40,1337.8947896580996,,,mixed C-H bending / ring-site C-H in-plane bending,nu(C6-H20),bond,0.011409455595783928,-,-0.0053001762723431205,0.34062550565283833
40,1337.8947896580996,,,mixed C-H bending / ring-site C-H in-plane bending,delta(C3-C4-H16),angle,0.008113388442163666,+,0.004682795352270109,0.31030214713203214
40,1337.8947896580996,,,mixed C-H bending / ring-site C-H in-plane bending,tau(C4-C3-N5-C6),dihedral,0.005857958198740784,+,0.008635423808998201,0.06588276594613837
40,1337.8947896580996,,,mixed C-H bending / ring-site C-H in-plane bending,nu(C3-C4),bond,0.005705311459359817,+,0.00415610484554286,0.2770124173076562
40,1337.8947896580996,,,mixed C-H bending / ring-site C-H in-plane bending,delta(C3-N5-C6),angle,0.005016655184434054,+,0.0030831976533148807,0.4425928427372072
40,1337.8947896580996,,,mixed C-H bending / ring-site C-H in-plane bending,nu(C8-H22),bond,0.0027494281330313905,-,-0.0027740546682311724,0.2996437407786608
40,1337.8947896580996,,,mixed C-H bending / ring-site C-H in-plane bending,nu(C4-H18),bond,0.002073281683508689,+,0.0022696831210313527,0.3375364853619774
40,1337.8947896580996,,,mixed C-H bending / ring-site C-H in-plane bending,tau(C6-C7-C8-O9),dihedral,0.001285901824012823,+,0.006399839422122092,0.02633070738300783
40,1337.8947896580996,,,mixed C-H bending / ring-site C-H in-plane bending,delta(C1-C2-C3),angle,0.0012703699243250429,-,-0.0013055429064616265,0.6250874412298897
40,1337.8947896580996,,,mixed C-H bending / ring-site C-H in-plane bending,tau(C2-C3-C4-H17),dihedral,0.0008031801488851114,+,0.005714581171785887,0.020627045333551117
40,1337.8947896580996,,,mixed C-H bending / ring-site C-H in-plane bending,delta(C6-C7-C8),angle,0.0006790586409275216,-,-0.0014699095888764478,0.2635839141319724
40,1337.8947896580996,,,mixed C-H bending / ring-site C-H in-plane bending,nu(C3-H15),bond,0.0004626958020209332,-,-0.0011225621329713832,0.3079410963954522
40,1337.8947896580996,,,mixed C-H bending / ring-site C-H in-plane bending,nu(C2-H13),bond,0.0003672734805274731,+,0.0009694694847259111,0.3277284562397979
40,1337.8947896580996,,,mixed C-H bending / ring-site C-H in-plane bending,nu(C4-H17),bond,0.0003500701978989601,-,-0.0009333541598649321,0.33701953429854553
40,1337.8947896580996,,,mixed C-H bending / ring-site C-H in-plane bending,nu(C1-C2),bond,0.00019685492706271278,-,-0.0007714919822490019,0.27738075382051663
40,1337.8947896580996,,,mixed C-H bending / ring-site C-H in-plane bending,nu(C2-H14),bond,7.119765963864468e-05,-,-0.0004255531169782849,0.3297243609541089
40,1337.8947896580996,,,mixed C-H bending / ring-site C-H in-plane bending,nu(C1-H10),bond,6.390453554272586e-05,-,-0.0003979379825769549,0.3384494119949666
40,1337.8947896580996,,,mixed C-H bending / ring-site C-H in-plane bending,nu(C1-H12),bond,3.930285722969286e-05,-,-0.0003155638337734655,0.3310110907707208
40,1337.8947896580996,,,mixed C-H bending / ring-site C-H in-plane bending,nu(C1-H11),bond,3.312988071896375e-05,-,-0.0002878538922985617,0.3353270039257434
40,1337.8947896580996,,,mixed C-H bending / ring-site C-H in-plane bending,nu(C4-H16),bond,2.645388796759703e-05,-,-0.00025659408176547575,0.33696834756275934
41,1381.3069832804995,,,mixed C-H bending / C-N out-of-plane bending,"gamma(N5;C3,C4,H15)",oop,24.747415156088376,+,0.3456884573828449,0.42517183750888987
41,1381.3069832804995,,,mixed C-H bending / C-N out-of-plane bending,delta(C3-C2-H13),angle,21.554438637645895,+,0.23102786946517062,0.8291104208312534
41,1381.3069832804995,,,mixed C-H bending / C-N out-of-plane bending,delta(C1-C2-H13),angle,19.407526527234598,-,-0.18551522183157484,1.157751871494402
41,1381.3069832804995,,,mixed C-H bending / C-N out-of-plane bending,delta(C2-C3-H15),angle,13.876607597219108,-,-0.21968158254357953,0.5903375570711772
41,1381.3069832804995,,,mixed C-H bending / C-N out-of-plane bending,delta(C4-C3-H15),angle,7.700324075207067,-,-0.20518853960580713,0.3754976345746755
41,1381.3069832804995,,,mixed C-H bending / C-N out-of-plane bending,delta(H16-C4-H17),angle,1.9892442536366925,-,-0.12192145128135089,0.27474656297601174
41,1381.3069832804995,,,mixed C-H bending / C-N out-of-plane bending,nu(C3-N5),bond,1.434591416266533,-,-0.1022922580222299,0.28147971351032797
41,1381.3069832804995,,,mixed C-H bending / C-N out-of-plane bending,delta(C3-C4-H18),angle,1.3689221924632258,+,0.09525583845256037,0.30974190085035774
41,1381.3069832804995,,,mixed C-H bending / C-N out-of-plane bending,tau(H13-C2-C3-N5),dihedral,0.9952882941687323,+,0.07579607843217324,0.35568031212637796
41,1381.3069832804995,,,mixed C-H bending / C-N out-of-plane bending,delta(C2-C3-C4),angle,0.9949734676368944,-,-0.05941091348473649,0.578739924160285
41,1381.3069832804995,,,mixed C-H bending / C-N out-of-plane bending,tau(H10-C1-C2-H13),dihedral,0.7137979291633183,+,0.09160893360872586,0.1746240399816733
41,1381.3069832804995,,,mixed C-H bending / C-N out-of-plane bending,delta(H13-C2-H14),angle,0.6235997131734478,+,0.04994266378257739,0.5132948477004958
41,1381.3069832804995,,,mixed C-H bending / C-N out-of-plane bending,tau(H12-C1-C2-H14),dihedral,0.6061036570500561,+,0.08505115131507138,0.17202474146598562
41,1381.3069832804995,,,mixed C-H bending / C-N out-of-plane bending,delta(N5-C7-H21),angle,0.5495021442776789,+,0.06964336393903116,0.23260246557067013
41,1381.3069832804995,,,mixed C-H bending / C-N out-of-plane bending,nu(C3-C4),bond,0.47282419476721255,+,0.05919737223611909,0.2770124173076562
41,1381.3069832804995,,,mixed C-H bending / C-N out-of-plane bending,delta(C2-C1-H11),angle,0.4207531010337088,+,0.06271319360450195,0.21964124363029877
41,1381.3069832804995,,,mixed C-H bending / C-N out-of-plane bending,delta(O9-C8-H22),angle,0.34783326229142514,+,0.04880554697168615,0.2998038078133957
41,1381.3069832804995,,,mixed C-H bending / C-N out-of-plane bending,tau(H11-C1-C2-C3),dihedral,0.23699031939761847,-,-0.05295628444188855,0.173500206926061
41,1381.3069832804995,,,mixed C-H bending / C-N out-of-plane bending,delta(C2-C1-H12),angle,0.23095809769659492,+,0.046338406299851254,0.22082864654339243
41,1381.3069832804995,,,mixed C-H bending / C-N out-of-plane bending,delta(C3-N5-C6),angle,0.19913990775516174,-,-0.030393391139027427,0.4425928427372072
41,1381.3069832804995,,,mixed C-H bending / C-N out-of-plane bending,delta(H17-C4-H18),angle,0.19228267423029852,+,0.03780272894782653,0.27624743369002036
41,1381.3069832804995,,,mixed C-H bending / C-N out-of-plane bending,delta(N5-C6-H19),angle,0.1918847887524818,-,-0.04235803844546019,0.21957013616155804
41,1381.3069832804995,,,mixed C-H bending / C-N out-of-plane bending,tau(C1-C2-C3-C4),dihedral,0.1858052585367513,-,-0.03293574716346213,0.3516635565620462
41,1381.3069832804995,,,mixed C-H bending / C-N out-of-plane bending,delta(C1-C2-C3),angle,0.16699209179009006,-,-0.023419615860704422,0.6250874412298897
41,1381.3069832804995,,,mixed C-H bending / C-N out-of-plane bending,"gamma(C7;C6,N5,H19)",oop,0.09184451412216146,+,0.01828508575067189,0.5639798938871293
41,1381.3069832804995,,,mixed C-H bending / C-N out-of-plane bending,delta(C7-C6-H20),angle,0.08650025815030922,-,-0.029124971308231752,0.20935859466531728
41,1381.3069832804995,,,mixed C-H bending / C-N out-of-plane bending,delta(C3-C4-H16),angle,0.08540069092796264,-,-0.02377061967302419,0.31030214713203214
41,1381.3069832804995,,,mixed C-H bending / C-N out-of-plane bending,nu(C7-C8),bond,0.08086450696734894,+,0.024112561468753402,0.28554571717231075
41,1381.3069832804995,,,mixed C-H bending / C-N out-of-plane bending,"gamma(N5;C6,C7,H20)",oop,0.07819331388825704,-,-0.011001288215402447,1.3264379453481014
41,1381.3069832804995,,,mixed C-H bending / C-N out-of-plane bending,nu(N5-C6),bond,0.0632646829511859,+,0.014636063858098203,0.6063412962020981
41,1381.3069832804995,,,mixed C-H bending / C-N out-of-plane bending,tau(C3-N5-C7-H21),dihedral,0.04922829029230496,-,-0.026220472996510372,0.14700703306904594
41,1381.3069832804995,,,mixed C-H bending / C-N out-of-plane bending,nu(C8-O9),bond,0.0402296220403673,+,0.00994845336016275,0.8345247457215548
41,1381.3069832804995,,,mixed C-H bending / C-N out-of-plane bending,delta(H16-C4-H18),angle,0.0290181362339937,+,0.014945011072580963,0.2667358784486755
41,1381.3069832804995,,,mixed C-H bending / C-N out-of-plane bending,nu(C3-H15),bond,0.025904617463353638,+,0.013141863967538067,0.3079410963954522
41,1381.3069832804995,,,mixed C-H bending / C-N out-of-plane bending,delta(C2-C1-H10),angle,0.022389788492334157,+,0.014489596032472006,0.21894843186002957
41,1381.3069832804995,,,mixed C-H bending / C-N out-of-plane bending,tau(C2-C3-C4-H17),dihedral,0.02231746286863211,-,-0.04713093988271511,0.020627045333551117
41,1381.3069832804995,,,mixed C-H bending / C-N out-of-plane bending,nu(C1-C2),bond,0.020510242926521375,+,0.01232109884573201,0.27738075382051663
41,1381.3069832804995,,,mixed C-H bending / C-N out-of-plane bending,nu(C2-C3),bond,0.01930116017442839,+,0.012137056443678344,0.2690054474963341
41,1381.3069832804995,,,mixed C-H bending / C-N out-of-plane bending,nu(C6-C7),bond,0.017727399369089354,-,-0.010875285816017063,0.30772875007652795
41,1381.3069832804995,,,mixed C-H bending / C-N out-of-plane bending,delta(C3-N5-C7),angle,0.010695302684032026,-,-0.008467591193540383,0.3062511428123691
41,1381.3069832804995,,,mixed C-H bending / C-N out-of-plane bending,nu(C6-H20),bond,0.010040597666076966,-,-0.00777935162457036,0.34062550565283833
41,1381.3069832804995,,,mixed C-H bending / C-N out-of-plane bending,nu(C4-H17),bond,0.0066324252143471745,+,0.006356394532006815,0.33701953429854553
41,1381.3069832804995,,,mixed C-H bending / C-N out-of-plane bending,nu(C6-H19),bond,0.00533477327172464,-,-0.005596692632948655,0.3496692621462572
41,1381.3069832804995,,,mixed C-H bending / C-N out-of-plane bending,nu(C1-H12),bond,0.004149550172678122,+,0.0050731936356913365,0.3310110907707208
41,1381.3069832804995,,,mixed C-H bending / C-N out-of-plane bending,nu(C4-H16),bond,0.003935706122999237,+,0.004896874555543875,0.33696834756275934
41,1381.3069832804995,,,mixed C-H bending / C-N out-of-plane bending,"gamma(N5;C7,C6,C8)",oop,0.003458013125546248,-,-0.0018606427963217705,2.0507136816458287
41,1381.3069832804995,,,mixed C-H bending / C-N out-of-plane bending,nu(C2-H13),bond,0.0030601593871194006,-,-0.004378417279132634,0.3277284562397979
41,1381.3069832804995,,,mixed C-H bending / C-N out-of-plane bending,nu(C4-H18),bond,0.0030466243024359274,-,-0.004304783264742487,0.3375364853619774
41,1381.3069832804995,,,mixed C-H bending / C-N out-of-plane bending,delta(C6-C7-C8),angle,0.00215382775852677,-,-0.004095889533176127,0.2635839141319724
41,1381.3069832804995,,,mixed C-H bending / C-N out-of-plane bending,"gamma(O9;C8,C7,H22)",oop,0.0017624153385681074,-,-0.005634880001475502,0.1139576076428222
41,1381.3069832804995,,,mixed C-H bending / C-N out-of-plane bending,nu(C1-H10),bond,0.0012683291899570892,+,0.002773775536063413,0.3384494119949666
41,1381.3069832804995,,,mixed C-H bending / C-N out-of-plane bending,delta(C7-C8-O9),angle,0.0010669213729909525,+,0.002460169921247243,0.361915021923592
41,1381.3069832804995,,,mixed C-H bending / C-N out-of-plane bending,tau(C4-C3-N5-C6),dihedral,0.0007243434322336493,-,-0.004751038536139256,0.06588276594613837
41,1381.3069832804995,,,mixed C-H bending / C-N out-of-plane bending,nu(C1-H11),bond,0.0006478234550915256,+,0.0019915731901117683,0.3353270039257434
41,1381.3069832804995,,,mixed C-H bending / C-N out-of-plane bending,delta(C1-C2-H14),angle,0.0006088053773167171,+,0.0018433741497347574,0.36783741091385147
41,1381.3069832804995,,,mixed C-H bending / C-N out-of-plane bending,nu(C7-H21),bond,0.0004677043266552551,+,0.001654906953996838,0.3506134958372735
41,1381.3069832804995,,,mixed C-H bending / C-N out-of-plane bending,tau(H20-C6-C7-C8),dihedral,0.0003196178422437197,+,0.0013330007783167543,0.36929600751604197
41,1381.3069832804995,,,mixed C-H bending / C-N out-of-plane bending,nu(C8-H22),bond,7.698249125662632e-05,+,0.0007262657725011225,0.2996437407786608
41,1381.3069832804995,,,mixed C-H bending / C-N out-of-plane bending,nu(C2-H14),bond,3.6487848040459414e-05,-,-0.00047665133012464255,0.3297243609541089
41,1381.3069832804995,,,mixed C-H bending / C-N out-of-plane bending,tau(C6-C7-C8-O9),dihedral,2.0145268926524927e-05,-,-0.0012533070219539351,0.02633070738300783
42,1393.9504988841338,,,C-H bending,delta(C1-C2-H13),angle,23.119299084402776,-,-0.2160264315594781,1.157751871494402
42,1393.9504988841338,,,C-H bending,delta(C2-C3-H15),angle,20.969988428999127,+,0.28812184990086176,0.5903375570711772
42,1393.9504988841338,,,C-H bending,delta(C3-C2-H13),angle,17.171596759212935,+,0.22000191434008096,0.8291104208312534
42,1393.9504988841338,,,C-H bending,delta(C1-C2-H14),angle,11.272126135475864,-,-0.26760996263893444,0.36783741091385147
42,1393.9504988841338,,,C-H bending,"gamma(N5;C3,C4,H15)",oop,8.528997207087773,-,-0.2165180200683522,0.42517183750888987
42,1393.9504988841338,,,C-H bending,delta(C4-C3-H15),angle,6.21731778444015,-,-0.1967094554773948,0.3754976345746755
42,1393.9504988841338,,,C-H bending,nu(C2-C3),bond,3.977291014768775,-,-0.18588333390212122,0.2690054474963341
42,1393.9504988841338,,,C-H bending,nu(C3-C4),bond,1.5315696483307972,+,0.11367005314268243,0.2770124173076562
42,1393.9504988841338,,,C-H bending,nu(C1-C2),bond,1.3735509730879485,+,0.1075750445011555,0.27738075382051663
42,1393.9504988841338,,,C-H bending,tau(H12-C1-C2-H14),dihedral,0.8775993943077767,-,-0.1091892810703057,0.17202474146598562
42,1393.9504988841338,,,C-H bending,tau(H13-C2-C3-N5),dihedral,0.7305943621313391,+,0.06928441446463177,0.35568031212637796
42,1393.9504988841338,,,C-H bending,delta(C2-C1-H11),angle,0.6815715733626722,+,0.08515812553508839,0.21964124363029877
42,1393.9504988841338,,,C-H bending,delta(H17-C4-H18),angle,0.5777772942930333,+,0.06991307678607989,0.27624743369002036
42,1393.9504988841338,,,C-H bending,delta(C3-C4-H16),angle,0.5247275778552248,-,-0.06286397815464359,0.31030214713203214
42,1393.9504988841338,,,C-H bending,delta(H16-C4-H17),angle,0.44684418850934216,+,0.061650872738915445,0.27474656297601174
42,1393.9504988841338,,,C-H bending,delta(H13-C2-H14),angle,0.28629082771176806,-,-0.03610335573516843,0.5132948477004958
42,1393.9504988841338,,,C-H bending,delta(C3-C4-H18),angle,0.27368057140629193,-,-0.045441149644588,0.30974190085035774
42,1393.9504988841338,,,C-H bending,delta(O9-C8-H22),angle,0.26686759695279294,-,-0.04560964124752676,0.2998038078133957
42,1393.9504988841338,,,C-H bending,tau(H10-C1-C2-H13),dihedral,0.18387735783669934,+,0.049606594943354856,0.1746240399816733
42,1393.9504988841338,,,C-H bending,tau(C3-N5-C7-H21),dihedral,0.18172779281461995,+,0.053748818936109714,0.14700703306904594
42,1393.9504988841338,,,C-H bending,delta(C3-N5-C7),angle,0.152183920949518,+,0.03407790058706498,0.3062511428123691
42,1393.9504988841338,,,C-H bending,nu(N5-C6),bond,0.15196436102186045,+,0.024201350766526384,0.6063412962020981
42,1393.9504988841338,,,C-H bending,delta(C2-C3-C4),angle,0.10145178045391806,-,-0.020240228963798804,0.578739924160285
42,1393.9504988841338,,,C-H bending,nu(C6-C7),bond,0.07625901181437492,+,0.024065165692290776,0.30772875007652795
42,1393.9504988841338,,,C-H bending,delta(C3-N5-C6),angle,0.06357458613876903,-,-0.018321747073461143,0.4425928427372072
42,1393.9504988841338,,,C-H bending,delta(H16-C4-H18),angle,0.04140883393679603,-,-0.019047285363975482,0.2667358784486755
42,1393.9504988841338,,,C-H bending,"gamma(N5;C7,C6,C8)",oop,0.04131529675606237,-,-0.006861676354847335,2.0507136816458287
42,1393.9504988841338,,,C-H bending,nu(C8-O9),bond,0.03307899911917357,-,-0.009624626316459958,0.8345247457215548
42,1393.9504988841338,,,C-H bending,nu(C3-N5),bond,0.027064947733672528,-,-0.01499019740894497,0.28147971351032797
42,1393.9504988841338,,,C-H bending,delta(C1-C2-C3),angle,0.026310044993332303,-,-0.009917854088066431,0.6250874412298897
42,1393.9504988841338,,,C-H bending,nu(C7-C8),bond,0.015333611130256716,-,-0.0112024161832942,0.28554571717231075
42,1393.9504988841338,,,C-H bending,tau(H20-C6-C7-C8),dihedral,0.014147990339165634,+,0.00946209658970441,0.36929600751604197
42,1393.9504988841338,,,C-H bending,delta(C2-C1-H12),angle,0.013278851155917542,-,-0.011854407496939294,0.22082864654339243
42,1393.9504988841338,,,C-H bending,delta(N5-C6-H19),angle,0.012582227104638308,+,0.011572293245790144,0.21957013616155804
42,1393.9504988841338,,,C-H bending,delta(C7-C6-H20),angle,0.00944062849589936,+,0.01026555331013473,0.20935859466531728
42,1393.9504988841338,,,C-H bending,tau(C1-C2-C3-C4),dihedral,0.004723094207680238,-,-0.005602436310031046,0.3516635565620462
42,1393.9504988841338,,,C-H bending,nu(C3-H15),bond,0.004138664292316863,-,-0.0056043284542110225,0.3079410963954522
42,1393.9504988841338,,,C-H bending,delta(C6-C7-C8),angle,0.003897571617765377,-,-0.005878478127470523,0.2635839141319724
42,1393.9504988841338,,,C-H bending,tau(C2-C3-C4-H17),dihedral,0.0030543966468225664,-,-0.01860250849763902,0.020627045333551117
42,1393.9504988841338,,,C-H bending,nu(C1-H10),bond,0.0029938867207303316,+,0.004546718912156473,0.3384494119949666
42,1393.9504988841338,,,C-H bending,nu(C4-H17),bond,0.0024486861113554668,-,-0.004120655692399336,0.33701953429854553
42,1393.9504988841338,,,C-H bending,delta(C7-C8-O9),angle,0.0008089263740768189,-,-0.00228548565007396,0.361915021923592
42,1393.9504988841338,,,C-H bending,delta(C2-C1-H10),angle,0.0006341058186517901,-,-0.0026015804217942888,0.21894843186002957
42,1393.9504988841338,,,C-H bending,delta(N5-C7-H21),angle,0.000599342117375395,-,-0.002453903883584071,0.23260246557067013
42,1393.9504988841338,,,C-H bending,nu(C1-H12),bond,0.0005462712639817287,+,0.0019638585826843432,0.3310110907707208
42,1393.9504988841338,,,C-H bending,tau(H11-C1-C2-C3),dihedral,0.0005346342149984859,+,0.0026835252243242068,0.173500206926061
42,1393.9504988841338,,,C-H bending,nu(C4-H16),bond,0.0004767142849768235,-,-0.0018182844927735352,0.33696834756275934
42,1393.9504988841338,,,C-H bending,nu(C2-H13),bond,0.00040585611456593715,-,-0.001701203535271675,0.3277284562397979
42,1393.9504988841338,,,C-H bending,nu(C1-H11),bond,0.00038985094628713764,-,-0.001648323073668129,0.3353270039257434
42,1393.9504988841338,,,C-H bending,nu(C8-H22),bond,0.00029461283477677524,-,-0.0015158301198922427,0.2996437407786608
42,1393.9504988841338,,,C-H bending,nu(C7-H21),bond,0.00028812402882161096,+,0.0013858069368925883,0.3506134958372735
42,1393.9504988841338,,,C-H bending,nu(C6-H20),bond,0.00027651078515182685,+,0.001377351421361056,0.34062550565283833
42,1393.9504988841338,,,C-H bending,nu(C6-H19),bond,0.00020651160803858228,+,0.0011748185942893512,0.3496692621462572
42,1393.9504988841338,,,C-H bending,tau(C4-C3-N5-C6),dihedral,0.0001936973092619972,+,0.0026212182798746545,0.06588276594613837
42,1393.9504988841338,,,C-H bending,tau(C6-C7-C8-O9),dihedral,0.00018798915083730516,-,-0.004084721353381639,0.02633070738300783
42,1393.9504988841338,,,C-H bending,"gamma(C7;C6,N5,H19)",oop,0.00011727846056124033,-,-0.0006971153144589132,0.5639798938871293
42,1393.9504988841338,,,C-H bending,nu(C4-H18),bond,5.5701667745144776e-05,+,0.0006210135028355267,0.3375364853619774
42,1393.9504988841338,,,C-H bending,nu(C2-H14),bond,2.4209377197130218e-05,-,-0.0004142319534616577,0.3297243609541089
42,1393.9504988841338,,,C-H bending,"gamma(N5;C6,C7,H20)",oop,9.752080819142788e-06,+,0.00013107880797481208,1.3264379453481014
42,1393.9504988841338,,,C-H bending,"gamma(O9;C8,C7,H22)",oop,2.9478341524628397e-06,-,-0.0002458709206246762,0.1139576076428222
43,1418.1351423793542,,,C-H bending,delta(C2-C1-H12),angle,27.298256073314583,+,0.30340935891194826,0.22082864654339243
43,1418.1351423793542,,,C-H bending,delta(C2-C1-H10),angle,26.60655883963279,+,0.30082412440180006,0.21894843186002957
43,1418.1351423793542,,,C-H bending,delta(C2-C1-H11),angle,26.225804861546877,+,0.29819248357486317,0.21964124363029877
43,1418.1351423793542,,,C-H bending,nu(C1-C2),bond,8.016454318499516,-,-0.14670409123936412,0.27738075382051663
43,1418.1351423793542,,,C-H bending,delta(C3-C2-H13),angle,3.508207825388583,-,-0.0561339619740253,0.8291104208312534
43,1418.1351423793542,,,C-H bending,delta(C1-C2-H13),angle,2.9792019126985796,+,0.043775533709522786,1.157751871494402
43,1418.1351423793542,,,C-H bending,"gamma(N5;C3,C4,H15)",oop,1.1867591928485475,-,-0.04559196218098824,0.42517183750888987
43,1418.1351423793542,,,C-H bending,delta(H16-C4-H18),angle,1.1166386962449053,-,-0.05583478463252116,0.2667358784486755
43,1418.1351423793542,,,C-H bending,delta(C2-C3-H15),angle,0.4526233593549005,+,0.023895025669502655,0.5903375570711772
43,1418.1351423793542,,,C-H bending,delta(C1-C2-H14),angle,0.44745283111367656,+,0.030097810817979027,0.36783741091385147
43,1418.1351423793542,,,C-H bending,delta(C3-C4-H16),angle,0.28678262257930304,+,0.0262345278277876,0.31030214713203214
43,1418.1351423793542,,,C-H bending,delta(C2-C3-C4),angle,0.27465079440868284,+,0.018799137946942424,0.578739924160285
43,1418.1351423793542,,,C-H bending,nu(C3-C4),bond,0.2147136181805616,-,-0.024025332294423607,0.2770124173076562
43,1418.1351423793542,,,C-H bending,delta(H17-C4-H18),angle,0.20399948941330184,-,-0.023450636809398094,0.27624743369002036
43,1418.1351423793542,,,C-H bending,delta(C4-C3-H15),angle,0.16164538909669565,+,0.017904709710846962,0.3754976345746755
43,1418.1351423793542,,,C-H bending,delta(O9-C8-H22),angle,0.14069386305090245,-,-0.018694257967580806,0.2998038078133957
43,1418.1351423793542,,,C-H bending,delta(C3-C4-H18),angle,0.1283459932927296,+,0.017566304414128514,0.30974190085035774
43,1418.1351423793542,,,C-H bending,nu(C1-H11),bond,0.11325224913763715,+,0.01585909424548502,0.3353270039257434
43,1418.1351423793542,,,C-H bending,nu(C1-H10),bond,0.10332383655825704,+,0.015077960678817597,0.3384494119949666
43,1418.1351423793542,,,C-H bending,nu(C1-H12),bond,0.09850101529440272,+,0.014886352797126603,0.3310110907707208
43,1418.1351423793542,,,C-H bending,tau(H13-C2-C3-N5),dihedral,0.09642672628021468,-,-0.014208820391203306,0.35568031212637796
43,1418.1351423793542,,,C-H bending,nu(C3-N5),bond,0.07544936826166639,+,0.014128416205555373,0.28147971351032797
43,1418.1351423793542,,,C-H bending,tau(H10-C1-C2-H13),dihedral,0.04766108437350343,-,-0.014256705229203475,0.1746240399816733
43,1418.1351423793542,,,C-H bending,delta(C1-C2-C3),angle,0.04605982916509596,+,0.007407642268829162,0.6250874412298897
43,1418.1351423793542,,,C-H bending,delta(N5-C7-H21),angle,0.025340409901394596,-,-0.009007180944832912,0.23260246557067013
43,1418.1351423793542,,,C-H bending,delta(C3-N5-C6),angle,0.02064071025192919,+,0.005893175190792642,0.4425928427372072
43,1418.1351423793542,,,C-H bending,tau(H11-C1-C2-C3),dihedral,0.015763869136304245,+,0.00822565780294441,0.173500206926061
43,1418.1351423793542,,,C-H bending,delta(H16-C4-H17),angle,0.015305464315488957,-,-0.006440896893007953,0.27474656297601174
43,1418.1351423793542,,,C-H bending,tau(H12-C1-C2-H14),dihedral,0.015257546679642171,-,-0.00812710972461604,0.17202474146598562
43,1418.1351423793542,,,C-H bending,delta(N5-C6-H19),angle,0.012337200333470763,+,0.0064686089802216155,0.21957013616155804
43,1418.1351423793542,,,C-H bending,nu(C2-C3),bond,0.009883745759829945,+,0.005230816341434201,0.2690054474963341
43,1418.1351423793542,,,C-H bending,nu(C3-H15),bond,0.008949006653820191,-,-0.004652033313935399,0.3079410963954522
43,1418.1351423793542,,,C-H bending,nu(C7-C8),bond,0.007942024027286214,-,-0.004551106509814382,0.28554571717231075
43,1418.1351423793542,,,C-H bending,nu(C6-C7),bond,0.0075205572043136465,+,0.004266091829248847,0.30772875007652795
43,1418.1351423793542,,,C-H bending,delta(C3-N5-C7),angle,0.004149756568787064,+,0.0031765937567794843,0.3062511428123691
43,1418.1351423793542,,,C-H bending,nu(C8-O9),bond,0.004057858983694052,-,-0.0019029093157642257,0.8345247457215548
43,1418.1351423793542,,,C-H bending,nu(N5-C6),bond,0.0032769743714398977,+,0.0020061674281917985,0.6063412962020981
43,1418.1351423793542,,,C-H bending,tau(C1-C2-C3-C4),dihedral,0.002831353752318317,+,0.002448626872960044,0.3516635565620462
43,1418.1351423793542,,,C-H bending,nu(C4-H18),bond,0.0028020526036805584,+,0.0024863771536848935,0.3375364853619774
43,1418.1351423793542,,,C-H bending,"gamma(N5;C6,C7,H20)",oop,0.002468308147612388,+,0.0011771869697229636,1.3264379453481014
43,1418.1351423793542,,,C-H bending,tau(C4-C3-N5-C6),dihedral,0.0022428786347709327,+,0.005035077986254979,0.06588276594613837
43,1418.1351423793542,,,C-H bending,tau(C3-N5-C7-H21),dihedral,0.0020658241552820576,+,0.0032349445866735726,0.14700703306904594
43,1418.1351423793542,,,C-H bending,nu(C2-H14),bond,0.001516157822606966,-,-0.0018504864713274497,0.3297243609541089
43,1418.1351423793542,,,C-H bending,nu(C2-H13),bond,0.0010754155071343206,-,-0.0015632207012263592,0.3277284562397979
43,1418.1351423793542,,,C-H bending,nu(C4-H16),bond,0.0010568549360564054,+,0.0015282780037482297,0.33696834756275934
43,1418.1351423793542,,,C-H bending,"gamma(N5;C7,C6,C8)",oop,0.000955377139201085,-,-0.0005890119888016607,2.0507136816458287
43,1418.1351423793542,,,C-H bending,delta(C7-C6-H20),angle,0.00093092255177376,+,0.001819703393232754,0.20935859466531728
43,1418.1351423793542,,,C-H bending,tau(C2-C3-C4-H17),dihedral,0.0006044188304632145,+,0.004671320959392368,0.020627045333551117
43,1418.1351423793542,,,C-H bending,"gamma(C7;C6,N5,H19)",oop,0.0005749838103331381,-,-0.0008713351299571824,0.5639798938871293
43,1418.1351423793542,,,C-H bending,nu(C4-H17),bond,0.0003488791539354689,-,-0.0008780094690040858,0.33701953429854553
43,1418.1351423793542,,,C-H bending,"gamma(O9;C8,C7,H22)",oop,0.00022035452604846683,+,0.0011999925573146157,0.1139576076428222
43,1418.1351423793542,,,C-H bending,nu(C6-H20),bond,0.00020790572315283005,+,0.0006741924218732074,0.34062550565283833
43,1418.1351423793542,,,C-H bending,nu(C6-H19),bond,0.00010843235913704411,+,0.00048055151557628806,0.3496692621462572
43,1418.1351423793542,,,C-H bending,nu(C8-H22),bond,4.075020806783892e-05,-,-0.00031823763378650984,0.2996437407786608
43,1418.1351423793542,,,C-H bending,tau(H20-C6-C7-C8),dihedral,3.7943940385125766e-05,+,0.0002766133490768959,0.36929600751604197
43,1418.1351423793542,,,C-H bending,delta(C6-C7-C8),angle,1.8309064345971087e-05,-,-0.00022743790723652317,0.2635839141319724
43,1418.1351423793542,,,C-H bending,tau(C6-C7-C8-O9),dihedral,2.468274902945523e-06,+,0.00026421333127993937,0.02633070738300783
43,1418.1351423793542,,,C-H bending,delta(H13-C2-H14),angle,1.2764332101484317e-06,-,-4.303331688488977e-05,0.5132948477004958
43,1418.1351423793542,,,C-H bending,delta(C7-C8-O9),angle,1.4298904319655347e-07,+,1.7152889967527243e-05,0.361915021923592
43,1418.1351423793542,,,C-H bending,nu(C7-H21),bond,7.551325188736889e-08,-,-1.2664454805669628e-05,0.3506134958372735
44,1421.2528740052326,,,C-H bending,delta(H16-C4-H18),angle,27.456263085632745,+,0.39751172031682047,0.2667358784486755
44,1421.2528740052326,,,C-H bending,delta(C3-C4-H16),angle,19.77617622107958,-,-0.31278701366043543,0.31030214713203214
44,1421.2528740052326,,,C-H bending,delta(C3-C4-H18),angle,18.324569189898128,-,-0.30136086191350964,0.30974190085035774
44,1421.2528740052326,,,C-H bending,delta(H17-C4-H18),angle,13.319157853561288,+,0.27205655807497486,0.27624743369002036
44,1421.2528740052326,,,C-H bending,delta(H16-C4-H17),angle,12.957890071128814,+,0.2690735160936932,0.27474656297601174
44,1421.2528740052326,,,C-H bending,nu(C3-C4),bond,3.487419979436936,+,0.1390184523823278,0.2770124173076562
44,1421.2528740052326,,,C-H bending,delta(C1-C2-H13),angle,1.6732278709756658,+,0.0471020426646416,1.157751871494402
44,1421.2528740052326,,,C-H bending,delta(C1-C2-H14),angle,0.7046716245695338,+,0.05422947321572359,0.36783741091385147
44,1421.2528740052326,,,C-H bending,delta(C3-C2-H13),angle,0.46364362332640086,-,-0.029299209359838124,0.8291104208312534
44,1421.2528740052326,,,C-H bending,tau(H13-C2-C3-N5),dihedral,0.27855364428544555,-,-0.034673242055394744,0.35568031212637796
44,1421.2528740052326,,,C-H bending,"gamma(N5;C3,C4,H15)",oop,0.24488487799835829,+,0.029735050549065264,0.42517183750888987
44,1421.2528740052326,,,C-H bending,delta(C4-C3-H15),angle,0.1970861067666269,-,-0.02838535596503265,0.3754976345746755
44,1421.2528740052326,,,C-H bending,delta(C2-C1-H12),angle,0.1782367891203507,+,0.03519985803676232,0.22082864654339243
44,1421.2528740052326,,,C-H bending,delta(C2-C1-H10),angle,0.16582935755749015,+,0.03409806481267754,0.21894843186002957
44,1421.2528740052326,,,C-H bending,nu(C1-C2),bond,0.16023792731994704,-,-0.029779296897947376,0.27738075382051663
44,1421.2528740052326,,,C-H bending,delta(H13-C2-H14),angle,0.12916279219973917,-,-0.01965419236107687,0.5132948477004958
44,1421.2528740052326,,,C-H bending,delta(C2-C3-H15),angle,0.08697786217792977,-,-0.015039178013007493,0.5903375570711772
44,1421.2528740052326,,,C-H bending,delta(N5-C6-H19),angle,0.0693011029572749,-,-0.02201168960662266,0.21957013616155804
44,1421.2528740052326,,,C-H bending,nu(C2-C3),bond,0.04580783858600103,+,0.016168111856891314,0.2690054474963341
44,1421.2528740052326,,,C-H bending,nu(C4-H18),bond,0.03977430620069057,-,-0.013449647024715222,0.3375364853619774
44,1421.2528740052326,,,C-H bending,delta(C1-C2-C3),angle,0.036629981851013446,-,-0.00948457570408889,0.6250874412298897
44,1421.2528740052326,,,C-H bending,nu(C4-H16),bond,0.03578219499849567,-,-0.012767588511344555,0.33696834756275934
44,1421.2528740052326,,,C-H bending,nu(C4-H17),bond,0.03563677354611513,-,-0.012740650252865228,0.33701953429854553
44,1421.2528740052326,,,C-H bending,delta(C3-N5-C6),angle,0.024145721724040354,-,-0.009151406452379858,0.4425928427372072
44,1421.2528740052326,,,C-H bending,"gamma(N5;C6,C7,H20)",oop,0.018090285932155094,-,-0.004575611990237376,1.3264379453481014
44,1421.2528740052326,,,C-H bending,tau(H10-C1-C2-H13),dihedral,0.01746737877444283,+,0.012391725816498594,0.1746240399816733
44,1421.2528740052326,,,C-H bending,delta(C2-C1-H11),angle,0.013974447063842823,+,0.009882806944902591,0.21964124363029877
44,1421.2528740052326,,,C-H bending,delta(C2-C3-C4),angle,0.009410899552037921,-,-0.00499624572653235,0.578739924160285
44,1421.2528740052326,,,C-H bending,delta(N5-C7-H21),angle,0.009398347325288343,-,-0.007875688503987798,0.23260246557067013
44,1421.2528740052326,,,C-H bending,nu(N5-C6),bond,0.009133793428982608,-,-0.004808802725316535,0.6063412962020981
44,1421.2528740052326,,,C-H bending,delta(C7-C6-H20),angle,0.0086829981052481,-,-0.007979200870622498,0.20935859466531728
44,1421.2528740052326,,,C-H bending,"gamma(N5;C7,C6,C8)",oop,0.006699884370027848,+,0.00223950007662225,2.0507136816458287
44,1421.2528740052326,,,C-H bending,nu(C6-C7),bond,0.00344557735515263,-,-0.004145881724345004,0.30772875007652795
44,1421.2528740052326,,,C-H bending,nu(C2-H14),bond,0.001539348953972912,+,0.002677089959231457,0.3297243609541089
44,1421.2528740052326,,,C-H bending,nu(C1-H11),bond,0.0012937725564703055,+,0.002433686569067672,0.3353270039257434
44,1421.2528740052326,,,C-H bending,nu(C3-H15),bond,0.0012155869638666033,+,0.0024616660349736303,0.3079410963954522
44,1421.2528740052326,,,C-H bending,nu(C2-H13),bond,0.0011030490455480925,+,0.002273056745695831,0.3277284562397979
44,1421.2528740052326,,,C-H bending,tau(H11-C1-C2-C3),dihedral,0.0010529459816747094,-,-0.00305227029120359,0.173500206926061
44,1421.2528740052326,,,C-H bending,nu(C7-C8),bond,0.0008220693668844653,+,0.0021022596253438934,0.28554571717231075
44,1421.2528740052326,,,C-H bending,tau(C3-N5-C7-H21),dihedral,0.0006285545991660893,+,0.002561960268192353,0.14700703306904594
44,1421.2528740052326,,,C-H bending,nu(C6-H20),bond,0.0006038095402093897,-,-0.0016496102462199612,0.34062550565283833
44,1421.2528740052326,,,C-H bending,nu(C3-N5),bond,0.0005812676635380534,+,0.001780469235201166,0.28147971351032797
44,1421.2528740052326,,,C-H bending,nu(C8-O9),bond,0.0005803496806471868,+,0.0010332257180699941,0.8345247457215548
44,1421.2528740052326,,,C-H bending,delta(C3-N5-C7),angle,0.0005641602373835253,-,-0.0016816372544828154,0.3062511428123691
44,1421.2528740052326,,,C-H bending,tau(C4-C3-N5-C6),dihedral,0.0005308378427068938,-,-0.003516940073086882,0.06588276594613837
44,1421.2528740052326,,,C-H bending,tau(H12-C1-C2-H14),dihedral,0.0005263555189341259,-,-0.0021672752723079823,0.17202474146598562
44,1421.2528740052326,,,C-H bending,nu(C6-H19),bond,0.0004833887953918341,-,-0.0014567650165549755,0.3496692621462572
44,1421.2528740052326,,,C-H bending,delta(C7-C8-O9),angle,0.00027851408439700403,+,0.001086901576398811,0.361915021923592
44,1421.2528740052326,,,C-H bending,tau(C1-C2-C3-C4),dihedral,0.0002579170259369528,-,-0.001061075450074759,0.3516635565620462
44,1421.2528740052326,,,C-H bending,delta(O9-C8-H22),angle,0.0001747982997591154,-,-0.0009460628132487775,0.2998038078133957
44,1421.2528740052326,,,C-H bending,nu(C1-H10),bond,0.00012949189069900988,+,0.0007663803243912954,0.3384494119949666
44,1421.2528740052326,,,C-H bending,nu(C7-H21),bond,6.784331397019631e-05,-,-0.0005450158780161604,0.3506134958372735
44,1421.2528740052326,,,C-H bending,nu(C8-H22),bond,6.552090659263962e-05,+,0.0005793717112103424,0.2996437407786608
44,1421.2528740052326,,,C-H bending,tau(H20-C6-C7-C8),dihedral,6.210606609394456e-05,+,0.0005081005285320337,0.36929600751604197
44,1421.2528740052326,,,C-H bending,nu(C1-H12),bond,4.0155372021879405e-05,+,0.00043153944287744716,0.3310110907707208
44,1421.2528740052326,,,C-H bending,tau(C2-C3-C4-H17),dihedral,1.2063318104288153e-05,-,-0.0009475122224546986,0.020627045333551117
44,1421.2528740052326,,,C-H bending,tau(C6-C7-C8-O9),dihedral,8.137799862084905e-06,+,0.0006887984820512297,0.02633070738300783
44,1421.2528740052326,,,C-H bending,"gamma(O9;C8,C7,H22)",oop,7.5397225122888996e-06,+,0.0003186955225499018,0.1139576076428222
44,1421.2528740052326,,,C-H bending,"gamma(C7;C6,N5,H19)",oop,6.201203465333429e-09,+,4.1084321788224715e-06,0.5639798938871293
44,1421.2528740052326,,,C-H bending,delta(C6-C7-C8),angle,4.4664262855763385e-10,+,1.6128373650228493e-06,0.2635839141319724
45,1444.6507009972345,,,C-H bending,delta(O9-C8-H22),angle,65.86078383153946,+,0.4396856767823454,0.2998038078133957
45,1444.6507009972345,,,C-H bending,nu(C7-C8),bond,5.3822404273098865,+,0.12879267533544747,0.28554571717231075
45,1444.6507009972345,,,C-H bending,delta(C2-C3-H15),angle,5.21742350467442,+,0.08819120594492742,0.5903375570711772
45,1444.6507009972345,,,C-H bending,delta(N5-C7-H21),angle,4.903804800761854,+,0.13620933519658726,0.23260246557067013
45,1444.6507009972345,,,C-H bending,"gamma(N5;C3,C4,H15)",oop,4.64493938859368,-,-0.09805172163395079,0.42517183750888987
45,1444.6507009972345,,,C-H bending,nu(C8-O9),bond,3.5840748013555865,+,0.061477523703714204,0.8345247457215548
45,1444.6507009972345,,,C-H bending,nu(C6-C7),bond,3.1361067607960855,-,-0.09470192913133946,0.30772875007652795
45,1444.6507009972345,,,C-H bending,tau(C3-N5-C7-H21),dihedral,1.72239554216565,-,-0.10154179422751924,0.14700703306904594
45,1444.6507009972345,,,C-H bending,nu(N5-C6),bond,1.6240108625174707,-,-0.04854934040812831,0.6063412962020981
45,1444.6507009972345,,,C-H bending,delta(C7-C8-O9),angle,0.5906239691649987,-,-0.03789654976612045,0.361915021923592
45,1444.6507009972345,,,C-H bending,"gamma(N5;C7,C6,C8)",oop,0.4853614570942421,-,-0.014432034932171435,2.0507136816458287
45,1444.6507009972345,,,C-H bending,delta(H13-C2-H14),angle,0.45021975875992304,-,-0.02778281620929096,0.5132948477004958
45,1444.6507009972345,,,C-H bending,nu(C3-N5),bond,0.41717464397650533,+,0.0361146029736411,0.28147971351032797
45,1444.6507009972345,,,C-H bending,delta(H16-C4-H17),angle,0.3162759400763446,+,0.0318283691563881,0.27474656297601174
45,1444.6507009972345,,,C-H bending,tau(H12-C1-C2-H14),dihedral,0.2024324730828825,-,-0.032180447307210376,0.17202474146598562
45,1444.6507009972345,,,C-H bending,delta(C3-N5-C7),angle,0.15971554463736262,+,0.02142309320955886,0.3062511428123691
45,1444.6507009972345,,,C-H bending,tau(H20-C6-C7-C8),dihedral,0.1464251309850794,-,-0.01867961613799144,0.36929600751604197
45,1444.6507009972345,,,C-H bending,"gamma(C7;C6,N5,H19)",oop,0.1352770329213828,+,0.014528730463097016,0.5639798938871293
45,1444.6507009972345,,,C-H bending,delta(C3-C2-H13),angle,0.12702148867158022,-,-0.011611273511281385,0.8291104208312534
45,1444.6507009972345,,,C-H bending,delta(C1-C2-H14),angle,0.12544799592272907,-,-0.017324126979199533,0.36783741091385147
45,1444.6507009972345,,,C-H bending,nu(C2-C3),bond,0.1252507301276426,-,-0.02024216863931116,0.2690054474963341
45,1444.6507009972345,,,C-H bending,delta(N5-C6-H19),angle,0.10621760028334748,-,-0.020632841885381347,0.21957013616155804
45,1444.6507009972345,,,C-H bending,nu(C8-H22),bond,0.09406158768532587,+,0.016620764284560455,0.2996437407786608
45,1444.6507009972345,,,C-H bending,delta(C1-C2-H13),angle,0.07952616413763397,+,0.007774898260770161,1.157751871494402
45,1444.6507009972345,,,C-H bending,delta(C3-C4-H18),angle,0.054056370610029984,-,-0.012392841780144213,0.30974190085035774
45,1444.6507009972345,,,C-H bending,delta(H17-C4-H18),angle,0.05087559705009404,-,-0.012730723224496613,0.27624743369002036
45,1444.6507009972345,,,C-H bending,delta(H16-C4-H18),angle,0.030083607644368533,-,-0.009962576810770809,0.2667358784486755
45,1444.6507009972345,,,C-H bending,delta(C2-C3-C4),angle,0.02948326814225272,+,0.006695662160628016,0.578739924160285
45,1444.6507009972345,,,C-H bending,delta(C2-C1-H12),angle,0.025268131102893773,+,0.010034744020637443,0.22082864654339243
45,1444.6507009972345,,,C-H bending,tau(H11-C1-C2-C3),dihedral,0.023013584337716685,+,0.01080412441870346,0.173500206926061
45,1444.6507009972345,,,C-H bending,delta(C2-C1-H11),angle,0.021692526489183555,+,0.009322782755354586,0.21964124363029877
45,1444.6507009972345,,,C-H bending,delta(C2-C1-H10),angle,0.018661746449078132,+,0.008660693428514788,0.21894843186002957
45,1444.6507009972345,,,C-H bending,nu(C7-H21),bond,0.017871793260420335,+,0.006697568968147472,0.3506134958372735
45,1444.6507009972345,,,C-H bending,"gamma(N5;C6,C7,H20)",oop,0.015979676793320217,+,0.0032560267924209027,1.3264379453481014
45,1444.6507009972345,,,C-H bending,delta(C6-C7-C8),angle,0.012160801116898613,-,-0.00637190195285227,0.2635839141319724
45,1444.6507009972345,,,C-H bending,delta(C7-C6-H20),angle,0.011459267641114287,+,0.006940335694725658,0.20935859466531728
45,1444.6507009972345,,,C-H bending,tau(C1-C2-C3-C4),dihedral,0.009345731435543498,+,0.004836045845679315,0.3516635565620462
45,1444.6507009972345,,,C-H bending,delta(C3-N5-C6),angle,0.008881204087105432,+,0.0042022431192238995,0.4425928427372072
45,1444.6507009972345,,,C-H bending,tau(H13-C2-C3-N5),dihedral,0.007377062246251428,-,-0.004272275530353758,0.35568031212637796
45,1444.6507009972345,,,C-H bending,nu(C6-H19),bond,0.005903594144459054,-,-0.003854579089347705,0.3496692621462572
45,1444.6507009972345,,,C-H bending,nu(C3-C4),bond,0.005709169532868853,+,0.0042587710596791485,0.2770124173076562
45,1444.6507009972345,,,C-H bending,nu(C3-H15),bond,0.004262834968037511,-,-0.003490300961851388,0.3079410963954522
45,1444.6507009972345,,,C-H bending,tau(C2-C3-C4-H17),dihedral,0.0023494274287906214,+,0.010011748901182511,0.020627045333551117
45,1444.6507009972345,,,C-H bending,tau(H10-C1-C2-H13),dihedral,0.0015340959724774988,-,-0.002780492270307673,0.1746240399816733
45,1444.6507009972345,,,C-H bending,tau(C6-C7-C8-O9),dihedral,0.0014362239603683997,+,0.006928309234002428,0.02633070738300783
45,1444.6507009972345,,,C-H bending,delta(C4-C3-H15),angle,0.0012917259647456532,+,0.0017399190169091452,0.3754976345746755
45,1444.6507009972345,,,C-H bending,nu(C1-C2),bond,0.0010793190809870192,+,0.0018504792023077282,0.27738075382051663
45,1444.6507009972345,,,C-H bending,nu(C4-H16),bond,0.0008528742831645272,-,-0.001492434907583415,0.33696834756275934
45,1444.6507009972345,,,C-H bending,delta(C1-C2-C3),angle,0.0007988236353663475,+,0.001060480065720876,0.6250874412298897
45,1444.6507009972345,,,C-H bending,nu(C4-H18),bond,0.0007512070483500371,+,0.0013994806823072518,0.3375364853619774
45,1444.6507009972345,,,C-H bending,nu(C2-H13),bond,0.00035690215066449746,+,0.0009789600052178395,0.3277284562397979
45,1444.6507009972345,,,C-H bending,nu(C6-H20),bond,0.000193550111528374,+,0.000707140276110553,0.34062550565283833
45,1444.6507009972345,,,C-H bending,tau(C4-C3-N5-C6),dihedral,0.0001327962019766511,+,0.0013318470656006093,0.06588276594613837
45,1444.6507009972345,,,C-H bending,nu(C4-H17),bond,0.00012535223498323707,-,-0.0005721184412695786,0.33701953429854553
45,1444.6507009972345,,,C-H bending,nu(C1-H10),bond,0.00010305165793545744,+,0.0005176402671307571,0.3384494119949666
45,1444.6507009972345,,,C-H bending,"gamma(O9;C8,C7,H22)",oop,6.172731418864912e-05,-,-0.000690421761826706,0.1139576076428222
45,1444.6507009972345,,,C-H bending,nu(C2-H14),bond,3.365639636131586e-05,+,0.00029971310445716065,0.3297243609541089
45,1444.6507009972345,,,C-H bending,nu(C1-H11),bond,1.1056166115596222e-06,+,5.3866090483137695e-05,0.3353270039257434
45,1444.6507009972345,,,C-H bending,nu(C1-H12),bond,4.952323653921506e-07,-,-3.628529683256147e-05,0.3310110907707208
45,1444.6507009972345,,,C-H bending,delta(C3-C4-H16),angle,2.6141642944497027e-07,-,-2.722836049567349e-05,0.31030214713203214
46,1480.5639000184633,,,C-H bending,delta(H13-C2-H14),angle,64.4793519749989,-,-0.6582322885369456,0.5132948477004958
46,1480.5639000184633,,,C-H bending,tau(H13-C2-C3-N5),dihedral,10.496948548910995,-,-0.3190464550823036,0.35568031212637796
46,1480.5639000184633,,,C-H bending,delta(C1-C2-H13),angle,8.180333287023958,+,0.15610975991513967,1.157751871494402
46,1480.5639000184633,,,C-H bending,delta(C3-C2-H13),angle,3.7595814368538987,+,0.12505926271570383,0.8291104208312534
46,1480.5639000184633,,,C-H bending,delta(C1-C2-H14),angle,3.001214848868272,+,0.1677540049341991,0.36783741091385147
46,1480.5639000184633,,,C-H bending,tau(H10-C1-C2-H13),dihedral,2.6500458090327266,+,0.22878469989228006,0.1746240399816733
46,1480.5639000184633,,,C-H bending,tau(H12-C1-C2-H14),dihedral,2.2371430056333916,-,-0.21178915562752007,0.17202474146598562
46,1480.5639000184633,,,C-H bending,delta(H16-C4-H18),angle,2.031207727021541,+,0.16206482119630525,0.2667358784486755
46,1480.5639000184633,,,C-H bending,delta(H16-C4-H17),angle,1.3958961673000527,-,-0.13237705827960813,0.27474656297601174
46,1480.5639000184633,,,C-H bending,delta(H17-C4-H18),angle,0.7709195181948604,-,-0.09810873976405092,0.27624743369002036
46,1480.5639000184633,,,C-H bending,delta(C1-C2-C3),angle,0.3232128514375483,+,0.042230500263782056,0.6250874412298897
46,1480.5639000184633,,,C-H bending,nu(C1-C2),bond,0.2031941292374536,-,-0.050265466617120114,0.27738075382051663
46,1480.5639000184633,,,C-H bending,delta(C2-C3-H15),angle,0.1211703506288344,-,-0.02660726762687646,0.5903375570711772
46,1480.5639000184633,,,C-H bending,nu(C2-C3),bond,0.06768722767904355,-,-0.02945948351483863,0.2690054474963341
46,1480.5639000184633,,,C-H bending,"gamma(N5;C3,C4,H15)",oop,0.058042644595520415,+,0.02169919654221752,0.42517183750888987
46,1480.5639000184633,,,C-H bending,delta(C2-C3-C4),angle,0.03834293516954994,+,0.015116569970798289,0.578739924160285
46,1480.5639000184633,,,C-H bending,nu(C2-H14),bond,0.02623031925804113,+,0.016564509229691025,0.3297243609541089
46,1480.5639000184633,,,C-H bending,nu(C2-H13),bond,0.026125472443530053,+,0.01658163315676276,0.3277284562397979
46,1480.5639000184633,,,C-H bending,delta(C2-C1-H11),angle,0.025310886873482194,-,-0.01993650550052549,0.21964124363029877
46,1480.5639000184633,,,C-H bending,delta(C2-C1-H10),angle,0.022093698207670435,+,0.01865587364766515,0.21894843186002957
46,1480.5639000184633,,,C-H bending,nu(C3-N5),bond,0.013455745656331883,-,-0.012840520752125373,0.28147971351032797
46,1480.5639000184633,,,C-H bending,delta(C2-C1-H12),angle,0.012178200282744349,+,0.013791647651724987,0.22082864654339243
46,1480.5639000184633,,,C-H bending,nu(N5-C6),bond,0.011102197506568889,+,0.00794690832722857,0.6063412962020981
46,1480.5639000184633,,,C-H bending,delta(O9-C8-H22),angle,0.0091049457881916,-,-0.010234636260406436,0.2998038078133957
46,1480.5639000184633,,,C-H bending,nu(C1-H11),bond,0.005589567668166792,-,-0.007582407960370635,0.3353270039257434
46,1480.5639000184633,,,C-H bending,tau(H11-C1-C2-C3),dihedral,0.005422523392198841,-,-0.010382525850264324,0.173500206926061
46,1480.5639000184633,,,C-H bending,nu(C4-H17),bond,0.005381475903874579,+,0.007421222719588841,0.33701953429854553
46,1480.5639000184633,,,C-H bending,delta(C4-C3-H15),angle,0.00481100718621965,-,-0.006647627910473172,0.3754976345746755
46,1480.5639000184633,,,C-H bending,"gamma(N5;C6,C7,H20)",oop,0.0036359696797754817,+,0.003074814783211106,1.3264379453481014
46,1480.5639000184633,,,C-H bending,nu(C6-C7),bond,0.0026134081706845067,+,0.005412175717167472,0.30772875007652795
46,1480.5639000184633,,,C-H bending,delta(N5-C7-H21),angle,0.002261300542859734,+,0.005790609640960265,0.23260246557067013
46,1480.5639000184633,,,C-H bending,"gamma(N5;C7,C6,C8)",oop,0.0020340494120612016,-,-0.0018496115873146094,2.0507136816458287
46,1480.5639000184633,,,C-H bending,tau(C1-C2-C3-C4),dihedral,0.0014142490457212343,-,-0.0037243592630268243,0.3516635565620462
46,1480.5639000184633,,,C-H bending,tau(H20-C6-C7-C8),dihedral,0.0012702144971409358,-,-0.0034443202804730942,0.36929600751604197
46,1480.5639000184633,,,C-H bending,"gamma(C7;C6,N5,H19)",oop,0.0009459070323083561,+,0.002405164133534489,0.5639798938871293
46,1480.5639000184633,,,C-H bending,nu(C4-H18),bond,0.0006059477995327116,-,-0.0024883390031853647,0.3375364853619774
46,1480.5639000184633,,,C-H bending,nu(C1-H10),bond,0.0006025691521364759,+,0.0024780431697994853,0.3384494119949666
46,1480.5639000184633,,,C-H bending,tau(C2-C3-C4-H17),dihedral,0.00047847100909756234,-,-0.008944614036756006,0.020627045333551117
46,1480.5639000184633,,,C-H bending,nu(C1-H12),bond,0.000477557853731868,+,0.002230714681950594,0.3310110907707208
46,1480.5639000184633,,,C-H bending,delta(C3-N5-C7),angle,0.00045153724960573176,+,0.00225507107873909,0.3062511428123691
46,1480.5639000184633,,,C-H bending,delta(C3-C4-H18),angle,0.00037906283188341057,-,-0.0020545084144912395,0.30974190085035774
46,1480.5639000184633,,,C-H bending,tau(C4-C3-N5-C6),dihedral,0.000353023173272777,-,-0.004299005471422135,0.06588276594613837
46,1480.5639000184633,,,C-H bending,delta(C6-C7-C8),angle,0.0003359444993244885,-,-0.002096653282346545,0.2635839141319724
46,1480.5639000184633,,,C-H bending,tau(C3-N5-C7-H21),dihedral,0.00021090181751950272,+,0.002224453887994515,0.14700703306904594
46,1480.5639000184633,,,C-H bending,nu(C3-H15),bond,0.00014732278662339443,+,0.0012845571747232855,0.3079410963954522
46,1480.5639000184633,,,C-H bending,nu(C8-O9),bond,0.0001222244005783559,-,-0.0007107414615111996,0.8345247457215548
46,1480.5639000184633,,,C-H bending,nu(C7-C8),bond,9.214375341627375e-05,-,-0.0010549877738969015,0.28554571717231075
46,1480.5639000184633,,,C-H bending,delta(C3-N5-C6),angle,8.645372361399558e-05,-,-0.0008208087187138001,0.4425928427372072
46,1480.5639000184633,,,C-H bending,nu(C4-H16),bond,7.433596610559908e-05,-,-0.0008722826684337033,0.33696834756275934
46,1480.5639000184633,,,C-H bending,delta(N5-C6-H19),angle,7.07901842485765e-05,-,-0.0010545136075190658,0.21957013616155804
46,1480.5639000184633,,,C-H bending,nu(C3-C4),bond,6.614564709865335e-05,-,-0.0009075139690906132,0.2770124173076562
46,1480.5639000184633,,,C-H bending,nu(C8-H22),bond,6.048294519244148e-05,-,-0.0008343843751959579,0.2996437407786608
46,1480.5639000184633,,,C-H bending,nu(C7-H21),bond,4.16657648558495e-05,+,0.0006402176859618881,0.3506134958372735
46,1480.5639000184633,,,C-H bending,delta(C3-C4-H16),angle,2.3216834523547938e-05,+,0.0005079973130553695,0.31030214713203214
46,1480.5639000184633,,,C-H bending,delta(C7-C8-O9),angle,1.680466118326026e-05,-,-0.00040018783067052155,0.361915021923592
46,1480.5639000184633,,,C-H bending,nu(C6-H20),bond,1.5334813084286944e-05,+,0.00039405148068225314,0.34062550565283833
46,1480.5639000184633,,,C-H bending,delta(C7-C6-H20),angle,9.367402778909128e-06,+,0.00039284072377953396,0.20935859466531728
46,1480.5639000184633,,,C-H bending,tau(C6-C7-C8-O9),dihedral,3.4179635327783627e-06,-,-0.0006691211407895682,0.02633070738300783
46,1480.5639000184633,,,C-H bending,"gamma(O9;C8,C7,H22)",oop,1.0383442795795307e-06,+,0.00017727656506487998,0.1139576076428222
46,1480.5639000184633,,,C-H bending,nu(C6-H19),bond,6.38288682905131e-07,+,7.934729868318929e-05,0.3496692621462572
47,1497.0899122797578,,,C-H bending,delta(H17-C4-H18),angle,46.37889940542819,-,-0.550637912406821,0.27624743369002036
47,1497.0899122797578,,,C-H bending,delta(H16-C4-H18),angle,32.06255145623777,+,0.46592212978872205,0.2667358784486755
47,1497.0899122797578,,,C-H bending,delta(H13-C2-H14),angle,9.586556822376945,+,0.18365505639087526,0.5132948477004958
47,1497.0899122797578,,,C-H bending,delta(C3-C4-H16),angle,2.446044210623196,-,-0.11931492641965856,0.31030214713203214
47,1497.0899122797578,,,C-H bending,delta(C1-C2-H13),angle,2.04474152680947,-,-0.05647633161999101,1.157751871494402
47,1497.0899122797578,,,C-H bending,tau(H13-C2-C3-N5),dihedral,1.821920626952195,+,0.09618112001524923,0.35568031212637796
47,1497.0899122797578,,,C-H bending,tau(H12-C1-C2-H14),dihedral,1.6914596988040234,+,0.1332571090811673,0.17202474146598562
47,1497.0899122797578,,,C-H bending,tau(H10-C1-C2-H13),dihedral,0.5103626000990815,-,-0.07265113806440447,0.1746240399816733
47,1497.0899122797578,,,C-H bending,delta(C2-C3-H15),angle,0.46960264320014916,+,0.03790269374628394,0.5903375570711772
47,1497.0899122797578,,,C-H bending,tau(C2-C3-C4-H17),dihedral,0.4467215135670842,+,0.19776750720185474,0.020627045333551117
47,1497.0899122797578,,,C-H bending,delta(C1-C2-H14),angle,0.4069241215365586,-,-0.044697556876808466,0.36783741091385147
47,1497.0899122797578,,,C-H bending,tau(H11-C1-C2-C3),dihedral,0.289473513774632,-,-0.05489204804556448,0.173500206926061
47,1497.0899122797578,,,C-H bending,"gamma(N5;C3,C4,H15)",oop,0.2785012990057518,-,-0.03439429283002702,0.42517183750888987
47,1497.0899122797578,,,C-H bending,delta(C3-C4-H18),angle,0.2616134341696642,+,0.03905575684127028,0.30974190085035774
47,1497.0899122797578,,,C-H bending,delta(C3-C2-H13),angle,0.18976547702799024,-,-0.020330938813041398,0.8291104208312534
47,1497.0899122797578,,,C-H bending,tau(H20-C6-C7-C8),dihedral,0.1579237566181569,+,0.027790185377754743,0.36929600751604197
47,1497.0899122797578,,,C-H bending,delta(C7-C6-H20),angle,0.14559054743953673,+,0.0354385716409987,0.20935859466531728
47,1497.0899122797578,,,C-H bending,delta(C4-C3-H15),angle,0.12215441805342815,-,-0.024238514716216197,0.3754976345746755
47,1497.0899122797578,,,C-H bending,delta(N5-C6-H19),angle,0.11444373607435858,+,0.030680638594746165,0.21957013616155804
47,1497.0899122797578,,,C-H bending,"gamma(N5;C6,C7,H20)",oop,0.08442015864719092,-,-0.010720983566075178,1.3264379453481014
47,1497.0899122797578,,,C-H bending,nu(C2-C3),bond,0.07745373349689932,-,-0.02280319273484072,0.2690054474963341
47,1497.0899122797578,,,C-H bending,nu(C4-H17),bond,0.06965170996059626,+,0.019319388293073465,0.33701953429854553
47,1497.0899122797578,,,C-H bending,delta(C2-C1-H10),angle,0.06906564730258134,+,0.023867951167997056,0.21894843186002957
47,1497.0899122797578,,,C-H bending,nu(N5-C6),bond,0.04864801410859267,-,-0.012037297694219042,0.6063412962020981
47,1497.0899122797578,,,C-H bending,nu(C4-H16),bond,0.03275070336983897,-,-0.013248624113689078,0.33696834756275934
47,1497.0899122797578,,,C-H bending,nu(C1-C2),bond,0.027284603200952294,+,0.013328328127339696,0.27738075382051663
47,1497.0899122797578,,,C-H bending,delta(C3-N5-C7),angle,0.025917796367469208,+,0.012362753062545003,0.3062511428123691
47,1497.0899122797578,,,C-H bending,nu(C6-C7),bond,0.02422482828248624,-,-0.011923433506797925,0.30772875007652795
47,1497.0899122797578,,,C-H bending,delta(C2-C3-C4),angle,0.021999206126931913,-,-0.00828546333646525,0.578739924160285
47,1497.0899122797578,,,C-H bending,"gamma(C7;C6,N5,H19)",oop,0.01649993723296128,-,-0.0072688273278141155,0.5639798938871293
47,1497.0899122797578,,,C-H bending,nu(C3-C4),bond,0.012559800299388144,-,-0.009048920349099935,0.2770124173076562
47,1497.0899122797578,,,C-H bending,delta(C1-C2-C3),angle,0.010224356358628471,-,-0.005435038428853988,0.6250874412298897
47,1497.0899122797578,,,C-H bending,delta(C3-N5-C6),angle,0.008309550832027383,+,0.005822930385843392,0.4425928427372072
47,1497.0899122797578,,,C-H bending,nu(C2-H13),bond,0.007753401911505783,-,-0.006536482296829505,0.3277284562397979
47,1497.0899122797578,,,C-H bending,delta(C2-C1-H12),angle,0.007329194283742203,-,-0.007742040318687983,0.22082864654339243
47,1497.0899122797578,,,C-H bending,nu(C3-H15),bond,0.004111680670233971,-,-0.0049105583979909195,0.3079410963954522
47,1497.0899122797578,,,C-H bending,delta(N5-C7-H21),angle,0.003459723328645062,+,0.005182848867724037,0.23260246557067013
47,1497.0899122797578,,,C-H bending,nu(C2-H14),bond,0.0030975104385941644,-,-0.004118944011127816,0.3297243609541089
47,1497.0899122797578,,,C-H bending,delta(H16-C4-H17),angle,0.0028059982692374753,-,-0.004294697527903728,0.27474656297601174
47,1497.0899122797578,,,C-H bending,nu(C4-H18),bond,0.002173116297358246,+,0.003409856788803315,0.3375364853619774
47,1497.0899122797578,,,C-H bending,nu(C1-H10),bond,0.0019214275693799415,+,0.0032019912727301388,0.3384494119949666
47,1497.0899122797578,,,C-H bending,tau(C1-C2-C3-C4),dihedral,0.0018941021732073696,+,0.0031188395730778378,0.3516635565620462
47,1497.0899122797578,,,C-H bending,tau(C3-N5-C7-H21),dihedral,0.0016753051490980004,-,-0.0045366254234497135,0.14700703306904594
47,1497.0899122797578,,,C-H bending,tau(C4-C3-N5-C6),dihedral,0.0015685152704853964,-,-0.006557125268931683,0.06588276594613837
47,1497.0899122797578,,,C-H bending,nu(C7-C8),bond,0.0013684068006891306,+,0.002941878982164426,0.28554571717231075
47,1497.0899122797578,,,C-H bending,nu(C8-O9),bond,0.0011576009789785301,-,-0.0015827592126328937,0.8345247457215548
47,1497.0899122797578,,,C-H bending,nu(C6-H19),bond,0.0010969345082320367,+,0.0023802174670338903,0.3496692621462572
47,1497.0899122797578,,,C-H bending,nu(C6-H20),bond,0.000806944995223789,+,0.0020684184404269616,0.34062550565283833
47,1497.0899122797578,,,C-H bending,nu(C3-N5),bond,0.0007337575578404736,+,0.0021697403252660405,0.28147971351032797
47,1497.0899122797578,,,C-H bending,"gamma(O9;C8,C7,H22)",oop,0.0006927911028951619,-,-0.003313481163679003,0.1139576076428222
47,1497.0899122797578,,,C-H bending,"gamma(N5;C7,C6,C8)",oop,0.0006359952563638314,+,0.0007483925243233717,2.0507136816458287
47,1497.0899122797578,,,C-H bending,nu(C1-H12),bond,0.0005291447336671865,-,-0.0016991079945439683,0.3310110907707208
47,1497.0899122797578,,,C-H bending,delta(O9-C8-H22),angle,0.0002903952617402263,-,-0.0013226081898036108,0.2998038078133957
47,1497.0899122797578,,,C-H bending,delta(C2-C1-H11),angle,0.00018370867167829259,-,-0.0012290311728836115,0.21964124363029877
47,1497.0899122797578,,,C-H bending,delta(C7-C8-O9),angle,0.00017069986160790572,+,0.0009229290087885441,0.361915021923592
47,1497.0899122797578,,,C-H bending,tau(C6-C7-C8-O9),dihedral,0.00014597264877537792,-,-0.003164167736229801,0.02633070738300783
47,1497.0899122797578,,,C-H bending,nu(C7-H21),bond,6.593383380205445e-05,+,0.0005827668868849484,0.3506134958372735
47,1497.0899122797578,,,C-H bending,nu(C8-H22),bond,3.5416503351910494e-05,-,-0.00046201412415425855,0.2996437407786608
47,1497.0899122797578,,,C-H bending,nu(C1-H11),bond,3.216474020595091e-05,-,-0.00041620833828979857,0.3353270039257434
47,1497.0899122797578,,,C-H bending,delta(C6-C7-C8),angle,3.3037987190765554e-06,-,-0.0001504535209774165,0.2635839141319724
48,1503.6266473089327,,,mixed C-C torsion / C-H bending,tau(H12-C1-C2-H14),dihedral,29.51278996920984,-,-0.3559819674602026,0.17202474146598562
48,1503.6266473089327,,,mixed C-C torsion / C-H bending,tau(H11-C1-C2-C3),dihedral,22.118607876287264,+,0.3068649020967652,0.173500206926061
48,1503.6266473089327,,,mixed C-C torsion / C-H bending,delta(H16-C4-H17),angle,19.00267305565885,-,-0.22602659177210355,0.27474656297601174
48,1503.6266473089327,,,mixed C-C torsion / C-H bending,delta(H16-C4-H18),angle,9.955752017643821,+,0.16604073205204573,0.2667358784486755
48,1503.6266473089327,,,mixed C-C torsion / C-H bending,delta(C2-C1-H10),angle,7.864864950086119,-,-0.16288948028114397,0.21894843186002957
48,1503.6266473089327,,,mixed C-C torsion / C-H bending,delta(C2-C1-H11),angle,2.311200579220363,+,0.08816174835009609,0.21964124363029877
48,1503.6266473089327,,,mixed C-C torsion / C-H bending,delta(C2-C3-H15),angle,1.234849367875365,+,0.03930747142210972,0.5903375570711772
48,1503.6266473089327,,,mixed C-C torsion / C-H bending,delta(C2-C1-H12),angle,1.1174914207996733,+,0.06113820950823552,0.22082864654339243
48,1503.6266473089327,,,mixed C-C torsion / C-H bending,delta(C3-C4-H18),angle,0.9673274389119731,-,-0.04802917161996093,0.30974190085035774
48,1503.6266473089327,,,mixed C-C torsion / C-H bending,delta(C1-C2-H13),angle,0.8881968372307378,-,-0.023804835664182556,1.157751871494402
48,1503.6266473089327,,,mixed C-C torsion / C-H bending,delta(H13-C2-H14),angle,0.7777498813172788,-,-0.03345452335466583,0.5132948477004958
48,1503.6266473089327,,,mixed C-C torsion / C-H bending,delta(C3-C2-H13),angle,0.7634291591935962,+,0.026079334660017266,0.8291104208312534
48,1503.6266473089327,,,mixed C-C torsion / C-H bending,"gamma(N5;C3,C4,H15)",oop,0.6783387383558825,-,-0.034328860432175784,0.42517183750888987
48,1503.6266473089327,,,mixed C-C torsion / C-H bending,nu(C2-C3),bond,0.5194885754249604,-,-0.03776815636557891,0.2690054474963341
48,1503.6266473089327,,,mixed C-C torsion / C-H bending,tau(C2-C3-C4-H17),dihedral,0.261173780592539,-,-0.0967084891899964,0.020627045333551117
48,1503.6266473089327,,,mixed C-C torsion / C-H bending,tau(H10-C1-C2-H13),dihedral,0.24985676305290827,+,0.03250961761266407,0.1746240399816733
48,1503.6266473089327,,,mixed C-C torsion / C-H bending,tau(H20-C6-C7-C8),dihedral,0.229547986062676,+,0.021427315264672207,0.36929600751604197
48,1503.6266473089327,,,mixed C-C torsion / C-H bending,delta(C3-C4-H16),angle,0.185113524901617,+,0.020991574147900958,0.31030214713203214
48,1503.6266473089327,,,mixed C-C torsion / C-H bending,nu(C1-H10),bond,0.18118372889610757,-,-0.01988524916619151,0.3384494119949666
48,1503.6266473089327,,,mixed C-C torsion / C-H bending,"gamma(N5;C6,C7,H20)",oop,0.15006550836060775,-,-0.009141454366375206,1.3264379453481014
48,1503.6266473089327,,,mixed C-C torsion / C-H bending,delta(H17-C4-H18),angle,0.13125772032775684,+,0.018734047837543975,0.27624743369002036
48,1503.6266473089327,,,mixed C-C torsion / C-H bending,delta(N5-C6-H19),angle,0.12473062531466063,+,0.020484163638626755,0.21957013616155804
48,1503.6266473089327,,,mixed C-C torsion / C-H bending,delta(C7-C6-H20),angle,0.11101340847326559,+,0.019790676675812562,0.20935859466531728
48,1503.6266473089327,,,mixed C-C torsion / C-H bending,tau(H13-C2-C3-N5),dihedral,0.09408995812090729,+,0.013978483132324212,0.35568031212637796
48,1503.6266473089327,,,mixed C-C torsion / C-H bending,nu(N5-C6),bond,0.09104606604975585,-,-0.010531502644315422,0.6063412962020981
48,1503.6266473089327,,,mixed C-C torsion / C-H bending,nu(C3-N5),bond,0.08706146677064498,+,0.015114986444282354,0.28147971351032797
48,1503.6266473089327,,,mixed C-C torsion / C-H bending,delta(C1-C2-H14),angle,0.06297186681576893,-,-0.011245108701844718,0.36783741091385147
48,1503.6266473089327,,,mixed C-C torsion / C-H bending,delta(C4-C3-H15),angle,0.053893608381075424,-,-0.010296351274061592,0.3754976345746755
48,1503.6266473089327,,,mixed C-C torsion / C-H bending,nu(C1-C2),bond,0.04335432135437636,+,0.01074475102356131,0.27738075382051663
48,1503.6266473089327,,,mixed C-C torsion / C-H bending,nu(C1-H12),bond,0.03985349967492266,+,0.009430403640481099,0.3310110907707208
48,1503.6266473089327,,,mixed C-C torsion / C-H bending,nu(C1-H11),bond,0.039083705545662116,+,0.009278588712224346,0.3353270039257434
48,1503.6266473089327,,,mixed C-C torsion / C-H bending,nu(C6-C7),bond,0.030024365030889965,-,-0.008489286717124608,0.30772875007652795
48,1503.6266473089327,,,mixed C-C torsion / C-H bending,"gamma(C7;C6,N5,H19)",oop,0.027170528907142426,-,-0.005965344892245885,0.5639798938871293
48,1503.6266473089327,,,mixed C-C torsion / C-H bending,tau(C1-C2-C3-C4),dihedral,0.02296882324386572,+,0.006945827816345044,0.3516635565620462
48,1503.6266473089327,,,mixed C-C torsion / C-H bending,nu(C4-H17),bond,0.022142540430144807,+,0.006966337458831552,0.33701953429854553
48,1503.6266473089327,,,mixed C-C torsion / C-H bending,nu(C4-H18),bond,0.014709958187046884,-,-0.005673664870531713,0.3375364853619774
48,1503.6266473089327,,,mixed C-C torsion / C-H bending,delta(C3-N5-C7),angle,0.011577406393986783,+,0.005284271249631467,0.3062511428123691
48,1503.6266473089327,,,mixed C-C torsion / C-H bending,nu(C3-H15),bond,0.0059287036540192,-,-0.0037710680361326835,0.3079410963954522
48,1503.6266473089327,,,mixed C-C torsion / C-H bending,"gamma(N5;C7,C6,C8)",oop,0.004411471089791858,+,0.001260542598275651,2.0507136816458287
48,1503.6266473089327,,,mixed C-C torsion / C-H bending,delta(C2-C3-C4),angle,0.0034892454450579954,+,0.0021102910689447998,0.578739924160285
48,1503.6266473089327,,,mixed C-C torsion / C-H bending,nu(C4-H16),bond,0.0019445885430032662,+,0.002064608112936857,0.33696834756275934
48,1503.6266473089327,,,mixed C-C torsion / C-H bending,nu(C6-H19),bond,0.0018744014840398743,+,0.001989852584611446,0.3496692621462572
48,1503.6266473089327,,,mixed C-C torsion / C-H bending,nu(C2-H13),bond,0.0017793524911136306,-,-0.0020025909148310094,0.3277284562397979
48,1503.6266473089327,,,mixed C-C torsion / C-H bending,delta(N5-C7-H21),angle,0.0009522526905799868,+,0.0017389506994754489,0.23260246557067013
48,1503.6266473089327,,,mixed C-C torsion / C-H bending,delta(C7-C8-O9),angle,0.0007809701231803513,+,0.0012625024437657275,0.361915021923592
48,1503.6266473089327,,,mixed C-C torsion / C-H bending,delta(C6-C7-C8),angle,0.00047775114742162385,+,0.0011570702845239262,0.2635839141319724
48,1503.6266473089327,,,mixed C-C torsion / C-H bending,tau(C3-N5-C7-H21),dihedral,0.0003899789423617076,+,0.0013998124266680508,0.14700703306904594
48,1503.6266473089327,,,mixed C-C torsion / C-H bending,nu(C6-H20),bond,0.0003335804667341524,+,0.0008505112179617303,0.34062550565283833
48,1503.6266473089327,,,mixed C-C torsion / C-H bending,nu(C8-H22),bond,0.00023616688869922597,-,-0.000763001200608666,0.2996437407786608
48,1503.6266473089327,,,mixed C-C torsion / C-H bending,nu(C2-H14),bond,0.00017896854818537643,+,0.0006331857935593654,0.3297243609541089
48,1503.6266473089327,,,mixed C-C torsion / C-H bending,nu(C7-C8),bond,0.00016000407313347312,+,0.0006433480903875059,0.28554571717231075
48,1503.6266473089327,,,mixed C-C torsion / C-H bending,delta(C1-C2-C3),angle,0.00010589810477848539,+,0.00035374640053310527,0.6250874412298897
48,1503.6266473089327,,,mixed C-C torsion / C-H bending,tau(C6-C7-C8-O9),dihedral,8.56596209970669e-05,-,-0.001550155027844119,0.02633070738300783
48,1503.6266473089327,,,mixed C-C torsion / C-H bending,delta(C3-N5-C6),angle,6.678137337011877e-05,-,-0.00033384417437204217,0.4425928427372072
48,1503.6266473089327,,,mixed C-C torsion / C-H bending,nu(C3-C4),bond,5.396783267951633e-05,-,-0.00037934659698869147,0.2770124173076562
48,1503.6266473089327,,,mixed C-C torsion / C-H bending,delta(O9-C8-H22),angle,5.305227007323908e-05,+,0.000361536155902476,0.2998038078133957
48,1503.6266473089327,,,mixed C-C torsion / C-H bending,nu(C7-H21),bond,2.4273078466975728e-05,+,0.00022613429830666806,0.3506134958372735
48,1503.6266473089327,,,mixed C-C torsion / C-H bending,"gamma(O9;C8,C7,H22)",oop,2.1419115859365568e-05,-,-0.0003726039295055774,0.1139576076428222
48,1503.6266473089327,,,mixed C-C torsion / C-H bending,nu(C8-O9),bond,4.725628845010338e-07,+,2.0451657787824306e-05,0.8345247457215548
48,1503.6266473089327,,,mixed C-C torsion / C-H bending,tau(C4-C3-N5-C6),dihedral,1.2349507661174061e-08,-,-1.1766769128277969e-05,0.06588276594613837
49,1504.543954270612,,,C-H bending,delta(H16-C4-H17),angle,52.21991376675377,+,0.5719895780026737,0.27474656297601174
49,1504.543954270612,,,C-H bending,delta(H17-C4-H18),angle,15.934997150611233,-,-0.31511062252582955,0.27624743369002036
49,1504.543954270612,,,C-H bending,delta(H16-C4-H18),angle,8.041778775161575,-,-0.22780933559439356,0.2667358784486755
49,1504.543954270612,,,C-H bending,delta(H13-C2-H14),angle,5.493375080692189,-,-0.1357289060481137,0.5132948477004958
49,1504.543954270612,,,C-H bending,delta(C3-C4-H18),angle,4.205156336565314,+,0.15287176093226515,0.30974190085035774
49,1504.543954270612,,,C-H bending,tau(H12-C1-C2-H14),dihedral,2.760703090197722,-,-0.16620748137769212,0.17202474146598562
49,1504.543954270612,,,C-H bending,delta(C3-C4-H16),angle,2.1560387212828975,-,-0.10936341484028407,0.31030214713203214
49,1504.543954270612,,,C-H bending,delta(C3-C2-H13),angle,2.0681450608818994,+,0.06552703035267403,0.8291104208312534
49,1504.543954270612,,,C-H bending,tau(C2-C3-C4-H17),dihedral,1.2594335518996447,+,0.32419423866355446,0.020627045333551117
49,1504.543954270612,,,C-H bending,tau(H11-C1-C2-C3),dihedral,0.8716515987918996,+,0.09299458093561833,0.173500206926061
49,1504.543954270612,,,C-H bending,tau(H10-C1-C2-H13),dihedral,0.7478666657887836,+,0.08586106023896624,0.1746240399816733
49,1504.543954270612,,,C-H bending,delta(C2-C1-H10),angle,0.5470303259457271,-,-0.06557993120474394,0.21894843186002957
49,1504.543954270612,,,C-H bending,delta(C1-C2-H14),angle,0.49695438540241177,+,0.048224361905294784,0.36783741091385147
49,1504.543954270612,,,C-H bending,tau(H13-C2-C3-N5),dihedral,0.4663576614361509,-,-0.047507898439792175,0.35568031212637796
49,1504.543954270612,,,C-H bending,delta(C2-C3-H15),angle,0.36487097301203225,-,-0.03261787208274512,0.5903375570711772
49,1504.543954270612,,,C-H bending,"gamma(N5;C3,C4,H15)",oop,0.35151487762817063,+,0.0377246991619723,0.42517183750888987
49,1504.543954270612,,,C-H bending,nu(C3-N5),bond,0.30570671555477114,-,-0.04323795190251249,0.28147971351032797
49,1504.543954270612,,,C-H bending,delta(C7-C6-H20),angle,0.2775379381249932,-,-0.04776963866586128,0.20935859466531728
49,1504.543954270612,,,C-H bending,tau(H20-C6-C7-C8),dihedral,0.25556931620931195,-,-0.03451463014859844,0.36929600751604197
49,1504.543954270612,,,C-H bending,"gamma(N5;C6,C7,H20)",oop,0.22703240456029242,+,0.017164716330401522,1.3264379453481014
49,1504.543954270612,,,C-H bending,nu(N5-C6),bond,0.1794405246460871,+,0.02257032776722711,0.6063412962020981
49,1504.543954270612,,,C-H bending,delta(N5-C6-H19),angle,0.16210787220953585,-,-0.0356493480365484,0.21957013616155804
49,1504.543954270612,,,C-H bending,delta(C4-C3-H15),angle,0.10000791653774493,-,-0.021411631566052598,0.3754976345746755
49,1504.543954270612,,,C-H bending,nu(C6-C7),bond,0.09247393133406019,+,0.022743735646258492,0.30772875007652795
49,1504.543954270612,,,C-H bending,delta(C2-C1-H11),angle,0.0886088363641951,+,0.02635225257205569,0.21964124363029877
49,1504.543954270612,,,C-H bending,delta(C2-C1-H12),angle,0.07102442836365458,+,0.023529480729393,0.22082864654339243
49,1504.543954270612,,,C-H bending,nu(C4-H18),bond,0.05308678508566668,+,0.01645390651379938,0.3375364853619774
49,1504.543954270612,,,C-H bending,"gamma(C7;C6,N5,H19)",oop,0.05292112447212468,+,0.012709219947404659,0.5639798938871293
49,1504.543954270612,,,C-H bending,nu(C4-H16),bond,0.02311110153761801,-,-0.010865555723381133,0.33696834756275934
49,1504.543954270612,,,C-H bending,nu(C3-C4),bond,0.01650643578064551,+,0.010127755527680705,0.2770124173076562
49,1504.543954270612,,,C-H bending,delta(C1-C2-H13),angle,0.01569113804144085,+,0.004830094751965877,1.157751871494402
49,1504.543954270612,,,C-H bending,nu(C4-H17),bond,0.015399603769620131,-,-0.008868770382963695,0.33701953429854553
49,1504.543954270612,,,C-H bending,tau(C1-C2-C3-C4),dihedral,0.01271132275555901,+,0.007888017505272373,0.3516635565620462
49,1504.543954270612,,,C-H bending,nu(C1-H10),bond,0.01056169789052067,-,-0.0073291930831503385,0.3384494119949666
49,1504.543954270612,,,C-H bending,nu(C2-H14),bond,0.0070370678140281384,+,0.00606117083994606,0.3297243609541089
49,1504.543954270612,,,C-H bending,"gamma(N5;C7,C6,C8)",oop,0.006914156698982176,-,-0.0024090913553359594,2.0507136816458287
49,1504.543954270612,,,C-H bending,nu(C7-C8),bond,0.006865536964573686,-,-0.006433326666610161,0.28554571717231075
49,1504.543954270612,,,C-H bending,nu(C1-C2),bond,0.005057121381155422,-,-0.005602085096147709,0.27738075382051663
49,1504.543954270612,,,C-H bending,delta(O9-C8-H22),angle,0.003959774873875331,-,-0.004768182288561546,0.2998038078133957
49,1504.543954270612,,,C-H bending,nu(C2-C3),bond,0.003131408260506132,+,0.004476364921165076,0.2690054474963341
49,1504.543954270612,,,C-H bending,nu(C8-O9),bond,0.002513165531972838,-,-0.0022768116896568855,0.8345247457215548
49,1504.543954270612,,,C-H bending,tau(C3-N5-C7-H21),dihedral,0.0024120312327283173,+,0.005314453138497641,0.14700703306904594
49,1504.543954270612,,,C-H bending,delta(C3-N5-C6),angle,0.0022877414484496787,+,0.0029828914666627754,0.4425928427372072
49,1504.543954270612,,,C-H bending,delta(C1-C2-C3),angle,0.0022227273558320555,+,0.002474052351862552,0.6250874412298897
49,1504.543954270612,,,C-H bending,nu(C6-H20),bond,0.002094823435398377,-,-0.0032536535289729475,0.34062550565283833
49,1504.543954270612,,,C-H bending,nu(C1-H12),bond,0.0020941634419090263,+,0.0033000474837185964,0.3310110907707208
49,1504.543954270612,,,C-H bending,nu(C1-H11),bond,0.001646004313478474,+,0.002906815015125156,0.3353270039257434
49,1504.543954270612,,,C-H bending,delta(N5-C7-H21),angle,0.001389877194539421,-,-0.0032071349325948195,0.23260246557067013
49,1504.543954270612,,,C-H bending,delta(C2-C3-C4),angle,0.0013625375592011657,+,0.0020131155084391634,0.578739924160285
49,1504.543954270612,,,C-H bending,nu(C6-H19),bond,0.0013213237516978944,-,-0.0025504221237511093,0.3496692621462572
49,1504.543954270612,,,C-H bending,delta(C7-C8-O9),angle,0.0011496297917880244,-,-0.002338362699388741,0.361915021923592
49,1504.543954270612,,,C-H bending,delta(C3-N5-C7),angle,0.000534242346951492,-,-0.001732871944569235,0.3062511428123691
49,1504.543954270612,,,C-H bending,delta(C6-C7-C8),angle,0.00018006624390663541,-,-0.0010844084074783504,0.2635839141319724
49,1504.543954270612,,,C-H bending,nu(C8-H22),bond,0.0001568148901375668,+,0.0009491333173255788,0.2996437407786608
49,1504.543954270612,,,C-H bending,nu(C7-H21),bond,0.00015268104535525796,-,-0.0008657937025269382,0.3506134958372735
49,1504.543954270612,,,C-H bending,nu(C3-H15),bond,7.632137278344124e-05,-,-0.0006531688059680597,0.3079410963954522
49,1504.543954270612,,,C-H bending,nu(C2-H13),bond,7.07220635407495e-05,+,0.0006094759326665207,0.3277284562397979
49,1504.543954270612,,,C-H bending,"gamma(O9;C8,C7,H22)",oop,3.21560365157132e-05,-,-0.000696940607531717,0.1139576076428222
49,1504.543954270612,,,C-H bending,tau(C4-C3-N5-C6),dihedral,3.195359235187765e-05,-,-0.0009137136396559169,0.06588276594613837
49,1504.543954270612,,,C-H bending,tau(C6-C7-C8-O9),dihedral,1.8836069085361655e-05,+,0.0011096858510904386,0.02633070738300783
50,1508.8962573711126,,,mixed ring-site C-H in-plane bending / ring-site C-H out-of-plane bending / cyclic-ring out-of-plane deformation,tau(H20-C6-C7-C8),dihedral,18.476094271617406,-,-0.2206027518567985,0.36929600751604197
50,1508.8962573711126,,,mixed ring-site C-H in-plane bending / ring-site C-H out-of-plane bending / cyclic-ring out-of-plane deformation,delta(C7-C6-H20),angle,14.244353410294263,-,-0.2572581368702047,0.20935859466531728
50,1508.8962573711126,,,mixed ring-site C-H in-plane bending / ring-site C-H out-of-plane bending / cyclic-ring out-of-plane deformation,delta(N5-C6-H19),angle,13.681633689319598,-,-0.2461928811217152,0.21957013616155804
50,1508.8962573711126,,,mixed ring-site C-H in-plane bending / ring-site C-H out-of-plane bending / cyclic-ring out-of-plane deformation,"gamma(N5;C6,C7,H20)",oop,12.42413676252509,+,0.09545150716081648,1.3264379453481014
50,1508.8962573711126,,,mixed ring-site C-H in-plane bending / ring-site C-H out-of-plane bending / cyclic-ring out-of-plane deformation,tau(H10-C1-C2-H13),dihedral,10.115427689354824,-,-0.23737405909673723,0.1746240399816733
50,1508.8962573711126,,,mixed ring-site C-H in-plane bending / ring-site C-H out-of-plane bending / cyclic-ring out-of-plane deformation,nu(N5-C6),bond,5.286815581415226,+,0.09209406730480064,0.6063412962020981
50,1508.8962573711126,,,mixed ring-site C-H in-plane bending / ring-site C-H out-of-plane bending / cyclic-ring out-of-plane deformation,delta(H13-C2-H14),angle,5.170107435573803,+,0.09898274159333455,0.5132948477004958
50,1508.8962573711126,,,mixed ring-site C-H in-plane bending / ring-site C-H out-of-plane bending / cyclic-ring out-of-plane deformation,nu(C6-C7),bond,3.0572812337721254,+,0.09830527127643855,0.30772875007652795
50,1508.8962573711126,,,mixed ring-site C-H in-plane bending / ring-site C-H out-of-plane bending / cyclic-ring out-of-plane deformation,"gamma(C7;C6,N5,H19)",oop,2.7402008788480092,+,0.06874680782509486,0.5639798938871293
50,1508.8962573711126,,,mixed ring-site C-H in-plane bending / ring-site C-H out-of-plane bending / cyclic-ring out-of-plane deformation,tau(H12-C1-C2-H14),dihedral,2.403872232531678,+,0.11658787339077949,0.17202474146598562
50,1508.8962573711126,,,mixed ring-site C-H in-plane bending / ring-site C-H out-of-plane bending / cyclic-ring out-of-plane deformation,delta(C3-C2-H13),angle,1.9423235617764407,-,-0.047736189573133636,0.8291104208312534
50,1508.8962573711126,,,mixed ring-site C-H in-plane bending / ring-site C-H out-of-plane bending / cyclic-ring out-of-plane deformation,tau(H11-C1-C2-C3),dihedral,1.8953564999060242,+,0.10308336881568378,0.173500206926061
50,1508.8962573711126,,,mixed ring-site C-H in-plane bending / ring-site C-H out-of-plane bending / cyclic-ring out-of-plane deformation,delta(H16-C4-H17),angle,1.6625509087016341,-,-0.07672104141865431,0.27474656297601174
50,1508.8962573711126,,,mixed ring-site C-H in-plane bending / ring-site C-H out-of-plane bending / cyclic-ring out-of-plane deformation,delta(H16-C4-H18),angle,1.4007011117456796,+,0.07147022769064226,0.2667358784486755
50,1508.8962573711126,,,mixed ring-site C-H in-plane bending / ring-site C-H out-of-plane bending / cyclic-ring out-of-plane deformation,delta(C2-C1-H12),angle,1.179423926919798,+,0.07207761518652303,0.22082864654339243
50,1508.8962573711126,,,mixed ring-site C-H in-plane bending / ring-site C-H out-of-plane bending / cyclic-ring out-of-plane deformation,delta(C2-C1-H11),angle,0.9359101124263003,-,-0.06438034060708817,0.21964124363029877
50,1508.8962573711126,,,mixed ring-site C-H in-plane bending / ring-site C-H out-of-plane bending / cyclic-ring out-of-plane deformation,tau(H13-C2-C3-N5),dihedral,0.7549713103927098,+,0.04543896788093527,0.35568031212637796
50,1508.8962573711126,,,mixed ring-site C-H in-plane bending / ring-site C-H out-of-plane bending / cyclic-ring out-of-plane deformation,delta(C2-C3-H15),angle,0.5877626363128984,+,0.031120310942695382,0.5903375570711772
50,1508.8962573711126,,,mixed ring-site C-H in-plane bending / ring-site C-H out-of-plane bending / cyclic-ring out-of-plane deformation,"gamma(N5;C3,C4,H15)",oop,0.5787133453253948,-,-0.036386698383709025,0.42517183750888987
50,1508.8962573711126,,,mixed ring-site C-H in-plane bending / ring-site C-H out-of-plane bending / cyclic-ring out-of-plane deformation,"gamma(N5;C7,C6,C8)",oop,0.21578377050529596,-,-0.010116959732798067,2.0507136816458287
50,1508.8962573711126,,,mixed ring-site C-H in-plane bending / ring-site C-H out-of-plane bending / cyclic-ring out-of-plane deformation,delta(N5-C7-H21),angle,0.20017876586248845,-,-0.02893310172022238,0.23260246557067013
50,1508.8962573711126,,,mixed ring-site C-H in-plane bending / ring-site C-H out-of-plane bending / cyclic-ring out-of-plane deformation,delta(C4-C3-H15),angle,0.17805352349369905,+,0.02147656548367897,0.3754976345746755
50,1508.8962573711126,,,mixed ring-site C-H in-plane bending / ring-site C-H out-of-plane bending / cyclic-ring out-of-plane deformation,delta(C3-C4-H18),angle,0.1428809741155887,-,-0.02118265381835599,0.30974190085035774
50,1508.8962573711126,,,mixed ring-site C-H in-plane bending / ring-site C-H out-of-plane bending / cyclic-ring out-of-plane deformation,nu(C7-C8),bond,0.08724753124773749,-,-0.017239786982407856,0.28554571717231075
50,1508.8962573711126,,,mixed ring-site C-H in-plane bending / ring-site C-H out-of-plane bending / cyclic-ring out-of-plane deformation,nu(C6-H19),bond,0.08696983572377018,-,-0.015554238125750009,0.3496692621462572
50,1508.8962573711126,,,mixed ring-site C-H in-plane bending / ring-site C-H out-of-plane bending / cyclic-ring out-of-plane deformation,delta(C1-C2-H13),angle,0.08108682229913383,-,-0.008253925448528786,1.157751871494402
50,1508.8962573711126,,,mixed ring-site C-H in-plane bending / ring-site C-H out-of-plane bending / cyclic-ring out-of-plane deformation,nu(C6-H20),bond,0.07417797894055189,-,-0.014554324818688577,0.34062550565283833
50,1508.8962573711126,,,mixed ring-site C-H in-plane bending / ring-site C-H out-of-plane bending / cyclic-ring out-of-plane deformation,delta(H17-C4-H18),angle,0.055039537138746514,-,-0.013921351770751881,0.27624743369002036
50,1508.8962573711126,,,mixed ring-site C-H in-plane bending / ring-site C-H out-of-plane bending / cyclic-ring out-of-plane deformation,delta(C1-C2-H14),angle,0.05394832522636962,-,-0.01194412066223915,0.36783741091385147
50,1508.8962573711126,,,mixed ring-site C-H in-plane bending / ring-site C-H out-of-plane bending / cyclic-ring out-of-plane deformation,delta(C7-C8-O9),angle,0.05146585478518217,-,-0.011761140481341989,0.361915021923592
50,1508.8962573711126,,,mixed ring-site C-H in-plane bending / ring-site C-H out-of-plane bending / cyclic-ring out-of-plane deformation,nu(C3-C4),bond,0.03540478466493838,-,-0.011149990753662097,0.2770124173076562
50,1508.8962573711126,,,mixed ring-site C-H in-plane bending / ring-site C-H out-of-plane bending / cyclic-ring out-of-plane deformation,delta(C3-C4-H16),angle,0.03329508689785123,+,0.010216234032443124,0.31030214713203214
50,1508.8962573711126,,,mixed ring-site C-H in-plane bending / ring-site C-H out-of-plane bending / cyclic-ring out-of-plane deformation,nu(C1-H12),bond,0.028302689472352677,+,0.009119808682167187,0.3310110907707208
50,1508.8962573711126,,,mixed ring-site C-H in-plane bending / ring-site C-H out-of-plane bending / cyclic-ring out-of-plane deformation,nu(C1-H11),bond,0.019866619790137267,-,-0.007591382475279692,0.3353270039257434
50,1508.8962573711126,,,mixed ring-site C-H in-plane bending / ring-site C-H out-of-plane bending / cyclic-ring out-of-plane deformation,nu(C2-C3),bond,0.01965887315494447,+,0.008431249087026953,0.2690054474963341
50,1508.8962573711126,,,mixed ring-site C-H in-plane bending / ring-site C-H out-of-plane bending / cyclic-ring out-of-plane deformation,delta(C6-C7-C8),angle,0.016637611288379272,-,-0.007835724940876702,0.2635839141319724
50,1508.8962573711126,,,mixed ring-site C-H in-plane bending / ring-site C-H out-of-plane bending / cyclic-ring out-of-plane deformation,tau(C3-N5-C7-H21),dihedral,0.014512374757056396,+,0.00979926118251902,0.14700703306904594
50,1508.8962573711126,,,mixed ring-site C-H in-plane bending / ring-site C-H out-of-plane bending / cyclic-ring out-of-plane deformation,tau(C2-C3-C4-H17),dihedral,0.013993261361033071,-,-0.025688225709482163,0.020627045333551117
50,1508.8962573711126,,,mixed ring-site C-H in-plane bending / ring-site C-H out-of-plane bending / cyclic-ring out-of-plane deformation,tau(C4-C3-N5-C6),dihedral,0.007815468119983068,-,-0.010741989738789403,0.06588276594613837
50,1508.8962573711126,,,mixed ring-site C-H in-plane bending / ring-site C-H out-of-plane bending / cyclic-ring out-of-plane deformation,nu(C3-N5),bond,0.006731037260185906,-,-0.004822925954012506,0.28147971351032797
50,1508.8962573711126,,,mixed ring-site C-H in-plane bending / ring-site C-H out-of-plane bending / cyclic-ring out-of-plane deformation,nu(C8-O9),bond,0.005079136353337076,-,-0.0024331477041108227,0.8345247457215548
50,1508.8962573711126,,,mixed ring-site C-H in-plane bending / ring-site C-H out-of-plane bending / cyclic-ring out-of-plane deformation,tau(C1-C2-C3-C4),dihedral,0.004300764774683633,+,0.0034490723944086313,0.3516635565620462
50,1508.8962573711126,,,mixed ring-site C-H in-plane bending / ring-site C-H out-of-plane bending / cyclic-ring out-of-plane deformation,delta(C2-C1-H10),angle,0.004010658718195404,-,-0.004221143160226807,0.21894843186002957
50,1508.8962573711126,,,mixed ring-site C-H in-plane bending / ring-site C-H out-of-plane bending / cyclic-ring out-of-plane deformation,nu(C1-H10),bond,0.003074561108976943,-,-0.00297260928413235,0.3384494119949666
50,1508.8962573711126,,,mixed ring-site C-H in-plane bending / ring-site C-H out-of-plane bending / cyclic-ring out-of-plane deformation,tau(C6-C7-C8-O9),dihedral,0.002894183622718744,+,0.010340104421841594,0.02633070738300783
50,1508.8962573711126,,,mixed ring-site C-H in-plane bending / ring-site C-H out-of-plane bending / cyclic-ring out-of-plane deformation,delta(O9-C8-H22),angle,0.0026298395065902577,-,-0.0029210513894449646,0.2998038078133957
50,1508.8962573711126,,,mixed ring-site C-H in-plane bending / ring-site C-H out-of-plane bending / cyclic-ring out-of-plane deformation,nu(C4-H17),bond,0.0024381608953045744,+,0.0026527528562596578,0.33701953429854553
50,1508.8962573711126,,,mixed ring-site C-H in-plane bending / ring-site C-H out-of-plane bending / cyclic-ring out-of-plane deformation,delta(C3-N5-C6),angle,0.0023411954221519036,+,0.0022683485436198448,0.4425928427372072
50,1508.8962573711126,,,mixed ring-site C-H in-plane bending / ring-site C-H out-of-plane bending / cyclic-ring out-of-plane deformation,"gamma(O9;C8,C7,H22)",oop,0.0022842585919800097,+,0.004415644678951236,0.1139576076428222
50,1508.8962573711126,,,mixed ring-site C-H in-plane bending / ring-site C-H out-of-plane bending / cyclic-ring out-of-plane deformation,delta(C2-C3-C4),angle,0.002005783239288511,+,0.0018360877140370065,0.578739924160285
50,1508.8962573711126,,,mixed ring-site C-H in-plane bending / ring-site C-H out-of-plane bending / cyclic-ring out-of-plane deformation,nu(C3-H15),bond,0.001707234430966918,+,0.0023222335851402777,0.3079410963954522
50,1508.8962573711126,,,mixed ring-site C-H in-plane bending / ring-site C-H out-of-plane bending / cyclic-ring out-of-plane deformation,nu(C2-H13),bond,0.0015476889046942902,-,-0.0021432750364374477,0.3277284562397979
50,1508.8962573711126,,,mixed ring-site C-H in-plane bending / ring-site C-H out-of-plane bending / cyclic-ring out-of-plane deformation,nu(C8-H22),bond,0.0014555759253342697,+,0.0021737418863959014,0.2996437407786608
50,1508.8962573711126,,,mixed ring-site C-H in-plane bending / ring-site C-H out-of-plane bending / cyclic-ring out-of-plane deformation,delta(C3-N5-C7),angle,0.00107949191346233,-,-0.0018516716817842272,0.3062511428123691
50,1508.8962573711126,,,mixed ring-site C-H in-plane bending / ring-site C-H out-of-plane bending / cyclic-ring out-of-plane deformation,delta(C1-C2-C3),angle,0.0008802767287702577,+,0.0011703947656628415,0.6250874412298897
50,1508.8962573711126,,,mixed ring-site C-H in-plane bending / ring-site C-H out-of-plane bending / cyclic-ring out-of-plane deformation,nu(C2-H14),bond,0.000605932183659218,-,-0.001336994558481744,0.3297243609541089
50,1508.8962573711126,,,mixed ring-site C-H in-plane bending / ring-site C-H out-of-plane bending / cyclic-ring out-of-plane deformation,nu(C4-H18),bond,0.0005888890912007118,-,-0.001302715378029329,0.3375364853619774
50,1508.8962573711126,,,mixed ring-site C-H in-plane bending / ring-site C-H out-of-plane bending / cyclic-ring out-of-plane deformation,nu(C1-C2),bond,0.00030514116050248797,+,0.0010344401816894087,0.27738075382051663
50,1508.8962573711126,,,mixed ring-site C-H in-plane bending / ring-site C-H out-of-plane bending / cyclic-ring out-of-plane deformation,nu(C7-H21),bond,8.313584039467358e-05,-,-0.00048025619787741257,0.3506134958372735
50,1508.8962573711126,,,mixed ring-site C-H in-plane bending / ring-site C-H out-of-plane bending / cyclic-ring out-of-plane deformation,nu(C4-H16),bond,7.667234428713824e-07,+,4.704548651754854e-05,0.33696834756275934
51,1513.8743207880495,,,mixed C-C torsion / C-H bending,tau(H10-C1-C2-H13),dihedral,36.16150053301662,+,0.40144705899421357,0.1746240399816733
51,1513.8743207880495,,,mixed C-C torsion / C-H bending,tau(H12-C1-C2-H14),dihedral,9.174786048389564,-,-0.20373216041056158,0.17202474146598562
51,1513.8743207880495,,,mixed C-C torsion / C-H bending,tau(H11-C1-C2-C3),dihedral,7.863347042665268,-,-0.18780657726165503,0.173500206926061
51,1513.8743207880495,,,mixed C-C torsion / C-H bending,delta(H13-C2-H14),angle,6.593756173656803,-,-0.09998620018335862,0.5132948477004958
51,1513.8743207880495,,,mixed C-C torsion / C-H bending,tau(H20-C6-C7-C8),dihedral,5.817286156014735,-,-0.1107209955841907,0.36929600751604197
51,1513.8743207880495,,,mixed C-C torsion / C-H bending,delta(C2-C1-H12),angle,5.739829542306322,-,-0.14222595774192998,0.22082864654339243
51,1513.8743207880495,,,mixed C-C torsion / C-H bending,delta(C7-C6-H20),angle,4.909899904873747,-,-0.1350977128825059,0.20935859466531728
51,1513.8743207880495,,,mixed C-C torsion / C-H bending,delta(C2-C1-H11),angle,4.630129130868216,+,0.12808453010280538,0.21964124363029877
51,1513.8743207880495,,,mixed C-C torsion / C-H bending,delta(N5-C6-H19),angle,4.47141705763642,-,-0.12589052037383502,0.21957013616155804
51,1513.8743207880495,,,mixed C-C torsion / C-H bending,"gamma(N5;C6,C7,H20)",oop,3.8282563349298195,+,0.047392990221932864,1.3264379453481014
51,1513.8743207880495,,,mixed C-C torsion / C-H bending,delta(C3-C2-H13),angle,2.0334381936749657,+,0.0436884237713114,0.8291104208312534
51,1513.8743207880495,,,mixed C-C torsion / C-H bending,nu(N5-C6),bond,1.86534870478226,+,0.048930371797303994,0.6063412962020981
51,1513.8743207880495,,,mixed C-C torsion / C-H bending,delta(H16-C4-H17),angle,1.5457547058645043,-,-0.06617001441775296,0.27474656297601174
51,1513.8743207880495,,,mixed C-C torsion / C-H bending,nu(C6-C7),bond,1.0086917513169111,+,0.05050708138218041,0.30772875007652795
51,1513.8743207880495,,,mixed C-C torsion / C-H bending,"gamma(C7;C6,N5,H19)",oop,0.96929180139487,+,0.03657232189766182,0.5639798938871293
51,1513.8743207880495,,,mixed C-C torsion / C-H bending,delta(H16-C4-H18),angle,0.8078795068925184,+,0.04855004675013929,0.2667358784486755
51,1513.8743207880495,,,mixed C-C torsion / C-H bending,tau(H13-C2-C3-N5),dihedral,0.799497655541107,-,-0.04182498161627816,0.35568031212637796
51,1513.8743207880495,,,mixed C-C torsion / C-H bending,nu(C2-C3),bond,0.5527001409203961,-,-0.0399872303953972,0.2690054474963341
51,1513.8743207880495,,,mixed C-C torsion / C-H bending,"gamma(N5;C3,C4,H15)",oop,0.18566841705300338,-,-0.018435029931338505,0.42517183750888987
51,1513.8743207880495,,,mixed C-C torsion / C-H bending,nu(C1-H12),bond,0.13016077437522114,-,-0.017493465944321173,0.3310110907707208
51,1513.8743207880495,,,mixed C-C torsion / C-H bending,delta(H17-C4-H18),angle,0.11137651704529143,-,-0.017713515631197812,0.27624743369002036
51,1513.8743207880495,,,mixed C-C torsion / C-H bending,"gamma(N5;C7,C6,C8)",oop,0.09943453652464605,-,-0.006142896345524459,2.0507136816458287
51,1513.8743207880495,,,mixed C-C torsion / C-H bending,nu(C1-H11),bond,0.09748638809220629,+,0.015041626495725716,0.3353270039257434
51,1513.8743207880495,,,mixed C-C torsion / C-H bending,delta(C4-C3-H15),angle,0.08335133880307144,+,0.013143461638092156,0.3754976345746755
51,1513.8743207880495,,,mixed C-C torsion / C-H bending,delta(C1-C2-H14),angle,0.07451000512307551,-,-0.012555569685388113,0.36783741091385147
51,1513.8743207880495,,,mixed C-C torsion / C-H bending,delta(C3-C4-H16),angle,0.0622648334742405,+,0.012496434000540409,0.31030214713203214
51,1513.8743207880495,,,mixed C-C torsion / C-H bending,delta(N5-C7-H21),angle,0.05431608473541239,-,-0.013480752841316881,0.23260246557067013
51,1513.8743207880495,,,mixed C-C torsion / C-H bending,delta(C3-C4-H18),angle,0.05207194450891222,-,-0.0114382344207736,0.30974190085035774
51,1513.8743207880495,,,mixed C-C torsion / C-H bending,delta(C2-C3-C4),angle,0.041043886143451586,+,0.0074291579222420245,0.578739924160285
51,1513.8743207880495,,,mixed C-C torsion / C-H bending,nu(C6-H19),bond,0.03490580956537617,-,-0.008814084376158821,0.3496692621462572
51,1513.8743207880495,,,mixed C-C torsion / C-H bending,nu(C6-H20),bond,0.034795953047280365,-,-0.008916262802491753,0.34062550565283833
51,1513.8743207880495,,,mixed C-C torsion / C-H bending,delta(C7-C8-O9),angle,0.02186015299427668,-,-0.00685615091361192,0.361915021923592
51,1513.8743207880495,,,mixed C-C torsion / C-H bending,nu(C7-C8),bond,0.019121921157278482,-,-0.007219132467299923,0.28554571717231075
51,1513.8743207880495,,,mixed C-C torsion / C-H bending,nu(C1-C2),bond,0.01877125804870578,+,0.007257141693932678,0.27738075382051663
51,1513.8743207880495,,,mixed C-C torsion / C-H bending,delta(C2-C3-H15),angle,0.017588305716389065,+,0.004815250341755778,0.5903375570711772
51,1513.8743207880495,,,mixed C-C torsion / C-H bending,nu(C3-C4),bond,0.014077049603293942,-,-0.0062887347418277,0.2770124173076562
51,1513.8743207880495,,,mixed C-C torsion / C-H bending,tau(C3-N5-C7-H21),dihedral,0.010252209192858606,+,0.007367103105189546,0.14700703306904594
51,1513.8743207880495,,,mixed C-C torsion / C-H bending,delta(C1-C2-C3),angle,0.00909861657168396,+,0.003365691994779498,0.6250874412298897
51,1513.8743207880495,,,mixed C-C torsion / C-H bending,tau(C1-C2-C3-C4),dihedral,0.009059057741372712,-,-0.004477492907531848,0.3516635565620462
51,1513.8743207880495,,,mixed C-C torsion / C-H bending,delta(C1-C2-H13),angle,0.00837055896584883,+,0.0023720648546601835,1.157751871494402
51,1513.8743207880495,,,mixed C-C torsion / C-H bending,delta(C6-C7-C8),angle,0.007670580656283928,-,-0.004758956594969572,0.2635839141319724
51,1513.8743207880495,,,mixed C-C torsion / C-H bending,nu(C1-H10),bond,0.007328108337266363,+,0.004104933570207093,0.3384494119949666
51,1513.8743207880495,,,mixed C-C torsion / C-H bending,tau(C2-C3-C4-H17),dihedral,0.005396168920312201,-,-0.014268598948731273,0.020627045333551117
51,1513.8743207880495,,,mixed C-C torsion / C-H bending,nu(C3-H15),bond,0.004512038380905866,+,0.003376833452345562,0.3079410963954522
51,1513.8743207880495,,,mixed C-C torsion / C-H bending,nu(C2-H13),bond,0.0023994854007042235,+,0.002387036470843334,0.3277284562397979
51,1513.8743207880495,,,mixed C-C torsion / C-H bending,tau(C4-C3-N5-C6),dihedral,0.0023401661422105756,-,-0.005257684342048195,0.06588276594613837
51,1513.8743207880495,,,mixed C-C torsion / C-H bending,nu(C4-H17),bond,0.0017320025177362042,+,0.001999879354934433,0.33701953429854553
51,1513.8743207880495,,,mixed C-C torsion / C-H bending,delta(C3-N5-C7),angle,0.0017036098359659243,+,0.0020806703821255775,0.3062511428123691
51,1513.8743207880495,,,mixed C-C torsion / C-H bending,tau(C6-C7-C8-O9),dihedral,0.0009245477389215024,+,0.005227457152453157,0.02633070738300783
51,1513.8743207880495,,,mixed C-C torsion / C-H bending,nu(C8-H22),bond,0.00088592685266704,+,0.0015168876041259307,0.2996437407786608
51,1513.8743207880495,,,mixed C-C torsion / C-H bending,"gamma(O9;C8,C7,H22)",oop,0.0008013964581759587,+,0.0023394249770990133,0.1139576076428222
51,1513.8743207880495,,,mixed C-C torsion / C-H bending,delta(O9-C8-H22),angle,0.0004992978525739383,-,-0.0011384615081932881,0.2998038078133957
51,1513.8743207880495,,,mixed C-C torsion / C-H bending,nu(C4-H18),bond,0.00044863157363919865,-,-0.0010170484217569044,0.3375364853619774
51,1513.8743207880495,,,mixed C-C torsion / C-H bending,nu(C2-H14),bond,0.0004192245044501979,-,-0.000994729246704707,0.3297243609541089
51,1513.8743207880495,,,mixed C-C torsion / C-H bending,delta(C3-N5-C6),angle,0.0003557691334786527,+,0.000790931758825094,0.4425928427372072
51,1513.8743207880495,,,mixed C-C torsion / C-H bending,nu(C3-N5),bond,0.00014492831743799712,-,-0.0006330093860821896,0.28147971351032797
51,1513.8743207880495,,,mixed C-C torsion / C-H bending,delta(C2-C1-H10),angle,3.333112529821585e-05,+,0.00034420021976100997,0.21894843186002957
51,1513.8743207880495,,,mixed C-C torsion / C-H bending,nu(C4-H16),bond,5.765448703064702e-06,-,-0.00011539289703552893,0.33696834756275934
51,1513.8743207880495,,,mixed C-C torsion / C-H bending,nu(C8-O9),bond,3.0101777310380303e-06,-,-5.2982632687247816e-05,0.8345247457215548
51,1513.8743207880495,,,mixed C-C torsion / C-H bending,nu(C7-H21),bond,7.397624061870591e-09,+,4.052181494031247e-06,0.3506134958372735
52,1778.0133491194565,,,C-O stretching,nu(C8-O9),bond,86.0733542726246,-,-0.374353960236826,0.8345247457215548
52,1778.0133491194565,,,C-O stretching,delta(O9-C8-H22),angle,5.87984500435387,+,0.1632420515934698,0.2998038078133957
52,1778.0133491194565,,,C-O stretching,nu(C7-C8),bond,4.467991535647064,+,0.14580956792720015,0.28554571717231075
52,1778.0133491194565,,,C-O stretching,delta(C7-C8-O9),angle,1.0015794673653124,+,0.06132069650566753,0.361915021923592
52,1778.0133491194565,,,C-O stretching,"gamma(N5;C7,C6,C8)",oop,0.8548341361315702,+,0.023798856554776964,2.0507136816458287
52,1778.0133491194565,,,C-O stretching,delta(C6-C7-C8),angle,0.5395376991469518,+,0.052737449666391635,0.2635839141319724
52,1778.0133491194565,,,C-O stretching,tau(H20-C6-C7-C8),dihedral,0.5157652775332882,-,-0.043561860691335275,0.36929600751604197
52,1778.0133491194565,,,C-O stretching,delta(N5-C7-H21),angle,0.290753914387789,+,0.04121196342431152,0.23260246557067013
52,1778.0133491194565,,,C-O stretching,nu(C8-H22),bond,0.14587216358615349,+,0.025718834552290338,0.2996437407786608
52,1778.0133491194565,,,C-O stretching,tau(C3-N5-C7-H21),dihedral,0.07405205807102022,-,-0.02616177388286489,0.14700703306904594
52,1778.0133491194565,,,C-O stretching,nu(C7-H21),bond,0.03572695284982589,+,0.011766609791101798,0.3506134958372735
52,1778.0133491194565,,,C-O stretching,nu(N5-C6),bond,0.02705726650952528,-,-0.007786657335984299,0.6063412962020981
52,1778.0133491194565,,,C-O stretching,nu(C6-C7),bond,0.022576596399077886,-,-0.009984190887834867,0.30772875007652795
52,1778.0133491194565,,,C-O stretching,"gamma(C7;C6,N5,H19)",oop,0.018160681025265205,+,0.0066145748010014984,0.5639798938871293
52,1778.0133491194565,,,C-O stretching,"gamma(N5;C6,C7,H20)",oop,0.01195748490023873,-,-0.003499807274149064,1.3264379453481014
52,1778.0133491194565,,,C-O stretching,tau(C6-C7-C8-O9),dihedral,0.008880238846451487,+,0.02140665144057298,0.02633070738300783
52,1778.0133491194565,,,C-O stretching,delta(C3-C2-H13),angle,0.006825278542271773,-,-0.003344426689544216,0.8291104208312534
52,1778.0133491194565,,,C-O stretching,delta(C1-C2-H13),angle,0.005088646086275212,+,0.002443774085529053,1.157751871494402
52,1778.0133491194565,,,C-O stretching,delta(C4-C3-H15),angle,0.004472119845992533,+,0.004022729140181619,0.3754976345746755
52,1778.0133491194565,,,C-O stretching,"gamma(O9;C8,C7,H22)",oop,0.003988828996323875,-,-0.006896340956590829,0.1139576076428222
52,1778.0133491194565,,,C-O stretching,nu(C6-H20),bond,0.0022058624056712356,+,0.002966322083031686,0.34062550565283833
52,1778.0133491194565,,,C-O stretching,nu(C3-N5),bond,0.0017655904657088895,+,0.0029193698253053004,0.28147971351032797
52,1778.0133491194565,,,C-O stretching,delta(H17-C4-H18),angle,0.0017322814841296344,+,0.002918957576695217,0.27624743369002036
52,1778.0133491194565,,,C-O stretching,delta(C3-C4-H18),angle,0.000940142496531914,-,-0.002030787773334128,0.30974190085035774
52,1778.0133491194565,,,C-O stretching,delta(H13-C2-H14),angle,0.000935430801755783,-,-0.0015735844603759223,0.5132948477004958
52,1778.0133491194565,,,C-O stretching,delta(C1-C2-H14),angle,0.0005586455595457371,+,0.0014365075222876683,0.36783741091385147
52,1778.0133491194565,,,C-O stretching,delta(N5-C6-H19),angle,0.00044654578592645083,+,0.0016623177397246845,0.21957013616155804
52,1778.0133491194565,,,C-O stretching,delta(C2-C3-C4),angle,0.0004097405453944246,+,0.000980799930932374,0.578739924160285
52,1778.0133491194565,,,C-O stretching,nu(C1-C2),bond,0.0003270021130486484,-,-0.0012656242717466804,0.27738075382051663
52,1778.0133491194565,,,C-O stretching,tau(H12-C1-C2-H14),dihedral,0.0003113652715943178,-,-0.0015682211487041346,0.17202474146598562
52,1778.0133491194565,,,C-O stretching,delta(C2-C3-H15),angle,0.0002617874712172762,-,-0.0007762326383686838,0.5903375570711772
52,1778.0133491194565,,,C-O stretching,nu(C3-C4),bond,0.00024068801939038806,-,-0.0010865389402913773,0.2770124173076562
52,1778.0133491194565,,,C-O stretching,delta(C1-C2-C3),angle,0.00022362022717538834,+,0.0006971927028810183,0.6250874412298897
52,1778.0133491194565,,,C-O stretching,nu(C6-H19),bond,0.00022125130520743493,+,0.0009272180335092674,0.3496692621462572
52,1778.0133491194565,,,C-O stretching,delta(C3-N5-C6),angle,0.00019839988218394738,+,0.0007804340140174907,0.4425928427372072
52,1778.0133491194565,,,C-O stretching,nu(C2-H13),bond,0.00015677524030724494,+,0.0008062121501429859,0.3277284562397979
52,1778.0133491194565,,,C-O stretching,delta(C7-C6-H20),angle,0.000153768678760014,-,-0.0009989786845888053,0.20935859466531728
52,1778.0133491194565,,,C-O stretching,delta(C2-C1-H10),angle,0.00011134195881836131,+,0.0008312395273527041,0.21894843186002957
52,1778.0133491194565,,,C-O stretching,nu(C2-C3),bond,0.00010154390789686439,+,0.0007161666227988758,0.2690054474963341
52,1778.0133491194565,,,C-O stretching,nu(C1-H11),bond,6.338276984994118e-05,+,0.0005067794784832869,0.3353270039257434
52,1778.0133491194565,,,C-O stretching,nu(C2-H14),bond,4.9645351508701855e-05,+,0.00045230506899666224,0.3297243609541089
52,1778.0133491194565,,,C-O stretching,delta(C2-C1-H11),angle,4.1348241771618104e-05,+,0.0005057539158218588,0.21964124363029877
52,1778.0133491194565,,,C-O stretching,tau(C2-C3-C4-H17),dihedral,3.5809474639848646e-05,-,-0.001535847661368808,0.020627045333551117
52,1778.0133491194565,,,C-O stretching,delta(C2-C1-H12),angle,3.196313843583901e-05,+,0.00044347044337736575,0.22082864654339243
52,1778.0133491194565,,,C-O stretching,delta(H16-C4-H18),angle,2.517946757610457e-05,-,-0.0003581378571107383,0.2667358784486755
52,1778.0133491194565,,,C-O stretching,nu(C4-H16),bond,2.131142512749008e-05,+,0.0002931428931182223,0.33696834756275934
52,1778.0133491194565,,,C-O stretching,tau(H13-C2-C3-N5),dihedral,1.9337864899333865e-05,+,0.00027179535177057656,0.35568031212637796
52,1778.0133491194565,,,C-O stretching,"gamma(N5;C3,C4,H15)",oop,1.69768562593727e-05,-,-0.000232923908098629,0.42517183750888987
52,1778.0133491194565,,,C-O stretching,nu(C4-H18),bond,1.3749882108403933e-05,+,0.00023526471838325203,0.3375364853619774
52,1778.0133491194565,,,C-O stretching,nu(C1-H10),bond,1.3151279793995196e-05,-,-0.00022977607378376084,0.3384494119949666
52,1778.0133491194565,,,C-O stretching,delta(C3-C4-H16),angle,1.1784028336789242e-05,+,0.00022715493492190303,0.31030214713203214
52,1778.0133491194565,,,C-O stretching,tau(C4-C3-N5-C6),dihedral,8.012836336798512e-06,-,-0.00040651343356396804,0.06588276594613837
52,1778.0133491194565,,,C-O stretching,delta(C3-N5-C7),angle,7.462503328579718e-06,-,-0.0001819579718589627,0.3062511428123691
52,1778.0133491194565,,,C-O stretching,delta(H16-C4-H17),angle,7.311510216362936e-06,-,-0.00019015383516426954,0.27474656297601174
52,1778.0133491194565,,,C-O stretching,nu(C3-H15),bond,6.41097482186099e-06,-,-0.00016818834121838468,0.3079410963954522
52,1778.0133491194565,,,C-O stretching,nu(C4-H17),bond,3.5856221534033124e-06,+,0.00012023264511309814,0.33701953429854553
52,1778.0133491194565,,,C-O stretching,tau(C1-C2-C3-C4),dihedral,1.6633136987900145e-06,+,8.016615935246572e-05,0.3516635565620462
52,1778.0133491194565,,,C-O stretching,tau(H10-C1-C2-H13),dihedral,3.227413546022976e-07,+,5.011214243999079e-05,0.1746240399816733
52,1778.0133491194565,,,C-O stretching,nu(C1-H12),bond,1.7773793004026534e-07,-,-2.7010738839183543e-05,0.3310110907707208
52,1778.0133491194565,,,C-O stretching,tau(H11-C1-C2-C3),dihedral,6.510682399153366e-09,-,-7.140537990912427e-06,0.173500206926061
53,2898.8658117922328,,,mixed-phase C-H stretching,nu(C8-H22),bond,91.58446754064184,-,-0.9981514829478207,0.2996437407786608
53,2898.8658117922328,,,mixed-phase C-H stretching,nu(C3-H15),bond,7.305415494622344,+,0.2780845007939355,0.3079410963954522
53,2898.8658117922328,,,mixed-phase C-H stretching,delta(C7-C8-O9),angle,0.31497715491372197,-,-0.05326284645189371,0.361915021923592
53,2898.8658117922328,,,mixed-phase C-H stretching,nu(C8-O9),bond,0.24742072312101132,+,0.03108755562687684,0.8345247457215548
53,2898.8658117922328,,,mixed-phase C-H stretching,delta(O9-C8-H22),angle,0.15166834291328402,+,0.04060850933896908,0.2998038078133957
53,2898.8658117922328,,,mixed-phase C-H stretching,nu(C7-C8),bond,0.14697445273396118,+,0.04096106591047419,0.28554571717231075
53,2898.8658117922328,,,mixed-phase C-H stretching,"gamma(N5;C7,C6,C8)",oop,0.04733292083203082,-,-0.008673957442165486,2.0507136816458287
53,2898.8658117922328,,,mixed-phase C-H stretching,tau(H20-C6-C7-C8),dihedral,0.03191854422601598,+,0.016785039996991036,0.36929600751604197
53,2898.8658117922328,,,mixed-phase C-H stretching,delta(C6-C7-C8),angle,0.029676337044719305,-,-0.01915727991949788,0.2635839141319724
53,2898.8658117922328,,,mixed-phase C-H stretching,nu(C7-H21),bond,0.02259902722275318,-,-0.01449501627060171,0.3506134958372735
53,2898.8658117922328,,,mixed-phase C-H stretching,nu(C6-H20),bond,0.018552836440295727,+,0.013324616699321688,0.34062550565283833
53,2898.8658117922328,,,mixed-phase C-H stretching,nu(C2-H14),bond,0.01265009224694728,+,0.01118302968326622,0.3297243609541089
53,2898.8658117922328,,,mixed-phase C-H stretching,delta(C2-C3-C4),angle,0.009708268107836716,+,0.00739464464068773,0.578739924160285
53,2898.8658117922328,,,mixed-phase C-H stretching,delta(C3-N5-C6),angle,0.005867803455328985,+,0.006573909711011854,0.4425928427372072
53,2898.8658117922328,,,mixed-phase C-H stretching,"gamma(N5;C3,C4,H15)",oop,0.00550273566602402,-,-0.006495240398431716,0.42517183750888987
53,2898.8658117922328,,,mixed-phase C-H stretching,delta(C3-C4-H16),angle,0.005251248180341483,-,-0.007427232697363674,0.31030214713203214
53,2898.8658117922328,,,mixed-phase C-H stretching,tau(H13-C2-C3-N5),dihedral,0.005233511022560786,+,0.006925558584292257,0.35568031212637796
53,2898.8658117922328,,,mixed-phase C-H stretching,nu(C3-C4),bond,0.005107018324051396,-,-0.007752151267892101,0.2770124173076562
53,2898.8658117922328,,,mixed-phase C-H stretching,nu(C4-H16),bond,0.004783143162485424,+,0.006802213904949237,0.33696834756275934
53,2898.8658117922328,,,mixed-phase C-H stretching,delta(C2-C3-H15),angle,0.0047012325000613826,-,-0.005094995526701413,0.5903375570711772
53,2898.8658117922328,,,mixed-phase C-H stretching,delta(C4-C3-H15),angle,0.0046084499384386945,-,-0.006325021168007561,0.3754976345746755
53,2898.8658117922328,,,mixed-phase C-H stretching,nu(C2-C3),bond,0.004474853136508374,-,-0.007363715565099655,0.2690054474963341
53,2898.8658117922328,,,mixed-phase C-H stretching,tau(C1-C2-C3-C4),dihedral,0.0035649331304918284,-,-0.005748442094676141,0.3516635565620462
53,2898.8658117922328,,,mixed-phase C-H stretching,delta(C1-C2-C3),angle,0.0031934482610363173,+,0.004080822494052483,0.6250874412298897
53,2898.8658117922328,,,mixed-phase C-H stretching,nu(C4-H18),bond,0.003083679062203399,-,-0.005457105790757583,0.3375364853619774
53,2898.8658117922328,,,mixed-phase C-H stretching,nu(C2-H13),bond,0.0027407093730844284,-,-0.005221106661049021,0.3277284562397979
53,2898.8658117922328,,,mixed-phase C-H stretching,delta(C3-N5-C7),angle,0.0027067161218179434,+,0.005367482595488047,0.3062511428123691
53,2898.8658117922328,,,mixed-phase C-H stretching,tau(C3-N5-C7-H21),dihedral,0.002513676006246923,-,-0.0074657551504324175,0.14700703306904594
53,2898.8658117922328,,,mixed-phase C-H stretching,nu(C3-N5),bond,0.0023618699665194373,-,-0.00522989043644068,0.28147971351032797
53,2898.8658117922328,,,mixed-phase C-H stretching,tau(H11-C1-C2-C3),dihedral,0.002040198499150979,-,-0.006191193281185223,0.173500206926061
53,2898.8658117922328,,,mixed-phase C-H stretching,delta(C3-C2-H13),angle,0.0018680675800944048,+,0.002710055929803658,0.8291104208312534
53,2898.8658117922328,,,mixed-phase C-H stretching,delta(C3-C4-H18),angle,0.001232632036741261,+,0.0036016780982813493,0.30974190085035774
53,2898.8658117922328,,,mixed-phase C-H stretching,nu(C1-H12),bond,0.0011711837919628487,-,-0.00339609165867942,0.3310110907707208
53,2898.8658117922328,,,mixed-phase C-H stretching,nu(C1-H10),bond,0.0011559769134428736,-,-0.0033366899049273296,0.3384494119949666
53,2898.8658117922328,,,mixed-phase C-H stretching,tau(C4-C3-N5-C6),dihedral,0.0009120888783048729,+,0.006717703279645294,0.06588276594613837
53,2898.8658117922328,,,mixed-phase C-H stretching,tau(C6-C7-C8-O9),dihedral,0.0005332492916182634,-,-0.008124974923209951,0.02633070738300783
53,2898.8658117922328,,,mixed-phase C-H stretching,nu(C6-H19),bond,0.0004501345710168242,-,-0.002048474701455594,0.3496692621462572
53,2898.8658117922328,,,mixed-phase C-H stretching,tau(C2-C3-C4-H17),dihedral,0.0002939230632971759,+,0.0068153234212641935,0.020627045333551117
53,2898.8658117922328,,,mixed-phase C-H stretching,nu(C6-C7),bond,0.0002642815927872589,-,-0.0016731603735960113,0.30772875007652795
53,2898.8658117922328,,,mixed-phase C-H stretching,nu(N5-C6),bond,0.00021171727323293613,-,-0.001066860709309228,0.6063412962020981
53,2898.8658117922328,,,mixed-phase C-H stretching,"gamma(C7;C6,N5,H19)",oop,0.0001750254970012217,+,0.0010057892697620345,0.5639798938871293
53,2898.8658117922328,,,mixed-phase C-H stretching,"gamma(N5;C6,C7,H20)",oop,0.0001338195560975851,-,-0.0005734617726849283,1.3264379453481014
53,2898.8658117922328,,,mixed-phase C-H stretching,delta(H16-C4-H17),angle,0.00010240777378193682,+,0.0011022712435535974,0.27474656297601174
53,2898.8658117922328,,,mixed-phase C-H stretching,"gamma(O9;C8,C7,H22)",oop,7.304649915464124e-05,+,0.0014454936583344,0.1139576076428222
53,2898.8658117922328,,,mixed-phase C-H stretching,nu(C1-H11),bond,7.055064093027727e-05,-,-0.0008281411526276334,0.3353270039257434
53,2898.8658117922328,,,mixed-phase C-H stretching,delta(C7-C6-H20),angle,5.8976547526981333e-05,-,-0.0009582579358043537,0.20935859466531728
53,2898.8658117922328,,,mixed-phase C-H stretching,nu(C4-H17),bond,5.452010142154153e-05,-,-0.0007261710640786644,0.33701953429854553
53,2898.8658117922328,,,mixed-phase C-H stretching,delta(H17-C4-H18),angle,4.9503568417062974e-05,-,-0.0007642884135436618,0.27624743369002036
53,2898.8658117922328,,,mixed-phase C-H stretching,delta(N5-C7-H21),angle,4.3472675364499575e-05,+,0.0007805292381179965,0.23260246557067013
53,2898.8658117922328,,,mixed-phase C-H stretching,delta(C2-C1-H12),angle,1.0050266236189564e-05,+,0.00038516713837327514,0.22082864654339243
53,2898.8658117922328,,,mixed-phase C-H stretching,delta(C1-C2-H14),angle,9.714710387404651e-06,-,-0.00029341014736064324,0.36783741091385147
53,2898.8658117922328,,,mixed-phase C-H stretching,nu(C1-C2),bond,7.777443498969586e-06,+,0.0003023210723366658,0.27738075382051663
53,2898.8658117922328,,,mixed-phase C-H stretching,tau(H12-C1-C2-H14),dihedral,6.611090925918729e-06,-,-0.00035393968272936447,0.17202474146598562
53,2898.8658117922328,,,mixed-phase C-H stretching,delta(H16-C4-H18),angle,4.615449809153036e-06,-,-0.00023749498707224898,0.2667358784486755
53,2898.8658117922328,,,mixed-phase C-H stretching,delta(C2-C1-H10),angle,2.905546166839008e-06,+,0.00020798457146953836,0.21894843186002957
53,2898.8658117922328,,,mixed-phase C-H stretching,delta(C2-C1-H11),angle,2.796177516092158e-06,+,0.00020371057358505997,0.21964124363029877
53,2898.8658117922328,,,mixed-phase C-H stretching,tau(H10-C1-C2-H13),dihedral,2.6016119344216603e-06,+,0.00022037249635657518,0.1746240399816733
53,2898.8658117922328,,,mixed-phase C-H stretching,delta(H13-C2-H14),angle,6.017896010390068e-07,-,-6.181972032330342e-05,0.5132948477004958
53,2898.8658117922328,,,mixed-phase C-H stretching,delta(C1-C2-H13),angle,4.6666472893768387e-07,-,-3.624790341716812e-05,1.157751871494402
53,2898.8658117922328,,,mixed-phase C-H stretching,delta(N5-C6-H19),angle,3.205239204603976e-07,-,-6.898135746710137e-05,0.21957013616155804
54,2947.4283366277896,,,C-H stretching,nu(C3-H15),bond,90.95388501709463,-,-0.993053410766405,0.3079410963954522
54,2947.4283366277896,,,C-H stretching,nu(C8-H22),bond,6.926780429369777,-,-0.2778170603337657,0.2996437407786608
54,2947.4283366277896,,,C-H stretching,nu(C2-H14),bond,0.5639001608502606,-,-0.07556512371472227,0.3297243609541089
54,2947.4283366277896,,,C-H stretching,nu(C4-H16),bond,0.23223215333443809,-,-0.047969194576236975,0.33696834756275934
54,2947.4283366277896,,,C-H stretching,delta(C2-C3-C4),angle,0.1166504809054921,-,-0.025941635408948265,0.578739924160285
54,2947.4283366277896,,,C-H stretching,nu(C2-H13),bond,0.1079522550669867,+,0.03316305944806913,0.3277284562397979
54,2947.4283366277896,,,C-H stretching,nu(C4-H18),bond,0.07949279165407631,+,0.028041375857286516,0.3375364853619774
54,2947.4283366277896,,,C-H stretching,delta(C3-C4-H16),angle,0.07710918413153785,+,0.02880424324269564,0.31030214713203214
54,2947.4283366277896,,,C-H stretching,nu(C4-H17),bond,0.07253212372163034,+,0.02680608965880563,0.33701953429854553
54,2947.4283366277896,,,C-H stretching,delta(C4-C3-H15),angle,0.06985267424981063,+,0.024922047647447095,0.3754976345746755
54,2947.4283366277896,,,C-H stretching,delta(C2-C3-H15),angle,0.06695711631975113,+,0.019460050810766297,0.5903375570711772
54,2947.4283366277896,,,C-H stretching,delta(C3-N5-C6),angle,0.06267475467422887,-,-0.02174402477075699,0.4425928427372072
54,2947.4283366277896,,,C-H stretching,"gamma(N5;C3,C4,H15)",oop,0.05974364725761508,+,0.021660048617806994,0.42517183750888987
54,2947.4283366277896,,,C-H stretching,nu(C3-C4),bond,0.05558991840099197,+,0.025884763766067288,0.2770124173076562
54,2947.4283366277896,,,C-H stretching,tau(H13-C2-C3-N5),dihedral,0.05426162548202317,-,-0.02256899875614169,0.35568031212637796
54,2947.4283366277896,,,C-H stretching,nu(C2-C3),bond,0.05002991606988358,+,0.024918973936618825,0.2690054474963341
54,2947.4283366277896,,,C-H stretching,delta(C3-C2-H13),angle,0.0467841492404273,-,-0.013725841748465896,0.8291104208312534
54,2947.4283366277896,,,C-H stretching,tau(C1-C2-C3-C4),dihedral,0.04493083169503751,+,0.020654008571228125,0.3516635565620462
54,2947.4283366277896,,,C-H stretching,nu(C3-N5),bond,0.04474033353887838,+,0.023036784763047827,0.28147971351032797
54,2947.4283366277896,,,C-H stretching,delta(C1-C2-C3),angle,0.04017547490424314,-,-0.01464893084953378,0.6250874412298897
54,2947.4283366277896,,,C-H stretching,nu(C6-H20),bond,0.03257832238861699,+,0.017869877783094866,0.34062550565283833
54,2947.4283366277896,,,C-H stretching,tau(H11-C1-C2-C3),dihedral,0.03138080730294925,+,0.024574113712488903,0.173500206926061
54,2947.4283366277896,,,C-H stretching,nu(C1-H12),bond,0.029676750226232236,+,0.017301458052348707,0.3310110907707208
54,2947.4283366277896,,,C-H stretching,delta(C7-C8-O9),angle,0.026253719003381092,-,-0.0155628064958537,0.361915021923592
54,2947.4283366277896,,,C-H stretching,delta(C3-N5-C7),angle,0.02144844704482558,-,-0.01529166846328306,0.3062511428123691
54,2947.4283366277896,,,C-H stretching,tau(C3-N5-C7-H21),dihedral,0.021097417279475856,+,0.02188977996752793,0.14700703306904594
54,2947.4283366277896,,,C-H stretching,delta(C3-C4-H18),angle,0.020422755240898892,-,-0.014837235594274264,0.30974190085035774
54,2947.4283366277896,,,C-H stretching,nu(C8-O9),bond,0.0187738019158444,+,0.008666671035199486,0.8345247457215548
54,2947.4283366277896,,,C-H stretching,tau(C4-C3-N5-C6),dihedral,0.013137608321723091,-,-0.02580287206715192,0.06588276594613837
54,2947.4283366277896,,,C-H stretching,nu(C7-C8),bond,0.01311659607711928,+,0.012384216996252223,0.28554571717231075
54,2947.4283366277896,,,C-H stretching,delta(O9-C8-H22),angle,0.012000951538925985,+,0.011560725113721283,0.2998038078133957
54,2947.4283366277896,,,C-H stretching,nu(C6-H19),bond,0.006539772090421939,+,0.007902206678979586,0.3496692621462572
54,2947.4283366277896,,,C-H stretching,nu(C7-H21),bond,0.005913751553664457,-,-0.0075043491015180375,0.3506134958372735
54,2947.4283366277896,,,C-H stretching,"gamma(N5;C7,C6,C8)",oop,0.005727843944176209,-,-0.003053787971719113,2.0507136816458287
54,2947.4283366277896,,,C-H stretching,tau(C2-C3-C4-H17),dihedral,0.0033145407152926736,-,-0.023162688872065587,0.020627045333551117
54,2947.4283366277896,,,C-H stretching,nu(C1-H10),bond,0.003304470336300097,+,0.005709523343825191,0.3384494119949666
54,2947.4283366277896,,,C-H stretching,"gamma(N5;C6,C7,H20)",oop,0.0031277662460675515,+,0.002805882508555289,1.3264379453481014
54,2947.4283366277896,,,C-H stretching,delta(C6-C7-C8),angle,0.002182076063460637,-,-0.00525740334729065,0.2635839141319724
54,2947.4283366277896,,,C-H stretching,nu(C1-H11),bond,0.001763614650917947,+,0.004190476319284371,0.3353270039257434
54,2947.4283366277896,,,C-H stretching,tau(H10-C1-C2-H13),dihedral,0.0004591574438763712,-,-0.002962951925811141,0.1746240399816733
54,2947.4283366277896,,,C-H stretching,delta(C1-C2-H13),angle,0.0002616238501791668,-,-0.0008686138033502515,1.157751871494402
54,2947.4283366277896,,,C-H stretching,delta(C1-C2-H14),angle,0.00016265061523960844,+,0.0012150543727949032,0.36783741091385147
54,2947.4283366277896,,,C-H stretching,tau(H12-C1-C2-H14),dihedral,0.00014141186855861655,-,-0.0016566977393158901,0.17202474146598562
54,2947.4283366277896,,,C-H stretching,tau(H20-C6-C7-C8),dihedral,0.00013513921491394802,+,0.0011053484221230801,0.36929600751604197
54,2947.4283366277896,,,C-H stretching,"gamma(C7;C6,N5,H19)",oop,0.00013138344810328557,+,0.000881930420704796,0.5639798938871293
54,2947.4283366277896,,,C-H stretching,nu(N5-C6),bond,0.00011691682310652757,-,-0.0008023719451463314,0.6063412962020981
54,2947.4283366277896,,,C-H stretching,delta(C7-C6-H20),angle,0.00010900819557978804,-,-0.0013184995450503361,0.20935859466531728
54,2947.4283366277896,,,C-H stretching,nu(C6-C7),bond,9.749497703065992e-05,-,-0.0010284966709716715,0.30772875007652795
54,2947.4283366277896,,,C-H stretching,delta(C2-C1-H10),angle,9.10949183807599e-05,-,-0.0011786149948628004,0.21894843186002957
54,2947.4283366277896,,,C-H stretching,tau(C6-C7-C8-O9),dihedral,4.255955978552375e-05,-,-0.0023230743323211112,0.02633070738300783
54,2947.4283366277896,,,C-H stretching,delta(H16-C4-H17),angle,3.9119825328592364e-05,+,0.000689490244009204,0.27474656297601174
54,2947.4283366277896,,,C-H stretching,delta(H16-C4-H18),angle,3.9087783429636316e-05,+,0.0006994804965145182,0.2667358784486755
54,2947.4283366277896,,,C-H stretching,delta(H13-C2-H14),angle,3.2399585149070324e-05,+,0.0004590733461615765,0.5132948477004958
54,2947.4283366277896,,,C-H stretching,delta(N5-C6-H19),angle,2.849269630610816e-05,+,0.0006582273823450824,0.21957013616155804
54,2947.4283366277896,,,C-H stretching,delta(N5-C7-H21),angle,2.4289460122931232e-05,+,0.000590469650277772,0.23260246557067013
54,2947.4283366277896,,,C-H stretching,delta(C2-C1-H11),angle,1.8825466721259967e-05,-,-0.0005349482055836783,0.21964124363029877
54,2947.4283366277896,,,C-H stretching,"gamma(O9;C8,C7,H22)",oop,1.609292981768868e-05,+,0.000686659927081759,0.1139576076428222
54,2947.4283366277896,,,C-H stretching,delta(H17-C4-H18),angle,9.416715813166592e-06,+,0.0003373621937076396,0.27624743369002036
54,2947.4283366277896,,,C-H stretching,nu(C1-C2),bond,6.2153632527217465e-06,-,-0.00027352114255208536,0.27738075382051663
54,2947.4283366277896,,,C-H stretching,delta(C2-C1-H12),angle,1.5693573233696825e-06,-,-0.00015403840744030437,0.22082864654339243
55,3024.60248912077,,,in-phase C-H stretching,nu(C2-H13),bond,57.94096528717229,+,0.7850610844810257,0.3277284562397979
55,3024.60248912077,,,in-phase C-H stretching,nu(C2-H14),bond,34.3831462511038,+,0.6029273052981602,0.3297243609541089
55,3024.60248912077,,,in-phase C-H stretching,nu(C4-H18),bond,1.8042611721954078,-,-0.1365076538541032,0.3375364853619774
55,3024.60248912077,,,in-phase C-H stretching,nu(C4-H16),bond,1.4645450978196106,-,-0.12309048518511888,0.33696834756275934
55,3024.60248912077,,,in-phase C-H stretching,nu(C1-H12),bond,1.4636520247178806,+,0.12415531300720901,0.3310110907707208
55,3024.60248912077,,,in-phase C-H stretching,nu(C4-H17),bond,1.0032485818895787,-,-0.10186955361284816,0.33701953429854553
55,3024.60248912077,,,in-phase C-H stretching,nu(C1-H10),bond,0.9368142312483673,+,0.09823076374985211,0.3384494119949666
55,3024.60248912077,,,in-phase C-H stretching,delta(C1-C2-C3),angle,0.28539113658300097,+,0.039894912483368634,0.6250874412298897
55,3024.60248912077,,,in-phase C-H stretching,delta(H13-C2-H14),angle,0.16878252889677536,-,-0.033856959598718483,0.5132948477004958
55,3024.60248912077,,,in-phase C-H stretching,nu(C1-C2),bond,0.13219027833360114,-,-0.040759538624143235,0.27738075382051663
55,3024.60248912077,,,in-phase C-H stretching,nu(C1-H11),bond,0.10679488944255106,-,-0.03332027935485536,0.3353270039257434
55,3024.60248912077,,,in-phase C-H stretching,nu(C2-C3),bond,0.08133792970151657,-,-0.032466366174852164,0.2690054474963341
55,3024.60248912077,,,in-phase C-H stretching,delta(C2-C3-C4),angle,0.050684380462336906,+,0.017472820385537432,0.578739924160285
55,3024.60248912077,,,in-phase C-H stretching,delta(C2-C1-H11),angle,0.04724366284563767,+,0.02738309270015808,0.21964124363029877
55,3024.60248912077,,,in-phase C-H stretching,nu(C3-H15),bond,0.028229962779858113,-,-0.017876767416110856,0.3079410963954522
55,3024.60248912077,,,in-phase C-H stretching,delta(C1-C2-H13),angle,0.021658839215456218,-,-0.008075650324316952,1.157751871494402
55,3024.60248912077,,,in-phase C-H stretching,tau(H13-C2-C3-N5),dihedral,0.017981857335744537,-,-0.013275626444985167,0.35568031212637796
55,3024.60248912077,,,in-phase C-H stretching,tau(H12-C1-C2-H14),dihedral,0.011237191647980187,-,-0.015090412096551934,0.17202474146598562
55,3024.60248912077,,,in-phase C-H stretching,nu(C3-C4),bond,0.010186877142194729,+,0.011322402213782612,0.2770124173076562
55,3024.60248912077,,,in-phase C-H stretching,delta(C3-C2-H13),angle,0.009680952130484066,-,-0.006379997556719266,0.8291104208312534
55,3024.60248912077,,,in-phase C-H stretching,delta(C2-C1-H10),angle,0.008461106313671094,-,-0.011606741693437648,0.21894843186002957
55,3024.60248912077,,,in-phase C-H stretching,delta(C2-C3-H15),angle,0.0051076562544612025,-,-0.00549197165117039,0.5903375570711772
55,3024.60248912077,,,in-phase C-H stretching,delta(C2-C1-H12),angle,0.004413183230365336,-,-0.00834672177474411,0.22082864654339243
55,3024.60248912077,,,in-phase C-H stretching,tau(H10-C1-C2-H13),dihedral,0.0040975006740268495,+,0.00904430425877786,0.1746240399816733
55,3024.60248912077,,,in-phase C-H stretching,tau(C1-C2-C3-C4),dihedral,0.0025763240549936057,-,-0.00505363911303005,0.3516635565620462
55,3024.60248912077,,,in-phase C-H stretching,tau(H11-C1-C2-C3),dihedral,0.002250065658287664,+,0.006723807325739572,0.173500206926061
55,3024.60248912077,,,in-phase C-H stretching,delta(H16-C4-H18),angle,0.001433682428513133,+,0.004328659512375175,0.2667358784486755
55,3024.60248912077,,,in-phase C-H stretching,nu(C6-H20),bond,0.0012006642849556894,-,-0.0035054185205796316,0.34062550565283833
55,3024.60248912077,,,in-phase C-H stretching,nu(C8-H22),bond,0.0007890737963988338,-,-0.0030298691180471425,0.2996437407786608
55,3024.60248912077,,,in-phase C-H stretching,delta(C3-C4-H16),angle,0.00035393365581329523,-,-0.001994050733221175,0.31030214713203214
55,3024.60248912077,,,in-phase C-H stretching,delta(C3-C4-H18),angle,0.00033608224863763806,-,-0.0019448695214759355,0.30974190085035774
55,3024.60248912077,,,in-phase C-H stretching,delta(H17-C4-H18),angle,0.0002462359621816653,+,0.001762764425091482,0.27624743369002036
55,3024.60248912077,,,in-phase C-H stretching,nu(C6-H19),bond,0.0001618585051520849,-,-0.0012703011666003541,0.3496692621462572
55,3024.60248912077,,,in-phase C-H stretching,delta(H16-C4-H17),angle,0.00015862210071926894,+,0.0014186765084509322,0.27474656297601174
55,3024.60248912077,,,in-phase C-H stretching,tau(C2-C3-C4-H17),dihedral,6.673567512681851e-05,-,-0.003358367206915963,0.020627045333551117
55,3024.60248912077,,,in-phase C-H stretching,nu(C7-H21),bond,6.014346297694721e-05,-,-0.0007732992050222379,0.3506134958372735
55,3024.60248912077,,,in-phase C-H stretching,delta(C3-N5-C6),angle,5.3396902007801976e-05,-,-0.0006485201881283341,0.4425928427372072
55,3024.60248912077,,,in-phase C-H stretching,delta(C4-C3-H15),angle,4.423985781912487e-05,-,-0.0006408714450741785,0.3754976345746755
55,3024.60248912077,,,in-phase C-H stretching,"gamma(N5;C3,C4,H15)",oop,3.388036449581866e-05,+,0.0005270592684218397,0.42517183750888987
55,3024.60248912077,,,in-phase C-H stretching,nu(C8-O9),bond,2.6506013853520554e-05,+,0.00033275168524642677,0.8345247457215548
55,3024.60248912077,,,in-phase C-H stretching,tau(C3-N5-C7-H21),dihedral,2.3065849115761394e-05,+,0.0007395768865041062,0.14700703306904594
55,3024.60248912077,,,in-phase C-H stretching,tau(C4-C3-N5-C6),dihedral,2.0680005846159516e-05,-,-0.0010460611659461963,0.06588276594613837
55,3024.60248912077,,,in-phase C-H stretching,nu(N5-C6),bond,1.3044868897870334e-05,+,0.00027386021727790846,0.6063412962020981
55,3024.60248912077,,,in-phase C-H stretching,delta(C1-C2-H14),angle,8.942320013611429e-06,+,0.00029111515733509704,0.36783741091385147
55,3024.60248912077,,,in-phase C-H stretching,nu(C3-N5),bond,8.43289215847015e-06,-,-0.00032317100290911883,0.28147971351032797
55,3024.60248912077,,,in-phase C-H stretching,nu(C6-C7),bond,5.2801384053434455e-06,+,0.0002445717436368099,0.30772875007652795
55,3024.60248912077,,,in-phase C-H stretching,"gamma(N5;C7,C6,C8)",oop,4.8482351843978134e-06,-,-9.07835137469596e-05,2.0507136816458287
55,3024.60248912077,,,in-phase C-H stretching,delta(C7-C8-O9),angle,3.894625599994616e-06,-,-0.00019368554732971722,0.361915021923592
55,3024.60248912077,,,in-phase C-H stretching,"gamma(N5;C6,C7,H20)",oop,1.798267486973911e-06,+,6.874661840643798e-05,1.3264379453481014
55,3024.60248912077,,,in-phase C-H stretching,delta(C6-C7-C8),angle,1.5841562941045724e-06,-,-0.0001447462180054644,0.2635839141319724
55,3024.60248912077,,,in-phase C-H stretching,delta(C3-N5-C7),angle,1.4375677373253697e-06,-,-0.00012792132898631461,0.3062511428123691
55,3024.60248912077,,,in-phase C-H stretching,delta(N5-C7-H21),angle,1.288401264615907e-06,+,0.00013895880708235023,0.23260246557067013
55,3024.60248912077,,,in-phase C-H stretching,"gamma(C7;C6,N5,H19)",oop,1.1554066702334688e-06,+,8.450906317940484e-05,0.5639798938871293
55,3024.60248912077,,,in-phase C-H stretching,tau(H20-C6-C7-C8),dihedral,3.2230855052886743e-07,+,5.515898553794637e-05,0.36929600751604197
55,3024.60248912077,,,in-phase C-H stretching,delta(N5-C6-H19),angle,9.29780965592394e-08,+,3.842123785666477e-05,0.21957013616155804
55,3024.60248912077,,,in-phase C-H stretching,tau(C6-C7-C8-O9),dihedral,5.6013680257018726e-08,-,-8.611592156813495e-05,0.02633070738300783
55,3024.60248912077,,,in-phase C-H stretching,nu(C7-C8),bond,4.187101365548462e-08,-,-2.2609271810508166e-05,0.28554571717231075
55,3024.60248912077,,,in-phase C-H stretching,delta(C7-C6-H20),angle,6.3034551091990125e-09,-,-1.0244991392609014e-05,0.20935859466531728
55,3024.60248912077,,,in-phase C-H stretching,delta(O9-C8-H22),angle,2.705241430706063e-09,+,5.60856949671366e-06,0.2998038078133957
55,3024.60248912077,,,in-phase C-H stretching,"gamma(O9;C8,C7,H22)",oop,9.76759607945882e-10,-,-5.466254491222787e-06,0.1139576076428222
56,3028.5079627626665,,,C-H stretching,nu(C1-H12),bond,56.5959163823051,+,0.7671210883598538,0.3310110907707208
56,3028.5079627626665,,,C-H stretching,nu(C1-H11),bond,24.233491822775548,+,0.49873101887038457,0.3353270039257434
56,3028.5079627626665,,,C-H stretching,nu(C1-H10),bond,16.395492800143018,+,0.4083269096008771,0.3384494119949666
56,3028.5079627626665,,,C-H stretching,nu(C2-H13),bond,2.3640935702425394,-,-0.15756795593245285,0.3277284562397979
56,3028.5079627626665,,,C-H stretching,nu(C1-C2),bond,0.15222373058273234,-,-0.043460594707852365,0.27738075382051663
56,3028.5079627626665,,,C-H stretching,nu(C6-H20),bond,0.07657375176514172,-,-0.02781595833832972,0.34062550565283833
56,3028.5079627626665,,,C-H stretching,delta(C2-C1-H10),angle,0.04519282231914979,+,0.02665363578297448,0.21894843186002957
56,3028.5079627626665,,,C-H stretching,delta(C1-C2-H13),angle,0.037525876404492314,+,0.01056210115308586,1.157751871494402
56,3028.5079627626665,,,C-H stretching,nu(C4-H18),bond,0.017721889533082232,+,0.01344272446242573,0.3375364853619774
56,3028.5079627626665,,,C-H stretching,tau(C1-C2-C3-C4),dihedral,0.015157141355631397,+,0.012179728703601742,0.3516635565620462
56,3028.5079627626665,,,C-H stretching,nu(C3-H15),bond,0.01451111349595472,+,0.01273530029353761,0.3079410963954522
56,3028.5079627626665,,,C-H stretching,delta(C2-C1-H11),angle,0.013083383889264392,+,0.014318441239222072,0.21964124363029877
56,3028.5079627626665,,,C-H stretching,delta(C1-C2-H14),angle,0.010830236900571482,-,-0.010066620025264891,0.36783741091385147
56,3028.5079627626665,,,C-H stretching,nu(C6-H19),bond,0.010118376848865745,-,-0.00997974266659812,0.3496692621462572
56,3028.5079627626665,,,C-H stretching,nu(C4-H17),bond,0.004577399230574511,-,-0.006837140513612033,0.33701953429854553
56,3028.5079627626665,,,C-H stretching,nu(C2-H14),bond,0.0038044040607868018,+,0.00630173950835663,0.3297243609541089
56,3028.5079627626665,,,C-H stretching,delta(C3-C2-H13),angle,0.002292103572974565,+,0.003084633554852763,0.8291104208312534
56,3028.5079627626665,,,C-H stretching,tau(H10-C1-C2-H13),dihedral,0.0017231008678928236,-,-0.005827683819878679,0.1746240399816733
56,3028.5079627626665,,,C-H stretching,delta(H13-C2-H14),angle,0.000984300278126024,+,0.002569052608602047,0.5132948477004958
56,3028.5079627626665,,,C-H stretching,nu(C2-C3),bond,0.0007843679475496773,+,0.0031679041154835494,0.2690054474963341
56,3028.5079627626665,,,C-H stretching,nu(C4-H16),bond,0.0006290851624316497,+,0.0025348531999490154,0.33696834756275934
56,3028.5079627626665,,,C-H stretching,"gamma(N5;C3,C4,H15)",oop,0.0005862499182882274,-,-0.0021784710800705235,0.42517183750888987
56,3028.5079627626665,,,C-H stretching,tau(H11-C1-C2-C3),dihedral,0.00054160771478034,+,0.0032778197580165713,0.173500206926061
56,3028.5079627626665,,,C-H stretching,delta(C1-C2-C3),angle,0.00032606974926328896,-,-0.0013399158188002575,0.6250874412298897
56,3028.5079627626665,,,C-H stretching,nu(N5-C6),bond,0.0002704834067498199,+,0.0012390943774051653,0.6063412962020981
56,3028.5079627626665,,,C-H stretching,nu(C6-C7),bond,0.0002120005901093127,+,0.001539845488012603,0.30772875007652795
56,3028.5079627626665,,,C-H stretching,tau(H13-C2-C3-N5),dihedral,0.0001902378909037154,-,-0.001356785658389048,0.35568031212637796
56,3028.5079627626665,,,C-H stretching,"gamma(N5;C6,C7,H20)",oop,0.0001819305797173944,-,-0.0006870716506241324,1.3264379453481014
56,3028.5079627626665,,,C-H stretching,delta(C2-C3-C4),angle,0.00016988435544506688,-,-0.0010051424577429012,0.578739924160285
56,3028.5079627626665,,,C-H stretching,delta(C2-C1-H12),angle,0.00016567810469518004,+,0.0016069320022229566,0.22082864654339243
56,3028.5079627626665,,,C-H stretching,tau(C2-C3-C4-H17),dihedral,8.15322169637572e-05,+,0.003688406345872928,0.020627045333551117
56,3028.5079627626665,,,C-H stretching,tau(H12-C1-C2-H14),dihedral,7.019833650804367e-05,+,0.0011851152859315142,0.17202474146598562
56,3028.5079627626665,,,C-H stretching,nu(C7-H21),bond,6.82996373906492e-05,-,-0.0008188182822192825,0.3506134958372735
56,3028.5079627626665,,,C-H stretching,delta(C3-C4-H18),angle,6.356366126404057e-05,-,-0.0008404214319658551,0.30974190085035774
56,3028.5079627626665,,,C-H stretching,delta(C2-C3-H15),angle,6.299970214876677e-05,-,-0.0006060545101888123,0.5903375570711772
56,3028.5079627626665,,,C-H stretching,delta(C4-C3-H15),angle,5.162917463598204e-05,-,-0.0006879179388730484,0.3754976345746755
56,3028.5079627626665,,,C-H stretching,delta(H16-C4-H18),angle,3.344647026112672e-05,-,-0.0006569420691801286,0.2667358784486755
56,3028.5079627626665,,,C-H stretching,nu(C3-C4),bond,3.305036950553458e-05,-,-0.0006408128138594578,0.2770124173076562
56,3028.5079627626665,,,C-H stretching,nu(C8-H22),bond,3.040802622600294e-05,-,-0.0005909954765336247,0.2996437407786608
56,3028.5079627626665,,,C-H stretching,delta(N5-C6-H19),angle,2.98205445964774e-05,-,-0.0006836971916110904,0.21957013616155804
56,3028.5079627626665,,,C-H stretching,delta(C3-C4-H16),angle,2.2867501316751613e-05,-,-0.0005036277042578261,0.31030214713203214
56,3028.5079627626665,,,C-H stretching,delta(H16-C4-H17),angle,1.8723108551641383e-05,+,0.00048430113834684686,0.27474656297601174
56,3028.5079627626665,,,C-H stretching,delta(C6-C7-C8),angle,1.833214696767461e-05,-,-0.0004892601679631144,0.2635839141319724
56,3028.5079627626665,,,C-H stretching,nu(C3-N5),bond,1.3974998749693312e-05,+,0.00041337573966751306,0.28147971351032797
56,3028.5079627626665,,,C-H stretching,delta(C3-N5-C7),angle,1.026917476758924e-05,+,0.0003397203476552669,0.3062511428123691
56,3028.5079627626665,,,C-H stretching,delta(C3-N5-C6),angle,4.786060834428684e-06,-,-0.00019292102483079755,0.4425928427372072
56,3028.5079627626665,,,C-H stretching,tau(C4-C3-N5-C6),dihedral,4.112521133222335e-06,+,0.00046351181170827763,0.06588276594613837
56,3028.5079627626665,,,C-H stretching,tau(C3-N5-C7-H21),dihedral,3.0536575937069382e-06,-,-0.00026738297989223813,0.14700703306904594
56,3028.5079627626665,,,C-H stretching,delta(H17-C4-H18),angle,1.7403265372517622e-06,+,0.00014725121656002302,0.27624743369002036
56,3028.5079627626665,,,C-H stretching,tau(H20-C6-C7-C8),dihedral,1.7265756364365037e-06,+,0.00012685224108289654,0.36929600751604197
56,3028.5079627626665,,,C-H stretching,"gamma(C7;C6,N5,H19)",oop,1.2564027279380259e-06,-,-8.756393520472922e-05,0.5639798938871293
56,3028.5079627626665,,,C-H stretching,delta(O9-C8-H22),angle,7.081785938404929e-07,+,9.016655391728917e-05,0.2998038078133957
56,3028.5079627626665,,,C-H stretching,delta(N5-C7-H21),angle,5.856959486401811e-07,+,9.309398031732071e-05,0.23260246557067013
56,3028.5079627626665,,,C-H stretching,delta(C7-C8-O9),angle,4.787865367809783e-07,-,-6.7477705485623e-05,0.361915021923592
56,3028.5079627626665,,,C-H stretching,"gamma(N5;C7,C6,C8)",oop,2.995262643443415e-07,-,-2.242113465423485e-05,2.0507136816458287
56,3028.5079627626665,,,C-H stretching,nu(C7-C8),bond,2.520954918041876e-07,+,5.512357309333358e-05,0.28554571717231075
56,3028.5079627626665,,,C-H stretching,"gamma(O9;C8,C7,H22)",oop,3.6745941881152944e-08,-,-3.3313915249551255e-05,0.1139576076428222
56,3028.5079627626665,,,C-H stretching,delta(C7-C6-H20),angle,3.4503104129346584e-08,+,2.3816411945043917e-05,0.20935859466531728
56,3028.5079627626665,,,C-H stretching,tau(C6-C7-C8-O9),dihedral,1.1793722972729882e-08,+,3.926330413503208e-05,0.02633070738300783
56,3028.5079627626665,,,C-H stretching,nu(C8-O9),bond,6.87143390569238e-11,+,5.323493443619892e-07,0.8345247457215548
57,3039.321677101654,,,in-phase C-H stretching,nu(C4-H16),bond,34.21985595964887,+,0.592935287368735,0.33696834756275934
57,3039.321677101654,,,in-phase C-H stretching,nu(C4-H17),bond,31.282031178290012,+,0.5668689874261552,0.33701953429854553
57,3039.321677101654,,,in-phase C-H stretching,nu(C4-H18),bond,29.87150389161048,+,0.5535169758014512,0.3375364853619774
57,3039.321677101654,,,in-phase C-H stretching,nu(C2-H13),bond,2.3407090338984062,+,0.15724592599259835,0.3277284562397979
57,3039.321677101654,,,in-phase C-H stretching,nu(C2-H14),bond,1.8002277212039535,+,0.13748362283234594,0.3297243609541089
57,3039.321677101654,,,in-phase C-H stretching,nu(C3-C4),bond,0.18645543388855912,-,-0.04827259729515739,0.2770124173076562
57,3039.321677101654,,,in-phase C-H stretching,nu(C1-H12),bond,0.06985290259381617,+,0.02702923278956631,0.3310110907707208
57,3039.321677101654,,,in-phase C-H stretching,nu(C1-H11),bond,0.03711933933353145,-,-0.0195762101017174,0.3353270039257434
57,3039.321677101654,,,in-phase C-H stretching,nu(C1-H10),bond,0.030787757879123318,+,0.017746181220284214,0.3384494119949666
57,3039.321677101654,,,in-phase C-H stretching,delta(H16-C4-H18),angle,0.025683911448056387,-,-0.018257975780725477,0.2667358784486755
57,3039.321677101654,,,in-phase C-H stretching,delta(C3-C4-H18),angle,0.024838244845667597,+,0.016661850566630183,0.30974190085035774
57,3039.321677101654,,,in-phase C-H stretching,delta(H16-C4-H17),angle,0.02057948979220069,-,-0.016103264652021578,0.27474656297601174
57,3039.321677101654,,,in-phase C-H stretching,delta(C3-C4-H16),angle,0.01974800175233118,+,0.014843350784960864,0.31030214713203214
57,3039.321677101654,,,in-phase C-H stretching,delta(H17-C4-H18),angle,0.01607021980918405,-,-0.014191377257223761,0.27624743369002036
57,3039.321677101654,,,in-phase C-H stretching,delta(C1-C2-C3),angle,0.015526472397420452,+,0.009273181793334796,0.6250874412298897
57,3039.321677101654,,,in-phase C-H stretching,delta(H13-C2-H14),angle,0.008944462934121076,-,-0.0077670561481215485,0.5132948477004958
57,3039.321677101654,,,in-phase C-H stretching,nu(C6-H20),bond,0.006381639017546791,-,-0.008053604491919943,0.34062550565283833
57,3039.321677101654,,,in-phase C-H stretching,nu(C1-C2),bond,0.005109074167588546,-,-0.007985382146065098,0.27738075382051663
57,3039.321677101654,,,in-phase C-H stretching,nu(C2-C3),bond,0.004009974178144383,-,-0.0071837798289606574,0.2690054474963341
57,3039.321677101654,,,in-phase C-H stretching,delta(C2-C3-C4),angle,0.003422804709953289,+,0.004524932465619129,0.578739924160285
57,3039.321677101654,,,in-phase C-H stretching,delta(C2-C1-H11),angle,0.002902121738720635,+,0.006763377509082567,0.21964124363029877
57,3039.321677101654,,,in-phase C-H stretching,nu(C6-H19),bond,0.0015008515653011114,-,-0.003854809366047041,0.3496692621462572
57,3039.321677101654,,,in-phase C-H stretching,nu(C7-H21),bond,0.0012456201837303376,-,-0.003507044420694378,0.3506134958372735
57,3039.321677101654,,,in-phase C-H stretching,delta(C1-C2-H13),angle,0.0009196316247744795,-,-0.0016582956662893778,1.157751871494402
57,3039.321677101654,,,in-phase C-H stretching,tau(H13-C2-C3-N5),dihedral,0.0008151954205501278,-,-0.002816849962671226,0.35568031212637796
57,3039.321677101654,,,in-phase C-H stretching,delta(C2-C3-H15),angle,0.0006921381024419667,-,-0.002014693266411345,0.5903375570711772
57,3039.321677101654,,,in-phase C-H stretching,nu(C3-H15),bond,0.0006101600269617899,-,-0.0026190923572642936,0.3079410963954522
57,3039.321677101654,,,in-phase C-H stretching,delta(C2-C1-H12),angle,0.0005339621402889641,-,-0.002893278834964632,0.22082864654339243
57,3039.321677101654,,,in-phase C-H stretching,tau(H12-C1-C2-H14),dihedral,0.0005244651119990416,-,-0.0032488196838638722,0.17202474146598562
57,3039.321677101654,,,in-phase C-H stretching,delta(C2-C1-H10),angle,0.0004086453798987217,-,-0.0025419390907155536,0.21894843186002957
57,3039.321677101654,,,in-phase C-H stretching,tau(H10-C1-C2-H13),dihedral,0.0002191966587942281,+,0.0020846238972074592,0.1746240399816733
57,3039.321677101654,,,in-phase C-H stretching,delta(C1-C2-H14),angle,0.00016796659309607694,-,-0.0012573212944628348,0.36783741091385147
57,3039.321677101654,,,in-phase C-H stretching,tau(C1-C2-C3-C4),dihedral,0.00016454951490180796,-,-0.001272762537971379,0.3516635565620462
57,3039.321677101654,,,in-phase C-H stretching,delta(C3-C2-H13),angle,0.0001325563088362322,-,-0.000743972319077438,0.8291104208312534
57,3039.321677101654,,,in-phase C-H stretching,tau(H11-C1-C2-C3),dihedral,6.22704194047828e-05,+,0.001114688856889901,0.173500206926061
57,3039.321677101654,,,in-phase C-H stretching,nu(C6-C7),bond,5.881073663696981e-05,+,0.0008134053714554031,0.30772875007652795
57,3039.321677101654,,,in-phase C-H stretching,delta(C4-C3-H15),angle,5.067131274275031e-05,+,0.0006835027054089479,0.3754976345746755
57,3039.321677101654,,,in-phase C-H stretching,nu(C8-H22),bond,1.662256884285731e-05,+,0.00043823718763625334,0.2996437407786608
57,3039.321677101654,,,in-phase C-H stretching,nu(N5-C6),bond,1.3485083425952216e-05,+,0.0002774795667312971,0.6063412962020981
57,3039.321677101654,,,in-phase C-H stretching,delta(N5-C7-H21),angle,1.2288474492694462e-05,+,0.0004276658694101341,0.23260246557067013
57,3039.321677101654,,,in-phase C-H stretching,"gamma(C7;C6,N5,H19)",oop,1.2268924535278708e-05,+,0.0002744316518217959,0.5639798938871293
57,3039.321677101654,,,in-phase C-H stretching,"gamma(N5;C3,C4,H15)",oop,1.16060424927143e-05,-,-0.0003074132596247146,0.42517183750888987
57,3039.321677101654,,,in-phase C-H stretching,tau(C2-C3-C4-H17),dihedral,1.1482315618008028e-05,-,-0.0013882222198628768,0.020627045333551117
57,3039.321677101654,,,in-phase C-H stretching,nu(C8-O9),bond,9.234973204425359e-06,+,0.00019573161210456792,0.8345247457215548
57,3039.321677101654,,,in-phase C-H stretching,nu(C3-N5),bond,7.84726685997676e-06,+,0.0003106693605808838,0.28147971351032797
57,3039.321677101654,,,in-phase C-H stretching,tau(C4-C3-N5-C6),dihedral,6.964566243207871e-06,+,0.0006049561382258459,0.06588276594613837
57,3039.321677101654,,,in-phase C-H stretching,delta(C6-C7-C8),angle,6.080113726656364e-06,-,-0.0002825915443030914,0.2635839141319724
57,3039.321677101654,,,in-phase C-H stretching,"gamma(O9;C8,C7,H22)",oop,5.539567326221926e-06,-,-0.00041023151761691786,0.1139576076428222
57,3039.321677101654,,,in-phase C-H stretching,tau(H20-C6-C7-C8),dihedral,4.261564919323406e-06,-,-0.00019987570608068033,0.36929600751604197
57,3039.321677101654,,,in-phase C-H stretching,delta(N5-C6-H19),angle,4.2162831523723265e-06,+,0.0002578344900862666,0.21957013616155804
57,3039.321677101654,,,in-phase C-H stretching,delta(O9-C8-H22),angle,2.680103437330013e-06,-,-0.00017592192493835532,0.2998038078133957
57,3039.321677101654,,,in-phase C-H stretching,nu(C7-C8),bond,2.653999612908292e-06,-,-0.00017938055570134844,0.28554571717231075
57,3039.321677101654,,,in-phase C-H stretching,"gamma(N5;C6,C7,H20)",oop,2.6493978226615987e-06,+,8.315586427794222e-05,1.3264379453481014
57,3039.321677101654,,,in-phase C-H stretching,delta(C3-N5-C6),angle,2.5699046895476078e-06,+,0.0001417813404399133,0.4425928427372072
57,3039.321677101654,,,in-phase C-H stretching,delta(C7-C8-O9),angle,9.098296276599896e-07,-,-9.329094568981653e-05,0.361915021923592
57,3039.321677101654,,,in-phase C-H stretching,tau(C6-C7-C8-O9),dihedral,1.7887186549333287e-07,-,-0.0001533566163187651,0.02633070738300783
57,3039.321677101654,,,in-phase C-H stretching,tau(C3-N5-C7-H21),dihedral,7.339961441563544e-08,-,-4.157579818992185e-05,0.14700703306904594
57,3039.321677101654,,,in-phase C-H stretching,"gamma(N5;C7,C6,C8)",oop,5.989486295721994e-08,-,-1.0055531623683795e-05,2.0507136816458287
57,3039.321677101654,,,in-phase C-H stretching,delta(C7-C6-H20),angle,3.1877100690165613e-10,-,-2.2959201136141805e-06,0.20935859466531728
57,3039.321677101654,,,in-phase C-H stretching,delta(C3-N5-C7),angle,2.9679728248986325e-10,-,-1.831697969189344e-06,0.3062511428123691
58,3059.7805341364838,,,mixed-phase C-H stretching,nu(C2-H14),bond,53.73551806331954,+,0.773644223486642,0.3297243609541089
58,3059.7805341364838,,,mixed-phase C-H stretching,nu(C2-H13),bond,32.0513103456974,-,-0.5993105228344802,0.3277284562397979
58,3059.7805341364838,,,mixed-phase C-H stretching,nu(C1-H10),bond,7.014873091496948,-,-0.27589835553852654,0.3384494119949666
58,3059.7805341364838,,,mixed-phase C-H stretching,nu(C1-H11),bond,2.620084035590832,-,-0.1693984494528774,0.3353270039257434
58,3059.7805341364838,,,mixed-phase C-H stretching,nu(C1-H12),bond,1.9066022332754637,+,0.14544368206536867,0.3310110907707208
58,3059.7805341364838,,,mixed-phase C-H stretching,delta(C1-C2-H13),angle,0.5236834285466918,+,0.040757989626853876,1.157751871494402
58,3059.7805341364838,,,mixed-phase C-H stretching,nu(C3-H15),bond,0.41442416395602005,-,-0.07030315151628368,0.3079410963954522
58,3059.7805341364838,,,mixed-phase C-H stretching,nu(C4-H16),bond,0.40981658145111854,-,-0.06683228249746646,0.33696834756275934
58,3059.7805341364838,,,mixed-phase C-H stretching,nu(C4-H18),bond,0.24627770824663367,+,0.051765245076694354,0.3375364853619774
58,3059.7805341364838,,,mixed-phase C-H stretching,tau(C1-C2-C3-C4),dihedral,0.22134741725158663,+,0.04807946562128635,0.3516635565620462
58,3059.7805341364838,,,mixed-phase C-H stretching,delta(C3-C2-H13),angle,0.21443484893023151,+,0.030819641379386416,0.8291104208312534
58,3059.7805341364838,,,mixed-phase C-H stretching,delta(C1-C2-H14),angle,0.19840803698312934,-,-0.044507967910071,0.36783741091385147
58,3059.7805341364838,,,mixed-phase C-H stretching,delta(C2-C1-H12),angle,0.10959529162453253,-,-0.0426927694031732,0.22082864654339243
58,3059.7805341364838,,,mixed-phase C-H stretching,delta(C2-C3-H15),angle,0.09421514663498419,-,-0.024210080971606065,0.5903375570711772
58,3059.7805341364838,,,mixed-phase C-H stretching,delta(C2-C1-H10),angle,0.06560479243828511,+,0.03317286245655273,0.21894843186002957
58,3059.7805341364838,,,mixed-phase C-H stretching,tau(H13-C2-C3-N5),dihedral,0.06118372887902026,-,-0.025134725251869716,0.35568031212637796
58,3059.7805341364838,,,mixed-phase C-H stretching,tau(H11-C1-C2-C3),dihedral,0.027416515340438923,-,-0.024090300285223652,0.173500206926061
58,3059.7805341364838,,,mixed-phase C-H stretching,nu(C6-H20),bond,0.017775561133485773,+,0.013843922587279235,0.34062550565283833
58,3059.7805341364838,,,mixed-phase C-H stretching,tau(H10-C1-C2-H13),dihedral,0.01103955913560766,+,0.015237367213864197,0.1746240399816733
58,3059.7805341364838,,,mixed-phase C-H stretching,tau(H12-C1-C2-H14),dihedral,0.010029428793122427,+,0.014632843486632003,0.17202474146598562
58,3059.7805341364838,,,mixed-phase C-H stretching,delta(C1-C2-C3),angle,0.00948797303659331,+,0.0074662481271610725,0.6250874412298897
58,3059.7805341364838,,,mixed-phase C-H stretching,nu(C6-H19),bond,0.0074300119798154365,+,0.008833892562731864,0.3496692621462572
58,3059.7805341364838,,,mixed-phase C-H stretching,tau(C2-C3-C4-H17),dihedral,0.005154066992410072,+,0.03029302217153088,0.020627045333551117
58,3059.7805341364838,,,mixed-phase C-H stretching,nu(C8-H22),bond,0.005153341816076877,-,-0.00794745274695114,0.2996437407786608
58,3059.7805341364838,,,mixed-phase C-H stretching,nu(C4-H17),bond,0.003741313580179691,-,-0.0063851426279570985,0.33701953429854553
58,3059.7805341364838,,,mixed-phase C-H stretching,delta(C3-C4-H16),angle,0.003365781989938783,+,0.006311559568064572,0.31030214713203214
58,3059.7805341364838,,,mixed-phase C-H stretching,delta(C4-C3-H15),angle,0.0027285453049259115,+,0.005165924640666967,0.3754976345746755
58,3059.7805341364838,,,mixed-phase C-H stretching,delta(H13-C2-H14),angle,0.002439254403153717,-,-0.004177641617970882,0.5132948477004958
58,3059.7805341364838,,,mixed-phase C-H stretching,delta(C3-C4-H18),angle,0.0023243515599654274,-,-0.005249730548456985,0.30974190085035774
58,3059.7805341364838,,,mixed-phase C-H stretching,nu(C1-C2),bond,0.0007723950847908033,+,0.003197920575876787,0.27738075382051663
58,3059.7805341364838,,,mixed-phase C-H stretching,nu(C3-N5),bond,0.000672240946639687,+,0.002961590549263573,0.28147971351032797
58,3059.7805341364838,,,mixed-phase C-H stretching,nu(C2-C3),bond,0.0004104232796488005,-,-0.0023671268984339785,0.2690054474963341
58,3059.7805341364838,,,mixed-phase C-H stretching,delta(C3-N5-C6),angle,0.00038649340882914124,-,-0.0017908323762288601,0.4425928427372072
58,3059.7805341364838,,,mixed-phase C-H stretching,nu(C3-C4),bond,0.0003836834612787896,+,0.0022553970379830127,0.2770124173076562
58,3059.7805341364838,,,mixed-phase C-H stretching,delta(C2-C1-H11),angle,0.0002157862435587084,+,0.0018995075103518727,0.21964124363029877
58,3059.7805341364838,,,mixed-phase C-H stretching,delta(H16-C4-H17),angle,0.00020208349637007437,+,0.0016435592850150074,0.27474656297601174
58,3059.7805341364838,,,mixed-phase C-H stretching,delta(C2-C3-C4),angle,0.00019812202258035456,-,-0.0011212713864420386,0.578739924160285
58,3059.7805341364838,,,mixed-phase C-H stretching,delta(C3-N5-C7),angle,0.00019515406750149824,-,-0.0015298048357346898,0.3062511428123691
58,3059.7805341364838,,,mixed-phase C-H stretching,tau(C4-C3-N5-C6),dihedral,0.00018065994864724502,-,-0.00317344600951136,0.06588276594613837
58,3059.7805341364838,,,mixed-phase C-H stretching,delta(H17-C4-H18),angle,0.00015228574356277304,-,-0.0014228744554595602,0.27624743369002036
58,3059.7805341364838,,,mixed-phase C-H stretching,nu(C7-H21),bond,0.00014905042045358288,+,0.0012495060776494728,0.3506134958372735
58,3059.7805341364838,,,mixed-phase C-H stretching,tau(C3-N5-C7-H21),dihedral,0.0001454233286480004,+,0.0019060490341210091,0.14700703306904594
58,3059.7805341364838,,,mixed-phase C-H stretching,nu(N5-C6),bond,0.00013365571746487887,-,-0.0008997488112012698,0.6063412962020981
58,3059.7805341364838,,,mixed-phase C-H stretching,"gamma(N5;C3,C4,H15)",oop,0.00012884726027431617,+,0.0010549732161717574,0.42517183750888987
58,3059.7805341364838,,,mixed-phase C-H stretching,nu(C6-C7),bond,7.790505714922798e-05,-,-0.0009642394003626073,0.30772875007652795
58,3059.7805341364838,,,mixed-phase C-H stretching,"gamma(N5;C6,C7,H20)",oop,5.872520051217178e-05,+,0.0004032318888666334,1.3264379453481014
58,3059.7805341364838,,,mixed-phase C-H stretching,delta(C7-C8-O9),angle,2.5240339772277336e-05,-,-0.000506093055733109,0.361915021923592
58,3059.7805341364838,,,mixed-phase C-H stretching,nu(C7-C8),bond,1.8333925588598447e-05,+,0.000485596996050508,0.28554571717231075
58,3059.7805341364838,,,mixed-phase C-H stretching,nu(C8-O9),bond,1.3955940840651232e-05,+,0.0002478255250690502,0.8345247457215548
58,3059.7805341364838,,,mixed-phase C-H stretching,delta(O9-C8-H22),angle,7.434378392703363e-06,+,0.00030177957552629097,0.2998038078133957
58,3059.7805341364838,,,mixed-phase C-H stretching,delta(N5-C6-H19),angle,3.0191641780026276e-06,+,0.00022472056289829723,0.21957013616155804
58,3059.7805341364838,,,mixed-phase C-H stretching,"gamma(C7;C6,N5,H19)",oop,1.7483948066052485e-06,+,0.00010670236066921187,0.5639798938871293
58,3059.7805341364838,,,mixed-phase C-H stretching,delta(H16-C4-H18),angle,1.1340408713455452e-06,+,0.00012495674968629464,0.2667358784486755
58,3059.7805341364838,,,mixed-phase C-H stretching,"gamma(O9;C8,C7,H22)",oop,7.273290947947583e-07,+,0.00015310166132612794,0.1139576076428222
58,3059.7805341364838,,,mixed-phase C-H stretching,delta(N5-C7-H21),angle,3.148282951539035e-07,+,7.050433270022124e-05,0.23260246557067013
58,3059.7805341364838,,,mixed-phase C-H stretching,"gamma(N5;C7,C6,C8)",oop,2.3250864124738654e-07,-,-2.040577620361e-05,2.0507136816458287
58,3059.7805341364838,,,mixed-phase C-H stretching,tau(H20-C6-C7-C8),dihedral,1.5216729625015049e-07,+,3.890088130265336e-05,0.36929600751604197
58,3059.7805341364838,,,mixed-phase C-H stretching,tau(C6-C7-C8-O9),dihedral,1.3917129586487629e-07,-,-0.00013932519412315785,0.02633070738300783
58,3059.7805341364838,,,mixed-phase C-H stretching,delta(C7-C6-H20),angle,1.355843699449222e-08,+,1.5422170533095904e-05,0.20935859466531728
58,3059.7805341364838,,,mixed-phase C-H stretching,delta(C6-C7-C8),angle,1.7641987898054004e-10,-,-1.5678351365941754e-06,0.2635839141319724
59,3077.6990881254465,,,ring-site C-H stretching,nu(C6-H20),bond,72.91344730278657,-,-0.8787585362881728,0.34062550565283833
59,3077.6990881254465,,,ring-site C-H stretching,nu(C6-H19),bond,25.131836189066973,-,-0.5091991905496274,0.3496692621462572
59,3077.6990881254465,,,ring-site C-H stretching,nu(C1-H11),bond,0.9492828161952027,-,-0.10105734132880674,0.3353270039257434
59,3077.6990881254465,,,ring-site C-H stretching,nu(N5-C6),bond,0.4079316648616046,+,0.04926511013606813,0.6063412962020981
59,3077.6990881254465,,,ring-site C-H stretching,nu(C6-C7),bond,0.23603531921417686,+,0.052602790495073895,0.30772875007652795
59,3077.6990881254465,,,ring-site C-H stretching,nu(C1-H12),bond,0.10150380978490836,+,0.03326015140662862,0.3310110907707208
59,3077.6990881254465,,,ring-site C-H stretching,"gamma(N5;C6,C7,H20)",oop,0.08521943417260726,-,-0.015224049156234914,1.3264379453481014
59,3077.6990881254465,,,ring-site C-H stretching,nu(C4-H17),bond,0.024540778308765547,-,-0.01620768367761951,0.33701953429854553
59,3077.6990881254465,,,ring-site C-H stretching,delta(N5-C6-H19),angle,0.023133857022905154,-,-0.019495829180882187,0.21957013616155804
59,3077.6990881254465,,,ring-site C-H stretching,nu(C3-H15),bond,0.020133584642904746,-,-0.015357872209954857,0.3079410963954522
59,3077.6990881254465,,,ring-site C-H stretching,nu(C8-H22),bond,0.01951365126001622,-,-0.015327488095967803,0.2996437407786608
59,3077.6990881254465,,,ring-site C-H stretching,nu(C2-H14),bond,0.019486508002585213,-,-0.01460144427994189,0.3297243609541089
59,3077.6990881254465,,,ring-site C-H stretching,delta(C3-N5-C6),angle,0.014767540737295096,-,-0.010971252706592988,0.4425928427372072
59,3077.6990881254465,,,ring-site C-H stretching,delta(C6-C7-C8),angle,0.010319348960727854,-,-0.011884229254567313,0.2635839141319724
59,3077.6990881254465,,,ring-site C-H stretching,tau(H20-C6-C7-C8),dihedral,0.008968002862127105,-,-0.009359763728960866,0.36929600751604197
59,3077.6990881254465,,,ring-site C-H stretching,nu(C1-H10),bond,0.007128613031015294,-,-0.008716857796564488,0.3384494119949666
59,3077.6990881254465,,,ring-site C-H stretching,"gamma(N5;C7,C6,C8)",oop,0.006485241400077339,-,-0.003377651841999425,2.0507136816458287
59,3077.6990881254465,,,ring-site C-H stretching,"gamma(C7;C6,N5,H19)",oop,0.0037584267722547324,-,-0.004903154280598977,0.5639798938871293
59,3077.6990881254465,,,ring-site C-H stretching,nu(C4-H18),bond,0.003034896198518996,+,0.0056952905105383655,0.3375364853619774
59,3077.6990881254465,,,ring-site C-H stretching,nu(C4-H16),bond,0.0021916790780587316,-,-0.004843934364737705,0.33696834756275934
59,3077.6990881254465,,,ring-site C-H stretching,nu(C2-H13),bond,0.0011097840490332921,-,-0.0034951553691805718,0.3277284562397979
59,3077.6990881254465,,,ring-site C-H stretching,"gamma(N5;C3,C4,H15)",oop,0.0010792109710277878,-,-0.003026044106188175,0.42517183750888987
59,3077.6990881254465,,,ring-site C-H stretching,tau(H10-C1-C2-H13),dihedral,0.001043573883587403,-,-0.00464316276699797,0.1746240399816733
59,3077.6990881254465,,,ring-site C-H stretching,tau(C4-C3-N5-C6),dihedral,0.001025744645512991,-,-0.007494420213411151,0.06588276594613837
59,3077.6990881254465,,,ring-site C-H stretching,delta(C1-C2-C3),angle,0.001008632310643043,+,0.0024126836126105826,0.6250874412298897
59,3077.6990881254465,,,ring-site C-H stretching,delta(C2-C1-H12),angle,0.0007466431382978976,-,-0.003492473800126365,0.22082864654339243
59,3077.6990881254465,,,ring-site C-H stretching,delta(C2-C3-H15),angle,0.000627594513578321,+,0.001958365209667894,0.5903375570711772
59,3077.6990881254465,,,ring-site C-H stretching,delta(C2-C1-H11),angle,0.0004990400266787579,+,0.002862958589278724,0.21964124363029877
59,3077.6990881254465,,,ring-site C-H stretching,nu(C1-C2),bond,0.0004974773038172255,+,0.0025436233140116488,0.27738075382051663
59,3077.6990881254465,,,ring-site C-H stretching,delta(C4-C3-H15),angle,0.0004602416368748083,+,0.002102779202815297,0.3754976345746755
59,3077.6990881254465,,,ring-site C-H stretching,delta(O9-C8-H22),angle,0.00033755901896503616,+,0.002015397004677422,0.2998038078133957
59,3077.6990881254465,,,ring-site C-H stretching,delta(C7-C8-O9),angle,0.00029733058218033053,-,-0.0017215546303833728,0.361915021923592
59,3077.6990881254465,,,ring-site C-H stretching,delta(C1-C2-H14),angle,0.0002969300519918357,-,-0.0017064888368069496,0.36783741091385147
59,3077.6990881254465,,,ring-site C-H stretching,tau(C3-N5-C7-H21),dihedral,0.00028814906749265515,-,-0.0026591563664982876,0.14700703306904594
59,3077.6990881254465,,,ring-site C-H stretching,delta(C1-C2-H13),angle,0.00027009768751104404,-,-0.0009173963547049579,1.157751871494402
59,3077.6990881254465,,,ring-site C-H stretching,tau(H12-C1-C2-H14),dihedral,0.00026844815235167903,+,0.002372679487615008,0.17202474146598562
59,3077.6990881254465,,,ring-site C-H stretching,tau(C6-C7-C8-O9),dihedral,0.0002560563180763032,+,0.005922987387022413,0.02633070738300783
59,3077.6990881254465,,,ring-site C-H stretching,delta(C3-C2-H13),angle,0.0001938694582027264,-,-0.0009184443238223602,0.8291104208312534
59,3077.6990881254465,,,ring-site C-H stretching,delta(C3-C4-H18),angle,0.00016236975908335096,-,-0.0013751716690459344,0.30974190085035774
59,3077.6990881254465,,,ring-site C-H stretching,delta(C2-C1-H10),angle,0.00015467667376968574,-,-0.0015964150581724496,0.21894843186002957
59,3077.6990881254465,,,ring-site C-H stretching,tau(H11-C1-C2-C3),dihedral,0.00013089610436421868,+,0.0016497482838459619,0.173500206926061
59,3077.6990881254465,,,ring-site C-H stretching,nu(C7-H21),bond,0.0001152753936446612,+,0.0010890763207471517,0.3506134958372735
59,3077.6990881254465,,,ring-site C-H stretching,nu(C8-O9),bond,0.00010411257318425659,-,-0.0006708668057072095,0.8345247457215548
59,3077.6990881254465,,,ring-site C-H stretching,tau(C1-C2-C3-C4),dihedral,9.203222452193307e-05,+,0.00097165166848385,0.3516635565620462
59,3077.6990881254465,,,ring-site C-H stretching,tau(H13-C2-C3-N5),dihedral,5.855988394331863e-05,+,0.0007706807537293266,0.35568031212637796
59,3077.6990881254465,,,ring-site C-H stretching,delta(H16-C4-H17),angle,4.228412142874876e-05,+,0.0007451210705901499,0.27474656297601174
59,3077.6990881254465,,,ring-site C-H stretching,delta(C2-C3-C4),angle,3.8588237522598626e-05,+,0.000490444730882918,0.578739924160285
59,3077.6990881254465,,,ring-site C-H stretching,delta(H16-C4-H18),angle,2.0518643969597098e-05,-,-0.0005267904980653948,0.2667358784486755
59,3077.6990881254465,,,ring-site C-H stretching,delta(H13-C2-H14),angle,1.4453284719999055e-05,+,0.0003187162079349756,0.5132948477004958
59,3077.6990881254465,,,ring-site C-H stretching,delta(N5-C7-H21),angle,9.89161772370882e-06,+,0.00039167948769572764,0.23260246557067013
59,3077.6990881254465,,,ring-site C-H stretching,delta(C3-C4-H16),angle,9.813400715444088e-06,+,0.0003377704863232952,0.31030214713203214
59,3077.6990881254465,,,ring-site C-H stretching,delta(C3-N5-C7),angle,6.754918587428353e-06,+,0.00028208209704019875,0.3062511428123691
59,3077.6990881254465,,,ring-site C-H stretching,nu(C7-C8),bond,6.050656874255785e-06,+,0.0002764825716475023,0.28554571717231075
59,3077.6990881254465,,,ring-site C-H stretching,nu(C3-C4),bond,3.864088886993706e-06,+,0.00022432530066075074,0.2770124173076562
59,3077.6990881254465,,,ring-site C-H stretching,"gamma(O9;C8,C7,H22)",oop,2.2831014515146577e-06,+,0.00026884085406577265,0.1139576076428222
59,3077.6990881254465,,,ring-site C-H stretching,nu(C2-C3),bond,1.11063434216208e-06,+,0.0001220420052250888,0.2690054474963341
59,3077.6990881254465,,,ring-site C-H stretching,delta(H17-C4-H18),angle,7.188382375184246e-07,+,9.68881765015735e-05,0.27624743369002036
59,3077.6990881254465,,,ring-site C-H stretching,delta(C7-C6-H20),angle,5.01949338859458e-07,-,-9.300126783215592e-05,0.20935859466531728
59,3077.6990881254465,,,ring-site C-H stretching,tau(C2-C3-C4-H17),dihedral,1.893591831281093e-07,-,-0.00018198223613843966,0.020627045333551117
59,3077.6990881254465,,,ring-site C-H stretching,nu(C3-N5),bond,7.359380321611613e-09,+,9.711837261441686e-06,0.28147971351032797
60,3087.789268244974,,,mixed-phase C-H stretching,nu(C1-H11),bond,55.432970664973126,-,-0.7792211281777311,0.3353270039257434
60,3087.789268244974,,,mixed-phase C-H stretching,nu(C1-H12),bond,34.409785931897375,+,0.6179176780600877,0.3310110907707208
60,3087.789268244974,,,mixed-phase C-H stretching,nu(C2-H14),bond,6.032296855935275,-,-0.2592249160944431,0.3297243609541089
60,3087.789268244974,,,mixed-phase C-H stretching,nu(C1-H10),bond,1.6765814614817955,-,-0.13488894418591535,0.3384494119949666
60,3087.789268244974,,,mixed-phase C-H stretching,nu(C2-H13),bond,0.7626237931509422,+,0.09245044515957151,0.3277284562397979
60,3087.789268244974,,,mixed-phase C-H stretching,nu(C6-H20),bond,0.5821176334845989,+,0.0792278193815781,0.34062550565283833
60,3087.789268244974,,,mixed-phase C-H stretching,nu(C6-H19),bond,0.3064916743227381,+,0.05674028589200379,0.3496692621462572
60,3087.789268244974,,,mixed-phase C-H stretching,nu(C4-H16),bond,0.14344757488055473,+,0.039542393951718526,0.33696834756275934
60,3087.789268244974,,,mixed-phase C-H stretching,nu(C4-H18),bond,0.10480742057686625,-,-0.03377120536568626,0.3375364853619774
60,3087.789268244974,,,mixed-phase C-H stretching,tau(H10-C1-C2-H13),dihedral,0.0855998273342357,-,-0.04243217914961708,0.1746240399816733
60,3087.789268244974,,,mixed-phase C-H stretching,delta(C1-C2-C3),angle,0.07270485615052015,+,0.020669131601796197,0.6250874412298897
60,3087.789268244974,,,mixed-phase C-H stretching,delta(C2-C1-H12),angle,0.06991505151697813,-,-0.03410111215771419,0.22082864654339243
60,3087.789268244974,,,mixed-phase C-H stretching,delta(C2-C1-H11),angle,0.06476001440253819,+,0.03290845010553366,0.21964124363029877
60,3087.789268244974,,,mixed-phase C-H stretching,nu(C3-H15),bond,0.057599221307953016,+,0.026211108469186915,0.3079410963954522
60,3087.789268244974,,,mixed-phase C-H stretching,delta(C1-C2-H13),angle,0.03442957267919152,-,-0.010451267841835787,1.157751871494402
60,3087.789268244974,,,mixed-phase C-H stretching,nu(C4-H17),bond,0.03104026924051367,-,-0.018392726383588087,0.33701953429854553
60,3087.789268244974,,,mixed-phase C-H stretching,tau(H11-C1-C2-C3),dihedral,0.029418592435231355,+,0.024955820527226454,0.173500206926061
60,3087.789268244974,,,mixed-phase C-H stretching,delta(C1-C2-H14),angle,0.027368795734115377,-,-0.016531444485046638,0.36783741091385147
60,3087.789268244974,,,mixed-phase C-H stretching,delta(C3-C2-H13),angle,0.016674345197528907,-,-0.008594668188206697,0.8291104208312534
60,3087.789268244974,,,mixed-phase C-H stretching,nu(C1-C2),bond,0.011468099658305352,+,0.01232305748971453,0.27738075382051663
60,3087.789268244974,,,mixed-phase C-H stretching,delta(C2-C3-H15),angle,0.010468021550152572,+,0.008070361794186687,0.5903375570711772
60,3087.789268244974,,,mixed-phase C-H stretching,tau(H12-C1-C2-H14),dihedral,0.007737018954293803,+,0.012852934103235198,0.17202474146598562
60,3087.789268244974,,,mixed-phase C-H stretching,tau(H13-C2-C3-N5),dihedral,0.007313605251847912,+,0.008690539785251325,0.35568031212637796
60,3087.789268244974,,,mixed-phase C-H stretching,delta(H13-C2-H14),angle,0.004435646659901562,+,0.005633858390506886,0.5132948477004958
60,3087.789268244974,,,mixed-phase C-H stretching,nu(N5-C6),bond,0.003974833364867336,-,-0.004906951854632559,0.6063412962020981
60,3087.789268244974,,,mixed-phase C-H stretching,nu(C6-C7),bond,0.0022456998576102184,-,-0.005177292796390884,0.30772875007652795
60,3087.789268244974,,,mixed-phase C-H stretching,delta(C2-C1-H10),angle,0.001913468204255365,-,-0.005665661360074293,0.21894843186002957
60,3087.789268244974,,,mixed-phase C-H stretching,nu(C8-H22),bond,0.001646232793080013,+,0.004492146659370407,0.2996437407786608
60,3087.789268244974,,,mixed-phase C-H stretching,nu(C2-C3),bond,0.0014496071268455884,+,0.004448929541491844,0.2690054474963341
60,3087.789268244974,,,mixed-phase C-H stretching,tau(C1-C2-C3-C4),dihedral,0.001365615675403712,+,0.003776691162737826,0.3516635565620462
60,3087.789268244974,,,mixed-phase C-H stretching,delta(C3-C4-H16),angle,0.0012045581137157494,-,-0.0037760035658209604,0.31030214713203214
60,3087.789268244974,,,mixed-phase C-H stretching,delta(C4-C3-H15),angle,0.0011253886368388225,-,-0.0033178639030418114,0.3754976345746755
60,3087.789268244974,,,mixed-phase C-H stretching,tau(C2-C3-C4-H17),dihedral,0.0004576082470686251,-,-0.009026914256851076,0.020627045333551117
60,3087.789268244974,,,mixed-phase C-H stretching,"gamma(N5;C6,C7,H20)",oop,0.00041626406339662943,+,0.0010736232268333916,1.3264379453481014
60,3087.789268244974,,,mixed-phase C-H stretching,delta(C3-C4-H18),angle,0.0003887844274554285,+,0.0021471646989360002,0.30974190085035774
60,3087.789268244974,,,mixed-phase C-H stretching,delta(H17-C4-H18),angle,0.00032165689395502277,+,0.0020680365652504607,0.27624743369002036
60,3087.789268244974,,,mixed-phase C-H stretching,tau(H20-C6-C7-C8),dihedral,0.00024082625206903183,+,0.0015476598447769709,0.36929600751604197
60,3087.789268244974,,,mixed-phase C-H stretching,delta(C3-N5-C6),angle,0.00023188335906845816,+,0.0013872141357280095,0.4425928427372072
60,3087.789268244974,,,mixed-phase C-H stretching,delta(C2-C3-C4),angle,0.00018602529344892316,-,-0.0010865636826530131,0.578739924160285
60,3087.789268244974,,,mixed-phase C-H stretching,delta(N5-C6-H19),angle,0.00014377415903416973,+,0.0015508317719621215,0.21957013616155804
60,3087.789268244974,,,mixed-phase C-H stretching,tau(C4-C3-N5-C6),dihedral,0.0001290037446079581,+,0.0026817985642872233,0.06588276594613837
60,3087.789268244974,,,mixed-phase C-H stretching,"gamma(N5;C7,C6,C8)",oop,0.00011538053958356919,+,0.00045459502209725916,2.0507136816458287
60,3087.789268244974,,,mixed-phase C-H stretching,delta(C6-C7-C8),angle,7.068854904148208e-05,+,0.0009924896573698262,0.2635839141319724
60,3087.789268244974,,,mixed-phase C-H stretching,nu(C7-H21),bond,6.184417417705728e-05,-,-0.000804907529975504,0.3506134958372735
60,3087.789268244974,,,mixed-phase C-H stretching,nu(C3-N5),bond,6.0304202479875406e-05,-,-0.0008870766473689939,0.28147971351032797
60,3087.789268244974,,,mixed-phase C-H stretching,"gamma(C7;C6,N5,H19)",oop,5.153529599474977e-05,+,0.0005793372908050032,0.5639798938871293
60,3087.789268244974,,,mixed-phase C-H stretching,delta(H16-C4-H17),angle,3.6096818332465594e-05,-,-0.0006946711058640222,0.27474656297601174
60,3087.789268244974,,,mixed-phase C-H stretching,"gamma(N5;C3,C4,H15)",oop,3.418902677725897e-05,-,-0.0005434655650257884,0.42517183750888987
60,3087.789268244974,,,mixed-phase C-H stretching,delta(H16-C4-H18),angle,1.591839795907665e-05,-,-0.0004681875580156003,0.2667358784486755
60,3087.789268244974,,,mixed-phase C-H stretching,delta(C7-C8-O9),angle,1.3529849106720198e-05,+,0.00037055619578489656,0.361915021923592
60,3087.789268244974,,,mixed-phase C-H stretching,nu(C3-C4),bond,8.284913981329474e-06,-,-0.000331440282707101,0.2770124173076562
60,3087.789268244974,,,mixed-phase C-H stretching,delta(C3-N5-C7),angle,7.51296448527126e-06,+,0.0003001772097563928,0.3062511428123691
60,3087.789268244974,,,mixed-phase C-H stretching,delta(O9-C8-H22),angle,6.460040208321573e-06,-,-0.0002813260482254904,0.2998038078133957
60,3087.789268244974,,,mixed-phase C-H stretching,nu(C8-O9),bond,6.240493415669271e-06,-,-0.00016572985963560536,0.8345247457215548
60,3087.789268244974,,,mixed-phase C-H stretching,delta(C7-C6-H20),angle,4.163818713774452e-06,+,0.0002702784480998486,0.20935859466531728
60,3087.789268244974,,,mixed-phase C-H stretching,tau(C3-N5-C7-H21),dihedral,3.8569300991071966e-06,-,-0.0003104293211153132,0.14700703306904594
60,3087.789268244974,,,mixed-phase C-H stretching,tau(C6-C7-C8-O9),dihedral,3.4998613023684205e-06,-,-0.0006987230349873944,0.02633070738300783
60,3087.789268244974,,,mixed-phase C-H stretching,nu(C7-C8),bond,2.036604538221037e-06,-,-0.0001618551176140485,0.28554571717231075
60,3087.789268244974,,,mixed-phase C-H stretching,delta(N5-C7-H21),angle,1.1585808879887441e-06,-,-0.0001352592361556662,0.23260246557067013
60,3087.789268244974,,,mixed-phase C-H stretching,"gamma(O9;C8,C7,H22)",oop,1.1994960603463434e-07,-,-6.217827348066666e-05,0.1139576076428222
61,3103.4065777090714,,,mixed-phase C-H stretching,nu(C4-H17),bond,64.48791867772837,-,-0.8441986364225944,0.33701953429854553
61,3103.4065777090714,,,mixed-phase C-H stretching,nu(C4-H18),bond,16.46610646120038,+,0.4262536400155614,0.3375364853619774
61,3103.4065777090714,,,mixed-phase C-H stretching,nu(C4-H16),bond,14.556795127932286,+,0.40111724518408576,0.33696834756275934
61,3103.4065777090714,,,mixed-phase C-H stretching,nu(C1-H10),bond,2.824507050747526,+,0.176302086778128,0.3384494119949666
61,3103.4065777090714,,,mixed-phase C-H stretching,nu(C1-H11),bond,0.5157346615891248,-,-0.07568536315620261,0.3353270039257434
61,3103.4065777090714,,,mixed-phase C-H stretching,nu(C1-H12),bond,0.38669721090547704,-,-0.06596252173992674,0.3310110907707208
61,3103.4065777090714,,,mixed-phase C-H stretching,nu(C2-H14),bond,0.13805185697084138,+,0.03948922513085492,0.3297243609541089
61,3103.4065777090714,,,mixed-phase C-H stretching,delta(C2-C3-C4),angle,0.12673433404529177,+,0.028558699397066904,0.578739924160285
61,3103.4065777090714,,,mixed-phase C-H stretching,delta(H16-C4-H18),angle,0.11519875753528304,-,-0.04010663102413307,0.2667358784486755
61,3103.4065777090714,,,mixed-phase C-H stretching,nu(C3-H15),bond,0.07978415835071395,-,-0.031064009568227663,0.3079410963954522
61,3103.4065777090714,,,mixed-phase C-H stretching,delta(C3-C4-H18),angle,0.04792310996803775,-,-0.024005210601301473,0.30974190085035774
61,3103.4065777090714,,,mixed-phase C-H stretching,"gamma(N5;C3,C4,H15)",oop,0.04253576235145318,-,-0.01930313591487984,0.42517183750888987
61,3103.4065777090714,,,mixed-phase C-H stretching,delta(C3-C4-H16),angle,0.03795581673336341,-,-0.021344195165476715,0.31030214713203214
61,3103.4065777090714,,,mixed-phase C-H stretching,nu(C2-H13),bond,0.03386163728416056,-,-0.019616878567654525,0.3277284562397979
61,3103.4065777090714,,,mixed-phase C-H stretching,delta(H16-C4-H17),angle,0.027607553482310566,+,0.019345538809983572,0.27474656297601174
61,3103.4065777090714,,,mixed-phase C-H stretching,delta(H17-C4-H18),angle,0.02584083794241311,+,0.018665394498785876,0.27624743369002036
61,3103.4065777090714,,,mixed-phase C-H stretching,delta(C4-C3-H15),angle,0.019753830122393144,-,-0.013997647665965954,0.3754976345746755
61,3103.4065777090714,,,mixed-phase C-H stretching,nu(C6-H20),bond,0.01828027983692575,+,0.01413793044927873,0.34062550565283833
61,3103.4065777090714,,,mixed-phase C-H stretching,tau(C4-C3-N5-C6),dihedral,0.012538829493152737,+,0.02662414008180098,0.06588276594613837
61,3103.4065777090714,,,mixed-phase C-H stretching,delta(C1-C2-H13),angle,0.008079882198629365,-,-0.005098327994344757,1.157751871494402
61,3103.4065777090714,,,mixed-phase C-H stretching,nu(C6-H19),bond,0.00801790593267561,+,0.00924133583402869,0.3496692621462572
61,3103.4065777090714,,,mixed-phase C-H stretching,nu(C8-H22),bond,0.0042264760654749725,-,-0.007248023704422046,0.2996437407786608
61,3103.4065777090714,,,mixed-phase C-H stretching,delta(C2-C1-H10),angle,0.003923285783406534,-,-0.008169341590485187,0.21894843186002957
61,3103.4065777090714,,,mixed-phase C-H stretching,tau(H12-C1-C2-H14),dihedral,0.002199552254750456,+,0.006900883380541786,0.17202474146598562
61,3103.4065777090714,,,mixed-phase C-H stretching,tau(H11-C1-C2-C3),dihedral,0.00168032159961847,-,-0.006005915389688292,0.173500206926061
61,3103.4065777090714,,,mixed-phase C-H stretching,tau(C1-C2-C3-C4),dihedral,0.001588930945337962,-,-0.004102247252086998,0.3516635565620462
61,3103.4065777090714,,,mixed-phase C-H stretching,delta(C2-C1-H11),angle,0.001549330262369189,+,0.005125639502678735,0.21964124363029877
61,3103.4065777090714,,,mixed-phase C-H stretching,delta(C1-C2-C3),angle,0.0010066865874971364,+,0.0024491182673125273,0.6250874412298897
61,3103.4065777090714,,,mixed-phase C-H stretching,delta(C3-C2-H13),angle,0.0008110107827083886,+,0.0019087107983905148,0.8291104208312534
61,3103.4065777090714,,,mixed-phase C-H stretching,delta(C2-C1-H12),angle,0.0006651215763862801,+,0.003349313624206874,0.22082864654339243
61,3103.4065777090714,,,mixed-phase C-H stretching,nu(C3-C4),bond,0.000577663077725209,+,0.002786895533325557,0.2770124173076562
61,3103.4065777090714,,,mixed-phase C-H stretching,delta(C2-C3-H15),angle,0.0003776882316077128,-,-0.0015436524363560246,0.5903375570711772
61,3103.4065777090714,,,mixed-phase C-H stretching,nu(C2-C3),bond,0.0002707442799658525,+,0.001936119284791186,0.2690054474963341
61,3103.4065777090714,,,mixed-phase C-H stretching,tau(H13-C2-C3-N5),dihedral,0.0002292600525427984,-,-0.001549413314795064,0.35568031212637796
61,3103.4065777090714,,,mixed-phase C-H stretching,nu(C7-H21),bond,0.0002211434248332361,-,-0.0015326948716805587,0.3506134958372735
61,3103.4065777090714,,,mixed-phase C-H stretching,nu(C1-C2),bond,0.0001967910064384698,-,-0.0016255392656236204,0.27738075382051663
61,3103.4065777090714,,,mixed-phase C-H stretching,delta(C1-C2-H14),angle,8.707462815035435e-05,+,0.0009389681666801598,0.36783741091385147
61,3103.4065777090714,,,mixed-phase C-H stretching,nu(C6-C7),bond,8.38239533881346e-05,-,-0.001007240167438024,0.30772875007652795
61,3103.4065777090714,,,mixed-phase C-H stretching,delta(C3-N5-C6),angle,5.859901373780066e-05,-,-0.0007022244767565286,0.4425928427372072
61,3103.4065777090714,,,mixed-phase C-H stretching,delta(C3-N5-C7),angle,5.195954721659801e-05,-,-0.0007949262219156453,0.3062511428123691
61,3103.4065777090714,,,mixed-phase C-H stretching,nu(N5-C6),bond,4.366779620808065e-05,-,-0.0005179109183171901,0.6063412962020981
61,3103.4065777090714,,,mixed-phase C-H stretching,"gamma(N5;C6,C7,H20)",oop,3.1798378592301e-05,+,0.00029880786359472237,1.3264379453481014
61,3103.4065777090714,,,mixed-phase C-H stretching,nu(C7-C8),bond,3.128262381828522e-05,+,0.0006387733133801737,0.28554571717231075
61,3103.4065777090714,,,mixed-phase C-H stretching,delta(O9-C8-H22),angle,2.9998559774589952e-05,+,0.0006104704312633962,0.2998038078133957
61,3103.4065777090714,,,mixed-phase C-H stretching,tau(C3-N5-C7-H21),dihedral,2.1550206662608246e-05,+,0.0007389068054605284,0.14700703306904594
61,3103.4065777090714,,,mixed-phase C-H stretching,"gamma(N5;C7,C6,C8)",oop,2.1279829324979127e-05,-,-0.00019659141966730788,2.0507136816458287
61,3103.4065777090714,,,mixed-phase C-H stretching,tau(C2-C3-C4-H17),dihedral,1.7144996074489082e-05,+,0.0017594753493040286,0.020627045333551117
61,3103.4065777090714,,,mixed-phase C-H stretching,delta(C7-C8-O9),angle,1.7121449152389754e-05,-,-0.00041975894392149387,0.361915021923592
61,3103.4065777090714,,,mixed-phase C-H stretching,nu(C8-O9),bond,1.5413424805713355e-05,+,0.00026227866693237804,0.8345247457215548
61,3103.4065777090714,,,mixed-phase C-H stretching,delta(N5-C6-H19),angle,1.1556482661946495e-05,+,0.00044275064607468843,0.21957013616155804
61,3103.4065777090714,,,mixed-phase C-H stretching,"gamma(O9;C8,C7,H22)",oop,9.51384033607176e-06,+,0.0005576211924849623,0.1139576076428222
61,3103.4065777090714,,,mixed-phase C-H stretching,tau(H10-C1-C2-H13),dihedral,7.639869932685013e-06,+,0.0004036676718042975,0.1746240399816733
61,3103.4065777090714,,,mixed-phase C-H stretching,nu(C3-N5),bond,6.881494991871602e-06,-,-0.00030175248275835106,0.28147971351032797
61,3103.4065777090714,,,mixed-phase C-H stretching,tau(H20-C6-C7-C8),dihedral,2.7821825052794995e-06,+,0.00016750913832927266,0.36929600751604197
61,3103.4065777090714,,,mixed-phase C-H stretching,delta(N5-C7-H21),angle,1.1572776406266815e-06,+,0.00013612711091092394,0.23260246557067013
61,3103.4065777090714,,,mixed-phase C-H stretching,delta(C7-C6-H20),angle,6.735447073959744e-07,-,-0.0001094638754726192,0.20935859466531728
61,3103.4065777090714,,,mixed-phase C-H stretching,delta(H13-C2-H14),angle,6.494280689284432e-07,-,-6.864597508338847e-05,0.5132948477004958
61,3103.4065777090714,,,mixed-phase C-H stretching,"gamma(C7;C6,N5,H19)",oop,5.295017069240512e-07,-,-5.9133675622119704e-05,0.5639798938871293
61,3103.4065777090714,,,mixed-phase C-H stretching,delta(C6-C7-C8),angle,1.420422443273463e-07,+,4.480044363548906e-05,0.2635839141319724
61,3103.4065777090714,,,mixed-phase C-H stretching,tau(C6-C7-C8-O9),dihedral,1.1646842892806208e-08,+,4.058876604887158e-05,0.02633070738300783
62,3105.4400098230444,,,mixed-phase C-H stretching,nu(C1-H10),bond,57.81465829266081,-,-0.7976616602113843,0.3384494119949666
62,3105.4400098230444,,,mixed-phase C-H stretching,nu(C4-H16),bond,13.842758537215538,+,0.39116805993672255,0.33696834756275934
62,3105.4400098230444,,,mixed-phase C-H stretching,nu(C1-H11),bond,13.410733544138916,+,0.3859567324807432,0.3353270039257434
62,3105.4400098230444,,,mixed-phase C-H stretching,nu(C4-H18),bond,5.377021278706622,-,-0.24358869799566452,0.3375364853619774
62,3105.4400098230444,,,mixed-phase C-H stretching,nu(C1-H12),bond,4.140197386354086,+,0.21584195660500757,0.3310110907707208
62,3105.4400098230444,,,mixed-phase C-H stretching,nu(C4-H17),bond,2.386374143337016,-,-0.16240086899156914,0.33701953429854553
62,3105.4400098230444,,,mixed-phase C-H stretching,nu(C2-H13),bond,1.7968748797572536,+,0.142905341138708,0.3277284562397979
62,3105.4400098230444,,,mixed-phase C-H stretching,nu(C2-H14),bond,0.6296965038143476,-,-0.08434061080153916,0.3297243609541089
62,3105.4400098230444,,,mixed-phase C-H stretching,delta(C1-C2-H13),angle,0.13856652203303274,+,0.021113879121938326,1.157751871494402
62,3105.4400098230444,,,mixed-phase C-H stretching,delta(C2-C1-H10),angle,0.07036999992011594,+,0.03459947222765018,0.21894843186002957
62,3105.4400098230444,,,mixed-phase C-H stretching,tau(H12-C1-C2-H14),dihedral,0.05495177089554621,-,-0.034493876803149304,0.17202474146598562
62,3105.4400098230444,,,mixed-phase C-H stretching,nu(C6-H20),bond,0.04138016629246404,-,-0.021271795644099544,0.34062550565283833
62,3105.4400098230444,,,mixed-phase C-H stretching,delta(C2-C1-H11),angle,0.03864586031188217,-,-0.025600070500499297,0.21964124363029877
62,3105.4400098230444,,,mixed-phase C-H stretching,delta(C3-C4-H16),angle,0.0369603821496025,-,-0.021063108000829976,0.31030214713203214
62,3105.4400098230444,,,mixed-phase C-H stretching,tau(H11-C1-C2-C3),dihedral,0.03590678762725802,+,0.02776418288388644,0.173500206926061
62,3105.4400098230444,,,mixed-phase C-H stretching,delta(C1-C2-C3),angle,0.029060987956889623,-,-0.013159258521353575,0.6250874412298897
62,3105.4400098230444,,,mixed-phase C-H stretching,nu(C3-H15),bond,0.026807582564523254,-,-0.018007010538881853,0.3079410963954522
62,3105.4400098230444,,,mixed-phase C-H stretching,delta(H17-C4-H18),angle,0.025655660953758406,+,0.01859897866400281,0.27624743369002036
62,3105.4400098230444,,,mixed-phase C-H stretching,delta(C4-C3-H15),angle,0.02121870987387718,-,-0.014507831506323877,0.3754976345746755
62,3105.4400098230444,,,mixed-phase C-H stretching,delta(C3-C4-H18),angle,0.013274609479147487,+,0.012634484171277589,0.30974190085035774
62,3105.4400098230444,,,mixed-phase C-H stretching,delta(C2-C1-H12),angle,0.012861920453302027,-,-0.014728951183695133,0.22082864654339243
62,3105.4400098230444,,,mixed-phase C-H stretching,delta(C3-C2-H13),angle,0.009601150836295893,-,-0.00656753019130512,0.8291104208312534
62,3105.4400098230444,,,mixed-phase C-H stretching,delta(H16-C4-H17),angle,0.009334344143481988,-,-0.011249219440062741,0.27474656297601174
62,3105.4400098230444,,,mixed-phase C-H stretching,nu(C6-H19),bond,0.006639320017542147,-,-0.008409684269134519,0.3496692621462572
62,3105.4400098230444,,,mixed-phase C-H stretching,delta(C2-C3-C4),angle,0.0049237982590912,+,0.005629308142983314,0.578739924160285
62,3105.4400098230444,,,mixed-phase C-H stretching,delta(H16-C4-H18),angle,0.004125891872809605,-,-0.007590402769459902,0.2667358784486755
62,3105.4400098230444,,,mixed-phase C-H stretching,delta(C2-C3-H15),angle,0.0037734810117976076,+,0.004879412069101953,0.5903375570711772
62,3105.4400098230444,,,mixed-phase C-H stretching,delta(C1-C2-H14),angle,0.003609716312796581,-,-0.006045819903131993,0.36783741091385147
62,3105.4400098230444,,,mixed-phase C-H stretching,tau(C2-C3-C4-H17),dihedral,0.0024791616281728416,-,-0.021158288161827944,0.020627045333551117
62,3105.4400098230444,,,mixed-phase C-H stretching,nu(C7-H21),bond,0.002400423938044687,-,-0.005049824424271024,0.3506134958372735
62,3105.4400098230444,,,mixed-phase C-H stretching,tau(C1-C2-C3-C4),dihedral,0.002236189440525487,+,0.00486672977404667,0.3516635565620462
62,3105.4400098230444,,,mixed-phase C-H stretching,tau(C4-C3-N5-C6),dihedral,0.002222425256074324,+,0.01120919149210286,0.06588276594613837
62,3105.4400098230444,,,mixed-phase C-H stretching,nu(C1-C2),bond,0.0018997181571536398,+,0.005050717096605392,0.27738075382051663
62,3105.4400098230444,,,mixed-phase C-H stretching,delta(H13-C2-H14),angle,0.0007313430955840448,-,-0.0023036884709415157,0.5132948477004958
62,3105.4400098230444,,,mixed-phase C-H stretching,tau(H10-C1-C2-H13),dihedral,0.000688335538182057,+,0.003831728232393758,0.1746240399816733
62,3105.4400098230444,,,mixed-phase C-H stretching,"gamma(N5;C3,C4,H15)",oop,0.00027307605330088787,+,0.0015467003442589035,0.42517183750888987
62,3105.4400098230444,,,mixed-phase C-H stretching,tau(H13-C2-C3-N5),dihedral,0.000268462521376349,+,0.001676712251235248,0.35568031212637796
62,3105.4400098230444,,,mixed-phase C-H stretching,nu(C3-C4),bond,0.0002340409683536855,+,0.0017739564060929777,0.2770124173076562
62,3105.4400098230444,,,mixed-phase C-H stretching,nu(C8-H22),bond,0.00011885782435597301,-,-0.0012155082240082377,0.2996437407786608
62,3105.4400098230444,,,mixed-phase C-H stretching,nu(N5-C6),bond,0.00010049426942444982,+,0.0007857035098717719,0.6063412962020981
62,3105.4400098230444,,,mixed-phase C-H stretching,nu(C6-C7),bond,9.618356558600412e-05,+,0.0010789790651064795,0.30772875007652795
62,3105.4400098230444,,,mixed-phase C-H stretching,nu(C2-C3),bond,9.244409565107998e-05,-,-0.0011313726354043616,0.2690054474963341
62,3105.4400098230444,,,mixed-phase C-H stretching,delta(C3-N5-C6),angle,9.14696687560623e-05,-,-0.0008773703998370373,0.4425928427372072
62,3105.4400098230444,,,mixed-phase C-H stretching,delta(C6-C7-C8),angle,1.7136745582628416e-05,-,-0.0004920977072726961,0.2635839141319724
62,3105.4400098230444,,,mixed-phase C-H stretching,nu(C3-N5),bond,1.3275907429678676e-05,+,0.000419136204261051,0.28147971351032797
62,3105.4400098230444,,,mixed-phase C-H stretching,delta(N5-C6-H19),angle,1.2795888933432408e-05,-,-0.00046590268552480356,0.21957013616155804
62,3105.4400098230444,,,mixed-phase C-H stretching,delta(C7-C6-H20),angle,1.0109099935771522e-05,+,0.000424089447548461,0.20935859466531728
62,3105.4400098230444,,,mixed-phase C-H stretching,delta(C3-N5-C7),angle,6.5138718694157915e-06,-,-0.00028146692288931496,0.3062511428123691
62,3105.4400098230444,,,mixed-phase C-H stretching,tau(C3-N5-C7-H21),dihedral,6.497347542905717e-06,+,0.0004057379317455658,0.14700703306904594
62,3105.4400098230444,,,mixed-phase C-H stretching,"gamma(N5;C6,C7,H20)",oop,5.1548464494783055e-06,-,-0.00012031257349249404,1.3264379453481014
62,3105.4400098230444,,,mixed-phase C-H stretching,nu(C8-O9),bond,5.005277932461655e-06,+,0.0001494655511416815,0.8345247457215548
62,3105.4400098230444,,,mixed-phase C-H stretching,delta(C7-C8-O9),angle,3.974639556074513e-06,-,-0.0002022517037905791,0.361915021923592
62,3105.4400098230444,,,mixed-phase C-H stretching,"gamma(N5;C7,C6,C8)",oop,1.7082163822020046e-06,-,-5.5701327461118044e-05,2.0507136816458287
62,3105.4400098230444,,,mixed-phase C-H stretching,tau(H20-C6-C7-C8),dihedral,9.284827968576482e-07,-,-9.677122594860988e-05,0.36929600751604197
62,3105.4400098230444,,,mixed-phase C-H stretching,delta(N5-C7-H21),angle,3.9883355670249494e-07,+,7.991628872488941e-05,0.23260246557067013
62,3105.4400098230444,,,mixed-phase C-H stretching,delta(O9-C8-H22),angle,3.3218533371287026e-07,+,6.42418846462372e-05,0.2998038078133957
62,3105.4400098230444,,,mixed-phase C-H stretching,"gamma(O9;C8,C7,H22)",oop,2.0252914836156317e-07,+,8.136145846790217e-05,0.1139576076428222
62,3105.4400098230444,,,mixed-phase C-H stretching,"gamma(C7;C6,N5,H19)",oop,6.66249573699249e-08,+,2.097651223991265e-05,0.5639798938871293
62,3105.4400098230444,,,mixed-phase C-H stretching,tau(C6-C7-C8-O9),dihedral,2.987201079497444e-08,-,-6.500512292654395e-05,0.02633070738300783
62,3105.4400098230444,,,mixed-phase C-H stretching,nu(C7-C8),bond,1.4660255287113423e-08,-,-1.38286428280163e-05,0.28554571717231075
63,3108.2310697230573,,,mixed-phase C-H stretching,nu(C4-H18),bond,45.59053251451544,-,-0.7097403150558814,0.3375364853619774
63,3108.2310697230573,,,mixed-phase C-H stretching,nu(C4-H16),bond,34.83958051156293,+,0.6209611203385015,0.33696834756275934
63,3108.2310697230573,,,mixed-phase C-H stretching,nu(C1-H10),bond,12.343086417905269,+,0.3687971084516762,0.3384494119949666
63,3108.2310697230573,,,mixed-phase C-H stretching,nu(C1-H11),bond,2.1116293428537993,-,-0.1532488006227756,0.3353270039257434
63,3108.2310697230573,,,mixed-phase C-H stretching,nu(C2-H13),bond,1.69825665122044,-,-0.13901673696221103,0.3277284562397979
63,3108.2310697230573,,,mixed-phase C-H stretching,nu(C1-H12),bond,1.273948590071005,-,-0.11980561779868817,0.3310110907707208
63,3108.2310697230573,,,mixed-phase C-H stretching,nu(C2-H14),bond,1.0614982715488201,+,0.10957377712805992,0.3297243609541089
63,3108.2310697230573,,,mixed-phase C-H stretching,nu(C3-H15),bond,0.2861190207505315,-,-0.05886566351292559,0.3079410963954522
63,3108.2310697230573,,,mixed-phase C-H stretching,nu(C4-H17),bond,0.20343697562907948,+,0.047447126177130886,0.33701953429854553
63,3108.2310697230573,,,mixed-phase C-H stretching,delta(C3-C4-H18),angle,0.1065525473487562,+,0.03581825658843578,0.30974190085035774
63,3108.2310697230573,,,mixed-phase C-H stretching,tau(C1-C2-C3-C4),dihedral,0.10183765414565851,-,-0.03286343956604847,0.3516635565620462
63,3108.2310697230573,,,mixed-phase C-H stretching,delta(C3-C4-H16),angle,0.08710468738489346,-,-0.03235570575967796,0.31030214713203214
63,3108.2310697230573,,,mixed-phase C-H stretching,delta(H16-C4-H17),angle,0.07871204201800713,-,-0.032687142778920625,0.27474656297601174
63,3108.2310697230573,,,mixed-phase C-H stretching,delta(H17-C4-H18),angle,0.07086268878714348,+,0.03093016180113223,0.27624743369002036
63,3108.2310697230573,,,mixed-phase C-H stretching,delta(C4-C3-H15),angle,0.045780476908032254,-,-0.02132352786124093,0.3754976345746755
63,3108.2310697230573,,,mixed-phase C-H stretching,"gamma(N5;C3,C4,H15)",oop,0.02120328660174228,+,0.013637722565426738,0.42517183750888987
63,3108.2310697230573,,,mixed-phase C-H stretching,tau(H12-C1-C2-H14),dihedral,0.012679573185124826,+,0.016579802958821267,0.17202474146598562
63,3108.2310697230573,,,mixed-phase C-H stretching,tau(H11-C1-C2-C3),dihedral,0.01005092332666206,-,-0.01469858356848797,0.173500206926061
63,3108.2310697230573,,,mixed-phase C-H stretching,delta(C1-C2-H13),angle,0.00958613336784731,-,-0.00555695003706898,1.157751871494402
63,3108.2310697230573,,,mixed-phase C-H stretching,delta(C2-C1-H10),angle,0.009572490973621683,-,-0.01276921112680276,0.21894843186002957
63,3108.2310697230573,,,mixed-phase C-H stretching,delta(C2-C1-H11),angle,0.006220871411360067,+,0.010277587184894616,0.21964124363029877
63,3108.2310697230573,,,mixed-phase C-H stretching,delta(C3-C2-H13),angle,0.004950776822646753,+,0.004719032758774081,0.8291104208312534
63,3108.2310697230573,,,mixed-phase C-H stretching,tau(C2-C3-C4-H17),dihedral,0.004828493826489131,-,-0.029546757865360252,0.020627045333551117
63,3108.2310697230573,,,mixed-phase C-H stretching,nu(C8-H22),bond,0.0041188191824227385,-,-0.007159888558534241,0.2996437407786608
63,3108.2310697230573,,,mixed-phase C-H stretching,delta(C2-C3-C4),angle,0.00395141160783942,-,-0.005046112383466816,0.578739924160285
63,3108.2310697230573,,,mixed-phase C-H stretching,delta(C1-C2-C3),angle,0.002855571926370156,+,0.004127610129255042,0.6250874412298897
63,3108.2310697230573,,,mixed-phase C-H stretching,tau(H13-C2-C3-N5),dihedral,0.002427504132378346,-,-0.005045132541706817,0.35568031212637796
63,3108.2310697230573,,,mixed-phase C-H stretching,tau(C4-C3-N5-C6),dihedral,0.0017794855236738971,+,0.010036535433920989,0.06588276594613837
63,3108.2310697230573,,,mixed-phase C-H stretching,delta(C2-C1-H12),angle,0.0015380322258135867,+,0.005096564404575749,0.22082864654339243
63,3108.2310697230573,,,mixed-phase C-H stretching,nu(C7-H21),bond,0.00087926891516834,-,-0.003058222293566432,0.3506134958372735
63,3108.2310697230573,,,mixed-phase C-H stretching,nu(C3-N5),bond,0.0007303168391818564,+,0.00311067480412717,0.28147971351032797
63,3108.2310697230573,,,mixed-phase C-H stretching,nu(C3-C4),bond,0.0007198895335951424,+,0.003113191353804751,0.2770124173076562
63,3108.2310697230573,,,mixed-phase C-H stretching,delta(H16-C4-H18),angle,0.000654603608332192,+,0.003025317668662995,0.2667358784486755
63,3108.2310697230573,,,mixed-phase C-H stretching,delta(C2-C3-H15),angle,0.0005176750092067061,-,-0.00180842664624731,0.5903375570711772
63,3108.2310697230573,,,mixed-phase C-H stretching,nu(C1-C2),bond,0.0004901972978308035,-,-0.0025672596729360963,0.27738075382051663
63,3108.2310697230573,,,mixed-phase C-H stretching,delta(C3-N5-C6),angle,0.00038373752760396333,-,-0.0017981977408631478,0.4425928427372072
63,3108.2310697230573,,,mixed-phase C-H stretching,nu(C2-C3),bond,0.00025732411175418513,+,0.0018887836219673225,0.2690054474963341
63,3108.2310697230573,,,mixed-phase C-H stretching,delta(H13-C2-H14),angle,0.0001545061235038971,+,0.0010595266872886395,0.5132948477004958
63,3108.2310697230573,,,mixed-phase C-H stretching,tau(C3-N5-C7-H21),dihedral,0.00012482570887667674,+,0.0017795306341316876,0.14700703306904594
63,3108.2310697230573,,,mixed-phase C-H stretching,delta(C3-N5-C7),angle,0.00010709792078276226,-,-0.0011420211977215763,0.3062511428123691
63,3108.2310697230573,,,mixed-phase C-H stretching,delta(C1-C2-H14),angle,6.24955168871151e-05,-,-0.0007960108512494898,0.36783741091385147
63,3108.2310697230573,,,mixed-phase C-H stretching,tau(H10-C1-C2-H13),dihedral,4.290761813806621e-05,+,0.0009572771491544055,0.1746240399816733
63,3108.2310697230573,,,mixed-phase C-H stretching,delta(C7-C8-O9),angle,3.5332710858849506e-05,-,-0.0006034032977077771,0.361915021923592
63,3108.2310697230573,,,mixed-phase C-H stretching,nu(C7-C8),bond,3.362296862894046e-05,+,0.0006626782349249826,0.28554571717231075
63,3108.2310697230573,,,mixed-phase C-H stretching,"gamma(N5;C6,C7,H20)",oop,2.706029481127256e-05,+,0.0002758324123900278,1.3264379453481014
63,3108.2310697230573,,,mixed-phase C-H stretching,delta(O9-C8-H22),angle,1.9428469775649446e-05,+,0.0004916128546074573,0.2998038078133957
63,3108.2310697230573,,,mixed-phase C-H stretching,tau(H20-C6-C7-C8),dihedral,1.6699875184311643e-05,-,-0.0004106688961114261,0.36929600751604197
63,3108.2310697230573,,,mixed-phase C-H stretching,nu(C6-H20),bond,1.3403228251740205e-05,+,0.00038307925050414627,0.34062550565283833
63,3108.2310697230573,,,mixed-phase C-H stretching,"gamma(N5;C7,C6,C8)",oop,5.997067211067904e-06,-,-0.00010443340737721979,2.0507136816458287
63,3108.2310697230573,,,mixed-phase C-H stretching,nu(C6-H19),bond,5.129200757434976e-06,-,-0.00023389375420758757,0.3496692621462572
63,3108.2310697230573,,,mixed-phase C-H stretching,delta(C6-C7-C8),angle,4.230924401035843e-06,-,-0.00024466997957134037,0.2635839141319724
63,3108.2310697230573,,,mixed-phase C-H stretching,nu(C8-O9),bond,4.210759794676441e-06,+,0.00013717757735434607,0.8345247457215548
63,3108.2310697230573,,,mixed-phase C-H stretching,delta(C7-C6-H20),angle,2.7618743981270467e-06,-,-0.0002218089517437663,0.20935859466531728
63,3108.2310697230573,,,mixed-phase C-H stretching,nu(N5-C6),bond,2.403199759656777e-06,+,0.00012157908385586773,0.6063412962020981
63,3108.2310697230573,,,mixed-phase C-H stretching,delta(N5-C6-H19),angle,1.3167818721565028e-06,-,-0.0001495521938885267,0.21957013616155804
63,3108.2310697230573,,,mixed-phase C-H stretching,nu(C6-C7),bond,1.1270849733935355e-06,+,0.00011687370125957304,0.30772875007652795
63,3108.2310697230573,,,mixed-phase C-H stretching,"gamma(C7;C6,N5,H19)",oop,3.4853984646985425e-07,+,4.800836454075858e-05,0.5639798938871293
63,3108.2310697230573,,,mixed-phase C-H stretching,"gamma(O9;C8,C7,H22)",oop,1.5288995833425042e-07,-,-7.073597171983756e-05,0.1139576076428222
63,3108.2310697230573,,,mixed-phase C-H stretching,tau(C6-C7-C8-O9),dihedral,9.623038594848064e-08,-,-0.00011674743694118518,0.02633070738300783
63,3108.2310697230573,,,mixed-phase C-H stretching,delta(N5-C7-H21),angle,6.540451095249648e-08,-,-3.238315800204235e-05,0.23260246557067013
64,3153.661629223881,,,ring-site C-H stretching,nu(C7-H21),bond,94.4503131061135,+,1.0122850236190766,0.3506134958372735
64,3153.661629223881,,,ring-site C-H stretching,nu(C6-H19),bond,3.4091537757428916,-,-0.1925794722658289,0.3496692621462572
64,3153.661629223881,,,ring-site C-H stretching,nu(C6-H20),bond,1.2317013939657766,+,0.11728151286328412,0.34062550565283833
64,3153.661629223881,,,ring-site C-H stretching,delta(C6-C7-C8),angle,0.16259554942774826,+,0.048440687770091605,0.2635839141319724
64,3153.661629223881,,,ring-site C-H stretching,tau(H20-C6-C7-C8),dihedral,0.11313785265004418,-,-0.03413752920799416,0.36929600751604197
64,3153.661629223881,,,ring-site C-H stretching,nu(C6-C7),bond,0.10648672239079668,-,-0.03628098912625549,0.30772875007652795
64,3153.661629223881,,,ring-site C-H stretching,nu(C7-C8),bond,0.10598441528989119,-,-0.03757496666109801,0.28554571717231075
64,3153.661629223881,,,ring-site C-H stretching,delta(N5-C7-H21),angle,0.08660260491338397,-,-0.037633425072055623,0.23260246557067013
64,3153.661629223881,,,ring-site C-H stretching,"gamma(C7;C6,N5,H19)",oop,0.07751188870555707,-,-0.022864819330555782,0.5639798938871293
64,3153.661629223881,,,ring-site C-H stretching,delta(C7-C6-H20),angle,0.06839238997983568,-,-0.035251201025653135,0.20935859466531728
64,3153.661629223881,,,ring-site C-H stretching,delta(C7-C8-O9),angle,0.059444096210527944,+,0.02499576797021214,0.361915021923592
64,3153.661629223881,,,ring-site C-H stretching,delta(C3-N5-C7),angle,0.03886331384574731,-,-0.021970830877764934,0.3062511428123691
64,3153.661629223881,,,ring-site C-H stretching,"gamma(N5;C7,C6,C8)",oop,0.032897043491872335,+,0.0078116242549375724,2.0507136816458287
64,3153.661629223881,,,ring-site C-H stretching,nu(C8-H22),bond,0.015598761697570325,-,-0.014072066596753424,0.2996437407786608
64,3153.661629223881,,,ring-site C-H stretching,tau(C3-N5-C7-H21),dihedral,0.009041022890570998,+,0.015295199755999479,0.14700703306904594
64,3153.661629223881,,,ring-site C-H stretching,delta(N5-C6-H19),angle,0.00643402532622983,+,0.010557720794224552,0.21957013616155804
64,3153.661629223881,,,ring-site C-H stretching,tau(C6-C7-C8-O9),dihedral,0.005044327302471073,+,0.0269951528518335,0.02633070738300783
64,3153.661629223881,,,ring-site C-H stretching,"gamma(N5;C6,C7,H20)",oop,0.004911765191613753,-,-0.0037531053484440185,1.3264379453481014
64,3153.661629223881,,,ring-site C-H stretching,delta(C3-N5-C6),angle,0.004597788817759433,+,0.006286193449413249,0.4425928427372072
64,3153.661629223881,,,ring-site C-H stretching,nu(C4-H16),bond,0.0036272755218559926,+,0.0063989857587761385,0.33696834756275934
64,3153.661629223881,,,ring-site C-H stretching,nu(C8-O9),bond,0.003323663848436479,+,0.0038922825774021213,0.8345247457215548
64,3153.661629223881,,,ring-site C-H stretching,nu(C1-H12),bond,0.001316782932686496,+,0.0038900147396448443,0.3310110907707208
64,3153.661629223881,,,ring-site C-H stretching,nu(C3-H15),bond,0.0009504303804325661,-,-0.003426429136001202,0.3079410963954522
64,3153.661629223881,,,ring-site C-H stretching,"gamma(N5;C3,C4,H15)",oop,0.00047155791500978045,+,0.0020540012310453636,0.42517183750888987
64,3153.661629223881,,,ring-site C-H stretching,nu(C2-H13),bond,0.00045569396114237664,+,0.0022998260332099045,0.3277284562397979
64,3153.661629223881,,,ring-site C-H stretching,nu(C1-H10),bond,0.0004225058164081459,-,-0.002179138778750392,0.3384494119949666
64,3153.661629223881,,,ring-site C-H stretching,tau(C4-C3-N5-C6),dihedral,0.00016539951869896138,-,-0.003090271481274816,0.06588276594613837
64,3153.661629223881,,,ring-site C-H stretching,nu(C2-H14),bond,7.449196420622852e-05,-,-0.0009270317754698671,0.3297243609541089
64,3153.661629223881,,,ring-site C-H stretching,delta(O9-C8-H22),angle,6.931765742691856e-05,-,-0.0009378184912836393,0.2998038078133957
64,3153.661629223881,,,ring-site C-H stretching,delta(C2-C3-H15),angle,6.370534424278795e-05,-,-0.0006406976804718513,0.5903375570711772
64,3153.661629223881,,,ring-site C-H stretching,nu(C4-H18),bond,6.0455768169062434e-05,-,-0.0008254179995282908,0.3375364853619774
64,3153.661629223881,,,ring-site C-H stretching,nu(C2-C3),bond,4.812899856561672e-05,+,0.0008249702748481601,0.2690054474963341
64,3153.661629223881,,,ring-site C-H stretching,nu(N5-C6),bond,4.748786018954934e-05,+,0.0005458183743274187,0.6063412962020981
64,3153.661629223881,,,ring-site C-H stretching,nu(C1-H11),bond,3.1680495827279315e-05,+,0.0005994833780848974,0.3353270039257434
64,3153.661629223881,,,ring-site C-H stretching,nu(C3-N5),bond,2.9678027048641063e-05,+,0.0006332998543782716,0.28147971351032797
64,3153.661629223881,,,ring-site C-H stretching,"gamma(O9;C8,C7,H22)",oop,2.806410516855942e-05,+,0.0009678752024042537,0.1139576076428222
64,3153.661629223881,,,ring-site C-H stretching,delta(C3-C4-H18),angle,2.6250638207213657e-05,+,0.000567786913781385,0.30974190085035774
64,3153.661629223881,,,ring-site C-H stretching,delta(C2-C3-C4),angle,1.7846764299485725e-05,-,-0.00034249437851427607,0.578739924160285
64,3153.661629223881,,,ring-site C-H stretching,delta(C4-C3-H15),angle,1.70438699693472e-05,-,-0.000415523823498911,0.3754976345746755
64,3153.661629223881,,,ring-site C-H stretching,delta(C3-C2-H13),angle,1.1747629955766721e-05,-,-0.00023215838146340415,0.8291104208312534
64,3153.661629223881,,,ring-site C-H stretching,tau(H11-C1-C2-C3),dihedral,7.234195329661208e-06,+,0.0003982543627787295,0.173500206926061
64,3153.661629223881,,,ring-site C-H stretching,delta(H16-C4-H18),angle,5.279122002092645e-06,-,-0.0002743819614921688,0.2667358784486755
64,3153.661629223881,,,ring-site C-H stretching,tau(H10-C1-C2-H13),dihedral,3.936633576395158e-06,-,-0.0002928369707036507,0.1746240399816733
64,3153.661629223881,,,ring-site C-H stretching,tau(H12-C1-C2-H14),dihedral,1.8437269761978276e-06,-,-0.00020191485586181686,0.17202474146598562
64,3153.661629223881,,,ring-site C-H stretching,delta(H13-C2-H14),angle,1.7568578560402786e-06,+,0.00011410384656072187,0.5132948477004958
64,3153.661629223881,,,ring-site C-H stretching,nu(C3-C4),bond,1.4852428880068723e-06,-,-0.00014281194939586838,0.2770124173076562
64,3153.661629223881,,,ring-site C-H stretching,nu(C4-H17),bond,1.2912993462286387e-06,-,-0.00012072615073126462,0.33701953429854553
64,3153.661629223881,,,ring-site C-H stretching,nu(C1-C2),bond,1.2475433478807014e-06,-,-0.00013079919933635414,0.27738075382051663
64,3153.661629223881,,,ring-site C-H stretching,delta(C2-C1-H12),angle,8.685037290560886e-07,-,-0.00012231326621434804,0.22082864654339243
64,3153.661629223881,,,ring-site C-H stretching,delta(C3-C4-H16),angle,7.340682262188621e-07,-,-9.486177528236227e-05,0.31030214713203214
64,3153.661629223881,,,ring-site C-H stretching,tau(C1-C2-C3-C4),dihedral,6.145668722403968e-07,-,-8.153354327907656e-05,0.3516635565620462
64,3153.661629223881,,,ring-site C-H stretching,delta(C1-C2-C3),angle,6.052431847569263e-07,-,-6.068900151881112e-05,0.6250874412298897
64,3153.661629223881,,,ring-site C-H stretching,delta(C2-C1-H11),angle,3.722828178356334e-07,+,8.029619657945915e-05,0.21964124363029877
64,3153.661629223881,,,ring-site C-H stretching,delta(C1-C2-H13),angle,3.490645945036478e-07,+,3.386574076977941e-05,1.157751871494402
64,3153.661629223881,,,ring-site C-H stretching,tau(C2-C3-C4-H17),dihedral,3.2889902594613834e-07,-,-0.0002462794682889913,0.020627045333551117
64,3153.661629223881,,,ring-site C-H stretching,delta(C1-C2-H14),angle,2.625174919228855e-07,-,-5.21034642783797e-05,0.36783741091385147
64,3153.661629223881,,,ring-site C-H stretching,delta(H17-C4-H18),angle,2.5612197309248536e-07,+,5.938677185107512e-05,0.27624743369002036
64,3153.661629223881,,,ring-site C-H stretching,delta(H16-C4-H17),angle,2.1661628620871434e-07,+,5.4763959923144726e-05,0.27474656297601174
64,3153.661629223881,,,ring-site C-H stretching,tau(H13-C2-C3-N5),dihedral,1.7790497045530512e-07,-,-4.361938649046599e-05,0.35568031212637796
64,3153.661629223881,,,ring-site C-H stretching,delta(C2-C1-H10),angle,8.661783800999243e-08,-,-3.8792536317726914e-05,0.21894843186002957
65,3172.391182522277,,,mixed-phase ring-site C-H stretching,nu(C6-H19),bond,70.04206357406655,+,0.8801636619160086,0.3496692621462572
65,3172.391182522277,,,mixed-phase ring-site C-H stretching,nu(C6-H20),bond,24.678522003662966,-,-0.5293387501809267,0.34062550565283833
65,3172.391182522277,,,mixed-phase ring-site C-H stretching,nu(C7-H21),bond,4.47229586392492,+,0.22210771562997433,0.3506134958372735
65,3172.391182522277,,,mixed-phase ring-site C-H stretching,delta(N5-C6-H19),angle,0.14723296366687333,-,-0.05092471277033031,0.21957013616155804
65,3172.391182522277,,,mixed-phase ring-site C-H stretching,"gamma(N5;C6,C7,H20)",oop,0.1407305453569957,-,-0.020256453592235095,1.3264379453481014
65,3172.391182522277,,,mixed-phase ring-site C-H stretching,delta(C7-C6-H20),angle,0.11055621769851101,+,0.04519172153331216,0.20935859466531728
65,3172.391182522277,,,mixed-phase ring-site C-H stretching,delta(C3-N5-C6),angle,0.10258234426974965,-,-0.02993965648831944,0.4425928427372072
65,3172.391182522277,,,mixed-phase ring-site C-H stretching,tau(H20-C6-C7-C8),dihedral,0.07630454783190874,+,0.028268359253881662,0.36929600751604197
65,3172.391182522277,,,mixed-phase ring-site C-H stretching,"gamma(N5;C7,C6,C8)",oop,0.0547646763486141,+,0.010162731342701315,2.0507136816458287
65,3172.391182522277,,,mixed-phase ring-site C-H stretching,nu(C6-C7),bond,0.045240610286043155,-,-0.02384475627164136,0.30772875007652795
65,3172.391182522277,,,mixed-phase ring-site C-H stretching,"gamma(C7;C6,N5,H19)",oop,0.04085725760431654,+,0.016738459750944217,0.5639798938871293
65,3172.391182522277,,,mixed-phase ring-site C-H stretching,delta(C6-C7-C8),angle,0.02531425822483519,-,-0.019272402100046906,0.2635839141319724
65,3172.391182522277,,,mixed-phase ring-site C-H stretching,nu(N5-C6),bond,0.023689853261316948,-,-0.012292361057206505,0.6063412962020981
65,3172.391182522277,,,mixed-phase ring-site C-H stretching,nu(C8-H22),bond,0.010812175189584583,-,-0.01181317475269232,0.2996437407786608
65,3172.391182522277,,,mixed-phase ring-site C-H stretching,nu(C1-H12),bond,0.007964808042870603,-,-0.009646706841128772,0.3310110907707208
65,3172.391182522277,,,mixed-phase ring-site C-H stretching,tau(C4-C3-N5-C6),dihedral,0.0057754540856372666,+,0.01841280070781155,0.06588276594613837
65,3172.391182522277,,,mixed-phase ring-site C-H stretching,delta(N5-C7-H21),angle,0.00419797595212151,-,-0.00835459713882665,0.23260246557067013
65,3172.391182522277,,,mixed-phase ring-site C-H stretching,nu(C7-C8),bond,0.0037722922081354394,-,-0.007147884636922527,0.28554571717231075
65,3172.391182522277,,,mixed-phase ring-site C-H stretching,delta(C7-C8-O9),angle,0.0024187709155715953,+,0.005084014268506601,0.361915021923592
65,3172.391182522277,,,mixed-phase ring-site C-H stretching,delta(C3-N5-C7),angle,0.0018158671277470374,-,-0.0047886806003559846,0.3062511428123691
65,3172.391182522277,,,mixed-phase ring-site C-H stretching,nu(C1-H11),bond,0.0010909192043095349,+,0.0035471105653793454,0.3353270039257434
65,3172.391182522277,,,mixed-phase ring-site C-H stretching,tau(C6-C7-C8-O9),dihedral,0.0008937154109552297,-,-0.011457267599450935,0.02633070738300783
65,3172.391182522277,,,mixed-phase ring-site C-H stretching,nu(C8-O9),bond,0.00025635294355632905,+,0.0010899642192560102,0.8345247457215548
65,3172.391182522277,,,mixed-phase ring-site C-H stretching,nu(C1-H10),bond,0.00016519923529630226,+,0.0013739465282974967,0.3384494119949666
65,3172.391182522277,,,mixed-phase ring-site C-H stretching,nu(C2-H14),bond,0.00015486773235278938,+,0.0013477757831161954,0.3297243609541089
65,3172.391182522277,,,mixed-phase ring-site C-H stretching,nu(C4-H17),bond,0.00012742271314635116,+,0.0012092290825466041,0.33701953429854553
65,3172.391182522277,,,mixed-phase ring-site C-H stretching,delta(C4-C3-H15),angle,7.126430466231054e-05,+,0.0008567322589495235,0.3754976345746755
65,3172.391182522277,,,mixed-phase ring-site C-H stretching,delta(O9-C8-H22),angle,5.6504755575780666e-05,+,0.0008537616142658919,0.2998038078133957
65,3172.391182522277,,,mixed-phase ring-site C-H stretching,nu(C3-H15),bond,4.413580000220609e-05,-,-0.0007445165775967938,0.3079410963954522
65,3172.391182522277,,,mixed-phase ring-site C-H stretching,nu(C4-H16),bond,4.171373099172061e-05,-,-0.0006919228303385605,0.33696834756275934
65,3172.391182522277,,,mixed-phase ring-site C-H stretching,"gamma(O9;C8,C7,H22)",oop,2.1522197793444768e-05,-,-0.0008546422213005854,0.1139576076428222
65,3172.391182522277,,,mixed-phase ring-site C-H stretching,delta(C2-C3-C4),angle,1.7923673686158e-05,-,-0.00034608636503263347,0.578739924160285
65,3172.391182522277,,,mixed-phase ring-site C-H stretching,tau(H11-C1-C2-C3),dihedral,1.7674071063190482e-05,-,-0.0006276694578283417,0.173500206926061
65,3172.391182522277,,,mixed-phase ring-site C-H stretching,delta(C1-C2-C3),angle,1.4700711830831929e-05,-,-0.0003015862187332659,0.6250874412298897
65,3172.391182522277,,,mixed-phase ring-site C-H stretching,delta(C3-C2-H13),angle,1.4207330110786821e-05,+,0.0002574321273393349,0.8291104208312534
65,3172.391182522277,,,mixed-phase ring-site C-H stretching,delta(C2-C1-H12),angle,1.1538502146294921e-05,+,0.00044953106473561897,0.22082864654339243
65,3172.391182522277,,,mixed-phase ring-site C-H stretching,tau(H13-C2-C3-N5),dihedral,1.1016869816554945e-05,-,-0.0003461082027630986,0.35568031212637796
65,3172.391182522277,,,mixed-phase ring-site C-H stretching,nu(C3-C4),bond,9.563999229310426e-06,+,0.0003654120328250337,0.2770124173076562
65,3172.391182522277,,,mixed-phase ring-site C-H stretching,delta(C2-C1-H11),angle,8.061329490077742e-06,-,-0.0003767550530855092,0.21964124363029877
65,3172.391182522277,,,mixed-phase ring-site C-H stretching,delta(C1-C2-H14),angle,7.282694980285634e-06,+,0.000276713793736239,0.36783741091385147
65,3172.391182522277,,,mixed-phase ring-site C-H stretching,"gamma(N5;C3,C4,H15)",oop,7.06625551008793e-06,-,-0.0002535275270150954,0.42517183750888987
65,3172.391182522277,,,mixed-phase ring-site C-H stretching,tau(H10-C1-C2-H13),dihedral,6.807432736029313e-06,+,0.00038828656177644405,0.1746240399816733
65,3172.391182522277,,,mixed-phase ring-site C-H stretching,delta(C3-C4-H16),angle,6.733811486429277e-06,+,0.00028970152635304607,0.31030214713203214
65,3172.391182522277,,,mixed-phase ring-site C-H stretching,tau(C1-C2-C3-C4),dihedral,6.38473699896633e-06,-,-0.00026498453038987304,0.3516635565620462
65,3172.391182522277,,,mixed-phase ring-site C-H stretching,delta(C1-C2-H13),angle,4.485806903902207e-06,-,-0.0001224123508389583,1.157751871494402
65,3172.391182522277,,,mixed-phase ring-site C-H stretching,nu(C2-C3),bond,3.970911529121471e-06,+,0.00023893362104126655,0.2690054474963341
65,3172.391182522277,,,mixed-phase ring-site C-H stretching,tau(C3-N5-C7-H21),dihedral,3.7526858460121937e-06,+,0.0003142061960604392,0.14700703306904594
65,3172.391182522277,,,mixed-phase ring-site C-H stretching,nu(C2-H13),bond,3.446634640581762e-06,-,-0.00020167554760326136,0.3277284562397979
65,3172.391182522277,,,mixed-phase ring-site C-H stretching,delta(H13-C2-H14),angle,2.476390617638722e-06,-,-0.0001365962633351946,0.5132948477004958
65,3172.391182522277,,,mixed-phase ring-site C-H stretching,delta(C2-C3-H15),angle,1.2920123507445174e-06,+,9.200169367123234e-05,0.5903375570711772
65,3172.391182522277,,,mixed-phase ring-site C-H stretching,delta(H16-C4-H18),angle,1.19261749351076e-06,-,-0.00013149903513193996,0.2667358784486755
65,3172.391182522277,,,mixed-phase ring-site C-H stretching,delta(H16-C4-H17),angle,1.061627640221581e-06,+,0.00012224544087594268,0.27474656297601174
65,3172.391182522277,,,mixed-phase ring-site C-H stretching,tau(H12-C1-C2-H14),dihedral,1.0200421667799382e-06,+,0.000151435014096342,0.17202474146598562
65,3172.391182522277,,,mixed-phase ring-site C-H stretching,nu(C4-H18),bond,8.004359087442619e-07,-,-9.576694124199548e-05,0.3375364853619774
65,3172.391182522277,,,mixed-phase ring-site C-H stretching,delta(C3-C4-H18),angle,6.812474573299054e-07,+,9.222850400698079e-05,0.30974190085035774
65,3172.391182522277,,,mixed-phase ring-site C-H stretching,nu(C1-C2),bond,4.472666372772099e-07,+,7.896920879522469e-05,0.27738075382051663
65,3172.391182522277,,,mixed-phase ring-site C-H stretching,tau(C2-C3-C4-H17),dihedral,3.1316382415119785e-07,+,0.00024231482142928357,0.020627045333551117
65,3172.391182522277,,,mixed-phase ring-site C-H stretching,nu(C3-N5),bond,2.7522895094620294e-07,+,6.149448997559787e-05,0.28147971351032797
65,3172.391182522277,,,mixed-phase ring-site C-H stretching,delta(C2-C1-H10),angle,1.0452706994716863e-07,-,-4.296909090705123e-05,0.21894843186002957
65,3172.391182522277,,,mixed-phase ring-site C-H stretching,delta(H17-C4-H18),angle,4.0228004492719445e-08,-,-2.3731643493677577e-05,0.27624743369002036
