mode,harmonic_frequency_cm-1,vpt2_fundamental_cm-1,harmonic_intensity_km_mol,assignment,internal_coordinate,type,percent,phase,D_value,F_diagonal
6,53.47893073286585,,,mixed cyclic-ring torsional/out-of-plane deformation / C-C torsion,tau(C2-C3-C8-C7),dihedral,51.62802096033078,-,-0.016835804125582644,1.0524673110790386
6,53.47893073286585,,,mixed cyclic-ring torsional/out-of-plane deformation / C-C torsion,tau(H10-C2-C3-C6),dihedral,17.15069002018347,+,0.11988987797104778,0.006894573854801099
6,53.47893073286585,,,mixed cyclic-ring torsional/out-of-plane deformation / C-C torsion,delta(C2-C3-C8),angle,8.676017224485479,-,-0.011825930440901588,0.3584599434968781
6,53.47893073286585,,,mixed cyclic-ring torsional/out-of-plane deformation / C-C torsion,tau(C8-C3-C6-O5),dihedral,4.388257062998797,+,0.0052492919996139295,0.920198379056731
6,53.47893073286585,,,mixed cyclic-ring torsional/out-of-plane deformation / C-C torsion,nu(C3-C8),bond,3.3846193741597426,+,0.00882437410768045,0.2511498248433533
6,53.47893073286585,,,mixed cyclic-ring torsional/out-of-plane deformation / C-C torsion,tau(C8-C3-C4-O5),dihedral,2.9470448856777396,-,-0.004981850037079507,0.6861140562423255
6,53.47893073286585,,,mixed cyclic-ring torsional/out-of-plane deformation / C-C torsion,tau(C4-C3-C6-C7),dihedral,2.8434317854335602,+,0.004050464607407576,1.0014378396289534
6,53.47893073286585,,,mixed cyclic-ring torsional/out-of-plane deformation / C-C torsion,nu(C3-C4),bond,1.5502622500738232,-,-0.005674080455996413,0.2782307070559814
6,53.47893073286585,,,mixed cyclic-ring torsional/out-of-plane deformation / C-C torsion,"gamma(C3;C2,O1,H10)",oop,1.3092023216669,-,-0.0088969312468539,0.09556902705630667
6,53.47893073286585,,,mixed cyclic-ring torsional/out-of-plane deformation / C-C torsion,delta(C2-C3-C6),angle,1.3075218613577022,-,-0.0021715504174765455,1.6021382601743324
6,53.47893073286585,,,mixed cyclic-ring torsional/out-of-plane deformation / C-C torsion,tau(C6-C7-C8-O9),dihedral,1.1310042366961865,+,0.011151242252688943,0.05255434131898353
6,53.47893073286585,,,mixed cyclic-ring torsional/out-of-plane deformation / C-C torsion,delta(C6-C7-H15),angle,0.5943262844156227,+,0.0033757913523195385,0.30134543148372883
6,53.47893073286585,,,mixed cyclic-ring torsional/out-of-plane deformation / C-C torsion,tau(H12-C4-O5-C6),dihedral,0.5695613273482063,+,0.004233487251968097,0.18362628484581178
6,53.47893073286585,,,mixed cyclic-ring torsional/out-of-plane deformation / C-C torsion,delta(C4-O5-C6),angle,0.5020245141389906,+,0.0015030945798826586,1.2839354019760134
6,53.47893073286585,,,mixed cyclic-ring torsional/out-of-plane deformation / C-C torsion,nu(C4-O5),bond,0.33702347513805586,+,0.00246285049381633,0.3210516610795147
6,53.47893073286585,,,mixed cyclic-ring torsional/out-of-plane deformation / C-C torsion,delta(C6-C7-H14),angle,0.26786091485102154,-,-0.0026586253739511326,0.2189706582567389
6,53.47893073286585,,,mixed cyclic-ring torsional/out-of-plane deformation / C-C torsion,delta(C8-C7-H14),angle,0.2534279480538054,-,-0.0026954351075587735,0.2015522323599835
6,53.47893073286585,,,mixed cyclic-ring torsional/out-of-plane deformation / C-C torsion,nu(C8-O9),bond,0.2491928551264051,-,-0.0012731344586689923,0.8883373187075376
6,53.47893073286585,,,mixed cyclic-ring torsional/out-of-plane deformation / C-C torsion,nu(C7-C8),bond,0.20224556908635155,-,-0.002001045846390232,0.2918473837876942
6,53.47893073286585,,,mixed cyclic-ring torsional/out-of-plane deformation / C-C torsion,delta(C7-C8-O9),angle,0.17164731977183562,+,0.0016676831819228415,0.3566159759628039
6,53.47893073286585,,,mixed cyclic-ring torsional/out-of-plane deformation / C-C torsion,nu(C3-C6),bond,0.1218525807879818,-,-0.0013832278153992534,0.3679918254755168
6,53.47893073286585,,,mixed cyclic-ring torsional/out-of-plane deformation / C-C torsion,delta(C7-C6-H13),angle,0.06966899635398027,-,-0.0011732182619438368,0.2924642536055127
6,53.47893073286585,,,mixed cyclic-ring torsional/out-of-plane deformation / C-C torsion,nu(C2-C3),bond,0.06781403095567795,-,-0.0012089045024387616,0.2681182875154984
6,53.47893073286585,,,mixed cyclic-ring torsional/out-of-plane deformation / C-C torsion,delta(O5-C4-H12),angle,0.05973602020791989,-,-0.0012117918810951485,0.23505585592422437
6,53.47893073286585,,,mixed cyclic-ring torsional/out-of-plane deformation / C-C torsion,nu(C6-C7),bond,0.04896129910442704,-,-0.0009782935338800676,0.2956006830977458
6,53.47893073286585,,,mixed cyclic-ring torsional/out-of-plane deformation / C-C torsion,delta(O1-C2-H10),angle,0.046065836700244146,-,-0.0009500760137966408,0.29488529963383303
6,53.47893073286585,,,mixed cyclic-ring torsional/out-of-plane deformation / C-C torsion,tau(H11-C4-O5-C6),dihedral,0.04038917329155839,+,0.0011130580366020524,0.18837367530368862
6,53.47893073286585,,,mixed cyclic-ring torsional/out-of-plane deformation / C-C torsion,nu(O5-C6),bond,0.036267551786905196,+,0.0007935191264267871,0.3328084223390359
6,53.47893073286585,,,mixed cyclic-ring torsional/out-of-plane deformation / C-C torsion,nu(C4-H11),bond,0.01311054324813661,+,0.000479741262152637,0.3291526891067391
6,53.47893073286585,,,mixed cyclic-ring torsional/out-of-plane deformation / C-C torsion,nu(C2-H10),bond,0.010501825595860543,+,0.00044922702230868253,0.300693419275662
6,53.47893073286585,,,mixed cyclic-ring torsional/out-of-plane deformation / C-C torsion,delta(H14-C7-H15),angle,0.007816409690486184,+,0.0003863210669267259,0.3026226275032689
6,53.47893073286585,,,mixed cyclic-ring torsional/out-of-plane deformation / C-C torsion,nu(O1-C2),bond,0.007428144945988369,+,0.0002252609215652226,0.8458620164669524
6,53.47893073286585,,,mixed cyclic-ring torsional/out-of-plane deformation / C-C torsion,delta(C3-C6-H13),angle,0.0030896210349781474,+,0.00028004341602492697,0.22763830690822295
6,53.47893073286585,,,mixed cyclic-ring torsional/out-of-plane deformation / C-C torsion,nu(C7-H14),bond,0.0018118918984530894,+,0.00017755406414240196,0.33209467719496233
6,53.47893073286585,,,mixed cyclic-ring torsional/out-of-plane deformation / C-C torsion,delta(O1-C2-C3),angle,0.0015339999832014175,-,-0.00015797952846222546,0.3551522703295664
6,53.47893073286585,,,mixed cyclic-ring torsional/out-of-plane deformation / C-C torsion,nu(C6-H13),bond,0.0005290659387524718,+,9.38201483419616e-05,0.3473029232767053
6,53.47893073286585,,,mixed cyclic-ring torsional/out-of-plane deformation / C-C torsion,nu(C7-H15),bond,3.2065098053378275e-05,-,-2.3295122601105988e-05,0.3414235221230458
6,53.47893073286585,,,mixed cyclic-ring torsional/out-of-plane deformation / C-C torsion,delta(O5-C4-H11),angle,8.720039251301148e-06,+,1.4407365993303121e-05,0.24273931892739395
6,53.47893073286585,,,mixed cyclic-ring torsional/out-of-plane deformation / C-C torsion,nu(C4-H12),bond,3.234367044104692e-08,+,7.48296077535038e-07,0.3337591898696782
7,90.69693043085678,,,cyclic-ring torsional/out-of-plane deformation,tau(C2-C3-C8-C7),dihedral,37.25947252437086,+,0.05460675885364805,1.0524673110790386
7,90.69693043085678,,,cyclic-ring torsional/out-of-plane deformation,tau(C8-C3-C6-O5),dihedral,26.187813433274293,-,-0.048959981378216284,0.920198379056731
7,90.69693043085678,,,cyclic-ring torsional/out-of-plane deformation,tau(C4-C3-C6-C7),dihedral,11.534248668922435,-,-0.03114691324598727,1.0014378396289534
7,90.69693043085678,,,cyclic-ring torsional/out-of-plane deformation,tau(C8-C3-C4-O5),dihedral,10.47294162781696,+,0.03585655322505834,0.6861140562423255
7,90.69693043085678,,,cyclic-ring torsional/out-of-plane deformation,tau(C6-C7-C8-O9),dihedral,5.148215118024783,-,-0.09083566519962273,0.05255434131898353
7,90.69693043085678,,,cyclic-ring torsional/out-of-plane deformation,tau(H11-C4-O5-C6),dihedral,3.490995138204154,-,-0.039509076018420214,0.18837367530368862
7,90.69693043085678,,,cyclic-ring torsional/out-of-plane deformation,tau(H12-C4-O5-C6),dihedral,3.0068195339444235,-,-0.03713800877281007,0.18362628484581178
7,90.69693043085678,,,cyclic-ring torsional/out-of-plane deformation,delta(C2-C3-C6),angle,0.7263901999822409,+,0.006179699384077853,1.6021382601743324
7,90.69693043085678,,,cyclic-ring torsional/out-of-plane deformation,delta(C6-C7-H15),angle,0.6847216077730587,-,-0.013834296121025953,0.30134543148372883
7,90.69693043085678,,,cyclic-ring torsional/out-of-plane deformation,delta(C6-C7-H14),angle,0.6196401854794531,+,0.015438645049830443,0.2189706582567389
7,90.69693043085678,,,cyclic-ring torsional/out-of-plane deformation,delta(C8-C7-H14),angle,0.1621042123731594,+,0.008230679687563943,0.2015522323599835
7,90.69693043085678,,,cyclic-ring torsional/out-of-plane deformation,nu(C3-C8),bond,0.11309971154772465,-,-0.006158808005500094,0.2511498248433533
7,90.69693043085678,,,cyclic-ring torsional/out-of-plane deformation,delta(C2-C3-C8),angle,0.10532238048746333,-,-0.004974762752678099,0.3584599434968781
7,90.69693043085678,,,cyclic-ring torsional/out-of-plane deformation,tau(H10-C2-C3-C6),dihedral,0.09559824016039423,+,0.034174611918513835,0.006894573854801099
7,90.69693043085678,,,cyclic-ring torsional/out-of-plane deformation,nu(O5-C6),bond,0.05556905911035117,-,-0.0037501766403225585,0.3328084223390359
7,90.69693043085678,,,cyclic-ring torsional/out-of-plane deformation,delta(C7-C6-H13),angle,0.05487640276233839,-,-0.003975472725034637,0.2924642536055127
7,90.69693043085678,,,cyclic-ring torsional/out-of-plane deformation,nu(C3-C4),bond,0.04757693438251812,+,0.0037951422123098646,0.2782307070559814
7,90.69693043085678,,,cyclic-ring torsional/out-of-plane deformation,delta(C7-C8-O9),angle,0.043824717139358066,-,-0.003217299711690158,0.3566159759628039
7,90.69693043085678,,,cyclic-ring torsional/out-of-plane deformation,nu(C6-C7),bond,0.04293393342775561,+,0.0034976792404576413,0.2956006830977458
7,90.69693043085678,,,cyclic-ring torsional/out-of-plane deformation,nu(C3-C6),bond,0.03615738585516274,+,0.0028768139963395913,0.3679918254755168
7,90.69693043085678,,,cyclic-ring torsional/out-of-plane deformation,delta(C4-O5-C6),angle,0.0267507835131529,-,-0.0013247350382672406,1.2839354019760134
7,90.69693043085678,,,cyclic-ring torsional/out-of-plane deformation,delta(O1-C2-C3),angle,0.02408410481798574,+,0.002389958245140009,0.3551522703295664
7,90.69693043085678,,,cyclic-ring torsional/out-of-plane deformation,delta(H14-C7-H15),angle,0.01922280797555743,-,-0.0023130769015081167,0.3026226275032689
7,90.69693043085678,,,cyclic-ring torsional/out-of-plane deformation,nu(C7-C8),bond,0.009356876127757034,+,0.0016433115002498291,0.2918473837876942
7,90.69693043085678,,,cyclic-ring torsional/out-of-plane deformation,nu(C7-H14),bond,0.005922747330739075,-,-0.001225640214652394,0.33209467719496233
7,90.69693043085678,,,cyclic-ring torsional/out-of-plane deformation,nu(C8-O9),bond,0.00591005602433917,+,0.0007485816932952313,0.8883373187075376
7,90.69693043085678,,,cyclic-ring torsional/out-of-plane deformation,nu(O1-C2),bond,0.005268043275777712,-,-0.0007242812827237436,0.8458620164669524
7,90.69693043085678,,,cyclic-ring torsional/out-of-plane deformation,nu(C4-O5),bond,0.004942966985439545,-,-0.0011387771677440009,0.3210516610795147
7,90.69693043085678,,,cyclic-ring torsional/out-of-plane deformation,"gamma(C3;C2,O1,H10)",oop,0.0024427467918846,-,-0.0014672800080110066,0.09556902705630667
7,90.69693043085678,,,cyclic-ring torsional/out-of-plane deformation,nu(C2-C3),bond,0.002373531413001282,+,0.000863508526523196,0.2681182875154984
7,90.69693043085678,,,cyclic-ring torsional/out-of-plane deformation,delta(C3-C6-H13),angle,0.0020681612397095072,-,-0.0008747861140913146,0.22763830690822295
7,90.69693043085678,,,cyclic-ring torsional/out-of-plane deformation,nu(C7-H15),bond,0.0012499043281936244,+,0.0005552953332578772,0.3414235221230458
7,90.69693043085678,,,cyclic-ring torsional/out-of-plane deformation,nu(C4-H12),bond,0.0007156593392052546,+,0.0004249804108482137,0.3337591898696782
7,90.69693043085678,,,cyclic-ring torsional/out-of-plane deformation,nu(C4-H11),bond,0.0004700781690431752,-,-0.00034683162785806136,0.3291526891067391
7,90.69693043085678,,,cyclic-ring torsional/out-of-plane deformation,nu(C2-H10),bond,0.0004392226592103878,+,0.00035076218234409914,0.300693419275662
7,90.69693043085678,,,cyclic-ring torsional/out-of-plane deformation,delta(O5-C4-H12),angle,0.00033497808135958784,-,-0.00034646152650941967,0.23505585592422437
7,90.69693043085678,,,cyclic-ring torsional/out-of-plane deformation,delta(O1-C2-H10),angle,7.637964855115207e-05,-,-0.00014770480483001702,0.29488529963383303
7,90.69693043085678,,,cyclic-ring torsional/out-of-plane deformation,delta(O5-C4-H11),angle,4.718645295865118e-05,+,0.0001279590356484106,0.24273931892739395
7,90.69693043085678,,,cyclic-ring torsional/out-of-plane deformation,nu(C6-H13),bond,2.7507872631108292e-06,+,2.5828943350165657e-05,0.3473029232767053
8,155.5845777869284,,,mixed C-C-C bending / cyclic-ring torsional/out-of-plane deformation,delta(C2-C3-C6),angle,40.53379469294227,-,-0.054262675152497,1.6021382601743324
8,155.5845777869284,,,mixed C-C-C bending / cyclic-ring torsional/out-of-plane deformation,tau(C8-C3-C4-O5),dihedral,17.040607119377782,+,0.0537634263241054,0.6861140562423255
8,155.5845777869284,,,mixed C-C-C bending / cyclic-ring torsional/out-of-plane deformation,tau(C8-C3-C6-O5),dihedral,8.12950679198018,-,-0.03206519844626938,0.920198379056731
8,155.5845777869284,,,mixed C-C-C bending / cyclic-ring torsional/out-of-plane deformation,tau(C4-C3-C6-C7),dihedral,7.715885408018874,-,-0.02994494024435437,1.0014378396289534
8,155.5845777869284,,,mixed C-C-C bending / cyclic-ring torsional/out-of-plane deformation,tau(C2-C3-C8-C7),dihedral,7.01709003298148,-,-0.02785587348819299,1.0524673110790386
8,155.5845777869284,,,mixed C-C-C bending / cyclic-ring torsional/out-of-plane deformation,tau(H11-C4-O5-C6),dihedral,5.973502694603144,-,-0.06075009916925937,0.18837367530368862
8,155.5845777869284,,,mixed C-C-C bending / cyclic-ring torsional/out-of-plane deformation,tau(H12-C4-O5-C6),dihedral,5.447175165055769,-,-0.0587571620885921,0.18362628484581178
8,155.5845777869284,,,mixed C-C-C bending / cyclic-ring torsional/out-of-plane deformation,delta(C2-C3-C8),angle,5.263347202512941,+,0.04133836149187627,0.3584599434968781
8,155.5845777869284,,,mixed C-C-C bending / cyclic-ring torsional/out-of-plane deformation,delta(O1-C2-C3),angle,1.4640483226272265,-,-0.021903472555169327,0.3551522703295664
8,155.5845777869284,,,mixed C-C-C bending / cyclic-ring torsional/out-of-plane deformation,tau(H10-C2-C3-C6),dihedral,0.4507145047089053,+,0.08722472685074299,0.006894573854801099
8,155.5845777869284,,,mixed C-C-C bending / cyclic-ring torsional/out-of-plane deformation,nu(C3-C6),bond,0.31285469989434916,-,-0.009947061909818714,0.3679918254755168
8,155.5845777869284,,,mixed C-C-C bending / cyclic-ring torsional/out-of-plane deformation,delta(C3-C6-H13),angle,0.13806440935759803,-,-0.008401576015283583,0.22763830690822295
8,155.5845777869284,,,mixed C-C-C bending / cyclic-ring torsional/out-of-plane deformation,delta(C7-C6-H13),angle,0.11951756615406663,-,-0.006896393584071107,0.2924642536055127
8,155.5845777869284,,,mixed C-C-C bending / cyclic-ring torsional/out-of-plane deformation,nu(C3-C8),bond,0.07665520685204322,+,0.005960009541728936,0.2511498248433533
8,155.5845777869284,,,mixed C-C-C bending / cyclic-ring torsional/out-of-plane deformation,tau(C6-C7-C8-O9),dihedral,0.0619501733123437,+,0.011712767675551206,0.05255434131898353
8,155.5845777869284,,,mixed C-C-C bending / cyclic-ring torsional/out-of-plane deformation,nu(C3-C4),bond,0.044168074639407875,+,0.004298275706253184,0.2782307070559814
8,155.5845777869284,,,mixed C-C-C bending / cyclic-ring torsional/out-of-plane deformation,nu(C6-C7),bond,0.028685761587609424,+,0.0033606481114724874,0.2956006830977458
8,155.5845777869284,,,mixed C-C-C bending / cyclic-ring torsional/out-of-plane deformation,"gamma(C3;C2,O1,H10)",oop,0.028601882478318293,+,0.00590175656037044,0.09556902705630667
8,155.5845777869284,,,mixed C-C-C bending / cyclic-ring torsional/out-of-plane deformation,delta(C6-C7-H15),angle,0.020008291727615413,+,0.002779810970009537,0.30134543148372883
8,155.5845777869284,,,mixed C-C-C bending / cyclic-ring torsional/out-of-plane deformation,nu(O5-C6),bond,0.01915771450937524,-,-0.0025883157748637403,0.3328084223390359
8,155.5845777869284,,,mixed C-C-C bending / cyclic-ring torsional/out-of-plane deformation,delta(C7-C8-O9),angle,0.018798144533919293,-,-0.002476849734058854,0.3566159759628039
8,155.5845777869284,,,mixed C-C-C bending / cyclic-ring torsional/out-of-plane deformation,nu(O1-C2),bond,0.01754493460570396,+,0.0015537054177421673,0.8458620164669524
8,155.5845777869284,,,mixed C-C-C bending / cyclic-ring torsional/out-of-plane deformation,delta(O5-C4-H11),angle,0.01724419042591527,+,0.0028753711132206445,0.24273931892739395
8,155.5845777869284,,,mixed C-C-C bending / cyclic-ring torsional/out-of-plane deformation,delta(H14-C7-H15),angle,0.01119763904307407,-,-0.002075176773769017,0.3026226275032689
8,155.5845777869284,,,mixed C-C-C bending / cyclic-ring torsional/out-of-plane deformation,nu(C2-C3),bond,0.009507903893575581,-,-0.00203152297411186,0.2681182875154984
8,155.5845777869284,,,mixed C-C-C bending / cyclic-ring torsional/out-of-plane deformation,delta(C4-O5-C6),angle,0.008295121347090952,-,-0.0008671262823263124,1.2839354019760134
8,155.5845777869284,,,mixed C-C-C bending / cyclic-ring torsional/out-of-plane deformation,delta(C6-C7-H14),angle,0.008250886589236405,-,-0.002094112030292905,0.2189706582567389
8,155.5845777869284,,,mixed C-C-C bending / cyclic-ring torsional/out-of-plane deformation,delta(O1-C2-H10),angle,0.006453089821056053,+,0.0015958786270227718,0.29488529963383303
8,155.5845777869284,,,mixed C-C-C bending / cyclic-ring torsional/out-of-plane deformation,delta(C8-C7-H14),angle,0.0048467018527098985,+,0.0016729074332914916,0.2015522323599835
8,155.5845777869284,,,mixed C-C-C bending / cyclic-ring torsional/out-of-plane deformation,delta(O5-C4-H12),angle,0.0043858630471952445,-,-0.0014736167876469757,0.23505585592422437
8,155.5845777869284,,,mixed C-C-C bending / cyclic-ring torsional/out-of-plane deformation,nu(C2-H10),bond,0.003313953525635832,-,-0.00113254067846027,0.300693419275662
8,155.5845777869284,,,mixed C-C-C bending / cyclic-ring torsional/out-of-plane deformation,nu(C8-O9),bond,0.001476708783616358,-,-0.00043984639863861683,0.8883373187075376
8,155.5845777869284,,,mixed C-C-C bending / cyclic-ring torsional/out-of-plane deformation,nu(C4-H11),bond,0.0010118144082237105,-,-0.0005981282168425721,0.3291526891067391
8,155.5845777869284,,,mixed C-C-C bending / cyclic-ring torsional/out-of-plane deformation,nu(C4-H12),bond,0.0007283878776224243,+,0.0005039730385274713,0.3337591898696782
8,155.5845777869284,,,mixed C-C-C bending / cyclic-ring torsional/out-of-plane deformation,nu(C6-H13),bond,0.0006165523084982056,-,-0.00045454125797870175,0.3473029232767053
8,155.5845777869284,,,mixed C-C-C bending / cyclic-ring torsional/out-of-plane deformation,nu(C4-O5),bond,0.00043378944120785797,+,0.0003965469305717424,0.3210516610795147
8,155.5845777869284,,,mixed C-C-C bending / cyclic-ring torsional/out-of-plane deformation,nu(C7-H15),bond,0.00027907331854327456,+,0.00030842885679470075,0.3414235221230458
8,155.5845777869284,,,mixed C-C-C bending / cyclic-ring torsional/out-of-plane deformation,nu(C7-H14),bond,0.0002787964300021178,-,-0.0003125756994232249,0.33209467719496233
8,155.5845777869284,,,mixed C-C-C bending / cyclic-ring torsional/out-of-plane deformation,nu(C7-C8),bond,7.334258798977767e-07,+,1.7101837594599955e-05,0.2918473837876942
9,198.2722960834503,,,mixed cyclic-ring torsional/out-of-plane deformation / C-C-C bending,tau(C2-C3-C8-C7),dihedral,35.57176672129898,+,0.07668838186129379,1.0524673110790386
9,198.2722960834503,,,mixed cyclic-ring torsional/out-of-plane deformation / C-C-C bending,delta(C2-C3-C6),angle,19.37425307088551,+,0.045871575070617385,1.6021382601743324
9,198.2722960834503,,,mixed cyclic-ring torsional/out-of-plane deformation / C-C-C bending,tau(C4-C3-C6-C7),dihedral,16.99791843723957,-,-0.054345931386729135,1.0014378396289534
9,198.2722960834503,,,mixed cyclic-ring torsional/out-of-plane deformation / C-C-C bending,tau(C8-C3-C4-O5),dihedral,11.573465733191176,+,0.05417697109607125,0.6861140562423255
9,198.2722960834503,,,mixed cyclic-ring torsional/out-of-plane deformation / C-C-C bending,tau(H11-C4-O5-C6),dihedral,4.103701212810185,-,-0.06156854990667089,0.18837367530368862
9,198.2722960834503,,,mixed cyclic-ring torsional/out-of-plane deformation / C-C-C bending,delta(C2-C3-C8),angle,4.0720015870921005,+,0.04445952491468293,0.3584599434968781
9,198.2722960834503,,,mixed cyclic-ring torsional/out-of-plane deformation / C-C-C bending,tau(H12-C4-O5-C6),dihedral,3.6907682321758486,-,-0.059138748188519635,0.18362628484581178
9,198.2722960834503,,,mixed cyclic-ring torsional/out-of-plane deformation / C-C-C bending,tau(C6-C7-C8-O9),dihedral,1.7767393904051625,+,0.07669882858360369,0.05255434131898353
9,198.2722960834503,,,mixed cyclic-ring torsional/out-of-plane deformation / C-C-C bending,delta(O1-C2-C3),angle,1.2724923757503088,+,0.024969017924763453,0.3551522703295664
9,198.2722960834503,,,mixed cyclic-ring torsional/out-of-plane deformation / C-C-C bending,tau(H10-C2-C3-C6),dihedral,0.7423328789463516,+,0.13687584032972544,0.006894573854801099
9,198.2722960834503,,,mixed cyclic-ring torsional/out-of-plane deformation / C-C-C bending,tau(C8-C3-C6-O5),dihedral,0.24457474797147505,+,0.006800584475197546,0.920198379056731
9,198.2722960834503,,,mixed cyclic-ring torsional/out-of-plane deformation / C-C-C bending,delta(C3-C6-H13),angle,0.17650260865079295,+,0.011615396922546983,0.22763830690822295
9,198.2722960834503,,,mixed cyclic-ring torsional/out-of-plane deformation / C-C-C bending,"gamma(C3;C2,O1,H10)",oop,0.10355720016210315,+,0.013731334030742977,0.09556902705630667
9,198.2722960834503,,,mixed cyclic-ring torsional/out-of-plane deformation / C-C-C bending,nu(C3-C6),bond,0.07009693035590878,+,0.005757203471631504,0.3679918254755168
9,198.2722960834503,,,mixed cyclic-ring torsional/out-of-plane deformation / C-C-C bending,delta(C4-O5-C6),angle,0.05973411715781217,+,0.002845252424550488,1.2839354019760134
9,198.2722960834503,,,mixed cyclic-ring torsional/out-of-plane deformation / C-C-C bending,delta(O1-C2-H10),angle,0.035858973001625785,-,-0.004599954399335033,0.29488529963383303
9,198.2722960834503,,,mixed cyclic-ring torsional/out-of-plane deformation / C-C-C bending,nu(C6-C7),bond,0.03232620104281926,+,0.004362202099346058,0.2956006830977458
9,198.2722960834503,,,mixed cyclic-ring torsional/out-of-plane deformation / C-C-C bending,nu(C2-C3),bond,0.02649259167339829,+,0.004146485669556553,0.2681182875154984
9,198.2722960834503,,,mixed cyclic-ring torsional/out-of-plane deformation / C-C-C bending,delta(C8-C7-H14),angle,0.01626699791035938,+,0.0037474950114439643,0.2015522323599835
9,198.2722960834503,,,mixed cyclic-ring torsional/out-of-plane deformation / C-C-C bending,nu(O5-C6),bond,0.015257484439420677,-,-0.0028243952859428267,0.3328084223390359
9,198.2722960834503,,,mixed cyclic-ring torsional/out-of-plane deformation / C-C-C bending,nu(C3-C4),bond,0.01003557354763373,+,0.0025052422865795287,0.2782307070559814
9,198.2722960834503,,,mixed cyclic-ring torsional/out-of-plane deformation / C-C-C bending,nu(C2-H10),bond,0.007028820868645158,+,0.0020167888896679234,0.300693419275662
9,198.2722960834503,,,mixed cyclic-ring torsional/out-of-plane deformation / C-C-C bending,nu(C8-O9),bond,0.005195529142416723,-,-0.001008804714959594,0.8883373187075376
9,198.2722960834503,,,mixed cyclic-ring torsional/out-of-plane deformation / C-C-C bending,delta(C7-C6-H13),angle,0.003383118560705185,-,-0.0014187418416392575,0.2924642536055127
9,198.2722960834503,,,mixed cyclic-ring torsional/out-of-plane deformation / C-C-C bending,delta(O5-C4-H11),angle,0.0032874552450092554,+,0.0015351153853209287,0.24273931892739395
9,198.2722960834503,,,mixed cyclic-ring torsional/out-of-plane deformation / C-C-C bending,nu(C4-O5),bond,0.002805856410650274,-,-0.001233179864301583,0.3210516610795147
9,198.2722960834503,,,mixed cyclic-ring torsional/out-of-plane deformation / C-C-C bending,nu(C7-C8),bond,0.0025377441245765463,-,-0.0012300624967282957,0.2918473837876942
9,198.2722960834503,,,mixed cyclic-ring torsional/out-of-plane deformation / C-C-C bending,nu(O1-C2),bond,0.0021668145042908287,-,-0.0006676398788184322,0.8458620164669524
9,198.2722960834503,,,mixed cyclic-ring torsional/out-of-plane deformation / C-C-C bending,delta(C6-C7-H15),angle,0.00167859363150056,-,-0.0009845134280168216,0.30134543148372883
9,198.2722960834503,,,mixed cyclic-ring torsional/out-of-plane deformation / C-C-C bending,nu(C4-H12),bond,0.0013933906024859654,+,0.0008523166777376877,0.3337591898696782
9,198.2722960834503,,,mixed cyclic-ring torsional/out-of-plane deformation / C-C-C bending,delta(C7-C8-O9),angle,0.0013554485649947307,+,0.0008132466590339138,0.3566159759628039
9,198.2722960834503,,,mixed cyclic-ring torsional/out-of-plane deformation / C-C-C bending,nu(C3-C8),bond,0.0011363498832666448,+,0.0008873005696479414,0.2511498248433533
9,198.2722960834503,,,mixed cyclic-ring torsional/out-of-plane deformation / C-C-C bending,delta(H14-C7-H15),angle,0.0008017291161405665,+,0.0006789601630634682,0.3026226275032689
9,198.2722960834503,,,mixed cyclic-ring torsional/out-of-plane deformation / C-C-C bending,nu(C4-H11),bond,0.00037453782742520597,-,-0.0004449695617887125,0.3291526891067391
9,198.2722960834503,,,mixed cyclic-ring torsional/out-of-plane deformation / C-C-C bending,delta(C6-C7-H14),angle,0.0003505034609018352,-,-0.0005277574317343247,0.2189706582567389
9,198.2722960834503,,,mixed cyclic-ring torsional/out-of-plane deformation / C-C-C bending,nu(C7-H14),bond,0.00022832590272903452,-,-0.0003458818702335753,0.33209467719496233
9,198.2722960834503,,,mixed cyclic-ring torsional/out-of-plane deformation / C-C-C bending,nu(C7-H15),bond,7.908416089698586e-05,+,0.0002007609308674264,0.3414235221230458
9,198.2722960834503,,,mixed cyclic-ring torsional/out-of-plane deformation / C-C-C bending,delta(O5-C4-H12),angle,5.134986679471316e-05,-,-0.0001949688757321413,0.23505585592422437
9,198.2722960834503,,,mixed cyclic-ring torsional/out-of-plane deformation / C-C-C bending,nu(C6-H13),bond,2.2824180267894084e-06,-,-3.3816179435488857e-05,0.3473029232767053
10,242.54415780313232,,,mixed cyclic-ring torsional/out-of-plane deformation / ring-site C-H out-of-plane bending,tau(C8-C3-C4-O5),dihedral,37.9248639933069,+,0.0761104644722908,0.6861140562423255
10,242.54415780313232,,,mixed cyclic-ring torsional/out-of-plane deformation / ring-site C-H out-of-plane bending,tau(C4-C3-C6-C7),dihedral,18.3576550619438,-,-0.043830570007612604,1.0014378396289534
10,242.54415780313232,,,mixed cyclic-ring torsional/out-of-plane deformation / ring-site C-H out-of-plane bending,tau(H12-C4-O5-C6),dihedral,11.703278294243699,-,-0.08172724457815876,0.18362628484581178
10,242.54415780313232,,,mixed cyclic-ring torsional/out-of-plane deformation / ring-site C-H out-of-plane bending,tau(H11-C4-O5-C6),dihedral,11.31614475729731,-,-0.07934501675517044,0.18837367530368862
10,242.54415780313232,,,mixed cyclic-ring torsional/out-of-plane deformation / ring-site C-H out-of-plane bending,delta(C2-C3-C8),angle,9.459161406540332,-,-0.052587983342241344,0.3584599434968781
10,242.54415780313232,,,mixed cyclic-ring torsional/out-of-plane deformation / ring-site C-H out-of-plane bending,nu(C3-C8),bond,3.003464105753977,-,-0.03540179622046497,0.2511498248433533
10,242.54415780313232,,,mixed cyclic-ring torsional/out-of-plane deformation / ring-site C-H out-of-plane bending,delta(C7-C8-O9),angle,2.29620867551606,+,0.025976808560917327,0.3566159759628039
10,242.54415780313232,,,mixed cyclic-ring torsional/out-of-plane deformation / ring-site C-H out-of-plane bending,tau(H10-C2-C3-C6),dihedral,1.502359048992846,-,-0.15111712033853889,0.006894573854801099
10,242.54415780313232,,,mixed cyclic-ring torsional/out-of-plane deformation / ring-site C-H out-of-plane bending,tau(C8-C3-C6-O5),dihedral,1.1952765242783743,-,-0.011667397053589022,0.920198379056731
10,242.54415780313232,,,mixed cyclic-ring torsional/out-of-plane deformation / ring-site C-H out-of-plane bending,"gamma(C3;C2,O1,H10)",oop,1.1676169060946686,-,-0.03578261861440576,0.09556902705630667
10,242.54415780313232,,,mixed cyclic-ring torsional/out-of-plane deformation / ring-site C-H out-of-plane bending,nu(C6-C7),bond,0.41365946808998694,+,0.012110143309815474,0.2956006830977458
10,242.54415780313232,,,mixed cyclic-ring torsional/out-of-plane deformation / ring-site C-H out-of-plane bending,tau(C2-C3-C8-C7),dihedral,0.3281828694109119,-,-0.005716552030246394,1.0524673110790386
10,242.54415780313232,,,mixed cyclic-ring torsional/out-of-plane deformation / ring-site C-H out-of-plane bending,delta(C2-C3-C6),angle,0.2710675420020904,+,0.004210845214414837,1.6021382601743324
10,242.54415780313232,,,mixed cyclic-ring torsional/out-of-plane deformation / ring-site C-H out-of-plane bending,tau(C6-C7-C8-O9),dihedral,0.2354995719507644,+,0.021670617020530688,0.05255434131898353
10,242.54415780313232,,,mixed cyclic-ring torsional/out-of-plane deformation / ring-site C-H out-of-plane bending,nu(C7-C8),bond,0.13109313431873604,+,0.006861081623247923,0.2918473837876942
10,242.54415780313232,,,mixed cyclic-ring torsional/out-of-plane deformation / ring-site C-H out-of-plane bending,nu(C3-C4),bond,0.11199890060481123,+,0.0064950853851281016,0.2782307070559814
10,242.54415780313232,,,mixed cyclic-ring torsional/out-of-plane deformation / ring-site C-H out-of-plane bending,nu(C3-C6),bond,0.08472640672229491,-,-0.004912140983712093,0.3679918254755168
10,242.54415780313232,,,mixed cyclic-ring torsional/out-of-plane deformation / ring-site C-H out-of-plane bending,delta(C6-C7-H14),angle,0.08189392135647414,-,-0.006260562942486374,0.2189706582567389
10,242.54415780313232,,,mixed cyclic-ring torsional/out-of-plane deformation / ring-site C-H out-of-plane bending,delta(C3-C6-H13),angle,0.062096901743673355,+,0.0053467860619462034,0.22763830690822295
10,242.54415780313232,,,mixed cyclic-ring torsional/out-of-plane deformation / ring-site C-H out-of-plane bending,delta(O1-C2-C3),angle,0.057311470845789254,-,-0.0041123871570531,0.3551522703295664
10,242.54415780313232,,,mixed cyclic-ring torsional/out-of-plane deformation / ring-site C-H out-of-plane bending,delta(C6-C7-H15),angle,0.055958137455714145,+,0.004411434487934571,0.30134543148372883
10,242.54415780313232,,,mixed cyclic-ring torsional/out-of-plane deformation / ring-site C-H out-of-plane bending,delta(C7-C6-H13),angle,0.041014743675600415,-,-0.0038336646428094984,0.2924642536055127
10,242.54415780313232,,,mixed cyclic-ring torsional/out-of-plane deformation / ring-site C-H out-of-plane bending,delta(O5-C4-H11),angle,0.03860474241765438,+,0.0040825431120553556,0.24273931892739395
10,242.54415780313232,,,mixed cyclic-ring torsional/out-of-plane deformation / ring-site C-H out-of-plane bending,nu(C2-C3),bond,0.029005313514348954,-,-0.0033671004920856774,0.2681182875154984
10,242.54415780313232,,,mixed cyclic-ring torsional/out-of-plane deformation / ring-site C-H out-of-plane bending,delta(O5-C4-H12),angle,0.021555570317182592,-,-0.0031000930964572328,0.23505585592422437
10,242.54415780313232,,,mixed cyclic-ring torsional/out-of-plane deformation / ring-site C-H out-of-plane bending,nu(C8-O9),bond,0.020877764939573464,+,0.0015693996915490446,0.8883373187075376
10,242.54415780313232,,,mixed cyclic-ring torsional/out-of-plane deformation / ring-site C-H out-of-plane bending,nu(C4-H11),bond,0.018454066076583352,-,-0.002423973382281572,0.3291526891067391
10,242.54415780313232,,,mixed cyclic-ring torsional/out-of-plane deformation / ring-site C-H out-of-plane bending,nu(O5-C6),bond,0.016835155895067733,-,-0.0023024591387787634,0.3328084223390359
10,242.54415780313232,,,mixed cyclic-ring torsional/out-of-plane deformation / ring-site C-H out-of-plane bending,delta(C4-O5-C6),angle,0.015469215388502955,+,0.001123681086394354,1.2839354019760134
10,242.54415780313232,,,mixed cyclic-ring torsional/out-of-plane deformation / ring-site C-H out-of-plane bending,nu(C4-O5),bond,0.012738240821327526,+,0.0020391434636377295,0.3210516610795147
10,242.54415780313232,,,mixed cyclic-ring torsional/out-of-plane deformation / ring-site C-H out-of-plane bending,delta(O1-C2-H10),angle,0.011488338998742737,+,0.002020610354905983,0.29488529963383303
10,242.54415780313232,,,mixed cyclic-ring torsional/out-of-plane deformation / ring-site C-H out-of-plane bending,nu(C2-H10),bond,0.0043065446440867065,-,-0.001225132412049741,0.300693419275662
10,242.54415780313232,,,mixed cyclic-ring torsional/out-of-plane deformation / ring-site C-H out-of-plane bending,delta(C8-C7-H14),angle,0.003874888750370541,+,0.0014194376724990842,0.2015522323599835
10,242.54415780313232,,,mixed cyclic-ring torsional/out-of-plane deformation / ring-site C-H out-of-plane bending,nu(C4-H12),bond,0.0021921706331898038,+,0.0008296617650752883,0.3337591898696782
10,242.54415780313232,,,mixed cyclic-ring torsional/out-of-plane deformation / ring-site C-H out-of-plane bending,nu(O1-C2),bond,0.0018415277969110204,+,0.0004776611196503186,0.8458620164669524
10,242.54415780313232,,,mixed cyclic-ring torsional/out-of-plane deformation / ring-site C-H out-of-plane bending,delta(H14-C7-H15),angle,0.0012294461038320794,-,-0.0006525060808033371,0.3026226275032689
10,242.54415780313232,,,mixed cyclic-ring torsional/out-of-plane deformation / ring-site C-H out-of-plane bending,nu(C6-H13),bond,0.0009159853508925556,-,-0.0005257394413302568,0.3473029232767053
10,242.54415780313232,,,mixed cyclic-ring torsional/out-of-plane deformation / ring-site C-H out-of-plane bending,nu(C7-H14),bond,6.942676552504991e-05,-,-0.0001480174859689596,0.33209467719496233
10,242.54415780313232,,,mixed cyclic-ring torsional/out-of-plane deformation / ring-site C-H out-of-plane bending,nu(C7-H15),bond,9.759441389137575e-06,+,5.473262475474146e-05,0.3414235221230458
11,363.503001796348,,,mixed cyclic-ring torsional/out-of-plane deformation / ring-site C-H in-plane bending,tau(C4-C3-C6-C7),dihedral,32.99331387514541,+,0.06964466072517776,1.0014378396289534
11,363.503001796348,,,mixed cyclic-ring torsional/out-of-plane deformation / ring-site C-H in-plane bending,tau(C8-C3-C6-O5),dihedral,19.54418796168387,-,-0.05591842619022108,0.920198379056731
11,363.503001796348,,,mixed cyclic-ring torsional/out-of-plane deformation / ring-site C-H in-plane bending,tau(C8-C3-C4-O5),dihedral,9.21294457236376,+,0.04446189075148421,0.6861140562423255
11,363.503001796348,,,mixed cyclic-ring torsional/out-of-plane deformation / ring-site C-H in-plane bending,delta(C6-C7-H15),angle,8.817512207215753,+,0.06563380543726022,0.30134543148372883
11,363.503001796348,,,mixed cyclic-ring torsional/out-of-plane deformation / ring-site C-H in-plane bending,delta(C6-C7-H14),angle,7.446387201771701,-,-0.07075655862313099,0.2189706582567389
11,363.503001796348,,,mixed cyclic-ring torsional/out-of-plane deformation / ring-site C-H in-plane bending,delta(C2-C3-C6),angle,5.681514782888425,+,0.02284909119460588,1.6021382601743324
11,363.503001796348,,,mixed cyclic-ring torsional/out-of-plane deformation / ring-site C-H in-plane bending,delta(C7-C8-O9),angle,3.111182720845469,+,0.03583844996518528,0.3566159759628039
11,363.503001796348,,,mixed cyclic-ring torsional/out-of-plane deformation / ring-site C-H in-plane bending,delta(C7-C6-H13),angle,2.2313919446709645,-,-0.03351493572412495,0.2924642536055127
11,363.503001796348,,,mixed cyclic-ring torsional/out-of-plane deformation / ring-site C-H in-plane bending,nu(C3-C8),bond,1.7947284632936416,-,-0.03243543986298585,0.2511498248433533
11,363.503001796348,,,mixed cyclic-ring torsional/out-of-plane deformation / ring-site C-H in-plane bending,tau(C2-C3-C8-C7),dihedral,1.4848308830415926,+,0.014411893509414858,1.0524673110790386
11,363.503001796348,,,mixed cyclic-ring torsional/out-of-plane deformation / ring-site C-H in-plane bending,nu(C2-C3),bond,1.3457201402127366,-,-0.027183227139604752,0.2681182875154984
11,363.503001796348,,,mixed cyclic-ring torsional/out-of-plane deformation / ring-site C-H in-plane bending,nu(C6-C7),bond,1.334513860951809,+,0.025780758117799233,0.2956006830977458
11,363.503001796348,,,mixed cyclic-ring torsional/out-of-plane deformation / ring-site C-H in-plane bending,delta(C8-C7-H14),angle,1.062972449381675,-,-0.02786467963536048,0.2015522323599835
11,363.503001796348,,,mixed cyclic-ring torsional/out-of-plane deformation / ring-site C-H in-plane bending,nu(C3-C4),bond,0.9205779319713214,-,-0.02207062372125726,0.2782307070559814
11,363.503001796348,,,mixed cyclic-ring torsional/out-of-plane deformation / ring-site C-H in-plane bending,tau(C6-C7-C8-O9),dihedral,0.5086986674253696,+,0.03774964377299311,0.05255434131898353
11,363.503001796348,,,mixed cyclic-ring torsional/out-of-plane deformation / ring-site C-H in-plane bending,"gamma(C3;C2,O1,H10)",oop,0.5014899036497584,+,0.027794532330834464,0.09556902705630667
11,363.503001796348,,,mixed cyclic-ring torsional/out-of-plane deformation / ring-site C-H in-plane bending,tau(H10-C2-C3-C6),dihedral,0.4645883681249299,+,0.09960182783896805,0.006894573854801099
11,363.503001796348,,,mixed cyclic-ring torsional/out-of-plane deformation / ring-site C-H in-plane bending,nu(C7-C8),bond,0.32606998093654005,+,0.012825206403388283,0.2918473837876942
11,363.503001796348,,,mixed cyclic-ring torsional/out-of-plane deformation / ring-site C-H in-plane bending,tau(H12-C4-O5-C6),dihedral,0.261286677332729,-,-0.014473649977796143,0.18362628484581178
11,363.503001796348,,,mixed cyclic-ring torsional/out-of-plane deformation / ring-site C-H in-plane bending,tau(H11-C4-O5-C6),dihedral,0.18711211546029174,-,-0.012092823249564918,0.18837367530368862
11,363.503001796348,,,mixed cyclic-ring torsional/out-of-plane deformation / ring-site C-H in-plane bending,nu(C3-C6),bond,0.14748025562063852,-,-0.007681299722920197,0.3679918254755168
11,363.503001796348,,,mixed cyclic-ring torsional/out-of-plane deformation / ring-site C-H in-plane bending,nu(O1-C2),bond,0.1152535306073463,-,-0.004478826238786431,0.8458620164669524
11,363.503001796348,,,mixed cyclic-ring torsional/out-of-plane deformation / ring-site C-H in-plane bending,delta(C2-C3-C8),angle,0.10501042090456271,+,0.0065672377640544595,0.3584599434968781
11,363.503001796348,,,mixed cyclic-ring torsional/out-of-plane deformation / ring-site C-H in-plane bending,nu(O5-C6),bond,0.09401578398902402,+,0.006448966013441993,0.3328084223390359
11,363.503001796348,,,mixed cyclic-ring torsional/out-of-plane deformation / ring-site C-H in-plane bending,delta(O1-C2-H10),angle,0.07431937138054855,+,0.006091318505684861,0.29488529963383303
11,363.503001796348,,,mixed cyclic-ring torsional/out-of-plane deformation / ring-site C-H in-plane bending,delta(C4-O5-C6),angle,0.05455587553741031,+,0.002501128669772474,1.2839354019760134
11,363.503001796348,,,mixed cyclic-ring torsional/out-of-plane deformation / ring-site C-H in-plane bending,delta(C3-C6-H13),angle,0.05112391972622246,+,0.005750111354029654,0.22763830690822295
11,363.503001796348,,,mixed cyclic-ring torsional/out-of-plane deformation / ring-site C-H in-plane bending,delta(H14-C7-H15),angle,0.02662284142728198,-,-0.0035988468064359833,0.3026226275032689
11,363.503001796348,,,mixed cyclic-ring torsional/out-of-plane deformation / ring-site C-H in-plane bending,delta(O5-C4-H12),angle,0.024949441544400687,+,0.0039530447734230645,0.23505585592422437
11,363.503001796348,,,mixed cyclic-ring torsional/out-of-plane deformation / ring-site C-H in-plane bending,nu(C8-O9),bond,0.023372150506601838,+,0.0019681003566482795,0.8883373187075376
11,363.503001796348,,,mixed cyclic-ring torsional/out-of-plane deformation / ring-site C-H in-plane bending,nu(C7-H14),bond,0.022328832699060587,+,0.003146218706165661,0.33209467719496233
11,363.503001796348,,,mixed cyclic-ring torsional/out-of-plane deformation / ring-site C-H in-plane bending,nu(C4-O5),bond,0.012589168635086339,+,0.00240269099840162,0.3210516610795147
11,363.503001796348,,,mixed cyclic-ring torsional/out-of-plane deformation / ring-site C-H in-plane bending,delta(O1-C2-C3),angle,0.006883850566778573,+,0.0016892552442714993,0.3551522703295664
11,363.503001796348,,,mixed cyclic-ring torsional/out-of-plane deformation / ring-site C-H in-plane bending,nu(C2-H10),bond,0.006046839890805386,+,0.0017206364918284371,0.300693419275662
11,363.503001796348,,,mixed cyclic-ring torsional/out-of-plane deformation / ring-site C-H in-plane bending,nu(C7-H15),bond,0.0022339029279769373,-,-0.000981459280486669,0.3414235221230458
11,363.503001796348,,,mixed cyclic-ring torsional/out-of-plane deformation / ring-site C-H in-plane bending,nu(C4-H11),bond,0.0019184736272589821,+,0.0009263307253675879,0.3291526891067391
11,363.503001796348,,,mixed cyclic-ring torsional/out-of-plane deformation / ring-site C-H in-plane bending,nu(C4-H12),bond,0.00018476034605867045,-,-0.00028547930028096805,0.3337591898696782
11,363.503001796348,,,mixed cyclic-ring torsional/out-of-plane deformation / ring-site C-H in-plane bending,delta(O5-C4-H11),angle,8.455472872741349e-05,+,0.00022645699607065157,0.24273931892739395
11,363.503001796348,,,mixed cyclic-ring torsional/out-of-plane deformation / ring-site C-H in-plane bending,nu(C6-H13),bond,1.3169664424557222e-06,+,2.3627620755721768e-05,0.3473029232767053
12,399.39709262106186,,,mixed cyclic-ring torsional/out-of-plane deformation / ring-site C-H in-plane bending,tau(C8-C3-C6-O5),dihedral,14.663948011295647,-,-0.04636936125311677,0.920198379056731
12,399.39709262106186,,,mixed cyclic-ring torsional/out-of-plane deformation / ring-site C-H in-plane bending,delta(C6-C7-H15),angle,9.259882196694708,+,0.06438976116851405,0.30134543148372883
12,399.39709262106186,,,mixed cyclic-ring torsional/out-of-plane deformation / ring-site C-H in-plane bending,tau(C8-C3-C4-O5),dihedral,7.964356725371144,+,0.039575242335651246,0.6861140562423255
12,399.39709262106186,,,mixed cyclic-ring torsional/out-of-plane deformation / ring-site C-H in-plane bending,delta(C6-C7-H14),angle,7.4645581367637535,-,-0.06781963993981108,0.2189706582567389
12,399.39709262106186,,,mixed cyclic-ring torsional/out-of-plane deformation / ring-site C-H in-plane bending,nu(C3-C8),bond,7.2662143634617475,+,0.062478997497892846,0.2511498248433533
12,399.39709262106186,,,mixed cyclic-ring torsional/out-of-plane deformation / ring-site C-H in-plane bending,tau(H11-C4-O5-C6),dihedral,6.539277767974029,-,-0.06843860935495548,0.18837367530368862
12,399.39709262106186,,,mixed cyclic-ring torsional/out-of-plane deformation / ring-site C-H in-plane bending,delta(O1-C2-C3),angle,6.3094299264316245,+,0.04895918191460488,0.3551522703295664
12,399.39709262106186,,,mixed cyclic-ring torsional/out-of-plane deformation / ring-site C-H in-plane bending,tau(H12-C4-O5-C6),dihedral,5.76727230533475,-,-0.06509748259807586,0.18362628484581178
12,399.39709262106186,,,mixed cyclic-ring torsional/out-of-plane deformation / ring-site C-H in-plane bending,tau(C2-C3-C8-C7),dihedral,5.344566211158649,-,-0.02617570046147369,1.0524673110790386
12,399.39709262106186,,,mixed cyclic-ring torsional/out-of-plane deformation / ring-site C-H in-plane bending,delta(C7-C8-O9),angle,5.222516158186329,-,-0.04445144546812947,0.3566159759628039
12,399.39709262106186,,,mixed cyclic-ring torsional/out-of-plane deformation / ring-site C-H in-plane bending,tau(C4-C3-C6-C7),dihedral,4.4733179087751935,+,0.024549874279564527,1.0014378396289534
12,399.39709262106186,,,mixed cyclic-ring torsional/out-of-plane deformation / ring-site C-H in-plane bending,delta(C8-C7-H14),angle,3.3201479913784615,-,-0.04714452930596272,0.2015522323599835
12,399.39709262106186,,,mixed cyclic-ring torsional/out-of-plane deformation / ring-site C-H in-plane bending,delta(C7-C6-H13),angle,2.8545086407837177,-,-0.03628905627904487,0.2924642536055127
12,399.39709262106186,,,mixed cyclic-ring torsional/out-of-plane deformation / ring-site C-H in-plane bending,delta(C2-C3-C6),angle,2.4411318762182264,+,0.014338113511267212,1.6021382601743324
12,399.39709262106186,,,mixed cyclic-ring torsional/out-of-plane deformation / ring-site C-H in-plane bending,nu(C3-C4),bond,2.4002801364771607,+,0.03411731341881857,0.2782307070559814
12,399.39709262106186,,,mixed cyclic-ring torsional/out-of-plane deformation / ring-site C-H in-plane bending,delta(C2-C3-C8),angle,2.3255055451351194,-,-0.029585898500543453,0.3584599434968781
12,399.39709262106186,,,mixed cyclic-ring torsional/out-of-plane deformation / ring-site C-H in-plane bending,nu(C2-C3),bond,2.128694296332163,+,0.03272953378850107,0.2681182875154984
12,399.39709262106186,,,mixed cyclic-ring torsional/out-of-plane deformation / ring-site C-H in-plane bending,nu(C7-C8),bond,1.7172681804443053,-,-0.02817653264053439,0.2918473837876942
12,399.39709262106186,,,mixed cyclic-ring torsional/out-of-plane deformation / ring-site C-H in-plane bending,delta(O1-C2-H10),angle,0.5600435209093568,-,-0.016007765602654052,0.29488529963383303
12,399.39709262106186,,,mixed cyclic-ring torsional/out-of-plane deformation / ring-site C-H in-plane bending,"gamma(C3;C2,O1,H10)",oop,0.5198911904791665,-,-0.02709218522504176,0.09556902705630667
12,399.39709262106186,,,mixed cyclic-ring torsional/out-of-plane deformation / ring-site C-H in-plane bending,tau(H10-C2-C3-C6),dihedral,0.28064426131715786,-,-0.07410896675389164,0.006894573854801099
12,399.39709262106186,,,mixed cyclic-ring torsional/out-of-plane deformation / ring-site C-H in-plane bending,delta(C4-O5-C6),angle,0.2404291071127524,-,-0.0050265305237230315,1.2839354019760134
12,399.39709262106186,,,mixed cyclic-ring torsional/out-of-plane deformation / ring-site C-H in-plane bending,nu(C3-C6),bond,0.2329220575989182,+,0.009241290288129127,0.3679918254755168
12,399.39709262106186,,,mixed cyclic-ring torsional/out-of-plane deformation / ring-site C-H in-plane bending,tau(C6-C7-C8-O9),dihedral,0.1907158241987805,+,0.022127658240932064,0.05255434131898353
12,399.39709262106186,,,mixed cyclic-ring torsional/out-of-plane deformation / ring-site C-H in-plane bending,delta(H14-C7-H15),angle,0.10430578464720082,-,-0.006819458450460011,0.3026226275032689
12,399.39709262106186,,,mixed cyclic-ring torsional/out-of-plane deformation / ring-site C-H in-plane bending,nu(C6-C7),bond,0.09565474824487162,+,0.006607648605038591,0.2956006830977458
12,399.39709262106186,,,mixed cyclic-ring torsional/out-of-plane deformation / ring-site C-H in-plane bending,nu(O1-C2),bond,0.08842175263116694,+,0.0037555728179875653,0.8458620164669524
12,399.39709262106186,,,mixed cyclic-ring torsional/out-of-plane deformation / ring-site C-H in-plane bending,delta(O5-C4-H12),angle,0.06385024068957619,-,-0.006053995879743971,0.23505585592422437
12,399.39709262106186,,,mixed cyclic-ring torsional/out-of-plane deformation / ring-site C-H in-plane bending,delta(C3-C6-H13),angle,0.04586528105838028,-,-0.0052139365939261086,0.22763830690822295
12,399.39709262106186,,,mixed cyclic-ring torsional/out-of-plane deformation / ring-site C-H in-plane bending,nu(C8-O9),bond,0.03499219207673556,+,0.0023053825978394775,0.8883373187075376
12,399.39709262106186,,,mixed cyclic-ring torsional/out-of-plane deformation / ring-site C-H in-plane bending,nu(C7-H14),bond,0.03341231069027098,+,0.003684416236169448,0.33209467719496233
12,399.39709262106186,,,mixed cyclic-ring torsional/out-of-plane deformation / ring-site C-H in-plane bending,nu(O5-C6),bond,0.028408424157778608,-,-0.003393694987003594,0.3328084223390359
12,399.39709262106186,,,mixed cyclic-ring torsional/out-of-plane deformation / ring-site C-H in-plane bending,nu(C4-H11),bond,0.0056435777750235465,-,-0.0015209850410479236,0.3291526891067391
12,399.39709262106186,,,mixed cyclic-ring torsional/out-of-plane deformation / ring-site C-H in-plane bending,nu(C4-O5),bond,0.003890320001682051,+,0.0012786497312835203,0.3210516610795147
12,399.39709262106186,,,mixed cyclic-ring torsional/out-of-plane deformation / ring-site C-H in-plane bending,delta(O5-C4-H11),angle,0.0037412951079215913,+,0.0014420732064511198,0.24273931892739395
12,399.39709262106186,,,mixed cyclic-ring torsional/out-of-plane deformation / ring-site C-H in-plane bending,nu(C2-H10),bond,0.002385364529208435,+,0.0010345745861314996,0.300693419275662
12,399.39709262106186,,,mixed cyclic-ring torsional/out-of-plane deformation / ring-site C-H in-plane bending,nu(C7-H15),bond,0.0015430420025644312,-,-0.0007808876316713083,0.3414235221230458
12,399.39709262106186,,,mixed cyclic-ring torsional/out-of-plane deformation / ring-site C-H in-plane bending,nu(C6-H13),bond,0.0002559871643968675,+,0.0003153561207946803,0.3473029232767053
12,399.39709262106186,,,mixed cyclic-ring torsional/out-of-plane deformation / ring-site C-H in-plane bending,nu(C4-H12),bond,0.0001073393903692106,+,0.00020830962408362313,0.3337591898696782
13,503.0750927543472,,,mixed cyclic-ring torsional/out-of-plane deformation / ring-site C-H in-plane bending,tau(C8-C3-C6-O5),dihedral,29.04398573355358,+,0.07978700597616727,0.920198379056731
13,503.0750927543472,,,mixed cyclic-ring torsional/out-of-plane deformation / ring-site C-H in-plane bending,delta(C8-C7-H14),angle,25.246044426182483,-,-0.1589452880298137,0.2015522323599835
13,503.0750927543472,,,mixed cyclic-ring torsional/out-of-plane deformation / ring-site C-H in-plane bending,tau(C6-C7-C8-O9),dihedral,14.460718665389006,-,-0.2355783810025945,0.05255434131898353
13,503.0750927543472,,,mixed cyclic-ring torsional/out-of-plane deformation / ring-site C-H in-plane bending,delta(C2-C3-C8),angle,8.010034311925034,+,0.06713386720745461,0.3584599434968781
13,503.0750927543472,,,mixed cyclic-ring torsional/out-of-plane deformation / ring-site C-H in-plane bending,tau(C4-C3-C6-C7),dihedral,5.000760594282539,-,-0.031735900522329365,1.0014378396289534
13,503.0750927543472,,,mixed cyclic-ring torsional/out-of-plane deformation / ring-site C-H in-plane bending,delta(C6-C7-H15),angle,4.9457163997022695,+,0.05753433419331469,0.30134543148372883
13,503.0750927543472,,,mixed cyclic-ring torsional/out-of-plane deformation / ring-site C-H in-plane bending,delta(C6-C7-H14),angle,4.338479180923888,-,-0.06321506515199662,0.2189706582567389
13,503.0750927543472,,,mixed cyclic-ring torsional/out-of-plane deformation / ring-site C-H in-plane bending,tau(C2-C3-C8-C7),dihedral,3.6018791495727243,-,-0.026272720986318374,1.0524673110790386
13,503.0750927543472,,,mixed cyclic-ring torsional/out-of-plane deformation / ring-site C-H in-plane bending,nu(C6-C7),bond,1.144228183465549,-,-0.02794141505786483,0.2956006830977458
13,503.0750927543472,,,mixed cyclic-ring torsional/out-of-plane deformation / ring-site C-H in-plane bending,tau(H11-C4-O5-C6),dihedral,0.46218466136325903,-,-0.022245514337941467,0.18837367530368862
13,503.0750927543472,,,mixed cyclic-ring torsional/out-of-plane deformation / ring-site C-H in-plane bending,delta(C7-C6-H13),angle,0.4570547562558126,+,0.01775384865147391,0.2924642536055127
13,503.0750927543472,,,mixed cyclic-ring torsional/out-of-plane deformation / ring-site C-H in-plane bending,"gamma(C3;C2,O1,H10)",oop,0.42932067452535955,+,0.03010073581854317,0.09556902705630667
13,503.0750927543472,,,mixed cyclic-ring torsional/out-of-plane deformation / ring-site C-H in-plane bending,delta(C7-C8-O9),angle,0.35486778758932375,+,0.014166993180809212,0.3566159759628039
13,503.0750927543472,,,mixed cyclic-ring torsional/out-of-plane deformation / ring-site C-H in-plane bending,tau(H12-C4-O5-C6),dihedral,0.31822104268689333,-,-0.018695703694883707,0.18362628484581178
13,503.0750927543472,,,mixed cyclic-ring torsional/out-of-plane deformation / ring-site C-H in-plane bending,nu(C2-C3),bond,0.30465825826160015,+,0.015138681497910285,0.2681182875154984
13,503.0750927543472,,,mixed cyclic-ring torsional/out-of-plane deformation / ring-site C-H in-plane bending,nu(C7-C8),bond,0.2874367423244783,+,0.01409412217220452,0.2918473837876942
13,503.0750927543472,,,mixed cyclic-ring torsional/out-of-plane deformation / ring-site C-H in-plane bending,nu(C3-C4),bond,0.280583200584974,-,-0.014261759078097805,0.2782307070559814
13,503.0750927543472,,,mixed cyclic-ring torsional/out-of-plane deformation / ring-site C-H in-plane bending,delta(C2-C3-C6),angle,0.22936532935286894,-,-0.005373517685227142,1.6021382601743324
13,503.0750927543472,,,mixed cyclic-ring torsional/out-of-plane deformation / ring-site C-H in-plane bending,nu(C3-C8),bond,0.20661165196719325,-,-0.012881183238133734,0.2511498248433533
13,503.0750927543472,,,mixed cyclic-ring torsional/out-of-plane deformation / ring-site C-H in-plane bending,delta(C4-O5-C6),angle,0.16853332841276836,+,0.005145364016340051,1.2839354019760134
13,503.0750927543472,,,mixed cyclic-ring torsional/out-of-plane deformation / ring-site C-H in-plane bending,nu(C3-C6),bond,0.14430927026966858,+,0.00889350231714709,0.3679918254755168
13,503.0750927543472,,,mixed cyclic-ring torsional/out-of-plane deformation / ring-site C-H in-plane bending,tau(C8-C3-C4-O5),dihedral,0.1026116507248339,+,0.0054921826482766485,0.6861140562423255
13,503.0750927543472,,,mixed cyclic-ring torsional/out-of-plane deformation / ring-site C-H in-plane bending,nu(O5-C6),bond,0.08744081978080137,-,-0.0072795536156212565,0.3328084223390359
13,503.0750927543472,,,mixed cyclic-ring torsional/out-of-plane deformation / ring-site C-H in-plane bending,nu(C7-H14),bond,0.08289320790814285,+,0.007095341598507432,0.33209467719496233
13,503.0750927543472,,,mixed cyclic-ring torsional/out-of-plane deformation / ring-site C-H in-plane bending,tau(H10-C2-C3-C6),dihedral,0.0784502301280407,+,0.04790581023789385,0.006894573854801099
13,503.0750927543472,,,mixed cyclic-ring torsional/out-of-plane deformation / ring-site C-H in-plane bending,nu(C7-H15),bond,0.03908578260103189,-,-0.004805155870063834,0.3414235221230458
13,503.0750927543472,,,mixed cyclic-ring torsional/out-of-plane deformation / ring-site C-H in-plane bending,delta(O5-C4-H11),angle,0.033523853666684894,+,0.005277785025301619,0.24273931892739395
13,503.0750927543472,,,mixed cyclic-ring torsional/out-of-plane deformation / ring-site C-H in-plane bending,delta(H14-C7-H15),angle,0.03139555644713289,+,0.004574337313649466,0.3026226275032689
13,503.0750927543472,,,mixed cyclic-ring torsional/out-of-plane deformation / ring-site C-H in-plane bending,nu(O1-C2),bond,0.024905141845982023,+,0.0024369102859939248,0.8458620164669524
13,503.0750927543472,,,mixed cyclic-ring torsional/out-of-plane deformation / ring-site C-H in-plane bending,delta(O1-C2-H10),angle,0.022372319443547166,-,-0.003911773833960089,0.29488529963383303
13,503.0750927543472,,,mixed cyclic-ring torsional/out-of-plane deformation / ring-site C-H in-plane bending,delta(C3-C6-H13),angle,0.021100588439023106,+,0.004323837889939039,0.22763830690822295
13,503.0750927543472,,,mixed cyclic-ring torsional/out-of-plane deformation / ring-site C-H in-plane bending,nu(C8-O9),bond,0.016005119873163273,-,-0.0019062739146783068,0.8883373187075376
13,503.0750927543472,,,mixed cyclic-ring torsional/out-of-plane deformation / ring-site C-H in-plane bending,nu(C4-O5),bond,0.015108137287082303,-,-0.003080794949401476,0.3210516610795147
13,503.0750927543472,,,mixed cyclic-ring torsional/out-of-plane deformation / ring-site C-H in-plane bending,delta(O5-C4-H12),angle,0.006145137102110029,-,-0.002296281060091183,0.23505585592422437
13,503.0750927543472,,,mixed cyclic-ring torsional/out-of-plane deformation / ring-site C-H in-plane bending,nu(C2-H10),bond,0.0012687628659848512,-,-0.0009225142020167825,0.300693419275662
13,503.0750927543472,,,mixed cyclic-ring torsional/out-of-plane deformation / ring-site C-H in-plane bending,nu(C4-H12),bond,0.0011671340471979348,+,0.0008398245111686149,0.3337591898696782
13,503.0750927543472,,,mixed cyclic-ring torsional/out-of-plane deformation / ring-site C-H in-plane bending,delta(O1-C2-C3),angle,0.0008575290671456352,-,-0.0006978497388691469,0.3551522703295664
13,503.0750927543472,,,mixed cyclic-ring torsional/out-of-plane deformation / ring-site C-H in-plane bending,nu(C4-H11),bond,0.0006041505768329766,-,-0.0006084413012006801,0.3291526891067391
13,503.0750927543472,,,mixed cyclic-ring torsional/out-of-plane deformation / ring-site C-H in-plane bending,nu(C6-H13),bond,7.152960399365767e-05,-,-0.00020381375196698503,0.3473029232767053
14,579.5759112734297,,,mixed mixed-phase cyclic C-C stretching / C-C-C bending / C-C-O bending,delta(C2-C3-C6),angle,20.794831882184685,+,0.055623535146287095,1.6021382601743324
14,579.5759112734297,,,mixed mixed-phase cyclic C-C stretching / C-C-C bending / C-C-O bending,delta(C7-C8-O9),angle,19.69426698831012,-,-0.11473618067792361,0.3566159759628039
14,579.5759112734297,,,mixed mixed-phase cyclic C-C stretching / C-C-C bending / C-C-O bending,nu(C7-C8),bond,17.20222999254975,-,-0.1185346573705581,0.2918473837876942
14,579.5759112734297,,,mixed mixed-phase cyclic C-C stretching / C-C-C bending / C-C-O bending,tau(C2-C3-C8-C7),dihedral,7.021845246854853,+,0.039879728690359835,1.0524673110790386
14,579.5759112734297,,,mixed mixed-phase cyclic C-C stretching / C-C-C bending / C-C-O bending,delta(O1-C2-C3),angle,6.5287153665701165,-,-0.06619686859816652,0.3551522703295664
14,579.5759112734297,,,mixed mixed-phase cyclic C-C stretching / C-C-C bending / C-C-O bending,tau(C4-C3-C6-C7),dihedral,4.389379778270193,-,-0.03232365454330513,1.0014378396289534
14,579.5759112734297,,,mixed mixed-phase cyclic C-C stretching / C-C-C bending / C-C-O bending,nu(C2-C3),bond,3.834240466553167,-,-0.058385812842200825,0.2681182875154984
14,579.5759112734297,,,mixed mixed-phase cyclic C-C stretching / C-C-C bending / C-C-O bending,nu(C3-C4),bond,2.8802732886685685,-,-0.04967583715563167,0.2782307070559814
14,579.5759112734297,,,mixed mixed-phase cyclic C-C stretching / C-C-C bending / C-C-O bending,nu(C3-C6),bond,2.5357788446281284,+,0.04052914831065745,0.3679918254755168
14,579.5759112734297,,,mixed mixed-phase cyclic C-C stretching / C-C-C bending / C-C-O bending,delta(C3-C6-H13),angle,2.2550302111546694,+,0.04859419419520228,0.22763830690822295
14,579.5759112734297,,,mixed mixed-phase cyclic C-C stretching / C-C-C bending / C-C-O bending,tau(H12-C4-O5-C6),dihedral,2.0256607934134583,-,-0.05127985794520065,0.18362628484581178
14,579.5759112734297,,,mixed mixed-phase cyclic C-C stretching / C-C-C bending / C-C-O bending,tau(H11-C4-O5-C6),dihedral,2.0061064325860545,-,-0.05038459310446843,0.18837367530368862
14,579.5759112734297,,,mixed mixed-phase cyclic C-C stretching / C-C-C bending / C-C-O bending,nu(C3-C8),bond,1.727617267411736,-,-0.040493769300463306,0.2511498248433533
14,579.5759112734297,,,mixed mixed-phase cyclic C-C stretching / C-C-C bending / C-C-O bending,delta(C6-C7-H15),angle,1.5845312810855035,+,0.035403726636226325,0.30134543148372883
14,579.5759112734297,,,mixed mixed-phase cyclic C-C stretching / C-C-C bending / C-C-O bending,delta(C4-O5-C6),angle,1.3708084667042646,+,0.01595319516394764,1.2839354019760134
14,579.5759112734297,,,mixed mixed-phase cyclic C-C stretching / C-C-C bending / C-C-O bending,delta(C8-C7-H14),angle,1.2185212099548635,-,-0.03796239609142427,0.2015522323599835
14,579.5759112734297,,,mixed mixed-phase cyclic C-C stretching / C-C-C bending / C-C-O bending,delta(O1-C2-H10),angle,1.0233714099192694,+,0.02876212400981526,0.29488529963383303
14,579.5759112734297,,,mixed mixed-phase cyclic C-C stretching / C-C-C bending / C-C-O bending,delta(C2-C3-C8),angle,0.529300307391835,-,-0.018761244060780162,0.3584599434968781
14,579.5759112734297,,,mixed mixed-phase cyclic C-C stretching / C-C-C bending / C-C-O bending,tau(C8-C3-C4-O5),dihedral,0.460319140195119,+,0.012646263725201425,0.6861140562423255
14,579.5759112734297,,,mixed mixed-phase cyclic C-C stretching / C-C-C bending / C-C-O bending,nu(C8-O9),bond,0.255405579627155,-,-0.008278604073730107,0.8883373187075376
14,579.5759112734297,,,mixed mixed-phase cyclic C-C stretching / C-C-C bending / C-C-O bending,nu(O1-C2),bond,0.21201181218435827,-,-0.007729673387234858,0.8458620164669524
14,579.5759112734297,,,mixed mixed-phase cyclic C-C stretching / C-C-C bending / C-C-O bending,"gamma(C3;C2,O1,H10)",oop,0.10292205221530398,-,-0.016022360988865156,0.09556902705630667
14,579.5759112734297,,,mixed mixed-phase cyclic C-C stretching / C-C-C bending / C-C-O bending,tau(H10-C2-C3-C6),dihedral,0.10170554891019179,-,-0.05929928897174309,0.006894573854801099
14,579.5759112734297,,,mixed mixed-phase cyclic C-C stretching / C-C-C bending / C-C-O bending,tau(C8-C3-C6-O5),dihedral,0.09760125376844847,+,0.005028261347301938,0.920198379056731
14,579.5759112734297,,,mixed mixed-phase cyclic C-C stretching / C-C-C bending / C-C-O bending,delta(C6-C7-H14),angle,0.06268957506139271,-,-0.008261056207265938,0.2189706582567389
14,579.5759112734297,,,mixed mixed-phase cyclic C-C stretching / C-C-C bending / C-C-O bending,delta(C7-C6-H13),angle,0.02252710920079163,+,0.004284964341060737,0.2924642536055127
14,579.5759112734297,,,mixed mixed-phase cyclic C-C stretching / C-C-C bending / C-C-O bending,nu(O5-C6),bond,0.01945432301508684,-,-0.0037328606959121033,0.3328084223390359
14,579.5759112734297,,,mixed mixed-phase cyclic C-C stretching / C-C-C bending / C-C-O bending,nu(C6-C7),bond,0.00919077193572266,+,0.0027224139036491073,0.2956006830977458
14,579.5759112734297,,,mixed mixed-phase cyclic C-C stretching / C-C-C bending / C-C-O bending,tau(C6-C7-C8-O9),dihedral,0.008621127585136905,-,-0.006253290629528829,0.05255434131898353
14,579.5759112734297,,,mixed mixed-phase cyclic C-C stretching / C-C-C bending / C-C-O bending,nu(C4-O5),bond,0.005677689834613871,-,-0.0020531905056261138,0.3210516610795147
14,579.5759112734297,,,mixed mixed-phase cyclic C-C stretching / C-C-C bending / C-C-O bending,delta(H14-C7-H15),angle,0.004390239457825576,+,0.0018596203134798007,0.3026226275032689
14,579.5759112734297,,,mixed mixed-phase cyclic C-C stretching / C-C-C bending / C-C-O bending,delta(O5-C4-H12),angle,0.004096640897739381,+,0.0020382586149518315,0.23505585592422437
14,579.5759112734297,,,mixed mixed-phase cyclic C-C stretching / C-C-C bending / C-C-O bending,delta(O5-C4-H11),angle,0.003171120229613477,+,0.0017646848837871568,0.24273931892739395
14,579.5759112734297,,,mixed mixed-phase cyclic C-C stretching / C-C-C bending / C-C-O bending,nu(C7-H14),bond,0.002522594264937754,+,0.0013456236784532545,0.33209467719496233
14,579.5759112734297,,,mixed mixed-phase cyclic C-C stretching / C-C-C bending / C-C-O bending,nu(C7-H15),bond,0.0020915615840350578,-,-0.0012084243982767855,0.3414235221230458
14,579.5759112734297,,,mixed mixed-phase cyclic C-C stretching / C-C-C bending / C-C-O bending,nu(C6-H13),bond,0.0017443172106767254,-,-0.0010941815552492876,0.3473029232767053
14,579.5759112734297,,,mixed mixed-phase cyclic C-C stretching / C-C-C bending / C-C-O bending,nu(C4-H11),bond,0.0006963480359705977,-,-0.0007101422466345784,0.3291526891067391
14,579.5759112734297,,,mixed mixed-phase cyclic C-C stretching / C-C-C bending / C-C-O bending,nu(C4-H12),bond,0.0005554701253259253,+,0.000629860847087514,0.3337591898696782
14,579.5759112734297,,,mixed mixed-phase cyclic C-C stretching / C-C-C bending / C-C-O bending,nu(C2-H10),bond,9.649044932325358e-05,+,0.0002765738266569253,0.300693419275662
15,635.8629702468013,,,mixed cyclic-ring torsional/out-of-plane deformation / cyclic-ring deformation (C-O-C bend),tau(C2-C3-C8-C7),dihedral,29.74732518205889,+,0.08172522071457781,1.0524673110790386
15,635.8629702468013,,,mixed cyclic-ring torsional/out-of-plane deformation / cyclic-ring deformation (C-O-C bend),delta(C4-O5-C6),angle,19.23660523616284,-,-0.05950165959021761,1.2839354019760134
15,635.8629702468013,,,mixed cyclic-ring torsional/out-of-plane deformation / cyclic-ring deformation (C-O-C bend),delta(C2-C3-C6),angle,9.193801736189444,+,0.03682425935668481,1.6021382601743324
15,635.8629702468013,,,mixed cyclic-ring torsional/out-of-plane deformation / cyclic-ring deformation (C-O-C bend),tau(C8-C3-C6-O5),dihedral,6.357946159449496,+,0.040406770463462256,0.920198379056731
15,635.8629702468013,,,mixed cyclic-ring torsional/out-of-plane deformation / cyclic-ring deformation (C-O-C bend),delta(C6-C7-H14),angle,5.171507436822175,-,-0.07470541185783634,0.2189706582567389
15,635.8629702468013,,,mixed cyclic-ring torsional/out-of-plane deformation / cyclic-ring deformation (C-O-C bend),delta(O1-C2-C3),angle,5.142836211857118,-,-0.058496583062369975,0.3551522703295664
15,635.8629702468013,,,mixed cyclic-ring torsional/out-of-plane deformation / cyclic-ring deformation (C-O-C bend),tau(H12-C4-O5-C6),dihedral,3.8689691436105393,+,0.07056131386194545,0.18362628484581178
15,635.8629702468013,,,mixed cyclic-ring torsional/out-of-plane deformation / cyclic-ring deformation (C-O-C bend),nu(C3-C6),bond,3.3935732076774694,+,0.04668162602548501,0.3679918254755168
15,635.8629702468013,,,mixed cyclic-ring torsional/out-of-plane deformation / cyclic-ring deformation (C-O-C bend),nu(C6-C7),bond,2.8977208856557373,-,-0.04812957297206432,0.2956006830977458
15,635.8629702468013,,,mixed cyclic-ring torsional/out-of-plane deformation / cyclic-ring deformation (C-O-C bend),tau(H11-C4-O5-C6),dihedral,2.8897015739376544,+,0.06020781148932986,0.18837367530368862
15,635.8629702468013,,,mixed cyclic-ring torsional/out-of-plane deformation / cyclic-ring deformation (C-O-C bend),delta(C8-C7-H14),angle,2.34265048757488,-,-0.052407855937514305,0.2015522323599835
15,635.8629702468013,,,mixed cyclic-ring torsional/out-of-plane deformation / cyclic-ring deformation (C-O-C bend),delta(C7-C8-O9),angle,1.4404448479475096,+,0.030894727523474035,0.3566159759628039
15,635.8629702468013,,,mixed cyclic-ring torsional/out-of-plane deformation / cyclic-ring deformation (C-O-C bend),nu(C7-C8),bond,1.4022943940949564,+,0.033695984230947065,0.2918473837876942
15,635.8629702468013,,,mixed cyclic-ring torsional/out-of-plane deformation / cyclic-ring deformation (C-O-C bend),nu(C8-O9),bond,1.1060797310158208,+,0.017153024701410904,0.8883373187075376
15,635.8629702468013,,,mixed cyclic-ring torsional/out-of-plane deformation / cyclic-ring deformation (C-O-C bend),tau(C6-C7-C8-O9),dihedral,0.7543981529425504,+,0.05824148759615717,0.05255434131898353
15,635.8629702468013,,,mixed cyclic-ring torsional/out-of-plane deformation / cyclic-ring deformation (C-O-C bend),tau(C4-C3-C6-C7),dihedral,0.6566528389009626,-,-0.01244779318312528,1.0014378396289534
15,635.8629702468013,,,mixed cyclic-ring torsional/out-of-plane deformation / cyclic-ring deformation (C-O-C bend),nu(C2-C3),bond,0.6524246567495733,-,-0.023979405621444384,0.2681182875154984
15,635.8629702468013,,,mixed cyclic-ring torsional/out-of-plane deformation / cyclic-ring deformation (C-O-C bend),delta(C6-C7-H15),angle,0.5843251904344614,+,0.0214057992582618,0.30134543148372883
15,635.8629702468013,,,mixed cyclic-ring torsional/out-of-plane deformation / cyclic-ring deformation (C-O-C bend),delta(C3-C6-H13),angle,0.5700425321482668,+,0.024325815385528665,0.22763830690822295
15,635.8629702468013,,,mixed cyclic-ring torsional/out-of-plane deformation / cyclic-ring deformation (C-O-C bend),delta(O1-C2-H10),angle,0.5054950186668253,+,0.020126503271325764,0.29488529963383303
15,635.8629702468013,,,mixed cyclic-ring torsional/out-of-plane deformation / cyclic-ring deformation (C-O-C bend),tau(C8-C3-C4-O5),dihedral,0.3876227644749365,+,0.011554281083595611,0.6861140562423255
15,635.8629702468013,,,mixed cyclic-ring torsional/out-of-plane deformation / cyclic-ring deformation (C-O-C bend),delta(O5-C4-H11),angle,0.3095368062720439,-,-0.017358913286267087,0.24273931892739395
15,635.8629702468013,,,mixed cyclic-ring torsional/out-of-plane deformation / cyclic-ring deformation (C-O-C bend),nu(C4-O5),bond,0.26872945235508505,-,-0.014063927615584181,0.3210516610795147
15,635.8629702468013,,,mixed cyclic-ring torsional/out-of-plane deformation / cyclic-ring deformation (C-O-C bend),nu(C3-C4),bond,0.21701731072149658,-,-0.013576290072133807,0.2782307070559814
15,635.8629702468013,,,mixed cyclic-ring torsional/out-of-plane deformation / cyclic-ring deformation (C-O-C bend),"gamma(C3;C2,O1,H10)",oop,0.19822512755201438,-,-0.022138960236076803,0.09556902705630667
15,635.8629702468013,,,mixed cyclic-ring torsional/out-of-plane deformation / cyclic-ring deformation (C-O-C bend),delta(C7-C6-H13),angle,0.156495703533761,+,0.011244787765315673,0.2924642536055127
15,635.8629702468013,,,mixed cyclic-ring torsional/out-of-plane deformation / cyclic-ring deformation (C-O-C bend),tau(H10-C2-C3-C6),dihedral,0.14680859187939893,+,0.07093465683842297,0.006894573854801099
15,635.8629702468013,,,mixed cyclic-ring torsional/out-of-plane deformation / cyclic-ring deformation (C-O-C bend),nu(O5-C6),bond,0.12928300657905087,-,-0.009580981842137756,0.3328084223390359
15,635.8629702468013,,,mixed cyclic-ring torsional/out-of-plane deformation / cyclic-ring deformation (C-O-C bend),delta(C2-C3-C8),angle,0.12355646403645917,+,0.009025034466038273,0.3584599434968781
15,635.8629702468013,,,mixed cyclic-ring torsional/out-of-plane deformation / cyclic-ring deformation (C-O-C bend),nu(O1-C2),bond,0.06026944952486993,-,-0.004103319180865105,0.8458620164669524
15,635.8629702468013,,,mixed cyclic-ring torsional/out-of-plane deformation / cyclic-ring deformation (C-O-C bend),nu(C3-C8),bond,0.03718961527637598,-,-0.005915355536710249,0.2511498248433533
15,635.8629702468013,,,mixed cyclic-ring torsional/out-of-plane deformation / cyclic-ring deformation (C-O-C bend),delta(H14-C7-H15),angle,0.025089621984931955,-,-0.0044262180995837345,0.3026226275032689
15,635.8629702468013,,,mixed cyclic-ring torsional/out-of-plane deformation / cyclic-ring deformation (C-O-C bend),delta(O5-C4-H12),angle,0.009400202179929895,+,0.0030741107472586934,0.23505585592422437
15,635.8629702468013,,,mixed cyclic-ring torsional/out-of-plane deformation / cyclic-ring deformation (C-O-C bend),nu(C7-H14),bond,0.007282964684959085,+,0.002276457748979253,0.33209467719496233
15,635.8629702468013,,,mixed cyclic-ring torsional/out-of-plane deformation / cyclic-ring deformation (C-O-C bend),nu(C4-H12),bond,0.006525875457299988,-,-0.002149508782572231,0.3337591898696782
15,635.8629702468013,,,mixed cyclic-ring torsional/out-of-plane deformation / cyclic-ring deformation (C-O-C bend),nu(C7-H15),bond,0.001782220043964203,-,-0.0011106325368798208,0.3414235221230458
15,635.8629702468013,,,mixed cyclic-ring torsional/out-of-plane deformation / cyclic-ring deformation (C-O-C bend),nu(C4-H11),bond,0.0003775072044855286,-,-0.0005205954498738176,0.3291526891067391
15,635.8629702468013,,,mixed cyclic-ring torsional/out-of-plane deformation / cyclic-ring deformation (C-O-C bend),nu(C2-H10),bond,1.2244052889601885e-05,-,-9.8092789803066e-05,0.300693419275662
15,635.8629702468013,,,mixed cyclic-ring torsional/out-of-plane deformation / cyclic-ring deformation (C-O-C bend),nu(C6-H13),bond,4.4828886810759375e-07,+,1.7464703118181317e-05,0.3473029232767053
16,662.1595906021515,,,mixed mixed-phase cyclic C-C stretching / cyclic-ring torsional/out-of-plane deformation / exocyclic C-C stretching,nu(C3-C6),bond,20.376580819763273,-,-0.11211194137523524,0.3679918254755168
16,662.1595906021515,,,mixed mixed-phase cyclic C-C stretching / cyclic-ring torsional/out-of-plane deformation / exocyclic C-C stretching,nu(C2-C3),bond,15.583133291058797,-,-0.11486017598409376,0.2681182875154984
16,662.1595906021515,,,mixed mixed-phase cyclic C-C stretching / cyclic-ring torsional/out-of-plane deformation / exocyclic C-C stretching,tau(C8-C3-C4-O5),dihedral,12.645893232974656,+,0.0646817706518756,0.6861140562423255
16,662.1595906021515,,,mixed mixed-phase cyclic C-C stretching / cyclic-ring torsional/out-of-plane deformation / exocyclic C-C stretching,delta(O1-C2-C3),angle,12.301326562990331,+,0.08866944280036207,0.3551522703295664
16,662.1595906021515,,,mixed mixed-phase cyclic C-C stretching / cyclic-ring torsional/out-of-plane deformation / exocyclic C-C stretching,tau(C8-C3-C6-O5),dihedral,6.462164854462015,+,0.03992579638479919,0.920198379056731
16,662.1595906021515,,,mixed mixed-phase cyclic C-C stretching / cyclic-ring torsional/out-of-plane deformation / exocyclic C-C stretching,delta(C6-C7-H15),angle,6.218623405457348,-,-0.06844159558492774,0.30134543148372883
16,662.1595906021515,,,mixed mixed-phase cyclic C-C stretching / cyclic-ring torsional/out-of-plane deformation / exocyclic C-C stretching,nu(C3-C8),bond,5.110846047356171,+,0.06796499085071149,0.2511498248433533
16,662.1595906021515,,,mixed mixed-phase cyclic C-C stretching / cyclic-ring torsional/out-of-plane deformation / exocyclic C-C stretching,delta(C6-C7-H14),angle,3.966715870261445,+,0.06412507528243988,0.2189706582567389
16,662.1595906021515,,,mixed mixed-phase cyclic C-C stretching / cyclic-ring torsional/out-of-plane deformation / exocyclic C-C stretching,tau(C4-C3-C6-C7),dihedral,3.656743505155293,-,-0.028789926342451047,1.0014378396289534
16,662.1595906021515,,,mixed mixed-phase cyclic C-C stretching / cyclic-ring torsional/out-of-plane deformation / exocyclic C-C stretching,delta(C2-C3-C8),angle,2.681509213304377,-,-0.04120734500853041,0.3584599434968781
16,662.1595906021515,,,mixed mixed-phase cyclic C-C stretching / cyclic-ring torsional/out-of-plane deformation / exocyclic C-C stretching,delta(C7-C6-H13),angle,2.4292994234703533,+,0.04342196076308824,0.2924642536055127
16,662.1595906021515,,,mixed mixed-phase cyclic C-C stretching / cyclic-ring torsional/out-of-plane deformation / exocyclic C-C stretching,nu(C3-C4),bond,2.0677856508710035,-,-0.041072915528696935,0.2782307070559814
16,662.1595906021515,,,mixed mixed-phase cyclic C-C stretching / cyclic-ring torsional/out-of-plane deformation / exocyclic C-C stretching,nu(O5-C6),bond,1.5517734318319325,+,0.03253286453837699,0.3328084223390359
16,662.1595906021515,,,mixed mixed-phase cyclic C-C stretching / cyclic-ring torsional/out-of-plane deformation / exocyclic C-C stretching,delta(C2-C3-C6),angle,1.5241092719686395,-,-0.014694789177454384,1.6021382601743324
16,662.1595906021515,,,mixed mixed-phase cyclic C-C stretching / cyclic-ring torsional/out-of-plane deformation / exocyclic C-C stretching,tau(H12-C4-O5-C6),dihedral,0.8170645160798795,-,-0.03178088994166071,0.18362628484581178
16,662.1595906021515,,,mixed mixed-phase cyclic C-C stretching / cyclic-ring torsional/out-of-plane deformation / exocyclic C-C stretching,tau(C6-C7-C8-O9),dihedral,0.6504603423177586,-,-0.05300433816583086,0.05255434131898353
16,662.1595906021515,,,mixed mixed-phase cyclic C-C stretching / cyclic-ring torsional/out-of-plane deformation / exocyclic C-C stretching,delta(O5-C4-H11),angle,0.30931367640338836,+,0.017007277579383744,0.24273931892739395
16,662.1595906021515,,,mixed mixed-phase cyclic C-C stretching / cyclic-ring torsional/out-of-plane deformation / exocyclic C-C stretching,nu(C4-O5),bond,0.27593774555299416,+,0.01396765174712885,0.3210516610795147
16,662.1595906021515,,,mixed mixed-phase cyclic C-C stretching / cyclic-ring torsional/out-of-plane deformation / exocyclic C-C stretching,nu(C8-O9),bond,0.22061119671664547,+,0.0075081013218158705,0.8883373187075376
16,662.1595906021515,,,mixed mixed-phase cyclic C-C stretching / cyclic-ring torsional/out-of-plane deformation / exocyclic C-C stretching,delta(O1-C2-H10),angle,0.193911267394273,-,-0.012217441382017816,0.29488529963383303
16,662.1595906021515,,,mixed mixed-phase cyclic C-C stretching / cyclic-ring torsional/out-of-plane deformation / exocyclic C-C stretching,nu(C7-C8),bond,0.1841911415104073,+,0.01196910758050835,0.2918473837876942
16,662.1595906021515,,,mixed mixed-phase cyclic C-C stretching / cyclic-ring torsional/out-of-plane deformation / exocyclic C-C stretching,"gamma(C3;C2,O1,H10)",oop,0.1558660943906058,-,-0.0192407743938705,0.09556902705630667
16,662.1595906021515,,,mixed mixed-phase cyclic C-C stretching / cyclic-ring torsional/out-of-plane deformation / exocyclic C-C stretching,tau(H11-C4-O5-C6),dihedral,0.14989156581674576,-,-0.01343952116734353,0.18837367530368862
16,662.1595906021515,,,mixed mixed-phase cyclic C-C stretching / cyclic-ring torsional/out-of-plane deformation / exocyclic C-C stretching,tau(C2-C3-C8-C7),dihedral,0.1363450117917819,+,0.005422762973880627,1.0524673110790386
16,662.1595906021515,,,mixed mixed-phase cyclic C-C stretching / cyclic-ring torsional/out-of-plane deformation / exocyclic C-C stretching,tau(H10-C2-C3-C6),dihedral,0.08729866395527008,-,-0.05361118262919251,0.006894573854801099
16,662.1595906021515,,,mixed mixed-phase cyclic C-C stretching / cyclic-ring torsional/out-of-plane deformation / exocyclic C-C stretching,delta(C8-C7-H14),angle,0.05016135325911894,+,0.007516161771883743,0.2015522323599835
16,662.1595906021515,,,mixed mixed-phase cyclic C-C stretching / cyclic-ring torsional/out-of-plane deformation / exocyclic C-C stretching,nu(C6-C7),bond,0.04402376435338375,-,-0.005814283100592352,0.2956006830977458
16,662.1595906021515,,,mixed mixed-phase cyclic C-C stretching / cyclic-ring torsional/out-of-plane deformation / exocyclic C-C stretching,delta(C3-C6-H13),angle,0.042661871510480745,-,-0.0065223271916149414,0.22763830690822295
16,662.1595906021515,,,mixed mixed-phase cyclic C-C stretching / cyclic-ring torsional/out-of-plane deformation / exocyclic C-C stretching,delta(C7-C8-O9),angle,0.029192070613260943,+,0.004310596341027825,0.3566159759628039
16,662.1595906021515,,,mixed mixed-phase cyclic C-C stretching / cyclic-ring torsional/out-of-plane deformation / exocyclic C-C stretching,delta(H14-C7-H15),angle,0.02820727069264599,-,-0.004599759630581061,0.3026226275032689
16,662.1595906021515,,,mixed mixed-phase cyclic C-C stretching / cyclic-ring torsional/out-of-plane deformation / exocyclic C-C stretching,delta(O5-C4-H12),angle,0.022369072721672417,+,0.004647760665802037,0.23505585592422437
16,662.1595906021515,,,mixed mixed-phase cyclic C-C stretching / cyclic-ring torsional/out-of-plane deformation / exocyclic C-C stretching,nu(C2-H10),bond,0.008858809096224185,+,0.0025860148396991975,0.300693419275662
16,662.1595906021515,,,mixed mixed-phase cyclic C-C stretching / cyclic-ring torsional/out-of-plane deformation / exocyclic C-C stretching,delta(C4-O5-C6),angle,0.008463245516992464,+,0.001223213276235138,1.2839354019760134
16,662.1595906021515,,,mixed mixed-phase cyclic C-C stretching / cyclic-ring torsional/out-of-plane deformation / exocyclic C-C stretching,nu(O1-C2),bond,0.0045371264097182505,+,0.001103433032962476,0.8458620164669524
16,662.1595906021515,,,mixed mixed-phase cyclic C-C stretching / cyclic-ring torsional/out-of-plane deformation / exocyclic C-C stretching,nu(C7-H14),bond,0.0023315826210268693,-,-0.0012624080360623497,0.33209467719496233
16,662.1595906021515,,,mixed mixed-phase cyclic C-C stretching / cyclic-ring torsional/out-of-plane deformation / exocyclic C-C stretching,nu(C7-H15),bond,0.001276155865636695,+,0.0009211077671245165,0.3414235221230458
16,662.1595906021515,,,mixed mixed-phase cyclic C-C stretching / cyclic-ring torsional/out-of-plane deformation / exocyclic C-C stretching,nu(C6-H13),bond,0.00042861503844709504,-,-0.0005292791499098618,0.3473029232767053
16,662.1595906021515,,,mixed mixed-phase cyclic C-C stretching / cyclic-ring torsional/out-of-plane deformation / exocyclic C-C stretching,nu(C4-H12),bond,9.162035436697795e-05,-,-0.0002496230414315391,0.3337591898696782
16,662.1595906021515,,,mixed mixed-phase cyclic C-C stretching / cyclic-ring torsional/out-of-plane deformation / exocyclic C-C stretching,nu(C4-H11),bond,1.6390916441883033e-06,+,3.362081349298487e-05,0.3291526891067391
17,774.5878700992298,,,mixed cyclic C-C stretching / ring-site C-H out-of-plane bending,nu(C3-C8),bond,18.19490832785702,-,-0.16756290146609337,0.2511498248433533
17,774.5878700992298,,,mixed cyclic C-C stretching / ring-site C-H out-of-plane bending,delta(C2-C3-C6),angle,12.697631477748217,-,-0.05542181433139609,1.6021382601743324
17,774.5878700992298,,,mixed cyclic C-C stretching / ring-site C-H out-of-plane bending,nu(C7-C8),bond,9.139956440802232,-,-0.11017004745382565,0.2918473837876942
17,774.5878700992298,,,mixed cyclic C-C stretching / ring-site C-H out-of-plane bending,delta(C4-O5-C6),angle,9.063340574435193,-,-0.05230484732707985,1.2839354019760134
17,774.5878700992298,,,mixed cyclic C-C stretching / ring-site C-H out-of-plane bending,delta(O1-C2-C3),angle,8.651725663325937,+,0.09716580389364926,0.3551522703295664
17,774.5878700992298,,,mixed cyclic C-C stretching / ring-site C-H out-of-plane bending,tau(H11-C4-O5-C6),dihedral,8.24858478346833,+,0.1302713733127685,0.18837367530368862
17,774.5878700992298,,,mixed cyclic C-C stretching / ring-site C-H out-of-plane bending,nu(C3-C6),bond,6.8570728283074445,-,-0.08498057613290289,0.3679918254755168
17,774.5878700992298,,,mixed cyclic C-C stretching / ring-site C-H out-of-plane bending,tau(H12-C4-O5-C6),dihedral,6.380693360324,+,0.11604752673710823,0.18362628484581178
17,774.5878700992298,,,mixed cyclic C-C stretching / ring-site C-H out-of-plane bending,delta(C6-C7-H15),angle,4.567946177702652,+,0.07664742320067863,0.30134543148372883
17,774.5878700992298,,,mixed cyclic C-C stretching / ring-site C-H out-of-plane bending,delta(C3-C6-H13),angle,4.137996163122616,-,-0.0839347389745706,0.22763830690822295
17,774.5878700992298,,,mixed cyclic C-C stretching / ring-site C-H out-of-plane bending,delta(C6-C7-H14),angle,2.3344066419991805,-,-0.06427834242983797,0.2189706582567389
17,774.5878700992298,,,mixed cyclic C-C stretching / ring-site C-H out-of-plane bending,delta(C2-C3-C8),angle,1.4181086469038988,+,0.03915649520680021,0.3584599434968781
17,774.5878700992298,,,mixed cyclic C-C stretching / ring-site C-H out-of-plane bending,delta(C8-C7-H14),angle,1.3325888021879002,-,-0.05062017581110478,0.2015522323599835
17,774.5878700992298,,,mixed cyclic C-C stretching / ring-site C-H out-of-plane bending,nu(O5-C6),bond,1.1537001484621003,-,-0.036653773837671065,0.3328084223390359
17,774.5878700992298,,,mixed cyclic C-C stretching / ring-site C-H out-of-plane bending,tau(C2-C3-C8-C7),dihedral,0.8953867968350147,-,-0.01815810030883712,1.0524673110790386
17,774.5878700992298,,,mixed cyclic C-C stretching / ring-site C-H out-of-plane bending,delta(O1-C2-H10),angle,0.7858562089906775,-,-0.03213766790675167,0.29488529963383303
17,774.5878700992298,,,mixed cyclic C-C stretching / ring-site C-H out-of-plane bending,nu(C8-O9),bond,0.6034143368081311,-,-0.016225131844181014,0.8883373187075376
17,774.5878700992298,,,mixed cyclic C-C stretching / ring-site C-H out-of-plane bending,tau(C4-C3-C6-C7),dihedral,0.5695825788227457,+,0.014846898034088965,1.0014378396289534
17,774.5878700992298,,,mixed cyclic C-C stretching / ring-site C-H out-of-plane bending,delta(C7-C8-O9),angle,0.4024192605308192,-,-0.02091261573867249,0.3566159759628039
17,774.5878700992298,,,mixed cyclic C-C stretching / ring-site C-H out-of-plane bending,"gamma(C3;C2,O1,H10)",oop,0.3620144003586269,+,0.03831543112802084,0.09556902705630667
17,774.5878700992298,,,mixed cyclic C-C stretching / ring-site C-H out-of-plane bending,tau(C8-C3-C4-O5),dihedral,0.3401228231743089,-,-0.013860825787576076,0.6861140562423255
17,774.5878700992298,,,mixed cyclic C-C stretching / ring-site C-H out-of-plane bending,nu(C2-C3),bond,0.3027587462979243,-,-0.0209196544415788,0.2681182875154984
17,774.5878700992298,,,mixed cyclic C-C stretching / ring-site C-H out-of-plane bending,tau(C8-C3-C6-O5),dihedral,0.28064857412313887,-,-0.010872015523754695,0.920198379056731
17,774.5878700992298,,,mixed cyclic C-C stretching / ring-site C-H out-of-plane bending,tau(C6-C7-C8-O9),dihedral,0.27002347351782474,+,0.04462372668474584,0.05255434131898353
17,774.5878700992298,,,mixed cyclic C-C stretching / ring-site C-H out-of-plane bending,tau(H10-C2-C3-C6),dihedral,0.23889302619251593,+,0.11588237772473355,0.006894573854801099
17,774.5878700992298,,,mixed cyclic C-C stretching / ring-site C-H out-of-plane bending,nu(C3-C4),bond,0.1699891489052861,+,0.015387832341888784,0.2782307070559814
17,774.5878700992298,,,mixed cyclic C-C stretching / ring-site C-H out-of-plane bending,nu(C6-C7),bond,0.15985196951535244,-,-0.014476902678938369,0.2956006830977458
17,774.5878700992298,,,mixed cyclic C-C stretching / ring-site C-H out-of-plane bending,delta(C7-C6-H13),angle,0.1374428742639285,+,0.013495658933179801,0.2924642536055127
17,774.5878700992298,,,mixed cyclic C-C stretching / ring-site C-H out-of-plane bending,delta(O5-C4-H11),angle,0.09841074973490255,-,-0.012534891567218938,0.24273931892739395
17,774.5878700992298,,,mixed cyclic C-C stretching / ring-site C-H out-of-plane bending,delta(H14-C7-H15),angle,0.07607235608408174,+,0.009870339946408225,0.3026226275032689
17,774.5878700992298,,,mixed cyclic C-C stretching / ring-site C-H out-of-plane bending,delta(O5-C4-H12),angle,0.0708362165318067,+,0.010807158390721163,0.23505585592422437
17,774.5878700992298,,,mixed cyclic C-C stretching / ring-site C-H out-of-plane bending,nu(O1-C2),bond,0.03230231141089852,+,0.00384712603078165,0.8458620164669524
17,774.5878700992298,,,mixed cyclic C-C stretching / ring-site C-H out-of-plane bending,nu(C7-H15),bond,0.0126909342103485,-,-0.0037955039962585674,0.3414235221230458
17,774.5878700992298,,,mixed cyclic C-C stretching / ring-site C-H out-of-plane bending,nu(C4-H12),bond,0.0076463042878353454,-,-0.0029797412143311506,0.3337591898696782
17,774.5878700992298,,,mixed cyclic C-C stretching / ring-site C-H out-of-plane bending,nu(C6-H13),bond,0.0034631709525003566,-,-0.001965857896957425,0.3473029232767053
17,774.5878700992298,,,mixed cyclic C-C stretching / ring-site C-H out-of-plane bending,nu(C4-H11),bond,0.000794913077563606,-,-0.0009674543750350474,0.3291526891067391
17,774.5878700992298,,,mixed cyclic C-C stretching / ring-site C-H out-of-plane bending,nu(C7-H14),bond,0.0006310651212766063,+,0.0008581743053275299,0.33209467719496233
17,774.5878700992298,,,mixed cyclic C-C stretching / ring-site C-H out-of-plane bending,nu(C4-O5),bond,8.77176598388134e-05,+,0.0003254059079739188,0.3210516610795147
17,774.5878700992298,,,mixed cyclic C-C stretching / ring-site C-H out-of-plane bending,nu(C2-H10),bond,5.945932114803889e-09,+,2.76832699188554e-06,0.300693419275662
18,820.9116863145694,,,mixed ring-site C-H in-plane bending / cyclic-ring deformation (C-O-C bend) / cyclic C-O stretching,delta(C4-O5-C6),angle,19.804919520877565,+,0.08871345971753358,1.2839354019760134
18,820.9116863145694,,,mixed ring-site C-H in-plane bending / cyclic-ring deformation (C-O-C bend) / cyclic C-O stretching,nu(O5-C6),bond,15.059610548824615,-,-0.15194425312232746,0.3328084223390359
18,820.9116863145694,,,mixed ring-site C-H in-plane bending / cyclic-ring deformation (C-O-C bend) / cyclic C-O stretching,delta(C6-C7-H14),angle,12.783815577812065,-,-0.17258849788774325,0.2189706582567389
18,820.9116863145694,,,mixed ring-site C-H in-plane bending / cyclic-ring deformation (C-O-C bend) / cyclic C-O stretching,delta(C6-C7-H15),angle,7.314887308736253,+,0.11128742060052403,0.30134543148372883
18,820.9116863145694,,,mixed ring-site C-H in-plane bending / cyclic-ring deformation (C-O-C bend) / cyclic C-O stretching,tau(C2-C3-C8-C7),dihedral,7.299138158034538,+,0.0594848055955857,1.0524673110790386
18,820.9116863145694,,,mixed ring-site C-H in-plane bending / cyclic-ring deformation (C-O-C bend) / cyclic C-O stretching,nu(C6-C7),bond,6.861624671589692,-,-0.10882666618493535,0.2956006830977458
18,820.9116863145694,,,mixed ring-site C-H in-plane bending / cyclic-ring deformation (C-O-C bend) / cyclic C-O stretching,delta(C2-C3-C6),angle,6.515997913309826,+,0.04555279558326416,1.6021382601743324
18,820.9116863145694,,,mixed ring-site C-H in-plane bending / cyclic-ring deformation (C-O-C bend) / cyclic C-O stretching,nu(C3-C4),bond,3.6683889184240988,+,0.08201810280077511,0.2782307070559814
18,820.9116863145694,,,mixed ring-site C-H in-plane bending / cyclic-ring deformation (C-O-C bend) / cyclic C-O stretching,nu(C2-C3),bond,3.473834940928297,-,-0.0813047527786554,0.2681182875154984
18,820.9116863145694,,,mixed ring-site C-H in-plane bending / cyclic-ring deformation (C-O-C bend) / cyclic C-O stretching,delta(C7-C6-H13),angle,3.2478054007451047,-,-0.07527194986494441,0.2924642536055127
18,820.9116863145694,,,mixed ring-site C-H in-plane bending / cyclic-ring deformation (C-O-C bend) / cyclic C-O stretching,nu(C4-O5),bond,2.2590880592027234,-,-0.05991749963114237,0.3210516610795147
18,820.9116863145694,,,mixed ring-site C-H in-plane bending / cyclic-ring deformation (C-O-C bend) / cyclic C-O stretching,tau(C8-C3-C6-O5),dihedral,2.2128467308282027,-,-0.03502752870605775,0.920198379056731
18,820.9116863145694,,,mixed ring-site C-H in-plane bending / cyclic-ring deformation (C-O-C bend) / cyclic C-O stretching,delta(C8-C7-H14),angle,1.6390081225663147,-,-0.06441267109450545,0.2015522323599835
18,820.9116863145694,,,mixed ring-site C-H in-plane bending / cyclic-ring deformation (C-O-C bend) / cyclic C-O stretching,nu(C3-C8),bond,1.4517532222504153,+,0.05430683864259742,0.2511498248433533
18,820.9116863145694,,,mixed ring-site C-H in-plane bending / cyclic-ring deformation (C-O-C bend) / cyclic C-O stretching,tau(H12-C4-O5-C6),dihedral,1.2266487333404323,-,-0.05838042416372941,0.18362628484581178
18,820.9116863145694,,,mixed ring-site C-H in-plane bending / cyclic-ring deformation (C-O-C bend) / cyclic C-O stretching,tau(C6-C7-C8-O9),dihedral,0.9868839797523451,+,0.09788210790112636,0.05255434131898353
18,820.9116863145694,,,mixed ring-site C-H in-plane bending / cyclic-ring deformation (C-O-C bend) / cyclic C-O stretching,tau(C4-C3-C6-C7),dihedral,0.8719795765051085,-,-0.021077336074032962,1.0014378396289534
18,820.9116863145694,,,mixed ring-site C-H in-plane bending / cyclic-ring deformation (C-O-C bend) / cyclic C-O stretching,tau(H11-C4-O5-C6),dihedral,0.6976988349590204,-,-0.04347088238712654,0.18837367530368862
18,820.9116863145694,,,mixed ring-site C-H in-plane bending / cyclic-ring deformation (C-O-C bend) / cyclic C-O stretching,delta(C3-C6-H13),angle,0.6679447726024459,+,0.03869208799152287,0.22763830690822295
18,820.9116863145694,,,mixed ring-site C-H in-plane bending / cyclic-ring deformation (C-O-C bend) / cyclic C-O stretching,delta(C7-C8-O9),angle,0.5799917940923631,+,0.028806141484491225,0.3566159759628039
18,820.9116863145694,,,mixed ring-site C-H in-plane bending / cyclic-ring deformation (C-O-C bend) / cyclic C-O stretching,nu(C7-C8),bond,0.37521724773438264,+,0.02561167941045518,0.2918473837876942
18,820.9116863145694,,,mixed ring-site C-H in-plane bending / cyclic-ring deformation (C-O-C bend) / cyclic C-O stretching,delta(C2-C3-C8),angle,0.24841276167729848,-,-0.01880360839613038,0.3584599434968781
18,820.9116863145694,,,mixed ring-site C-H in-plane bending / cyclic-ring deformation (C-O-C bend) / cyclic C-O stretching,"gamma(C3;C2,O1,H10)",oop,0.23601474888468618,-,-0.035496501528075194,0.09556902705630667
18,820.9116863145694,,,mixed ring-site C-H in-plane bending / cyclic-ring deformation (C-O-C bend) / cyclic C-O stretching,nu(C3-C6),bond,0.18620449432514463,-,-0.01606758315964167,0.3679918254755168
18,820.9116863145694,,,mixed ring-site C-H in-plane bending / cyclic-ring deformation (C-O-C bend) / cyclic C-O stretching,tau(C8-C3-C4-O5),dihedral,0.08538415078161217,-,-0.00796828824366578,0.6861140562423255
18,820.9116863145694,,,mixed ring-site C-H in-plane bending / cyclic-ring deformation (C-O-C bend) / cyclic C-O stretching,delta(O5-C4-H11),angle,0.07653725878546985,+,0.012683553636624186,0.24273931892739395
18,820.9116863145694,,,mixed ring-site C-H in-plane bending / cyclic-ring deformation (C-O-C bend) / cyclic C-O stretching,tau(H10-C2-C3-C6),dihedral,0.04049298647435926,-,-0.054740751167496986,0.006894573854801099
18,820.9116863145694,,,mixed ring-site C-H in-plane bending / cyclic-ring deformation (C-O-C bend) / cyclic C-O stretching,delta(O1-C2-C3),angle,0.03883165290431136,+,0.007468961200416194,0.3551522703295664
18,820.9116863145694,,,mixed ring-site C-H in-plane bending / cyclic-ring deformation (C-O-C bend) / cyclic C-O stretching,delta(O1-C2-H10),angle,0.03680050568642535,+,0.00797948557947583,0.29488529963383303
18,820.9116863145694,,,mixed ring-site C-H in-plane bending / cyclic-ring deformation (C-O-C bend) / cyclic C-O stretching,nu(C8-O9),bond,0.014719719125562072,-,-0.0029076047555816552,0.8883373187075376
18,820.9116863145694,,,mixed ring-site C-H in-plane bending / cyclic-ring deformation (C-O-C bend) / cyclic C-O stretching,delta(O5-C4-H12),angle,0.009741533849230323,-,-0.004598357122055981,0.23505585592422437
18,820.9116863145694,,,mixed ring-site C-H in-plane bending / cyclic-ring deformation (C-O-C bend) / cyclic C-O stretching,nu(C7-H14),bond,0.0074487494560107155,+,0.0033828698426008118,0.33209467719496233
18,820.9116863145694,,,mixed ring-site C-H in-plane bending / cyclic-ring deformation (C-O-C bend) / cyclic C-O stretching,nu(C7-H15),bond,0.0058204427831334525,-,-0.002949211071094564,0.3414235221230458
18,820.9116863145694,,,mixed ring-site C-H in-plane bending / cyclic-ring deformation (C-O-C bend) / cyclic C-O stretching,nu(O1-C2),bond,0.003580442110430407,-,-0.0014695796483652896,0.8458620164669524
18,820.9116863145694,,,mixed ring-site C-H in-plane bending / cyclic-ring deformation (C-O-C bend) / cyclic C-O stretching,delta(H14-C7-H15),angle,0.0035193908682796555,+,0.0024358896776939757,0.3026226275032689
18,820.9116863145694,,,mixed ring-site C-H in-plane bending / cyclic-ring deformation (C-O-C bend) / cyclic C-O stretching,nu(C6-H13),bond,0.0023572382333391637,+,0.0018608959098904971,0.3473029232767053
18,820.9116863145694,,,mixed ring-site C-H in-plane bending / cyclic-ring deformation (C-O-C bend) / cyclic C-O stretching,nu(C4-H11),bond,0.001980208737664735,+,0.0017519888784635399,0.3291526891067391
18,820.9116863145694,,,mixed ring-site C-H in-plane bending / cyclic-ring deformation (C-O-C bend) / cyclic C-O stretching,nu(C2-H10),bond,0.0017580328594481581,+,0.0017271342429918686,0.300693419275662
18,820.9116863145694,,,mixed ring-site C-H in-plane bending / cyclic-ring deformation (C-O-C bend) / cyclic C-O stretching,nu(C4-H12),bond,0.001311649341802886,+,0.0014160116257283795,0.3337591898696782
19,910.2403741141263,,,mixed cyclic-ring deformation (C-O-C bend) / mixed-phase cyclic C-C stretching,delta(C4-O5-C6),angle,29.169498759567155,-,-0.11468318880243111,1.2839354019760134
19,910.2403741141263,,,mixed cyclic-ring deformation (C-O-C bend) / mixed-phase cyclic C-C stretching,nu(C3-C4),bond,14.838514186974104,-,-0.1757112394727919,0.2782307070559814
19,910.2403741141263,,,mixed cyclic-ring deformation (C-O-C bend) / mixed-phase cyclic C-C stretching,nu(C4-O5),bond,10.622809879772177,+,0.13840096162279308,0.3210516610795147
19,910.2403741141263,,,mixed cyclic-ring deformation (C-O-C bend) / mixed-phase cyclic C-C stretching,tau(H11-C4-O5-C6),dihedral,6.0601914283282605,-,-0.1364708604015891,0.18837367530368862
19,910.2403741141263,,,mixed cyclic-ring deformation (C-O-C bend) / mixed-phase cyclic C-C stretching,delta(C3-C6-H13),angle,5.583515286606778,-,-0.119162071735566,0.22763830690822295
19,910.2403741141263,,,mixed cyclic-ring deformation (C-O-C bend) / mixed-phase cyclic C-C stretching,tau(H12-C4-O5-C6),dihedral,5.261892082075361,-,-0.12879838232639604,0.18362628484581178
19,910.2403741141263,,,mixed cyclic-ring deformation (C-O-C bend) / mixed-phase cyclic C-C stretching,nu(C3-C6),bond,5.051350086867775,-,-0.08914387580406094,0.3679918254755168
19,910.2403741141263,,,mixed cyclic-ring deformation (C-O-C bend) / mixed-phase cyclic C-C stretching,"gamma(C3;C2,O1,H10)",oop,4.503587166334572,-,-0.16516863054482855,0.09556902705630667
19,910.2403741141263,,,mixed cyclic-ring deformation (C-O-C bend) / mixed-phase cyclic C-C stretching,tau(C8-C3-C6-O5),dihedral,3.7567543155522634,-,-0.04861525061250318,0.920198379056731
19,910.2403741141263,,,mixed cyclic-ring deformation (C-O-C bend) / mixed-phase cyclic C-C stretching,nu(C3-C8),bond,3.6682179960306556,+,0.09195344247596354,0.2511498248433533
19,910.2403741141263,,,mixed cyclic-ring deformation (C-O-C bend) / mixed-phase cyclic C-C stretching,delta(C2-C3-C6),angle,2.731555136276322,+,0.03141679321592344,1.6021382601743324
19,910.2403741141263,,,mixed cyclic-ring deformation (C-O-C bend) / mixed-phase cyclic C-C stretching,nu(C6-C7),bond,2.1138586700917776,-,-0.06434163919492115,0.2956006830977458
19,910.2403741141263,,,mixed cyclic-ring deformation (C-O-C bend) / mixed-phase cyclic C-C stretching,delta(C7-C6-H13),angle,1.89048374878703,-,-0.06117260034207442,0.2924642536055127
19,910.2403741141263,,,mixed cyclic-ring deformation (C-O-C bend) / mixed-phase cyclic C-C stretching,delta(C6-C7-H14),angle,1.5913224541660482,-,-0.06486239749055132,0.2189706582567389
19,910.2403741141263,,,mixed cyclic-ring deformation (C-O-C bend) / mixed-phase cyclic C-C stretching,tau(H10-C2-C3-C6),dihedral,0.6131241937790225,-,-0.22689628052428046,0.006894573854801099
19,910.2403741141263,,,mixed cyclic-ring deformation (C-O-C bend) / mixed-phase cyclic C-C stretching,nu(C7-C8),bond,0.4921719518351319,+,0.031245493738015922,0.2918473837876942
19,910.2403741141263,,,mixed cyclic-ring deformation (C-O-C bend) / mixed-phase cyclic C-C stretching,delta(C2-C3-C8),angle,0.35880961494950325,-,-0.024072355253045026,0.3584599434968781
19,910.2403741141263,,,mixed cyclic-ring deformation (C-O-C bend) / mixed-phase cyclic C-C stretching,delta(C6-C7-H15),angle,0.3296645324465045,+,0.025165795932457474,0.30134543148372883
19,910.2403741141263,,,mixed cyclic-ring deformation (C-O-C bend) / mixed-phase cyclic C-C stretching,nu(C8-O9),bond,0.30916572308047174,-,-0.01419428690936922,0.8883373187075376
19,910.2403741141263,,,mixed cyclic-ring deformation (C-O-C bend) / mixed-phase cyclic C-C stretching,nu(O5-C6),bond,0.2506910214203636,+,0.020882336972991588,0.3328084223390359
19,910.2403741141263,,,mixed cyclic-ring deformation (C-O-C bend) / mixed-phase cyclic C-C stretching,delta(C8-C7-H14),angle,0.2044896555544087,+,0.024235318367622258,0.2015522323599835
19,910.2403741141263,,,mixed cyclic-ring deformation (C-O-C bend) / mixed-phase cyclic C-C stretching,delta(O5-C4-H11),angle,0.14155523392996108,-,-0.018373833020170403,0.24273931892739395
19,910.2403741141263,,,mixed cyclic-ring deformation (C-O-C bend) / mixed-phase cyclic C-C stretching,nu(C2-C3),bond,0.1258743656243102,-,-0.01648588601781935,0.2681182875154984
19,910.2403741141263,,,mixed cyclic-ring deformation (C-O-C bend) / mixed-phase cyclic C-C stretching,tau(C8-C3-C4-O5),dihedral,0.11856236733799391,-,-0.010001891445251626,0.6861140562423255
19,910.2403741141263,,,mixed cyclic-ring deformation (C-O-C bend) / mixed-phase cyclic C-C stretching,delta(H14-C7-H15),angle,0.04920070587103447,+,0.009701565759654706,0.3026226275032689
19,910.2403741141263,,,mixed cyclic-ring deformation (C-O-C bend) / mixed-phase cyclic C-C stretching,tau(C6-C7-C8-O9),dihedral,0.04349737854772166,+,0.021889412590383187,0.05255434131898353
19,910.2403741141263,,,mixed cyclic-ring deformation (C-O-C bend) / mixed-phase cyclic C-C stretching,nu(C4-H11),bond,0.027848412476053703,-,-0.006998555025036278,0.3291526891067391
19,910.2403741141263,,,mixed cyclic-ring deformation (C-O-C bend) / mixed-phase cyclic C-C stretching,nu(O1-C2),bond,0.024194636789249074,-,-0.0040692713955323215,0.8458620164669524
19,910.2403741141263,,,mixed cyclic-ring deformation (C-O-C bend) / mixed-phase cyclic C-C stretching,delta(O1-C2-H10),angle,0.019712671319191088,+,0.006220897457888571,0.29488529963383303
19,910.2403741141263,,,mixed cyclic-ring deformation (C-O-C bend) / mixed-phase cyclic C-C stretching,delta(O1-C2-C3),angle,0.01506326532983012,-,-0.0049551765096615295,0.3551522703295664
19,910.2403741141263,,,mixed cyclic-ring deformation (C-O-C bend) / mixed-phase cyclic C-C stretching,delta(O5-C4-H12),angle,0.012011910565415975,+,0.005439104104088336,0.23505585592422437
19,910.2403741141263,,,mixed cyclic-ring deformation (C-O-C bend) / mixed-phase cyclic C-C stretching,delta(C7-C8-O9),angle,0.009178315976292414,+,0.0038600059018031713,0.3566159759628039
19,910.2403741141263,,,mixed cyclic-ring deformation (C-O-C bend) / mixed-phase cyclic C-C stretching,nu(C4-H12),bond,0.005737058597049618,-,-0.0031545316593691148,0.3337591898696782
19,910.2403741141263,,,mixed cyclic-ring deformation (C-O-C bend) / mixed-phase cyclic C-C stretching,nu(C6-H13),bond,0.0031666126486848355,-,-0.0022974714092425983,0.3473029232767053
19,910.2403741141263,,,mixed cyclic-ring deformation (C-O-C bend) / mixed-phase cyclic C-C stretching,nu(C7-H15),bond,0.0015073978225819365,-,-0.0015987261790113537,0.3414235221230458
19,910.2403741141263,,,mixed cyclic-ring deformation (C-O-C bend) / mixed-phase cyclic C-C stretching,tau(C2-C3-C8-C7),dihedral,0.0007156783708071058,+,0.0006274245415918113,1.0524673110790386
19,910.2403741141263,,,mixed cyclic-ring deformation (C-O-C bend) / mixed-phase cyclic C-C stretching,tau(C4-C3-C6-C7),dihedral,0.00030539606980164844,+,0.00042017149608559713,1.0014378396289534
19,910.2403741141263,,,mixed cyclic-ring deformation (C-O-C bend) / mixed-phase cyclic C-C stretching,nu(C2-H10),bond,0.00018635886347213697,+,0.0005989904919062796,0.300693419275662
19,910.2403741141263,,,mixed cyclic-ring deformation (C-O-C bend) / mixed-phase cyclic C-C stretching,nu(C7-H14),bond,1.4343364868903223e-05,-,-0.00015812532442752058,0.33209467719496233
20,937.5075912696918,,,mixed mixed-phase cyclic C-C stretching / cyclic-ring torsional/out-of-plane deformation / ring-site C-H in-plane bending,nu(C6-C7),bond,19.931809731658355,+,0.20279402396661955,0.2956006830977458
20,937.5075912696918,,,mixed mixed-phase cyclic C-C stretching / cyclic-ring torsional/out-of-plane deformation / ring-site C-H in-plane bending,tau(C2-C3-C8-C7),dihedral,16.062636845293337,+,0.0964802934095026,1.0524673110790386
20,937.5075912696918,,,mixed mixed-phase cyclic C-C stretching / cyclic-ring torsional/out-of-plane deformation / ring-site C-H in-plane bending,delta(C8-C7-H14),angle,8.27921642392668,-,-0.15828337958407485,0.2015522323599835
20,937.5075912696918,,,mixed mixed-phase cyclic C-C stretching / cyclic-ring torsional/out-of-plane deformation / ring-site C-H in-plane bending,delta(C6-C7-H15),angle,7.2127569792083905,+,0.12082389920293814,0.30134543148372883
20,937.5075912696918,,,mixed mixed-phase cyclic C-C stretching / cyclic-ring torsional/out-of-plane deformation / ring-site C-H in-plane bending,nu(C3-C6),bond,7.045508531720169,-,-0.10806164887351384,0.3679918254755168
20,937.5075912696918,,,mixed mixed-phase cyclic C-C stretching / cyclic-ring torsional/out-of-plane deformation / ring-site C-H in-plane bending,nu(C3-C4),bond,6.806226044358394,+,0.12214766172861485,0.2782307070559814
20,937.5075912696918,,,mixed mixed-phase cyclic C-C stretching / cyclic-ring torsional/out-of-plane deformation / ring-site C-H in-plane bending,delta(C2-C3-C6),angle,6.394026373598438,+,0.04933688421121117,1.6021382601743324
20,937.5075912696918,,,mixed mixed-phase cyclic C-C stretching / cyclic-ring torsional/out-of-plane deformation / ring-site C-H in-plane bending,tau(C8-C3-C6-O5),dihedral,5.611547910313101,+,0.06098669642202192,0.920198379056731
20,937.5075912696918,,,mixed mixed-phase cyclic C-C stretching / cyclic-ring torsional/out-of-plane deformation / ring-site C-H in-plane bending,tau(C4-C3-C6-C7),dihedral,5.299668386634234,-,-0.05681288612853916,1.0014378396289534
20,937.5075912696918,,,mixed mixed-phase cyclic C-C stretching / cyclic-ring torsional/out-of-plane deformation / ring-site C-H in-plane bending,nu(C3-C8),bond,4.132550216648058,+,0.10017910171117847,0.2511498248433533
20,937.5075912696918,,,mixed mixed-phase cyclic C-C stretching / cyclic-ring torsional/out-of-plane deformation / ring-site C-H in-plane bending,delta(O1-C2-C3),angle,2.510495295413731,-,-0.06566091212698036,0.3551522703295664
20,937.5075912696918,,,mixed mixed-phase cyclic C-C stretching / cyclic-ring torsional/out-of-plane deformation / ring-site C-H in-plane bending,delta(C3-C6-H13),angle,1.962505375414633,-,-0.07251323110408087,0.22763830690822295
20,937.5075912696918,,,mixed mixed-phase cyclic C-C stretching / cyclic-ring torsional/out-of-plane deformation / ring-site C-H in-plane bending,delta(C7-C6-H13),angle,1.6983482401506473,+,0.059512950205482466,0.2924642536055127
20,937.5075912696918,,,mixed mixed-phase cyclic C-C stretching / cyclic-ring torsional/out-of-plane deformation / ring-site C-H in-plane bending,nu(C7-C8),bond,1.4628245169317873,-,-0.055290779930029184,0.2918473837876942
20,937.5075912696918,,,mixed mixed-phase cyclic C-C stretching / cyclic-ring torsional/out-of-plane deformation / ring-site C-H in-plane bending,delta(C4-O5-C6),angle,1.4066968289840958,-,-0.025850156127124664,1.2839354019760134
20,937.5075912696918,,,mixed mixed-phase cyclic C-C stretching / cyclic-ring torsional/out-of-plane deformation / ring-site C-H in-plane bending,nu(C2-C3),bond,0.9546112367999309,-,-0.04659985397423751,0.2681182875154984
20,937.5075912696918,,,mixed mixed-phase cyclic C-C stretching / cyclic-ring torsional/out-of-plane deformation / ring-site C-H in-plane bending,delta(C6-C7-H14),angle,0.6790164432125885,-,-0.0434892268498346,0.2189706582567389
20,937.5075912696918,,,mixed mixed-phase cyclic C-C stretching / cyclic-ring torsional/out-of-plane deformation / ring-site C-H in-plane bending,delta(O1-C2-H10),angle,0.6559986218409907,+,0.036834892362548874,0.29488529963383303
20,937.5075912696918,,,mixed mixed-phase cyclic C-C stretching / cyclic-ring torsional/out-of-plane deformation / ring-site C-H in-plane bending,nu(O5-C6),bond,0.640711536394771,+,0.03426641109591083,0.3328084223390359
20,937.5075912696918,,,mixed mixed-phase cyclic C-C stretching / cyclic-ring torsional/out-of-plane deformation / ring-site C-H in-plane bending,delta(C7-C8-O9),angle,0.3650469130349652,+,0.02498667371594386,0.3566159759628039
20,937.5075912696918,,,mixed mixed-phase cyclic C-C stretching / cyclic-ring torsional/out-of-plane deformation / ring-site C-H in-plane bending,tau(H12-C4-O5-C6),dihedral,0.2247787922285298,-,-0.02732402952935399,0.18362628484581178
20,937.5075912696918,,,mixed mixed-phase cyclic C-C stretching / cyclic-ring torsional/out-of-plane deformation / ring-site C-H in-plane bending,tau(C8-C3-C4-O5),dihedral,0.1985961167567455,-,-0.013286840478985656,0.6861140562423255
20,937.5075912696918,,,mixed mixed-phase cyclic C-C stretching / cyclic-ring torsional/out-of-plane deformation / ring-site C-H in-plane bending,tau(C6-C7-C8-O9),dihedral,0.1537548024770871,+,0.04224200749956019,0.05255434131898353
20,937.5075912696918,,,mixed mixed-phase cyclic C-C stretching / cyclic-ring torsional/out-of-plane deformation / ring-site C-H in-plane bending,delta(O5-C4-H11),angle,0.08076812762070364,+,0.014245721381950962,0.24273931892739395
20,937.5075912696918,,,mixed mixed-phase cyclic C-C stretching / cyclic-ring torsional/out-of-plane deformation / ring-site C-H in-plane bending,tau(H11-C4-O5-C6),dihedral,0.06910656726178915,-,-0.014958362644607875,0.18837367530368862
20,937.5075912696918,,,mixed mixed-phase cyclic C-C stretching / cyclic-ring torsional/out-of-plane deformation / ring-site C-H in-plane bending,tau(H10-C2-C3-C6),dihedral,0.03782011386676268,+,0.05784185402451706,0.006894573854801099
20,937.5075912696918,,,mixed mixed-phase cyclic C-C stretching / cyclic-ring torsional/out-of-plane deformation / ring-site C-H in-plane bending,nu(C7-H14),bond,0.03488935733992847,+,0.008004791615703832,0.33209467719496233
20,937.5075912696918,,,mixed mixed-phase cyclic C-C stretching / cyclic-ring torsional/out-of-plane deformation / ring-site C-H in-plane bending,"gamma(C3;C2,O1,H10)",oop,0.02841723721883974,+,0.01346687556174856,0.09556902705630667
20,937.5075912696918,,,mixed mixed-phase cyclic C-C stretching / cyclic-ring torsional/out-of-plane deformation / ring-site C-H in-plane bending,delta(O5-C4-H12),angle,0.028311575222820434,-,-0.00857098988099147,0.23505585592422437
20,937.5075912696918,,,mixed mixed-phase cyclic C-C stretching / cyclic-ring torsional/out-of-plane deformation / ring-site C-H in-plane bending,delta(H14-C7-H15),angle,0.014224170590897305,-,-0.005354233171706094,0.3026226275032689
20,937.5075912696918,,,mixed mixed-phase cyclic C-C stretching / cyclic-ring torsional/out-of-plane deformation / ring-site C-H in-plane bending,nu(O1-C2),bond,0.01134026488817785,-,-0.002859541086484333,0.8458620164669524
20,937.5075912696918,,,mixed mixed-phase cyclic C-C stretching / cyclic-ring torsional/out-of-plane deformation / ring-site C-H in-plane bending,nu(C6-H13),bond,0.0033121800965580854,+,0.002411777589156122,0.3473029232767053
20,937.5075912696918,,,mixed mixed-phase cyclic C-C stretching / cyclic-ring torsional/out-of-plane deformation / ring-site C-H in-plane bending,nu(C4-H11),bond,0.0008786210582677054,+,0.0012759586585726,0.3291526891067391
20,937.5075912696918,,,mixed mixed-phase cyclic C-C stretching / cyclic-ring torsional/out-of-plane deformation / ring-site C-H in-plane bending,nu(C4-O5),bond,0.0006959051946921879,-,-0.0011497994106204527,0.3210516610795147
20,937.5075912696918,,,mixed mixed-phase cyclic C-C stretching / cyclic-ring torsional/out-of-plane deformation / ring-site C-H in-plane bending,nu(C7-H15),bond,0.0003529402210719406,-,-0.0007940326501397959,0.3414235221230458
20,937.5075912696918,,,mixed mixed-phase cyclic C-C stretching / cyclic-ring torsional/out-of-plane deformation / ring-site C-H in-plane bending,nu(C2-H10),bond,0.00027416649157021325,-,-0.0007457267613907817,0.300693419275662
20,937.5075912696918,,,mixed mixed-phase cyclic C-C stretching / cyclic-ring torsional/out-of-plane deformation / ring-site C-H in-plane bending,nu(C8-O9),bond,0.00010995802238969433,+,0.00027476348097549817,0.8883373187075376
20,937.5075912696918,,,mixed mixed-phase cyclic C-C stretching / cyclic-ring torsional/out-of-plane deformation / ring-site C-H in-plane bending,delta(C2-C3-C8),angle,0.00010258746602273857,+,0.00041779317239192736,0.3584599434968781
20,937.5075912696918,,,mixed mixed-phase cyclic C-C stretching / cyclic-ring torsional/out-of-plane deformation / ring-site C-H in-plane bending,nu(C4-H12),bond,6.406443987219747e-05,+,0.00034215776745177146,0.3337591898696782
21,960.2758519314184,,,mixed ring-site C-H out-of-plane bending / C-C out-of-plane bending,"gamma(C3;C2,O1,H10)",oop,28.674566475291623,+,0.3874426156548517,0.09556902705630667
21,960.2758519314184,,,mixed ring-site C-H out-of-plane bending / C-C out-of-plane bending,tau(H12-C4-O5-C6),dihedral,17.89574878154286,-,-0.22081321117412564,0.18362628484581178
21,960.2758519314184,,,mixed ring-site C-H out-of-plane bending / C-C out-of-plane bending,tau(H11-C4-O5-C6),dihedral,15.543119895879896,-,-0.20317793073549953,0.18837367530368862
21,960.2758519314184,,,mixed ring-site C-H out-of-plane bending / C-C out-of-plane bending,delta(C2-C3-C6),angle,6.318292350005294,+,0.04441885942329593,1.6021382601743324
21,960.2758519314184,,,mixed ring-site C-H out-of-plane bending / C-C out-of-plane bending,nu(C6-C7),bond,4.787017784923419,-,-0.09001136420223205,0.2956006830977458
21,960.2758519314184,,,mixed ring-site C-H out-of-plane bending / C-C out-of-plane bending,nu(C3-C4),bond,4.545491684728519,+,0.09040770486083163,0.2782307070559814
21,960.2758519314184,,,mixed ring-site C-H out-of-plane bending / C-C out-of-plane bending,delta(C8-C7-H14),angle,4.407201516493537,+,0.10459361851678978,0.2015522323599835
21,960.2758519314184,,,mixed ring-site C-H out-of-plane bending / C-C out-of-plane bending,tau(C4-C3-C6-C7),dihedral,4.369155043849149,+,0.04672015442146092,1.0014378396289534
21,960.2758519314184,,,mixed ring-site C-H out-of-plane bending / C-C out-of-plane bending,delta(C4-O5-C6),angle,2.0040670818034454,-,-0.027944869148128153,1.2839354019760134
21,960.2758519314184,,,mixed ring-site C-H out-of-plane bending / C-C out-of-plane bending,nu(C3-C6),bond,1.9620643167261849,-,-0.0516481861609218,0.3679918254755168
21,960.2758519314184,,,mixed ring-site C-H out-of-plane bending / C-C out-of-plane bending,delta(C6-C7-H15),angle,1.5819438131473833,-,-0.05124845313262605,0.30134543148372883
21,960.2758519314184,,,mixed ring-site C-H out-of-plane bending / C-C out-of-plane bending,tau(H10-C2-C3-C6),dihedral,1.5283445413493781,+,0.3330231781078937,0.006894573854801099
21,960.2758519314184,,,mixed ring-site C-H out-of-plane bending / C-C out-of-plane bending,delta(O5-C4-H11),angle,1.1745483989621859,+,0.04920202010374797,0.24273931892739395
21,960.2758519314184,,,mixed ring-site C-H out-of-plane bending / C-C out-of-plane bending,delta(O5-C4-H12),angle,0.7581777757514956,-,-0.04017145179477458,0.23505585592422437
21,960.2758519314184,,,mixed ring-site C-H out-of-plane bending / C-C out-of-plane bending,nu(C3-C8),bond,0.7362239246075183,-,-0.03829623358238972,0.2511498248433533
21,960.2758519314184,,,mixed ring-site C-H out-of-plane bending / C-C out-of-plane bending,tau(C8-C3-C4-O5),dihedral,0.7221367081920288,-,-0.02294716786586049,0.6861140562423255
21,960.2758519314184,,,mixed ring-site C-H out-of-plane bending / C-C out-of-plane bending,delta(C7-C6-H13),angle,0.5812423953033412,-,-0.03153260030602905,0.2924642536055127
21,960.2758519314184,,,mixed ring-site C-H out-of-plane bending / C-C out-of-plane bending,nu(C2-C3),bond,0.5157582016210496,-,-0.03102254284537731,0.2681182875154984
21,960.2758519314184,,,mixed ring-site C-H out-of-plane bending / C-C out-of-plane bending,nu(O5-C6),bond,0.5067811124808755,+,0.027601367280480293,0.3328084223390359
21,960.2758519314184,,,mixed ring-site C-H out-of-plane bending / C-C out-of-plane bending,delta(C3-C6-H13),angle,0.5058385360953754,-,-0.03334270443099037,0.22763830690822295
21,960.2758519314184,,,mixed ring-site C-H out-of-plane bending / C-C out-of-plane bending,delta(O1-C2-H10),angle,0.2159466142424079,+,0.01914098038291472,0.29488529963383303
21,960.2758519314184,,,mixed ring-site C-H out-of-plane bending / C-C out-of-plane bending,delta(O1-C2-C3),angle,0.1660869382498513,-,-0.015296003769582449,0.3551522703295664
21,960.2758519314184,,,mixed ring-site C-H out-of-plane bending / C-C out-of-plane bending,tau(C8-C3-C6-O5),dihedral,0.11009183731681077,+,0.007736675256638606,0.920198379056731
21,960.2758519314184,,,mixed ring-site C-H out-of-plane bending / C-C out-of-plane bending,nu(O1-C2),bond,0.0838676852757675,-,-0.007043120305315769,0.8458620164669524
21,960.2758519314184,,,mixed ring-site C-H out-of-plane bending / C-C out-of-plane bending,tau(C2-C3-C8-C7),dihedral,0.0777781370882307,-,-0.006080537911031257,1.0524673110790386
21,960.2758519314184,,,mixed ring-site C-H out-of-plane bending / C-C out-of-plane bending,tau(C6-C7-C8-O9),dihedral,0.041469415040196474,-,-0.019869054272680296,0.05255434131898353
21,960.2758519314184,,,mixed ring-site C-H out-of-plane bending / C-C out-of-plane bending,nu(C7-C8),bond,0.039450345888914,-,-0.00822365808647955,0.2918473837876942
21,960.2758519314184,,,mixed ring-site C-H out-of-plane bending / C-C out-of-plane bending,delta(C2-C3-C8),angle,0.03873264054457589,-,-0.007352512588488211,0.3584599434968781
21,960.2758519314184,,,mixed ring-site C-H out-of-plane bending / C-C out-of-plane bending,nu(C8-O9),bond,0.03527134846549531,-,-0.00445696905031324,0.8883373187075376
21,960.2758519314184,,,mixed ring-site C-H out-of-plane bending / C-C out-of-plane bending,delta(H14-C7-H15),angle,0.02137914440566681,+,0.005945138842417878,0.3026226275032689
21,960.2758519314184,,,mixed ring-site C-H out-of-plane bending / C-C out-of-plane bending,nu(C4-O5),bond,0.020732219046634855,+,0.005683985662612506,0.3210516610795147
21,960.2758519314184,,,mixed ring-site C-H out-of-plane bending / C-C out-of-plane bending,nu(C7-H14),bond,0.01200607843424926,-,-0.004252919581871727,0.33209467719496233
21,960.2758519314184,,,mixed ring-site C-H out-of-plane bending / C-C out-of-plane bending,nu(C6-H13),bond,0.010158291871885928,-,-0.003825371906781939,0.3473029232767053
21,960.2758519314184,,,mixed ring-site C-H out-of-plane bending / C-C out-of-plane bending,delta(C7-C8-O9),angle,0.005035511857503241,-,-0.002657901938814738,0.3566159759628039
21,960.2758519314184,,,mixed ring-site C-H out-of-plane bending / C-C out-of-plane bending,nu(C4-H11),bond,0.0030066082498790116,-,-0.002137751691124215,0.3291526891067391
21,960.2758519314184,,,mixed ring-site C-H out-of-plane bending / C-C out-of-plane bending,nu(C7-H15),bond,0.0006020504250085512,-,-0.000939263086290311,0.3414235221230458
21,960.2758519314184,,,mixed ring-site C-H out-of-plane bending / C-C out-of-plane bending,delta(C6-C7-H14),angle,0.0005510987357237071,-,-0.0011221199544905543,0.2189706582567389
21,960.2758519314184,,,mixed ring-site C-H out-of-plane bending / C-C out-of-plane bending,nu(C4-H12),bond,0.00011245060448589847,+,0.000410564902824366,0.3337591898696782
21,960.2758519314184,,,mixed ring-site C-H out-of-plane bending / C-C out-of-plane bending,nu(C2-H10),bond,1.2455021620107717e-06,+,4.5522679925791656e-05,0.300693419275662
22,985.4878863487195,,,mixed mixed-phase cyclic C-O stretching / mixed-phase cyclic C-C stretching,nu(C4-O5),bond,43.03240229282808,+,0.25427142603995406,0.3210516610795147
22,985.4878863487195,,,mixed mixed-phase cyclic C-O stretching / mixed-phase cyclic C-C stretching,nu(O5-C6),bond,14.425418719513232,-,-0.14459533557466037,0.3328084223390359
22,985.4878863487195,,,mixed mixed-phase cyclic C-O stretching / mixed-phase cyclic C-C stretching,nu(C7-C8),bond,12.48505554564751,-,-0.1436496462506442,0.2918473837876942
22,985.4878863487195,,,mixed mixed-phase cyclic C-O stretching / mixed-phase cyclic C-C stretching,delta(C7-C8-O9),angle,7.537874475332679,+,0.10097439893230523,0.3566159759628039
22,985.4878863487195,,,mixed mixed-phase cyclic C-O stretching / mixed-phase cyclic C-C stretching,nu(C3-C8),bond,3.9144828447915545,+,0.08670776280994953,0.2511498248433533
22,985.4878863487195,,,mixed mixed-phase cyclic C-O stretching / mixed-phase cyclic C-C stretching,"gamma(C3;C2,O1,H10)",oop,2.7157087499761956,+,0.11707663651196008,0.09556902705630667
22,985.4878863487195,,,mixed mixed-phase cyclic C-O stretching / mixed-phase cyclic C-C stretching,delta(O5-C4-H11),angle,2.4740988511400213,-,-0.07011738048876888,0.24273931892739395
22,985.4878863487195,,,mixed mixed-phase cyclic C-O stretching / mixed-phase cyclic C-C stretching,delta(C3-C6-H13),angle,2.4193759764569336,+,0.07160052920621963,0.22763830690822295
22,985.4878863487195,,,mixed mixed-phase cyclic C-O stretching / mixed-phase cyclic C-C stretching,tau(C2-C3-C8-C7),dihedral,2.250362004650605,-,-0.032115087456382904,1.0524673110790386
22,985.4878863487195,,,mixed mixed-phase cyclic C-O stretching / mixed-phase cyclic C-C stretching,delta(C7-C6-H13),angle,2.110442514921672,-,-0.0589980409800267,0.2924642536055127
22,985.4878863487195,,,mixed mixed-phase cyclic C-O stretching / mixed-phase cyclic C-C stretching,nu(C3-C6),bond,1.1941743438901327,+,0.03956416516071828,0.3679918254755168
22,985.4878863487195,,,mixed mixed-phase cyclic C-O stretching / mixed-phase cyclic C-C stretching,nu(C6-C7),bond,1.1513461791991582,+,0.043344846475041915,0.2956006830977458
22,985.4878863487195,,,mixed mixed-phase cyclic C-O stretching / mixed-phase cyclic C-C stretching,delta(C2-C3-C6),angle,0.7557618723149199,-,-0.015084458234699854,1.6021382601743324
22,985.4878863487195,,,mixed mixed-phase cyclic C-O stretching / mixed-phase cyclic C-C stretching,nu(C3-C4),bond,0.5630202906728448,-,-0.03124256753616574,0.2782307070559814
22,985.4878863487195,,,mixed mixed-phase cyclic C-O stretching / mixed-phase cyclic C-C stretching,nu(C2-C3),bond,0.5065442111013351,+,0.030187884763646568,0.2681182875154984
22,985.4878863487195,,,mixed mixed-phase cyclic C-O stretching / mixed-phase cyclic C-C stretching,tau(C4-C3-C6-C7),dihedral,0.4763507644271066,+,0.015147419678280134,1.0014378396289534
22,985.4878863487195,,,mixed mixed-phase cyclic C-O stretching / mixed-phase cyclic C-C stretching,tau(H12-C4-O5-C6),dihedral,0.3839974803185365,+,0.0317602554771544,0.18362628484581178
22,985.4878863487195,,,mixed mixed-phase cyclic C-O stretching / mixed-phase cyclic C-C stretching,tau(C8-C3-C6-O5),dihedral,0.3459159222463614,+,0.013465787852608928,0.920198379056731
22,985.4878863487195,,,mixed mixed-phase cyclic C-O stretching / mixed-phase cyclic C-C stretching,delta(C6-C7-H15),angle,0.30385081997079755,+,0.022053885939526237,0.30134543148372883
22,985.4878863487195,,,mixed mixed-phase cyclic C-O stretching / mixed-phase cyclic C-C stretching,tau(H10-C2-C3-C6),dihedral,0.17880378351248977,+,0.11184636181464541,0.006894573854801099
22,985.4878863487195,,,mixed mixed-phase cyclic C-O stretching / mixed-phase cyclic C-C stretching,tau(H11-C4-O5-C6),dihedral,0.13181067368855268,+,0.018371829568498563,0.18837367530368862
22,985.4878863487195,,,mixed mixed-phase cyclic C-O stretching / mixed-phase cyclic C-C stretching,delta(H14-C7-H15),angle,0.13088587194017798,-,-0.014443848020675384,0.3026226275032689
22,985.4878863487195,,,mixed mixed-phase cyclic C-O stretching / mixed-phase cyclic C-C stretching,delta(O1-C2-H10),angle,0.09447162712643034,-,-0.012431151517325833,0.29488529963383303
22,985.4878863487195,,,mixed mixed-phase cyclic C-O stretching / mixed-phase cyclic C-C stretching,tau(C8-C3-C4-O5),dihedral,0.08165093960079751,-,-0.007576517988692915,0.6861140562423255
22,985.4878863487195,,,mixed mixed-phase cyclic C-O stretching / mixed-phase cyclic C-C stretching,delta(C8-C7-H14),angle,0.07716515517463006,+,0.013589517406431129,0.2015522323599835
22,985.4878863487195,,,mixed mixed-phase cyclic C-O stretching / mixed-phase cyclic C-C stretching,delta(O5-C4-H12),angle,0.05335820903563847,+,0.010464110283272805,0.23505585592422437
22,985.4878863487195,,,mixed mixed-phase cyclic C-O stretching / mixed-phase cyclic C-C stretching,nu(C8-O9),bond,0.051716974656024116,+,0.0052992550936512344,0.8883373187075376
22,985.4878863487195,,,mixed mixed-phase cyclic C-O stretching / mixed-phase cyclic C-C stretching,nu(C4-H11),bond,0.0420449602624656,-,-0.00784956324683005,0.3291526891067391
22,985.4878863487195,,,mixed mixed-phase cyclic C-O stretching / mixed-phase cyclic C-C stretching,nu(O1-C2),bond,0.024174097985590136,+,0.0037128944307957736,0.8458620164669524
22,985.4878863487195,,,mixed mixed-phase cyclic C-O stretching / mixed-phase cyclic C-C stretching,nu(C6-H13),bond,0.022555396610545075,+,0.005597037778590802,0.3473029232767053
22,985.4878863487195,,,mixed mixed-phase cyclic C-O stretching / mixed-phase cyclic C-C stretching,delta(C6-C7-H14),angle,0.02253393280944346,+,0.007045515249225985,0.2189706582567389
22,985.4878863487195,,,mixed mixed-phase cyclic C-O stretching / mixed-phase cyclic C-C stretching,delta(C2-C3-C8),angle,0.01508551782501353,-,-0.004505541754856422,0.3584599434968781
22,985.4878863487195,,,mixed mixed-phase cyclic C-O stretching / mixed-phase cyclic C-C stretching,nu(C4-H12),bond,0.012083276224917562,-,-0.004178909434357479,0.3337591898696782
22,985.4878863487195,,,mixed mixed-phase cyclic C-O stretching / mixed-phase cyclic C-C stretching,delta(C4-O5-C6),angle,0.006339531827185228,+,0.0015432782303259297,1.2839354019760134
22,985.4878863487195,,,mixed mixed-phase cyclic C-O stretching / mixed-phase cyclic C-C stretching,delta(O1-C2-C3),angle,0.004901559505990468,+,0.002580162540595064,0.3551522703295664
22,985.4878863487195,,,mixed mixed-phase cyclic C-O stretching / mixed-phase cyclic C-C stretching,nu(C7-H15),bond,0.0026757607748704756,+,0.0019443038943027216,0.3414235221230458
22,985.4878863487195,,,mixed mixed-phase cyclic C-O stretching / mixed-phase cyclic C-C stretching,nu(C2-H10),bond,0.0015141340870001786,+,0.0015585022377489588,0.300693419275662
22,985.4878863487195,,,mixed mixed-phase cyclic C-O stretching / mixed-phase cyclic C-C stretching,nu(C7-H14),bond,4.473676127398662e-05,-,-0.00025491097630016903,0.33209467719496233
22,985.4878863487195,,,mixed mixed-phase cyclic C-O stretching / mixed-phase cyclic C-C stretching,tau(C6-C7-C8-O9),dihedral,1.1912759002192508e-09,-,-3.3066566588730184e-06,0.05255434131898353
23,1001.811272700503,,,mixed in-phase cyclic C-O stretching / cyclic-ring torsional/out-of-plane deformation / opposite-phase cyclic C-C stretching,nu(O5-C6),bond,27.58567031768694,-,-0.1971697494443455,0.3328084223390359
23,1001.811272700503,,,mixed in-phase cyclic C-O stretching / cyclic-ring torsional/out-of-plane deformation / opposite-phase cyclic C-C stretching,nu(C4-O5),bond,16.9054986532157,-,-0.15715282779495374,0.3210516610795147
23,1001.811272700503,,,mixed in-phase cyclic C-O stretching / cyclic-ring torsional/out-of-plane deformation / opposite-phase cyclic C-C stretching,nu(C6-C7),bond,9.20298446655354,+,0.12083904818676537,0.2956006830977458
23,1001.811272700503,,,mixed in-phase cyclic C-O stretching / cyclic-ring torsional/out-of-plane deformation / opposite-phase cyclic C-C stretching,tau(C4-C3-C6-C7),dihedral,7.882383826171856,+,0.06075925759119833,1.0014378396289534
23,1001.811272700503,,,mixed in-phase cyclic C-O stretching / cyclic-ring torsional/out-of-plane deformation / opposite-phase cyclic C-C stretching,tau(C2-C3-C8-C7),dihedral,7.321957076167859,-,-0.057122203139599315,1.0524673110790386
23,1001.811272700503,,,mixed in-phase cyclic C-O stretching / cyclic-ring torsional/out-of-plane deformation / opposite-phase cyclic C-C stretching,nu(C3-C4),bond,7.001081852562049,-,-0.10863648764390135,0.2782307070559814
23,1001.811272700503,,,mixed in-phase cyclic C-O stretching / cyclic-ring torsional/out-of-plane deformation / opposite-phase cyclic C-C stretching,delta(C8-C7-H14),angle,5.421381273122571,+,0.11231993339809025,0.2015522323599835
23,1001.811272700503,,,mixed in-phase cyclic C-O stretching / cyclic-ring torsional/out-of-plane deformation / opposite-phase cyclic C-C stretching,tau(H11-C4-O5-C6),dihedral,4.12029084262956,-,-0.10128601833366481,0.18837367530368862
23,1001.811272700503,,,mixed in-phase cyclic C-O stretching / cyclic-ring torsional/out-of-plane deformation / opposite-phase cyclic C-C stretching,tau(C8-C3-C4-O5),dihedral,3.918184730483562,-,-0.05175352833986234,0.6861140562423255
23,1001.811272700503,,,mixed in-phase cyclic C-O stretching / cyclic-ring torsional/out-of-plane deformation / opposite-phase cyclic C-C stretching,tau(H12-C4-O5-C6),dihedral,1.7885457408090004,-,-0.06758934999675423,0.18362628484581178
23,1001.811272700503,,,mixed in-phase cyclic C-O stretching / cyclic-ring torsional/out-of-plane deformation / opposite-phase cyclic C-C stretching,tau(C8-C3-C6-O5),dihedral,1.0207042479346138,+,0.022808929199044294,0.920198379056731
23,1001.811272700503,,,mixed in-phase cyclic C-O stretching / cyclic-ring torsional/out-of-plane deformation / opposite-phase cyclic C-C stretching,nu(C3-C8),bond,0.9853523847505146,+,0.04289681166706095,0.2511498248433533
23,1001.811272700503,,,mixed in-phase cyclic C-O stretching / cyclic-ring torsional/out-of-plane deformation / opposite-phase cyclic C-C stretching,nu(C7-C8),bond,0.8315519446426984,-,-0.03655631891916759,0.2918473837876942
23,1001.811272700503,,,mixed in-phase cyclic C-O stretching / cyclic-ring torsional/out-of-plane deformation / opposite-phase cyclic C-C stretching,delta(O5-C4-H12),angle,0.6765129290809625,-,-0.03674076382470165,0.23505585592422437
23,1001.811272700503,,,mixed in-phase cyclic C-O stretching / cyclic-ring torsional/out-of-plane deformation / opposite-phase cyclic C-C stretching,delta(C6-C7-H14),angle,0.664083772018346,+,0.037715002413557255,0.2189706582567389
23,1001.811272700503,,,mixed in-phase cyclic C-O stretching / cyclic-ring torsional/out-of-plane deformation / opposite-phase cyclic C-C stretching,delta(C3-C6-H13),angle,0.6323975541304538,-,-0.03609674864848164,0.22763830690822295
23,1001.811272700503,,,mixed in-phase cyclic C-O stretching / cyclic-ring torsional/out-of-plane deformation / opposite-phase cyclic C-C stretching,"gamma(C3;C2,O1,H10)",oop,0.5887661195159738,-,-0.053753715813404095,0.09556902705630667
23,1001.811272700503,,,mixed in-phase cyclic C-O stretching / cyclic-ring torsional/out-of-plane deformation / opposite-phase cyclic C-C stretching,delta(C6-C7-H15),angle,0.5822468365574169,+,0.03010349576322609,0.30134543148372883
23,1001.811272700503,,,mixed in-phase cyclic C-O stretching / cyclic-ring torsional/out-of-plane deformation / opposite-phase cyclic C-C stretching,delta(C2-C3-C8),angle,0.5451394280532513,+,0.02670724860433508,0.3584599434968781
23,1001.811272700503,,,mixed in-phase cyclic C-O stretching / cyclic-ring torsional/out-of-plane deformation / opposite-phase cyclic C-C stretching,delta(O1-C2-C3),angle,0.5349554644309292,+,0.02657952309888427,0.3551522703295664
23,1001.811272700503,,,mixed in-phase cyclic C-O stretching / cyclic-ring torsional/out-of-plane deformation / opposite-phase cyclic C-C stretching,delta(C7-C8-O9),angle,0.48328355097663445,+,0.025211360198444967,0.3566159759628039
23,1001.811272700503,,,mixed in-phase cyclic C-O stretching / cyclic-ring torsional/out-of-plane deformation / opposite-phase cyclic C-C stretching,delta(C7-C6-H13),angle,0.447149879576191,+,0.026778474391209887,0.2924642536055127
23,1001.811272700503,,,mixed in-phase cyclic C-O stretching / cyclic-ring torsional/out-of-plane deformation / opposite-phase cyclic C-C stretching,delta(C2-C3-C6),angle,0.18451682244576587,-,-0.007349599191508872,1.6021382601743324
23,1001.811272700503,,,mixed in-phase cyclic C-O stretching / cyclic-ring torsional/out-of-plane deformation / opposite-phase cyclic C-C stretching,delta(O1-C2-H10),angle,0.17373547409515552,-,-0.016623151322045695,0.29488529963383303
23,1001.811272700503,,,mixed in-phase cyclic C-O stretching / cyclic-ring torsional/out-of-plane deformation / opposite-phase cyclic C-C stretching,tau(C6-C7-C8-O9),dihedral,0.1263226921498086,-,-0.03357623962369038,0.05255434131898353
23,1001.811272700503,,,mixed in-phase cyclic C-O stretching / cyclic-ring torsional/out-of-plane deformation / opposite-phase cyclic C-C stretching,delta(C4-O5-C6),angle,0.10202842689190013,+,0.006104986056298514,1.2839354019760134
23,1001.811272700503,,,mixed in-phase cyclic C-O stretching / cyclic-ring torsional/out-of-plane deformation / opposite-phase cyclic C-C stretching,nu(C2-C3),bond,0.09291459061882539,-,-0.012748949722175483,0.2681182875154984
23,1001.811272700503,,,mixed in-phase cyclic C-O stretching / cyclic-ring torsional/out-of-plane deformation / opposite-phase cyclic C-C stretching,delta(O5-C4-H11),angle,0.09128667829372146,+,0.01328095501430857,0.24273931892739395
23,1001.811272700503,,,mixed in-phase cyclic C-O stretching / cyclic-ring torsional/out-of-plane deformation / opposite-phase cyclic C-C stretching,nu(C3-C6),bond,0.03573745283245698,+,0.006748983709392528,0.3679918254755168
23,1001.811272700503,,,mixed in-phase cyclic C-O stretching / cyclic-ring torsional/out-of-plane deformation / opposite-phase cyclic C-C stretching,nu(O1-C2),bond,0.01578344750074748,+,0.002958331523495289,0.8458620164669524
23,1001.811272700503,,,mixed in-phase cyclic C-O stretching / cyclic-ring torsional/out-of-plane deformation / opposite-phase cyclic C-C stretching,nu(C7-H15),bond,0.015232867577403289,+,0.004574459450401258,0.3414235221230458
23,1001.811272700503,,,mixed in-phase cyclic C-O stretching / cyclic-ring torsional/out-of-plane deformation / opposite-phase cyclic C-C stretching,nu(C7-H14),bond,0.014599666379034688,-,-0.004540839759145225,0.33209467719496233
23,1001.811272700503,,,mixed in-phase cyclic C-O stretching / cyclic-ring torsional/out-of-plane deformation / opposite-phase cyclic C-C stretching,nu(C8-O9),bond,0.003983662737320648,+,0.0014502671040109239,0.8883373187075376
23,1001.811272700503,,,mixed in-phase cyclic C-O stretching / cyclic-ring torsional/out-of-plane deformation / opposite-phase cyclic C-C stretching,nu(C6-H13),bond,0.0025982307467744045,+,0.0018731834302566494,0.3473029232767053
23,1001.811272700503,,,mixed in-phase cyclic C-O stretching / cyclic-ring torsional/out-of-plane deformation / opposite-phase cyclic C-C stretching,delta(H14-C7-H15),angle,0.0007729707486946174,-,-0.001094527049167722,0.3026226275032689
23,1001.811272700503,,,mixed in-phase cyclic C-O stretching / cyclic-ring torsional/out-of-plane deformation / opposite-phase cyclic C-C stretching,nu(C4-H11),bond,0.00017461676052286904,+,0.0004988154857228939,0.3291526891067391
23,1001.811272700503,,,mixed in-phase cyclic C-O stretching / cyclic-ring torsional/out-of-plane deformation / opposite-phase cyclic C-C stretching,nu(C4-H12),bond,8.598431472044616e-05,-,-0.00034760712430928487,0.3337591898696782
23,1001.811272700503,,,mixed in-phase cyclic C-O stretching / cyclic-ring torsional/out-of-plane deformation / opposite-phase cyclic C-C stretching,tau(H10-C2-C3-C6),dihedral,7.528654546725888e-05,-,-0.0022630838160658997,0.006894573854801099
23,1001.811272700503,,,mixed in-phase cyclic C-O stretching / cyclic-ring torsional/out-of-plane deformation / opposite-phase cyclic C-C stretching,nu(C2-H10),bond,2.8238291036233487e-05,-,-0.0002098712316102681,0.300693419275662
24,1030.9682514458782,,,mixed mixed-phase cyclic C-C stretching / ring-site C-H in-plane bending / opposite-phase cyclic C-O stretching,nu(C7-C8),bond,25.360817586089404,-,-0.2286185082630205,0.2918473837876942
24,1030.9682514458782,,,mixed mixed-phase cyclic C-C stretching / ring-site C-H in-plane bending / opposite-phase cyclic C-O stretching,delta(C7-C8-O9),angle,14.055981076885441,+,0.1539706162867884,0.3566159759628039
24,1030.9682514458782,,,mixed mixed-phase cyclic C-C stretching / ring-site C-H in-plane bending / opposite-phase cyclic C-O stretching,delta(C3-C6-H13),angle,11.797630590234894,+,0.17655596178388214,0.22763830690822295
24,1030.9682514458782,,,mixed mixed-phase cyclic C-C stretching / ring-site C-H in-plane bending / opposite-phase cyclic C-O stretching,nu(O5-C6),bond,9.826596648215345,+,0.1332637636636213,0.3328084223390359
24,1030.9682514458782,,,mixed mixed-phase cyclic C-C stretching / ring-site C-H in-plane bending / opposite-phase cyclic C-O stretching,nu(C4-O5),bond,6.245209573353745,-,-0.10816673269566769,0.3210516610795147
24,1030.9682514458782,,,mixed mixed-phase cyclic C-C stretching / ring-site C-H in-plane bending / opposite-phase cyclic C-O stretching,nu(C3-C8),bond,6.234922798709678,+,0.12219593650405176,0.2511498248433533
24,1030.9682514458782,,,mixed mixed-phase cyclic C-C stretching / ring-site C-H in-plane bending / opposite-phase cyclic C-O stretching,tau(C8-C3-C4-O5),dihedral,5.958554334758063,-,-0.07227364486621483,0.6861140562423255
24,1030.9682514458782,,,mixed mixed-phase cyclic C-C stretching / ring-site C-H in-plane bending / opposite-phase cyclic C-O stretching,nu(C6-C7),bond,4.706178657762855,-,-0.09785638140391296,0.2956006830977458
24,1030.9682514458782,,,mixed mixed-phase cyclic C-C stretching / ring-site C-H in-plane bending / opposite-phase cyclic C-O stretching,delta(C7-C6-H13),angle,4.0331409485015595,-,-0.09107369724216159,0.2924642536055127
24,1030.9682514458782,,,mixed mixed-phase cyclic C-C stretching / ring-site C-H in-plane bending / opposite-phase cyclic C-O stretching,delta(C6-C7-H15),angle,2.2920152071933986,-,-0.06763696399180781,0.30134543148372883
24,1030.9682514458782,,,mixed mixed-phase cyclic C-C stretching / ring-site C-H in-plane bending / opposite-phase cyclic C-O stretching,"gamma(C3;C2,O1,H10)",oop,2.1875166108228647,-,-0.11733423905839903,0.09556902705630667
24,1030.9682514458782,,,mixed mixed-phase cyclic C-C stretching / ring-site C-H in-plane bending / opposite-phase cyclic C-O stretching,tau(C2-C3-C8-C7),dihedral,1.4055368921600149,-,-0.02834160758326677,1.0524673110790386
24,1030.9682514458782,,,mixed mixed-phase cyclic C-C stretching / ring-site C-H in-plane bending / opposite-phase cyclic C-O stretching,delta(C2-C3-C8),angle,1.2998966559599443,+,0.04670267548971926,0.3584599434968781
24,1030.9682514458782,,,mixed mixed-phase cyclic C-C stretching / ring-site C-H in-plane bending / opposite-phase cyclic C-O stretching,delta(C4-O5-C6),angle,1.0499756200937906,-,-0.022178168788917468,1.2839354019760134
24,1030.9682514458782,,,mixed mixed-phase cyclic C-C stretching / ring-site C-H in-plane bending / opposite-phase cyclic C-O stretching,delta(C2-C3-C6),angle,0.705789577074511,-,-0.01627778425710107,1.6021382601743324
24,1030.9682514458782,,,mixed mixed-phase cyclic C-C stretching / ring-site C-H in-plane bending / opposite-phase cyclic C-O stretching,nu(C8-O9),bond,0.5637473857968016,-,-0.019537139646266983,0.8883373187075376
24,1030.9682514458782,,,mixed mixed-phase cyclic C-C stretching / ring-site C-H in-plane bending / opposite-phase cyclic C-O stretching,tau(H11-C4-O5-C6),dihedral,0.5509291905535103,-,-0.04194164403478224,0.18837367530368862
24,1030.9682514458782,,,mixed mixed-phase cyclic C-C stretching / ring-site C-H in-plane bending / opposite-phase cyclic C-O stretching,delta(O5-C4-H11),angle,0.31312966355534316,+,0.02785477821712275,0.24273931892739395
24,1030.9682514458782,,,mixed mixed-phase cyclic C-C stretching / ring-site C-H in-plane bending / opposite-phase cyclic C-O stretching,tau(C4-C3-C6-C7),dihedral,0.20952030601618196,-,-0.011217826661056203,1.0014378396289534
24,1030.9682514458782,,,mixed mixed-phase cyclic C-C stretching / ring-site C-H in-plane bending / opposite-phase cyclic C-O stretching,nu(C3-C6),bond,0.2008728981427413,-,-0.018119626895777563,0.3679918254755168
24,1030.9682514458782,,,mixed mixed-phase cyclic C-C stretching / ring-site C-H in-plane bending / opposite-phase cyclic C-O stretching,tau(H12-C4-O5-C6),dihedral,0.19336341225896325,-,-0.025166764817229226,0.18362628484581178
24,1030.9682514458782,,,mixed mixed-phase cyclic C-C stretching / ring-site C-H in-plane bending / opposite-phase cyclic C-O stretching,tau(H10-C2-C3-C6),dihedral,0.16055726780110527,-,-0.1183501831309943,0.006894573854801099
24,1030.9682514458782,,,mixed mixed-phase cyclic C-C stretching / ring-site C-H in-plane bending / opposite-phase cyclic C-O stretching,tau(C8-C3-C6-O5),dihedral,0.15221056751496762,-,-0.009974458653459669,0.920198379056731
24,1030.9682514458782,,,mixed mixed-phase cyclic C-C stretching / ring-site C-H in-plane bending / opposite-phase cyclic C-O stretching,nu(C2-C3),bond,0.1410728159661587,-,-0.017789597131522696,0.2681182875154984
24,1030.9682514458782,,,mixed mixed-phase cyclic C-C stretching / ring-site C-H in-plane bending / opposite-phase cyclic C-O stretching,nu(O1-C2),bond,0.07709580976338952,+,0.007404117279414281,0.8458620164669524
24,1030.9682514458782,,,mixed mixed-phase cyclic C-C stretching / ring-site C-H in-plane bending / opposite-phase cyclic C-O stretching,delta(O5-C4-H12),angle,0.07108123514115715,-,-0.01348651094007351,0.23505585592422437
24,1030.9682514458782,,,mixed mixed-phase cyclic C-C stretching / ring-site C-H in-plane bending / opposite-phase cyclic C-O stretching,delta(O1-C2-C3),angle,0.0543259444368224,+,0.009591886003754688,0.3551522703295664
24,1030.9682514458782,,,mixed mixed-phase cyclic C-C stretching / ring-site C-H in-plane bending / opposite-phase cyclic C-O stretching,delta(O1-C2-H10),angle,0.05272881187784748,-,-0.010370628928766595,0.29488529963383303
24,1030.9682514458782,,,mixed mixed-phase cyclic C-C stretching / ring-site C-H in-plane bending / opposite-phase cyclic C-O stretching,tau(C6-C7-C8-O9),dihedral,0.04464386663580356,-,-0.022603946262678903,0.05255434131898353
24,1030.9682514458782,,,mixed mixed-phase cyclic C-C stretching / ring-site C-H in-plane bending / opposite-phase cyclic C-O stretching,nu(C6-H13),bond,0.020225233816481235,-,-0.005918344207373464,0.3473029232767053
24,1030.9682514458782,,,mixed mixed-phase cyclic C-C stretching / ring-site C-H in-plane bending / opposite-phase cyclic C-O stretching,nu(C4-H11),bond,0.011023377628342282,+,0.004488139039967004,0.3291526891067391
24,1030.9682514458782,,,mixed mixed-phase cyclic C-C stretching / ring-site C-H in-plane bending / opposite-phase cyclic C-O stretching,delta(H14-C7-H15),angle,0.01085874278688059,-,-0.004645652681495469,0.3026226275032689
24,1030.9682514458782,,,mixed mixed-phase cyclic C-C stretching / ring-site C-H in-plane bending / opposite-phase cyclic C-O stretching,nu(C7-H15),bond,0.005711935915802267,-,-0.0031721419098535357,0.3414235221230458
24,1030.9682514458782,,,mixed mixed-phase cyclic C-C stretching / ring-site C-H in-plane bending / opposite-phase cyclic C-O stretching,nu(C4-H12),bond,0.004746027243709625,+,0.0029245305398235234,0.3337591898696782
24,1030.9682514458782,,,mixed mixed-phase cyclic C-C stretching / ring-site C-H in-plane bending / opposite-phase cyclic C-O stretching,delta(C6-C7-H14),angle,0.0014087824971901219,-,-0.0019671463684281056,0.2189706582567389
24,1030.9682514458782,,,mixed mixed-phase cyclic C-C stretching / ring-site C-H in-plane bending / opposite-phase cyclic C-O stretching,nu(C3-C4),bond,0.00044996539973367355,-,-0.000986267435739395,0.2782307070559814
24,1030.9682514458782,,,mixed mixed-phase cyclic C-C stretching / ring-site C-H in-plane bending / opposite-phase cyclic C-O stretching,nu(C2-H10),bond,0.0004185093805034513,-,-0.000914951977939152,0.300693419275662
24,1030.9682514458782,,,mixed mixed-phase cyclic C-C stretching / ring-site C-H in-plane bending / opposite-phase cyclic C-O stretching,nu(C7-H14),bond,7.138043799247539e-05,+,0.00035955580980488326,0.33209467719496233
24,1030.9682514458782,,,mixed mixed-phase cyclic C-C stretching / ring-site C-H in-plane bending / opposite-phase cyclic C-O stretching,delta(C8-C7-H14),angle,4.409161705926935e-05,-,-0.0003627370116758946,0.2015522323599835
25,1083.5575039260038,,,mixed C-C-C bending / ring-site C-H in-plane bending / opposite-phase cyclic C-C stretching,delta(C2-C3-C6),angle,31.291969887113098,+,0.13007506530994334,1.6021382601743324
25,1083.5575039260038,,,mixed C-C-C bending / ring-site C-H in-plane bending / opposite-phase cyclic C-C stretching,delta(C6-C7-H15),angle,12.598211382079612,-,-0.19030479728528474,0.30134543148372883
25,1083.5575039260038,,,mixed C-C-C bending / ring-site C-H in-plane bending / opposite-phase cyclic C-C stretching,nu(C3-C6),bond,10.480916420346663,-,-0.15707538752895833,0.3679918254755168
25,1083.5575039260038,,,mixed C-C-C bending / ring-site C-H in-plane bending / opposite-phase cyclic C-C stretching,nu(C3-C4),bond,8.363692961308528,+,0.16137048621491465,0.2782307070559814
25,1083.5575039260038,,,mixed C-C-C bending / ring-site C-H in-plane bending / opposite-phase cyclic C-C stretching,tau(C2-C3-C8-C7),dihedral,4.7522277428853075,+,0.06254202105957851,1.0524673110790386
25,1083.5575039260038,,,mixed C-C-C bending / ring-site C-H in-plane bending / opposite-phase cyclic C-C stretching,tau(C8-C3-C4-O5),dihedral,4.688149426947324,+,0.07693609887497911,0.6861140562423255
25,1083.5575039260038,,,mixed C-C-C bending / ring-site C-H in-plane bending / opposite-phase cyclic C-C stretching,nu(O5-C6),bond,4.6135552621619444,-,-0.10958429198409363,0.3328084223390359
25,1083.5575039260038,,,mixed C-C-C bending / ring-site C-H in-plane bending / opposite-phase cyclic C-C stretching,delta(C6-C7-H14),angle,2.9102724031131264,+,0.10730042824798999,0.2189706582567389
25,1083.5575039260038,,,mixed C-C-C bending / ring-site C-H in-plane bending / opposite-phase cyclic C-C stretching,delta(O1-C2-C3),angle,2.5486373652643555,-,-0.07884502987126833,0.3551522703295664
25,1083.5575039260038,,,mixed C-C-C bending / ring-site C-H in-plane bending / opposite-phase cyclic C-C stretching,"gamma(C3;C2,O1,H10)",oop,2.373621060207598,-,-0.14668128559049448,0.09556902705630667
25,1083.5575039260038,,,mixed C-C-C bending / ring-site C-H in-plane bending / opposite-phase cyclic C-C stretching,delta(C8-C7-H14),angle,2.1368388235203497,+,0.09583401273264192,0.2015522323599835
25,1083.5575039260038,,,mixed C-C-C bending / ring-site C-H in-plane bending / opposite-phase cyclic C-C stretching,delta(C7-C6-H13),angle,1.6523106260531164,-,-0.06995794578710521,0.2924642536055127
25,1083.5575039260038,,,mixed C-C-C bending / ring-site C-H in-plane bending / opposite-phase cyclic C-C stretching,tau(H11-C4-O5-C6),dihedral,1.5502918781589088,+,0.08443533425785349,0.18837367530368862
25,1083.5575039260038,,,mixed C-C-C bending / ring-site C-H in-plane bending / opposite-phase cyclic C-C stretching,tau(C8-C3-C6-O5),dihedral,1.4808688023682899,+,0.03733749321479597,0.920198379056731
25,1083.5575039260038,,,mixed C-C-C bending / ring-site C-H in-plane bending / opposite-phase cyclic C-C stretching,delta(O5-C4-H11),angle,1.474748461547244,-,-0.07254650723001022,0.24273931892739395
25,1083.5575039260038,,,mixed C-C-C bending / ring-site C-H in-plane bending / opposite-phase cyclic C-C stretching,delta(O1-C2-H10),angle,1.4519795421321549,+,0.06531024062772033,0.29488529963383303
25,1083.5575039260038,,,mixed C-C-C bending / ring-site C-H in-plane bending / opposite-phase cyclic C-C stretching,delta(C2-C3-C8),angle,1.2065135798509528,+,0.05399746702633592,0.3584599434968781
25,1083.5575039260038,,,mixed C-C-C bending / ring-site C-H in-plane bending / opposite-phase cyclic C-C stretching,tau(H12-C4-O5-C6),dihedral,0.9974181772665068,+,0.0685960032483437,0.18362628484581178
25,1083.5575039260038,,,mixed C-C-C bending / ring-site C-H in-plane bending / opposite-phase cyclic C-C stretching,delta(O5-C4-H12),angle,0.7664435090644519,+,0.05314741357590674,0.23505585592422437
25,1083.5575039260038,,,mixed C-C-C bending / ring-site C-H in-plane bending / opposite-phase cyclic C-C stretching,tau(C4-C3-C6-C7),dihedral,0.6776924657830291,+,0.02421207032950546,1.0014378396289534
25,1083.5575039260038,,,mixed C-C-C bending / ring-site C-H in-plane bending / opposite-phase cyclic C-C stretching,nu(C4-O5),bond,0.4952418468551297,+,0.036555169612529505,0.3210516610795147
25,1083.5575039260038,,,mixed C-C-C bending / ring-site C-H in-plane bending / opposite-phase cyclic C-C stretching,nu(C2-C3),bond,0.4214993385081432,-,-0.03690309803631021,0.2681182875154984
25,1083.5575039260038,,,mixed C-C-C bending / ring-site C-H in-plane bending / opposite-phase cyclic C-C stretching,delta(H14-C7-H15),angle,0.330057584079768,+,0.030737727497534326,0.3026226275032689
25,1083.5575039260038,,,mixed C-C-C bending / ring-site C-H in-plane bending / opposite-phase cyclic C-C stretching,delta(C4-O5-C6),angle,0.3279365760260038,-,-0.01487479327419285,1.2839354019760134
25,1083.5575039260038,,,mixed C-C-C bending / ring-site C-H in-plane bending / opposite-phase cyclic C-C stretching,tau(C6-C7-C8-O9),dihedral,0.0771617324879825,-,-0.035663526338024554,0.05255434131898353
25,1083.5575039260038,,,mixed C-C-C bending / ring-site C-H in-plane bending / opposite-phase cyclic C-C stretching,nu(C7-C8),bond,0.0743510209365293,-,-0.01485570143839692,0.2918473837876942
25,1083.5575039260038,,,mixed C-C-C bending / ring-site C-H in-plane bending / opposite-phase cyclic C-C stretching,nu(C8-O9),bond,0.06202893422957627,-,-0.0077774244813970436,0.8883373187075376
25,1083.5575039260038,,,mixed C-C-C bending / ring-site C-H in-plane bending / opposite-phase cyclic C-C stretching,nu(O1-C2),bond,0.04942925774175268,-,-0.007114917677288617,0.8458620164669524
25,1083.5575039260038,,,mixed C-C-C bending / ring-site C-H in-plane bending / opposite-phase cyclic C-C stretching,nu(C3-C8),bond,0.04094511480935938,+,0.01188398796994108,0.2511498248433533
25,1083.5575039260038,,,mixed C-C-C bending / ring-site C-H in-plane bending / opposite-phase cyclic C-C stretching,delta(C7-C8-O9),angle,0.026816737982467254,-,-0.008071052521943206,0.3566159759628039
25,1083.5575039260038,,,mixed C-C-C bending / ring-site C-H in-plane bending / opposite-phase cyclic C-C stretching,nu(C6-H13),bond,0.02447556560992849,-,-0.007813394377548317,0.3473029232767053
25,1083.5575039260038,,,mixed C-C-C bending / ring-site C-H in-plane bending / opposite-phase cyclic C-C stretching,delta(C3-C6-H13),angle,0.015618233186989891,-,-0.0077094052396197545,0.22763830690822295
25,1083.5575039260038,,,mixed C-C-C bending / ring-site C-H in-plane bending / opposite-phase cyclic C-C stretching,nu(C6-C7),bond,0.011791421990966541,+,0.005878384251350897,0.2956006830977458
25,1083.5575039260038,,,mixed C-C-C bending / ring-site C-H in-plane bending / opposite-phase cyclic C-C stretching,tau(H10-C2-C3-C6),dihedral,0.01077806521895079,-,-0.03679970068058525,0.006894573854801099
25,1083.5575039260038,,,mixed C-C-C bending / ring-site C-H in-plane bending / opposite-phase cyclic C-C stretching,nu(C7-H14),bond,0.010054605445163345,-,-0.0051212874855953395,0.33209467719496233
25,1083.5575039260038,,,mixed C-C-C bending / ring-site C-H in-plane bending / opposite-phase cyclic C-C stretching,nu(C4-H11),bond,0.004826153542349522,-,-0.003563932420233558,0.3291526891067391
25,1083.5575039260038,,,mixed C-C-C bending / ring-site C-H in-plane bending / opposite-phase cyclic C-C stretching,nu(C2-H10),bond,0.0003127154905910052,-,-0.0009491619771856154,0.300693419275662
25,1083.5575039260038,,,mixed C-C-C bending / ring-site C-H in-plane bending / opposite-phase cyclic C-C stretching,nu(C4-H12),bond,0.00030242331784347736,-,-0.000885969185694307,0.3337591898696782
25,1083.5575039260038,,,mixed C-C-C bending / ring-site C-H in-plane bending / opposite-phase cyclic C-C stretching,nu(C7-H15),bond,1.2895367948895981e-05,-,-0.00018088299773889071,0.3414235221230458
26,1123.9525969143472,,,mixed ring-site C-H in-plane bending / cyclic-ring torsional/out-of-plane deformation,delta(C6-C7-H15),angle,17.98826625634597,-,-0.19012358173937197,0.30134543148372883
26,1123.9525969143472,,,mixed ring-site C-H in-plane bending / cyclic-ring torsional/out-of-plane deformation,delta(C6-C7-H14),angle,17.515393422582918,+,0.22008509224188355,0.2189706582567389
26,1123.9525969143472,,,mixed ring-site C-H in-plane bending / cyclic-ring torsional/out-of-plane deformation,delta(C8-C7-H14),angle,15.746220195157505,-,-0.21750437322522415,0.2015522323599835
26,1123.9525969143472,,,mixed ring-site C-H in-plane bending / cyclic-ring torsional/out-of-plane deformation,tau(C4-C3-C6-C7),dihedral,6.3398791359418505,+,0.061915891462080326,1.0014378396289534
26,1123.9525969143472,,,mixed ring-site C-H in-plane bending / cyclic-ring torsional/out-of-plane deformation,nu(C3-C6),bond,4.709440619162101,+,0.08803172592432418,0.3679918254755168
26,1123.9525969143472,,,mixed ring-site C-H in-plane bending / cyclic-ring torsional/out-of-plane deformation,nu(O5-C6),bond,4.151795571724454,-,-0.08691494629053942,0.3328084223390359
26,1123.9525969143472,,,mixed ring-site C-H in-plane bending / cyclic-ring torsional/out-of-plane deformation,tau(C8-C3-C4-O5),dihedral,4.111593047526403,-,-0.06023938686237881,0.6861140562423255
26,1123.9525969143472,,,mixed ring-site C-H in-plane bending / cyclic-ring torsional/out-of-plane deformation,tau(H11-C4-O5-C6),dihedral,3.375563991026797,-,-0.10416857105530816,0.18837367530368862
26,1123.9525969143472,,,mixed ring-site C-H in-plane bending / cyclic-ring torsional/out-of-plane deformation,delta(O5-C4-H12),angle,3.212928395323026,-,-0.09097846926581261,0.23505585592422437
26,1123.9525969143472,,,mixed ring-site C-H in-plane bending / cyclic-ring torsional/out-of-plane deformation,delta(C2-C3-C6),angle,2.7328253785725924,-,-0.03213879465680501,1.6021382601743324
26,1123.9525969143472,,,mixed ring-site C-H in-plane bending / cyclic-ring torsional/out-of-plane deformation,tau(H12-C4-O5-C6),dihedral,2.7242606847863646,-,-0.09478302111909606,0.18362628484581178
26,1123.9525969143472,,,mixed ring-site C-H in-plane bending / cyclic-ring torsional/out-of-plane deformation,tau(C8-C3-C6-O5),dihedral,2.3342726955276856,-,-0.03919301761604655,0.920198379056731
26,1123.9525969143472,,,mixed ring-site C-H in-plane bending / cyclic-ring torsional/out-of-plane deformation,delta(O1-C2-C3),angle,2.3051096610020467,+,0.0626920018120831,0.3551522703295664
26,1123.9525969143472,,,mixed ring-site C-H in-plane bending / cyclic-ring torsional/out-of-plane deformation,delta(C3-C6-H13),angle,1.6881861679941212,+,0.06701332008989004,0.22763830690822295
26,1123.9525969143472,,,mixed ring-site C-H in-plane bending / cyclic-ring torsional/out-of-plane deformation,tau(C2-C3-C8-C7),dihedral,1.6161912327054089,-,-0.030494091914725487,1.0524673110790386
26,1123.9525969143472,,,mixed ring-site C-H in-plane bending / cyclic-ring torsional/out-of-plane deformation,nu(C2-C3),bond,1.5745946387737542,-,-0.059634118697885964,0.2681182875154984
26,1123.9525969143472,,,mixed ring-site C-H in-plane bending / cyclic-ring torsional/out-of-plane deformation,nu(C3-C8),bond,1.5229252182262996,-,-0.06059635329189942,0.2511498248433533
26,1123.9525969143472,,,mixed ring-site C-H in-plane bending / cyclic-ring torsional/out-of-plane deformation,nu(C4-O5),bond,1.3934104905111133,+,0.05126556132287047,0.3210516610795147
26,1123.9525969143472,,,mixed ring-site C-H in-plane bending / cyclic-ring torsional/out-of-plane deformation,delta(O5-C4-H11),angle,1.2251121709182686,+,0.05528298724326691,0.24273931892739395
26,1123.9525969143472,,,mixed ring-site C-H in-plane bending / cyclic-ring torsional/out-of-plane deformation,tau(C6-C7-C8-O9),dihedral,1.0283738376436742,+,0.10885411486137297,0.05255434131898353
26,1123.9525969143472,,,mixed ring-site C-H in-plane bending / cyclic-ring torsional/out-of-plane deformation,"gamma(C3;C2,O1,H10)",oop,0.5603817462719022,-,-0.05958775828960331,0.09556902705630667
26,1123.9525969143472,,,mixed ring-site C-H in-plane bending / cyclic-ring torsional/out-of-plane deformation,delta(C7-C6-H13),angle,0.46883664624681703,+,0.031156453664952972,0.2924642536055127
26,1123.9525969143472,,,mixed ring-site C-H in-plane bending / cyclic-ring torsional/out-of-plane deformation,delta(O1-C2-H10),angle,0.4646739485232359,-,-0.030890237015496584,0.29488529963383303
26,1123.9525969143472,,,mixed ring-site C-H in-plane bending / cyclic-ring torsional/out-of-plane deformation,delta(C2-C3-C8),angle,0.3847819388658166,+,0.025495331487109626,0.3584599434968781
26,1123.9525969143472,,,mixed ring-site C-H in-plane bending / cyclic-ring torsional/out-of-plane deformation,nu(C7-C8),bond,0.22227109256661046,+,0.02147520061288998,0.2918473837876942
26,1123.9525969143472,,,mixed ring-site C-H in-plane bending / cyclic-ring torsional/out-of-plane deformation,delta(C4-O5-C6),angle,0.22089978756125647,-,-0.010207037300161991,1.2839354019760134
26,1123.9525969143472,,,mixed ring-site C-H in-plane bending / cyclic-ring torsional/out-of-plane deformation,delta(C7-C8-O9),angle,0.13563950079422296,-,-0.015176315043616153,0.3566159759628039
26,1123.9525969143472,,,mixed ring-site C-H in-plane bending / cyclic-ring torsional/out-of-plane deformation,nu(C8-O9),bond,0.10222812805680931,-,-0.008347758765667882,0.8883373187075376
26,1123.9525969143472,,,mixed ring-site C-H in-plane bending / cyclic-ring torsional/out-of-plane deformation,nu(C6-C7),bond,0.0662260320864167,+,0.011647568965310873,0.2956006830977458
26,1123.9525969143472,,,mixed ring-site C-H in-plane bending / cyclic-ring torsional/out-of-plane deformation,delta(H14-C7-H15),angle,0.026359247070705655,+,0.007262555114883346,0.3026226275032689
26,1123.9525969143472,,,mixed ring-site C-H in-plane bending / cyclic-ring torsional/out-of-plane deformation,nu(O1-C2),bond,0.016298005003505714,-,-0.003415789517149314,0.8458620164669524
26,1123.9525969143472,,,mixed ring-site C-H in-plane bending / cyclic-ring torsional/out-of-plane deformation,nu(C4-H12),bond,0.009679399532477657,-,-0.004190648467424911,0.3337591898696782
26,1123.9525969143472,,,mixed ring-site C-H in-plane bending / cyclic-ring torsional/out-of-plane deformation,nu(C3-C4),bond,0.008931187798328185,+,0.004408854034171332,0.2782307070559814
26,1123.9525969143472,,,mixed ring-site C-H in-plane bending / cyclic-ring torsional/out-of-plane deformation,nu(C7-H14),bond,0.0072707089468028,+,0.003641087050906777,0.33209467719496233
26,1123.9525969143472,,,mixed ring-site C-H in-plane bending / cyclic-ring torsional/out-of-plane deformation,nu(C6-H13),bond,0.004843859154801177,-,-0.0029061309091331735,0.3473029232767053
26,1123.9525969143472,,,mixed ring-site C-H in-plane bending / cyclic-ring torsional/out-of-plane deformation,nu(C2-H10),bond,0.002081224632304603,+,0.002047251304529099,0.300693419275662
26,1123.9525969143472,,,mixed ring-site C-H in-plane bending / cyclic-ring torsional/out-of-plane deformation,nu(C4-H11),bond,0.0018399815291060436,-,-0.0018398468244491257,0.3291526891067391
26,1123.9525969143472,,,mixed ring-site C-H in-plane bending / cyclic-ring torsional/out-of-plane deformation,nu(C7-H15),bond,0.00041137636310767216,-,-0.0008541744716766886,0.3414235221230458
26,1123.9525969143472,,,mixed ring-site C-H in-plane bending / cyclic-ring torsional/out-of-plane deformation,tau(H10-C2-C3-C6),dihedral,3.3775434126306726e-06,-,-0.0005446536212914589,0.006894573854801099
27,1124.6683196752174,,,mixed ring-site C-H in-plane bending / mixed-phase cyclic C-C stretching / C-C out-of-plane bending,"gamma(C3;C2,O1,H10)",oop,18.237029886227894,-,-0.33648790292994163,0.09556902705630667
27,1124.6683196752174,,,mixed ring-site C-H in-plane bending / mixed-phase cyclic C-C stretching / C-C out-of-plane bending,nu(C3-C4),bond,12.443381727283384,+,0.16289871759522917,0.2782307070559814
27,1124.6683196752174,,,mixed ring-site C-H in-plane bending / mixed-phase cyclic C-C stretching / C-C out-of-plane bending,nu(C3-C8),bond,9.472996180685593,-,-0.14959883940405042,0.2511498248433533
27,1124.6683196752174,,,mixed ring-site C-H in-plane bending / mixed-phase cyclic C-C stretching / C-C out-of-plane bending,delta(O5-C4-H11),angle,9.00123890233427,+,0.1483310471539455,0.24273931892739395
27,1124.6683196752174,,,mixed ring-site C-H in-plane bending / mixed-phase cyclic C-C stretching / C-C out-of-plane bending,delta(O5-C4-H12),angle,6.936137750585707,-,-0.13231963680684594,0.23505585592422437
27,1124.6683196752174,,,mixed ring-site C-H in-plane bending / mixed-phase cyclic C-C stretching / C-C out-of-plane bending,delta(C2-C3-C8),angle,5.994520404092218,+,0.0996111349412267,0.3584599434968781
27,1124.6683196752174,,,mixed ring-site C-H in-plane bending / mixed-phase cyclic C-C stretching / C-C out-of-plane bending,tau(C4-C3-C6-C7),dihedral,5.850488303730766,+,0.058875558785152625,1.0014378396289534
27,1124.6683196752174,,,mixed ring-site C-H in-plane bending / mixed-phase cyclic C-C stretching / C-C out-of-plane bending,delta(C3-C6-H13),angle,5.637322721642446,-,-0.12121734246176945,0.22763830690822295
27,1124.6683196752174,,,mixed ring-site C-H in-plane bending / mixed-phase cyclic C-C stretching / C-C out-of-plane bending,tau(H12-C4-O5-C6),dihedral,4.151785408537034,-,-0.11582465313657837,0.18362628484581178
27,1124.6683196752174,,,mixed ring-site C-H in-plane bending / mixed-phase cyclic C-C stretching / C-C out-of-plane bending,tau(C2-C3-C8-C7),dihedral,2.806355563798267,+,0.039775717510088675,1.0524673110790386
27,1124.6683196752174,,,mixed ring-site C-H in-plane bending / mixed-phase cyclic C-C stretching / C-C out-of-plane bending,tau(H11-C4-O5-C6),dihedral,2.593047438639766,-,-0.09037454178727679,0.18837367530368862
27,1124.6683196752174,,,mixed ring-site C-H in-plane bending / mixed-phase cyclic C-C stretching / C-C out-of-plane bending,tau(C8-C3-C6-O5),dihedral,2.3783945961541173,+,0.03916085865527889,0.920198379056731
27,1124.6683196752174,,,mixed ring-site C-H in-plane bending / mixed-phase cyclic C-C stretching / C-C out-of-plane bending,delta(C4-O5-C6),angle,2.296241602476783,+,0.03257528219123515,1.2839354019760134
27,1124.6683196752174,,,mixed ring-site C-H in-plane bending / mixed-phase cyclic C-C stretching / C-C out-of-plane bending,delta(C6-C7-H15),angle,2.294976256806264,+,0.06722143441261684,0.30134543148372883
27,1124.6683196752174,,,mixed ring-site C-H in-plane bending / mixed-phase cyclic C-C stretching / C-C out-of-plane bending,nu(C6-C7),bond,2.1489877958729737,-,-0.06567729248038218,0.2956006830977458
27,1124.6683196752174,,,mixed ring-site C-H in-plane bending / mixed-phase cyclic C-C stretching / C-C out-of-plane bending,nu(C4-O5),bond,2.097412439033896,+,0.06225947325266647,0.3210516610795147
27,1124.6683196752174,,,mixed ring-site C-H in-plane bending / mixed-phase cyclic C-C stretching / C-C out-of-plane bending,delta(C7-C6-H13),angle,2.021571077994368,+,0.06404114597488941,0.2924642536055127
27,1124.6683196752174,,,mixed ring-site C-H in-plane bending / mixed-phase cyclic C-C stretching / C-C out-of-plane bending,nu(C2-C3),bond,1.12504479493333,+,0.0498967974384519,0.2681182875154984
27,1124.6683196752174,,,mixed ring-site C-H in-plane bending / mixed-phase cyclic C-C stretching / C-C out-of-plane bending,nu(C3-C6),bond,0.6952644957751347,+,0.03348165549228891,0.3679918254755168
27,1124.6683196752174,,,mixed ring-site C-H in-plane bending / mixed-phase cyclic C-C stretching / C-C out-of-plane bending,tau(C8-C3-C4-O5),dihedral,0.5734290903619043,-,-0.022268588251361656,0.6861140562423255
27,1124.6683196752174,,,mixed ring-site C-H in-plane bending / mixed-phase cyclic C-C stretching / C-C out-of-plane bending,delta(C8-C7-H14),angle,0.3989750268850674,+,0.03427125693608312,0.2015522323599835
27,1124.6683196752174,,,mixed ring-site C-H in-plane bending / mixed-phase cyclic C-C stretching / C-C out-of-plane bending,tau(H10-C2-C3-C6),dihedral,0.23831844048540585,-,-0.14321090626123395,0.006894573854801099
27,1124.6683196752174,,,mixed ring-site C-H in-plane bending / mixed-phase cyclic C-C stretching / C-C out-of-plane bending,delta(O1-C2-C3),angle,0.1589076236018968,-,-0.01629356253695975,0.3551522703295664
27,1124.6683196752174,,,mixed ring-site C-H in-plane bending / mixed-phase cyclic C-C stretching / C-C out-of-plane bending,nu(O5-C6),bond,0.10524286948351574,+,0.013697779445604883,0.3328084223390359
27,1124.6683196752174,,,mixed ring-site C-H in-plane bending / mixed-phase cyclic C-C stretching / C-C out-of-plane bending,tau(C6-C7-C8-O9),dihedral,0.09166707324752464,-,-0.0321701708232405,0.05255434131898353
27,1124.6683196752174,,,mixed ring-site C-H in-plane bending / mixed-phase cyclic C-C stretching / C-C out-of-plane bending,delta(C6-C7-H14),angle,0.07782033545128109,-,-0.014521268988698538,0.2189706582567389
27,1124.6683196752174,,,mixed ring-site C-H in-plane bending / mixed-phase cyclic C-C stretching / C-C out-of-plane bending,delta(C2-C3-C6),angle,0.048836020491980665,-,-0.004252762411413802,1.6021382601743324
27,1124.6683196752174,,,mixed ring-site C-H in-plane bending / mixed-phase cyclic C-C stretching / C-C out-of-plane bending,nu(C8-O9),bond,0.04378475549313812,+,0.0054078357670972604,0.8883373187075376
27,1124.6683196752174,,,mixed ring-site C-H in-plane bending / mixed-phase cyclic C-C stretching / C-C out-of-plane bending,nu(C7-C8),bond,0.020290067405854255,-,-0.006422658424764735,0.2918473837876942
27,1124.6683196752174,,,mixed ring-site C-H in-plane bending / mixed-phase cyclic C-C stretching / C-C out-of-plane bending,delta(C7-C8-O9),angle,0.015354801794649988,+,0.005054435894900073,0.3566159759628039
27,1124.6683196752174,,,mixed ring-site C-H in-plane bending / mixed-phase cyclic C-C stretching / C-C out-of-plane bending,delta(O1-C2-H10),angle,0.013004586728245143,+,0.00511531872777277,0.29488529963383303
27,1124.6683196752174,,,mixed ring-site C-H in-plane bending / mixed-phase cyclic C-C stretching / C-C out-of-plane bending,delta(H14-C7-H15),angle,0.009148076063774652,+,0.00423511460981187,0.3026226275032689
27,1124.6683196752174,,,mixed ring-site C-H in-plane bending / mixed-phase cyclic C-C stretching / C-C out-of-plane bending,nu(C7-H14),bond,0.005993129771658036,-,-0.003272252938990596,0.33209467719496233
27,1124.6683196752174,,,mixed ring-site C-H in-plane bending / mixed-phase cyclic C-C stretching / C-C out-of-plane bending,nu(C6-H13),bond,0.0058911814784583395,+,0.003172473216522907,0.3473029232767053
27,1124.6683196752174,,,mixed ring-site C-H in-plane bending / mixed-phase cyclic C-C stretching / C-C out-of-plane bending,nu(O1-C2),bond,0.004612158580833295,-,-0.001798677644654026,0.8458620164669524
27,1124.6683196752174,,,mixed ring-site C-H in-plane bending / mixed-phase cyclic C-C stretching / C-C out-of-plane bending,nu(C4-H11),bond,0.0032876415751231652,+,0.0024344144158681856,0.3291526891067391
27,1124.6683196752174,,,mixed ring-site C-H in-plane bending / mixed-phase cyclic C-C stretching / C-C out-of-plane bending,nu(C7-H15),bond,0.0018529381121841191,-,-0.001794463879710985,0.3414235221230458
27,1124.6683196752174,,,mixed ring-site C-H in-plane bending / mixed-phase cyclic C-C stretching / C-C out-of-plane bending,nu(C4-H12),bond,0.001378724677443449,-,-0.0015655723450866423,0.3337591898696782
27,1124.6683196752174,,,mixed ring-site C-H in-plane bending / mixed-phase cyclic C-C stretching / C-C out-of-plane bending,nu(C2-H10),bond,8.111705839126021e-06,+,0.0001265159024570879,0.300693419275662
28,1171.9670399460801,,,ring-site C-H in-plane bending,delta(O5-C4-H12),angle,41.23963185265872,-,-0.3398445516935644,0.23505585592422437
28,1171.9670399460801,,,ring-site C-H in-plane bending,delta(O5-C4-H11),angle,33.41109974632781,+,0.30101198003126145,0.24273931892739395
28,1171.9670399460801,,,ring-site C-H in-plane bending,tau(H12-C4-O5-C6),dihedral,4.315450253518504,+,0.12438101401962459,0.18362628484581178
28,1171.9670399460801,,,ring-site C-H in-plane bending,nu(C3-C4),bond,3.0422168217872896,-,-0.08484006871146939,0.2782307070559814
28,1171.9670399460801,,,ring-site C-H in-plane bending,tau(H11-C4-O5-C6),dihedral,2.4378051452183636,+,0.09229918125523595,0.18837367530368862
28,1171.9670399460801,,,ring-site C-H in-plane bending,delta(C2-C3-C6),angle,2.4160954671068864,+,0.031507613467813875,1.6021382601743324
28,1171.9670399460801,,,ring-site C-H in-plane bending,nu(C3-C8),bond,2.227358060841555,+,0.07640768449877344,0.2511498248433533
28,1171.9670399460801,,,ring-site C-H in-plane bending,nu(C3-C6),bond,2.154720059315395,-,-0.06208473063909569,0.3679918254755168
28,1171.9670399460801,,,ring-site C-H in-plane bending,"gamma(C3;C2,O1,H10)",oop,1.6745397895345842,+,0.10739835093449403,0.09556902705630667
28,1171.9670399460801,,,ring-site C-H in-plane bending,delta(C2-C3-C8),angle,1.6448926412759193,-,-0.0549612906207049,0.3584599434968781
28,1171.9670399460801,,,ring-site C-H in-plane bending,delta(C6-C7-H15),angle,1.001207574128803,-,-0.04676686055970204,0.30134543148372883
28,1171.9670399460801,,,ring-site C-H in-plane bending,delta(C4-O5-C6),angle,0.7249010965215074,-,-0.01927863366961379,1.2839354019760134
28,1171.9670399460801,,,ring-site C-H in-plane bending,delta(O1-C2-C3),angle,0.608526019631146,-,-0.03358464316470016,0.3551522703295664
28,1171.9670399460801,,,ring-site C-H in-plane bending,nu(C2-C3),bond,0.4508411282302878,+,0.03327032207544461,0.2681182875154984
28,1171.9670399460801,,,ring-site C-H in-plane bending,delta(C8-C7-H14),angle,0.37493559937547777,+,0.03499395202640329,0.2015522323599835
28,1171.9670399460801,,,ring-site C-H in-plane bending,delta(C7-C6-H13),angle,0.3731139645226516,-,-0.02897962860428965,0.2924642536055127
28,1171.9670399460801,,,ring-site C-H in-plane bending,nu(O5-C6),bond,0.3225313490681526,-,-0.025257901888074006,0.3328084223390359
28,1171.9670399460801,,,ring-site C-H in-plane bending,nu(C6-C7),bond,0.29811211513503294,+,0.025765914176229303,0.2956006830977458
28,1171.9670399460801,,,ring-site C-H in-plane bending,nu(C7-C8),bond,0.21262200865169067,-,-0.021899523513800246,0.2918473837876942
28,1171.9670399460801,,,ring-site C-H in-plane bending,delta(C6-C7-H14),angle,0.20496016732635186,-,-0.024822769304100514,0.2189706582567389
28,1171.9670399460801,,,ring-site C-H in-plane bending,delta(O1-C2-H10),angle,0.20143091434935084,+,0.021205326324672376,0.29488529963383303
28,1171.9670399460801,,,ring-site C-H in-plane bending,tau(C2-C3-C8-C7),dihedral,0.18703682962271784,+,0.01081602588197522,1.0524673110790386
28,1171.9670399460801,,,ring-site C-H in-plane bending,nu(C4-O5),bond,0.13468704302191123,+,0.016618197195931203,0.3210516610795147
28,1171.9670399460801,,,ring-site C-H in-plane bending,tau(C8-C3-C4-O5),dihedral,0.11497519057281876,-,-0.010502975931736196,0.6861140562423255
28,1171.9670399460801,,,ring-site C-H in-plane bending,tau(C8-C3-C6-O5),dihedral,0.07916657487821452,+,0.007525557102989922,0.920198379056731
28,1171.9670399460801,,,ring-site C-H in-plane bending,nu(C4-H11),bond,0.04157279588766573,+,0.009118310404311037,0.3291526891067391
28,1171.9670399460801,,,ring-site C-H in-plane bending,nu(C4-H12),bond,0.035961236885912976,-,-0.008421882029792015,0.3337591898696782
28,1171.9670399460801,,,ring-site C-H in-plane bending,delta(C3-C6-H13),angle,0.023465428457348125,-,-0.008237587303902836,0.22763830690822295
28,1171.9670399460801,,,ring-site C-H in-plane bending,tau(C4-C3-C6-C7),dihedral,0.02238479999989857,+,0.0038359511699609015,1.0014378396289534
28,1171.9670399460801,,,ring-site C-H in-plane bending,tau(H10-C2-C3-C6),dihedral,0.01093626127888832,+,0.03231388568212131,0.006894573854801099
28,1171.9670399460801,,,ring-site C-H in-plane bending,delta(C7-C8-O9),angle,0.007238630595692947,+,0.00365541146012719,0.3566159759628039
28,1171.9670399460801,,,ring-site C-H in-plane bending,nu(O1-C2),bond,0.002466922805477076,-,-0.0013855955433774586,0.8458620164669524
28,1171.9670399460801,,,ring-site C-H in-plane bending,tau(C6-C7-C8-O9),dihedral,0.0013476702374583423,+,0.0041086200349943645,0.05255434131898353
28,1171.9670399460801,,,ring-site C-H in-plane bending,nu(C2-H10),bond,0.0006574514937568055,+,0.0011997157379535213,0.300693419275662
28,1171.9670399460801,,,ring-site C-H in-plane bending,delta(H14-C7-H15),angle,0.0004388047245591252,+,0.0009769974004995752,0.3026226275032689
28,1171.9670399460801,,,ring-site C-H in-plane bending,nu(C7-H14),bond,0.0002716010992561253,-,-0.0007337418051721479,0.33209467719496233
28,1171.9670399460801,,,ring-site C-H in-plane bending,nu(C6-H13),bond,0.00019842862895633247,+,0.0006132766166451826,0.3473029232767053
28,1171.9670399460801,,,ring-site C-H in-plane bending,nu(C7-H15),bond,0.00014685802347215712,+,0.000532121222164624,0.3414235221230458
28,1171.9670399460801,,,ring-site C-H in-plane bending,nu(C8-O9),bond,5.569726051408163e-05,-,-0.0002031591670011207,0.8883373187075376
29,1184.2668075704976,,,mixed ring-site C-H in-plane bending / cyclic C-C stretching,delta(C3-C6-H13),angle,31.02739374029606,-,-0.34114738909880166,0.22763830690822295
29,1184.2668075704976,,,mixed ring-site C-H in-plane bending / cyclic C-C stretching,delta(C7-C6-H13),angle,7.8400028395533985,+,0.1512912428920781,0.2924642536055127
29,1184.2668075704976,,,mixed ring-site C-H in-plane bending / cyclic C-C stretching,delta(C2-C3-C6),angle,7.0819634033788414,+,0.0614354324930343,1.6021382601743324
29,1184.2668075704976,,,mixed ring-site C-H in-plane bending / cyclic C-C stretching,nu(C6-C7),bond,7.05882231797123,-,-0.1427925289088948,0.2956006830977458
29,1184.2668075704976,,,mixed ring-site C-H in-plane bending / cyclic C-C stretching,nu(C2-C3),bond,5.90001623445946,+,0.13707411849162962,0.2681182875154984
29,1184.2668075704976,,,mixed ring-site C-H in-plane bending / cyclic C-C stretching,tau(C8-C3-C6-O5),dihedral,5.437817159529982,-,-0.07103357053595999,0.920198379056731
29,1184.2668075704976,,,mixed ring-site C-H in-plane bending / cyclic C-C stretching,delta(C6-C7-H14),angle,4.68110843068771,+,0.13510563572189013,0.2189706582567389
29,1184.2668075704976,,,mixed ring-site C-H in-plane bending / cyclic C-C stretching,delta(C8-C7-H14),angle,4.228869940333786,-,-0.1338475526541112,0.2015522323599835
29,1184.2668075704976,,,mixed ring-site C-H in-plane bending / cyclic C-C stretching,delta(C4-O5-C6),angle,3.343035677167242,+,0.0471510095210964,1.2839354019760134
29,1184.2668075704976,,,mixed ring-site C-H in-plane bending / cyclic C-C stretching,tau(C2-C3-C8-C7),dihedral,2.4147127334551985,+,0.04426092694492483,1.0524673110790386
29,1184.2668075704976,,,mixed ring-site C-H in-plane bending / cyclic C-C stretching,delta(C6-C7-H15),angle,2.3652972866963418,-,-0.08186582404204586,0.30134543148372883
29,1184.2668075704976,,,mixed ring-site C-H in-plane bending / cyclic C-C stretching,delta(C2-C3-C8),angle,2.1812130060070607,-,-0.07208099949873252,0.3584599434968781
29,1184.2668075704976,,,mixed ring-site C-H in-plane bending / cyclic C-C stretching,delta(O1-C2-C3),angle,1.9816902192938606,-,-0.06902440348202711,0.3551522703295664
29,1184.2668075704976,,,mixed ring-site C-H in-plane bending / cyclic C-C stretching,nu(C7-C8),bond,1.7881808045512528,-,-0.07233023711446784,0.2918473837876942
29,1184.2668075704976,,,mixed ring-site C-H in-plane bending / cyclic C-C stretching,nu(C3-C4),bond,1.7321951659181054,-,-0.0729101443738093,0.2782307070559814
29,1184.2668075704976,,,mixed ring-site C-H in-plane bending / cyclic C-C stretching,delta(C7-C8-O9),angle,1.6215956159075862,+,0.0623107473212285,0.3566159759628039
29,1184.2668075704976,,,mixed ring-site C-H in-plane bending / cyclic C-C stretching,tau(C8-C3-C4-O5),dihedral,1.4509562385747716,+,0.04249336028127518,0.6861140562423255
29,1184.2668075704976,,,mixed ring-site C-H in-plane bending / cyclic C-C stretching,nu(C4-O5),bond,1.3544166939205968,-,-0.06001789579878612,0.3210516610795147
29,1184.2668075704976,,,mixed ring-site C-H in-plane bending / cyclic C-C stretching,nu(O5-C6),bond,1.2969649943062862,-,-0.05768448900344026,0.3328084223390359
29,1184.2668075704976,,,mixed ring-site C-H in-plane bending / cyclic C-C stretching,delta(O5-C4-H11),angle,1.1692074859114425,-,-0.06413096956944682,0.24273931892739395
29,1184.2668075704976,,,mixed ring-site C-H in-plane bending / cyclic C-C stretching,nu(C3-C8),bond,0.9053362935605594,+,0.055479252687004633,0.2511498248433533
29,1184.2668075704976,,,mixed ring-site C-H in-plane bending / cyclic C-C stretching,tau(H11-C4-O5-C6),dihedral,0.7688809478636838,-,-0.05903526553123108,0.18837367530368862
29,1184.2668075704976,,,mixed ring-site C-H in-plane bending / cyclic C-C stretching,"gamma(C3;C2,O1,H10)",oop,0.5588186965824506,+,0.07065923943500325,0.09556902705630667
29,1184.2668075704976,,,mixed ring-site C-H in-plane bending / cyclic C-C stretching,tau(C4-C3-C6-C7),dihedral,0.5349317024093291,+,0.02135645901292728,1.0014378396289534
29,1184.2668075704976,,,mixed ring-site C-H in-plane bending / cyclic C-C stretching,nu(C3-C6),bond,0.44644774999246406,-,-0.03218535549235106,0.3679918254755168
29,1184.2668075704976,,,mixed ring-site C-H in-plane bending / cyclic C-C stretching,tau(C6-C7-C8-O9),dihedral,0.3108494729342582,+,0.07106615941930823,0.05255434131898353
29,1184.2668075704976,,,mixed ring-site C-H in-plane bending / cyclic C-C stretching,delta(O5-C4-H12),angle,0.27979111798855866,+,0.03188038085457634,0.23505585592422437
29,1184.2668075704976,,,mixed ring-site C-H in-plane bending / cyclic C-C stretching,delta(O1-C2-H10),angle,0.1267969770467472,+,0.01916107916172975,0.29488529963383303
29,1184.2668075704976,,,mixed ring-site C-H in-plane bending / cyclic C-C stretching,nu(C8-O9),bond,0.044960553454856736,+,0.00657383724458541,0.8883373187075376
29,1184.2668075704976,,,mixed ring-site C-H in-plane bending / cyclic C-C stretching,delta(H14-C7-H15),angle,0.030032491944304896,-,-0.009205281259946772,0.3026226275032689
29,1184.2668075704976,,,mixed ring-site C-H in-plane bending / cyclic C-C stretching,tau(H12-C4-O5-C6),dihedral,0.022901351633379242,-,-0.01031941814502262,0.18362628484581178
29,1184.2668075704976,,,mixed ring-site C-H in-plane bending / cyclic C-C stretching,nu(C7-H15),bond,0.00531789556957811,-,-0.0036468278266905923,0.3414235221230458
29,1184.2668075704976,,,mixed ring-site C-H in-plane bending / cyclic C-C stretching,nu(C4-H12),bond,0.004964255219253862,+,0.0035637112744547348,0.3337591898696782
29,1184.2668075704976,,,mixed ring-site C-H in-plane bending / cyclic C-C stretching,nu(C6-H13),bond,0.0018853727899497215,-,-0.002152962546824699,0.3473029232767053
29,1184.2668075704976,,,mixed ring-site C-H in-plane bending / cyclic C-C stretching,nu(C4-H11),bond,0.000991389205942724,+,0.0016036717028580908,0.3291526891067391
29,1184.2668075704976,,,mixed ring-site C-H in-plane bending / cyclic C-C stretching,nu(C2-H10),bond,0.0007367293281853591,+,0.001446385616751063,0.300693419275662
29,1184.2668075704976,,,mixed ring-site C-H in-plane bending / cyclic C-C stretching,nu(C7-H14),bond,0.00045724290587168865,-,-0.0010842629239080762,0.33209467719496233
29,1184.2668075704976,,,mixed ring-site C-H in-plane bending / cyclic C-C stretching,tau(H10-C2-C3-C6),dihedral,0.00024973034589178595,+,0.005561270530736261,0.006894573854801099
29,1184.2668075704976,,,mixed ring-site C-H in-plane bending / cyclic C-C stretching,nu(O1-C2),bond,0.00019004130450495175,+,0.00043799213961453624,0.8458620164669524
30,1223.3348448491342,,,mixed ring-site C-H in-plane bending / mixed-phase cyclic C-C stretching,delta(C6-C7-H15),angle,27.71509325973277,-,-0.24737217949911108,0.30134543148372883
30,1223.3348448491342,,,mixed ring-site C-H in-plane bending / mixed-phase cyclic C-C stretching,delta(C6-C7-H14),angle,18.252893590853226,-,-0.23550378325447316,0.2189706582567389
30,1223.3348448491342,,,mixed ring-site C-H in-plane bending / mixed-phase cyclic C-C stretching,delta(C8-C7-H14),angle,14.036374934983963,+,0.21525768389110192,0.2015522323599835
30,1223.3348448491342,,,mixed ring-site C-H in-plane bending / mixed-phase cyclic C-C stretching,nu(C6-C7),bond,9.68642920551483,+,0.1476570293930987,0.2956006830977458
30,1223.3348448491342,,,mixed ring-site C-H in-plane bending / mixed-phase cyclic C-C stretching,nu(C2-C3),bond,8.081360331102184,+,0.1416132880339394,0.2681182875154984
30,1223.3348448491342,,,mixed ring-site C-H in-plane bending / mixed-phase cyclic C-C stretching,nu(C7-C8),bond,4.216223581013343,-,-0.09804126437059484,0.2918473837876942
30,1223.3348448491342,,,mixed ring-site C-H in-plane bending / mixed-phase cyclic C-C stretching,nu(C3-C8),bond,2.871308583879303,-,-0.08721646578286861,0.2511498248433533
30,1223.3348448491342,,,mixed ring-site C-H in-plane bending / mixed-phase cyclic C-C stretching,delta(C2-C3-C6),angle,2.7869300223372537,-,-0.03402029109536594,1.6021382601743324
30,1223.3348448491342,,,mixed ring-site C-H in-plane bending / mixed-phase cyclic C-C stretching,delta(C7-C8-O9),angle,1.680385652460613,-,-0.05599239883839119,0.3566159759628039
30,1223.3348448491342,,,mixed ring-site C-H in-plane bending / mixed-phase cyclic C-C stretching,nu(C3-C6),bond,1.5346406542454814,-,-0.052675571114444264,0.3679918254755168
30,1223.3348448491342,,,mixed ring-site C-H in-plane bending / mixed-phase cyclic C-C stretching,delta(C7-C6-H13),angle,1.1983458700712828,+,0.05221312476299902,0.2924642536055127
30,1223.3348448491342,,,mixed ring-site C-H in-plane bending / mixed-phase cyclic C-C stretching,delta(O5-C4-H12),angle,1.1460051759233945,+,0.056955116060278976,0.23505585592422437
30,1223.3348448491342,,,mixed ring-site C-H in-plane bending / mixed-phase cyclic C-C stretching,tau(H12-C4-O5-C6),dihedral,1.1385368737272608,-,-0.06422899339400795,0.18362628484581178
30,1223.3348448491342,,,mixed ring-site C-H in-plane bending / mixed-phase cyclic C-C stretching,delta(C3-C6-H13),angle,0.7668765932007678,+,0.04734401189906915,0.22763830690822295
30,1223.3348448491342,,,mixed ring-site C-H in-plane bending / mixed-phase cyclic C-C stretching,delta(C4-O5-C6),angle,0.7629148849922279,+,0.019883436491709303,1.2839354019760134
30,1223.3348448491342,,,mixed ring-site C-H in-plane bending / mixed-phase cyclic C-C stretching,tau(C2-C3-C8-C7),dihedral,0.7535020020923011,+,0.021825433907875634,1.0524673110790386
30,1223.3348448491342,,,mixed ring-site C-H in-plane bending / mixed-phase cyclic C-C stretching,tau(C8-C3-C4-O5),dihedral,0.6703441173272356,+,0.025496216139699792,0.6861140562423255
30,1223.3348448491342,,,mixed ring-site C-H in-plane bending / mixed-phase cyclic C-C stretching,nu(O5-C6),bond,0.510188381164,-,-0.03193692636613209,0.3328084223390359
30,1223.3348448491342,,,mixed ring-site C-H in-plane bending / mixed-phase cyclic C-C stretching,delta(C2-C3-C8),angle,0.4819136506109329,-,-0.029908131902889563,0.3584599434968781
30,1223.3348448491342,,,mixed ring-site C-H in-plane bending / mixed-phase cyclic C-C stretching,nu(C3-C4),bond,0.41364275727366956,-,-0.031451051642206934,0.2782307070559814
30,1223.3348448491342,,,mixed ring-site C-H in-plane bending / mixed-phase cyclic C-C stretching,tau(C4-C3-C6-C7),dihedral,0.37442967179382386,+,0.015772412224154177,1.0014378396289534
30,1223.3348448491342,,,mixed ring-site C-H in-plane bending / mixed-phase cyclic C-C stretching,delta(O1-C2-H10),angle,0.29063782816659467,-,-0.02560793138531679,0.29488529963383303
30,1223.3348448491342,,,mixed ring-site C-H in-plane bending / mixed-phase cyclic C-C stretching,delta(O1-C2-C3),angle,0.21781305174360005,-,-0.020200384756591326,0.3551522703295664
30,1223.3348448491342,,,mixed ring-site C-H in-plane bending / mixed-phase cyclic C-C stretching,"gamma(C3;C2,O1,H10)",oop,0.1917108263452054,-,-0.03653336925552962,0.09556902705630667
30,1223.3348448491342,,,mixed ring-site C-H in-plane bending / mixed-phase cyclic C-C stretching,delta(H14-C7-H15),angle,0.07737132186698906,-,-0.013042603709200995,0.3026226275032689
30,1223.3348448491342,,,mixed ring-site C-H in-plane bending / mixed-phase cyclic C-C stretching,nu(C4-O5),bond,0.06652945891448454,-,-0.011742066192624748,0.3210516610795147
30,1223.3348448491342,,,mixed ring-site C-H in-plane bending / mixed-phase cyclic C-C stretching,tau(C8-C3-C6-O5),dihedral,0.020237986288233895,-,-0.003825321187513346,0.920198379056731
30,1223.3348448491342,,,mixed ring-site C-H in-plane bending / mixed-phase cyclic C-C stretching,delta(O5-C4-H11),angle,0.015500701153012972,+,0.006518243741782502,0.24273931892739395
30,1223.3348448491342,,,mixed ring-site C-H in-plane bending / mixed-phase cyclic C-C stretching,tau(H11-C4-O5-C6),dihedral,0.014400089533716583,-,-0.00713177248071944,0.18837367530368862
30,1223.3348448491342,,,mixed ring-site C-H in-plane bending / mixed-phase cyclic C-C stretching,tau(C6-C7-C8-O9),dihedral,0.01083725837083701,+,0.011713330686797575,0.05255434131898353
30,1223.3348448491342,,,mixed ring-site C-H in-plane bending / mixed-phase cyclic C-C stretching,nu(C6-H13),bond,0.010767866301471876,+,0.004541879387488451,0.3473029232767053
30,1223.3348448491342,,,mixed ring-site C-H in-plane bending / mixed-phase cyclic C-C stretching,nu(C8-O9),bond,0.004856703023272834,-,-0.0019072464260995845,0.8883373187075376
30,1223.3348448491342,,,mixed ring-site C-H in-plane bending / mixed-phase cyclic C-C stretching,nu(C2-H10),bond,0.0003048041465824575,-,-0.0008212463698457701,0.300693419275662
30,1223.3348448491342,,,mixed ring-site C-H in-plane bending / mixed-phase cyclic C-C stretching,nu(C7-H14),bond,0.0002570648840366173,-,-0.0007176544945218888,0.33209467719496233
30,1223.3348448491342,,,mixed ring-site C-H in-plane bending / mixed-phase cyclic C-C stretching,nu(C4-H12),bond,0.00019367884080410773,+,0.0006213688267465073,0.3337591898696782
30,1223.3348448491342,,,mixed ring-site C-H in-plane bending / mixed-phase cyclic C-C stretching,nu(C4-H11),bond,0.00017397488608500748,+,0.0005930203077285359,0.3291526891067391
30,1223.3348448491342,,,mixed ring-site C-H in-plane bending / mixed-phase cyclic C-C stretching,tau(H10-C2-C3-C6),dihedral,5.20204827569946e-05,+,0.0022405697293289653,0.006894573854801099
30,1223.3348448491342,,,mixed ring-site C-H in-plane bending / mixed-phase cyclic C-C stretching,nu(O1-C2),bond,1.5049872774823847e-05,-,-0.00010880319331123331,0.8458620164669524
30,1223.3348448491342,,,mixed ring-site C-H in-plane bending / mixed-phase cyclic C-C stretching,nu(C7-H15),bond,5.208796889837075e-07,+,3.186008877774281e-05,0.3414235221230458
31,1280.2826499978771,,,mixed ring-site C-H in-plane bending / cyclic C-C stretching,nu(C3-C6),bond,23.814754615324794,+,0.23339199559487778,0.3679918254755168
31,1280.2826499978771,,,mixed ring-site C-H in-plane bending / cyclic C-C stretching,delta(C3-C6-H13),angle,15.634534729870428,-,-0.24043727376556429,0.22763830690822295
31,1280.2826499978771,,,mixed ring-site C-H in-plane bending / cyclic C-C stretching,nu(C2-C3),bond,14.007758241091155,-,-0.20970224893887174,0.2681182875154984
31,1280.2826499978771,,,mixed ring-site C-H in-plane bending / cyclic C-C stretching,delta(C6-C7-H15),angle,6.002192019572164,-,-0.1294805764725972,0.30134543148372883
31,1280.2826499978771,,,mixed ring-site C-H in-plane bending / cyclic C-C stretching,delta(O5-C4-H11),angle,5.770229678062915,-,-0.1414517983325691,0.24273931892739395
31,1280.2826499978771,,,mixed ring-site C-H in-plane bending / cyclic C-C stretching,tau(H12-C4-O5-C6),dihedral,4.999402726031203,+,0.1513817861599279,0.18362628484581178
31,1280.2826499978771,,,mixed ring-site C-H in-plane bending / cyclic C-C stretching,delta(O5-C4-H12),angle,4.892888414255037,-,-0.13236681096690217,0.23505585592422437
31,1280.2826499978771,,,mixed ring-site C-H in-plane bending / cyclic C-C stretching,delta(C8-C7-H14),angle,4.366728706056418,+,0.13504119948730936,0.2015522323599835
31,1280.2826499978771,,,mixed ring-site C-H in-plane bending / cyclic C-C stretching,tau(C2-C3-C8-C7),dihedral,2.906880955484437,-,-0.04821601383173098,1.0524673110790386
31,1280.2826499978771,,,mixed ring-site C-H in-plane bending / cyclic C-C stretching,tau(H11-C4-O5-C6),dihedral,2.2770071859542464,-,-0.1008681562748515,0.18837367530368862
31,1280.2826499978771,,,mixed ring-site C-H in-plane bending / cyclic C-C stretching,tau(C8-C3-C4-O5),dihedral,2.2453338484932184,-,-0.05248368146605293,0.6861140562423255
31,1280.2826499978771,,,mixed ring-site C-H in-plane bending / cyclic C-C stretching,delta(C6-C7-H14),angle,1.913620111718419,-,-0.08576634230438612,0.2189706582567389
31,1280.2826499978771,,,mixed ring-site C-H in-plane bending / cyclic C-C stretching,delta(C2-C3-C8),angle,1.889190874011722,+,0.06660388942755063,0.3584599434968781
31,1280.2826499978771,,,mixed ring-site C-H in-plane bending / cyclic C-C stretching,nu(C3-C8),bond,1.8556721942899204,+,0.07886170783821463,0.2511498248433533
31,1280.2826499978771,,,mixed ring-site C-H in-plane bending / cyclic C-C stretching,delta(O1-C2-C3),angle,1.2451747342717854,+,0.05432376226367873,0.3551522703295664
31,1280.2826499978771,,,mixed ring-site C-H in-plane bending / cyclic C-C stretching,nu(C7-C8),bond,1.1442654615640535,-,-0.05744701669792249,0.2918473837876942
31,1280.2826499978771,,,mixed ring-site C-H in-plane bending / cyclic C-C stretching,delta(C7-C6-H13),angle,1.1240938518617272,+,0.05687833539849777,0.2924642536055127
31,1280.2826499978771,,,mixed ring-site C-H in-plane bending / cyclic C-C stretching,tau(C8-C3-C6-O5),dihedral,0.7901247788126023,+,0.026883703478016722,0.920198379056731
31,1280.2826499978771,,,mixed ring-site C-H in-plane bending / cyclic C-C stretching,nu(C6-C7),bond,0.4621573655826595,+,0.036276402378986924,0.2956006830977458
31,1280.2826499978771,,,mixed ring-site C-H in-plane bending / cyclic C-C stretching,tau(C4-C3-C6-C7),dihedral,0.4572345566160332,-,-0.019603766089350067,1.0014378396289534
31,1280.2826499978771,,,mixed ring-site C-H in-plane bending / cyclic C-C stretching,delta(H14-C7-H15),angle,0.4537355600934954,-,-0.03552488635930164,0.3026226275032689
31,1280.2826499978771,,,mixed ring-site C-H in-plane bending / cyclic C-C stretching,delta(C4-O5-C6),angle,0.39140156481281085,+,0.016018493876408347,1.2839354019760134
31,1280.2826499978771,,,mixed ring-site C-H in-plane bending / cyclic C-C stretching,nu(C4-O5),bond,0.3795575767425965,+,0.03154520540616967,0.3210516610795147
31,1280.2826499978771,,,mixed ring-site C-H in-plane bending / cyclic C-C stretching,nu(C8-O9),bond,0.3319126380603144,-,-0.017733927501904296,0.8883373187075376
31,1280.2826499978771,,,mixed ring-site C-H in-plane bending / cyclic C-C stretching,nu(C3-C4),bond,0.30389276075647176,+,0.030320728750140653,0.2782307070559814
31,1280.2826499978771,,,mixed ring-site C-H in-plane bending / cyclic C-C stretching,delta(C2-C3-C6),angle,0.22781666162164738,+,0.01094018669952823,1.6021382601743324
31,1280.2826499978771,,,mixed ring-site C-H in-plane bending / cyclic C-C stretching,nu(O5-C6),bond,0.05777215167844134,+,0.01208771202320401,0.3328084223390359
31,1280.2826499978771,,,mixed ring-site C-H in-plane bending / cyclic C-C stretching,nu(C6-H13),bond,0.027905028017381088,+,0.008223732963076422,0.3473029232767053
31,1280.2826499978771,,,mixed ring-site C-H in-plane bending / cyclic C-C stretching,tau(C6-C7-C8-O9),dihedral,0.01311156553307494,-,-0.014491220473301026,0.05255434131898353
31,1280.2826499978771,,,mixed ring-site C-H in-plane bending / cyclic C-C stretching,delta(C7-C8-O9),angle,0.006994630187633962,+,0.004063160417462729,0.3566159759628039
31,1280.2826499978771,,,mixed ring-site C-H in-plane bending / cyclic C-C stretching,delta(O1-C2-H10),angle,0.001962128500909933,-,-0.0023665688794998105,0.29488529963383303
31,1280.2826499978771,,,mixed ring-site C-H in-plane bending / cyclic C-C stretching,nu(C4-H11),bond,0.001318894267544819,-,-0.0018364887581253043,0.3291526891067391
31,1280.2826499978771,,,mixed ring-site C-H in-plane bending / cyclic C-C stretching,nu(C4-H12),bond,0.0008811622164409228,+,0.0014907104801076937,0.3337591898696782
31,1280.2826499978771,,,mixed ring-site C-H in-plane bending / cyclic C-C stretching,"gamma(C3;C2,O1,H10)",oop,0.0008142824234651657,-,-0.0026780022376952854,0.09556902705630667
31,1280.2826499978771,,,mixed ring-site C-H in-plane bending / cyclic C-C stretching,nu(C7-H15),bond,0.0007673127741440238,+,0.0013753761298059203,0.3414235221230458
31,1280.2826499978771,,,mixed ring-site C-H in-plane bending / cyclic C-C stretching,nu(C7-H14),bond,0.0006078960485187743,-,-0.001241268374563661,0.33209467719496233
31,1280.2826499978771,,,mixed ring-site C-H in-plane bending / cyclic C-C stretching,nu(C2-H10),bond,0.0003008088162959289,+,0.0009176251460278584,0.300693419275662
31,1280.2826499978771,,,mixed ring-site C-H in-plane bending / cyclic C-C stretching,tau(H10-C2-C3-C6),dihedral,2.3101567192181272e-06,+,0.0005310666081064661,0.006894573854801099
31,1280.2826499978771,,,mixed ring-site C-H in-plane bending / cyclic C-C stretching,nu(O1-C2),bond,1.8367147060740437e-08,-,-4.2751669356216495e-06,0.8458620164669524
32,1315.4978162223765,,,ring-site C-H in-plane bending,delta(C7-C6-H13),angle,70.03796050802495,+,0.44558397740112426,0.2924642536055127
32,1315.4978162223765,,,ring-site C-H in-plane bending,nu(C6-C7),bond,3.7999042400335084,-,-0.10323639385142916,0.2956006830977458
32,1315.4978162223765,,,ring-site C-H in-plane bending,delta(O5-C4-H11),angle,3.3518682523712364,+,0.10699725149019708,0.24273931892739395
32,1315.4978162223765,,,ring-site C-H in-plane bending,delta(C6-C7-H14),angle,3.0955560237717683,-,-0.10826188600012196,0.2189706582567389
32,1315.4978162223765,,,ring-site C-H in-plane bending,delta(O5-C4-H12),angle,2.3998062477855515,+,0.09200295332620578,0.23505585592422437
32,1315.4978162223765,,,ring-site C-H in-plane bending,nu(O5-C6),bond,2.22171855274548,+,0.07439548561716966,0.3328084223390359
32,1315.4978162223765,,,ring-site C-H in-plane bending,tau(C4-C3-C6-C7),dihedral,1.9525040596929697,-,-0.04020528920644128,1.0014378396289534
32,1315.4978162223765,,,ring-site C-H in-plane bending,delta(C3-C6-H13),angle,1.7363532360928005,-,-0.07952351781292806,0.22763830690822295
32,1315.4978162223765,,,ring-site C-H in-plane bending,nu(C3-C6),bond,1.7119472752422802,+,0.06210482225673855,0.3679918254755168
32,1315.4978162223765,,,ring-site C-H in-plane bending,nu(C2-C3),bond,1.625343422801951,-,-0.07089385080889286,0.2681182875154984
32,1315.4978162223765,,,ring-site C-H in-plane bending,nu(C3-C8),bond,1.5318694260264532,+,0.07111212403606758,0.2511498248433533
32,1315.4978162223765,,,ring-site C-H in-plane bending,nu(C7-C8),bond,1.0505570357216363,-,-0.05462999136878842,0.2918473837876942
32,1315.4978162223765,,,ring-site C-H in-plane bending,tau(H12-C4-O5-C6),dihedral,0.8054230148414531,-,-0.06030367926036519,0.18362628484581178
32,1315.4978162223765,,,ring-site C-H in-plane bending,tau(H11-C4-O5-C6),dihedral,0.7732875152264195,+,0.058339084554068,0.18837367530368862
32,1315.4978162223765,,,ring-site C-H in-plane bending,tau(C8-C3-C6-O5),dihedral,0.6142579934699661,-,-0.023525230793813464,0.920198379056731
32,1315.4978162223765,,,ring-site C-H in-plane bending,delta(C8-C7-H14),angle,0.5496046492935072,+,0.04754781989076815,0.2015522323599835
32,1315.4978162223765,,,ring-site C-H in-plane bending,nu(C3-C4),bond,0.4734398929401857,+,0.03756030510718884,0.2782307070559814
32,1315.4978162223765,,,ring-site C-H in-plane bending,delta(C7-C8-O9),angle,0.38182191908439694,+,0.02979402973262294,0.3566159759628039
32,1315.4978162223765,,,ring-site C-H in-plane bending,delta(C6-C7-H15),angle,0.3557535331368148,+,0.031285386268856234,0.30134543148372883
32,1315.4978162223765,,,ring-site C-H in-plane bending,delta(C4-O5-C6),angle,0.33341400122188913,+,0.014673021237444097,1.2839354019760134
32,1315.4978162223765,,,ring-site C-H in-plane bending,tau(C8-C3-C4-O5),dihedral,0.26176086933115167,-,-0.017784981597579432,0.6861140562423255
32,1315.4978162223765,,,ring-site C-H in-plane bending,delta(C2-C3-C6),angle,0.2159502439040342,+,0.010571243337476397,1.6021382601743324
32,1315.4978162223765,,,ring-site C-H in-plane bending,nu(C4-O5),bond,0.1377345845012781,+,0.018859633869650224,0.3210516610795147
32,1315.4978162223765,,,ring-site C-H in-plane bending,tau(C2-C3-C8-C7),dihedral,0.13402164088048366,-,-0.01027501285427312,1.0524673110790386
32,1315.4978162223765,,,ring-site C-H in-plane bending,nu(C8-O9),bond,0.1165126880467032,-,-0.010427900384097829,0.8883373187075376
32,1315.4978162223765,,,ring-site C-H in-plane bending,delta(C2-C3-C8),angle,0.08629345612310271,+,0.014127581843844996,0.3584599434968781
32,1315.4978162223765,,,ring-site C-H in-plane bending,delta(O1-C2-C3),angle,0.0583569603203162,+,0.011671811092338365,0.3551522703295664
32,1315.4978162223765,,,ring-site C-H in-plane bending,tau(C6-C7-C8-O9),dihedral,0.04573395922364083,-,-0.026860513923678258,0.05255434131898353
32,1315.4978162223765,,,ring-site C-H in-plane bending,delta(H14-C7-H15),angle,0.026879430820613528,+,0.008581408014620224,0.3026226275032689
32,1315.4978162223765,,,ring-site C-H in-plane bending,tau(H10-C2-C3-C6),dihedral,0.025912037865460414,-,-0.05582082966147855,0.006894573854801099
32,1315.4978162223765,,,ring-site C-H in-plane bending,nu(C6-H13),bond,0.02189046313909174,-,-0.0072289042434286,0.3473029232767053
32,1315.4978162223765,,,ring-site C-H in-plane bending,nu(O1-C2),bond,0.02169937492745349,+,0.004611827626122698,0.8458620164669524
32,1315.4978162223765,,,ring-site C-H in-plane bending,"gamma(C3;C2,O1,H10)",oop,0.021009648922804977,+,0.013500505547587902,0.09556902705630667
32,1315.4978162223765,,,ring-site C-H in-plane bending,nu(C4-H12),bond,0.009384469942123894,+,0.00482822470443859,0.3337591898696782
32,1315.4978162223765,,,ring-site C-H in-plane bending,nu(C4-H11),bond,0.004998367187201036,+,0.0035482531010356485,0.3291526891067391
32,1315.4978162223765,,,ring-site C-H in-plane bending,delta(O1-C2-H10),angle,0.003643716267201859,-,-0.0032006997106087446,0.29488529963383303
32,1315.4978162223765,,,ring-site C-H in-plane bending,nu(C7-H14),bond,0.0034813182133134166,-,-0.002948085807665108,0.33209467719496233
32,1315.4978162223765,,,ring-site C-H in-plane bending,nu(C7-H15),bond,0.002109116112080265,-,-0.002263094774955748,0.3414235221230458
32,1315.4978162223765,,,ring-site C-H in-plane bending,nu(C2-H10),bond,0.00023685474672719645,+,0.000808124550927198,0.300693419275662
33,1360.038288954365,,,mixed ring-site C-H in-plane bending / ring-site C-H out-of-plane bending,delta(O5-C4-H11),angle,18.051268583020317,+,0.2519566952059593,0.24273931892739395
33,1360.038288954365,,,mixed ring-site C-H in-plane bending / ring-site C-H out-of-plane bending,delta(O5-C4-H12),angle,14.575715032935415,+,0.23007609658561295,0.23505585592422437
33,1360.038288954365,,,mixed ring-site C-H in-plane bending / ring-site C-H out-of-plane bending,tau(H11-C4-O5-C6),dihedral,14.027775848525229,+,0.2521310932645079,0.18837367530368862
33,1360.038288954365,,,mixed ring-site C-H in-plane bending / ring-site C-H out-of-plane bending,tau(H12-C4-O5-C6),dihedral,8.869508940332702,-,-0.20306004022956708,0.18362628484581178
33,1360.038288954365,,,mixed ring-site C-H in-plane bending / ring-site C-H out-of-plane bending,nu(C3-C6),bond,5.949342176644502,+,0.11747825639426214,0.3679918254755168
33,1360.038288954365,,,mixed ring-site C-H in-plane bending / ring-site C-H out-of-plane bending,delta(C4-O5-C6),angle,5.857979144973139,+,0.06240859816394027,1.2839354019760134
33,1360.038288954365,,,mixed ring-site C-H in-plane bending / ring-site C-H out-of-plane bending,delta(C7-C6-H13),angle,5.411109501256926,-,-0.1256749927996181,0.2924642536055127
33,1360.038288954365,,,mixed ring-site C-H in-plane bending / ring-site C-H out-of-plane bending,delta(C3-C6-H13),angle,4.545809654336924,-,-0.13056448309041319,0.22763830690822295
33,1360.038288954365,,,mixed ring-site C-H in-plane bending / ring-site C-H out-of-plane bending,nu(C3-C4),bond,4.362831803496285,+,0.11569745589800766,0.2782307070559814
33,1360.038288954365,,,mixed ring-site C-H in-plane bending / ring-site C-H out-of-plane bending,nu(C2-C3),bond,3.531916561275619,-,-0.10604351211070573,0.2681182875154984
33,1360.038288954365,,,mixed ring-site C-H in-plane bending / ring-site C-H out-of-plane bending,nu(O5-C6),bond,3.1878903119103277,-,-0.09042669008643461,0.3328084223390359
33,1360.038288954365,,,mixed ring-site C-H in-plane bending / ring-site C-H out-of-plane bending,nu(C4-O5),bond,1.6590590335834354,-,-0.06641796469074646,0.3210516610795147
33,1360.038288954365,,,mixed ring-site C-H in-plane bending / ring-site C-H out-of-plane bending,tau(C8-C3-C4-O5),dihedral,1.5546211654860922,-,-0.04398010212608283,0.6861140562423255
33,1360.038288954365,,,mixed ring-site C-H in-plane bending / ring-site C-H out-of-plane bending,delta(C6-C7-H15),angle,1.4211846596816087,-,-0.06345050068127785,0.30134543148372883
33,1360.038288954365,,,mixed ring-site C-H in-plane bending / ring-site C-H out-of-plane bending,delta(O1-C2-H10),angle,1.0962818508835035,-,-0.05633478672034989,0.29488529963383303
33,1360.038288954365,,,mixed ring-site C-H in-plane bending / ring-site C-H out-of-plane bending,tau(C2-C3-C8-C7),dihedral,1.02163052637784,-,-0.028786225718758673,1.0524673110790386
33,1360.038288954365,,,mixed ring-site C-H in-plane bending / ring-site C-H out-of-plane bending,delta(H14-C7-H15),angle,0.8769426560726914,-,-0.0497367041172381,0.3026226275032689
33,1360.038288954365,,,mixed ring-site C-H in-plane bending / ring-site C-H out-of-plane bending,nu(C3-C8),bond,0.7799458292122748,+,0.051488220698616693,0.2511498248433533
33,1360.038288954365,,,mixed ring-site C-H in-plane bending / ring-site C-H out-of-plane bending,delta(C6-C7-H14),angle,0.7612080879750437,+,0.05447545155535652,0.2189706582567389
33,1360.038288954365,,,mixed ring-site C-H in-plane bending / ring-site C-H out-of-plane bending,delta(C2-C3-C6),angle,0.47389255838772293,+,0.015890298384080383,1.6021382601743324
33,1360.038288954365,,,mixed ring-site C-H in-plane bending / ring-site C-H out-of-plane bending,nu(C6-C7),bond,0.4662487845302317,+,0.03669426925846932,0.2956006830977458
33,1360.038288954365,,,mixed ring-site C-H in-plane bending / ring-site C-H out-of-plane bending,tau(C8-C3-C6-O5),dihedral,0.3330182463418521,+,0.017576620932193403,0.920198379056731
33,1360.038288954365,,,mixed ring-site C-H in-plane bending / ring-site C-H out-of-plane bending,delta(C2-C3-C8),angle,0.3050657532495632,+,0.026953707801083245,0.3584599434968781
33,1360.038288954365,,,mixed ring-site C-H in-plane bending / ring-site C-H out-of-plane bending,delta(O1-C2-C3),angle,0.25425364433925113,+,0.02472113461182965,0.3551522703295664
33,1360.038288954365,,,mixed ring-site C-H in-plane bending / ring-site C-H out-of-plane bending,delta(C8-C7-H14),angle,0.19178390996516706,+,0.02850062485397158,0.2015522323599835
33,1360.038288954365,,,mixed ring-site C-H in-plane bending / ring-site C-H out-of-plane bending,nu(C7-C8),bond,0.17592846418672436,-,-0.02268465910345334,0.2918473837876942
33,1360.038288954365,,,mixed ring-site C-H in-plane bending / ring-site C-H out-of-plane bending,tau(C4-C3-C6-C7),dihedral,0.100155676438377,+,0.009239913155062613,1.0014378396289534
33,1360.038288954365,,,mixed ring-site C-H in-plane bending / ring-site C-H out-of-plane bending,delta(C7-C8-O9),angle,0.061077889527199954,+,0.012091598478221824,0.3566159759628039
33,1360.038288954365,,,mixed ring-site C-H in-plane bending / ring-site C-H out-of-plane bending,nu(O1-C2),bond,0.028049403437940233,+,0.005320520937765539,0.8458620164669524
33,1360.038288954365,,,mixed ring-site C-H in-plane bending / ring-site C-H out-of-plane bending,"gamma(C3;C2,O1,H10)",oop,0.024596876521986406,+,0.0148225697243394,0.09556902705630667
33,1360.038288954365,,,mixed ring-site C-H in-plane bending / ring-site C-H out-of-plane bending,nu(C6-H13),bond,0.014694442190185508,+,0.006009861127589232,0.3473029232767053
33,1360.038288954365,,,mixed ring-site C-H in-plane bending / ring-site C-H out-of-plane bending,nu(C8-O9),bond,0.01189267738324753,+,0.0033805936327841184,0.8883373187075376
33,1360.038288954365,,,mixed ring-site C-H in-plane bending / ring-site C-H out-of-plane bending,tau(C6-C7-C8-O9),dihedral,0.008200116403711799,+,0.01154111620401911,0.05255434131898353
33,1360.038288954365,,,mixed ring-site C-H in-plane bending / ring-site C-H out-of-plane bending,tau(H10-C2-C3-C6),dihedral,0.005526776315141309,+,0.02615919249033613,0.006894573854801099
33,1360.038288954365,,,mixed ring-site C-H in-plane bending / ring-site C-H out-of-plane bending,nu(C7-H15),bond,0.002694840078442865,+,0.0025957441475696775,0.3414235221230458
33,1360.038288954365,,,mixed ring-site C-H in-plane bending / ring-site C-H out-of-plane bending,nu(C4-H11),bond,0.0008180833084013431,+,0.0014566062391868934,0.3291526891067391
33,1360.038288954365,,,mixed ring-site C-H in-plane bending / ring-site C-H out-of-plane bending,nu(C4-H12),bond,3.985684079973262e-05,-,-0.00031928382928597345,0.3337591898696782
33,1360.038288954365,,,mixed ring-site C-H in-plane bending / ring-site C-H out-of-plane bending,nu(C2-H10),bond,2.488007064235226e-05,+,0.0002657699939628805,0.300693419275662
33,1360.038288954365,,,mixed ring-site C-H in-plane bending / ring-site C-H out-of-plane bending,nu(C7-H14),bond,1.5752503524977055e-05,-,-0.00020122685477433404,0.33209467719496233
34,1415.591729678604,,,C-H bending,delta(H14-C7-H15),angle,50.181451404277745,-,-0.4605595770637663,0.3026226275032689
34,1415.591729678604,,,C-H bending,delta(O1-C2-H10),angle,34.68181817119348,+,0.38787275446078645,0.29488529963383303
34,1415.591729678604,,,C-H bending,delta(C6-C7-H15),angle,4.611082839726226,+,0.13990526669675246,0.30134543148372883
34,1415.591729678604,,,C-H bending,delta(C6-C7-H14),angle,3.8229735367257973,+,0.14944197250666863,0.2189706582567389
34,1415.591729678604,,,C-H bending,delta(C8-C7-H14),angle,3.014419030530853,+,0.13831615652195253,0.2015522323599835
34,1415.591729678604,,,C-H bending,nu(C2-C3),bond,1.0250043838844802,+,0.06993016457306364,0.2681182875154984
34,1415.591729678604,,,C-H bending,nu(O1-C2),bond,0.769645170677729,+,0.03411618179408452,0.8458620164669524
34,1415.591729678604,,,C-H bending,delta(O1-C2-C3),angle,0.41585817100777384,-,-0.038701716675685796,0.3551522703295664
34,1415.591729678604,,,C-H bending,nu(C6-C7),bond,0.36488532202353474,-,-0.03973657098201095,0.2956006830977458
34,1415.591729678604,,,C-H bending,nu(C7-C8),bond,0.3576875525957315,-,-0.03959486974598842,0.2918473837876942
34,1415.591729678604,,,C-H bending,delta(C2-C3-C6),angle,0.11926423705841079,-,-0.009758207046031935,1.6021382601743324
34,1415.591729678604,,,C-H bending,nu(C3-C8),bond,0.07332126348659578,-,-0.019324730125870233,0.2511498248433533
34,1415.591729678604,,,C-H bending,delta(O5-C4-H12),angle,0.06459363865247651,+,0.018748833164818016,0.23505585592422437
34,1415.591729678604,,,C-H bending,nu(C2-H10),bond,0.062320973657519534,+,0.016282461517711,0.300693419275662
34,1415.591729678604,,,C-H bending,tau(C8-C3-C4-O5),dihedral,0.059059691763551636,-,-0.01049330598254488,0.6861140562423255
34,1415.591729678604,,,C-H bending,delta(C3-C6-H13),angle,0.05577490968442285,+,0.017703603395638413,0.22763830690822295
34,1415.591729678604,,,C-H bending,nu(C3-C6),bond,0.050344508013019026,+,0.01322884330121636,0.3679918254755168
34,1415.591729678604,,,C-H bending,delta(O5-C4-H11),angle,0.0484904451052995,+,0.01598537865418277,0.24273931892739395
34,1415.591729678604,,,C-H bending,delta(C7-C8-O9),angle,0.035548452313439206,+,0.011292103717336728,0.3566159759628039
34,1415.591729678604,,,C-H bending,nu(C3-C4),bond,0.033328182476402124,-,-0.012378504897590214,0.2782307070559814
34,1415.591729678604,,,C-H bending,tau(C8-C3-C6-O5),dihedral,0.027991479862289823,-,-0.006237881282058706,0.920198379056731
34,1415.591729678604,,,C-H bending,nu(C7-H15),bond,0.025373559252130407,+,0.009750095826627826,0.3414235221230458
34,1415.591729678604,,,C-H bending,tau(H12-C4-O5-C6),dihedral,0.024323688916666107,-,-0.01301703893147053,0.18362628484581178
34,1415.591729678604,,,C-H bending,delta(C7-C6-H13),angle,0.018484345305416608,+,0.00899146685627693,0.2924642536055127
34,1415.591729678604,,,C-H bending,nu(C7-H14),bond,0.01839935198177727,+,0.008418509643410933,0.33209467719496233
34,1415.591729678604,,,C-H bending,tau(C4-C3-C6-C7),dihedral,0.015872562877530867,+,0.004502735503974567,1.0014378396289534
34,1415.591729678604,,,C-H bending,nu(O5-C6),bond,0.006180752306058964,-,-0.00487403252442998,0.3328084223390359
34,1415.591729678604,,,C-H bending,nu(C4-O5),bond,0.004065365269803782,-,-0.0040246417960256185,0.3210516610795147
34,1415.591729678604,,,C-H bending,tau(H11-C4-O5-C6),dihedral,0.003941844340732056,+,0.005173739248625955,0.18837367530368862
34,1415.591729678604,,,C-H bending,tau(C2-C3-C8-C7),dihedral,0.0031842919193628065,-,-0.0019672838955882284,1.0524673110790386
34,1415.591729678604,,,C-H bending,"gamma(C3;C2,O1,H10)",oop,0.0022096626062725346,-,-0.0054383769697091775,0.09556902705630667
34,1415.591729678604,,,C-H bending,nu(C8-O9),bond,0.001493449011706643,+,0.001466463148029877,0.8883373187075376
34,1415.591729678604,,,C-H bending,nu(C4-H11),bond,0.0005871543826577565,+,0.0015105752231322378,0.3291526891067391
34,1415.591729678604,,,C-H bending,delta(C4-O5-C6),angle,0.000471054277166689,+,0.0006850602933194465,1.2839354019760134
34,1415.591729678604,,,C-H bending,tau(C6-C7-C8-O9),dihedral,0.00020525840929115687,+,0.0022351727190747846,0.05255434131898353
34,1415.591729678604,,,C-H bending,delta(C2-C3-C8),angle,0.0001738912825400699,-,-0.0007877410845476237,0.3584599434968781
34,1415.591729678604,,,C-H bending,nu(C4-H12),bond,0.00012540800383165543,+,0.0006932835867635303,0.3337591898696782
34,1415.591729678604,,,C-H bending,nu(C6-H13),bond,4.046984102764491e-05,-,-0.0003860792288538015,0.3473029232767053
34,1415.591729678604,,,C-H bending,tau(H10-C2-C3-C6),dihedral,4.5252992817372184e-06,+,0.0009162940080580279,0.006894573854801099
35,1420.2900577495288,,,C-H bending,delta(H14-C7-H15),angle,60.5954508595637,-,-0.5462741028220401,0.3026226275032689
35,1420.2900577495288,,,C-H bending,delta(O1-C2-H10),angle,19.749423177462212,-,-0.315930785312022,0.29488529963383303
35,1420.2900577495288,,,C-H bending,delta(C6-C7-H15),angle,7.032722637720107,+,0.18649652313430293,0.30134543148372883
35,1420.2900577495288,,,C-H bending,delta(C6-C7-H14),angle,5.128324590807082,+,0.1868254734342847,0.2189706582567389
35,1420.2900577495288,,,C-H bending,delta(C8-C7-H14),angle,3.551212600201963,+,0.16204507301004653,0.2015522323599835
35,1420.2900577495288,,,C-H bending,nu(C6-C7),bond,0.8354685821713388,-,-0.06490133728168283,0.2956006830977458
35,1420.2900577495288,,,C-H bending,nu(O1-C2),bond,0.6762949188219496,-,-0.03451911090567297,0.8458620164669524
35,1420.2900577495288,,,C-H bending,nu(C3-C6),bond,0.4837531820113521,-,-0.04426231579060381,0.3679918254755168
35,1420.2900577495288,,,C-H bending,nu(C2-C3),bond,0.34103933899009514,-,-0.04353918759343342,0.2681182875154984
35,1420.2900577495288,,,C-H bending,nu(C7-C8),bond,0.20399846006621908,-,-0.03227578716554595,0.2918473837876942
35,1420.2900577495288,,,C-H bending,delta(O1-C2-C3),angle,0.16689174359802825,+,0.02646375267348336,0.3551522703295664
35,1420.2900577495288,,,C-H bending,delta(C2-C3-C6),angle,0.15728235281471767,+,0.01209570825985568,1.6021382601743324
35,1420.2900577495288,,,C-H bending,delta(O5-C4-H12),angle,0.15075564575193592,-,-0.030916658990845117,0.23505585592422437
35,1420.2900577495288,,,C-H bending,tau(C8-C3-C4-O5),dihedral,0.1427652701717996,+,0.017609800183622716,0.6861140562423255
35,1420.2900577495288,,,C-H bending,tau(C2-C3-C8-C7),dihedral,0.12605115101509057,+,0.01336012128165182,1.0524673110790386
35,1420.2900577495288,,,C-H bending,delta(O5-C4-H11),angle,0.12013864740889273,-,-0.027158926839894043,0.24273931892739395
35,1420.2900577495288,,,C-H bending,delta(C7-C6-H13),angle,0.09841848426993742,+,0.02239459644395089,0.2924642536055127
35,1420.2900577495288,,,C-H bending,delta(C4-O5-C6),angle,0.09584085104998047,-,-0.010547390965679236,1.2839354019760134
35,1420.2900577495288,,,C-H bending,delta(C7-C8-O9),angle,0.04582020475816308,+,0.013837875404404698,0.3566159759628039
35,1420.2900577495288,,,C-H bending,nu(C2-H10),bond,0.038979586663077395,-,-0.013899460819980449,0.300693419275662
35,1420.2900577495288,,,C-H bending,nu(C8-O9),bond,0.035165475651302625,-,-0.007680873193162011,0.8883373187075376
35,1420.2900577495288,,,C-H bending,tau(H12-C4-O5-C6),dihedral,0.03333288082248134,+,0.016447894120843756,0.18362628484581178
35,1420.2900577495288,,,C-H bending,tau(C4-C3-C6-C7),dihedral,0.030145582085584707,-,-0.006697938246075454,1.0014378396289534
35,1420.2900577495288,,,C-H bending,nu(C7-H15),bond,0.026318243587864023,+,0.010718229024026023,0.3414235221230458
35,1420.2900577495288,,,C-H bending,tau(H11-C4-O5-C6),dihedral,0.023782334851166972,-,-0.01371697792960942,0.18837367530368862
35,1420.2900577495288,,,C-H bending,nu(C7-H14),bond,0.020800081918486334,+,0.009661462353962742,0.33209467719496233
35,1420.2900577495288,,,C-H bending,nu(C4-O5),bond,0.019113003934735417,+,0.009419293178676251,0.3210516610795147
35,1420.2900577495288,,,C-H bending,nu(O5-C6),bond,0.01900510197570765,+,0.009225273460481766,0.3328084223390359
35,1420.2900577495288,,,C-H bending,nu(C3-C4),bond,0.016489169157525515,+,0.009398058794392058,0.2782307070559814
35,1420.2900577495288,,,C-H bending,delta(C3-C6-H13),angle,0.013365445495567774,+,0.009354279600315667,0.22763830690822295
35,1420.2900577495288,,,C-H bending,tau(C8-C3-C6-O5),dihedral,0.010524232454142851,+,0.0041285332319926605,0.920198379056731
35,1420.2900577495288,,,C-H bending,nu(C6-H13),bond,0.004559455519741577,-,-0.004423271253152681,0.3473029232767053
35,1420.2900577495288,,,C-H bending,"gamma(C3;C2,O1,H10)",oop,0.003718872135166597,-,-0.007615323229838758,0.09556902705630667
35,1420.2900577495288,,,C-H bending,nu(C3-C8),bond,0.0012292069655581639,+,0.0027007685468842073,0.2511498248433533
35,1420.2900577495288,,,C-H bending,tau(C6-C7-C8-O9),dihedral,0.0005317493784390065,-,-0.0038832066033422565,0.05255434131898353
35,1420.2900577495288,,,C-H bending,nu(C4-H11),bond,0.0005050216187773006,-,-0.0015121594286711102,0.3291526891067391
35,1420.2900577495288,,,C-H bending,nu(C4-H12),bond,0.0004130258424881094,-,-0.0013580422993791452,0.3337591898696782
35,1420.2900577495288,,,C-H bending,tau(H10-C2-C3-C6),dihedral,0.00030383857113804513,-,-0.008104179266118668,0.006894573854801099
35,1420.2900577495288,,,C-H bending,delta(C2-C3-C8),angle,6.499271649967405e-05,+,0.0005198204124102821,0.3584599434968781
36,1527.4293996490896,,,mixed ring-site C-H out-of-plane bending / ring-site C-H in-plane bending,tau(H12-C4-O5-C6),dihedral,29.157175411350654,-,-0.31055704480511465,0.18362628484581178
36,1527.4293996490896,,,mixed ring-site C-H out-of-plane bending / ring-site C-H in-plane bending,tau(H11-C4-O5-C6),dihedral,26.799442552853442,+,0.29396041987749527,0.18837367530368862
36,1527.4293996490896,,,mixed ring-site C-H out-of-plane bending / ring-site C-H in-plane bending,delta(O5-C4-H11),angle,19.561217341422896,-,-0.22124015757354934,0.24273931892739395
36,1527.4293996490896,,,mixed ring-site C-H out-of-plane bending / ring-site C-H in-plane bending,delta(O5-C4-H12),angle,19.050382108687696,-,-0.2218719459228635,0.23505585592422437
36,1527.4293996490896,,,mixed ring-site C-H out-of-plane bending / ring-site C-H in-plane bending,nu(C4-O5),bond,1.2485505557533567,+,0.04860172569153671,0.3210516610795147
36,1527.4293996490896,,,mixed ring-site C-H out-of-plane bending / ring-site C-H in-plane bending,delta(C4-O5-C6),angle,1.0166720228236146,+,0.021930823203041128,1.2839354019760134
36,1527.4293996490896,,,mixed ring-site C-H out-of-plane bending / ring-site C-H in-plane bending,nu(C3-C4),bond,0.9681630172809549,+,0.04597352445759022,0.2782307070559814
36,1527.4293996490896,,,mixed ring-site C-H out-of-plane bending / ring-site C-H in-plane bending,delta(C7-C6-H13),angle,0.5531781190709302,+,0.03389473048920506,0.2924642536055127
36,1527.4293996490896,,,mixed ring-site C-H out-of-plane bending / ring-site C-H in-plane bending,nu(C4-H11),bond,0.4136567371011694,-,-0.027628507931243402,0.3291526891067391
36,1527.4293996490896,,,mixed ring-site C-H out-of-plane bending / ring-site C-H in-plane bending,nu(C4-H12),bond,0.39078085304503934,-,-0.026667733499601384,0.3337591898696782
36,1527.4293996490896,,,mixed ring-site C-H out-of-plane bending / ring-site C-H in-plane bending,nu(O5-C6),bond,0.2597562136191697,+,0.02177318199742657,0.3328084223390359
36,1527.4293996490896,,,mixed ring-site C-H out-of-plane bending / ring-site C-H in-plane bending,nu(O1-C2),bond,0.17913874759887943,+,0.01134177662233323,0.8458620164669524
36,1527.4293996490896,,,mixed ring-site C-H out-of-plane bending / ring-site C-H in-plane bending,nu(C8-O9),bond,0.0682707855995801,+,0.006832263085086416,0.8883373187075376
36,1527.4293996490896,,,mixed ring-site C-H out-of-plane bending / ring-site C-H in-plane bending,nu(C6-C7),bond,0.061251379925559075,-,-0.011218668271297248,0.2956006830977458
36,1527.4293996490896,,,mixed ring-site C-H out-of-plane bending / ring-site C-H in-plane bending,delta(C6-C7-H14),angle,0.06093977129433035,-,-0.013001502159293177,0.2189706582567389
36,1527.4293996490896,,,mixed ring-site C-H out-of-plane bending / ring-site C-H in-plane bending,delta(O1-C2-H10),angle,0.02788125758192163,+,0.007578193709038859,0.29488529963383303
36,1527.4293996490896,,,mixed ring-site C-H out-of-plane bending / ring-site C-H in-plane bending,tau(C8-C3-C6-O5),dihedral,0.027783083042976147,-,-0.004282383637256081,0.920198379056731
36,1527.4293996490896,,,mixed ring-site C-H out-of-plane bending / ring-site C-H in-plane bending,nu(C3-C6),bond,0.027045812926720935,+,0.006681393012825514,0.3679918254755168
36,1527.4293996490896,,,mixed ring-site C-H out-of-plane bending / ring-site C-H in-plane bending,nu(C7-C8),bond,0.02592590773999636,-,-0.0073455643514339026,0.2918473837876942
36,1527.4293996490896,,,mixed ring-site C-H out-of-plane bending / ring-site C-H in-plane bending,delta(H14-C7-H15),angle,0.017058587026712358,+,0.00585136127662989,0.3026226275032689
36,1527.4293996490896,,,mixed ring-site C-H out-of-plane bending / ring-site C-H in-plane bending,tau(C4-C3-C6-C7),dihedral,0.016917451734194407,-,-0.0032032553399480644,1.0014378396289534
36,1527.4293996490896,,,mixed ring-site C-H out-of-plane bending / ring-site C-H in-plane bending,nu(C3-C8),bond,0.014560722618200909,+,0.0059341853753791165,0.2511498248433533
36,1527.4293996490896,,,mixed ring-site C-H out-of-plane bending / ring-site C-H in-plane bending,tau(C8-C3-C4-O5),dihedral,0.012924601282221553,+,0.0033825677441470313,0.6861140562423255
36,1527.4293996490896,,,mixed ring-site C-H out-of-plane bending / ring-site C-H in-plane bending,delta(C3-C6-H13),angle,0.012464847435365677,-,-0.005767092199968487,0.22763830690822295
36,1527.4293996490896,,,mixed ring-site C-H out-of-plane bending / ring-site C-H in-plane bending,delta(C6-C7-H15),angle,0.006860205443072939,+,0.0037185389886451796,0.30134543148372883
36,1527.4293996490896,,,mixed ring-site C-H out-of-plane bending / ring-site C-H in-plane bending,delta(C7-C8-O9),angle,0.0037408247022894694,+,0.002524174444550132,0.3566159759628039
36,1527.4293996490896,,,mixed ring-site C-H out-of-plane bending / ring-site C-H in-plane bending,tau(C2-C3-C8-C7),dihedral,0.0030691302734776977,-,-0.0013308816527894322,1.0524673110790386
36,1527.4293996490896,,,mixed ring-site C-H out-of-plane bending / ring-site C-H in-plane bending,tau(C6-C7-C8-O9),dihedral,0.002678425137057746,-,-0.005563800405987185,0.05255434131898353
36,1527.4293996490896,,,mixed ring-site C-H out-of-plane bending / ring-site C-H in-plane bending,delta(O1-C2-C3),angle,0.0026657468446598487,-,-0.002135198416446938,0.3551522703295664
36,1527.4293996490896,,,mixed ring-site C-H out-of-plane bending / ring-site C-H in-plane bending,delta(C2-C3-C6),angle,0.002368664885197925,-,-0.0009476280324547378,1.6021382601743324
36,1527.4293996490896,,,mixed ring-site C-H out-of-plane bending / ring-site C-H in-plane bending,nu(C6-H13),bond,0.002157383627908571,+,0.0019424307932910728,0.3473029232767053
36,1527.4293996490896,,,mixed ring-site C-H out-of-plane bending / ring-site C-H in-plane bending,tau(H10-C2-C3-C6),dihedral,0.001542496582483586,-,-0.011657206118961058,0.006894573854801099
36,1527.4293996490896,,,mixed ring-site C-H out-of-plane bending / ring-site C-H in-plane bending,delta(C2-C3-C8),angle,0.0013675450238099893,-,-0.0015222521117061666,0.3584599434968781
36,1527.4293996490896,,,mixed ring-site C-H out-of-plane bending / ring-site C-H in-plane bending,delta(C8-C7-H14),angle,0.0011053915341604683,+,0.0018251574905421522,0.2015522323599835
36,1527.4293996490896,,,mixed ring-site C-H out-of-plane bending / ring-site C-H in-plane bending,nu(C2-H10),bond,0.0006949911096155491,+,0.0011848510211100935,0.300693419275662
36,1527.4293996490896,,,mixed ring-site C-H out-of-plane bending / ring-site C-H in-plane bending,nu(C2-C3),bond,0.0005196782485607852,-,-0.0010850259766030745,0.2681182875154984
36,1527.4293996490896,,,mixed ring-site C-H out-of-plane bending / ring-site C-H in-plane bending,"gamma(C3;C2,O1,H10)",oop,3.868114740025229e-05,-,-0.0004958235792562821,0.09556902705630667
36,1527.4293996490896,,,mixed ring-site C-H out-of-plane bending / ring-site C-H in-plane bending,nu(C7-H14),bond,3.275566150118737e-05,+,0.00024476443525740137,0.33209467719496233
36,1527.4293996490896,,,mixed ring-site C-H out-of-plane bending / ring-site C-H in-plane bending,nu(C7-H15),bond,2.019096324388594e-05,+,0.00018952560183161128,0.3414235221230458
37,1778.821961418683,,,C-O stretching,nu(O1-C2),bond,77.70596313354757,-,-0.36964139255775097,0.8458620164669524
37,1778.821961418683,,,C-O stretching,delta(C2-C3-C6),angle,5.271138103133188,-,-0.0699528458020258,1.6021382601743324
37,1778.821961418683,,,C-O stretching,tau(C2-C3-C8-C7),dihedral,4.559793862793382,-,-0.08027336755105673,1.0524673110790386
37,1778.821961418683,,,C-O stretching,delta(O1-C2-H10),angle,4.484183044262579,+,0.15038976825424427,0.29488529963383303
37,1778.821961418683,,,C-O stretching,nu(C2-C3),bond,3.199415132672698,+,0.13322178992209313,0.2681182875154984
37,1778.821961418683,,,C-O stretching,nu(C8-O9),bond,3.004786421261785,+,0.070928542551311,0.8883373187075376
37,1778.821961418683,,,C-O stretching,delta(O1-C2-C3),angle,0.8699725884395504,+,0.0603599223371175,0.3551522703295664
37,1778.821961418683,,,C-O stretching,nu(C7-C8),bond,0.30828546092961334,-,-0.03963709385084331,0.2918473837876942
37,1778.821961418683,,,C-O stretching,delta(C2-C3-C8),angle,0.19948556185834343,+,0.02876991664840764,0.3584599434968781
37,1778.821961418683,,,C-O stretching,tau(C8-C3-C4-O5),dihedral,0.14746608042831502,-,-0.01787932404933033,0.6861140562423255
37,1778.821961418683,,,C-O stretching,nu(C3-C8),bond,0.09518670109512203,-,-0.02374241454487819,0.2511498248433533
37,1778.821961418683,,,C-O stretching,nu(C2-H10),bond,0.03531647253638076,+,0.013216908495339588,0.300693419275662
37,1778.821961418683,,,C-O stretching,tau(H11-C4-O5-C6),dihedral,0.03154758088910704,+,0.015782511381177183,0.18837367530368862
37,1778.821961418683,,,C-O stretching,nu(C3-C6),bond,0.02764914934166024,+,0.010571216977506565,0.3679918254755168
37,1778.821961418683,,,C-O stretching,tau(H12-C4-O5-C6),dihedral,0.009664072611356591,-,-0.008847403897092997,0.18362628484581178
37,1778.821961418683,,,C-O stretching,delta(C4-O5-C6),angle,0.0069643569833427255,+,0.0028403516469666587,1.2839354019760134
37,1778.821961418683,,,C-O stretching,delta(C6-C7-H14),angle,0.006450994537428463,-,-0.0066194752185655195,0.2189706582567389
37,1778.821961418683,,,C-O stretching,delta(H14-C7-H15),angle,0.00564611439537024,+,0.005267776290053282,0.3026226275032689
37,1778.821961418683,,,C-O stretching,tau(C8-C3-C6-O5),dihedral,0.004908873751571288,-,-0.0028167829611597346,0.920198379056731
37,1778.821961418683,,,C-O stretching,nu(C6-H13),bond,0.004166139151985208,+,0.004223921631393204,0.3473029232767053
37,1778.821961418683,,,C-O stretching,delta(C7-C8-O9),angle,0.003889757363866919,-,-0.004027764258746385,0.3566159759628039
37,1778.821961418683,,,C-O stretching,delta(C7-C6-H13),angle,0.0036320552663659886,+,0.004297768452057429,0.2924642536055127
37,1778.821961418683,,,C-O stretching,nu(C4-O5),bond,0.003334438717887717,-,-0.003930312611931778,0.3210516610795147
37,1778.821961418683,,,C-O stretching,delta(O5-C4-H12),angle,0.002198263817378789,+,0.0037295596170045294,0.23505585592422437
37,1778.821961418683,,,C-O stretching,delta(C6-C7-H15),angle,0.0018274133175763237,-,-0.003003234694378149,0.30134543148372883
37,1778.821961418683,,,C-O stretching,delta(C8-C7-H14),angle,0.0017335791435107092,+,0.00357668930327683,0.2015522323599835
37,1778.821961418683,,,C-O stretching,nu(C3-C4),bond,0.0014770962061778075,-,-0.00280999176502347,0.2782307070559814
37,1778.821961418683,,,C-O stretching,nu(C4-H11),bond,0.0012820098944440435,+,0.002406856347293446,0.3291526891067391
37,1778.821961418683,,,C-O stretching,nu(O5-C6),bond,0.0008706728346842645,+,0.0019725750178070187,0.3328084223390359
37,1778.821961418683,,,C-O stretching,tau(C4-C3-C6-C7),dihedral,0.0005415526235864535,-,-0.0008968328733869936,1.0014378396289534
37,1778.821961418683,,,C-O stretching,"gamma(C3;C2,O1,H10)",oop,0.00034009859975579374,-,-0.002300631305618848,0.09556902705630667
37,1778.821961418683,,,C-O stretching,tau(C6-C7-C8-O9),dihedral,0.00032242929413202294,-,-0.00302075938280067,0.05255434131898353
37,1778.821961418683,,,C-O stretching,tau(H10-C2-C3-C6),dihedral,0.00020197788785941906,-,-0.006600873115069153,0.006894573854801099
37,1778.821961418683,,,C-O stretching,nu(C7-H14),bond,0.00015829991141223627,+,0.0008420009161421297,0.33209467719496233
37,1778.821961418683,,,C-O stretching,delta(C3-C6-H13),angle,9.54410590819384e-05,+,0.0007896745417837143,0.22763830690822295
37,1778.821961418683,,,C-O stretching,nu(C7-H15),bond,6.614356269359309e-05,-,-0.0005367848601976583,0.3414235221230458
37,1778.821961418683,,,C-O stretching,nu(C4-H12),bond,3.4198477921884664e-05,-,-0.000390382155639432,0.3337591898696782
37,1778.821961418683,,,C-O stretching,nu(C6-C7),bond,4.08039920678513e-06,+,0.00014328535238385904,0.2956006830977458
37,1778.821961418683,,,C-O stretching,delta(O5-C4-H11),angle,6.470020946224517e-07,+,6.296307997437617e-05,0.24273931892739395
38,1866.0619869795669,,,exocyclic C-O stretching,nu(C8-O9),bond,83.47490967288206,+,0.372321514257278,0.8883373187075376
38,1866.0619869795669,,,exocyclic C-O stretching,nu(C7-C8),bond,5.849468827835803,-,-0.17195286652682304,0.2918473837876942
38,1866.0619869795669,,,exocyclic C-O stretching,nu(C3-C8),bond,3.539566374259121,-,-0.14419084847932956,0.2511498248433533
38,1866.0619869795669,,,exocyclic C-O stretching,nu(O1-C2),bond,2.792909047588012,+,0.06979233711603194,0.8458620164669524
38,1866.0619869795669,,,exocyclic C-O stretching,tau(C8-C3-C4-O5),dihedral,1.974014073177792,-,-0.06514874751158924,0.6861140562423255
38,1866.0619869795669,,,exocyclic C-O stretching,delta(C7-C8-O9),angle,0.6666479190039082,-,-0.052514226523424225,0.3566159759628039
38,1866.0619869795669,,,exocyclic C-O stretching,delta(C2-C3-C8),angle,0.34534786260050815,+,0.03769963774542951,0.3584599434968781
38,1866.0619869795669,,,exocyclic C-O stretching,nu(C2-C3),bond,0.3423678177026841,-,-0.0434022611474782,0.2681182875154984
38,1866.0619869795669,,,exocyclic C-O stretching,delta(O1-C2-H10),angle,0.27711589400684133,-,-0.037233448620321186,0.29488529963383303
38,1866.0619869795669,,,exocyclic C-O stretching,delta(C2-C3-C6),angle,0.20949505292049997,+,0.013888840705521379,1.6021382601743324
38,1866.0619869795669,,,exocyclic C-O stretching,tau(C2-C3-C8-C7),dihedral,0.18394648508967054,-,-0.016057226954123937,1.0524673110790386
38,1866.0619869795669,,,exocyclic C-O stretching,delta(C8-C7-H14),angle,0.11274473448931842,+,0.02872654757820284,0.2015522323599835
38,1866.0619869795669,,,exocyclic C-O stretching,tau(H11-C4-O5-C6),dihedral,0.04904739183138954,-,-0.019598686242012043,0.18837367530368862
38,1866.0619869795669,,,exocyclic C-O stretching,delta(C4-O5-C6),angle,0.03727644871126866,-,-0.0065444745835075615,1.2839354019760134
38,1866.0619869795669,,,exocyclic C-O stretching,nu(C2-H10),bond,0.027944122117547827,-,-0.011708799798772125,0.300693419275662
38,1866.0619869795669,,,exocyclic C-O stretching,tau(C8-C3-C6-O5),dihedral,0.02389746090775344,-,-0.006189623815209991,0.920198379056731
38,1866.0619869795669,,,exocyclic C-O stretching,delta(H14-C7-H15),angle,0.017910252071558178,-,-0.009343923134026598,0.3026226275032689
38,1866.0619869795669,,,exocyclic C-O stretching,delta(C6-C7-H15),angle,0.015153338929753674,-,-0.008612931030055181,0.30134543148372883
38,1866.0619869795669,,,exocyclic C-O stretching,nu(O5-C6),bond,0.011744625235608866,+,0.007215252505620068,0.3328084223390359
38,1866.0619869795669,,,exocyclic C-O stretching,nu(C6-C7),bond,0.009683186413979868,-,-0.00695161219713247,0.2956006830977458
38,1866.0619869795669,,,exocyclic C-O stretching,tau(H12-C4-O5-C6),dihedral,0.00902343682856437,+,0.008514275019562902,0.18362628484581178
38,1866.0619869795669,,,exocyclic C-O stretching,nu(C6-H13),bond,0.006673026899579701,-,-0.005323978895433535,0.3473029232767053
38,1866.0619869795669,,,exocyclic C-O stretching,delta(O1-C2-C3),angle,0.0037427972822079696,-,-0.003942938125513098,0.3551522703295664
38,1866.0619869795669,,,exocyclic C-O stretching,nu(C7-H15),bond,0.0034249088547111135,-,-0.0038468645684901002,0.3414235221230458
38,1866.0619869795669,,,exocyclic C-O stretching,"gamma(C3;C2,O1,H10)",oop,0.0031296454400269054,-,-0.006950532748509651,0.09556902705630667
38,1866.0619869795669,,,exocyclic C-O stretching,delta(C7-C6-H13),angle,0.0027474116250490893,+,0.0037226703185822135,0.2924642536055127
38,1866.0619869795669,,,exocyclic C-O stretching,delta(C6-C7-H14),angle,0.0021755120611269213,-,-0.0038283963421311485,0.2189706582567389
38,1866.0619869795669,,,exocyclic C-O stretching,tau(C4-C3-C6-C7),dihedral,0.001834683558427062,-,-0.0016439844022486313,1.0014378396289534
38,1866.0619869795669,,,exocyclic C-O stretching,nu(C4-H12),bond,0.001752330079282487,-,-0.002783046408834536,0.3337591898696782
38,1866.0619869795669,,,exocyclic C-O stretching,delta(O5-C4-H12),angle,0.0016921381993541605,-,-0.0032588283372929636,0.23505585592422437
38,1866.0619869795669,,,exocyclic C-O stretching,delta(C3-C6-H13),angle,0.0011443834300662059,-,-0.002723279481613546,0.22763830690822295
38,1866.0619869795669,,,exocyclic C-O stretching,nu(C4-O5),bond,0.0003828639154723356,+,0.001326367477644527,0.3210516610795147
38,1866.0619869795669,,,exocyclic C-O stretching,tau(H10-C2-C3-C6),dihedral,0.000376330030906815,-,-0.00897345792627456,0.006894573854801099
38,1866.0619869795669,,,exocyclic C-O stretching,delta(O5-C4-H11),angle,0.0003430838311493112,-,-0.0014439733165473847,0.24273931892739395
38,1866.0619869795669,,,exocyclic C-O stretching,nu(C3-C6),bond,0.00020336745580987263,-,-0.0009029230687133182,0.3679918254755168
38,1866.0619869795669,,,exocyclic C-O stretching,nu(C4-H11),bond,0.00010752117993749778,-,-0.0006941884986031655,0.3291526891067391
38,1866.0619869795669,,,exocyclic C-O stretching,nu(C7-H14),bond,2.6028036428180102e-05,+,0.00034003126600869155,0.33209467719496233
38,1866.0619869795669,,,exocyclic C-O stretching,tau(C6-C7-C8-O9),dihedral,1.7429125354495642e-05,-,-0.000699459551311036,0.05255434131898353
38,1866.0619869795669,,,exocyclic C-O stretching,nu(C3-C4),bond,1.2514391461310913e-05,+,0.0002575914508178676,0.2782307070559814
39,2909.2003957144984,,,C-H stretching,nu(C2-H10),bond,98.45383692899884,-,-1.0363820295177777,0.300693419275662
39,2909.2003957144984,,,C-H stretching,nu(O1-C2),bond,0.3508683550258654,+,0.0368882329115442,0.8458620164669524
39,2909.2003957144984,,,C-H stretching,delta(O1-C2-C3),angle,0.33467974812640455,-,-0.055599761896768664,0.3551522703295664
39,2909.2003957144984,,,C-H stretching,delta(C2-C3-C6),angle,0.29713248785366997,+,0.024665537643435705,1.6021382601743324
39,2909.2003957144984,,,C-H stretching,tau(C2-C3-C8-C7),dihedral,0.231334025995541,+,0.02685226736644829,1.0524673110790386
39,2909.2003957144984,,,C-H stretching,delta(O1-C2-H10),angle,0.16395810798471358,+,0.042707622982136026,0.29488529963383303
39,2909.2003957144984,,,C-H stretching,nu(C2-C3),bond,0.11379045684119722,+,0.03731257442299894,0.2681182875154984
39,2909.2003957144984,,,C-H stretching,nu(C4-H11),bond,0.02794100631970491,+,0.01668736751092406,0.3291526891067391
39,2909.2003957144984,,,C-H stretching,nu(C4-H12),bond,0.01338427887170969,+,0.011469550153474705,0.3337591898696782
39,2909.2003957144984,,,C-H stretching,delta(C2-C3-C8),angle,0.008678797950204063,-,-0.008911996053487876,0.3584599434968781
39,2909.2003957144984,,,C-H stretching,nu(C8-O9),bond,0.0026636392008187438,-,-0.0031362758796726997,0.8883373187075376
39,2909.2003957144984,,,C-H stretching,nu(C7-H15),bond,0.0004328046439702379,+,0.002039223135053147,0.3414235221230458
39,2909.2003957144984,,,C-H stretching,nu(C3-C4),bond,0.00022240635669644324,-,-0.0016193345455707134,0.2782307070559814
39,2909.2003957144984,,,C-H stretching,nu(C6-H13),bond,0.00018872859976406753,+,0.0013351502828770681,0.3473029232767053
39,2909.2003957144984,,,C-H stretching,nu(C3-C8),bond,0.00017291591765325267,+,0.0015028531976789563,0.2511498248433533
39,2909.2003957144984,,,C-H stretching,nu(C3-C6),bond,0.0001717099057181766,+,0.0012372119377199076,0.3679918254755168
39,2909.2003957144984,,,C-H stretching,nu(C7-C8),bond,0.000112382982486107,+,0.0011239264378042706,0.2918473837876942
39,2909.2003957144984,,,C-H stretching,nu(O5-C6),bond,7.593403220897202e-05,-,-0.0008651403930598277,0.3328084223390359
39,2909.2003957144984,,,C-H stretching,tau(C8-C3-C6-O5),dihedral,7.199797540438249e-05,-,-0.0005066230238914605,0.920198379056731
39,2909.2003957144984,,,C-H stretching,delta(C7-C8-O9),angle,5.251085279280499e-05,+,0.0006950077553853947,0.3566159759628039
39,2909.2003957144984,,,C-H stretching,delta(C8-C7-H14),angle,3.880589695867149e-05,-,-0.0007947317604144569,0.2015522323599835
39,2909.2003957144984,,,C-H stretching,tau(H12-C4-O5-C6),dihedral,3.7793241250916375e-05,-,-0.0008216846212367748,0.18362628484581178
39,2909.2003957144984,,,C-H stretching,tau(C4-C3-C6-C7),dihedral,2.028049921264374e-05,+,0.000257746534382138,1.0014378396289534
39,2909.2003957144984,,,C-H stretching,delta(O5-C4-H11),angle,1.9737039386951458e-05,+,0.0005164597158928757,0.24273931892739395
39,2909.2003957144984,,,C-H stretching,delta(C3-C6-H13),angle,1.836496392556299e-05,-,-0.0005144437306887305,0.22763830690822295
39,2909.2003957144984,,,C-H stretching,delta(C6-C7-H15),angle,1.6311263290627314e-05,-,-0.0004213829951680474,0.30134543148372883
39,2909.2003957144984,,,C-H stretching,nu(C4-O5),bond,1.1392451815146884e-05,-,-0.000341182425419258,0.3210516610795147
39,2909.2003957144984,,,C-H stretching,tau(C6-C7-C8-O9),dihedral,1.003059639534225e-05,+,0.0007912698025454129,0.05255434131898353
39,2909.2003957144984,,,C-H stretching,tau(C8-C3-C4-O5),dihedral,9.085641422597406e-06,+,0.00020842276384858458,0.6861140562423255
39,2909.2003957144984,,,C-H stretching,nu(C7-H14),bond,8.986676977211624e-06,+,0.00029794364115208645,0.33209467719496233
39,2909.2003957144984,,,C-H stretching,"gamma(C3;C2,O1,H10)",oop,8.594078652081595e-06,+,0.0005431335022087976,0.09556902705630667
39,2909.2003957144984,,,C-H stretching,nu(C6-C7),bond,8.45384726159143e-06,-,-0.00030629506143178327,0.2956006830977458
39,2909.2003957144984,,,C-H stretching,tau(H11-C4-O5-C6),dihedral,5.6029270539851145e-06,+,0.00031236537777667647,0.18837367530368862
39,2909.2003957144984,,,C-H stretching,delta(C7-C6-H13),angle,5.550202085802033e-06,+,0.00024950744831529645,0.2924642536055127
39,2909.2003957144984,,,C-H stretching,delta(C4-O5-C6),angle,4.801067891664695e-06,+,0.00011075487452125956,1.2839354019760134
39,2909.2003957144984,,,C-H stretching,tau(H10-C2-C3-C6),dihedral,2.557026379613476e-06,+,0.0011030098805982268,0.006894573854801099
39,2909.2003957144984,,,C-H stretching,delta(C6-C7-H14),angle,2.2932824517646972e-06,+,0.00018535372766805846,0.2189706582567389
39,2909.2003957144984,,,C-H stretching,delta(H14-C7-H15),angle,1.5227419152469494e-06,+,0.00012847776262331264,0.3026226275032689
39,2909.2003957144984,,,C-H stretching,delta(O5-C4-H12),angle,6.121203238571926e-07,+,9.242689737841872e-05,0.23505585592422437
40,3033.697808045792,,,ring-site C-H stretching,nu(C4-H11),bond,68.90418038229787,+,0.8533529421160659,0.3291526891067391
40,3033.697808045792,,,ring-site C-H stretching,nu(C4-H12),bond,30.309314475239105,+,0.5620514194297543,0.3337591898696782
40,3033.697808045792,,,ring-site C-H stretching,nu(C7-H14),bond,0.19331577756070167,-,-0.044999459902156584,0.33209467719496233
40,3033.697808045792,,,ring-site C-H stretching,nu(C3-C4),bond,0.17094742383822864,-,-0.046231007589709584,0.2782307070559814
40,3033.697808045792,,,ring-site C-H stretching,nu(C4-O5),bond,0.11976770902881487,-,-0.03602359230287963,0.3210516610795147
40,3033.697808045792,,,ring-site C-H stretching,delta(C4-O5-C6),angle,0.11387260076811559,-,-0.017564777035572784,1.2839354019760134
40,3033.697808045792,,,ring-site C-H stretching,nu(C6-H13),bond,0.04326738207673986,-,-0.020817601858203152,0.3473029232767053
40,3033.697808045792,,,ring-site C-H stretching,nu(C2-H10),bond,0.03584480103106364,+,0.02036365513735172,0.300693419275662
40,3033.697808045792,,,ring-site C-H stretching,nu(C7-H15),bond,0.03348151096320171,-,-0.018469724337853398,0.3414235221230458
40,3033.697808045792,,,ring-site C-H stretching,tau(H12-C4-O5-C6),dihedral,0.03032686925201608,+,0.023969058424555826,0.18362628484581178
40,3033.697808045792,,,ring-site C-H stretching,tau(C4-C3-C6-C7),dihedral,0.014142595995551229,-,-0.0070090180326302905,1.0014378396289534
40,3033.697808045792,,,ring-site C-H stretching,delta(O5-C4-H11),angle,0.012070979115772838,-,-0.013152423761804834,0.24273931892739395
40,3033.697808045792,,,ring-site C-H stretching,tau(H11-C4-O5-C6),dihedral,0.009512681460152064,-,-0.013253969896928283,0.18837367530368862
40,3033.697808045792,,,ring-site C-H stretching,delta(O5-C4-H12),angle,0.0034491243595326775,+,0.007144527256368619,0.23505585592422437
40,3033.697808045792,,,ring-site C-H stretching,tau(C8-C3-C4-O5),dihedral,0.0016806209325755854,+,0.0029190486572379165,0.6861140562423255
40,3033.697808045792,,,ring-site C-H stretching,nu(C6-C7),bond,0.001097243359125732,+,0.0035933818692676298,0.2956006830977458
40,3033.697808045792,,,ring-site C-H stretching,tau(C2-C3-C8-C7),dihedral,0.0007127273670365055,-,-0.0015348361441544875,1.0524673110790386
40,3033.697808045792,,,ring-site C-H stretching,delta(C7-C6-H13),angle,0.0005657972544101978,-,-0.0025941711794962652,0.2924642536055127
40,3033.697808045792,,,ring-site C-H stretching,delta(O1-C2-H10),angle,0.00038476221885538425,-,-0.0021304642801769635,0.29488529963383303
40,3033.697808045792,,,ring-site C-H stretching,nu(C7-C8),bond,0.00032903227141511823,+,0.0019803682450876513,0.2918473837876942
40,3033.697808045792,,,ring-site C-H stretching,delta(C2-C3-C6),angle,0.0003030669365679667,-,-0.0008111924352339273,1.6021382601743324
40,3033.697808045792,,,ring-site C-H stretching,delta(H14-C7-H15),angle,0.00026123203949448236,+,0.0017328745762146356,0.3026226275032689
40,3033.697808045792,,,ring-site C-H stretching,delta(O1-C2-C3),angle,0.00021656809381896759,+,0.0014564465385589612,0.3551522703295664
40,3033.697808045792,,,ring-site C-H stretching,nu(C2-C3),bond,0.00020681167278877968,-,-0.0016380566365585287,0.2681182875154984
40,3033.697808045792,,,ring-site C-H stretching,nu(C8-O9),bond,0.00020483291653318578,+,0.0008956029784692572,0.8883373187075376
40,3033.697808045792,,,ring-site C-H stretching,delta(C7-C8-O9),angle,0.0001389102729536782,-,-0.0011640493512192302,0.3566159759628039
40,3033.697808045792,,,ring-site C-H stretching,delta(C6-C7-H15),angle,0.00010309000167927382,-,-0.0010908890332815546,0.30134543148372883
40,3033.697808045792,,,ring-site C-H stretching,nu(O5-C6),bond,6.261177190913678e-05,-,-0.0008089756532600389,0.3328084223390359
40,3033.697808045792,,,ring-site C-H stretching,tau(C8-C3-C6-O5),dihedral,5.048906208848295e-05,+,0.000436880366576727,0.920198379056731
40,3033.697808045792,,,ring-site C-H stretching,delta(C6-C7-H14),angle,4.6529795215248036e-05,+,0.0008597599625608258,0.2189706582567389
40,3033.697808045792,,,ring-site C-H stretching,nu(C3-C6),bond,3.9194930653969204e-05,+,0.0006086960350567022,0.3679918254755168
40,3033.697808045792,,,ring-site C-H stretching,delta(C3-C6-H13),angle,3.876857158030061e-05,+,0.0007697006172654115,0.22763830690822295
40,3033.697808045792,,,ring-site C-H stretching,nu(C3-C8),bond,2.7658527961579063e-05,-,-0.0006189459132703305,0.2511498248433533
40,3033.697808045792,,,ring-site C-H stretching,delta(C8-C7-H14),angle,1.9202922911803824e-05,+,0.0005756976693259623,0.2015522323599835
40,3033.697808045792,,,ring-site C-H stretching,nu(O1-C2),bond,1.100548029178452e-05,+,0.00021274499261621075,0.8458620164669524
40,3033.697808045792,,,ring-site C-H stretching,delta(C2-C3-C8),angle,4.698962065234191e-06,+,0.00021354296171413386,0.3584599434968781
40,3033.697808045792,,,ring-site C-H stretching,tau(C6-C7-C8-O9),dihedral,6.421857963097046e-07,-,-0.0002061724622351741,0.05255434131898353
40,3033.697808045792,,,ring-site C-H stretching,tau(H10-C2-C3-C6),dihedral,1.207663459621267e-07,+,0.0002468447286274208,0.006894573854801099
40,3033.697808045792,,,ring-site C-H stretching,"gamma(C3;C2,O1,H10)",oop,6.86990774831203e-08,+,5.000592654741405e-05,0.09556902705630667
41,3047.862699263481,,,ring-site C-H stretching,nu(C7-H14),bond,80.6896697453082,-,-0.9270168244955556,0.33209467719496233
41,3047.862699263481,,,ring-site C-H stretching,nu(C7-H15),bond,18.208795997480784,-,-0.4343136717596841,0.3414235221230458
41,3047.862699263481,,,ring-site C-H stretching,nu(C6-H13),bond,0.28589055268914587,+,0.05395793087113439,0.3473029232767053
41,3047.862699263481,,,ring-site C-H stretching,nu(C6-C7),bond,0.15508869630005614,+,0.04307714981610257,0.2956006830977458
41,3047.862699263481,,,ring-site C-H stretching,nu(C7-C8),bond,0.14106674425833246,+,0.041347001898540334,0.2918473837876942
41,3047.862699263481,,,ring-site C-H stretching,nu(C4-H11),bond,0.1380735763120632,-,-0.038518218093640755,0.3291526891067391
41,3047.862699263481,,,ring-site C-H stretching,delta(H14-C7-H15),angle,0.11542211283638716,+,0.036728518925218466,0.3026226275032689
41,3047.862699263481,,,ring-site C-H stretching,nu(C4-H12),bond,0.07110846301870881,-,-0.027450713315075745,0.3337591898696782
41,3047.862699263481,,,ring-site C-H stretching,tau(C4-C3-C6-C7),dihedral,0.05195763654075669,+,0.01354635023185617,1.0014378396289534
41,3047.862699263481,,,ring-site C-H stretching,tau(C2-C3-C8-C7),dihedral,0.046899319064371836,-,-0.012554186190676563,1.0524673110790386
41,3047.862699263481,,,ring-site C-H stretching,delta(C7-C6-H13),angle,0.03472412806824899,-,-0.020492214034203624,0.2924642536055127
41,3047.862699263481,,,ring-site C-H stretching,delta(C6-C7-H15),angle,0.03057127036210598,-,-0.018942358062284198,0.30134543148372883
41,3047.862699263481,,,ring-site C-H stretching,delta(C7-C8-O9),angle,0.01987051785463911,-,-0.014038276752885383,0.3566159759628039
41,3047.862699263481,,,ring-site C-H stretching,delta(C6-C7-H14),angle,0.0060466077684108235,+,0.00988263012814174,0.2189706582567389
41,3047.862699263481,,,ring-site C-H stretching,delta(C8-C7-H14),angle,0.0022455583738431335,+,0.0062773735465562076,0.2015522323599835
41,3047.862699263481,,,ring-site C-H stretching,nu(C3-C6),bond,0.000560416512182743,-,-0.002320844165292144,0.3679918254755168
41,3047.862699263481,,,ring-site C-H stretching,nu(C2-H10),bond,0.0003486641078904874,-,-0.002025122338201912,0.300693419275662
41,3047.862699263481,,,ring-site C-H stretching,delta(C2-C3-C6),angle,0.0003432003858662874,+,0.0008704292817363101,1.6021382601743324
41,3047.862699263481,,,ring-site C-H stretching,nu(C4-O5),bond,0.00028935129677319356,+,0.001785397246242226,0.3210516610795147
41,3047.862699263481,,,ring-site C-H stretching,nu(C3-C4),bond,0.00028352852096737245,+,0.001898477485794398,0.2782307070559814
41,3047.862699263481,,,ring-site C-H stretching,tau(C8-C3-C6-O5),dihedral,0.00020658505875828864,-,-0.0008910833455583449,0.920198379056731
41,3047.862699263481,,,ring-site C-H stretching,nu(O5-C6),bond,0.00018545013152012138,-,-0.0014038671871770768,0.3328084223390359
41,3047.862699263481,,,ring-site C-H stretching,tau(H12-C4-O5-C6),dihedral,0.00016068544880819694,-,-0.0017592617322469974,0.18362628484581178
41,3047.862699263481,,,ring-site C-H stretching,delta(C3-C6-H13),angle,5.502736296969052e-05,+,0.0009246476745288808,0.22763830690822295
41,3047.862699263481,,,ring-site C-H stretching,nu(C8-O9),bond,4.4247530944671006e-05,-,-0.0004197253229980664,0.8883373187075376
41,3047.862699263481,,,ring-site C-H stretching,nu(C3-C8),bond,4.01218542238479e-05,+,0.0007516811554931056,0.2511498248433533
41,3047.862699263481,,,ring-site C-H stretching,delta(C4-O5-C6),angle,1.2817150495211168e-05,-,-0.00018790301975201633,1.2839354019760134
41,3047.862699263481,,,ring-site C-H stretching,delta(C2-C3-C8),angle,1.0424907702705092e-05,-,-0.00032071952349330515,0.3584599434968781
41,3047.862699263481,,,ring-site C-H stretching,nu(O1-C2),bond,1.0360013058742829e-05,-,-0.00020813254485841924,0.8458620164669524
41,3047.862699263481,,,ring-site C-H stretching,delta(O1-C2-H10),angle,9.27998937704712e-06,+,0.00033362361410383236,0.29488529963383303
41,3047.862699263481,,,ring-site C-H stretching,delta(O5-C4-H12),angle,6.668035477314504e-06,-,-0.00031675466378097635,0.23505585592422437
41,3047.862699263481,,,ring-site C-H stretching,"gamma(C3;C2,O1,H10)",oop,1.6519783788087902e-06,+,0.00024725962247683825,0.09556902705630667
41,3047.862699263481,,,ring-site C-H stretching,delta(O1-C2-C3),angle,2.395045686587207e-07,-,-4.883815041971784e-05,0.3551522703295664
41,3047.862699263481,,,ring-site C-H stretching,nu(C2-C3),bond,1.0218753071076428e-07,-,-3.671515268969077e-05,0.2681182875154984
41,3047.862699263481,,,ring-site C-H stretching,delta(O5-C4-H11),angle,1.0009478850991419e-07,+,3.818961439636609e-05,0.24273931892739395
41,3047.862699263481,,,ring-site C-H stretching,tau(H11-C4-O5-C6),dihedral,8.562420641813587e-08,+,4.009569804822101e-05,0.18837367530368862
41,3047.862699263481,,,ring-site C-H stretching,tau(C8-C3-C4-O5),dihedral,5.591786089295453e-08,-,-1.697800749677747e-05,0.6861140562423255
41,3047.862699263481,,,ring-site C-H stretching,tau(H10-C2-C3-C6),dihedral,6.380347608916699e-09,+,5.7210805273134236e-05,0.006894573854801099
41,3047.862699263481,,,ring-site C-H stretching,tau(C6-C7-C8-O9),dihedral,3.769239853722531e-09,-,-1.592693447205724e-05,0.05255434131898353
42,3088.895802373985,,,mixed-phase ring-site C-H stretching,nu(C4-H12),bond,68.44809005483101,-,-0.8703854440701188,0.3337591898696782
42,3088.895802373985,,,mixed-phase ring-site C-H stretching,nu(C4-H11),bond,30.629504538277086,+,0.5862985913257109,0.3291526891067391
42,3088.895802373985,,,mixed-phase ring-site C-H stretching,tau(C4-C3-C6-C7),dihedral,0.2597144119122446,-,-0.03095163497371442,1.0014378396289534
42,3088.895802373985,,,mixed-phase ring-site C-H stretching,tau(C8-C3-C4-O5),dihedral,0.2558761813625593,+,0.03711627131266187,0.6861140562423255
42,3088.895802373985,,,mixed-phase ring-site C-H stretching,delta(O5-C4-H11),angle,0.15262838435312207,-,-0.04819424239218549,0.24273931892739395
42,3088.895802373985,,,mixed-phase ring-site C-H stretching,delta(O5-C4-H12),angle,0.1454539757662137,+,0.047810669947648404,0.23505585592422437
42,3088.895802373985,,,mixed-phase ring-site C-H stretching,tau(H11-C4-O5-C6),dihedral,0.04015141498277949,+,0.028060014458080595,0.18837367530368862
42,3088.895802373985,,,mixed-phase ring-site C-H stretching,tau(H12-C4-O5-C6),dihedral,0.024515207348713323,+,0.022207410998744043,0.18362628484581178
42,3088.895802373985,,,mixed-phase ring-site C-H stretching,delta(C4-O5-C6),angle,0.015844253704337927,+,0.006751680391725031,1.2839354019760134
42,3088.895802373985,,,mixed-phase ring-site C-H stretching,nu(C3-C4),bond,0.013070588647969974,+,0.013173240248539404,0.2782307070559814
42,3088.895802373985,,,mixed-phase ring-site C-H stretching,nu(C4-O5),bond,0.00843962349501104,+,0.00985420616764369,0.3210516610795147
42,3088.895802373985,,,mixed-phase ring-site C-H stretching,nu(C6-H13),bond,0.004271803085726163,-,-0.006740606297297125,0.3473029232767053
42,3088.895802373985,,,mixed-phase ring-site C-H stretching,nu(C7-H15),bond,0.001777176001648358,+,0.004384964376950089,0.3414235221230458
42,3088.895802373985,,,mixed-phase ring-site C-H stretching,nu(C8-O9),bond,0.00020378326192042399,-,-0.0009205404353328976,0.8883373187075376
42,3088.895802373985,,,mixed-phase ring-site C-H stretching,nu(C3-C6),bond,9.682208733620897e-05,+,0.0009858610384283104,0.3679918254755168
42,3088.895802373985,,,mixed-phase ring-site C-H stretching,delta(C7-C6-H13),angle,8.6509989947435e-05,+,0.0010453080702477833,0.2924642536055127
42,3088.895802373985,,,mixed-phase ring-site C-H stretching,nu(C7-H14),bond,3.8269905269460674e-05,-,-0.0006524470995766472,0.33209467719496233
42,3088.895802373985,,,mixed-phase ring-site C-H stretching,nu(O1-C2),bond,3.567851239494064e-05,+,0.00039473094661856466,0.8458620164669524
42,3088.895802373985,,,mixed-phase ring-site C-H stretching,delta(C3-C6-H13),angle,3.1793778940571006e-05,-,-0.0007182836326134604,0.22763830690822295
42,3088.895802373985,,,mixed-phase ring-site C-H stretching,nu(O5-C6),bond,2.855064533628436e-05,+,0.0005629351654178928,0.3328084223390359
42,3088.895802373985,,,mixed-phase ring-site C-H stretching,nu(C2-C3),bond,2.8170238532297548e-05,-,-0.0006229879010737628,0.2681182875154984
42,3088.895802373985,,,mixed-phase ring-site C-H stretching,nu(C3-C8),bond,2.5881209631012312e-05,+,0.0006169833070739854,0.2511498248433533
42,3088.895802373985,,,mixed-phase ring-site C-H stretching,nu(C6-C7),bond,2.548963102183806e-05,-,-0.0005643865122182125,0.2956006830977458
42,3088.895802373985,,,mixed-phase ring-site C-H stretching,nu(C2-H10),bond,1.4105306809799193e-05,-,-0.00041627168922041735,0.300693419275662
42,3088.895802373985,,,mixed-phase ring-site C-H stretching,delta(C2-C3-C6),angle,1.0938544218677875e-05,+,0.00015880981363842263,1.6021382601743324
42,3088.895802373985,,,mixed-phase ring-site C-H stretching,delta(C8-C7-H14),angle,9.353017607536777e-06,+,0.00041402792901853926,0.2015522323599835
42,3088.895802373985,,,mixed-phase ring-site C-H stretching,tau(C6-C7-C8-O9),dihedral,4.978311316177314e-06,-,-0.0005915402434467964,0.05255434131898353
42,3088.895802373985,,,mixed-phase ring-site C-H stretching,delta(C7-C8-O9),angle,4.5756099507376985e-06,+,0.00021770663690978388,0.3566159759628039
42,3088.895802373985,,,mixed-phase ring-site C-H stretching,delta(C6-C7-H14),angle,4.503852034516752e-06,-,-0.00027564280690846045,0.2189706582567389
42,3088.895802373985,,,mixed-phase ring-site C-H stretching,tau(C8-C3-C6-O5),dihedral,3.3860065276504005e-06,-,-0.0001165871623970533,0.920198379056731
42,3088.895802373985,,,mixed-phase ring-site C-H stretching,delta(O1-C2-H10),angle,2.2420799268613524e-06,-,-0.00016758940241251737,0.29488529963383303
42,3088.895802373985,,,mixed-phase ring-site C-H stretching,tau(C2-C3-C8-C7),dihedral,1.7956574997262822e-06,-,-7.938802770474035e-05,1.0524673110790386
42,3088.895802373985,,,mixed-phase ring-site C-H stretching,nu(C7-C8),bond,1.7172757863068755e-06,+,0.00014743129814907767,0.2918473837876942
42,3088.895802373985,,,mixed-phase ring-site C-H stretching,delta(C2-C3-C8),angle,1.3371022583102936e-06,+,0.00011738417818694598,0.3584599434968781
42,3088.895802373985,,,mixed-phase ring-site C-H stretching,delta(H14-C7-H15),angle,1.1151222839292042e-06,+,0.00011666970965317588,0.3026226275032689
42,3088.895802373985,,,mixed-phase ring-site C-H stretching,delta(O1-C2-C3),angle,4.6435487758184123e-07,-,-6.949687505435784e-05,0.3551522703295664
42,3088.895802373985,,,mixed-phase ring-site C-H stretching,delta(C6-C7-H15),angle,3.8279573983079783e-07,-,-6.850129955098364e-05,0.30134543148372883
42,3088.895802373985,,,mixed-phase ring-site C-H stretching,"gamma(C3;C2,O1,H10)",oop,3.3100001416761775e-07,+,0.00011311051830890862,0.09556902705630667
42,3088.895802373985,,,mixed-phase ring-site C-H stretching,tau(H10-C2-C3-C6),dihedral,2.109344245313203e-07,-,-0.0003361766814735091,0.006894573854801099
43,3119.3846848394573,,,mixed-phase ring-site C-H stretching,nu(C7-H15),bond,80.35219564266373,-,-0.9404453428708621,0.3414235221230458
43,3119.3846848394573,,,mixed-phase ring-site C-H stretching,nu(C7-H14),bond,18.339063199031102,+,0.45555311560360834,0.33209467719496233
43,3119.3846848394573,,,mixed-phase ring-site C-H stretching,nu(C6-H13),bond,0.4225243944814154,-,-0.06761656115444711,0.3473029232767053
43,3119.3846848394573,,,mixed-phase ring-site C-H stretching,tau(C4-C3-C6-C7),dihedral,0.22755115653887717,-,-0.0292219322781124,1.0014378396289534
43,3119.3846848394573,,,mixed-phase ring-site C-H stretching,tau(C2-C3-C8-C7),dihedral,0.21723650689176457,+,0.027851173741748374,1.0524673110790386
43,3119.3846848394573,,,mixed-phase ring-site C-H stretching,delta(C6-C7-H15),angle,0.1192493705131632,+,0.03856356245876692,0.30134543148372883
43,3119.3846848394573,,,mixed-phase ring-site C-H stretching,delta(C6-C7-H14),angle,0.1151788861852268,-,-0.044460555061285496,0.2189706582567389
43,3119.3846848394573,,,mixed-phase ring-site C-H stretching,delta(C8-C7-H14),angle,0.0809227546761087,-,-0.038843908972146346,0.2015522323599835
43,3119.3846848394573,,,mixed-phase ring-site C-H stretching,nu(C6-C7),bond,0.04376762275091041,+,0.02358876303214615,0.2956006830977458
43,3119.3846848394573,,,mixed-phase ring-site C-H stretching,nu(C7-C8),bond,0.03683679539307938,+,0.021779325401653192,0.2918473837876942
43,3119.3846848394573,,,mixed-phase ring-site C-H stretching,delta(C7-C6-H13),angle,0.020224655407810613,+,0.016120762298908974,0.2924642536055127
43,3119.3846848394573,,,mixed-phase ring-site C-H stretching,delta(H14-C7-H15),angle,0.011955378670329224,+,0.01218463079877042,0.3026226275032689
43,3119.3846848394573,,,mixed-phase ring-site C-H stretching,delta(C7-C8-O9),angle,0.006650233112822546,-,-0.008371425987712152,0.3566159759628039
43,3119.3846848394573,,,mixed-phase ring-site C-H stretching,nu(C3-C6),bond,0.0014315685807061863,+,0.0038235643032777595,0.3679918254755168
43,3119.3846848394573,,,mixed-phase ring-site C-H stretching,delta(C2-C3-C6),angle,0.001224062266460351,-,-0.0016944671911676848,1.6021382601743324
43,3119.3846848394573,,,mixed-phase ring-site C-H stretching,tau(C8-C3-C6-O5),dihedral,0.0007393949693838081,+,0.0017377164756820717,0.920198379056731
43,3119.3846848394573,,,mixed-phase ring-site C-H stretching,nu(C4-H11),bond,0.0006858166039427059,+,0.0027982512017002996,0.3291526891067391
43,3119.3846848394573,,,mixed-phase ring-site C-H stretching,nu(C4-H12),bond,0.0006568396990033142,-,-0.0027195339538426603,0.3337591898696782
43,3119.3846848394573,,,mixed-phase ring-site C-H stretching,delta(C4-O5-C6),angle,0.0006079342489583842,+,0.0013339456141837403,1.2839354019760134
43,3119.3846848394573,,,mixed-phase ring-site C-H stretching,nu(C8-O9),bond,0.00043122764154361246,-,-0.001350659094178978,0.8883373187075376
43,3119.3846848394573,,,mixed-phase ring-site C-H stretching,nu(C2-H10),bond,0.0002396750942052321,-,-0.0017307362762470344,0.300693419275662
43,3119.3846848394573,,,mixed-phase ring-site C-H stretching,tau(H11-C4-O5-C6),dihedral,0.00023592395145154445,+,0.0021694883191039033,0.18837367530368862
43,3119.3846848394573,,,mixed-phase ring-site C-H stretching,delta(C3-C6-H13),angle,0.0001284693765840061,+,0.0014563257881597153,0.22763830690822295
43,3119.3846848394573,,,mixed-phase ring-site C-H stretching,tau(H12-C4-O5-C6),dihedral,0.00011772543363477323,+,0.0015522051878669805,0.18362628484581178
43,3119.3846848394573,,,mixed-phase ring-site C-H stretching,nu(C3-C8),bond,4.656826465800552e-05,+,0.0008347568517229227,0.2511498248433533
43,3119.3846848394573,,,mixed-phase ring-site C-H stretching,nu(O5-C6),bond,4.358753387484165e-05,+,0.0007015609375047279,0.3328084223390359
43,3119.3846848394573,,,mixed-phase ring-site C-H stretching,tau(C8-C3-C4-O5),dihedral,1.684779804718689e-05,+,0.00030377695232270357,0.6861140562423255
43,3119.3846848394573,,,mixed-phase ring-site C-H stretching,nu(C3-C4),bond,1.234562144565082e-05,-,-0.0004083526265431887,0.2782307070559814
43,3119.3846848394573,,,mixed-phase ring-site C-H stretching,delta(C2-C3-C8),angle,8.983351119536714e-06,-,-0.0003068882610757041,0.3584599434968781
43,3119.3846848394573,,,mixed-phase ring-site C-H stretching,tau(C6-C7-C8-O9),dihedral,4.756191139770049e-06,-,-0.0005831855520315409,0.05255434131898353
43,3119.3846848394573,,,mixed-phase ring-site C-H stretching,delta(O1-C2-H10),angle,4.492706902269523e-06,+,0.00023928137017547959,0.29488529963383303
43,3119.3846848394573,,,mixed-phase ring-site C-H stretching,"gamma(C3;C2,O1,H10)",oop,3.5955163593243855e-06,+,0.00037601351693363193,0.09556902705630667
43,3119.3846848394573,,,mixed-phase ring-site C-H stretching,delta(O1-C2-C3),angle,1.1502642072745476e-06,+,0.00011032473943959981,0.3551522703295664
43,3119.3846848394573,,,mixed-phase ring-site C-H stretching,delta(O5-C4-H12),angle,7.925387045485837e-07,+,0.0001125657081297916,0.23505585592422437
43,3119.3846848394573,,,mixed-phase ring-site C-H stretching,tau(H10-C2-C3-C6),dihedral,7.202317608532241e-07,+,0.000626561673073931,0.006894573854801099
43,3119.3846848394573,,,mixed-phase ring-site C-H stretching,nu(C2-C3),bond,4.520861942790341e-07,-,-7.960288520156784e-05,0.2681182875154984
43,3119.3846848394573,,,mixed-phase ring-site C-H stretching,nu(C4-O5),bond,4.4876847507094546e-07,+,7.247781881344193e-05,0.3210516610795147
43,3119.3846848394573,,,mixed-phase ring-site C-H stretching,nu(O1-C2),bond,2.49448977497746e-08,+,1.0527433515675663e-05,0.8458620164669524
43,3119.3846848394573,,,mixed-phase ring-site C-H stretching,delta(O5-C4-H11),angle,1.1453346752719374e-14,-,-1.3316115244923228e-08,0.24273931892739395
44,3139.5711491772245,,,ring-site C-H stretching,nu(C6-H13),bond,98.12408066668048,+,1.0329184615281737,0.3473029232767053
44,3139.5711491772245,,,ring-site C-H stretching,nu(C7-H14),bond,0.5258106565311212,+,0.07732433489946006,0.33209467719496233
44,3139.5711491772245,,,ring-site C-H stretching,delta(C2-C3-C6),angle,0.24075820069761894,+,0.023821714056580175,1.6021382601743324
44,3139.5711491772245,,,ring-site C-H stretching,nu(C3-C6),bond,0.23095979582202486,-,-0.04868347456281139,0.3679918254755168
44,3139.5711491772245,,,ring-site C-H stretching,nu(C6-C7),bond,0.15259598297496726,-,-0.04415209267293926,0.2956006830977458
44,3139.5711491772245,,,ring-site C-H stretching,nu(C7-H15),bond,0.13952491570845282,-,-0.03928363109481671,0.3414235221230458
44,3139.5711491772245,,,ring-site C-H stretching,tau(C8-C3-C6-O5),dihedral,0.13014557239223204,-,-0.023110344830658536,0.920198379056731
44,3139.5711491772245,,,ring-site C-H stretching,delta(C4-O5-C6),angle,0.10261060739056253,-,-0.017372287217449083,1.2839354019760134
44,3139.5711491772245,,,ring-site C-H stretching,tau(C4-C3-C6-C7),dihedral,0.08165351410227853,+,0.017547202988762983,1.0014378396289534
44,3139.5711491772245,,,ring-site C-H stretching,nu(O5-C6),bond,0.07699093757358859,-,-0.029556643184019578,0.3328084223390359
44,3139.5711491772245,,,ring-site C-H stretching,nu(C4-H11),bond,0.047123784630111805,+,0.023251653166409786,0.3291526891067391
44,3139.5711491772245,,,ring-site C-H stretching,delta(C7-C6-H13),angle,0.029595442230138807,-,-0.01954827678358084,0.2924642536055127
44,3139.5711491772245,,,ring-site C-H stretching,delta(C6-C7-H14),angle,0.028080824481154565,+,0.022006168004697523,0.2189706582567389
44,3139.5711491772245,,,ring-site C-H stretching,tau(H11-C4-O5-C6),dihedral,0.027530528947926666,-,-0.02349252138700928,0.18837367530368862
44,3139.5711491772245,,,ring-site C-H stretching,delta(C3-C6-H13),angle,0.025701790207230082,-,-0.02064864094350891,0.22763830690822295
44,3139.5711491772245,,,ring-site C-H stretching,tau(H12-C4-O5-C6),dihedral,0.02177429585923862,-,-0.021161044219316444,0.18362628484581178
44,3139.5711491772245,,,ring-site C-H stretching,nu(C4-H12),bond,0.004290454321282552,+,0.006967347692009566,0.3337591898696782
44,3139.5711491772245,,,ring-site C-H stretching,tau(C6-C7-C8-O9),dihedral,0.0038329874262610693,+,0.01659574898368646,0.05255434131898353
44,3139.5711491772245,,,ring-site C-H stretching,tau(C2-C3-C8-C7),dihedral,0.0028762507583507606,+,0.0032124880726214613,1.0524673110790386
44,3139.5711491772245,,,ring-site C-H stretching,delta(C8-C7-H14),angle,0.0007015752333481688,-,-0.003625565679426756,0.2015522323599835
44,3139.5711491772245,,,ring-site C-H stretching,nu(O1-C2),bond,0.0005897014461792643,+,0.0016225526327580833,0.8458620164669524
44,3139.5711491772245,,,ring-site C-H stretching,delta(H14-C7-H15),angle,0.0005594471401033686,-,-0.0026421732351335054,0.3026226275032689
44,3139.5711491772245,,,ring-site C-H stretching,delta(C6-C7-H15),angle,0.0005125951642597647,-,-0.0025344714606251153,0.30134543148372883
44,3139.5711491772245,,,ring-site C-H stretching,nu(C8-O9),bond,0.0003865832435283331,+,0.0012819320865170155,0.8883373187075376
44,3139.5711491772245,,,ring-site C-H stretching,nu(C7-C8),bond,0.0002362120359550698,-,-0.0017482581757498866,0.2918473837876942
44,3139.5711491772245,,,ring-site C-H stretching,nu(C4-O5),bond,0.0002267930715187791,-,-0.0016332771623645901,0.3210516610795147
44,3139.5711491772245,,,ring-site C-H stretching,nu(C2-H10),bond,0.00019315093718867276,+,0.0015574671910865933,0.300693419275662
44,3139.5711491772245,,,ring-site C-H stretching,delta(O5-C4-H12),angle,0.00014332847959220565,+,0.001517445730677755,0.23505585592422437
44,3139.5711491772245,,,ring-site C-H stretching,tau(C8-C3-C4-O5),dihedral,0.00013672520065018576,+,0.0008674782307863802,0.6861140562423255
44,3139.5711491772245,,,ring-site C-H stretching,delta(O1-C2-H10),angle,0.00012868819882294968,-,-0.0012837346344000604,0.29488529963383303
44,3139.5711491772245,,,ring-site C-H stretching,nu(C3-C4),bond,8.425391038115681e-05,-,-0.0010693625292097708,0.2782307070559814
44,3139.5711491772245,,,ring-site C-H stretching,delta(O1-C2-C3),angle,5.337980449659721e-05,-,-0.0007533792431548241,0.3551522703295664
44,3139.5711491772245,,,ring-site C-H stretching,nu(C3-C8),bond,3.4991798296463206e-05,-,-0.0007253525631704356,0.2511498248433533
44,3139.5711491772245,,,ring-site C-H stretching,tau(H10-C2-C3-C6),dihedral,3.0296986619938833e-05,-,-0.004073600752550466,0.006894573854801099
44,3139.5711491772245,,,ring-site C-H stretching,nu(C2-C3),bond,1.7005990171601217e-05,-,-0.0004894070285791578,0.2681182875154984
44,3139.5711491772245,,,ring-site C-H stretching,delta(O5-C4-H11),angle,1.4402099696185669e-05,-,-0.0004733422824767499,0.24273931892739395
44,3139.5711491772245,,,ring-site C-H stretching,delta(C7-C8-O9),angle,1.3152372674422535e-05,+,0.00037319353720112496,0.3566159759628039
44,3139.5711491772245,,,ring-site C-H stretching,delta(C2-C3-C8),angle,3.425952135577589e-07,-,-6.007624617719255e-05,0.3584599434968781
44,3139.5711491772245,,,ring-site C-H stretching,"gamma(C3;C2,O1,H10)",oop,1.6555624286352792e-07,-,-8.08810270374322e-05,0.09556902705630667
