mode,harmonic_frequency_cm-1,vpt2_fundamental_cm-1,harmonic_intensity_km_mol,assignment,internal_coordinate,type,percent,phase,D_value,F_diagonal
6,69.89029433780593,,,C-C torsion,tau(H13-C2-C3-C4),dihedral,47.31363196268094,+,0.09206287558574246,0.7244680264882472
6,69.89029433780593,,,C-C torsion,tau(H14-C2-C3-C8),dihedral,44.03693184973242,+,0.08687849395166418,0.7571719090760054
6,69.89029433780593,,,C-C torsion,tau(N5-C3-C8-O9),dihedral,3.179156774063533,+,0.026167595344259803,0.6025406091278427
6,69.89029433780593,,,C-C torsion,tau(C2-C3-N5-C6),dihedral,2.3313705481092857,-,-0.018883057273233566,0.8485329137332114
6,69.89029433780593,,,C-C torsion,tau(C6-C7-C8-O9),dihedral,1.4528282194264461,-,-0.023419916302019575,0.3437522879047999
6,69.89029433780593,,,C-C torsion,tau(C8-C3-C4-N5),dihedral,0.5141241296464877,-,-0.007469170098015834,1.195983795278429
6,69.89029433780593,,,C-C torsion,tau(H11-C1-C2-H13),dihedral,0.29453825311378273,+,0.014743070922458685,0.17586029811300968
6,69.89029433780593,,,C-C torsion,tau(C2-C3-C4-H16),dihedral,0.15995077563647228,-,-0.009226641952328878,0.24383779514721982
6,69.89029433780593,,,C-C torsion,tau(C4-C3-N5-C6),dihedral,0.14785733706144874,-,-0.005597438333738243,0.6124438142435374
6,69.89029433780593,,,C-C torsion,tau(H12-C1-C2-C3),dihedral,0.11956628592490749,+,0.009461575056683666,0.17333404380475795
6,69.89029433780593,,,C-C torsion,tau(N5-C6-C7-H19),dihedral,0.09417525752428052,+,0.007510268148401575,0.21668454548083232
6,69.89029433780593,,,C-C torsion,delta(C3-C8-H21),angle,0.06438961897793116,-,-0.003450412341355891,0.7019010077438758
6,69.89029433780593,,,C-C torsion,delta(C1-C2-C3),angle,0.061352412645273656,-,-0.004467801452410261,0.39888336380392314
6,69.89029433780593,,,C-C torsion,"gamma(C3;C2,H13,H14)",oop,0.050624385308661854,-,-0.0032848753941179336,0.6088691511213071
6,69.89029433780593,,,C-C torsion,delta(C7-C8-H21),angle,0.038521735995756645,-,-0.0024253739832160582,0.8498659491447228
6,69.89029433780593,,,C-C torsion,delta(H13-C2-H14),angle,0.01519492267036016,+,0.0013975137782014893,1.009690582029088
6,69.89029433780593,,,C-C torsion,tau(C3-N5-C6-H18),dihedral,0.01518309855250588,+,0.0032077114122986135,0.19150135016784978
6,69.89029433780593,,,C-C torsion,nu(C3-N5),bond,0.013196812620856332,+,0.0022981280870267894,0.3242818163336834
6,69.89029433780593,,,C-C torsion,delta(C2-C3-C8),angle,0.013061826867108028,+,0.0013520360561172491,0.9273194814098629
6,69.89029433780593,,,C-C torsion,tau(C3-N5-C6-H17),dihedral,0.012714314636175691,+,0.0028359494778473896,0.20516250023230395
6,69.89029433780593,,,C-C torsion,delta(C2-C1-H11),angle,0.010170770598188399,-,-0.0018634110023510793,0.38013561079786046
6,69.89029433780593,,,C-C torsion,delta(C3-C2-H14),angle,0.008745841344433904,-,-0.0013574017729034373,0.6160086042110487
6,69.89029433780593,,,C-C torsion,delta(C3-C4-H15),angle,0.006585021240409219,-,-0.0019291180034940992,0.22963685996427452
6,69.89029433780593,,,C-C torsion,delta(C2-C1-H12),angle,0.005697896120487923,+,0.001384977499335043,0.38550596241050855
6,69.89029433780593,,,C-C torsion,delta(H10-C1-H11),angle,0.005600632038656093,+,0.001871777884224302,0.20745811382014626
6,69.89029433780593,,,C-C torsion,"gamma(C8;C7,H19,H20)",oop,0.005072620183770692,-,-0.0017593145247095602,0.21269014963965546
6,69.89029433780593,,,C-C torsion,nu(C7-C8),bond,0.004496172171316411,-,-0.0014904277174579428,0.2626776389289826
6,69.89029433780593,,,C-C torsion,delta(C6-C7-H20),angle,0.003875890577082928,+,0.001223230424097626,0.33616846176778953
6,69.89029433780593,,,C-C torsion,nu(N5-C6),bond,0.0028038971410778565,+,0.001060016363484681,0.3238463052348426
6,69.89029433780593,,,C-C torsion,delta(O9-C8-H21),angle,0.002789038090708299,-,-0.0006339193520761304,0.9007171530836973
6,69.89029433780593,,,C-C torsion,nu(C8-O9),bond,0.002398348542894949,-,-0.0009934303011790522,0.3153838863168852
6,69.89029433780593,,,C-C torsion,delta(N5-C6-C7),angle,0.002039342380212493,-,-0.00047435250567606384,1.1762232354515754
6,69.89029433780593,,,C-C torsion,delta(C1-C2-H14),angle,0.001726392908466432,-,-0.0007145195408023278,0.43884729955830637
6,69.89029433780593,,,C-C torsion,tau(H21-C8-O9-H22),dihedral,0.0013670354956630448,-,-0.004814463049496367,0.007653958151576438
6,69.89029433780593,,,C-C torsion,"gamma(H12;C1,H10,H11)",oop,0.0011327750944380044,-,-0.0007007128982311657,0.2994094311841051
6,69.89029433780593,,,C-C torsion,delta(N5-C6-H17),angle,0.0011253331290158222,+,0.000762591611742394,0.251130270498446
6,69.89029433780593,,,C-C torsion,delta(N5-C6-H18),angle,0.0011145445033447143,-,-0.0007935483604626434,0.2296955728995778
6,69.89029433780593,,,C-C torsion,nu(C2-C3),bond,0.0009890509683980718,+,0.000667692195442179,0.2879175118810551
6,69.89029433780593,,,C-C torsion,"gamma(H16;C4,C3,H15)",oop,0.0009375480041969681,+,0.0008534220887975504,0.16705818655223026
6,69.89029433780593,,,C-C torsion,nu(C1-C2),bond,0.0007666523807282985,+,0.0006008830769704995,0.2755627756868186
6,69.89029433780593,,,C-C torsion,delta(H15-C4-H16),angle,0.0007203735507155657,-,-0.000619904161513177,0.24328238400212834
6,69.89029433780593,,,C-C torsion,nu(C3-C4),bond,0.0004991399249371256,-,-0.00044849214639828503,0.32204356991514493
6,69.89029433780593,,,C-C torsion,nu(C3-C8),bond,0.0004007810371318195,-,-0.00039693658361791785,0.33011626112312614
6,69.89029433780593,,,C-C torsion,nu(C2-H13),bond,0.0002660745670412128,-,-0.00032682409330243926,0.32327881233108835
6,69.89029433780593,,,C-C torsion,nu(C8-H21),bond,0.00013164543526789237,+,0.00023289214245369454,0.31499099646613576
6,69.89029433780593,,,C-C torsion,nu(C1-H11),bond,7.855688332428007e-05,+,0.00017466047303349626,0.3341927227283412
6,69.89029433780593,,,C-C torsion,nu(C4-H16),bond,5.0575454155900146e-05,-,-0.0001369191247907203,0.3501172997314638
6,69.89029433780593,,,C-C torsion,delta(C8-O9-H22),angle,1.9462297771051337e-05,+,0.00012066754704246839,0.17346631468839127
6,69.89029433780593,,,C-C torsion,nu(O9-H22),bond,9.089344800092133e-06,-,-4.7594190868542677e-05,0.5207468965628298
6,69.89029433780593,,,C-C torsion,delta(H19-C7-H20),angle,4.8740348921055e-06,+,4.842095387478571e-05,0.26978882731842474
6,69.89029433780593,,,C-C torsion,nu(C6-H17),bond,3.3946409434331846e-06,-,-3.648765395504077e-05,0.33090548953252324
6,69.89029433780593,,,C-C torsion,nu(C1-H12),bond,2.8373464315763224e-06,+,3.3190018240928915e-05,0.33427153116902686
6,69.89029433780593,,,C-C torsion,nu(C7-H20),bond,2.295969038435586e-06,-,-2.9841434146365577e-05,0.33460209280992387
6,69.89029433780593,,,C-C torsion,nu(C1-H10),bond,2.1580653781801293e-06,-,-2.8719397209211524e-05,0.33955956196528847
6,69.89029433780593,,,C-C torsion,nu(C6-H18),bond,2.0108153583372393e-06,-,-2.7991152783161634e-05,0.33306778735766407
6,69.89029433780593,,,C-C torsion,nu(C2-H14),bond,8.396766074709491e-07,+,1.8116871818819882e-05,0.33200730465984796
6,69.89029433780593,,,C-C torsion,nu(C4-N5),bond,3.0790143464674524e-07,+,1.0543572186923732e-05,0.35944973574991873
6,69.89029433780593,,,C-C torsion,nu(C4-H15),bond,1.4860484808777162e-07,-,-7.421280637217394e-06,0.3501686615835324
6,69.89029433780593,,,C-C torsion,nu(C6-C7),bond,1.0960020414843818e-07,-,-6.580756071073571e-06,0.32844434189084687
6,69.89029433780593,,,C-C torsion,nu(C7-H19),bond,7.415984802907971e-10,-,-5.360569576039004e-07,0.3349260785391822
7,122.66685658962164,,,mixed cyclic-ring torsional/out-of-plane deformation / C-C torsion,tau(N5-C3-C8-O9),dihedral,30.207195224222612,+,0.07123819474285237,0.6025406091278427
7,122.66685658962164,,,mixed cyclic-ring torsional/out-of-plane deformation / C-C torsion,tau(H13-C2-C3-C4),dihedral,19.619193981667795,-,-0.05235785358944523,0.7244680264882472
7,122.66685658962164,,,mixed cyclic-ring torsional/out-of-plane deformation / C-C torsion,tau(H14-C2-C3-C8),dihedral,17.557611725841685,-,-0.048449169729966816,0.7571719090760054
7,122.66685658962164,,,mixed cyclic-ring torsional/out-of-plane deformation / C-C torsion,tau(C6-C7-C8-O9),dihedral,15.73058361934556,-,-0.06806133830221199,0.3437522879047999
7,122.66685658962164,,,mixed cyclic-ring torsional/out-of-plane deformation / C-C torsion,tau(C2-C3-N5-C6),dihedral,5.665156671873517,-,-0.025996954936506392,0.8485329137332114
7,122.66685658962164,,,mixed cyclic-ring torsional/out-of-plane deformation / C-C torsion,tau(C8-C3-C4-N5),dihedral,3.495688570626781,-,-0.017201035214140046,1.195983795278429
7,122.66685658962164,,,mixed cyclic-ring torsional/out-of-plane deformation / C-C torsion,tau(N5-C6-C7-H19),dihedral,2.0157374254861966,+,0.03068696063784635,0.21668454548083232
7,122.66685658962164,,,mixed cyclic-ring torsional/out-of-plane deformation / C-C torsion,tau(H11-C1-C2-H13),dihedral,1.223627256095056,-,-0.02653942650764998,0.17586029811300968
7,122.66685658962164,,,mixed cyclic-ring torsional/out-of-plane deformation / C-C torsion,tau(H12-C1-C2-C3),dihedral,0.9199133439799995,-,-0.02317834325225397,0.17333404380475795
7,122.66685658962164,,,mixed cyclic-ring torsional/out-of-plane deformation / C-C torsion,tau(C4-C3-N5-C6),dihedral,0.8563237006977615,-,-0.011896979716955376,0.6124438142435374
7,122.66685658962164,,,mixed cyclic-ring torsional/out-of-plane deformation / C-C torsion,delta(C3-C8-H21),angle,0.5166761942862073,-,-0.008632213205006333,0.7019010077438758
7,122.66685658962164,,,mixed cyclic-ring torsional/out-of-plane deformation / C-C torsion,delta(C2-C3-C8),angle,0.5097800228307139,-,-0.007459806796035134,0.9273194814098629
7,122.66685658962164,,,mixed cyclic-ring torsional/out-of-plane deformation / C-C torsion,delta(C7-C8-H21),angle,0.32101851455143426,-,-0.006183590071166773,0.8498659491447228
7,122.66685658962164,,,mixed cyclic-ring torsional/out-of-plane deformation / C-C torsion,delta(C1-C2-C3),angle,0.25971268991875235,-,-0.008118475580315152,0.39888336380392314
7,122.66685658962164,,,mixed cyclic-ring torsional/out-of-plane deformation / C-C torsion,"gamma(C3;C2,H13,H14)",oop,0.22471523248039962,-,-0.006112306675220501,0.6088691511213071
7,122.66685658962164,,,mixed cyclic-ring torsional/out-of-plane deformation / C-C torsion,tau(C2-C3-C4-H16),dihedral,0.22130226821987609,-,-0.009585025808525759,0.24383779514721982
7,122.66685658962164,,,mixed cyclic-ring torsional/out-of-plane deformation / C-C torsion,delta(C3-C2-H14),angle,0.10251355560125575,+,0.004104385310737761,0.6160086042110487
7,122.66685658962164,,,mixed cyclic-ring torsional/out-of-plane deformation / C-C torsion,delta(C3-C4-H15),angle,0.08612322230157432,-,-0.006161553173478557,0.22963685996427452
7,122.66685658962164,,,mixed cyclic-ring torsional/out-of-plane deformation / C-C torsion,nu(C7-C8),bond,0.07664162945049546,-,-0.005434651226569722,0.2626776389289826
7,122.66685658962164,,,mixed cyclic-ring torsional/out-of-plane deformation / C-C torsion,nu(N5-C6),bond,0.07443868340190873,+,0.004823704928021102,0.3238463052348426
7,122.66685658962164,,,mixed cyclic-ring torsional/out-of-plane deformation / C-C torsion,"gamma(C8;C7,H19,H20)",oop,0.06653399573648416,-,-0.005627285892703549,0.21269014963965546
7,122.66685658962164,,,mixed cyclic-ring torsional/out-of-plane deformation / C-C torsion,"gamma(H16;C4,C3,H15)",oop,0.03893454243430123,+,0.004857183617224805,0.16705818655223026
7,122.66685658962164,,,mixed cyclic-ring torsional/out-of-plane deformation / C-C torsion,nu(C3-N5),bond,0.0322063992336252,+,0.003170740157217555,0.3242818163336834
7,122.66685658962164,,,mixed cyclic-ring torsional/out-of-plane deformation / C-C torsion,nu(C8-O9),bond,0.029798559770411678,-,-0.003092635609512181,0.3153838863168852
7,122.66685658962164,,,mixed cyclic-ring torsional/out-of-plane deformation / C-C torsion,delta(N5-C6-C7),angle,0.02800259753379054,-,-0.0015524054095787368,1.1762232354515754
7,122.66685658962164,,,mixed cyclic-ring torsional/out-of-plane deformation / C-C torsion,delta(C6-C7-H20),angle,0.0268828652341024,+,0.002845182699842001,0.33616846176778953
7,122.66685658962164,,,mixed cyclic-ring torsional/out-of-plane deformation / C-C torsion,nu(C3-C8),bond,0.009125001649689752,-,-0.001672760953153722,0.33011626112312614
7,122.66685658962164,,,mixed cyclic-ring torsional/out-of-plane deformation / C-C torsion,delta(C1-C2-H14),angle,0.009113820897535615,+,0.0014499211835884021,0.43884729955830637
7,122.66685658962164,,,mixed cyclic-ring torsional/out-of-plane deformation / C-C torsion,nu(C1-C2),bond,0.009043940405635014,+,0.00182271780498758,0.2755627756868186
7,122.66685658962164,,,mixed cyclic-ring torsional/out-of-plane deformation / C-C torsion,tau(C3-N5-C6-H17),dihedral,0.008043308588485756,-,-0.001992137172749481,0.20516250023230395
7,122.66685658962164,,,mixed cyclic-ring torsional/out-of-plane deformation / C-C torsion,delta(O9-C8-H21),angle,0.006166213578527043,-,-0.0008324648985176828,0.9007171530836973
7,122.66685658962164,,,mixed cyclic-ring torsional/out-of-plane deformation / C-C torsion,"gamma(H12;C1,H10,H11)",oop,0.006097824687385527,-,-0.0014358385006018593,0.2994094311841051
7,122.66685658962164,,,mixed cyclic-ring torsional/out-of-plane deformation / C-C torsion,nu(C8-H21),bond,0.005746457408943912,+,0.0013589450349533216,0.31499099646613576
7,122.66685658962164,,,mixed cyclic-ring torsional/out-of-plane deformation / C-C torsion,delta(N5-C6-H17),angle,0.005484671829872553,+,0.0014868825226755978,0.251130270498446
7,122.66685658962164,,,mixed cyclic-ring torsional/out-of-plane deformation / C-C torsion,nu(C2-C3),bond,0.005124293300915102,-,-0.0013422512430819069,0.2879175118810551
7,122.66685658962164,,,mixed cyclic-ring torsional/out-of-plane deformation / C-C torsion,nu(C4-N5),bond,0.004524423086186961,+,0.0011287906043381491,0.35944973574991873
7,122.66685658962164,,,mixed cyclic-ring torsional/out-of-plane deformation / C-C torsion,nu(C1-H10),bond,0.0037948915388963124,-,-0.00106363487053695,0.33955956196528847
7,122.66685658962164,,,mixed cyclic-ring torsional/out-of-plane deformation / C-C torsion,delta(N5-C6-H18),angle,0.0037403916881113553,-,-0.0012839056041986981,0.2296955728995778
7,122.66685658962164,,,mixed cyclic-ring torsional/out-of-plane deformation / C-C torsion,delta(H13-C2-H14),angle,0.003520196300638073,+,0.0005940734639117283,1.009690582029088
7,122.66685658962164,,,mixed cyclic-ring torsional/out-of-plane deformation / C-C torsion,delta(H15-C4-H16),angle,0.003196868363681132,-,-0.0011533414774138545,0.24328238400212834
7,122.66685658962164,,,mixed cyclic-ring torsional/out-of-plane deformation / C-C torsion,tau(H21-C8-O9-H22),dihedral,0.0029022350761082256,+,0.006195467982742553,0.007653958151576438
7,122.66685658962164,,,mixed cyclic-ring torsional/out-of-plane deformation / C-C torsion,delta(H10-C1-H11),angle,0.002338456640505687,-,-0.0010681944412564079,0.20745811382014626
7,122.66685658962164,,,mixed cyclic-ring torsional/out-of-plane deformation / C-C torsion,tau(C3-N5-C6-H18),dihedral,0.0019455726677997413,-,-0.0010141184253616912,0.19150135016784978
7,122.66685658962164,,,mixed cyclic-ring torsional/out-of-plane deformation / C-C torsion,nu(C6-C7),bond,0.0017806456682634387,-,-0.000740813224959329,0.32844434189084687
7,122.66685658962164,,,mixed cyclic-ring torsional/out-of-plane deformation / C-C torsion,nu(C4-H16),bond,0.0006787762239489363,-,-0.00044300373816392476,0.3501172997314638
7,122.66685658962164,,,mixed cyclic-ring torsional/out-of-plane deformation / C-C torsion,delta(H19-C7-H20),angle,0.000509338473741127,+,0.0004371617203924232,0.26978882731842474
7,122.66685658962164,,,mixed cyclic-ring torsional/out-of-plane deformation / C-C torsion,nu(C3-C4),bond,0.0002388994108303095,+,0.0002740318789549963,0.32204356991514493
7,122.66685658962164,,,mixed cyclic-ring torsional/out-of-plane deformation / C-C torsion,delta(C8-O9-H22),angle,0.00011367552143612217,-,-0.00025755902171572105,0.17346631468839127
7,122.66685658962164,,,mixed cyclic-ring torsional/out-of-plane deformation / C-C torsion,nu(C6-H18),bond,0.00010674156297267567,-,-0.0001801155996058641,0.33306778735766407
7,122.66685658962164,,,mixed cyclic-ring torsional/out-of-plane deformation / C-C torsion,delta(C2-C1-H11),angle,9.920897233433076e-05,+,0.00016253880515405573,0.38013561079786046
7,122.66685658962164,,,mixed cyclic-ring torsional/out-of-plane deformation / C-C torsion,nu(C2-H14),bond,6.587619386443723e-05,+,0.00014172331275062944,0.33200730465984796
7,122.66685658962164,,,mixed cyclic-ring torsional/out-of-plane deformation / C-C torsion,nu(C7-H20),bond,4.987159379095496e-05,-,-0.00012283246365916956,0.33460209280992387
7,122.66685658962164,,,mixed cyclic-ring torsional/out-of-plane deformation / C-C torsion,delta(C2-C1-H12),angle,4.5570788513498554e-05,-,-0.00010939024303798742,0.38550596241050855
7,122.66685658962164,,,mixed cyclic-ring torsional/out-of-plane deformation / C-C torsion,nu(C2-H13),bond,2.8828755261821297e-05,-,-9.501128459623879e-05,0.32327881233108835
7,122.66685658962164,,,mixed cyclic-ring torsional/out-of-plane deformation / C-C torsion,nu(O9-H22),bond,2.221568664906806e-05,-,-6.571543554741234e-05,0.5207468965628298
7,122.66685658962164,,,mixed cyclic-ring torsional/out-of-plane deformation / C-C torsion,nu(C1-H12),bond,1.5801558517184274e-05,-,-6.917531283628646e-05,0.33427153116902686
7,122.66685658962164,,,mixed cyclic-ring torsional/out-of-plane deformation / C-C torsion,nu(C6-H17),bond,1.1488696618937244e-05,-,-5.928355790598578e-05,0.33090548953252324
7,122.66685658962164,,,mixed cyclic-ring torsional/out-of-plane deformation / C-C torsion,nu(C1-H11),bond,8.781637882635909e-06,+,5.157510648919354e-05,0.3341927227283412
7,122.66685658962164,,,mixed cyclic-ring torsional/out-of-plane deformation / C-C torsion,nu(C7-H19),bond,3.0796175629944816e-06,-,-3.0508775481904098e-05,0.3349260785391822
7,122.66685658962164,,,mixed cyclic-ring torsional/out-of-plane deformation / C-C torsion,nu(C4-H15),bond,1.391066152549672e-07,+,6.341414173264842e-06,0.3501686615835324
8,184.04840648208298,,,mixed cyclic-ring torsional/out-of-plane deformation / C-C torsion / ring-site C-H out-of-plane bending,tau(H13-C2-C3-C4),dihedral,21.193947935139985,-,-0.06257042582638575,0.7244680264882472
8,184.04840648208298,,,mixed cyclic-ring torsional/out-of-plane deformation / C-C torsion / ring-site C-H out-of-plane bending,tau(C6-C7-C8-O9),dihedral,20.921531041570987,-,-0.09024989878105315,0.3437522879047999
8,184.04840648208298,,,mixed cyclic-ring torsional/out-of-plane deformation / C-C torsion / ring-site C-H out-of-plane bending,tau(N5-C3-C8-O9),dihedral,13.89233536116305,+,0.05554785061334856,0.6025406091278427
8,184.04840648208298,,,mixed cyclic-ring torsional/out-of-plane deformation / C-C torsion / ring-site C-H out-of-plane bending,tau(C2-C3-N5-C6),dihedral,7.840333278332657,+,0.03516460199564516,0.8485329137332114
8,184.04840648208298,,,mixed cyclic-ring torsional/out-of-plane deformation / C-C torsion / ring-site C-H out-of-plane bending,tau(N5-C6-C7-H19),dihedral,6.396104525327647,+,0.06285163765997706,0.21668454548083232
8,184.04840648208298,,,mixed cyclic-ring torsional/out-of-plane deformation / C-C torsion / ring-site C-H out-of-plane bending,tau(C2-C3-C4-H16),dihedral,3.9317446752767107,+,0.04645312475707995,0.24383779514721982
8,184.04840648208298,,,mixed cyclic-ring torsional/out-of-plane deformation / C-C torsion / ring-site C-H out-of-plane bending,tau(H14-C2-C3-C8),dihedral,3.7314664649491256,+,0.025681200139541713,0.7571719090760054
8,184.04840648208298,,,mixed cyclic-ring torsional/out-of-plane deformation / C-C torsion / ring-site C-H out-of-plane bending,tau(C8-C3-C4-N5),dihedral,3.7015821174257364,-,-0.020351847379793824,1.195983795278429
8,184.04840648208298,,,mixed cyclic-ring torsional/out-of-plane deformation / C-C torsion / ring-site C-H out-of-plane bending,tau(C3-N5-C6-H17),dihedral,3.5903814406166044,-,-0.04839428683951335,0.20516250023230395
8,184.04840648208298,,,mixed cyclic-ring torsional/out-of-plane deformation / C-C torsion / ring-site C-H out-of-plane bending,delta(C1-C2-C3),angle,3.4560919749002643,+,0.03405198823085543,0.39888336380392314
8,184.04840648208298,,,mixed cyclic-ring torsional/out-of-plane deformation / C-C torsion / ring-site C-H out-of-plane bending,tau(C3-N5-C6-H18),dihedral,3.2017599651147863,-,-0.04730219078816639,0.19150135016784978
8,184.04840648208298,,,mixed cyclic-ring torsional/out-of-plane deformation / C-C torsion / ring-site C-H out-of-plane bending,"gamma(C3;C2,H13,H14)",oop,2.3528199325686816,+,0.02274076920889439,0.6088691511213071
8,184.04840648208298,,,mixed cyclic-ring torsional/out-of-plane deformation / C-C torsion / ring-site C-H out-of-plane bending,delta(C2-C3-C8),angle,1.0763259758765724,+,0.01246321277864247,0.9273194814098629
8,184.04840648208298,,,mixed cyclic-ring torsional/out-of-plane deformation / C-C torsion / ring-site C-H out-of-plane bending,tau(C4-C3-N5-C6),dihedral,0.8228594981797668,+,0.013409188860561925,0.6124438142435374
8,184.04840648208298,,,mixed cyclic-ring torsional/out-of-plane deformation / C-C torsion / ring-site C-H out-of-plane bending,tau(H11-C1-C2-H13),dihedral,0.7156428205360562,+,0.02333657126319255,0.17586029811300968
8,184.04840648208298,,,mixed cyclic-ring torsional/out-of-plane deformation / C-C torsion / ring-site C-H out-of-plane bending,delta(C3-C8-H21),angle,0.6047169256365893,-,-0.010737691440139153,0.7019010077438758
8,184.04840648208298,,,mixed cyclic-ring torsional/out-of-plane deformation / C-C torsion / ring-site C-H out-of-plane bending,delta(C3-C2-H14),angle,0.46329644211690385,-,-0.010032493430270288,0.6160086042110487
8,184.04840648208298,,,mixed cyclic-ring torsional/out-of-plane deformation / C-C torsion / ring-site C-H out-of-plane bending,delta(C7-C8-H21),angle,0.44906947121979457,-,-0.008409193422748,0.8498659491447228
8,184.04840648208298,,,mixed cyclic-ring torsional/out-of-plane deformation / C-C torsion / ring-site C-H out-of-plane bending,tau(H12-C1-C2-C3),dihedral,0.3542302795896115,+,0.01653764621934195,0.17333404380475795
8,184.04840648208298,,,mixed cyclic-ring torsional/out-of-plane deformation / C-C torsion / ring-site C-H out-of-plane bending,delta(N5-C6-C7),angle,0.3521941199067535,-,-0.006330222334902545,1.1762232354515754
8,184.04840648208298,,,mixed cyclic-ring torsional/out-of-plane deformation / C-C torsion / ring-site C-H out-of-plane bending,delta(H13-C2-H14),angle,0.1671625605201602,-,-0.00470704277956372,1.009690582029088
8,184.04840648208298,,,mixed cyclic-ring torsional/out-of-plane deformation / C-C torsion / ring-site C-H out-of-plane bending,nu(C3-C8),bond,0.13203453794453354,+,0.007316158519440086,0.33011626112312614
8,184.04840648208298,,,mixed cyclic-ring torsional/out-of-plane deformation / C-C torsion / ring-site C-H out-of-plane bending,nu(C6-C7),bond,0.11801370956198222,-,-0.006934387858628974,0.32844434189084687
8,184.04840648208298,,,mixed cyclic-ring torsional/out-of-plane deformation / C-C torsion / ring-site C-H out-of-plane bending,delta(C2-C1-H12),angle,0.11129574153577056,-,-0.006215792593224116,0.38550596241050855
8,184.04840648208298,,,mixed cyclic-ring torsional/out-of-plane deformation / C-C torsion / ring-site C-H out-of-plane bending,delta(C1-C2-H14),angle,0.0674288961499212,-,-0.004534601220021866,0.43884729955830637
8,184.04840648208298,,,mixed cyclic-ring torsional/out-of-plane deformation / C-C torsion / ring-site C-H out-of-plane bending,delta(C2-C1-H11),angle,0.06570193166766648,+,0.004809418634953438,0.38013561079786046
8,184.04840648208298,,,mixed cyclic-ring torsional/out-of-plane deformation / C-C torsion / ring-site C-H out-of-plane bending,"gamma(C8;C7,H19,H20)",oop,0.051258907581613666,-,-0.005679155699003503,0.21269014963965546
8,184.04840648208298,,,mixed cyclic-ring torsional/out-of-plane deformation / C-C torsion / ring-site C-H out-of-plane bending,nu(C2-C3),bond,0.0310696328064978,+,0.0038002031240867286,0.2879175118810551
8,184.04840648208298,,,mixed cyclic-ring torsional/out-of-plane deformation / C-C torsion / ring-site C-H out-of-plane bending,nu(C3-C4),bond,0.029695770926395054,+,0.0035128756496385846,0.32204356991514493
8,184.04840648208298,,,mixed cyclic-ring torsional/out-of-plane deformation / C-C torsion / ring-site C-H out-of-plane bending,delta(N5-C6-H18),angle,0.02949734089325966,+,0.0041456049276608845,0.2296955728995778
8,184.04840648208298,,,mixed cyclic-ring torsional/out-of-plane deformation / C-C torsion / ring-site C-H out-of-plane bending,nu(C3-N5),bond,0.02563834898464142,+,0.0032527936957087666,0.3242818163336834
8,184.04840648208298,,,mixed cyclic-ring torsional/out-of-plane deformation / C-C torsion / ring-site C-H out-of-plane bending,nu(C8-O9),bond,0.020756065864702074,-,-0.002967738019685056,0.3153838863168852
8,184.04840648208298,,,mixed cyclic-ring torsional/out-of-plane deformation / C-C torsion / ring-site C-H out-of-plane bending,nu(C1-C2),bond,0.01326138786749275,-,-0.0025377977267117273,0.2755627756868186
8,184.04840648208298,,,mixed cyclic-ring torsional/out-of-plane deformation / C-C torsion / ring-site C-H out-of-plane bending,delta(N5-C6-H17),angle,0.011638956908922105,-,-0.0024904641160237375,0.251130270498446
8,184.04840648208298,,,mixed cyclic-ring torsional/out-of-plane deformation / C-C torsion / ring-site C-H out-of-plane bending,"gamma(H12;C1,H10,H11)",oop,0.011444234920740159,+,0.0022616918581598836,0.2994094311841051
8,184.04840648208298,,,mixed cyclic-ring torsional/out-of-plane deformation / C-C torsion / ring-site C-H out-of-plane bending,delta(C8-O9-H22),angle,0.010598484526207985,-,-0.0028594802395256677,0.17346631468839127
8,184.04840648208298,,,mixed cyclic-ring torsional/out-of-plane deformation / C-C torsion / ring-site C-H out-of-plane bending,delta(H10-C1-H11),angle,0.009653301791478351,+,0.002495430736272643,0.20745811382014626
8,184.04840648208298,,,mixed cyclic-ring torsional/out-of-plane deformation / C-C torsion / ring-site C-H out-of-plane bending,nu(C7-C8),bond,0.009458444330703355,-,-0.002195184839412499,0.2626776389289826
8,184.04840648208298,,,mixed cyclic-ring torsional/out-of-plane deformation / C-C torsion / ring-site C-H out-of-plane bending,delta(O9-C8-H21),angle,0.007823142154766961,-,-0.0010781251690797499,0.9007171530836973
8,184.04840648208298,,,mixed cyclic-ring torsional/out-of-plane deformation / C-C torsion / ring-site C-H out-of-plane bending,delta(H15-C4-H16),angle,0.007224010467191102,-,-0.0019934559457581522,0.24328238400212834
8,184.04840648208298,,,mixed cyclic-ring torsional/out-of-plane deformation / C-C torsion / ring-site C-H out-of-plane bending,nu(C4-N5),bond,0.005320565256000417,-,-0.001407448761935363,0.35944973574991873
8,184.04840648208298,,,mixed cyclic-ring torsional/out-of-plane deformation / C-C torsion / ring-site C-H out-of-plane bending,nu(N5-C6),bond,0.003189482419380344,-,-0.0011480569279515257,0.3238463052348426
8,184.04840648208298,,,mixed cyclic-ring torsional/out-of-plane deformation / C-C torsion / ring-site C-H out-of-plane bending,delta(C6-C7-H20),angle,0.0030015689597316536,+,0.0010931215847061627,0.33616846176778953
8,184.04840648208298,,,mixed cyclic-ring torsional/out-of-plane deformation / C-C torsion / ring-site C-H out-of-plane bending,nu(C8-H21),bond,0.0029649085984199785,+,0.0011223527506120153,0.31499099646613576
8,184.04840648208298,,,mixed cyclic-ring torsional/out-of-plane deformation / C-C torsion / ring-site C-H out-of-plane bending,nu(C1-H10),bond,0.002702203186853666,+,0.0010319860084453266,0.33955956196528847
8,184.04840648208298,,,mixed cyclic-ring torsional/out-of-plane deformation / C-C torsion / ring-site C-H out-of-plane bending,nu(C6-H17),bond,0.0012626959546299592,+,0.0007146118263660834,0.33090548953252324
8,184.04840648208298,,,mixed cyclic-ring torsional/out-of-plane deformation / C-C torsion / ring-site C-H out-of-plane bending,delta(C3-C4-H15),angle,0.0008909239380748168,-,-0.0007205635755886529,0.22963685996427452
8,184.04840648208298,,,mixed cyclic-ring torsional/out-of-plane deformation / C-C torsion / ring-site C-H out-of-plane bending,nu(C2-H13),bond,0.00047511379306716027,+,0.0004434891395290392,0.32327881233108835
8,184.04840648208298,,,mixed cyclic-ring torsional/out-of-plane deformation / C-C torsion / ring-site C-H out-of-plane bending,tau(H21-C8-O9-H22),dihedral,0.00023816716704066083,-,-0.0020406602002789914,0.007653958151576438
8,184.04840648208298,,,mixed cyclic-ring torsional/out-of-plane deformation / C-C torsion / ring-site C-H out-of-plane bending,nu(C1-H12),bond,0.0002262828327779056,+,0.0003009878042537712,0.33427153116902686
8,184.04840648208298,,,mixed cyclic-ring torsional/out-of-plane deformation / C-C torsion / ring-site C-H out-of-plane bending,nu(C4-H16),bond,0.00020471945281257814,-,-0.00027973419710944505,0.3501172997314638
8,184.04840648208298,,,mixed cyclic-ring torsional/out-of-plane deformation / C-C torsion / ring-site C-H out-of-plane bending,delta(H19-C7-H20),angle,0.00013629528529413923,+,0.0002600166909038116,0.26978882731842474
8,184.04840648208298,,,mixed cyclic-ring torsional/out-of-plane deformation / C-C torsion / ring-site C-H out-of-plane bending,nu(C6-H18),bond,0.00010384580730954721,-,-0.0002042682922775352,0.33306778735766407
8,184.04840648208298,,,mixed cyclic-ring torsional/out-of-plane deformation / C-C torsion / ring-site C-H out-of-plane bending,nu(C7-H19),bond,8.110267302324842e-05,+,0.00018001798343469385,0.3349260785391822
8,184.04840648208298,,,mixed cyclic-ring torsional/out-of-plane deformation / C-C torsion / ring-site C-H out-of-plane bending,nu(C1-H11),bond,4.684119935432628e-05,+,0.00013695828199818266,0.3341927227283412
8,184.04840648208298,,,mixed cyclic-ring torsional/out-of-plane deformation / C-C torsion / ring-site C-H out-of-plane bending,nu(O9-H22),bond,4.427004076173227e-05,-,-0.00010666315027874727,0.5207468965628298
8,184.04840648208298,,,mixed cyclic-ring torsional/out-of-plane deformation / C-C torsion / ring-site C-H out-of-plane bending,"gamma(H16;C4,C3,H15)",oop,1.486957104140462e-05,-,-0.0001091410504260052,0.16705818655223026
8,184.04840648208298,,,mixed cyclic-ring torsional/out-of-plane deformation / C-C torsion / ring-site C-H out-of-plane bending,nu(C7-H20),bond,4.41936756491302e-06,-,-4.204249934688755e-05,0.33460209280992387
8,184.04840648208298,,,mixed cyclic-ring torsional/out-of-plane deformation / C-C torsion / ring-site C-H out-of-plane bending,nu(C4-H15),bond,2.0275685016891785e-06,-,-2.783696737444529e-05,0.3501686615835324
8,184.04840648208298,,,mixed cyclic-ring torsional/out-of-plane deformation / C-C torsion / ring-site C-H out-of-plane bending,nu(C2-H14),bond,4.407541990379133e-08,+,4.21499632595572e-06,0.33200730465984796
9,204.7031291464778,,,C-C torsion,tau(H12-C1-C2-C3),dihedral,47.169600318309065,-,-0.2540327257769915,0.17333404380475795
9,204.7031291464778,,,C-C torsion,tau(H11-C1-C2-H13),dihedral,39.20452062719333,-,-0.22992419572631972,0.17586029811300968
9,204.7031291464778,,,C-C torsion,tau(C2-C3-N5-C6),dihedral,5.242826667323085,-,-0.03827797090914321,0.8485329137332114
9,204.7031291464778,,,C-C torsion,delta(C2-C3-C8),angle,3.414157246060857,+,0.029547964768246542,0.9273194814098629
9,204.7031291464778,,,C-C torsion,tau(H14-C2-C3-C8),dihedral,2.027045300812821,-,-0.02519619641146188,0.7571719090760054
9,204.7031291464778,,,C-C torsion,tau(H13-C2-C3-C4),dihedral,0.9662515317872853,-,-0.017784267850234636,0.7244680264882472
9,204.7031291464778,,,C-C torsion,delta(C3-C2-H14),angle,0.7587690261803129,-,-0.01709078113043271,0.6160086042110487
9,204.7031291464778,,,C-C torsion,tau(N5-C3-C8-O9),dihedral,0.28864490323718117,-,-0.010658333130025979,0.6025406091278427
9,204.7031291464778,,,C-C torsion,tau(C6-C7-C8-O9),dihedral,0.22124829692244607,+,0.012354286656730088,0.3437522879047999
9,204.7031291464778,,,C-C torsion,tau(C4-C3-N5-C6),dihedral,0.1760924793183753,-,-0.008257294656075947,0.6124438142435374
9,204.7031291464778,,,C-C torsion,delta(C3-C8-H21),angle,0.07884126659688237,+,0.005161065465711013,0.7019010077438758
9,204.7031291464778,,,C-C torsion,tau(C8-C3-C4-N5),dihedral,0.07183414030437571,+,0.0037740122560940646,1.195983795278429
9,204.7031291464778,,,C-C torsion,tau(C3-N5-C6-H17),dihedral,0.0681164833775328,+,0.008873145895944701,0.20516250023230395
9,204.7031291464778,,,C-C torsion,tau(C3-N5-C6-H18),dihedral,0.06688592758488915,+,0.009100850108695211,0.19150135016784978
9,204.7031291464778,,,C-C torsion,delta(C1-C2-H14),angle,0.06340579524435559,-,-0.005853400851128807,0.43884729955830637
9,204.7031291464778,,,C-C torsion,delta(C7-C8-H21),angle,0.03207316751049299,+,0.002991549657950167,0.8498659491447228
9,204.7031291464778,,,C-C torsion,tau(C2-C3-C4-H16),dihedral,0.02739111787990327,+,0.005161249712677061,0.24383779514721982
9,204.7031291464778,,,C-C torsion,tau(N5-C6-C7-H19),dihedral,0.023284052755811854,-,-0.005047959050112981,0.21668454548083232
9,204.7031291464778,,,C-C torsion,nu(C7-C8),bond,0.016138403590997812,+,0.0038169743248539223,0.2626776389289826
9,204.7031291464778,,,C-C torsion,delta(O9-C8-H21),angle,0.014646206813254115,+,0.001963671644851931,0.9007171530836973
9,204.7031291464778,,,C-C torsion,delta(C1-C2-C3),angle,0.012605237357352925,+,0.002737493248235207,0.39888336380392314
9,204.7031291464778,,,C-C torsion,delta(C3-C4-H15),angle,0.009595773706078533,-,-0.003147891127476669,0.22963685996427452
9,204.7031291464778,,,C-C torsion,"gamma(C8;C7,H19,H20)",oop,0.007579791176862275,+,0.0029070696471484264,0.21269014963965546
9,204.7031291464778,,,C-C torsion,delta(H10-C1-H11),angle,0.005352430695710679,-,-0.0024734937560131178,0.20745811382014626
9,204.7031291464778,,,C-C torsion,"gamma(C3;C2,H13,H14)",oop,0.005048990692152668,+,0.0014022995809241559,0.6088691511213071
9,204.7031291464778,,,C-C torsion,tau(H21-C8-O9-H22),dihedral,0.004085173807942691,-,-0.011250264479103246,0.007653958151576438
9,204.7031291464778,,,C-C torsion,delta(N5-C6-H17),angle,0.003180998453585857,+,0.0017331362314276183,0.251130270498446
9,204.7031291464778,,,C-C torsion,delta(C2-C1-H11),angle,0.0027516573250683835,-,-0.0013101722627513325,0.38013561079786046
9,204.7031291464778,,,C-C torsion,delta(N5-C6-H18),angle,0.0024081044709612855,-,-0.00157674642211815,0.2296955728995778
9,204.7031291464778,,,C-C torsion,nu(C3-C4),bond,0.002241597920150492,-,-0.0012847601160083334,0.32204356991514493
9,204.7031291464778,,,C-C torsion,"gamma(H12;C1,H10,H11)",oop,0.002087994617436931,+,0.0012859747870789624,0.2994094311841051
9,204.7031291464778,,,C-C torsion,nu(C1-C2),bond,0.0018604615436523038,-,-0.001265320598091673,0.2755627756868186
9,204.7031291464778,,,C-C torsion,delta(N5-C6-C7),angle,0.0017520927849605562,-,-0.0005943389299292849,1.1762232354515754
9,204.7031291464778,,,C-C torsion,delta(H13-C2-H14),angle,0.0015863464500373982,-,-0.0006103871362684183,1.009690582029088
9,204.7031291464778,,,C-C torsion,nu(C2-C3),bond,0.0012034351028821508,+,0.0009955837556984205,0.2879175118810551
9,204.7031291464778,,,C-C torsion,nu(C1-H10),bond,0.0010499306884072812,+,0.0008562938742476395,0.33955956196528847
9,204.7031291464778,,,C-C torsion,delta(C2-C1-H12),angle,0.0010359587254367866,-,-0.0007982817140640683,0.38550596241050855
9,204.7031291464778,,,C-C torsion,nu(N5-C6),bond,0.0009266391536046338,-,-0.0008237327909523755,0.3238463052348426
9,204.7031291464778,,,C-C torsion,nu(C4-H16),bond,0.000339752572794017,-,-0.0004797059403110795,0.3501172997314638
9,204.7031291464778,,,C-C torsion,nu(C3-N5),bond,0.000315550347648005,+,0.0004803674123448723,0.3242818163336834
9,204.7031291464778,,,C-C torsion,delta(H19-C7-H20),angle,0.00026548541997189654,-,-0.00048306865922925535,0.26978882731842474
9,204.7031291464778,,,C-C torsion,nu(C1-H11),bond,0.0002168032294646881,-,-0.0003922246497037277,0.3341927227283412
9,204.7031291464778,,,C-C torsion,nu(C4-N5),bond,0.00019484779691811177,+,0.00035853302891857225,0.35944973574991873
9,204.7031291464778,,,C-C torsion,nu(C6-C7),bond,0.00017054920019431553,-,-0.0003509089586033918,0.32844434189084687
9,204.7031291464778,,,C-C torsion,nu(C2-H13),bond,0.00013505617004732156,-,-0.00031475243491171597,0.32327881233108835
9,204.7031291464778,,,C-C torsion,delta(H15-C4-H16),angle,4.840036165496474e-05,+,0.00021720482900689043,0.24328238400212834
9,204.7031291464778,,,C-C torsion,delta(C6-C7-H20),angle,3.6462164944417504e-05,-,-0.00016037742890259493,0.33616846176778953
9,204.7031291464778,,,C-C torsion,nu(C7-H20),bond,2.6201984912141612e-05,-,-0.00013627094705499733,0.33460209280992387
9,204.7031291464778,,,C-C torsion,nu(O9-H22),bond,2.6031336948342893e-05,-,-0.00010887681207887387,0.5207468965628298
9,204.7031291464778,,,C-C torsion,nu(C2-H14),bond,1.822354731418539e-05,+,0.00011408883474083281,0.33200730465984796
9,204.7031291464778,,,C-C torsion,delta(C8-O9-H22),angle,1.7370097829870982e-05,+,0.000154096956344619,0.17346631468839127
9,204.7031291464778,,,C-C torsion,nu(C6-H18),bond,1.3684745082653463e-05,+,9.870804366163718e-05,0.33306778735766407
9,204.7031291464778,,,C-C torsion,nu(C8-H21),bond,1.3319005793102894e-05,-,-0.00010013533113379156,0.31499099646613576
9,204.7031291464778,,,C-C torsion,"gamma(H16;C4,C3,H15)",oop,1.3031401267273953e-05,+,0.00013600728841839943,0.16705818655223026
9,204.7031291464778,,,C-C torsion,nu(C3-C8),bond,1.14939776882002e-05,-,-9.086616950599886e-05,0.33011626112312614
9,204.7031291464778,,,C-C torsion,nu(C6-H17),bond,4.203411114208301e-06,-,-5.488446721710575e-05,0.33090548953252324
9,204.7031291464778,,,C-C torsion,nu(C4-H15),bond,3.1747722212388286e-06,+,4.6367977417726364e-05,0.3501686615835324
9,204.7031291464778,,,C-C torsion,nu(C7-H19),bond,2.4054703455724617e-06,-,-4.126919769517064e-05,0.3349260785391822
9,204.7031291464778,,,C-C torsion,nu(C8-O9),bond,2.0208598527791768e-06,-,-3.898062986882267e-05,0.3153838863168852
9,204.7031291464778,,,C-C torsion,nu(C1-H12),bond,3.586504761606953e-07,-,-1.5950948582341925e-05,0.33427153116902686
10,254.4979482440942,,,mixed ring-site C-H out-of-plane bending / C-C torsion,tau(C3-N5-C6-H17),dihedral,20.328227603573392,+,0.12967234546915654,0.20516250023230395
10,254.4979482440942,,,mixed ring-site C-H out-of-plane bending / C-C torsion,tau(C3-N5-C6-H18),dihedral,17.908556747114496,+,0.12597691649896767,0.19150135016784978
10,254.4979482440942,,,mixed ring-site C-H out-of-plane bending / C-C torsion,tau(H13-C2-C3-C4),dihedral,15.1766222457676,-,-0.05962447267369226,0.7244680264882472
10,254.4979482440942,,,mixed ring-site C-H out-of-plane bending / C-C torsion,tau(N5-C6-C7-H19),dihedral,13.308570033008081,-,-0.10209355553822326,0.21668454548083232
10,254.4979482440942,,,mixed ring-site C-H out-of-plane bending / C-C torsion,tau(C2-C3-N5-C6),dihedral,11.826861514707181,-,-0.04863478606337276,0.8485329137332114
10,254.4979482440942,,,mixed ring-site C-H out-of-plane bending / C-C torsion,tau(C8-C3-C4-N5),dihedral,4.727530260645301,-,-0.02590008035782379,1.195983795278429
10,254.4979482440942,,,mixed ring-site C-H out-of-plane bending / C-C torsion,tau(C4-C3-N5-C6),dihedral,4.281321099424962,-,-0.034443111278254085,0.6124438142435374
10,254.4979482440942,,,mixed ring-site C-H out-of-plane bending / C-C torsion,tau(H21-C8-O9-H22),dihedral,4.144160308133926,-,-0.30312505322907,0.007653958151576438
10,254.4979482440942,,,mixed ring-site C-H out-of-plane bending / C-C torsion,tau(C2-C3-C4-H16),dihedral,1.2867368667145922,+,0.029925468707804156,0.24383779514721982
10,254.4979482440942,,,mixed ring-site C-H out-of-plane bending / C-C torsion,delta(C3-C8-H21),angle,1.2738360233768056,-,-0.0175495276038048,0.7019010077438758
10,254.4979482440942,,,mixed ring-site C-H out-of-plane bending / C-C torsion,tau(C6-C7-C8-O9),dihedral,1.1270452544168834,+,0.02358818249518798,0.3437522879047999
10,254.4979482440942,,,mixed ring-site C-H out-of-plane bending / C-C torsion,delta(C1-C2-C3),angle,0.6526594695008384,+,0.01666352818821499,0.39888336380392314
10,254.4979482440942,,,mixed ring-site C-H out-of-plane bending / C-C torsion,tau(H11-C1-C2-H13),dihedral,0.6495221614781771,+,0.025035696885661967,0.17586029811300968
10,254.4979482440942,,,mixed ring-site C-H out-of-plane bending / C-C torsion,tau(N5-C3-C8-O9),dihedral,0.56092735311111,+,0.012569174297010682,0.6025406091278427
10,254.4979482440942,,,mixed ring-site C-H out-of-plane bending / C-C torsion,tau(H12-C1-C2-C3),dihedral,0.4620842946610819,+,0.02126989127529778,0.17333404380475795
10,254.4979482440942,,,mixed ring-site C-H out-of-plane bending / C-C torsion,delta(N5-C6-C7),angle,0.40246842567879637,+,0.007620222121750271,1.1762232354515754
10,254.4979482440942,,,mixed ring-site C-H out-of-plane bending / C-C torsion,"gamma(C8;C7,H19,H20)",oop,0.39321254503567904,+,0.01771277453777339,0.21269014963965546
10,254.4979482440942,,,mixed ring-site C-H out-of-plane bending / C-C torsion,"gamma(C3;C2,H13,H14)",oop,0.20970511829529495,+,0.007645204915413974,0.6088691511213071
10,254.4979482440942,,,mixed ring-site C-H out-of-plane bending / C-C torsion,delta(N5-C6-H18),angle,0.17006480457313816,-,-0.011209274646626065,0.2296955728995778
10,254.4979482440942,,,mixed ring-site C-H out-of-plane bending / C-C torsion,nu(C3-N5),bond,0.1295687489355669,+,0.008234465887224887,0.3242818163336834
10,254.4979482440942,,,mixed ring-site C-H out-of-plane bending / C-C torsion,delta(C2-C3-C8),angle,0.09897278227896915,-,-0.004255884157331522,0.9273194814098629
10,254.4979482440942,,,mixed ring-site C-H out-of-plane bending / C-C torsion,nu(C4-N5),bond,0.09490148478945229,-,-0.006693665716457293,0.35944973574991873
10,254.4979482440942,,,mixed ring-site C-H out-of-plane bending / C-C torsion,delta(C6-C7-H20),angle,0.08689843135393127,+,0.006623294795555966,0.33616846176778953
10,254.4979482440942,,,mixed ring-site C-H out-of-plane bending / C-C torsion,delta(O9-C8-H21),angle,0.0779880428462891,-,-0.0038332433821173296,0.9007171530836973
10,254.4979482440942,,,mixed ring-site C-H out-of-plane bending / C-C torsion,delta(N5-C6-H17),angle,0.07709460634113946,+,0.007217870167450208,0.251130270498446
10,254.4979482440942,,,mixed ring-site C-H out-of-plane bending / C-C torsion,delta(C7-C8-H21),angle,0.06907492035481123,+,0.0037139117716886265,0.8498659491447228
10,254.4979482440942,,,mixed ring-site C-H out-of-plane bending / C-C torsion,delta(H13-C2-H14),angle,0.05100361263614576,-,-0.002927877600464284,1.009690582029088
10,254.4979482440942,,,mixed ring-site C-H out-of-plane bending / C-C torsion,nu(N5-C6),bond,0.0506779770173581,+,0.005153315860130865,0.3238463052348426
10,254.4979482440942,,,mixed ring-site C-H out-of-plane bending / C-C torsion,delta(C2-C1-H12),angle,0.050331785209177776,-,-0.00470708692094468,0.38550596241050855
10,254.4979482440942,,,mixed ring-site C-H out-of-plane bending / C-C torsion,delta(C3-C4-H15),angle,0.04326826879883587,-,-0.005654712902992205,0.22963685996427452
10,254.4979482440942,,,mixed ring-site C-H out-of-plane bending / C-C torsion,nu(C2-C3),bond,0.0431949400008799,+,0.005045787978538941,0.2879175118810551
10,254.4979482440942,,,mixed ring-site C-H out-of-plane bending / C-C torsion,delta(C2-C1-H11),angle,0.04076301215849719,+,0.004265897899369152,0.38013561079786046
10,254.4979482440942,,,mixed ring-site C-H out-of-plane bending / C-C torsion,delta(C1-C2-H14),angle,0.04000877091199083,-,-0.003933394355865612,0.43884729955830637
10,254.4979482440942,,,mixed ring-site C-H out-of-plane bending / C-C torsion,nu(C6-C7),bond,0.03371755231984371,+,0.004173916226119651,0.32844434189084687
10,254.4979482440942,,,mixed ring-site C-H out-of-plane bending / C-C torsion,nu(C8-O9),bond,0.02444672443661443,+,0.0036269134234305526,0.3153838863168852
10,254.4979482440942,,,mixed ring-site C-H out-of-plane bending / C-C torsion,delta(C3-C2-H14),angle,0.022899153448660614,-,-0.002511672005097023,0.6160086042110487
10,254.4979482440942,,,mixed ring-site C-H out-of-plane bending / C-C torsion,tau(H14-C2-C3-C8),dihedral,0.014406551626746693,-,-0.0017969226119093,0.7571719090760054
10,254.4979482440942,,,mixed ring-site C-H out-of-plane bending / C-C torsion,nu(C3-C4),bond,0.01193784914218495,+,0.0025081431947472995,0.32204356991514493
10,254.4979482440942,,,mixed ring-site C-H out-of-plane bending / C-C torsion,"gamma(H16;C4,C3,H15)",oop,0.008171698876128062,+,0.0028811700821028533,0.16705818655223026
10,254.4979482440942,,,mixed ring-site C-H out-of-plane bending / C-C torsion,delta(H19-C7-H20),angle,0.007279142927626605,-,-0.002139807688996463,0.26978882731842474
10,254.4979482440942,,,mixed ring-site C-H out-of-plane bending / C-C torsion,nu(C4-H16),bond,0.005016643918111681,+,0.0015593602281448926,0.3501172997314638
10,254.4979482440942,,,mixed ring-site C-H out-of-plane bending / C-C torsion,nu(C1-C2),bond,0.004569607654182172,+,0.0016775511912975052,0.2755627756868186
10,254.4979482440942,,,mixed ring-site C-H out-of-plane bending / C-C torsion,nu(C3-C8),bond,0.004478544435865185,+,0.0015173353834262626,0.33011626112312614
10,254.4979482440942,,,mixed ring-site C-H out-of-plane bending / C-C torsion,"gamma(H12;C1,H10,H11)",oop,0.004381552097762926,+,0.0015758970855646061,0.2994094311841051
10,254.4979482440942,,,mixed ring-site C-H out-of-plane bending / C-C torsion,nu(C6-H17),bond,0.00403896325791639,-,-0.0014392278879197325,0.33090548953252324
10,254.4979482440942,,,mixed ring-site C-H out-of-plane bending / C-C torsion,nu(C8-H21),bond,0.003140991469023876,-,-0.0013008610451263603,0.31499099646613576
10,254.4979482440942,,,mixed ring-site C-H out-of-plane bending / C-C torsion,delta(C8-O9-H22),angle,0.0018764462317813657,-,-0.001354899513293426,0.17346631468839127
10,254.4979482440942,,,mixed ring-site C-H out-of-plane bending / C-C torsion,nu(O9-H22),bond,0.0017702568503956456,-,-0.000759541306174631,0.5207468965628298
10,254.4979482440942,,,mixed ring-site C-H out-of-plane bending / C-C torsion,nu(C4-H15),bond,0.0011668704817327778,+,0.0007520025083287858,0.3501686615835324
10,254.4979482440942,,,mixed ring-site C-H out-of-plane bending / C-C torsion,delta(H15-C4-H16),angle,0.0010715801482928404,+,0.0008645768421912935,0.24328238400212834
10,254.4979482440942,,,mixed ring-site C-H out-of-plane bending / C-C torsion,nu(C6-H18),bond,0.0005372851647717571,+,0.0005232180394395364,0.33306778735766407
10,254.4979482440942,,,mixed ring-site C-H out-of-plane bending / C-C torsion,nu(C7-H20),bond,0.0003422233189412219,-,-0.00041661708260043505,0.33460209280992387
10,254.4979482440942,,,mixed ring-site C-H out-of-plane bending / C-C torsion,nu(C7-C8),bond,0.0003254601528825791,+,0.0004585471098882607,0.2626776389289826
10,254.4979482440942,,,mixed ring-site C-H out-of-plane bending / C-C torsion,nu(C1-H10),bond,0.00026857696268881064,+,0.00036637260901431734,0.33955956196528847
10,254.4979482440942,,,mixed ring-site C-H out-of-plane bending / C-C torsion,delta(H10-C1-H11),angle,0.00014263480706916556,+,0.00034158134752168773,0.20745811382014626
10,254.4979482440942,,,mixed ring-site C-H out-of-plane bending / C-C torsion,nu(C1-H12),bond,6.0691453586482046e-05,+,0.00017553376768712488,0.33427153116902686
10,254.4979482440942,,,mixed ring-site C-H out-of-plane bending / C-C torsion,nu(C2-H13),bond,5.8034731155701054e-05,+,0.00017454281180797381,0.32327881233108835
10,254.4979482440942,,,mixed ring-site C-H out-of-plane bending / C-C torsion,nu(C7-H19),bond,3.109721799753011e-05,-,-0.00012552576802296145,0.3349260785391822
10,254.4979482440942,,,mixed ring-site C-H out-of-plane bending / C-C torsion,nu(C1-H11),bond,2.8902748935297403e-06,-,-3.831048776154241e-05,0.3341927227283412
10,254.4979482440942,,,mixed ring-site C-H out-of-plane bending / C-C torsion,nu(C2-H14),bond,1.4637427754715434e-06,+,2.735301245846432e-05,0.33200730465984796
11,263.7204327603887,,,mixed C-C torsion / ring-site C-H out-of-plane bending / cyclic-ring torsional/out-of-plane deformation,tau(H21-C8-O9-H22),dihedral,17.626369897765162,+,0.47838154403320793,0.007653958151576438
11,263.7204327603887,,,mixed C-C torsion / ring-site C-H out-of-plane bending / cyclic-ring torsional/out-of-plane deformation,tau(H13-C2-C3-C4),dihedral,16.10794790806293,-,-0.047005265999093424,0.7244680264882472
11,263.7204327603887,,,mixed C-C torsion / ring-site C-H out-of-plane bending / cyclic-ring torsional/out-of-plane deformation,tau(C2-C3-N5-C6),dihedral,15.841089921960952,-,-0.043071916991473114,0.8485329137332114
11,263.7204327603887,,,mixed C-C torsion / ring-site C-H out-of-plane bending / cyclic-ring torsional/out-of-plane deformation,tau(C3-N5-C6-H17),dihedral,10.543889416379027,+,0.07146402085732152,0.20516250023230395
11,263.7204327603887,,,mixed C-C torsion / ring-site C-H out-of-plane bending / cyclic-ring torsional/out-of-plane deformation,tau(C3-N5-C6-H18),dihedral,10.206581468766661,+,0.0727763467766803,0.19150135016784978
11,263.7204327603887,,,mixed C-C torsion / ring-site C-H out-of-plane bending / cyclic-ring torsional/out-of-plane deformation,tau(N5-C6-C7-H19),dihedral,5.738027974599069,-,-0.05129834806192492,0.21668454548083232
11,263.7204327603887,,,mixed C-C torsion / ring-site C-H out-of-plane bending / cyclic-ring torsional/out-of-plane deformation,tau(H12-C1-C2-C3),dihedral,4.959684571560765,+,0.05332380259011592,0.17333404380475795
11,263.7204327603887,,,mixed C-C torsion / ring-site C-H out-of-plane bending / cyclic-ring torsional/out-of-plane deformation,tau(H11-C1-C2-H13),dihedral,4.778270595681359,+,0.05196219468265583,0.17586029811300968
11,263.7204327603887,,,mixed C-C torsion / ring-site C-H out-of-plane bending / cyclic-ring torsional/out-of-plane deformation,tau(C8-C3-C4-N5),dihedral,4.520486631686617,-,-0.01938054407696029,1.195983795278429
11,263.7204327603887,,,mixed C-C torsion / ring-site C-H out-of-plane bending / cyclic-ring torsional/out-of-plane deformation,tau(C4-C3-N5-C6),dihedral,3.3856448452000847,-,-0.023438164122898994,0.6124438142435374
11,263.7204327603887,,,mixed C-C torsion / ring-site C-H out-of-plane bending / cyclic-ring torsional/out-of-plane deformation,tau(H14-C2-C3-C8),dihedral,3.167659141790277,-,-0.02038956651786217,0.7571719090760054
11,263.7204327603887,,,mixed C-C torsion / ring-site C-H out-of-plane bending / cyclic-ring torsional/out-of-plane deformation,delta(C2-C3-C8),angle,0.6911951505749315,+,0.008606402783963145,0.9273194814098629
11,263.7204327603887,,,mixed C-C torsion / ring-site C-H out-of-plane bending / cyclic-ring torsional/out-of-plane deformation,tau(N5-C3-C8-O9),dihedral,0.6528966141219459,+,0.010376838679028015,0.6025406091278427
11,263.7204327603887,,,mixed C-C torsion / ring-site C-H out-of-plane bending / cyclic-ring torsional/out-of-plane deformation,tau(C2-C3-C4-H16),dihedral,0.3714545590246842,+,0.012303774224783962,0.24383779514721982
11,263.7204327603887,,,mixed C-C torsion / ring-site C-H out-of-plane bending / cyclic-ring torsional/out-of-plane deformation,nu(C3-N5),bond,0.28793905448553264,+,0.009393447375564239,0.3242818163336834
11,263.7204327603887,,,mixed C-C torsion / ring-site C-H out-of-plane bending / cyclic-ring torsional/out-of-plane deformation,delta(C8-O9-H22),angle,0.1915583359748128,-,-0.010475601518336094,0.17346631468839127
11,263.7204327603887,,,mixed C-C torsion / ring-site C-H out-of-plane bending / cyclic-ring torsional/out-of-plane deformation,nu(C3-C8),bond,0.13082959337802175,+,0.006275604344410573,0.33011626112312614
11,263.7204327603887,,,mixed C-C torsion / ring-site C-H out-of-plane bending / cyclic-ring torsional/out-of-plane deformation,delta(N5-C6-H17),angle,0.12080539753661827,+,0.0069140044577181686,0.251130270498446
11,263.7204327603887,,,mixed C-C torsion / ring-site C-H out-of-plane bending / cyclic-ring torsional/out-of-plane deformation,delta(C3-C8-H21),angle,0.1126565463356015,-,-0.003993707938922746,0.7019010077438758
11,263.7204327603887,,,mixed C-C torsion / ring-site C-H out-of-plane bending / cyclic-ring torsional/out-of-plane deformation,delta(N5-C6-C7),angle,0.09271267404991905,+,0.002798728011484635,1.1762232354515754
11,263.7204327603887,,,mixed C-C torsion / ring-site C-H out-of-plane bending / cyclic-ring torsional/out-of-plane deformation,delta(C6-C7-H20),angle,0.0676098195134126,-,-0.00447056509409107,0.33616846176778953
11,263.7204327603887,,,mixed C-C torsion / ring-site C-H out-of-plane bending / cyclic-ring torsional/out-of-plane deformation,delta(O9-C8-H21),angle,0.0632983399256258,-,-0.0026426397388859576,0.9007171530836973
11,263.7204327603887,,,mixed C-C torsion / ring-site C-H out-of-plane bending / cyclic-ring torsional/out-of-plane deformation,delta(N5-C6-H18),angle,0.05633741686283663,-,-0.004936943655570632,0.2296955728995778
11,263.7204327603887,,,mixed C-C torsion / ring-site C-H out-of-plane bending / cyclic-ring torsional/out-of-plane deformation,nu(C7-C8),bond,0.048579163548123624,-,-0.00428696050430158,0.2626776389289826
11,263.7204327603887,,,mixed C-C torsion / ring-site C-H out-of-plane bending / cyclic-ring torsional/out-of-plane deformation,"gamma(C8;C7,H19,H20)",oop,0.04784135341362976,+,0.004727854016297794,0.21269014963965546
11,263.7204327603887,,,mixed C-C torsion / ring-site C-H out-of-plane bending / cyclic-ring torsional/out-of-plane deformation,delta(C3-C4-H15),angle,0.029861855764286373,-,-0.0035947907448053316,0.22963685996427452
11,263.7204327603887,,,mixed C-C torsion / ring-site C-H out-of-plane bending / cyclic-ring torsional/out-of-plane deformation,delta(C2-C1-H11),angle,0.024011331939377246,+,0.002505387266916027,0.38013561079786046
11,263.7204327603887,,,mixed C-C torsion / ring-site C-H out-of-plane bending / cyclic-ring torsional/out-of-plane deformation,nu(C2-C3),bond,0.015808070548883515,+,0.0023358309599977633,0.2879175118810551
11,263.7204327603887,,,mixed C-C torsion / ring-site C-H out-of-plane bending / cyclic-ring torsional/out-of-plane deformation,nu(C4-N5),bond,0.014448159962483846,-,-0.001998587672559536,0.35944973574991873
11,263.7204327603887,,,mixed C-C torsion / ring-site C-H out-of-plane bending / cyclic-ring torsional/out-of-plane deformation,nu(C8-H21),bond,0.011101688160606835,+,0.0018714639249794325,0.31499099646613576
11,263.7204327603887,,,mixed C-C torsion / ring-site C-H out-of-plane bending / cyclic-ring torsional/out-of-plane deformation,delta(C1-C2-H14),angle,0.009902803460103176,+,0.0014974708694904838,0.43884729955830637
11,263.7204327603887,,,mixed C-C torsion / ring-site C-H out-of-plane bending / cyclic-ring torsional/out-of-plane deformation,nu(C7-H20),bond,0.008966243944884291,+,0.001631837716846763,0.33460209280992387
11,263.7204327603887,,,mixed C-C torsion / ring-site C-H out-of-plane bending / cyclic-ring torsional/out-of-plane deformation,delta(C1-C2-C3),angle,0.008847557154989156,-,-0.0014846522631522627,0.39888336380392314
11,263.7204327603887,,,mixed C-C torsion / ring-site C-H out-of-plane bending / cyclic-ring torsional/out-of-plane deformation,delta(H19-C7-H20),angle,0.008391481113866315,+,0.001758099087639856,0.26978882731842474
11,263.7204327603887,,,mixed C-C torsion / ring-site C-H out-of-plane bending / cyclic-ring torsional/out-of-plane deformation,nu(O9-H22),bond,0.008297809451662233,+,0.0012583585422106635,0.5207468965628298
11,263.7204327603887,,,mixed C-C torsion / ring-site C-H out-of-plane bending / cyclic-ring torsional/out-of-plane deformation,delta(H10-C1-H11),angle,0.00796780592434904,+,0.0019536203888613863,0.20745811382014626
11,263.7204327603887,,,mixed C-C torsion / ring-site C-H out-of-plane bending / cyclic-ring torsional/out-of-plane deformation,tau(C6-C7-C8-O9),dihedral,0.007704893947378279,+,0.0014924388715401302,0.3437522879047999
11,263.7204327603887,,,mixed C-C torsion / ring-site C-H out-of-plane bending / cyclic-ring torsional/out-of-plane deformation,nu(C3-C4),bond,0.006955486336601395,-,-0.0014650162867380784,0.32204356991514493
11,263.7204327603887,,,mixed C-C torsion / ring-site C-H out-of-plane bending / cyclic-ring torsional/out-of-plane deformation,"gamma(C3;C2,H13,H14)",oop,0.004589354104923848,-,-0.0008654656125610639,0.6088691511213071
11,263.7204327603887,,,mixed C-C torsion / ring-site C-H out-of-plane bending / cyclic-ring torsional/out-of-plane deformation,nu(C6-H17),bond,0.004239868035366431,-,-0.0011283925283711851,0.33090548953252324
11,263.7204327603887,,,mixed C-C torsion / ring-site C-H out-of-plane bending / cyclic-ring torsional/out-of-plane deformation,nu(C1-C2),bond,0.0028593751786003137,+,0.001015456477181334,0.2755627756868186
11,263.7204327603887,,,mixed C-C torsion / ring-site C-H out-of-plane bending / cyclic-ring torsional/out-of-plane deformation,nu(C6-C7),bond,0.0027460964298370413,+,0.0009115133158727648,0.32844434189084687
11,263.7204327603887,,,mixed C-C torsion / ring-site C-H out-of-plane bending / cyclic-ring torsional/out-of-plane deformation,nu(C8-O9),bond,0.0020014844402036205,-,-0.0007941314155376341,0.3153838863168852
11,263.7204327603887,,,mixed C-C torsion / ring-site C-H out-of-plane bending / cyclic-ring torsional/out-of-plane deformation,nu(C1-H10),bond,0.0016963216978816227,+,0.0007045829738522454,0.33955956196528847
11,263.7204327603887,,,mixed C-C torsion / ring-site C-H out-of-plane bending / cyclic-ring torsional/out-of-plane deformation,nu(C7-H19),bond,0.0015971028152383117,+,0.0006883795710453332,0.3349260785391822
11,263.7204327603887,,,mixed C-C torsion / ring-site C-H out-of-plane bending / cyclic-ring torsional/out-of-plane deformation,delta(H13-C2-H14),angle,0.0014457125952895928,+,0.00037720969611706675,1.009690582029088
11,263.7204327603887,,,mixed C-C torsion / ring-site C-H out-of-plane bending / cyclic-ring torsional/out-of-plane deformation,delta(C2-C1-H12),angle,0.001338276093219855,-,-0.0005873450706288321,0.38550596241050855
11,263.7204327603887,,,mixed C-C torsion / ring-site C-H out-of-plane bending / cyclic-ring torsional/out-of-plane deformation,nu(C4-H16),bond,0.0011171049806474919,+,0.0005630879413412643,0.3501172997314638
11,263.7204327603887,,,mixed C-C torsion / ring-site C-H out-of-plane bending / cyclic-ring torsional/out-of-plane deformation,nu(C2-H13),bond,0.0008744274525717645,-,-0.0005184528771791045,0.32327881233108835
11,263.7204327603887,,,mixed C-C torsion / ring-site C-H out-of-plane bending / cyclic-ring torsional/out-of-plane deformation,nu(N5-C6),bond,0.0005989401428143525,-,-0.00042870471069489364,0.3238463052348426
11,263.7204327603887,,,mixed C-C torsion / ring-site C-H out-of-plane bending / cyclic-ring torsional/out-of-plane deformation,nu(C4-H15),bond,0.0003480080537119845,+,0.00031426211372097496,0.3501686615835324
11,263.7204327603887,,,mixed C-C torsion / ring-site C-H out-of-plane bending / cyclic-ring torsional/out-of-plane deformation,"gamma(H12;C1,H10,H11)",oop,0.0002954656260361147,+,0.0003131531333068893,0.2994094311841051
11,263.7204327603887,,,mixed C-C torsion / ring-site C-H out-of-plane bending / cyclic-ring torsional/out-of-plane deformation,nu(C6-H18),bond,0.00020585086702152558,+,0.00024782553495563623,0.33306778735766407
11,263.7204327603887,,,mixed C-C torsion / ring-site C-H out-of-plane bending / cyclic-ring torsional/out-of-plane deformation,nu(C1-H11),bond,0.00014814698946959536,+,0.00020988622622969178,0.3341927227283412
11,263.7204327603887,,,mixed C-C torsion / ring-site C-H out-of-plane bending / cyclic-ring torsional/out-of-plane deformation,"gamma(H16;C4,C3,H15)",oop,8.325400872220412e-05,-,-0.00022253827317255613,0.16705818655223026
11,263.7204327603887,,,mixed C-C torsion / ring-site C-H out-of-plane bending / cyclic-ring torsional/out-of-plane deformation,delta(H15-C4-H16),angle,6.170739290683344e-05,-,-0.00015876299592455824,0.24328238400212834
11,263.7204327603887,,,mixed C-C torsion / ring-site C-H out-of-plane bending / cyclic-ring torsional/out-of-plane deformation,nu(C1-H12),bond,6.088945577965099e-05,-,-0.00013454184187717484,0.33427153116902686
11,263.7204327603887,,,mixed C-C torsion / ring-site C-H out-of-plane bending / cyclic-ring torsional/out-of-plane deformation,delta(C7-C8-H21),angle,5.3182822905385076e-05,-,-7.885813400755617e-05,0.8498659491447228
11,263.7204327603887,,,mixed C-C torsion / ring-site C-H out-of-plane bending / cyclic-ring torsional/out-of-plane deformation,delta(C3-C2-H14),angle,7.259711576761883e-06,-,-3.4221757719745695e-05,0.6160086042110487
11,263.7204327603887,,,mixed C-C torsion / ring-site C-H out-of-plane bending / cyclic-ring torsional/out-of-plane deformation,nu(C2-H14),bond,5.911971912456484e-07,+,1.3302350280462048e-05,0.33200730465984796
12,321.9526831259045,,,mixed C-C torsion / C-C-C bending / cyclic-ring torsional/out-of-plane deformation,delta(C1-C2-C3),angle,17.13819850658068,-,-0.07432959761106438,0.39888336380392314
12,321.9526831259045,,,mixed C-C torsion / C-C-C bending / cyclic-ring torsional/out-of-plane deformation,tau(H14-C2-C3-C8),dihedral,16.63005280766022,-,-0.05314369250690196,0.7571719090760054
12,321.9526831259045,,,mixed C-C torsion / C-C-C bending / cyclic-ring torsional/out-of-plane deformation,tau(N5-C3-C8-O9),dihedral,14.061844971361802,-,-0.054781024599955146,0.6025406091278427
12,321.9526831259045,,,mixed C-C torsion / C-C-C bending / cyclic-ring torsional/out-of-plane deformation,tau(C4-C3-N5-C6),dihedral,6.775514392178363,+,0.037717262895371556,0.6124438142435374
12,321.9526831259045,,,mixed C-C torsion / C-C-C bending / cyclic-ring torsional/out-of-plane deformation,delta(C2-C3-C8),angle,5.440867713740819,+,0.027467652898744588,0.9273194814098629
12,321.9526831259045,,,mixed C-C torsion / C-C-C bending / cyclic-ring torsional/out-of-plane deformation,"gamma(C3;C2,H13,H14)",oop,5.069728249236091,-,-0.03272144800826096,0.6088691511213071
12,321.9526831259045,,,mixed C-C torsion / C-C-C bending / cyclic-ring torsional/out-of-plane deformation,tau(H12-C1-C2-C3),dihedral,4.519774215244443,+,0.05790533716364852,0.17333404380475795
12,321.9526831259045,,,mixed C-C torsion / C-C-C bending / cyclic-ring torsional/out-of-plane deformation,tau(C3-N5-C6-H17),dihedral,3.6985097377472047,-,-0.04814670278780525,0.20516250023230395
12,321.9526831259045,,,mixed C-C torsion / C-C-C bending / cyclic-ring torsional/out-of-plane deformation,tau(C3-N5-C6-H18),dihedral,3.546276938396667,-,-0.04879806069773498,0.19150135016784978
12,321.9526831259045,,,mixed C-C torsion / C-C-C bending / cyclic-ring torsional/out-of-plane deformation,tau(N5-C6-C7-H19),dihedral,3.322653090615493,+,0.04440487894853767,0.21668454548083232
12,321.9526831259045,,,mixed C-C torsion / C-C-C bending / cyclic-ring torsional/out-of-plane deformation,tau(C6-C7-C8-O9),dihedral,3.203600749836226,-,-0.03461772740231186,0.3437522879047999
12,321.9526831259045,,,mixed C-C torsion / C-C-C bending / cyclic-ring torsional/out-of-plane deformation,tau(H13-C2-C3-C4),dihedral,2.521866307322782,-,-0.02115697521250842,0.7244680264882472
12,321.9526831259045,,,mixed C-C torsion / C-C-C bending / cyclic-ring torsional/out-of-plane deformation,delta(C2-C1-H12),angle,2.0688043044751274,+,0.026269167818000476,0.38550596241050855
12,321.9526831259045,,,mixed C-C torsion / C-C-C bending / cyclic-ring torsional/out-of-plane deformation,tau(H11-C1-C2-H13),dihedral,1.9723710189986117,+,0.03797629242722099,0.17586029811300968
12,321.9526831259045,,,mixed C-C torsion / C-C-C bending / cyclic-ring torsional/out-of-plane deformation,delta(C7-C8-H21),angle,1.277372457002057,+,0.013902269985262648,0.8498659491447228
12,321.9526831259045,,,mixed C-C torsion / C-C-C bending / cyclic-ring torsional/out-of-plane deformation,delta(C1-C2-H14),angle,1.2252700929915168,+,0.01894791206516996,0.43884729955830637
12,321.9526831259045,,,mixed C-C torsion / C-C-C bending / cyclic-ring torsional/out-of-plane deformation,nu(C3-C8),bond,1.1845903987573152,+,0.02148091637620231,0.33011626112312614
12,321.9526831259045,,,mixed C-C torsion / C-C-C bending / cyclic-ring torsional/out-of-plane deformation,tau(H21-C8-O9-H22),dihedral,1.0591191737155399,-,-0.13339253702962858,0.007653958151576438
12,321.9526831259045,,,mixed C-C torsion / C-C-C bending / cyclic-ring torsional/out-of-plane deformation,nu(C6-C7),bond,0.45362623260461693,-,-0.013326630222825289,0.32844434189084687
12,321.9526831259045,,,mixed C-C torsion / C-C-C bending / cyclic-ring torsional/out-of-plane deformation,nu(C1-C2),bond,0.4495534889359517,-,-0.014483801695093798,0.2755627756868186
12,321.9526831259045,,,mixed C-C torsion / C-C-C bending / cyclic-ring torsional/out-of-plane deformation,delta(C3-C2-H14),angle,0.4406160881866848,+,0.009590449110636338,0.6160086042110487
12,321.9526831259045,,,mixed C-C torsion / C-C-C bending / cyclic-ring torsional/out-of-plane deformation,tau(C2-C3-N5-C6),dihedral,0.4262289204683599,+,0.00803691304925864,0.8485329137332114
12,321.9526831259045,,,mixed C-C torsion / C-C-C bending / cyclic-ring torsional/out-of-plane deformation,nu(C2-C3),bond,0.4238846105430846,-,-0.013759160716688687,0.2879175118810551
12,321.9526831259045,,,mixed C-C torsion / C-C-C bending / cyclic-ring torsional/out-of-plane deformation,tau(C8-C3-C4-N5),dihedral,0.4167727173477786,+,0.00669405308764147,1.195983795278429
12,321.9526831259045,,,mixed C-C torsion / C-C-C bending / cyclic-ring torsional/out-of-plane deformation,delta(H13-C2-H14),angle,0.4101589277324028,+,0.007227433276517592,1.009690582029088
12,321.9526831259045,,,mixed C-C torsion / C-C-C bending / cyclic-ring torsional/out-of-plane deformation,delta(C2-C1-H11),angle,0.38941714588724224,-,-0.01147731803074122,0.38013561079786046
12,321.9526831259045,,,mixed C-C torsion / C-C-C bending / cyclic-ring torsional/out-of-plane deformation,nu(C3-N5),bond,0.35428964837138643,-,-0.011852776419617295,0.3242818163336834
12,321.9526831259045,,,mixed C-C torsion / C-C-C bending / cyclic-ring torsional/out-of-plane deformation,"gamma(C8;C7,H19,H20)",oop,0.22143303890942165,+,0.011570434838267975,0.21269014963965546
12,321.9526831259045,,,mixed C-C torsion / C-C-C bending / cyclic-ring torsional/out-of-plane deformation,delta(C8-O9-H22),angle,0.2158673408912719,-,-0.012649928011938216,0.17346631468839127
12,321.9526831259045,,,mixed C-C torsion / C-C-C bending / cyclic-ring torsional/out-of-plane deformation,nu(C8-O9),bond,0.1626631319851229,+,0.008143797646112132,0.3153838863168852
12,321.9526831259045,,,mixed C-C torsion / C-C-C bending / cyclic-ring torsional/out-of-plane deformation,delta(C3-C8-H21),angle,0.14249126987996175,-,-0.0051092641290516345,0.7019010077438758
12,321.9526831259045,,,mixed C-C torsion / C-C-C bending / cyclic-ring torsional/out-of-plane deformation,delta(N5-C6-H17),angle,0.1390901755062981,-,-0.008439191744020077,0.251130270498446
12,321.9526831259045,,,mixed C-C torsion / C-C-C bending / cyclic-ring torsional/out-of-plane deformation,delta(N5-C6-H18),angle,0.13336042757443767,+,0.00864050918784857,0.2296955728995778
12,321.9526831259045,,,mixed C-C torsion / C-C-C bending / cyclic-ring torsional/out-of-plane deformation,nu(C7-C8),bond,0.11914449610385804,-,-0.007637084564944321,0.2626776389289826
12,321.9526831259045,,,mixed C-C torsion / C-C-C bending / cyclic-ring torsional/out-of-plane deformation,delta(N5-C6-C7),angle,0.11804512990158614,-,-0.0035923721360574846,1.1762232354515754
12,321.9526831259045,,,mixed C-C torsion / C-C-C bending / cyclic-ring torsional/out-of-plane deformation,nu(N5-C6),bond,0.08117628953287669,-,-0.005677371117213453,0.3238463052348426
12,321.9526831259045,,,mixed C-C torsion / C-C-C bending / cyclic-ring torsional/out-of-plane deformation,delta(H10-C1-H11),angle,0.05527612045192886,-,-0.005853366583270571,0.20745811382014626
12,321.9526831259045,,,mixed C-C torsion / C-C-C bending / cyclic-ring torsional/out-of-plane deformation,nu(C4-N5),bond,0.029288835652506867,+,0.0032369361163516086,0.35944973574991873
12,321.9526831259045,,,mixed C-C torsion / C-C-C bending / cyclic-ring torsional/out-of-plane deformation,delta(C6-C7-H20),angle,0.028763700995737992,-,-0.0033170044825362264,0.33616846176778953
12,321.9526831259045,,,mixed C-C torsion / C-C-C bending / cyclic-ring torsional/out-of-plane deformation,delta(C3-C4-H15),angle,0.01582841626578242,-,-0.002977145710128098,0.22963685996427452
12,321.9526831259045,,,mixed C-C torsion / C-C-C bending / cyclic-ring torsional/out-of-plane deformation,nu(C3-C4),bond,0.015298737478499323,-,-0.002471568429678967,0.32204356991514493
12,321.9526831259045,,,mixed C-C torsion / C-C-C bending / cyclic-ring torsional/out-of-plane deformation,delta(O9-C8-H21),angle,0.015113452851063323,-,-0.001468891744958971,0.9007171530836973
12,321.9526831259045,,,mixed C-C torsion / C-C-C bending / cyclic-ring torsional/out-of-plane deformation,delta(H15-C4-H16),angle,0.008031609563875592,+,0.0020603837772525356,0.24328238400212834
12,321.9526831259045,,,mixed C-C torsion / C-C-C bending / cyclic-ring torsional/out-of-plane deformation,delta(H19-C7-H20),angle,0.0030910607211294848,-,-0.0012137910955299573,0.26978882731842474
12,321.9526831259045,,,mixed C-C torsion / C-C-C bending / cyclic-ring torsional/out-of-plane deformation,tau(C2-C3-C4-H16),dihedral,0.0026967522469912132,-,-0.001192537851091751,0.24383779514721982
12,321.9526831259045,,,mixed C-C torsion / C-C-C bending / cyclic-ring torsional/out-of-plane deformation,nu(C8-H21),bond,0.0025450857327981857,-,-0.0010193053346518376,0.31499099646613576
12,321.9526831259045,,,mixed C-C torsion / C-C-C bending / cyclic-ring torsional/out-of-plane deformation,nu(C6-H17),bond,0.002528294598560921,+,0.0009912062038397594,0.33090548953252324
12,321.9526831259045,,,mixed C-C torsion / C-C-C bending / cyclic-ring torsional/out-of-plane deformation,nu(C1-H12),bond,0.0023344802952626692,-,-0.0009476491338936219,0.33427153116902686
12,321.9526831259045,,,mixed C-C torsion / C-C-C bending / cyclic-ring torsional/out-of-plane deformation,"gamma(H12;C1,H10,H11)",oop,0.0011362411599339362,-,-0.0006985615532964478,0.2994094311841051
12,321.9526831259045,,,mixed C-C torsion / C-C-C bending / cyclic-ring torsional/out-of-plane deformation,nu(C2-H13),bond,0.0006321218088914606,-,-0.0005014341698098221,0.32327881233108835
12,321.9526831259045,,,mixed C-C torsion / C-C-C bending / cyclic-ring torsional/out-of-plane deformation,nu(C1-H10),bond,0.0006110445133242272,+,0.00048103934689864333,0.33955956196528847
12,321.9526831259045,,,mixed C-C torsion / C-C-C bending / cyclic-ring torsional/out-of-plane deformation,nu(C4-H16),bond,0.000605655457103667,-,-0.00047163735083068087,0.3501172997314638
12,321.9526831259045,,,mixed C-C torsion / C-C-C bending / cyclic-ring torsional/out-of-plane deformation,"gamma(H16;C4,C3,H15)",oop,0.0005615566244628611,+,0.0006574535203324106,0.16705818655223026
12,321.9526831259045,,,mixed C-C torsion / C-C-C bending / cyclic-ring torsional/out-of-plane deformation,nu(C2-H14),bond,0.00034643404699186657,-,-0.00036630143771403855,0.33200730465984796
12,321.9526831259045,,,mixed C-C torsion / C-C-C bending / cyclic-ring torsional/out-of-plane deformation,nu(C6-H18),bond,0.00030643472873850044,-,-0.00034395754036871097,0.33306778735766407
12,321.9526831259045,,,mixed C-C torsion / C-C-C bending / cyclic-ring torsional/out-of-plane deformation,nu(C4-H15),bond,0.00023267861161932482,+,0.0002923087076635835,0.3501686615835324
12,321.9526831259045,,,mixed C-C torsion / C-C-C bending / cyclic-ring torsional/out-of-plane deformation,nu(O9-H22),bond,0.00019170303966612517,-,-0.00021757215507053757,0.5207468965628298
12,321.9526831259045,,,mixed C-C torsion / C-C-C bending / cyclic-ring torsional/out-of-plane deformation,nu(C1-H11),bond,0.00014930673971074164,+,0.0002396863880860099,0.3341927227283412
12,321.9526831259045,,,mixed C-C torsion / C-C-C bending / cyclic-ring torsional/out-of-plane deformation,nu(C7-H20),bond,9.912661251491094e-05,-,-0.00019517894455646284,0.33460209280992387
12,321.9526831259045,,,mixed C-C torsion / C-C-C bending / cyclic-ring torsional/out-of-plane deformation,nu(C7-H19),bond,9.69435795908628e-05,+,0.00019292441974905105,0.3349260785391822
13,327.5253731108884,,,mixed C-C torsion / cyclic-ring torsional/out-of-plane deformation,tau(C2-C3-N5-C6),dihedral,23.45392023295479,+,0.10250093115326765,0.8485329137332114
13,327.5253731108884,,,mixed C-C torsion / cyclic-ring torsional/out-of-plane deformation,tau(H14-C2-C3-C8),dihedral,18.392872965496526,+,0.09609083652682628,0.7571719090760054
13,327.5253731108884,,,mixed C-C torsion / cyclic-ring torsional/out-of-plane deformation,tau(H11-C1-C2-H13),dihedral,16.932835796714766,-,-0.1913089909943641,0.17586029811300968
13,327.5253731108884,,,mixed C-C torsion / cyclic-ring torsional/out-of-plane deformation,tau(H12-C1-C2-C3),dihedral,12.744408069046738,-,-0.1671753861936169,0.17333404380475795
13,327.5253731108884,,,mixed C-C torsion / cyclic-ring torsional/out-of-plane deformation,delta(C2-C3-C8),angle,12.013451188120856,-,-0.07017358068388313,0.9273194814098629
13,327.5253731108884,,,mixed C-C torsion / cyclic-ring torsional/out-of-plane deformation,tau(H13-C2-C3-C4),dihedral,5.003037067955446,+,0.05123440346066868,0.7244680264882472
13,327.5253731108884,,,mixed C-C torsion / cyclic-ring torsional/out-of-plane deformation,tau(C4-C3-N5-C6),dihedral,3.7241973247823346,+,0.04807703220488508,0.6124438142435374
13,327.5253731108884,,,mixed C-C torsion / cyclic-ring torsional/out-of-plane deformation,delta(C3-C8-H21),angle,1.51285215361936,-,-0.028622973346469488,0.7019010077438758
13,327.5253731108884,,,mixed C-C torsion / cyclic-ring torsional/out-of-plane deformation,tau(N5-C3-C8-O9),dihedral,1.210703600019125,+,0.027636318619225424,0.6025406091278427
13,327.5253731108884,,,mixed C-C torsion / cyclic-ring torsional/out-of-plane deformation,tau(C8-C3-C4-N5),dihedral,0.8986180977661213,-,-0.016899714506743668,1.195983795278429
13,327.5253731108884,,,mixed C-C torsion / cyclic-ring torsional/out-of-plane deformation,tau(C6-C7-C8-O9),dihedral,0.7945435765719485,-,-0.029640839313634083,0.3437522879047999
13,327.5253731108884,,,mixed C-C torsion / cyclic-ring torsional/out-of-plane deformation,delta(C1-C2-C3),angle,0.4707157868105435,-,-0.02117926358378632,0.39888336380392314
13,327.5253731108884,,,mixed C-C torsion / cyclic-ring torsional/out-of-plane deformation,delta(C7-C8-H21),angle,0.43994298309127816,-,-0.014027407653801536,0.8498659491447228
13,327.5253731108884,,,mixed C-C torsion / cyclic-ring torsional/out-of-plane deformation,delta(C3-C2-H14),angle,0.4367976482011738,+,0.01641727949066878,0.6160086042110487
13,327.5253731108884,,,mixed C-C torsion / cyclic-ring torsional/out-of-plane deformation,tau(N5-C6-C7-H19),dihedral,0.32689622146949704,-,-0.023946685850763674,0.21668454548083232
13,327.5253731108884,,,mixed C-C torsion / cyclic-ring torsional/out-of-plane deformation,tau(H21-C8-O9-H22),dihedral,0.31896337057820645,+,0.1258582820902659,0.007653958151576438
13,327.5253731108884,,,mixed C-C torsion / cyclic-ring torsional/out-of-plane deformation,delta(O9-C8-H21),angle,0.27731388495599985,-,-0.010817976308469892,0.9007171530836973
13,327.5253731108884,,,mixed C-C torsion / cyclic-ring torsional/out-of-plane deformation,delta(N5-C6-C7),angle,0.15517353853580365,+,0.00708138798767556,1.1762232354515754
13,327.5253731108884,,,mixed C-C torsion / cyclic-ring torsional/out-of-plane deformation,"gamma(C3;C2,H13,H14)",oop,0.10404390052888327,-,-0.00805936384038287,0.6088691511213071
13,327.5253731108884,,,mixed C-C torsion / cyclic-ring torsional/out-of-plane deformation,nu(C7-C8),bond,0.09042987733759475,-,-0.011439284312201555,0.2626776389289826
13,327.5253731108884,,,mixed C-C torsion / cyclic-ring torsional/out-of-plane deformation,nu(C2-C3),bond,0.08911280243894003,-,-0.010846520608495024,0.2879175118810551
13,327.5253731108884,,,mixed C-C torsion / cyclic-ring torsional/out-of-plane deformation,delta(N5-C6-H17),angle,0.07322852419880649,-,-0.010527979820991767,0.251130270498446
13,327.5253731108884,,,mixed C-C torsion / cyclic-ring torsional/out-of-plane deformation,delta(C2-C1-H11),angle,0.07303167528699936,-,-0.00854556513663708,0.38013561079786046
13,327.5253731108884,,,mixed C-C torsion / cyclic-ring torsional/out-of-plane deformation,delta(C1-C2-H14),angle,0.0653424588156929,+,0.007523076126193689,0.43884729955830637
13,327.5253731108884,,,mixed C-C torsion / cyclic-ring torsional/out-of-plane deformation,nu(C3-C4),bond,0.06259532331894752,+,0.008595439000458713,0.32204356991514493
13,327.5253731108884,,,mixed C-C torsion / cyclic-ring torsional/out-of-plane deformation,delta(C2-C1-H12),angle,0.05115095660612415,+,0.007101756305791423,0.38550596241050855
13,327.5253731108884,,,mixed C-C torsion / cyclic-ring torsional/out-of-plane deformation,delta(N5-C6-H18),angle,0.04709290570494695,+,0.008827868733575498,0.2296955728995778
13,327.5253731108884,,,mixed C-C torsion / cyclic-ring torsional/out-of-plane deformation,delta(H13-C2-H14),angle,0.04526708128910194,+,0.004128112546200085,1.009690582029088
13,327.5253731108884,,,mixed C-C torsion / cyclic-ring torsional/out-of-plane deformation,nu(C1-C2),bond,0.03755625581553544,-,-0.007197560170233916,0.2755627756868186
13,327.5253731108884,,,mixed C-C torsion / cyclic-ring torsional/out-of-plane deformation,nu(C3-N5),bond,0.025471321061627375,-,-0.005464102930584254,0.3242818163336834
13,327.5253731108884,,,mixed C-C torsion / cyclic-ring torsional/out-of-plane deformation,delta(C8-O9-H22),angle,0.021417724139411537,-,-0.00685067744003821,0.17346631468839127
13,327.5253731108884,,,mixed C-C torsion / cyclic-ring torsional/out-of-plane deformation,"gamma(C8;C7,H19,H20)",oop,0.019904911612214176,-,-0.005964319137377235,0.21269014963965546
13,327.5253731108884,,,mixed C-C torsion / cyclic-ring torsional/out-of-plane deformation,delta(C3-C4-H15),angle,0.01822215943121078,+,0.005492038289440133,0.22963685996427452
13,327.5253731108884,,,mixed C-C torsion / cyclic-ring torsional/out-of-plane deformation,nu(C4-N5),bond,0.012757225261797229,-,-0.0036729368628884533,0.35944973574991873
13,327.5253731108884,,,mixed C-C torsion / cyclic-ring torsional/out-of-plane deformation,tau(C3-N5-C6-H18),dihedral,0.011132290788727827,-,-0.004700681067600709,0.19150135016784978
13,327.5253731108884,,,mixed C-C torsion / cyclic-ring torsional/out-of-plane deformation,nu(C6-C7),bond,0.008903699762908274,+,0.003210027820544274,0.32844434189084687
13,327.5253731108884,,,mixed C-C torsion / cyclic-ring torsional/out-of-plane deformation,tau(C2-C3-C4-H16),dihedral,0.005961519661523115,+,0.0030484734304293934,0.24383779514721982
13,327.5253731108884,,,mixed C-C torsion / cyclic-ring torsional/out-of-plane deformation,nu(N5-C6),bond,0.005855685698786338,-,-0.0026216447463624677,0.3238463052348426
13,327.5253731108884,,,mixed C-C torsion / cyclic-ring torsional/out-of-plane deformation,nu(C4-H16),bond,0.0053563947235161025,+,0.002411481512784602,0.3501172997314638
13,327.5253731108884,,,mixed C-C torsion / cyclic-ring torsional/out-of-plane deformation,delta(H19-C7-H20),angle,0.005258321186607171,+,0.002721861420629684,0.26978882731842474
13,327.5253731108884,,,mixed C-C torsion / cyclic-ring torsional/out-of-plane deformation,"gamma(H16;C4,C3,H15)",oop,0.0036419399278654375,+,0.0028786372627442355,0.16705818655223026
13,327.5253731108884,,,mixed C-C torsion / cyclic-ring torsional/out-of-plane deformation,delta(H15-C4-H16),angle,0.0017100825690877662,+,0.001634585506675133,0.24328238400212834
13,327.5253731108884,,,mixed C-C torsion / cyclic-ring torsional/out-of-plane deformation,nu(C7-H20),bond,0.001668699893650439,+,0.0013768265365137556,0.33460209280992387
13,327.5253731108884,,,mixed C-C torsion / cyclic-ring torsional/out-of-plane deformation,delta(H10-C1-H11),angle,0.0012236939944200614,-,-0.0014973579646620615,0.20745811382014626
13,327.5253731108884,,,mixed C-C torsion / cyclic-ring torsional/out-of-plane deformation,delta(C6-C7-H20),angle,0.00114556049157321,-,-0.0011381119026566714,0.33616846176778953
13,327.5253731108884,,,mixed C-C torsion / cyclic-ring torsional/out-of-plane deformation,nu(C4-H15),bond,0.00107034161439498,+,0.0010778963531286212,0.3501686615835324
13,327.5253731108884,,,mixed C-C torsion / cyclic-ring torsional/out-of-plane deformation,tau(C3-N5-C6-H17),dihedral,0.0010547497779702954,-,-0.0013979130687872955,0.20516250023230395
13,327.5253731108884,,,mixed C-C torsion / cyclic-ring torsional/out-of-plane deformation,nu(C8-H21),bond,0.0005904429867599001,+,0.0008441008726897656,0.31499099646613576
13,327.5253731108884,,,mixed C-C torsion / cyclic-ring torsional/out-of-plane deformation,"gamma(H12;C1,H10,H11)",oop,0.0004534104678916391,-,-0.0007586954304360286,0.2994094311841051
13,327.5253731108884,,,mixed C-C torsion / cyclic-ring torsional/out-of-plane deformation,nu(C2-H14),bond,0.0002742910636695981,-,-0.0005603849266898283,0.33200730465984796
13,327.5253731108884,,,mixed C-C torsion / cyclic-ring torsional/out-of-plane deformation,nu(C3-C8),bond,0.0002685837328201395,-,-0.0005561101593378202,0.33011626112312614
13,327.5253731108884,,,mixed C-C torsion / cyclic-ring torsional/out-of-plane deformation,nu(C7-H19),bond,0.00024329661880175213,+,0.0005254700764439846,0.3349260785391822
13,327.5253731108884,,,mixed C-C torsion / cyclic-ring torsional/out-of-plane deformation,nu(O9-H22),bond,0.00014393223850394586,+,0.000324130672219663,0.5207468965628298
13,327.5253731108884,,,mixed C-C torsion / cyclic-ring torsional/out-of-plane deformation,nu(C1-H12),bond,6.0296235927660424e-05,-,-0.00026184834942553773,0.33427153116902686
13,327.5253731108884,,,mixed C-C torsion / cyclic-ring torsional/out-of-plane deformation,nu(C6-H18),bond,4.892075196444052e-05,-,-0.00023628419962245248,0.33306778735766407
13,327.5253731108884,,,mixed C-C torsion / cyclic-ring torsional/out-of-plane deformation,nu(C8-O9),bond,3.708217056868965e-05,-,-0.00021140597544426536,0.3153838863168852
13,327.5253731108884,,,mixed C-C torsion / cyclic-ring torsional/out-of-plane deformation,nu(C1-H10),bond,1.767080315645626e-05,+,0.00014064509716534243,0.33955956196528847
13,327.5253731108884,,,mixed C-C torsion / cyclic-ring torsional/out-of-plane deformation,nu(C1-H11),bond,6.830396595612493e-06,+,8.814118832700378e-05,0.3341927227283412
13,327.5253731108884,,,mixed C-C torsion / cyclic-ring torsional/out-of-plane deformation,nu(C6-H17),bond,3.5040857006496487e-06,+,6.344389079546087e-05,0.33090548953252324
13,327.5253731108884,,,mixed C-C torsion / cyclic-ring torsional/out-of-plane deformation,nu(C2-H13),bond,1.4881826017319727e-07,+,1.3227992064603356e-05,0.32327881233108835
14,410.80857207790274,,,mixed cyclic-ring torsional/out-of-plane deformation / ring-site C-H out-of-plane bending / C-C torsion,tau(H13-C2-C3-C4),dihedral,18.192876796814875,-,-0.07273733829942558,0.7244680264882472
14,410.80857207790274,,,mixed cyclic-ring torsional/out-of-plane deformation / ring-site C-H out-of-plane bending / C-C torsion,tau(N5-C3-C8-O9),dihedral,17.055571795320958,+,0.07722471388996681,0.6025406091278427
14,410.80857207790274,,,mixed cyclic-ring torsional/out-of-plane deformation / ring-site C-H out-of-plane bending / C-C torsion,tau(C2-C3-C4-H16),dihedral,13.546111933191776,+,0.10818651863160138,0.24383779514721982
14,410.80857207790274,,,mixed cyclic-ring torsional/out-of-plane deformation / ring-site C-H out-of-plane bending / C-C torsion,tau(C2-C3-N5-C6),dihedral,6.6747061415774365,-,-0.04070971442510013,0.8485329137332114
14,410.80857207790274,,,mixed cyclic-ring torsional/out-of-plane deformation / ring-site C-H out-of-plane bending / C-C torsion,tau(C8-C3-C4-N5),dihedral,5.9993295310095265,+,0.03250910686982796,1.195983795278429
14,410.80857207790274,,,mixed cyclic-ring torsional/out-of-plane deformation / ring-site C-H out-of-plane bending / C-C torsion,delta(C2-C3-C8),angle,4.404285914011299,+,0.03163292760772566,0.9273194814098629
14,410.80857207790274,,,mixed cyclic-ring torsional/out-of-plane deformation / ring-site C-H out-of-plane bending / C-C torsion,tau(N5-C6-C7-H19),dihedral,4.339520102932413,-,-0.06495658892964987,0.21668454548083232
14,410.80857207790274,,,mixed cyclic-ring torsional/out-of-plane deformation / ring-site C-H out-of-plane bending / C-C torsion,tau(C3-N5-C6-H17),dihedral,3.3459875575525633,+,0.0586177975206963,0.20516250023230395
14,410.80857207790274,,,mixed cyclic-ring torsional/out-of-plane deformation / ring-site C-H out-of-plane bending / C-C torsion,tau(C3-N5-C6-H18),dihedral,3.149801926968623,+,0.058867016999231726,0.19150135016784978
14,410.80857207790274,,,mixed cyclic-ring torsional/out-of-plane deformation / ring-site C-H out-of-plane bending / C-C torsion,tau(H11-C1-C2-H13),dihedral,2.428693931462047,+,0.053940978255133235,0.17586029811300968
14,410.80857207790274,,,mixed cyclic-ring torsional/out-of-plane deformation / ring-site C-H out-of-plane bending / C-C torsion,tau(C6-C7-C8-O9),dihedral,2.309160470097416,+,0.03762015543270494,0.3437522879047999
14,410.80857207790274,,,mixed cyclic-ring torsional/out-of-plane deformation / ring-site C-H out-of-plane bending / C-C torsion,tau(C4-C3-N5-C6),dihedral,1.990777204550606,-,-0.026169446094081953,0.6124438142435374
14,410.80857207790274,,,mixed cyclic-ring torsional/out-of-plane deformation / ring-site C-H out-of-plane bending / C-C torsion,tau(H12-C1-C2-C3),dihedral,1.9781605716481396,+,0.04903488524180028,0.17333404380475795
14,410.80857207790274,,,mixed cyclic-ring torsional/out-of-plane deformation / ring-site C-H out-of-plane bending / C-C torsion,delta(C7-C8-H21),angle,1.962684667950055,-,-0.02205801244880697,0.8498659491447228
14,410.80857207790274,,,mixed cyclic-ring torsional/out-of-plane deformation / ring-site C-H out-of-plane bending / C-C torsion,nu(C3-N5),bond,1.820716766151759,-,-0.03439348820137593,0.3242818163336834
14,410.80857207790274,,,mixed cyclic-ring torsional/out-of-plane deformation / ring-site C-H out-of-plane bending / C-C torsion,nu(C2-C3),bond,1.6131423300375474,-,-0.03435726863305682,0.2879175118810551
14,410.80857207790274,,,mixed cyclic-ring torsional/out-of-plane deformation / ring-site C-H out-of-plane bending / C-C torsion,tau(H14-C2-C3-C8),dihedral,1.5111610890276121,-,-0.0205056934975926,0.7571719090760054
14,410.80857207790274,,,mixed cyclic-ring torsional/out-of-plane deformation / ring-site C-H out-of-plane bending / C-C torsion,nu(C6-C7),bond,1.4414085538848997,+,0.030407378651523848,0.32844434189084687
14,410.80857207790274,,,mixed cyclic-ring torsional/out-of-plane deformation / ring-site C-H out-of-plane bending / C-C torsion,nu(C7-C8),bond,0.8764671379321095,+,0.026513837718263766,0.2626776389289826
14,410.80857207790274,,,mixed cyclic-ring torsional/out-of-plane deformation / ring-site C-H out-of-plane bending / C-C torsion,nu(C1-C2),bond,0.8482812125711102,-,-0.025466893727858996,0.2755627756868186
14,410.80857207790274,,,mixed cyclic-ring torsional/out-of-plane deformation / ring-site C-H out-of-plane bending / C-C torsion,delta(O9-C8-H21),angle,0.739267122517711,-,-0.013149910787831856,0.9007171530836973
14,410.80857207790274,,,mixed cyclic-ring torsional/out-of-plane deformation / ring-site C-H out-of-plane bending / C-C torsion,nu(N5-C6),bond,0.5471325749279335,-,-0.018866578198501315,0.3238463052348426
14,410.80857207790274,,,mixed cyclic-ring torsional/out-of-plane deformation / ring-site C-H out-of-plane bending / C-C torsion,delta(C3-C2-H14),angle,0.5112228985713799,-,-0.013222941822064514,0.6160086042110487
14,410.80857207790274,,,mixed cyclic-ring torsional/out-of-plane deformation / ring-site C-H out-of-plane bending / C-C torsion,delta(N5-C6-C7),angle,0.4641533076737573,+,0.009118054312192573,1.1762232354515754
14,410.80857207790274,,,mixed cyclic-ring torsional/out-of-plane deformation / ring-site C-H out-of-plane bending / C-C torsion,delta(C1-C2-C3),angle,0.36337972568353544,-,-0.013853953054558459,0.39888336380392314
14,410.80857207790274,,,mixed cyclic-ring torsional/out-of-plane deformation / ring-site C-H out-of-plane bending / C-C torsion,"gamma(H16;C4,C3,H15)",oop,0.2862210714033164,+,0.018999109564404138,0.16705818655223026
14,410.80857207790274,,,mixed cyclic-ring torsional/out-of-plane deformation / ring-site C-H out-of-plane bending / C-C torsion,"gamma(C8;C7,H19,H20)",oop,0.2705957080197019,-,-0.016372051067641287,0.21269014963965546
14,410.80857207790274,,,mixed cyclic-ring torsional/out-of-plane deformation / ring-site C-H out-of-plane bending / C-C torsion,"gamma(C3;C2,H13,H14)",oop,0.2373535682725159,+,0.009062587740815337,0.6088691511213071
14,410.80857207790274,,,mixed cyclic-ring torsional/out-of-plane deformation / ring-site C-H out-of-plane bending / C-C torsion,tau(H21-C8-O9-H22),dihedral,0.21169104509649792,+,0.07633514394909212,0.007653958151576438
14,410.80857207790274,,,mixed cyclic-ring torsional/out-of-plane deformation / ring-site C-H out-of-plane bending / C-C torsion,nu(C8-O9),bond,0.14964395469870614,+,0.009998300038461309,0.3153838863168852
14,410.80857207790274,,,mixed cyclic-ring torsional/out-of-plane deformation / ring-site C-H out-of-plane bending / C-C torsion,nu(C3-C8),bond,0.13982711640461182,-,-0.009446666183769612,0.33011626112312614
14,410.80857207790274,,,mixed cyclic-ring torsional/out-of-plane deformation / ring-site C-H out-of-plane bending / C-C torsion,delta(C2-C1-H12),angle,0.13088411700577213,+,0.00845754371223113,0.38550596241050855
14,410.80857207790274,,,mixed cyclic-ring torsional/out-of-plane deformation / ring-site C-H out-of-plane bending / C-C torsion,delta(C1-C2-H14),angle,0.11998899325208401,+,0.007589799734436303,0.43884729955830637
14,410.80857207790274,,,mixed cyclic-ring torsional/out-of-plane deformation / ring-site C-H out-of-plane bending / C-C torsion,delta(C8-O9-H22),angle,0.07691779365564887,+,0.009665451818342871,0.17346631468839127
14,410.80857207790274,,,mixed cyclic-ring torsional/out-of-plane deformation / ring-site C-H out-of-plane bending / C-C torsion,delta(C3-C8-H21),angle,0.0522989501026567,+,0.003962094953315395,0.7019010077438758
14,410.80857207790274,,,mixed cyclic-ring torsional/out-of-plane deformation / ring-site C-H out-of-plane bending / C-C torsion,delta(N5-C6-H17),angle,0.04169490677652237,+,0.005914367387554277,0.251130270498446
14,410.80857207790274,,,mixed cyclic-ring torsional/out-of-plane deformation / ring-site C-H out-of-plane bending / C-C torsion,delta(C2-C1-H11),angle,0.040167888558314574,-,-0.004718310864876012,0.38013561079786046
14,410.80857207790274,,,mixed cyclic-ring torsional/out-of-plane deformation / ring-site C-H out-of-plane bending / C-C torsion,nu(C4-N5),bond,0.036918648789827854,+,0.004651790437145639,0.35944973574991873
14,410.80857207790274,,,mixed cyclic-ring torsional/out-of-plane deformation / ring-site C-H out-of-plane bending / C-C torsion,delta(C3-C4-H15),angle,0.030244600871673685,-,-0.00526768086590754,0.22963685996427452
14,410.80857207790274,,,mixed cyclic-ring torsional/out-of-plane deformation / ring-site C-H out-of-plane bending / C-C torsion,delta(H15-C4-H16),angle,0.02550005672241563,+,0.00469928266440179,0.24328238400212834
14,410.80857207790274,,,mixed cyclic-ring torsional/out-of-plane deformation / ring-site C-H out-of-plane bending / C-C torsion,nu(C3-C4),bond,0.014526950234278314,-,-0.003082806282333012,0.32204356991514493
14,410.80857207790274,,,mixed cyclic-ring torsional/out-of-plane deformation / ring-site C-H out-of-plane bending / C-C torsion,delta(C6-C7-H20),angle,0.00910815878668899,+,0.0023892034888844714,0.33616846176778953
14,410.80857207790274,,,mixed cyclic-ring torsional/out-of-plane deformation / ring-site C-H out-of-plane bending / C-C torsion,delta(H10-C1-H11),angle,0.0036812623860439184,-,-0.0019335237066317348,0.20745811382014626
14,410.80857207790274,,,mixed cyclic-ring torsional/out-of-plane deformation / ring-site C-H out-of-plane bending / C-C torsion,delta(N5-C6-H18),angle,0.002134161750380532,-,-0.0013991158632970877,0.2296955728995778
14,410.80857207790274,,,mixed cyclic-ring torsional/out-of-plane deformation / ring-site C-H out-of-plane bending / C-C torsion,nu(C4-H16),bond,0.0012581802605590331,-,-0.0008701236552526327,0.3501172997314638
14,410.80857207790274,,,mixed cyclic-ring torsional/out-of-plane deformation / ring-site C-H out-of-plane bending / C-C torsion,delta(H13-C2-H14),angle,0.0010574985453567058,-,-0.00046974488924291126,1.009690582029088
14,410.80857207790274,,,mixed cyclic-ring torsional/out-of-plane deformation / ring-site C-H out-of-plane bending / C-C torsion,delta(H19-C7-H20),angle,0.0009210301385114792,+,0.0008480886825296155,0.26978882731842474
14,410.80857207790274,,,mixed cyclic-ring torsional/out-of-plane deformation / ring-site C-H out-of-plane bending / C-C torsion,nu(C4-H15),bond,0.0005780382171779897,-,-0.0005897337263799993,0.3501686615835324
14,410.80857207790274,,,mixed cyclic-ring torsional/out-of-plane deformation / ring-site C-H out-of-plane bending / C-C torsion,nu(O9-H22),bond,0.0005672833588983356,+,0.0004790744435192614,0.5207468965628298
14,410.80857207790274,,,mixed cyclic-ring torsional/out-of-plane deformation / ring-site C-H out-of-plane bending / C-C torsion,nu(C2-H14),bond,0.0003556437529168049,-,-0.00047506178896248013,0.33200730465984796
14,410.80857207790274,,,mixed cyclic-ring torsional/out-of-plane deformation / ring-site C-H out-of-plane bending / C-C torsion,nu(C1-H11),bond,0.00035388549728501917,+,0.0004723340073862138,0.3341927227283412
14,410.80857207790274,,,mixed cyclic-ring torsional/out-of-plane deformation / ring-site C-H out-of-plane bending / C-C torsion,nu(C1-H12),bond,0.0002796138040345243,-,-0.00041980338461873135,0.33427153116902686
14,410.80857207790274,,,mixed cyclic-ring torsional/out-of-plane deformation / ring-site C-H out-of-plane bending / C-C torsion,nu(C7-H20),bond,0.00027534342705587807,+,0.0004163795172897056,0.33460209280992387
14,410.80857207790274,,,mixed cyclic-ring torsional/out-of-plane deformation / ring-site C-H out-of-plane bending / C-C torsion,nu(C7-H19),bond,0.00025504925410243606,-,-0.0004005473600283038,0.3349260785391822
14,410.80857207790274,,,mixed cyclic-ring torsional/out-of-plane deformation / ring-site C-H out-of-plane bending / C-C torsion,nu(C1-H10),bond,0.000203612337517102,-,-0.0003554351626117659,0.33955956196528847
14,410.80857207790274,,,mixed cyclic-ring torsional/out-of-plane deformation / ring-site C-H out-of-plane bending / C-C torsion,"gamma(H12;C1,H10,H11)",oop,0.00016084246591376784,-,-0.00033642166073792254,0.2994094311841051
14,410.80857207790274,,,mixed cyclic-ring torsional/out-of-plane deformation / ring-site C-H out-of-plane bending / C-C torsion,nu(C6-H18),bond,0.00010852625490521653,+,0.0002620097298219531,0.33306778735766407
14,410.80857207790274,,,mixed cyclic-ring torsional/out-of-plane deformation / ring-site C-H out-of-plane bending / C-C torsion,nu(C6-H17),bond,9.690008133643113e-05,-,-0.00024838559865309693,0.33090548953252324
14,410.80857207790274,,,mixed cyclic-ring torsional/out-of-plane deformation / ring-site C-H out-of-plane bending / C-C torsion,nu(C2-H13),bond,7.928277500488422e-05,+,0.00022730925964235124,0.32327881233108835
14,410.80857207790274,,,mixed cyclic-ring torsional/out-of-plane deformation / ring-site C-H out-of-plane bending / C-C torsion,nu(C8-H21),bond,4.9052974691084365e-05,-,-0.00018113398070014665,0.31499099646613576
15,456.99917110081014,,,mixed cyclic-ring torsional/out-of-plane deformation / ring-site C-H out-of-plane bending / C-C torsion,tau(C4-C3-N5-C6),dihedral,36.527809770593436,+,0.10720192219406734,0.6124438142435374
15,456.99917110081014,,,mixed cyclic-ring torsional/out-of-plane deformation / ring-site C-H out-of-plane bending / C-C torsion,tau(C8-C3-C4-N5),dihedral,9.018316641704542,-,-0.03811746189895801,1.195983795278429
15,456.99917110081014,,,mixed cyclic-ring torsional/out-of-plane deformation / ring-site C-H out-of-plane bending / C-C torsion,tau(C2-C3-C4-H16),dihedral,8.248156854820477,-,-0.08073313682229363,0.24383779514721982
15,456.99917110081014,,,mixed cyclic-ring torsional/out-of-plane deformation / ring-site C-H out-of-plane bending / C-C torsion,tau(C3-N5-C6-H18),dihedral,6.5236874938087,-,-0.08101856316810939,0.19150135016784978
15,456.99917110081014,,,mixed cyclic-ring torsional/out-of-plane deformation / ring-site C-H out-of-plane bending / C-C torsion,tau(H11-C1-C2-H13),dihedral,6.514008206179051,+,0.08448198913595635,0.17586029811300968
15,456.99917110081014,,,mixed cyclic-ring torsional/out-of-plane deformation / ring-site C-H out-of-plane bending / C-C torsion,tau(H14-C2-C3-C8),dihedral,5.558095957701942,-,-0.03760881556525234,0.7571719090760054
15,456.99917110081014,,,mixed cyclic-ring torsional/out-of-plane deformation / ring-site C-H out-of-plane bending / C-C torsion,tau(C3-N5-C6-H17),dihedral,4.858235730648937,-,-0.06754826259441819,0.20516250023230395
15,456.99917110081014,,,mixed cyclic-ring torsional/out-of-plane deformation / ring-site C-H out-of-plane bending / C-C torsion,tau(H13-C2-C3-C4),dihedral,2.996010544743122,-,-0.02822837900810564,0.7244680264882472
15,456.99917110081014,,,mixed cyclic-ring torsional/out-of-plane deformation / ring-site C-H out-of-plane bending / C-C torsion,delta(C2-C3-C8),angle,2.6838613698482563,+,0.023615069632604402,0.9273194814098629
15,456.99917110081014,,,mixed cyclic-ring torsional/out-of-plane deformation / ring-site C-H out-of-plane bending / C-C torsion,delta(N5-C6-C7),angle,2.474544117321628,+,0.020133839674116298,1.1762232354515754
15,456.99917110081014,,,mixed cyclic-ring torsional/out-of-plane deformation / ring-site C-H out-of-plane bending / C-C torsion,delta(C3-C4-H15),angle,1.9796355821333214,-,-0.04075638991008266,0.22963685996427452
15,456.99917110081014,,,mixed cyclic-ring torsional/out-of-plane deformation / ring-site C-H out-of-plane bending / C-C torsion,tau(H12-C1-C2-C3),dihedral,1.5296722226174082,+,0.04123643747030189,0.17333404380475795
15,456.99917110081014,,,mixed cyclic-ring torsional/out-of-plane deformation / ring-site C-H out-of-plane bending / C-C torsion,delta(C7-C8-H21),angle,1.5280677760943295,-,-0.01861315426698232,0.8498659491447228
15,456.99917110081014,,,mixed cyclic-ring torsional/out-of-plane deformation / ring-site C-H out-of-plane bending / C-C torsion,delta(C3-C2-H14),angle,1.4582216218760622,-,-0.02135709897193815,0.6160086042110487
15,456.99917110081014,,,mixed cyclic-ring torsional/out-of-plane deformation / ring-site C-H out-of-plane bending / C-C torsion,delta(N5-C6-H17),angle,1.4092909527707544,-,-0.03288324607108674,0.251130270498446
15,456.99917110081014,,,mixed cyclic-ring torsional/out-of-plane deformation / ring-site C-H out-of-plane bending / C-C torsion,delta(C1-C2-C3),angle,1.4087450764478535,+,0.026086578825664588,0.39888336380392314
15,456.99917110081014,,,mixed cyclic-ring torsional/out-of-plane deformation / ring-site C-H out-of-plane bending / C-C torsion,delta(C1-C2-H14),angle,0.5425657325717961,-,-0.01543452782577997,0.43884729955830637
15,456.99917110081014,,,mixed cyclic-ring torsional/out-of-plane deformation / ring-site C-H out-of-plane bending / C-C torsion,"gamma(C8;C7,H19,H20)",oop,0.46695426301984044,-,-0.02056777754966236,0.21269014963965546
15,456.99917110081014,,,mixed cyclic-ring torsional/out-of-plane deformation / ring-site C-H out-of-plane bending / C-C torsion,delta(C2-C1-H12),angle,0.41758413844391673,-,-0.014447088391931606,0.38550596241050855
15,456.99917110081014,,,mixed cyclic-ring torsional/out-of-plane deformation / ring-site C-H out-of-plane bending / C-C torsion,delta(C3-C8-H21),angle,0.38539159831810943,-,-0.010285776209020412,0.7019010077438758
15,456.99917110081014,,,mixed cyclic-ring torsional/out-of-plane deformation / ring-site C-H out-of-plane bending / C-C torsion,tau(C6-C7-C8-O9),dihedral,0.3701918573113276,+,0.014405041536334024,0.3437522879047999
15,456.99917110081014,,,mixed cyclic-ring torsional/out-of-plane deformation / ring-site C-H out-of-plane bending / C-C torsion,nu(C4-N5),bond,0.35785776322580126,+,0.013850326771344628,0.35944973574991873
15,456.99917110081014,,,mixed cyclic-ring torsional/out-of-plane deformation / ring-site C-H out-of-plane bending / C-C torsion,delta(N5-C6-H18),angle,0.34490079382436983,+,0.017009622184740225,0.2296955728995778
15,456.99917110081014,,,mixed cyclic-ring torsional/out-of-plane deformation / ring-site C-H out-of-plane bending / C-C torsion,nu(C8-O9),bond,0.34119764802655417,-,-0.014438003634975962,0.3153838863168852
15,456.99917110081014,,,mixed cyclic-ring torsional/out-of-plane deformation / ring-site C-H out-of-plane bending / C-C torsion,nu(N5-C6),bond,0.29490979274531054,+,0.013246434804575855,0.3238463052348426
15,456.99917110081014,,,mixed cyclic-ring torsional/out-of-plane deformation / ring-site C-H out-of-plane bending / C-C torsion,nu(C3-C4),bond,0.2091638057638277,-,-0.011186902015533904,0.32204356991514493
15,456.99917110081014,,,mixed cyclic-ring torsional/out-of-plane deformation / ring-site C-H out-of-plane bending / C-C torsion,delta(C2-C1-H11),angle,0.18053543985607692,+,0.009566120318355733,0.38013561079786046
15,456.99917110081014,,,mixed cyclic-ring torsional/out-of-plane deformation / ring-site C-H out-of-plane bending / C-C torsion,nu(C1-C2),bond,0.16883325962955006,+,0.010865322215296761,0.2755627756868186
15,456.99917110081014,,,mixed cyclic-ring torsional/out-of-plane deformation / ring-site C-H out-of-plane bending / C-C torsion,delta(C8-O9-H22),angle,0.15392789420179528,+,0.01307600177078983,0.17346631468839127
15,456.99917110081014,,,mixed cyclic-ring torsional/out-of-plane deformation / ring-site C-H out-of-plane bending / C-C torsion,delta(H19-C7-H20),angle,0.13833324916929016,+,0.009939743819832475,0.26978882731842474
15,456.99917110081014,,,mixed cyclic-ring torsional/out-of-plane deformation / ring-site C-H out-of-plane bending / C-C torsion,delta(O9-C8-H21),angle,0.10252389808289468,+,0.004683194780344537,0.9007171530836973
15,456.99917110081014,,,mixed cyclic-ring torsional/out-of-plane deformation / ring-site C-H out-of-plane bending / C-C torsion,tau(C2-C3-N5-C6),dihedral,0.09392738684697796,+,0.00461833738327294,0.8485329137332114
15,456.99917110081014,,,mixed cyclic-ring torsional/out-of-plane deformation / ring-site C-H out-of-plane bending / C-C torsion,tau(N5-C3-C8-O9),dihedral,0.0931788990138261,+,0.005458703543547152,0.6025406091278427
15,456.99917110081014,,,mixed cyclic-ring torsional/out-of-plane deformation / ring-site C-H out-of-plane bending / C-C torsion,nu(C7-C8),bond,0.08692134170962791,+,0.007985011415956955,0.2626776389289826
15,456.99917110081014,,,mixed cyclic-ring torsional/out-of-plane deformation / ring-site C-H out-of-plane bending / C-C torsion,delta(H13-C2-H14),angle,0.07796787927624893,-,-0.0038573370682352323,1.009690582029088
15,456.99917110081014,,,mixed cyclic-ring torsional/out-of-plane deformation / ring-site C-H out-of-plane bending / C-C torsion,nu(C3-C8),bond,0.07665655100857924,+,0.00668905953644864,0.33011626112312614
15,456.99917110081014,,,mixed cyclic-ring torsional/out-of-plane deformation / ring-site C-H out-of-plane bending / C-C torsion,"gamma(H16;C4,C3,H15)",oop,0.06335363262932972,+,0.008548221406253678,0.16705818655223026
15,456.99917110081014,,,mixed cyclic-ring torsional/out-of-plane deformation / ring-site C-H out-of-plane bending / C-C torsion,nu(C2-C3),bond,0.05320640807862383,+,0.005967216745507726,0.2879175118810551
15,456.99917110081014,,,mixed cyclic-ring torsional/out-of-plane deformation / ring-site C-H out-of-plane bending / C-C torsion,delta(H15-C4-H16),angle,0.051919927627843865,+,0.006412621258012077,0.24328238400212834
15,456.99917110081014,,,mixed cyclic-ring torsional/out-of-plane deformation / ring-site C-H out-of-plane bending / C-C torsion,"gamma(C3;C2,H13,H14)",oop,0.04582087844041742,+,0.0038079707406846793,0.6088691511213071
15,456.99917110081014,,,mixed cyclic-ring torsional/out-of-plane deformation / ring-site C-H out-of-plane bending / C-C torsion,nu(C6-C7),bond,0.04445247671267716,-,-0.005106707366596706,0.32844434189084687
15,456.99917110081014,,,mixed cyclic-ring torsional/out-of-plane deformation / ring-site C-H out-of-plane bending / C-C torsion,tau(H21-C8-O9-H22),dihedral,0.03365260281794618,+,0.029106512423310152,0.007653958151576438
15,456.99917110081014,,,mixed cyclic-ring torsional/out-of-plane deformation / ring-site C-H out-of-plane bending / C-C torsion,tau(N5-C6-C7-H19),dihedral,0.022319500221666063,-,-0.004455045529558492,0.21668454548083232
15,456.99917110081014,,,mixed cyclic-ring torsional/out-of-plane deformation / ring-site C-H out-of-plane bending / C-C torsion,delta(C6-C7-H20),angle,0.019758246431014644,+,0.003365267552282815,0.33616846176778953
15,456.99917110081014,,,mixed cyclic-ring torsional/out-of-plane deformation / ring-site C-H out-of-plane bending / C-C torsion,nu(C3-N5),bond,0.00960268000449487,-,-0.002388684616545342,0.3242818163336834
15,456.99917110081014,,,mixed cyclic-ring torsional/out-of-plane deformation / ring-site C-H out-of-plane bending / C-C torsion,delta(H10-C1-H11),angle,0.008211890363696399,+,0.0027617237921614985,0.20745811382014626
15,456.99917110081014,,,mixed cyclic-ring torsional/out-of-plane deformation / ring-site C-H out-of-plane bending / C-C torsion,nu(C4-H15),bond,0.008121534229215376,+,0.002113996597966953,0.3501686615835324
15,456.99917110081014,,,mixed cyclic-ring torsional/out-of-plane deformation / ring-site C-H out-of-plane bending / C-C torsion,nu(C8-H21),bond,0.0046059136357672285,+,0.0016785439137932895,0.31499099646613576
15,456.99917110081014,,,mixed cyclic-ring torsional/out-of-plane deformation / ring-site C-H out-of-plane bending / C-C torsion,nu(C7-H20),bond,0.0037136441255449892,+,0.001462378178335156,0.33460209280992387
15,456.99917110081014,,,mixed cyclic-ring torsional/out-of-plane deformation / ring-site C-H out-of-plane bending / C-C torsion,nu(C6-H17),bond,0.00223630309779891,+,0.0011411355346544947,0.33090548953252324
15,456.99917110081014,,,mixed cyclic-ring torsional/out-of-plane deformation / ring-site C-H out-of-plane bending / C-C torsion,nu(C6-H18),bond,0.0021801500472909715,-,-0.0011230543102720555,0.33306778735766407
15,456.99917110081014,,,mixed cyclic-ring torsional/out-of-plane deformation / ring-site C-H out-of-plane bending / C-C torsion,nu(C7-H19),bond,0.001961894215802627,+,0.0010623978759762935,0.3349260785391822
15,456.99917110081014,,,mixed cyclic-ring torsional/out-of-plane deformation / ring-site C-H out-of-plane bending / C-C torsion,nu(C2-H14),bond,0.0014963188109614388,+,0.0009318845919331368,0.33200730465984796
15,456.99917110081014,,,mixed cyclic-ring torsional/out-of-plane deformation / ring-site C-H out-of-plane bending / C-C torsion,"gamma(H12;C1,H10,H11)",oop,0.0014940189006224494,+,0.0009805487500686725,0.2994094311841051
15,456.99917110081014,,,mixed cyclic-ring torsional/out-of-plane deformation / ring-site C-H out-of-plane bending / C-C torsion,nu(C4-H16),bond,0.0009620810148094886,+,0.0007276506469157744,0.3501172997314638
15,456.99917110081014,,,mixed cyclic-ring torsional/out-of-plane deformation / ring-site C-H out-of-plane bending / C-C torsion,nu(C2-H13),bond,0.0004952961244523923,-,-0.000543335055930329,0.32327881233108835
15,456.99917110081014,,,mixed cyclic-ring torsional/out-of-plane deformation / ring-site C-H out-of-plane bending / C-C torsion,nu(C1-H12),bond,0.0003381074922792012,+,0.00044147039448881744,0.33427153116902686
15,456.99917110081014,,,mixed cyclic-ring torsional/out-of-plane deformation / ring-site C-H out-of-plane bending / C-C torsion,nu(C1-H10),bond,0.00014433591044993034,-,-0.00028618910622193127,0.33955956196528847
15,456.99917110081014,,,mixed cyclic-ring torsional/out-of-plane deformation / ring-site C-H out-of-plane bending / C-C torsion,nu(C1-H11),bond,4.352883351376427e-05,+,0.00015842142042025875,0.3341927227283412
15,456.99917110081014,,,mixed cyclic-ring torsional/out-of-plane deformation / ring-site C-H out-of-plane bending / C-C torsion,nu(O9-H22),bond,2.5518878224850697e-05,-,-9.717204154721151e-05,0.5207468965628298
16,533.230537478499,,,mixed ring-site C-H in-plane bending / ring-site C-H out-of-plane bending / C-C torsion,delta(C7-C8-H21),angle,17.493050129563763,+,0.06291182912751868,0.8498659491447228
16,533.230537478499,,,mixed ring-site C-H in-plane bending / ring-site C-H out-of-plane bending / C-C torsion,tau(H14-C2-C3-C8),dihedral,14.554641855749832,+,0.060796457072844,0.7571719090760054
16,533.230537478499,,,mixed ring-site C-H in-plane bending / ring-site C-H out-of-plane bending / C-C torsion,delta(O9-C8-H21),angle,9.998876493107659,+,0.04620150701158044,0.9007171530836973
16,533.230537478499,,,mixed ring-site C-H in-plane bending / ring-site C-H out-of-plane bending / C-C torsion,tau(N5-C6-C7-H19),dihedral,7.291104808835504,+,0.08043729517331659,0.21668454548083232
16,533.230537478499,,,mixed ring-site C-H in-plane bending / ring-site C-H out-of-plane bending / C-C torsion,tau(C2-C3-C4-H16),dihedral,5.577418755954784,+,0.06631944322671594,0.24383779514721982
16,533.230537478499,,,mixed ring-site C-H in-plane bending / ring-site C-H out-of-plane bending / C-C torsion,nu(C7-C8),bond,4.789540263299723,-,-0.059212052932096144,0.2626776389289826
16,533.230537478499,,,mixed ring-site C-H in-plane bending / ring-site C-H out-of-plane bending / C-C torsion,nu(C2-C3),bond,4.515376598680705,-,-0.05491458489722674,0.2879175118810551
16,533.230537478499,,,mixed ring-site C-H in-plane bending / ring-site C-H out-of-plane bending / C-C torsion,delta(C2-C3-C8),angle,4.100318517071975,-,-0.029158747279257397,0.9273194814098629
16,533.230537478499,,,mixed ring-site C-H in-plane bending / ring-site C-H out-of-plane bending / C-C torsion,tau(C6-C7-C8-O9),dihedral,3.7816776465210475,+,0.045993261857779244,0.3437522879047999
16,533.230537478499,,,mixed ring-site C-H in-plane bending / ring-site C-H out-of-plane bending / C-C torsion,nu(C3-C8),bond,3.1706222275835287,-,-0.04297476866701066,0.33011626112312614
16,533.230537478499,,,mixed ring-site C-H in-plane bending / ring-site C-H out-of-plane bending / C-C torsion,nu(C8-O9),bond,2.7812651003822957,-,-0.04117903825258541,0.3153838863168852
16,533.230537478499,,,mixed ring-site C-H in-plane bending / ring-site C-H out-of-plane bending / C-C torsion,delta(C3-C8-H21),angle,2.6002803194862163,+,0.02668989762523716,0.7019010077438758
16,533.230537478499,,,mixed ring-site C-H in-plane bending / ring-site C-H out-of-plane bending / C-C torsion,tau(C3-N5-C6-H17),dihedral,2.008532556354006,+,0.04338755755139331,0.20516250023230395
16,533.230537478499,,,mixed ring-site C-H in-plane bending / ring-site C-H out-of-plane bending / C-C torsion,tau(C3-N5-C6-H18),dihedral,1.9694970518653385,+,0.0444699359387848,0.19150135016784978
16,533.230537478499,,,mixed ring-site C-H in-plane bending / ring-site C-H out-of-plane bending / C-C torsion,tau(H13-C2-C3-C4),dihedral,1.9694655451359206,-,-0.022863322300727174,0.7244680264882472
16,533.230537478499,,,mixed ring-site C-H in-plane bending / ring-site C-H out-of-plane bending / C-C torsion,tau(C2-C3-N5-C6),dihedral,1.7803659601107529,-,-0.02008607366429367,0.8485329137332114
16,533.230537478499,,,mixed ring-site C-H in-plane bending / ring-site C-H out-of-plane bending / C-C torsion,delta(C1-C2-C3),angle,1.6547477664878047,+,0.028243446798387757,0.39888336380392314
16,533.230537478499,,,mixed ring-site C-H in-plane bending / ring-site C-H out-of-plane bending / C-C torsion,"gamma(C3;C2,H13,H14)",oop,1.4397873637248393,+,0.02132366985519465,0.6088691511213071
16,533.230537478499,,,mixed ring-site C-H in-plane bending / ring-site C-H out-of-plane bending / C-C torsion,nu(C3-N5),bond,1.1965183739451006,-,-0.026636253781341015,0.3242818163336834
16,533.230537478499,,,mixed ring-site C-H in-plane bending / ring-site C-H out-of-plane bending / C-C torsion,delta(C3-C4-H15),angle,1.1729980433982987,-,-0.03134026038634977,0.22963685996427452
16,533.230537478499,,,mixed ring-site C-H in-plane bending / ring-site C-H out-of-plane bending / C-C torsion,tau(N5-C3-C8-O9),dihedral,1.0622339215148922,-,-0.018411606246029395,0.6025406091278427
16,533.230537478499,,,mixed ring-site C-H in-plane bending / ring-site C-H out-of-plane bending / C-C torsion,"gamma(H16;C4,C3,H15)",oop,0.8559912466161161,+,0.03138885955573306,0.16705818655223026
16,533.230537478499,,,mixed ring-site C-H in-plane bending / ring-site C-H out-of-plane bending / C-C torsion,tau(C4-C3-N5-C6),dihedral,0.7127031930461589,-,-0.014958773365916717,0.6124438142435374
16,533.230537478499,,,mixed ring-site C-H in-plane bending / ring-site C-H out-of-plane bending / C-C torsion,nu(C1-C2),bond,0.5923099488892354,-,-0.020330075656686503,0.2755627756868186
16,533.230537478499,,,mixed ring-site C-H in-plane bending / ring-site C-H out-of-plane bending / C-C torsion,delta(C2-C1-H12),angle,0.5242774089378847,-,-0.016171108049699467,0.38550596241050855
16,533.230537478499,,,mixed ring-site C-H in-plane bending / ring-site C-H out-of-plane bending / C-C torsion,nu(C4-N5),bond,0.432771787657526,+,0.015215461967186301,0.35944973574991873
16,533.230537478499,,,mixed ring-site C-H in-plane bending / ring-site C-H out-of-plane bending / C-C torsion,nu(C6-C7),bond,0.4322320865557385,-,-0.01590751589280228,0.32844434189084687
16,533.230537478499,,,mixed ring-site C-H in-plane bending / ring-site C-H out-of-plane bending / C-C torsion,delta(C8-O9-H22),angle,0.36145375110452505,+,0.020016749237961665,0.17346631468839127
16,533.230537478499,,,mixed ring-site C-H in-plane bending / ring-site C-H out-of-plane bending / C-C torsion,tau(C8-C3-C4-N5),dihedral,0.32090271458661873,-,-0.00718288319594764,1.195983795278429
16,533.230537478499,,,mixed ring-site C-H in-plane bending / ring-site C-H out-of-plane bending / C-C torsion,delta(C6-C7-H20),angle,0.1753465013016834,-,-0.010014858681234891,0.33616846176778953
16,533.230537478499,,,mixed ring-site C-H in-plane bending / ring-site C-H out-of-plane bending / C-C torsion,delta(N5-C6-C7),angle,0.14970726731490244,+,0.004947107194282596,1.1762232354515754
16,533.230537478499,,,mixed ring-site C-H in-plane bending / ring-site C-H out-of-plane bending / C-C torsion,delta(H13-C2-H14),angle,0.1191454714927031,-,-0.0047634254631357216,1.009690582029088
16,533.230537478499,,,mixed ring-site C-H in-plane bending / ring-site C-H out-of-plane bending / C-C torsion,delta(C3-C2-H14),angle,0.08174592072439676,-,-0.005051430849391518,0.6160086042110487
16,533.230537478499,,,mixed ring-site C-H in-plane bending / ring-site C-H out-of-plane bending / C-C torsion,delta(C2-C1-H11),angle,0.06230153199354516,+,0.00561377292427487,0.38013561079786046
16,533.230537478499,,,mixed ring-site C-H in-plane bending / ring-site C-H out-of-plane bending / C-C torsion,"gamma(C8;C7,H19,H20)",oop,0.047135337845385025,+,0.006527913336602773,0.21269014963965546
16,533.230537478499,,,mixed ring-site C-H in-plane bending / ring-site C-H out-of-plane bending / C-C torsion,tau(H11-C1-C2-H13),dihedral,0.047122236477767566,+,0.0071780057373969815,0.17586029811300968
16,533.230537478499,,,mixed ring-site C-H in-plane bending / ring-site C-H out-of-plane bending / C-C torsion,delta(C1-C2-H14),angle,0.04563768220631504,-,-0.00447177384254622,0.43884729955830637
16,533.230537478499,,,mixed ring-site C-H in-plane bending / ring-site C-H out-of-plane bending / C-C torsion,nu(C3-C4),bond,0.036886623297673025,-,-0.0046930144410048755,0.32204356991514493
16,533.230537478499,,,mixed ring-site C-H in-plane bending / ring-site C-H out-of-plane bending / C-C torsion,nu(N5-C6),bond,0.02880499718245956,+,0.004135606428245962,0.3238463052348426
16,533.230537478499,,,mixed ring-site C-H in-plane bending / ring-site C-H out-of-plane bending / C-C torsion,delta(H15-C4-H16),angle,0.016488388119929365,+,0.003610011004982905,0.24328238400212834
16,533.230537478499,,,mixed ring-site C-H in-plane bending / ring-site C-H out-of-plane bending / C-C torsion,nu(C4-H16),bond,0.008352244325408431,-,-0.002141753899696201,0.3501172997314638
16,533.230537478499,,,mixed ring-site C-H in-plane bending / ring-site C-H out-of-plane bending / C-C torsion,delta(H19-C7-H20),angle,0.0066258495250670355,+,0.002173119258461357,0.26978882731842474
16,533.230537478499,,,mixed ring-site C-H in-plane bending / ring-site C-H out-of-plane bending / C-C torsion,tau(H21-C8-O9-H22),dihedral,0.006588448992140117,-,-0.012865400452502073,0.007653958151576438
16,533.230537478499,,,mixed ring-site C-H in-plane bending / ring-site C-H out-of-plane bending / C-C torsion,delta(H10-C1-H11),angle,0.006254243065789186,+,0.0024076697803306836,0.20745811382014626
16,533.230537478499,,,mixed ring-site C-H in-plane bending / ring-site C-H out-of-plane bending / C-C torsion,delta(N5-C6-H18),angle,0.00597167665516823,+,0.002235870192289543,0.2296955728995778
16,533.230537478499,,,mixed ring-site C-H in-plane bending / ring-site C-H out-of-plane bending / C-C torsion,"gamma(H12;C1,H10,H11)",oop,0.0037190611952272025,+,0.0015454632439043257,0.2994094311841051
16,533.230537478499,,,mixed ring-site C-H in-plane bending / ring-site C-H out-of-plane bending / C-C torsion,delta(N5-C6-H17),angle,0.0032040196131700193,-,-0.001566292279328856,0.251130270498446
16,533.230537478499,,,mixed ring-site C-H in-plane bending / ring-site C-H out-of-plane bending / C-C torsion,nu(C8-H21),bond,0.0020737681777937434,+,0.0011251379911608574,0.31499099646613576
16,533.230537478499,,,mixed ring-site C-H in-plane bending / ring-site C-H out-of-plane bending / C-C torsion,nu(O9-H22),bond,0.001971487115128404,-,-0.0008532148050497758,0.5207468965628298
16,533.230537478499,,,mixed ring-site C-H in-plane bending / ring-site C-H out-of-plane bending / C-C torsion,nu(C7-H19),bond,0.0011267074509583063,-,-0.0008042773852130049,0.3349260785391822
16,533.230537478499,,,mixed ring-site C-H in-plane bending / ring-site C-H out-of-plane bending / C-C torsion,nu(C6-H18),bond,0.0010457546563808833,-,-0.0007770041600065624,0.33306778735766407
16,533.230537478499,,,mixed ring-site C-H in-plane bending / ring-site C-H out-of-plane bending / C-C torsion,nu(C2-H13),bond,0.0007919651108167835,+,0.000686339762818858,0.32327881233108835
16,533.230537478499,,,mixed ring-site C-H in-plane bending / ring-site C-H out-of-plane bending / C-C torsion,tau(H12-C1-C2-C3),dihedral,0.00040663379840915356,-,-0.0006716369156839742,0.17333404380475795
16,533.230537478499,,,mixed ring-site C-H in-plane bending / ring-site C-H out-of-plane bending / C-C torsion,nu(C2-H14),bond,0.0002845440042816796,-,-0.0004059529076604536,0.33200730465984796
16,533.230537478499,,,mixed ring-site C-H in-plane bending / ring-site C-H out-of-plane bending / C-C torsion,nu(C7-H20),bond,0.0002108542891181783,-,-0.0003480980975837325,0.33460209280992387
16,533.230537478499,,,mixed ring-site C-H in-plane bending / ring-site C-H out-of-plane bending / C-C torsion,nu(C1-H11),bond,4.726133752083922e-05,+,0.00016490326944906854,0.3341927227283412
16,533.230537478499,,,mixed ring-site C-H in-plane bending / ring-site C-H out-of-plane bending / C-C torsion,nu(C1-H10),bond,2.3972858384125495e-05,+,0.00011651361687042174,0.33955956196528847
16,533.230537478499,,,mixed ring-site C-H in-plane bending / ring-site C-H out-of-plane bending / C-C torsion,nu(C6-H17),bond,1.3133847606452812e-05,-,-8.736123338900236e-05,0.33090548953252324
16,533.230537478499,,,mixed ring-site C-H in-plane bending / ring-site C-H out-of-plane bending / C-C torsion,nu(C4-H15),bond,4.957477530270555e-06,-,-5.217548509529652e-05,0.3501686615835324
16,533.230537478499,,,mixed ring-site C-H in-plane bending / ring-site C-H out-of-plane bending / C-C torsion,nu(C1-H12),bond,2.237953623506515e-08,-,-3.5879848644550942e-06,0.33427153116902686
17,590.8003389101605,,,mixed cyclic-ring torsional/out-of-plane deformation / ring-site C-H out-of-plane bending,tau(C8-C3-C4-N5),dihedral,14.484335685056111,-,-0.057099351860290325,1.195983795278429
17,590.8003389101605,,,mixed cyclic-ring torsional/out-of-plane deformation / ring-site C-H out-of-plane bending,tau(N5-C6-C7-H19),dihedral,14.000040140517845,-,-0.13188494036085588,0.21668454548083232
17,590.8003389101605,,,mixed cyclic-ring torsional/out-of-plane deformation / ring-site C-H out-of-plane bending,tau(N5-C3-C8-O9),dihedral,8.343273598703474,+,0.061054772484384054,0.6025406091278427
17,590.8003389101605,,,mixed cyclic-ring torsional/out-of-plane deformation / ring-site C-H out-of-plane bending,nu(C3-N5),bond,8.089929212442236,-,-0.08195125294767346,0.3242818163336834
17,590.8003389101605,,,mixed cyclic-ring torsional/out-of-plane deformation / ring-site C-H out-of-plane bending,delta(C7-C8-H21),angle,6.457724056327637,-,-0.04522817487096279,0.8498659491447228
17,590.8003389101605,,,mixed cyclic-ring torsional/out-of-plane deformation / ring-site C-H out-of-plane bending,tau(H14-C2-C3-C8),dihedral,5.416124056809956,+,0.043882523142240344,0.7571719090760054
17,590.8003389101605,,,mixed cyclic-ring torsional/out-of-plane deformation / ring-site C-H out-of-plane bending,delta(C1-C2-C3),angle,4.785208813646279,-,-0.05682926258964696,0.39888336380392314
17,590.8003389101605,,,mixed cyclic-ring torsional/out-of-plane deformation / ring-site C-H out-of-plane bending,tau(C4-C3-N5-C6),dihedral,4.570063856894561,-,-0.04482007134135837,0.6124438142435374
17,590.8003389101605,,,mixed cyclic-ring torsional/out-of-plane deformation / ring-site C-H out-of-plane bending,nu(C8-O9),bond,4.088292672223516,-,-0.05907391782531263,0.3153838863168852
17,590.8003389101605,,,mixed cyclic-ring torsional/out-of-plane deformation / ring-site C-H out-of-plane bending,delta(C6-C7-H20),angle,3.5373060836799106,+,0.05322337034582769,0.33616846176778953
17,590.8003389101605,,,mixed cyclic-ring torsional/out-of-plane deformation / ring-site C-H out-of-plane bending,delta(C2-C3-C8),angle,3.523752350783416,+,0.031983982047726595,0.9273194814098629
17,590.8003389101605,,,mixed cyclic-ring torsional/out-of-plane deformation / ring-site C-H out-of-plane bending,tau(C2-C3-C4-H16),dihedral,2.6557125436198703,+,0.05414826636826012,0.24383779514721982
17,590.8003389101605,,,mixed cyclic-ring torsional/out-of-plane deformation / ring-site C-H out-of-plane bending,delta(C2-C1-H12),angle,2.4424662465290177,+,0.0412993552045309,0.38550596241050855
17,590.8003389101605,,,mixed cyclic-ring torsional/out-of-plane deformation / ring-site C-H out-of-plane bending,delta(C3-C8-H21),angle,2.2553836605931012,-,-0.02941147583540212,0.7019010077438758
17,590.8003389101605,,,mixed cyclic-ring torsional/out-of-plane deformation / ring-site C-H out-of-plane bending,tau(H11-C1-C2-H13),dihedral,1.8969815536630767,-,-0.05388801506949144,0.17586029811300968
17,590.8003389101605,,,mixed cyclic-ring torsional/out-of-plane deformation / ring-site C-H out-of-plane bending,delta(O9-C8-H21),angle,1.7786483681535714,+,0.023056605453059535,0.9007171530836973
17,590.8003389101605,,,mixed cyclic-ring torsional/out-of-plane deformation / ring-site C-H out-of-plane bending,delta(N5-C6-C7),angle,1.6136420756816114,+,0.019217782025439795,1.1762232354515754
17,590.8003389101605,,,mixed cyclic-ring torsional/out-of-plane deformation / ring-site C-H out-of-plane bending,delta(C3-C4-H15),angle,1.5411998306310128,+,0.04250629108687534,0.22963685996427452
17,590.8003389101605,,,mixed cyclic-ring torsional/out-of-plane deformation / ring-site C-H out-of-plane bending,delta(C1-C2-H14),angle,1.0435882737304663,+,0.0253018580940878,0.43884729955830637
17,590.8003389101605,,,mixed cyclic-ring torsional/out-of-plane deformation / ring-site C-H out-of-plane bending,tau(H13-C2-C3-C4),dihedral,1.0072214449502301,-,-0.019346277185597036,0.7244680264882472
17,590.8003389101605,,,mixed cyclic-ring torsional/out-of-plane deformation / ring-site C-H out-of-plane bending,tau(C6-C7-C8-O9),dihedral,0.8537028837115596,-,-0.025856819936036342,0.3437522879047999
17,590.8003389101605,,,mixed cyclic-ring torsional/out-of-plane deformation / ring-site C-H out-of-plane bending,nu(C2-C3),bond,0.7767658729745899,+,0.02694980105788246,0.2879175118810551
17,590.8003389101605,,,mixed cyclic-ring torsional/out-of-plane deformation / ring-site C-H out-of-plane bending,tau(C2-C3-N5-C6),dihedral,0.7351501071493637,+,0.015272080393765345,0.8485329137332114
17,590.8003389101605,,,mixed cyclic-ring torsional/out-of-plane deformation / ring-site C-H out-of-plane bending,delta(N5-C6-H18),angle,0.5945415833544165,-,-0.02639728983271379,0.2296955728995778
17,590.8003389101605,,,mixed cyclic-ring torsional/out-of-plane deformation / ring-site C-H out-of-plane bending,delta(C2-C1-H11),angle,0.5447651261855244,-,-0.019641737676076767,0.38013561079786046
17,590.8003389101605,,,mixed cyclic-ring torsional/out-of-plane deformation / ring-site C-H out-of-plane bending,"gamma(H16;C4,C3,H15)",oop,0.49064349104678784,+,0.028118598790202672,0.16705818655223026
17,590.8003389101605,,,mixed cyclic-ring torsional/out-of-plane deformation / ring-site C-H out-of-plane bending,"gamma(C8;C7,H19,H20)",oop,0.43702007701697737,-,-0.02351914565670601,0.21269014963965546
17,590.8003389101605,,,mixed cyclic-ring torsional/out-of-plane deformation / ring-site C-H out-of-plane bending,nu(C6-C7),bond,0.28223935162123215,-,-0.015209762271356366,0.32844434189084687
17,590.8003389101605,,,mixed cyclic-ring torsional/out-of-plane deformation / ring-site C-H out-of-plane bending,tau(C3-N5-C6-H17),dihedral,0.2761673802214163,+,0.019036264659206183,0.20516250023230395
17,590.8003389101605,,,mixed cyclic-ring torsional/out-of-plane deformation / ring-site C-H out-of-plane bending,nu(C1-C2),bond,0.21015978218164275,-,-0.014328775062353763,0.2755627756868186
17,590.8003389101605,,,mixed cyclic-ring torsional/out-of-plane deformation / ring-site C-H out-of-plane bending,delta(H13-C2-H14),angle,0.1981404698816077,+,0.007268369162648661,1.009690582029088
17,590.8003389101605,,,mixed cyclic-ring torsional/out-of-plane deformation / ring-site C-H out-of-plane bending,nu(C3-C4),bond,0.17945657542390558,+,0.01224804877980881,0.32204356991514493
17,590.8003389101605,,,mixed cyclic-ring torsional/out-of-plane deformation / ring-site C-H out-of-plane bending,nu(C4-N5),bond,0.16214926425029616,+,0.011020034202091718,0.35944973574991873
17,590.8003389101605,,,mixed cyclic-ring torsional/out-of-plane deformation / ring-site C-H out-of-plane bending,delta(H19-C7-H20),angle,0.13550989907335026,+,0.011628349228535876,0.26978882731842474
17,590.8003389101605,,,mixed cyclic-ring torsional/out-of-plane deformation / ring-site C-H out-of-plane bending,delta(C8-O9-H22),angle,0.11998433150927436,+,0.013645807098398225,0.17346631468839127
17,590.8003389101605,,,mixed cyclic-ring torsional/out-of-plane deformation / ring-site C-H out-of-plane bending,tau(H12-C1-C2-C3),dihedral,0.10881327121713416,-,-0.013000005447658464,0.17333404380475795
17,590.8003389101605,,,mixed cyclic-ring torsional/out-of-plane deformation / ring-site C-H out-of-plane bending,"gamma(C3;C2,H13,H14)",oop,0.09754273093585526,-,-0.006567196412912427,0.6088691511213071
17,590.8003389101605,,,mixed cyclic-ring torsional/out-of-plane deformation / ring-site C-H out-of-plane bending,delta(H15-C4-H16),angle,0.05353615234023183,+,0.007696845723798923,0.24328238400212834
17,590.8003389101605,,,mixed cyclic-ring torsional/out-of-plane deformation / ring-site C-H out-of-plane bending,delta(H10-C1-H11),angle,0.043411364893775,-,-0.007505524438061599,0.20745811382014626
17,590.8003389101605,,,mixed cyclic-ring torsional/out-of-plane deformation / ring-site C-H out-of-plane bending,delta(C3-C2-H14),angle,0.03706128383542649,+,0.004024494851935844,0.6160086042110487
17,590.8003389101605,,,mixed cyclic-ring torsional/out-of-plane deformation / ring-site C-H out-of-plane bending,nu(C7-C8),bond,0.029587475315617305,+,0.0055066432042735055,0.2626776389289826
17,590.8003389101605,,,mixed cyclic-ring torsional/out-of-plane deformation / ring-site C-H out-of-plane bending,nu(C8-H21),bond,0.02239685629864438,+,0.004375110206603872,0.31499099646613576
17,590.8003389101605,,,mixed cyclic-ring torsional/out-of-plane deformation / ring-site C-H out-of-plane bending,delta(N5-C6-H17),angle,0.020548955059514765,+,0.004693424915453111,0.251130270498446
17,590.8003389101605,,,mixed cyclic-ring torsional/out-of-plane deformation / ring-site C-H out-of-plane bending,tau(C3-N5-C6-H18),dihedral,0.016707326932084744,+,0.004846320155505165,0.19150135016784978
17,590.8003389101605,,,mixed cyclic-ring torsional/out-of-plane deformation / ring-site C-H out-of-plane bending,nu(C3-C8),bond,0.009767310780921286,-,-0.0028222701339924725,0.33011626112312614
17,590.8003389101605,,,mixed cyclic-ring torsional/out-of-plane deformation / ring-site C-H out-of-plane bending,nu(C6-H18),bond,0.00808956005497612,-,-0.0025570585437582533,0.33306778735766407
17,590.8003389101605,,,mixed cyclic-ring torsional/out-of-plane deformation / ring-site C-H out-of-plane bending,"gamma(H12;C1,H10,H11)",oop,0.007842036761932458,-,-0.0026553772760744107,0.2994094311841051
17,590.8003389101605,,,mixed cyclic-ring torsional/out-of-plane deformation / ring-site C-H out-of-plane bending,nu(N5-C6),bond,0.004992090144935013,-,-0.002037118401339966,0.3238463052348426
17,590.8003389101605,,,mixed cyclic-ring torsional/out-of-plane deformation / ring-site C-H out-of-plane bending,nu(O9-H22),bond,0.0035600068213449843,-,-0.0013566149708792942,0.5207468965628298
17,590.8003389101605,,,mixed cyclic-ring torsional/out-of-plane deformation / ring-site C-H out-of-plane bending,nu(C4-H15),bond,0.0034074974682442847,-,-0.001618540862695949,0.3501686615835324
17,590.8003389101605,,,mixed cyclic-ring torsional/out-of-plane deformation / ring-site C-H out-of-plane bending,tau(H21-C8-O9-H22),dihedral,0.002969089982815892,-,-0.010219112347081921,0.007653958151576438
17,590.8003389101605,,,mixed cyclic-ring torsional/out-of-plane deformation / ring-site C-H out-of-plane bending,nu(C1-H12),bond,0.0009527931879362397,-,-0.0008759799420411989,0.33427153116902686
17,590.8003389101605,,,mixed cyclic-ring torsional/out-of-plane deformation / ring-site C-H out-of-plane bending,nu(C7-H20),bond,0.000864004918440775,-,-0.0008337547409118592,0.33460209280992387
17,590.8003389101605,,,mixed cyclic-ring torsional/out-of-plane deformation / ring-site C-H out-of-plane bending,nu(C2-H13),bond,0.00022651198397077225,-,-0.000434311677517148,0.32327881233108835
17,590.8003389101605,,,mixed cyclic-ring torsional/out-of-plane deformation / ring-site C-H out-of-plane bending,nu(C7-H19),bond,0.00019334119548497476,+,0.000394214190116737,0.3349260785391822
17,590.8003389101605,,,mixed cyclic-ring torsional/out-of-plane deformation / ring-site C-H out-of-plane bending,nu(C4-H16),bond,9.004626829805573e-05,+,0.0002631301480684627,0.3501172997314638
17,590.8003389101605,,,mixed cyclic-ring torsional/out-of-plane deformation / ring-site C-H out-of-plane bending,nu(C6-H17),bond,6.258543007308977e-05,-,-0.00022564679536840767,0.33090548953252324
17,590.8003389101605,,,mixed cyclic-ring torsional/out-of-plane deformation / ring-site C-H out-of-plane bending,nu(C1-H10),bond,5.04642128587496e-05,+,0.00020002224849162813,0.33955956196528847
17,590.8003389101605,,,mixed cyclic-ring torsional/out-of-plane deformation / ring-site C-H out-of-plane bending,nu(C2-H14),bond,2.111409854287257e-05,-,-0.00013084495679935995,0.33200730465984796
17,590.8003389101605,,,mixed cyclic-ring torsional/out-of-plane deformation / ring-site C-H out-of-plane bending,nu(C1-H11),bond,1.540962208130608e-05,+,0.00011141458197592223,0.3341927227283412
18,657.9824292497816,,,mixed cyclic-ring deformation (N-C-C bend) / ring-site C-H out-of-plane bending / cyclic-ring torsional/out-of-plane deformation,delta(N5-C6-C7),angle,36.99247111042034,+,0.10911441243125486,1.1762232354515754
18,657.9824292497816,,,mixed cyclic-ring deformation (N-C-C bend) / ring-site C-H out-of-plane bending / cyclic-ring torsional/out-of-plane deformation,tau(C8-C3-C4-N5),dihedral,14.437842917585142,+,0.06760188912996806,1.195983795278429
18,657.9824292497816,,,mixed cyclic-ring deformation (N-C-C bend) / ring-site C-H out-of-plane bending / cyclic-ring torsional/out-of-plane deformation,tau(C3-N5-C6-H18),dihedral,7.9974110839010795,-,-0.12573584763028242,0.19150135016784978
18,657.9824292497816,,,mixed cyclic-ring deformation (N-C-C bend) / ring-site C-H out-of-plane bending / cyclic-ring torsional/out-of-plane deformation,delta(C6-C7-H20),angle,6.794438092471303,+,0.08747191074261033,0.33616846176778953
18,657.9824292497816,,,mixed cyclic-ring deformation (N-C-C bend) / ring-site C-H out-of-plane bending / cyclic-ring torsional/out-of-plane deformation,tau(C3-N5-C6-H17),dihedral,5.462661219972536,-,-0.10039763121160887,0.20516250023230395
18,657.9824292497816,,,mixed cyclic-ring deformation (N-C-C bend) / ring-site C-H out-of-plane bending / cyclic-ring torsional/out-of-plane deformation,tau(C2-C3-N5-C6),dihedral,5.096653874818356,-,-0.04768464434600568,0.8485329137332114
18,657.9824292497816,,,mixed cyclic-ring deformation (N-C-C bend) / ring-site C-H out-of-plane bending / cyclic-ring torsional/out-of-plane deformation,tau(N5-C6-C7-H19),dihedral,3.1187670532956253,-,-0.07381554388160591,0.21668454548083232
18,657.9824292497816,,,mixed cyclic-ring deformation (N-C-C bend) / ring-site C-H out-of-plane bending / cyclic-ring torsional/out-of-plane deformation,nu(C3-C8),bond,2.963962221073101,+,0.05830062317358414,0.33011626112312614
18,657.9824292497816,,,mixed cyclic-ring deformation (N-C-C bend) / ring-site C-H out-of-plane bending / cyclic-ring torsional/out-of-plane deformation,tau(H14-C2-C3-C8),dihedral,2.9452188018816674,-,-0.038373539485781996,0.7571719090760054
18,657.9824292497816,,,mixed cyclic-ring deformation (N-C-C bend) / ring-site C-H out-of-plane bending / cyclic-ring torsional/out-of-plane deformation,tau(C2-C3-C4-H16),dihedral,2.175122489066307,+,0.058111444619075484,0.24383779514721982
18,657.9824292497816,,,mixed cyclic-ring deformation (N-C-C bend) / ring-site C-H out-of-plane bending / cyclic-ring torsional/out-of-plane deformation,tau(C4-C3-N5-C6),dihedral,1.903440670359934,-,-0.03430100697918913,0.6124438142435374
18,657.9824292497816,,,mixed cyclic-ring deformation (N-C-C bend) / ring-site C-H out-of-plane bending / cyclic-ring torsional/out-of-plane deformation,delta(N5-C6-H17),angle,1.448838371695114,-,-0.04673376403562755,0.251130270498446
18,657.9824292497816,,,mixed cyclic-ring deformation (N-C-C bend) / ring-site C-H out-of-plane bending / cyclic-ring torsional/out-of-plane deformation,"gamma(C8;C7,H19,H20)",oop,1.1356433384503368,-,-0.04495910056857844,0.21269014963965546
18,657.9824292497816,,,mixed cyclic-ring deformation (N-C-C bend) / ring-site C-H out-of-plane bending / cyclic-ring torsional/out-of-plane deformation,nu(C7-C8),bond,0.8926658210681943,-,-0.035867674937825084,0.2626776389289826
18,657.9824292497816,,,mixed cyclic-ring deformation (N-C-C bend) / ring-site C-H out-of-plane bending / cyclic-ring torsional/out-of-plane deformation,nu(C4-N5),bond,0.8570408587277102,-,-0.03004360220811807,0.35944973574991873
18,657.9824292497816,,,mixed cyclic-ring deformation (N-C-C bend) / ring-site C-H out-of-plane bending / cyclic-ring torsional/out-of-plane deformation,nu(C6-C7),bond,0.8406247201996738,+,0.031127232537621417,0.32844434189084687
18,657.9824292497816,,,mixed cyclic-ring deformation (N-C-C bend) / ring-site C-H out-of-plane bending / cyclic-ring torsional/out-of-plane deformation,tau(N5-C3-C8-O9),dihedral,0.6920275927808494,-,-0.020851575186983273,0.6025406091278427
18,657.9824292497816,,,mixed cyclic-ring deformation (N-C-C bend) / ring-site C-H out-of-plane bending / cyclic-ring torsional/out-of-plane deformation,delta(C1-C2-C3),angle,0.6782996151208732,+,0.025372201243080757,0.39888336380392314
18,657.9824292497816,,,mixed cyclic-ring deformation (N-C-C bend) / ring-site C-H out-of-plane bending / cyclic-ring torsional/out-of-plane deformation,tau(C6-C7-C8-O9),dihedral,0.6622109061013428,+,0.02700509377382193,0.3437522879047999
18,657.9824292497816,,,mixed cyclic-ring deformation (N-C-C bend) / ring-site C-H out-of-plane bending / cyclic-ring torsional/out-of-plane deformation,tau(H13-C2-C3-C4),dihedral,0.6236725847894177,+,0.01805257006519332,0.7244680264882472
18,657.9824292497816,,,mixed cyclic-ring deformation (N-C-C bend) / ring-site C-H out-of-plane bending / cyclic-ring torsional/out-of-plane deformation,nu(C3-N5),bond,0.5187940434412517,+,0.024609711131112582,0.3242818163336834
18,657.9824292497816,,,mixed cyclic-ring deformation (N-C-C bend) / ring-site C-H out-of-plane bending / cyclic-ring torsional/out-of-plane deformation,nu(C3-C4),bond,0.47152570003057215,+,0.023543210844294612,0.32204356991514493
18,657.9824292497816,,,mixed cyclic-ring deformation (N-C-C bend) / ring-site C-H out-of-plane bending / cyclic-ring torsional/out-of-plane deformation,tau(H11-C1-C2-H13),dihedral,0.258144592476114,+,0.023573167243905405,0.17586029811300968
18,657.9824292497816,,,mixed cyclic-ring deformation (N-C-C bend) / ring-site C-H out-of-plane bending / cyclic-ring torsional/out-of-plane deformation,delta(C1-C2-H14),angle,0.1777185071356126,-,-0.012381690301478026,0.43884729955830637
18,657.9824292497816,,,mixed cyclic-ring deformation (N-C-C bend) / ring-site C-H out-of-plane bending / cyclic-ring torsional/out-of-plane deformation,delta(C3-C8-H21),angle,0.17064504431583558,+,0.009593547521451905,0.7019010077438758
18,657.9824292497816,,,mixed cyclic-ring deformation (N-C-C bend) / ring-site C-H out-of-plane bending / cyclic-ring torsional/out-of-plane deformation,delta(N5-C6-H18),angle,0.14386805914835651,+,0.015398421518557276,0.2296955728995778
18,657.9824292497816,,,mixed cyclic-ring deformation (N-C-C bend) / ring-site C-H out-of-plane bending / cyclic-ring torsional/out-of-plane deformation,delta(C2-C1-H12),angle,0.11163040576173468,-,-0.010469984189083069,0.38550596241050855
18,657.9824292497816,,,mixed cyclic-ring deformation (N-C-C bend) / ring-site C-H out-of-plane bending / cyclic-ring torsional/out-of-plane deformation,delta(H19-C7-H20),angle,0.09307328455045542,+,0.011428016635118894,0.26978882731842474
18,657.9824292497816,,,mixed cyclic-ring deformation (N-C-C bend) / ring-site C-H out-of-plane bending / cyclic-ring torsional/out-of-plane deformation,delta(H13-C2-H14),angle,0.07639053324361314,-,-0.0053517515315511495,1.009690582029088
18,657.9824292497816,,,mixed cyclic-ring deformation (N-C-C bend) / ring-site C-H out-of-plane bending / cyclic-ring torsional/out-of-plane deformation,nu(C2-C3),bond,0.05815692190533008,+,0.00874454042498851,0.2879175118810551
18,657.9824292497816,,,mixed cyclic-ring deformation (N-C-C bend) / ring-site C-H out-of-plane bending / cyclic-ring torsional/out-of-plane deformation,nu(C1-C2),bond,0.03640930568180963,+,0.007072390744227168,0.2755627756868186
18,657.9824292497816,,,mixed cyclic-ring deformation (N-C-C bend) / ring-site C-H out-of-plane bending / cyclic-ring torsional/out-of-plane deformation,nu(N5-C6),bond,0.029012652141742742,+,0.005823640612998243,0.3238463052348426
18,657.9824292497816,,,mixed cyclic-ring deformation (N-C-C bend) / ring-site C-H out-of-plane bending / cyclic-ring torsional/out-of-plane deformation,"gamma(C3;C2,H13,H14)",oop,0.02672244417936153,+,0.004076114995182815,0.6088691511213071
18,657.9824292497816,,,mixed cyclic-ring deformation (N-C-C bend) / ring-site C-H out-of-plane bending / cyclic-ring torsional/out-of-plane deformation,delta(C3-C2-H14),angle,0.026064327582513702,-,-0.004002212991594483,0.6160086042110487
18,657.9824292497816,,,mixed cyclic-ring deformation (N-C-C bend) / ring-site C-H out-of-plane bending / cyclic-ring torsional/out-of-plane deformation,nu(C8-O9),bond,0.02599334623182697,+,0.005585752254441339,0.3153838863168852
18,657.9824292497816,,,mixed cyclic-ring deformation (N-C-C bend) / ring-site C-H out-of-plane bending / cyclic-ring torsional/out-of-plane deformation,delta(C8-O9-H22),angle,0.012765240598426302,-,-0.005278095577438347,0.17346631468839127
18,657.9824292497816,,,mixed cyclic-ring deformation (N-C-C bend) / ring-site C-H out-of-plane bending / cyclic-ring torsional/out-of-plane deformation,tau(H21-C8-O9-H22),dihedral,0.010881587035163292,-,-0.02319922100800313,0.007653958151576438
18,657.9824292497816,,,mixed cyclic-ring deformation (N-C-C bend) / ring-site C-H out-of-plane bending / cyclic-ring torsional/out-of-plane deformation,delta(C2-C1-H11),angle,0.008999025009550299,+,0.002993634501063726,0.38013561079786046
18,657.9824292497816,,,mixed cyclic-ring deformation (N-C-C bend) / ring-site C-H out-of-plane bending / cyclic-ring torsional/out-of-plane deformation,delta(O9-C8-H21),angle,0.004727150699734384,-,-0.0014095348920526054,0.9007171530836973
18,657.9824292497816,,,mixed cyclic-ring deformation (N-C-C bend) / ring-site C-H out-of-plane bending / cyclic-ring torsional/out-of-plane deformation,tau(H12-C1-C2-C3),dihedral,0.003864390013136414,+,0.0029051520330283195,0.17333404380475795
18,657.9824292497816,,,mixed cyclic-ring deformation (N-C-C bend) / ring-site C-H out-of-plane bending / cyclic-ring torsional/out-of-plane deformation,delta(H15-C4-H16),angle,0.0038080593723214006,-,-0.002434259356050841,0.24328238400212834
18,657.9824292497816,,,mixed cyclic-ring deformation (N-C-C bend) / ring-site C-H out-of-plane bending / cyclic-ring torsional/out-of-plane deformation,delta(C3-C4-H15),angle,0.003006331761541966,+,0.0022262194696148685,0.22963685996427452
18,657.9824292497816,,,mixed cyclic-ring deformation (N-C-C bend) / ring-site C-H out-of-plane bending / cyclic-ring torsional/out-of-plane deformation,delta(H10-C1-H11),angle,0.002134329976263227,+,0.0019734943772669647,0.20745811382014626
18,657.9824292497816,,,mixed cyclic-ring deformation (N-C-C bend) / ring-site C-H out-of-plane bending / cyclic-ring torsional/out-of-plane deformation,nu(C6-H18),bond,0.0018334205553287442,-,-0.0014435607193152961,0.33306778735766407
18,657.9824292497816,,,mixed cyclic-ring deformation (N-C-C bend) / ring-site C-H out-of-plane bending / cyclic-ring torsional/out-of-plane deformation,nu(C7-H20),bond,0.0009982570732341449,-,-0.0010627404119491239,0.33460209280992387
18,657.9824292497816,,,mixed cyclic-ring deformation (N-C-C bend) / ring-site C-H out-of-plane bending / cyclic-ring torsional/out-of-plane deformation,delta(C2-C3-C8),angle,0.0009872709233841649,-,-0.0006348539196938403,0.9273194814098629
18,657.9824292497816,,,mixed cyclic-ring deformation (N-C-C bend) / ring-site C-H out-of-plane bending / cyclic-ring torsional/out-of-plane deformation,nu(C7-H19),bond,0.0006750410866428404,+,0.0008734960495016026,0.3349260785391822
18,657.9824292497816,,,mixed cyclic-ring deformation (N-C-C bend) / ring-site C-H out-of-plane bending / cyclic-ring torsional/out-of-plane deformation,delta(C7-C8-H21),angle,0.0004437085774881046,-,-0.00044457396029542844,0.8498659491447228
18,657.9824292497816,,,mixed cyclic-ring deformation (N-C-C bend) / ring-site C-H out-of-plane bending / cyclic-ring torsional/out-of-plane deformation,nu(C2-H13),bond,0.00042567203676526324,+,0.0007060236737310973,0.32327881233108835
18,657.9824292497816,,,mixed cyclic-ring deformation (N-C-C bend) / ring-site C-H out-of-plane bending / cyclic-ring torsional/out-of-plane deformation,nu(C6-H17),bond,0.0003656170905909672,-,-0.0006467427696163381,0.33090548953252324
18,657.9824292497816,,,mixed cyclic-ring deformation (N-C-C bend) / ring-site C-H out-of-plane bending / cyclic-ring torsional/out-of-plane deformation,nu(C2-H14),bond,0.0002916278294358459,+,0.0005766482616297443,0.33200730465984796
18,657.9824292497816,,,mixed cyclic-ring deformation (N-C-C bend) / ring-site C-H out-of-plane bending / cyclic-ring torsional/out-of-plane deformation,nu(C1-H12),bond,0.00024100635219754615,+,0.0005224381383695029,0.33427153116902686
18,657.9824292497816,,,mixed cyclic-ring deformation (N-C-C bend) / ring-site C-H out-of-plane bending / cyclic-ring torsional/out-of-plane deformation,nu(C4-H16),bond,0.00014079173067336489,-,-0.00039016841778227707,0.3501172997314638
18,657.9824292497816,,,mixed cyclic-ring deformation (N-C-C bend) / ring-site C-H out-of-plane bending / cyclic-ring torsional/out-of-plane deformation,nu(C4-H15),bond,0.00011052302068893421,-,-0.00034566711010584027,0.3501686615835324
18,657.9824292497816,,,mixed cyclic-ring deformation (N-C-C bend) / ring-site C-H out-of-plane bending / cyclic-ring torsional/out-of-plane deformation,nu(C1-H11),bond,4.479684524372362e-05,-,-0.00022526594677354164,0.3341927227283412
18,657.9824292497816,,,mixed cyclic-ring deformation (N-C-C bend) / ring-site C-H out-of-plane bending / cyclic-ring torsional/out-of-plane deformation,nu(C1-H10),bond,3.8377479806978086e-05,-,-0.0002068476386872167,0.33955956196528847
18,657.9824292497816,,,mixed cyclic-ring deformation (N-C-C bend) / ring-site C-H out-of-plane bending / cyclic-ring torsional/out-of-plane deformation,nu(C8-H21),bond,3.596393435352879e-05,-,-0.00020790017354187188,0.31499099646613576
18,657.9824292497816,,,mixed cyclic-ring deformation (N-C-C bend) / ring-site C-H out-of-plane bending / cyclic-ring torsional/out-of-plane deformation,"gamma(H16;C4,C3,H15)",oop,9.807425716637928e-06,-,-0.00014907813678754936,0.16705818655223026
18,657.9824292497816,,,mixed cyclic-ring deformation (N-C-C bend) / ring-site C-H out-of-plane bending / cyclic-ring torsional/out-of-plane deformation,nu(O9-H22),bond,6.498634769636004e-06,+,6.873343420609517e-05,0.5207468965628298
18,657.9824292497816,,,mixed cyclic-ring deformation (N-C-C bend) / ring-site C-H out-of-plane bending / cyclic-ring torsional/out-of-plane deformation,"gamma(H12;C1,H10,H11)",oop,2.993332461570545e-06,+,6.151982105197049e-05,0.2994094311841051
19,690.2662213530532,,,mixed cyclic-ring torsional/out-of-plane deformation / cyclic C-C stretching,tau(N5-C6-C7-H19),dihedral,11.631106410347245,+,0.14384675238768435,0.21668454548083232
19,690.2662213530532,,,mixed cyclic-ring torsional/out-of-plane deformation / cyclic C-C stretching,nu(C3-C4),bond,11.428145138739032,+,0.11695911489964435,0.32204356991514493
19,690.2662213530532,,,mixed cyclic-ring torsional/out-of-plane deformation / cyclic C-C stretching,nu(C4-N5),bond,9.683891616358581,-,-0.10190826112427798,0.35944973574991873
19,690.2662213530532,,,mixed cyclic-ring torsional/out-of-plane deformation / cyclic C-C stretching,tau(C8-C3-C4-N5),dihedral,8.978428924762277,-,-0.05379489229905286,1.195983795278429
19,690.2662213530532,,,mixed cyclic-ring torsional/out-of-plane deformation / cyclic C-C stretching,tau(C6-C7-C8-O9),dihedral,7.317570589734118,+,0.09058664538616615,0.3437522879047999
19,690.2662213530532,,,mixed cyclic-ring torsional/out-of-plane deformation / cyclic C-C stretching,nu(C3-C8),bond,6.279993250602989,+,0.08563467328989345,0.33011626112312614
19,690.2662213530532,,,mixed cyclic-ring torsional/out-of-plane deformation / cyclic C-C stretching,tau(H13-C2-C3-C4),dihedral,5.630958373630296,-,-0.05473751312743779,0.7244680264882472
19,690.2662213530532,,,mixed cyclic-ring torsional/out-of-plane deformation / cyclic C-C stretching,tau(N5-C3-C8-O9),dihedral,4.901332561333247,-,-0.05599734546147448,0.6025406091278427
19,690.2662213530532,,,mixed cyclic-ring torsional/out-of-plane deformation / cyclic C-C stretching,delta(C7-C8-H21),angle,4.871720758987893,+,0.047007753258452946,0.8498659491447228
19,690.2662213530532,,,mixed cyclic-ring torsional/out-of-plane deformation / cyclic C-C stretching,nu(C2-C3),bond,4.56359304450653,+,0.07816690742512035,0.2879175118810551
19,690.2662213530532,,,mixed cyclic-ring torsional/out-of-plane deformation / cyclic C-C stretching,tau(C4-C3-N5-C6),dihedral,4.072845494382054,+,0.05063133245955911,0.6124438142435374
19,690.2662213530532,,,mixed cyclic-ring torsional/out-of-plane deformation / cyclic C-C stretching,delta(C3-C8-H21),angle,3.2204648518430044,+,0.04205569983753467,0.7019010077438758
19,690.2662213530532,,,mixed cyclic-ring torsional/out-of-plane deformation / cyclic C-C stretching,delta(C2-C1-H12),angle,2.391376952917983,+,0.048900352017862594,0.38550596241050855
19,690.2662213530532,,,mixed cyclic-ring torsional/out-of-plane deformation / cyclic C-C stretching,delta(C1-C2-C3),angle,2.209708055036911,-,-0.046211280528218546,0.39888336380392314
19,690.2662213530532,,,mixed cyclic-ring torsional/out-of-plane deformation / cyclic C-C stretching,nu(N5-C6),bond,2.178608374341293,-,-0.050924130988361724,0.3238463052348426
19,690.2662213530532,,,mixed cyclic-ring torsional/out-of-plane deformation / cyclic C-C stretching,tau(C2-C3-N5-C6),dihedral,2.0010878904800795,+,0.030151036817965077,0.8485329137332114
19,690.2662213530532,,,mixed cyclic-ring torsional/out-of-plane deformation / cyclic C-C stretching,tau(H14-C2-C3-C8),dihedral,1.4582848170259812,+,0.027247549228759882,0.7571719090760054
19,690.2662213530532,,,mixed cyclic-ring torsional/out-of-plane deformation / cyclic C-C stretching,delta(C6-C7-H20),angle,1.158290579366571,-,-0.03644465086673839,0.33616846176778953
19,690.2662213530532,,,mixed cyclic-ring torsional/out-of-plane deformation / cyclic C-C stretching,delta(O9-C8-H21),angle,0.7938582117910716,+,0.018432352597556496,0.9007171530836973
19,690.2662213530532,,,mixed cyclic-ring torsional/out-of-plane deformation / cyclic C-C stretching,delta(C2-C1-H11),angle,0.7563669328897012,-,-0.027694944843237812,0.38013561079786046
19,690.2662213530532,,,mixed cyclic-ring torsional/out-of-plane deformation / cyclic C-C stretching,delta(C8-O9-H22),angle,0.7563004896862747,+,0.040996155365018744,0.17346631468839127
19,690.2662213530532,,,mixed cyclic-ring torsional/out-of-plane deformation / cyclic C-C stretching,nu(C7-C8),bond,0.6161721658895264,+,0.03007066286535875,0.2626776389289826
19,690.2662213530532,,,mixed cyclic-ring torsional/out-of-plane deformation / cyclic C-C stretching,"gamma(C3;C2,H13,H14)",oop,0.4824395895021605,-,-0.01747684360095947,0.6088691511213071
19,690.2662213530532,,,mixed cyclic-ring torsional/out-of-plane deformation / cyclic C-C stretching,tau(C3-N5-C6-H18),dihedral,0.462905017294267,-,-0.030525552930678882,0.19150135016784978
19,690.2662213530532,,,mixed cyclic-ring torsional/out-of-plane deformation / cyclic C-C stretching,tau(C3-N5-C6-H17),dihedral,0.4484685313800048,-,-0.02902822704136095,0.20516250023230395
19,690.2662213530532,,,mixed cyclic-ring torsional/out-of-plane deformation / cyclic C-C stretching,tau(C2-C3-C4-H16),dihedral,0.322480862373572,+,0.022579014238563812,0.24383779514721982
19,690.2662213530532,,,mixed cyclic-ring torsional/out-of-plane deformation / cyclic C-C stretching,tau(H11-C1-C2-H13),dihedral,0.22495481034617332,-,-0.02220584250154146,0.17586029811300968
19,690.2662213530532,,,mixed cyclic-ring torsional/out-of-plane deformation / cyclic C-C stretching,nu(C1-C2),bond,0.19796983560891368,+,0.0166415108084959,0.2755627756868186
19,690.2662213530532,,,mixed cyclic-ring torsional/out-of-plane deformation / cyclic C-C stretching,"gamma(C8;C7,H19,H20)",oop,0.17444645838055534,-,-0.017781193393938275,0.21269014963965546
19,690.2662213530532,,,mixed cyclic-ring torsional/out-of-plane deformation / cyclic C-C stretching,delta(C1-C2-H14),angle,0.16374409167367499,+,0.01199304931775516,0.43884729955830637
19,690.2662213530532,,,mixed cyclic-ring torsional/out-of-plane deformation / cyclic C-C stretching,nu(C3-N5),bond,0.12227621629331382,-,-0.012056276867312322,0.3242818163336834
19,690.2662213530532,,,mixed cyclic-ring torsional/out-of-plane deformation / cyclic C-C stretching,nu(C8-O9),bond,0.09425427149092368,+,0.010733325148297652,0.3153838863168852
19,690.2662213530532,,,mixed cyclic-ring torsional/out-of-plane deformation / cyclic C-C stretching,delta(C3-C2-H14),angle,0.06210027595098587,+,0.006233857799642114,0.6160086042110487
19,690.2662213530532,,,mixed cyclic-ring torsional/out-of-plane deformation / cyclic C-C stretching,delta(H15-C4-H16),angle,0.06138189812269103,-,-0.009862075910508751,0.24328238400212834
19,690.2662213530532,,,mixed cyclic-ring torsional/out-of-plane deformation / cyclic C-C stretching,delta(H10-C1-H11),angle,0.05833904466329994,-,-0.01041161162151466,0.20745811382014626
19,690.2662213530532,,,mixed cyclic-ring torsional/out-of-plane deformation / cyclic C-C stretching,"gamma(H16;C4,C3,H15)",oop,0.057827171995886426,+,0.01155142628671037,0.16705818655223026
19,690.2662213530532,,,mixed cyclic-ring torsional/out-of-plane deformation / cyclic C-C stretching,delta(C3-C4-H15),angle,0.04035049762989558,-,-0.008230138868492054,0.22963685996427452
19,690.2662213530532,,,mixed cyclic-ring torsional/out-of-plane deformation / cyclic C-C stretching,delta(H13-C2-H14),angle,0.033099774713851164,+,0.003554854925438493,1.009690582029088
19,690.2662213530532,,,mixed cyclic-ring torsional/out-of-plane deformation / cyclic C-C stretching,delta(C2-C3-C8),angle,0.025762866818733146,-,-0.0032725471908509776,0.9273194814098629
19,690.2662213530532,,,mixed cyclic-ring torsional/out-of-plane deformation / cyclic C-C stretching,nu(C4-H15),bond,0.01786028988292728,+,0.004434137223598471,0.3501686615835324
19,690.2662213530532,,,mixed cyclic-ring torsional/out-of-plane deformation / cyclic C-C stretching,"gamma(H12;C1,H10,H11)",oop,0.011138020814750597,-,-0.003786821114588263,0.2994094311841051
19,690.2662213530532,,,mixed cyclic-ring torsional/out-of-plane deformation / cyclic C-C stretching,nu(C6-C7),bond,0.01031324559961708,+,0.0034791271680842503,0.32844434189084687
19,690.2662213530532,,,mixed cyclic-ring torsional/out-of-plane deformation / cyclic C-C stretching,nu(C4-H16),bond,0.009849718529290154,+,0.003293128218492429,0.3501172997314638
19,690.2662213530532,,,mixed cyclic-ring torsional/out-of-plane deformation / cyclic C-C stretching,tau(H12-C1-C2-C3),dihedral,0.005793891966553238,+,0.0035896059592590963,0.17333404380475795
19,690.2662213530532,,,mixed cyclic-ring torsional/out-of-plane deformation / cyclic C-C stretching,delta(N5-C6-H17),angle,0.0030957448933716727,-,-0.0021798999724241207,0.251130270498446
19,690.2662213530532,,,mixed cyclic-ring torsional/out-of-plane deformation / cyclic C-C stretching,delta(N5-C6-C7),angle,0.002393434438277489,+,0.000885664844484814,1.1762232354515754
19,690.2662213530532,,,mixed cyclic-ring torsional/out-of-plane deformation / cyclic C-C stretching,nu(C6-H18),bond,0.002083455421667652,+,0.0015528492828560155,0.33306778735766407
19,690.2662213530532,,,mixed cyclic-ring torsional/out-of-plane deformation / cyclic C-C stretching,nu(C8-H21),bond,0.0013100884912151198,-,-0.0012662071486333989,0.31499099646613576
19,690.2662213530532,,,mixed cyclic-ring torsional/out-of-plane deformation / cyclic C-C stretching,delta(N5-C6-H18),angle,0.0010622507864662422,+,0.0013351828144470535,0.2296955728995778
19,690.2662213530532,,,mixed cyclic-ring torsional/out-of-plane deformation / cyclic C-C stretching,nu(C7-H20),bond,0.0005717044001454616,+,0.000811568078255065,0.33460209280992387
19,690.2662213530532,,,mixed cyclic-ring torsional/out-of-plane deformation / cyclic C-C stretching,tau(H21-C8-O9-H22),dihedral,0.0005369750540955185,+,0.005200409333074392,0.007653958151576438
19,690.2662213530532,,,mixed cyclic-ring torsional/out-of-plane deformation / cyclic C-C stretching,nu(O9-H22),bond,0.0004969586452627365,+,0.0006065272189793107,0.5207468965628298
19,690.2662213530532,,,mixed cyclic-ring torsional/out-of-plane deformation / cyclic C-C stretching,nu(C6-H17),bond,0.00022136544835644695,+,0.0005078160782738653,0.33090548953252324
19,690.2662213530532,,,mixed cyclic-ring torsional/out-of-plane deformation / cyclic C-C stretching,nu(C1-H10),bond,0.00014597570412325163,+,0.0004070856772201574,0.33955956196528847
19,690.2662213530532,,,mixed cyclic-ring torsional/out-of-plane deformation / cyclic C-C stretching,nu(C2-H14),bond,8.490934361303939e-05,+,0.0003139839421511612,0.33200730465984796
19,690.2662213530532,,,mixed cyclic-ring torsional/out-of-plane deformation / cyclic C-C stretching,nu(C7-H19),bond,8.300350188168202e-05,-,-0.0003090845102359809,0.3349260785391822
19,690.2662213530532,,,mixed cyclic-ring torsional/out-of-plane deformation / cyclic C-C stretching,delta(H19-C7-H20),angle,2.532928215582765e-05,+,0.00019024049891257864,0.26978882731842474
19,690.2662213530532,,,mixed cyclic-ring torsional/out-of-plane deformation / cyclic C-C stretching,nu(C1-H12),bond,1.3574850424770946e-05,-,-0.00012511844742289834,0.33427153116902686
19,690.2662213530532,,,mixed cyclic-ring torsional/out-of-plane deformation / cyclic C-C stretching,nu(C2-H13),bond,1.310342033524597e-05,+,0.00012499919924235435,0.32327881233108835
19,690.2662213530532,,,mixed cyclic-ring torsional/out-of-plane deformation / cyclic C-C stretching,nu(C1-H11),bond,2.6063389712501155e-07,+,1.7338857211866013e-05,0.3341927227283412
20,784.4368436838923,,,C-C torsion,tau(H13-C2-C3-C4),dihedral,32.60197353952085,-,-0.25636182785581985,0.7244680264882472
20,784.4368436838923,,,C-C torsion,tau(H14-C2-C3-C8),dihedral,32.5606230091492,-,-0.25060523103805465,0.7571719090760054
20,784.4368436838923,,,C-C torsion,tau(H11-C1-C2-H13),dihedral,8.825027813450701,+,0.2707167730649199,0.17586029811300968
20,784.4368436838923,,,C-C torsion,delta(C1-C2-H14),angle,8.53369303322279,-,-0.16852053102034564,0.43884729955830637
20,784.4368436838923,,,C-C torsion,delta(C2-C1-H11),angle,5.441266363907327,-,-0.1445845011507113,0.38013561079786046
20,784.4368436838923,,,C-C torsion,delta(C3-C2-H14),angle,2.6952521180805395,-,-0.07993690598621303,0.6160086042110487
20,784.4368436838923,,,C-C torsion,nu(C4-N5),bond,1.5427358600260213,-,-0.07917129134378177,0.35944973574991873
20,784.4368436838923,,,C-C torsion,tau(H12-C1-C2-C3),dihedral,1.3927002445681707,-,-0.10832480530464059,0.17333404380475795
20,784.4368436838923,,,C-C torsion,nu(C3-C8),bond,1.0352146324909146,-,-0.06767414349169669,0.33011626112312614
20,784.4368436838923,,,C-C torsion,nu(N5-C6),bond,0.7750403280888098,-,-0.05911990165337377,0.3238463052348426
20,784.4368436838923,,,C-C torsion,tau(C3-N5-C6-H17),dihedral,0.4962134645929547,-,-0.059432815772734356,0.20516250023230395
20,784.4368436838923,,,C-C torsion,tau(C2-C3-N5-C6),dihedral,0.4219310965267072,+,0.0269480563270772,0.8485329137332114
20,784.4368436838923,,,C-C torsion,tau(C2-C3-C4-H16),dihedral,0.3927875680735577,-,-0.048503087100008946,0.24383779514721982
20,784.4368436838923,,,C-C torsion,tau(C3-N5-C6-H18),dihedral,0.38629400381664225,-,-0.05427678175687017,0.19150135016784978
20,784.4368436838923,,,C-C torsion,tau(C4-C3-N5-C6),dihedral,0.3834111190777098,+,0.030237108002130347,0.6124438142435374
20,784.4368436838923,,,C-C torsion,tau(N5-C6-C7-H19),dihedral,0.33536446510985396,-,-0.04754289010148555,0.21668454548083232
20,784.4368436838923,,,C-C torsion,nu(C3-C4),bond,0.2584227675262516,+,0.0342333260267822,0.32204356991514493
20,784.4368436838923,,,C-C torsion,delta(N5-C6-C7),angle,0.22287793084511145,-,-0.01663526341335834,1.1762232354515754
20,784.4368436838923,,,C-C torsion,tau(C8-C3-C4-N5),dihedral,0.22122232639935885,-,-0.016435875982497995,1.195983795278429
20,784.4368436838923,,,C-C torsion,delta(C6-C7-H20),angle,0.1966553549188238,+,0.029229099160567675,0.33616846176778953
20,784.4368436838923,,,C-C torsion,tau(N5-C3-C8-O9),dihedral,0.1959629208138701,-,-0.021793893114536604,0.6025406091278427
20,784.4368436838923,,,C-C torsion,delta(C7-C8-H21),angle,0.12448513562756235,-,-0.01462596600244061,0.8498659491447228
20,784.4368436838923,,,C-C torsion,nu(C2-C3),bond,0.12134059881016195,-,-0.024809045313982647,0.2879175118810551
20,784.4368436838923,,,C-C torsion,nu(C7-C8),bond,0.09882136924601483,-,-0.023439854270193752,0.2626776389289826
20,784.4368436838923,,,C-C torsion,"gamma(H16;C4,C3,H15)",oop,0.08963630363865499,-,-0.027992978713023593,0.16705818655223026
20,784.4368436838923,,,C-C torsion,delta(C2-C1-H12),angle,0.08772184669369985,-,-0.01822969316626657,0.38550596241050855
20,784.4368436838923,,,C-C torsion,tau(C6-C7-C8-O9),dihedral,0.08291988597040642,-,-0.018769278356313396,0.3437522879047999
20,784.4368436838923,,,C-C torsion,nu(C6-C7),bond,0.08214772893334024,-,-0.01911207821507575,0.32844434189084687
20,784.4368436838923,,,C-C torsion,delta(C3-C8-H21),angle,0.07997246586051805,-,-0.01289951364809808,0.7019010077438758
20,784.4368436838923,,,C-C torsion,nu(C8-O9),bond,0.07220096113984144,-,-0.0182849073862185,0.3153838863168852
20,784.4368436838923,,,C-C torsion,delta(C3-C4-H15),angle,0.04680320446921713,+,0.017252737726829254,0.22963685996427452
20,784.4368436838923,,,C-C torsion,delta(C8-O9-H22),angle,0.032447616940217514,-,-0.01652817311202678,0.17346631468839127
20,784.4368436838923,,,C-C torsion,delta(N5-C6-H18),angle,0.02722938119004146,+,0.013157809647180687,0.2296955728995778
20,784.4368436838923,,,C-C torsion,"gamma(C3;C2,H13,H14)",oop,0.025606259695409427,-,-0.00783704089933246,0.6088691511213071
20,784.4368436838923,,,C-C torsion,delta(O9-C8-H21),angle,0.022689385551287154,-,-0.006065382256859598,0.9007171530836973
20,784.4368436838923,,,C-C torsion,delta(C2-C3-C8),angle,0.021920737808707697,-,-0.005875622938654427,0.9273194814098629
20,784.4368436838923,,,C-C torsion,"gamma(C8;C7,H19,H20)",oop,0.020820123563246962,+,0.011956635465009108,0.21269014963965546
20,784.4368436838923,,,C-C torsion,delta(C1-C2-C3),angle,0.017999124696853483,+,0.008117901114303426,0.39888336380392314
20,784.4368436838923,,,C-C torsion,delta(H13-C2-H14),angle,0.007684174033589146,-,-0.0033338454977684664,1.009690582029088
20,784.4368436838923,,,C-C torsion,delta(H10-C1-H11),angle,0.005559362895843054,+,0.006255878786947153,0.20745811382014626
20,784.4368436838923,,,C-C torsion,delta(H15-C4-H16),angle,0.0033224828411417295,-,-0.0044659830209228405,0.24328238400212834
20,784.4368436838923,,,C-C torsion,nu(C2-H13),bond,0.0022622567698025965,-,-0.0031968580521086576,0.32327881233108835
20,784.4368436838923,,,C-C torsion,nu(C1-H10),bond,0.0017656366613067033,-,-0.0027557112696977386,0.33955956196528847
20,784.4368436838923,,,C-C torsion,nu(C2-H14),bond,0.001545723122803101,+,0.0026075524813641416,0.33200730465984796
20,784.4368436838923,,,C-C torsion,nu(C1-C2),bond,0.001462629572542683,+,0.002784183949131881,0.2755627756868186
20,784.4368436838923,,,C-C torsion,nu(C1-H11),bond,0.0012472248058581128,+,0.0023346130099532025,0.3341927227283412
20,784.4368436838923,,,C-C torsion,delta(N5-C6-H17),angle,0.001191547248708041,-,-0.002632371181459086,0.251130270498446
20,784.4368436838923,,,C-C torsion,nu(C4-H16),bond,0.000973169521891205,+,0.0020147839849417423,0.3501172997314638
20,784.4368436838923,,,C-C torsion,"gamma(H12;C1,H10,H11)",oop,0.0008325672836481902,-,-0.002015199088752405,0.2994094311841051
20,784.4368436838923,,,C-C torsion,nu(C3-N5),bond,0.0006872739876770661,+,0.0017593193554487222,0.3242818163336834
20,784.4368436838923,,,C-C torsion,tau(H21-C8-O9-H22),dihedral,0.0006201718844145119,-,-0.010878124394979236,0.007653958151576438
20,784.4368436838923,,,C-C torsion,nu(C8-H21),bond,0.00038418364452829973,+,0.0013346315637979757,0.31499099646613576
20,784.4368436838923,,,C-C torsion,delta(H19-C7-H20),angle,0.000371219155988905,+,0.001417569090418108,0.26978882731842474
20,784.4368436838923,,,C-C torsion,nu(C7-H19),bond,0.000216276766722693,-,-0.0009711168229917264,0.3349260785391822
20,784.4368436838923,,,C-C torsion,nu(C4-H15),bond,0.00015988103687009127,+,0.0008165839990380555,0.3501686615835324
20,784.4368436838923,,,C-C torsion,nu(C7-H20),bond,0.00012718339800797524,-,-0.0007450611376975323,0.33460209280992387
20,784.4368436838923,,,C-C torsion,nu(C6-H17),bond,7.29752294450755e-05,+,0.0005675142544671153,0.33090548953252324
20,784.4368436838923,,,C-C torsion,nu(O9-H22),bond,4.07144759313228e-05,-,-0.000337910825285413,0.5207468965628298
20,784.4368436838923,,,C-C torsion,nu(C6-H18),bond,3.261440998939278e-05,+,0.00037816338166094064,0.33306778735766407
20,784.4368436838923,,,C-C torsion,nu(C1-H12),bond,8.641211943742424e-06,+,0.00019430262101721718,0.33427153116902686
21,814.2988906329563,,,mixed C-C torsion / ring-site C-H out-of-plane bending / in-phase cyclic C-N stretching,tau(H13-C2-C3-C4),dihedral,13.85421914872454,-,-0.11042577153999653,0.7244680264882472
21,814.2988906329563,,,mixed C-C torsion / ring-site C-H out-of-plane bending / in-phase cyclic C-N stretching,nu(N5-C6),bond,11.431998157594016,+,0.1500308697672229,0.3238463052348426
21,814.2988906329563,,,mixed C-C torsion / ring-site C-H out-of-plane bending / in-phase cyclic C-N stretching,delta(C2-C1-H11),angle,8.707781982483239,-,-0.12085747677854619,0.38013561079786046
21,814.2988906329563,,,mixed C-C torsion / ring-site C-H out-of-plane bending / in-phase cyclic C-N stretching,nu(C4-N5),bond,8.337711340814211,+,0.12161674363426828,0.35944973574991873
21,814.2988906329563,,,mixed C-C torsion / ring-site C-H out-of-plane bending / in-phase cyclic C-N stretching,tau(H14-C2-C3-C8),dihedral,7.742569443396786,-,-0.08074847615985394,0.7571719090760054
21,814.2988906329563,,,mixed C-C torsion / ring-site C-H out-of-plane bending / in-phase cyclic C-N stretching,tau(C3-N5-C6-H17),dihedral,6.509382352046934,+,0.1422361298560262,0.20516250023230395
21,814.2988906329563,,,mixed C-C torsion / ring-site C-H out-of-plane bending / in-phase cyclic C-N stretching,tau(C3-N5-C6-H18),dihedral,6.044894588442915,+,0.14187225549123508,0.19150135016784978
21,814.2988906329563,,,mixed C-C torsion / ring-site C-H out-of-plane bending / in-phase cyclic C-N stretching,tau(C2-C3-C4-H16),dihedral,5.339907697567484,+,0.11816949814116956,0.24383779514721982
21,814.2988906329563,,,mixed C-C torsion / ring-site C-H out-of-plane bending / in-phase cyclic C-N stretching,delta(C6-C7-H20),angle,4.223765229081239,-,-0.08950770652330035,0.33616846176778953
21,814.2988906329563,,,mixed C-C torsion / ring-site C-H out-of-plane bending / in-phase cyclic C-N stretching,delta(C1-C2-H14),angle,3.6533573490546813,-,-0.07285819191806955,0.43884729955830637
21,814.2988906329563,,,mixed C-C torsion / ring-site C-H out-of-plane bending / in-phase cyclic C-N stretching,tau(N5-C3-C8-O9),dihedral,2.923219115285344,+,0.05561943223392374,0.6025406091278427
21,814.2988906329563,,,mixed C-C torsion / ring-site C-H out-of-plane bending / in-phase cyclic C-N stretching,tau(N5-C6-C7-H19),dihedral,2.589330776648291,+,0.08729087067738615,0.21668454548083232
21,814.2988906329563,,,mixed C-C torsion / ring-site C-H out-of-plane bending / in-phase cyclic C-N stretching,tau(H12-C1-C2-C3),dihedral,2.251183645220956,-,-0.09100233907546584,0.17333404380475795
21,814.2988906329563,,,mixed C-C torsion / ring-site C-H out-of-plane bending / in-phase cyclic C-N stretching,tau(C8-C3-C4-N5),dihedral,2.234432069329595,+,0.03451516530002858,1.195983795278429
21,814.2988906329563,,,mixed C-C torsion / ring-site C-H out-of-plane bending / in-phase cyclic C-N stretching,delta(C2-C1-H12),angle,1.9478463493923572,+,0.056761102909398474,0.38550596241050855
21,814.2988906329563,,,mixed C-C torsion / ring-site C-H out-of-plane bending / in-phase cyclic C-N stretching,nu(C2-C3),bond,1.618886686024251,+,0.05987743841748808,0.2879175118810551
21,814.2988906329563,,,mixed C-C torsion / ring-site C-H out-of-plane bending / in-phase cyclic C-N stretching,tau(C4-C3-N5-C6),dihedral,1.4817796171598325,-,-0.039277850187279646,0.6124438142435374
21,814.2988906329563,,,mixed C-C torsion / ring-site C-H out-of-plane bending / in-phase cyclic C-N stretching,nu(C3-C8),bond,1.2273044132110493,+,0.04868909659485479,0.33011626112312614
21,814.2988906329563,,,mixed C-C torsion / ring-site C-H out-of-plane bending / in-phase cyclic C-N stretching,nu(C6-C7),bond,1.0232365831896408,+,0.04457036230878891,0.32844434189084687
21,814.2988906329563,,,mixed C-C torsion / ring-site C-H out-of-plane bending / in-phase cyclic C-N stretching,delta(C2-C3-C8),angle,0.9684971779954323,-,-0.025806167709136546,0.9273194814098629
21,814.2988906329563,,,mixed C-C torsion / ring-site C-H out-of-plane bending / in-phase cyclic C-N stretching,delta(C3-C2-H14),angle,0.9154049801073691,-,-0.030782385564203617,0.6160086042110487
21,814.2988906329563,,,mixed C-C torsion / ring-site C-H out-of-plane bending / in-phase cyclic C-N stretching,tau(H11-C1-C2-H13),dihedral,0.9153809091995591,+,0.05761108443854694,0.17586029811300968
21,814.2988906329563,,,mixed C-C torsion / ring-site C-H out-of-plane bending / in-phase cyclic C-N stretching,tau(C2-C3-N5-C6),dihedral,0.8656414401670441,+,0.025504904423524818,0.8485329137332114
21,814.2988906329563,,,mixed C-C torsion / ring-site C-H out-of-plane bending / in-phase cyclic C-N stretching,"gamma(H16;C4,C3,H15)",oop,0.5344927408147082,+,0.04516749983191568,0.16705818655223026
21,814.2988906329563,,,mixed C-C torsion / ring-site C-H out-of-plane bending / in-phase cyclic C-N stretching,nu(C3-N5),bond,0.4220782145844979,+,0.028808735571757126,0.3242818163336834
21,814.2988906329563,,,mixed C-C torsion / ring-site C-H out-of-plane bending / in-phase cyclic C-N stretching,delta(N5-C6-C7),angle,0.4088736108584786,+,0.014888079905392619,1.1762232354515754
21,814.2988906329563,,,mixed C-C torsion / ring-site C-H out-of-plane bending / in-phase cyclic C-N stretching,delta(C1-C2-C3),angle,0.4063166165952516,-,-0.02548580508445049,0.39888336380392314
21,814.2988906329563,,,mixed C-C torsion / ring-site C-H out-of-plane bending / in-phase cyclic C-N stretching,delta(N5-C6-H18),angle,0.26480575577819376,-,-0.027112928282133898,0.2296955728995778
21,814.2988906329563,,,mixed C-C torsion / ring-site C-H out-of-plane bending / in-phase cyclic C-N stretching,"gamma(C3;C2,H13,H14)",oop,0.2533437129018308,+,0.016288538082631743,0.6088691511213071
21,814.2988906329563,,,mixed C-C torsion / ring-site C-H out-of-plane bending / in-phase cyclic C-N stretching,delta(C3-C8-H21),angle,0.1948403383736487,-,-0.013304254131028032,0.7019010077438758
21,814.2988906329563,,,mixed C-C torsion / ring-site C-H out-of-plane bending / in-phase cyclic C-N stretching,nu(C8-O9),bond,0.1252561864544477,+,0.015913615833629186,0.3153838863168852
21,814.2988906329563,,,mixed C-C torsion / ring-site C-H out-of-plane bending / in-phase cyclic C-N stretching,nu(C7-C8),bond,0.11716043665992515,-,-0.016864286288765844,0.2626776389289826
21,814.2988906329563,,,mixed C-C torsion / ring-site C-H out-of-plane bending / in-phase cyclic C-N stretching,nu(C3-C4),bond,0.085454783129545,-,-0.013007681649015564,0.32204356991514493
21,814.2988906329563,,,mixed C-C torsion / ring-site C-H out-of-plane bending / in-phase cyclic C-N stretching,delta(N5-C6-H17),angle,0.0658735485459501,+,0.012932873352987269,0.251130270498446
21,814.2988906329563,,,mixed C-C torsion / ring-site C-H out-of-plane bending / in-phase cyclic C-N stretching,delta(C3-C4-H15),angle,0.05294816137198777,+,0.012125332856734764,0.22963685996427452
21,814.2988906329563,,,mixed C-C torsion / ring-site C-H out-of-plane bending / in-phase cyclic C-N stretching,delta(H10-C1-H11),angle,0.04299551882672732,-,-0.011495699740881174,0.20745811382014626
21,814.2988906329563,,,mixed C-C torsion / ring-site C-H out-of-plane bending / in-phase cyclic C-N stretching,"gamma(C8;C7,H19,H20)",oop,0.03599824165152291,-,-0.010388575082847249,0.21269014963965546
21,814.2988906329563,,,mixed C-C torsion / ring-site C-H out-of-plane bending / in-phase cyclic C-N stretching,nu(C1-C2),bond,0.03360249525751575,+,0.008817886739548458,0.2755627756868186
21,814.2988906329563,,,mixed C-C torsion / ring-site C-H out-of-plane bending / in-phase cyclic C-N stretching,delta(C8-O9-H22),angle,0.029079328962700032,+,0.010338883499378747,0.17346631468839127
21,814.2988906329563,,,mixed C-C torsion / ring-site C-H out-of-plane bending / in-phase cyclic C-N stretching,tau(H21-C8-O9-H22),dihedral,0.022411103583678038,+,0.04320933745256781,0.007653958151576438
21,814.2988906329563,,,mixed C-C torsion / ring-site C-H out-of-plane bending / in-phase cyclic C-N stretching,delta(C7-C8-H21),angle,0.021891720531545162,+,0.004052786823782631,0.8498659491447228
21,814.2988906329563,,,mixed C-C torsion / ring-site C-H out-of-plane bending / in-phase cyclic C-N stretching,delta(H19-C7-H20),angle,0.019306987696911623,-,-0.006755139267362958,0.26978882731842474
21,814.2988906329563,,,mixed C-C torsion / ring-site C-H out-of-plane bending / in-phase cyclic C-N stretching,tau(C6-C7-C8-O9),dihedral,0.01679268254298322,-,-0.005581183063407859,0.3437522879047999
21,814.2988906329563,,,mixed C-C torsion / ring-site C-H out-of-plane bending / in-phase cyclic C-N stretching,delta(H15-C4-H16),angle,0.012781175387609985,-,-0.005787874333133961,0.24328238400212834
21,814.2988906329563,,,mixed C-C torsion / ring-site C-H out-of-plane bending / in-phase cyclic C-N stretching,nu(C6-H17),bond,0.005606932532893907,-,-0.003287000018959133,0.33090548953252324
21,814.2988906329563,,,mixed C-C torsion / ring-site C-H out-of-plane bending / in-phase cyclic C-N stretching,nu(C2-H13),bond,0.0055386195231487915,-,-0.0033052260921716775,0.32327881233108835
21,814.2988906329563,,,mixed C-C torsion / ring-site C-H out-of-plane bending / in-phase cyclic C-N stretching,"gamma(H12;C1,H10,H11)",oop,0.003425166817171509,-,-0.0027008294046368844,0.2994094311841051
21,814.2988906329563,,,mixed C-C torsion / ring-site C-H out-of-plane bending / in-phase cyclic C-N stretching,nu(C1-H11),bond,0.0032151623583766965,+,0.0024768059791458034,0.3341927227283412
21,814.2988906329563,,,mixed C-C torsion / ring-site C-H out-of-plane bending / in-phase cyclic C-N stretching,nu(C7-H20),bond,0.0017318557470341256,+,0.0018166888823745325,0.33460209280992387
21,814.2988906329563,,,mixed C-C torsion / ring-site C-H out-of-plane bending / in-phase cyclic C-N stretching,nu(C2-H14),bond,0.0015813334744256941,+,0.0017427172904581113,0.33200730465984796
21,814.2988906329563,,,mixed C-C torsion / ring-site C-H out-of-plane bending / in-phase cyclic C-N stretching,nu(C7-H19),bond,0.0010739725650104344,+,0.0014299180183872302,0.3349260785391822
21,814.2988906329563,,,mixed C-C torsion / ring-site C-H out-of-plane bending / in-phase cyclic C-N stretching,delta(O9-C8-H21),angle,0.0009809095592380193,+,0.0008333151817414496,0.9007171530836973
21,814.2988906329563,,,mixed C-C torsion / ring-site C-H out-of-plane bending / in-phase cyclic C-N stretching,nu(C1-H10),bond,0.0008461176202802984,-,-0.0012605103461322033,0.33955956196528847
21,814.2988906329563,,,mixed C-C torsion / ring-site C-H out-of-plane bending / in-phase cyclic C-N stretching,nu(C8-H21),bond,0.0006940925694925504,-,-0.0011853555972485465,0.31499099646613576
21,814.2988906329563,,,mixed C-C torsion / ring-site C-H out-of-plane bending / in-phase cyclic C-N stretching,nu(C4-H16),bond,0.0006788181585030311,-,-0.0011118826867446139,0.3501172997314638
21,814.2988906329563,,,mixed C-C torsion / ring-site C-H out-of-plane bending / in-phase cyclic C-N stretching,nu(C1-H12),bond,0.00023749232932909536,-,-0.0006730760316893402,0.33427153116902686
21,814.2988906329563,,,mixed C-C torsion / ring-site C-H out-of-plane bending / in-phase cyclic C-N stretching,nu(C6-H18),bond,0.00016093499643497555,-,-0.0005550702597244867,0.33306778735766407
21,814.2988906329563,,,mixed C-C torsion / ring-site C-H out-of-plane bending / in-phase cyclic C-N stretching,nu(C4-H15),bond,0.00014169096550984355,+,0.0005079505899920889,0.3501686615835324
21,814.2988906329563,,,mixed C-C torsion / ring-site C-H out-of-plane bending / in-phase cyclic C-N stretching,nu(O9-H22),bond,5.1613038825835845e-05,+,0.00025139428298629905,0.5207468965628298
21,814.2988906329563,,,mixed C-C torsion / ring-site C-H out-of-plane bending / in-phase cyclic C-N stretching,delta(H13-C2-H14),angle,8.750979191351263e-07,-,-2.350840695857335e-05,1.009690582029088
22,841.9378092117365,,,mixed C-C torsion / mixed-phase cyclic C-N stretching,nu(C3-N5),bond,17.307306260224205,-,-0.19363728191691615,0.3242818163336834
22,841.9378092117365,,,mixed C-C torsion / mixed-phase cyclic C-N stretching,tau(H13-C2-C3-C4),dihedral,12.260426148960748,+,0.10903820868078178,0.7244680264882472
22,841.9378092117365,,,mixed C-C torsion / mixed-phase cyclic C-N stretching,tau(H14-C2-C3-C8),dihedral,11.408096373978422,-,-0.10288329881975206,0.7571719090760054
22,841.9378092117365,,,mixed C-C torsion / mixed-phase cyclic C-N stretching,tau(C2-C3-C4-H16),dihedral,9.01073466410307,-,-0.16112581467867534,0.24383779514721982
22,841.9378092117365,,,mixed C-C torsion / mixed-phase cyclic C-N stretching,delta(C2-C1-H12),angle,7.35588895422379,-,-0.11578107281555183,0.38550596241050855
22,841.9378092117365,,,mixed C-C torsion / mixed-phase cyclic C-N stretching,tau(C8-C3-C4-N5),dihedral,6.51671641904684,+,0.06187102352517418,1.195983795278429
22,841.9378092117365,,,mixed C-C torsion / mixed-phase cyclic C-N stretching,delta(C3-C4-H15),angle,4.6796010096236795,+,0.1196517762076193,0.22963685996427452
22,841.9378092117365,,,mixed C-C torsion / mixed-phase cyclic C-N stretching,nu(C3-C8),bond,4.6390715856132925,+,0.09936138010849296,0.33011626112312614
22,841.9378092117365,,,mixed C-C torsion / mixed-phase cyclic C-N stretching,delta(C1-C2-C3),angle,2.9907024600704935,+,0.07257702783486211,0.39888336380392314
22,841.9378092117365,,,mixed C-C torsion / mixed-phase cyclic C-N stretching,tau(H11-C1-C2-H13),dihedral,2.143771913667732,+,0.09254243503692798,0.17586029811300968
22,841.9378092117365,,,mixed C-C torsion / mixed-phase cyclic C-N stretching,delta(C1-C2-H14),angle,1.9279163897487588,-,-0.05555497026064225,0.43884729955830637
22,841.9378092117365,,,mixed C-C torsion / mixed-phase cyclic C-N stretching,delta(C6-C7-H20),angle,1.7164558869636957,-,-0.05989262896143937,0.33616846176778953
22,841.9378092117365,,,mixed C-C torsion / mixed-phase cyclic C-N stretching,nu(C3-C4),bond,1.7112570751510996,+,0.06109924576002347,0.32204356991514493
22,841.9378092117365,,,mixed C-C torsion / mixed-phase cyclic C-N stretching,nu(C4-N5),bond,1.6587964037225122,+,0.05693941424665121,0.35944973574991873
22,841.9378092117365,,,mixed C-C torsion / mixed-phase cyclic C-N stretching,delta(C2-C3-C8),angle,1.5924017040863516,-,-0.034733389127699923,0.9273194814098629
22,841.9378092117365,,,mixed C-C torsion / mixed-phase cyclic C-N stretching,tau(N5-C6-C7-H19),dihedral,1.2949050891241405,+,0.06479485719508772,0.21668454548083232
22,841.9378092117365,,,mixed C-C torsion / mixed-phase cyclic C-N stretching,delta(C2-C1-H11),angle,1.1581272805923415,+,0.04626413055845022,0.38013561079786046
22,841.9378092117365,,,mixed C-C torsion / mixed-phase cyclic C-N stretching,nu(C2-C3),bond,1.1073245722291214,-,-0.051980321970769454,0.2879175118810551
22,841.9378092117365,,,mixed C-C torsion / mixed-phase cyclic C-N stretching,delta(N5-C6-H18),angle,0.9879696708720093,-,-0.05497067006149888,0.2296955728995778
22,841.9378092117365,,,mixed C-C torsion / mixed-phase cyclic C-N stretching,nu(N5-C6),bond,0.9729321597577715,-,-0.045941729785809064,0.3238463052348426
22,841.9378092117365,,,mixed C-C torsion / mixed-phase cyclic C-N stretching,tau(C3-N5-C6-H17),dihedral,0.9574235185826647,+,0.05725831864994776,0.20516250023230395
22,841.9378092117365,,,mixed C-C torsion / mixed-phase cyclic C-N stretching,tau(C3-N5-C6-H18),dihedral,0.7373309213740679,+,0.05200927985427423,0.19150135016784978
22,841.9378092117365,,,mixed C-C torsion / mixed-phase cyclic C-N stretching,tau(N5-C3-C8-O9),dihedral,0.7351843220158877,-,-0.029277938508766612,0.6025406091278427
22,841.9378092117365,,,mixed C-C torsion / mixed-phase cyclic C-N stretching,"gamma(C8;C7,H19,H20)",oop,0.6422120865238837,-,-0.04605757689787907,0.21269014963965546
22,841.9378092117365,,,mixed C-C torsion / mixed-phase cyclic C-N stretching,delta(C3-C8-H21),angle,0.5441803708885721,-,-0.023338290430258247,0.7019010077438758
22,841.9378092117365,,,mixed C-C torsion / mixed-phase cyclic C-N stretching,delta(N5-C6-H17),angle,0.46792769627347375,+,0.0361805679858947,0.251130270498446
22,841.9378092117365,,,mixed C-C torsion / mixed-phase cyclic C-N stretching,"gamma(C3;C2,H13,H14)",oop,0.431984616522723,-,-0.02232583404677852,0.6088691511213071
22,841.9378092117365,,,mixed C-C torsion / mixed-phase cyclic C-N stretching,"gamma(H16;C4,C3,H15)",oop,0.42914781132817414,+,0.0424820148564122,0.16705818655223026
22,841.9378092117365,,,mixed C-C torsion / mixed-phase cyclic C-N stretching,tau(C2-C3-N5-C6),dihedral,0.36476341515648025,-,-0.01737828147042484,0.8485329137332114
22,841.9378092117365,,,mixed C-C torsion / mixed-phase cyclic C-N stretching,delta(N5-C6-C7),angle,0.3477881270028433,+,0.014412789227961647,1.1762232354515754
22,841.9378092117365,,,mixed C-C torsion / mixed-phase cyclic C-N stretching,nu(C6-C7),bond,0.32986749061302706,+,0.026562833673026042,0.32844434189084687
22,841.9378092117365,,,mixed C-C torsion / mixed-phase cyclic C-N stretching,delta(H15-C4-H16),angle,0.2916603478759003,+,0.02902143615516712,0.24328238400212834
22,841.9378092117365,,,mixed C-C torsion / mixed-phase cyclic C-N stretching,delta(O9-C8-H21),angle,0.2599065907653818,-,-0.014238032057826415,0.9007171530836973
22,841.9378092117365,,,mixed C-C torsion / mixed-phase cyclic C-N stretching,delta(H10-C1-H11),angle,0.20036226178383645,+,0.026048234150359367,0.20745811382014626
22,841.9378092117365,,,mixed C-C torsion / mixed-phase cyclic C-N stretching,nu(C8-O9),bond,0.19475814217979562,+,0.02082876874640199,0.3153838863168852
22,841.9378092117365,,,mixed C-C torsion / mixed-phase cyclic C-N stretching,tau(C4-C3-N5-C6),dihedral,0.1448072334086676,+,0.012888356449414858,0.6124438142435374
22,841.9378092117365,,,mixed C-C torsion / mixed-phase cyclic C-N stretching,delta(H13-C2-H14),angle,0.13573355129474682,-,-0.009718181150206647,1.009690582029088
22,841.9378092117365,,,mixed C-C torsion / mixed-phase cyclic C-N stretching,nu(C7-C8),bond,0.13348786740268284,-,-0.01889491237874798,0.2626776389289826
22,841.9378092117365,,,mixed C-C torsion / mixed-phase cyclic C-N stretching,tau(H12-C1-C2-C3),dihedral,0.050923909600046655,-,-0.014366615596448414,0.17333404380475795
22,841.9378092117365,,,mixed C-C torsion / mixed-phase cyclic C-N stretching,delta(C3-C2-H14),angle,0.042784745100676834,+,0.006985325084363305,0.6160086042110487
22,841.9378092117365,,,mixed C-C torsion / mixed-phase cyclic C-N stretching,delta(C8-O9-H22),angle,0.041333004351647495,-,-0.012938277087301336,0.17346631468839127
22,841.9378092117365,,,mixed C-C torsion / mixed-phase cyclic C-N stretching,tau(C6-C7-C8-O9),dihedral,0.023076261282103997,+,0.006867449302404382,0.3437522879047999
22,841.9378092117365,,,mixed C-C torsion / mixed-phase cyclic C-N stretching,"gamma(H12;C1,H10,H11)",oop,0.01368664303947692,+,0.005666974639039028,0.2994094311841051
22,841.9378092117365,,,mixed C-C torsion / mixed-phase cyclic C-N stretching,nu(C1-C2),bond,0.011604727562460473,-,-0.005439296537523114,0.2755627756868186
22,841.9378092117365,,,mixed C-C torsion / mixed-phase cyclic C-N stretching,delta(C7-C8-H21),angle,0.006297759313565633,+,0.0022816727295339265,0.8498659491447228
22,841.9378092117365,,,mixed C-C torsion / mixed-phase cyclic C-N stretching,nu(C6-H18),bond,0.005296883215034014,-,-0.0033425616014150037,0.33306778735766407
22,841.9378092117365,,,mixed C-C torsion / mixed-phase cyclic C-N stretching,nu(C4-H15),bond,0.00410514778723082,-,-0.0028698638718387915,0.3501686615835324
22,841.9378092117365,,,mixed C-C torsion / mixed-phase cyclic C-N stretching,nu(C2-H13),bond,0.0025329569704334834,+,0.0023461772645486326,0.32327881233108835
22,841.9378092117365,,,mixed C-C torsion / mixed-phase cyclic C-N stretching,nu(C1-H12),bond,0.0018950990207418658,+,0.001995730043195967,0.33427153116902686
22,841.9378092117365,,,mixed C-C torsion / mixed-phase cyclic C-N stretching,nu(C4-H16),bond,0.0018244368749348113,-,-0.0019133445006153896,0.3501172997314638
22,841.9378092117365,,,mixed C-C torsion / mixed-phase cyclic C-N stretching,tau(H21-C8-O9-H22),dihedral,0.0013856665229746907,+,0.011277734275202688,0.007653958151576438
22,841.9378092117365,,,mixed C-C torsion / mixed-phase cyclic C-N stretching,nu(C2-H14),bond,0.0012142112161586131,+,0.0016029088899439945,0.33200730465984796
22,841.9378092117365,,,mixed C-C torsion / mixed-phase cyclic C-N stretching,nu(C1-H10),bond,0.0009012133979441327,-,-0.0013654989619595324,0.33955956196528847
22,841.9378092117365,,,mixed C-C torsion / mixed-phase cyclic C-N stretching,delta(H19-C7-H20),angle,0.0006931116038087847,+,0.0013434612410598082,0.26978882731842474
22,841.9378092117365,,,mixed C-C torsion / mixed-phase cyclic C-N stretching,nu(C1-H11),bond,0.0006874340448280806,-,-0.0012021331152312032,0.3341927227283412
22,841.9378092117365,,,mixed C-C torsion / mixed-phase cyclic C-N stretching,nu(C7-H19),bond,0.00041074196852156157,-,-0.0009282086144726541,0.3349260785391822
22,841.9378092117365,,,mixed C-C torsion / mixed-phase cyclic C-N stretching,nu(C7-H20),bond,0.00026834784130568516,+,0.0007506202273465068,0.33460209280992387
22,841.9378092117365,,,mixed C-C torsion / mixed-phase cyclic C-N stretching,nu(O9-H22),bond,9.198886963778854e-05,+,0.00035228149669381956,0.5207468965628298
22,841.9378092117365,,,mixed C-C torsion / mixed-phase cyclic C-N stretching,nu(C6-H17),bond,5.67460145086442e-05,+,0.00034709729832689654,0.33090548953252324
22,841.9378092117365,,,mixed C-C torsion / mixed-phase cyclic C-N stretching,nu(C8-H21),bond,5.716490676347616e-07,+,3.570682347061609e-05,0.31499099646613576
23,894.7883561566204,,,mixed ring-site C-H in-plane bending / ring-site C-H out-of-plane bending / cyclic C-C stretching,delta(C7-C8-H21),angle,15.511904165876857,-,-0.09361963132254217,0.8498659491447228
23,894.7883561566204,,,mixed ring-site C-H in-plane bending / ring-site C-H out-of-plane bending / cyclic C-C stretching,nu(C7-C8),bond,14.443816415912597,-,-0.16249462969412756,0.2626776389289826
23,894.7883561566204,,,mixed ring-site C-H in-plane bending / ring-site C-H out-of-plane bending / cyclic C-C stretching,delta(C6-C7-H20),angle,11.88121045504873,-,-0.1302751090839958,0.33616846176778953
23,894.7883561566204,,,mixed ring-site C-H in-plane bending / ring-site C-H out-of-plane bending / cyclic C-C stretching,tau(C3-N5-C6-H18),dihedral,9.779622436521223,+,0.15659745820090057,0.19150135016784978
23,894.7883561566204,,,mixed ring-site C-H in-plane bending / ring-site C-H out-of-plane bending / cyclic C-C stretching,tau(C3-N5-C6-H17),dihedral,8.88448672438837,+,0.14420381978275293,0.20516250023230395
23,894.7883561566204,,,mixed ring-site C-H in-plane bending / ring-site C-H out-of-plane bending / cyclic C-C stretching,delta(C2-C3-C8),angle,8.026926534295278,+,0.06447176159577916,0.9273194814098629
23,894.7883561566204,,,mixed ring-site C-H in-plane bending / ring-site C-H out-of-plane bending / cyclic C-C stretching,nu(C4-N5),bond,7.3754247272697055,-,-0.09926222772203128,0.35944973574991873
23,894.7883561566204,,,mixed ring-site C-H in-plane bending / ring-site C-H out-of-plane bending / cyclic C-C stretching,tau(C4-C3-N5-C6),dihedral,3.41890256519758,+,0.0517749657578819,0.6124438142435374
23,894.7883561566204,,,mixed ring-site C-H in-plane bending / ring-site C-H out-of-plane bending / cyclic C-C stretching,nu(C8-O9),bond,2.461945519220198,-,-0.06122503660068929,0.3153838863168852
23,894.7883561566204,,,mixed ring-site C-H in-plane bending / ring-site C-H out-of-plane bending / cyclic C-C stretching,nu(N5-C6),bond,1.8804403094588045,-,-0.05280437266672506,0.3238463052348426
23,894.7883561566204,,,mixed ring-site C-H in-plane bending / ring-site C-H out-of-plane bending / cyclic C-C stretching,delta(C1-C2-H14),angle,1.879174392430743,+,0.04534573151245215,0.43884729955830637
23,894.7883561566204,,,mixed ring-site C-H in-plane bending / ring-site C-H out-of-plane bending / cyclic C-C stretching,delta(N5-C6-C7),angle,1.2567773914606648,+,0.022651339384481557,1.1762232354515754
23,894.7883561566204,,,mixed ring-site C-H in-plane bending / ring-site C-H out-of-plane bending / cyclic C-C stretching,delta(C3-C4-H15),angle,1.2035244328795716,-,-0.0501667816244191,0.22963685996427452
23,894.7883561566204,,,mixed ring-site C-H in-plane bending / ring-site C-H out-of-plane bending / cyclic C-C stretching,delta(C2-C1-H11),angle,1.145297167676408,+,0.03803639948427693,0.38013561079786046
23,894.7883561566204,,,mixed ring-site C-H in-plane bending / ring-site C-H out-of-plane bending / cyclic C-C stretching,delta(C3-C2-H14),angle,0.995652544325193,-,-0.027859293543925516,0.6160086042110487
23,894.7883561566204,,,mixed ring-site C-H in-plane bending / ring-site C-H out-of-plane bending / cyclic C-C stretching,tau(H12-C1-C2-C3),dihedral,0.9541555872402522,+,0.05141350938180851,0.17333404380475795
23,894.7883561566204,,,mixed ring-site C-H in-plane bending / ring-site C-H out-of-plane bending / cyclic C-C stretching,nu(C3-N5),bond,0.8965401043425991,+,0.03643620583487592,0.3242818163336834
23,894.7883561566204,,,mixed ring-site C-H in-plane bending / ring-site C-H out-of-plane bending / cyclic C-C stretching,delta(N5-C6-H17),angle,0.859373283741303,+,0.04053694133684387,0.251130270498446
23,894.7883561566204,,,mixed ring-site C-H in-plane bending / ring-site C-H out-of-plane bending / cyclic C-C stretching,delta(C2-C1-H12),angle,0.758927062790992,+,0.0307463845544916,0.38550596241050855
23,894.7883561566204,,,mixed ring-site C-H in-plane bending / ring-site C-H out-of-plane bending / cyclic C-C stretching,tau(N5-C3-C8-O9),dihedral,0.7215157518094562,+,0.023979456303761474,0.6025406091278427
23,894.7883561566204,,,mixed ring-site C-H in-plane bending / ring-site C-H out-of-plane bending / cyclic C-C stretching,nu(C3-C8),bond,0.6890280223347724,-,-0.03165880866392316,0.33011626112312614
23,894.7883561566204,,,mixed ring-site C-H in-plane bending / ring-site C-H out-of-plane bending / cyclic C-C stretching,tau(N5-C6-C7-H19),dihedral,0.6515245694562422,+,0.03799802418669096,0.21668454548083232
23,894.7883561566204,,,mixed ring-site C-H in-plane bending / ring-site C-H out-of-plane bending / cyclic C-C stretching,tau(C6-C7-C8-O9),dihedral,0.586642840325053,-,-0.02862685730797973,0.3437522879047999
23,894.7883561566204,,,mixed ring-site C-H in-plane bending / ring-site C-H out-of-plane bending / cyclic C-C stretching,tau(C2-C3-N5-C6),dihedral,0.551840526295342,+,0.017671850700986837,0.8485329137332114
23,894.7883561566204,,,mixed ring-site C-H in-plane bending / ring-site C-H out-of-plane bending / cyclic C-C stretching,"gamma(C8;C7,H19,H20)",oop,0.4887019194217126,-,-0.03321680971151692,0.21269014963965546
23,894.7883561566204,,,mixed ring-site C-H in-plane bending / ring-site C-H out-of-plane bending / cyclic C-C stretching,delta(C3-C8-H21),angle,0.4827941858111484,-,-0.01817408970248929,0.7019010077438758
23,894.7883561566204,,,mixed ring-site C-H in-plane bending / ring-site C-H out-of-plane bending / cyclic C-C stretching,delta(N5-C6-H18),angle,0.45076888084658107,-,-0.030698010866284604,0.2296955728995778
23,894.7883561566204,,,mixed ring-site C-H in-plane bending / ring-site C-H out-of-plane bending / cyclic C-C stretching,nu(C6-C7),bond,0.3712852489515167,-,-0.023298745627617724,0.32844434189084687
23,894.7883561566204,,,mixed ring-site C-H in-plane bending / ring-site C-H out-of-plane bending / cyclic C-C stretching,"gamma(H16;C4,C3,H15)",oop,0.2736287627779219,-,-0.028045073116512387,0.16705818655223026
23,894.7883561566204,,,mixed ring-site C-H in-plane bending / ring-site C-H out-of-plane bending / cyclic C-C stretching,delta(O9-C8-H21),angle,0.240550653903189,-,-0.011324489639045986,0.9007171530836973
23,894.7883561566204,,,mixed ring-site C-H in-plane bending / ring-site C-H out-of-plane bending / cyclic C-C stretching,nu(C2-C3),bond,0.1754231027599207,+,0.01710483693958052,0.2879175118810551
23,894.7883561566204,,,mixed ring-site C-H in-plane bending / ring-site C-H out-of-plane bending / cyclic C-C stretching,nu(C1-C2),bond,0.15363529680279628,+,0.01636231733148886,0.2755627756868186
23,894.7883561566204,,,mixed ring-site C-H in-plane bending / ring-site C-H out-of-plane bending / cyclic C-C stretching,tau(H14-C2-C3-C8),dihedral,0.11371987050589207,+,0.008492401456774384,0.7571719090760054
23,894.7883561566204,,,mixed ring-site C-H in-plane bending / ring-site C-H out-of-plane bending / cyclic C-C stretching,"gamma(C3;C2,H13,H14)",oop,0.07699562061101213,+,0.007792568187415786,0.6088691511213071
23,894.7883561566204,,,mixed ring-site C-H in-plane bending / ring-site C-H out-of-plane bending / cyclic C-C stretching,tau(H11-C1-C2-H13),dihedral,0.07557679803609282,-,-0.014365472866368469,0.17586029811300968
23,894.7883561566204,,,mixed ring-site C-H in-plane bending / ring-site C-H out-of-plane bending / cyclic C-C stretching,nu(C3-C4),bond,0.06300189490913469,+,0.009692349685303607,0.32204356991514493
23,894.7883561566204,,,mixed ring-site C-H in-plane bending / ring-site C-H out-of-plane bending / cyclic C-C stretching,delta(H15-C4-H16),angle,0.059029191559107824,-,-0.010794130660058916,0.24328238400212834
23,894.7883561566204,,,mixed ring-site C-H in-plane bending / ring-site C-H out-of-plane bending / cyclic C-C stretching,tau(C2-C3-C4-H16),dihedral,0.02853191432204837,-,-0.007495912853612349,0.24383779514721982
23,894.7883561566204,,,mixed ring-site C-H in-plane bending / ring-site C-H out-of-plane bending / cyclic C-C stretching,delta(C1-C2-C3),angle,0.022432372046534893,-,-0.005196659031684766,0.39888336380392314
23,894.7883561566204,,,mixed ring-site C-H in-plane bending / ring-site C-H out-of-plane bending / cyclic C-C stretching,delta(H10-C1-H11),angle,0.020338812979436034,-,-0.006861312084464664,0.20745811382014626
23,894.7883561566204,,,mixed ring-site C-H in-plane bending / ring-site C-H out-of-plane bending / cyclic C-C stretching,tau(H13-C2-C3-C4),dihedral,0.019846704419018677,+,0.003626971757691904,0.7244680264882472
23,894.7883561566204,,,mixed ring-site C-H in-plane bending / ring-site C-H out-of-plane bending / cyclic C-C stretching,tau(H21-C8-O9-H22),dihedral,0.016705799179540393,-,-0.032374283919948385,0.007653958151576438
23,894.7883561566204,,,mixed ring-site C-H in-plane bending / ring-site C-H out-of-plane bending / cyclic C-C stretching,nu(C6-H17),bond,0.014614723244636198,-,-0.004605246662130592,0.33090548953252324
23,894.7883561566204,,,mixed ring-site C-H in-plane bending / ring-site C-H out-of-plane bending / cyclic C-C stretching,nu(C8-H21),bond,0.010308864626878774,+,0.003964294708156737,0.31499099646613576
23,894.7883561566204,,,mixed ring-site C-H in-plane bending / ring-site C-H out-of-plane bending / cyclic C-C stretching,tau(C8-C3-C4-N5),dihedral,0.006378753723211724,-,-0.0016003495584036127,1.195983795278429
23,894.7883561566204,,,mixed ring-site C-H in-plane bending / ring-site C-H out-of-plane bending / cyclic C-C stretching,delta(H19-C7-H20),angle,0.005360743605228519,-,-0.0030889446224082124,0.26978882731842474
23,894.7883561566204,,,mixed ring-site C-H in-plane bending / ring-site C-H out-of-plane bending / cyclic C-C stretching,nu(C7-H19),bond,0.004317692852398514,-,-0.0024880607185192717,0.3349260785391822
23,894.7883561566204,,,mixed ring-site C-H in-plane bending / ring-site C-H out-of-plane bending / cyclic C-C stretching,delta(C8-O9-H22),angle,0.0030088357814008885,+,0.0028860327242095007,0.17346631468839127
23,894.7883561566204,,,mixed ring-site C-H in-plane bending / ring-site C-H out-of-plane bending / cyclic C-C stretching,nu(C4-H16),bond,0.0019636336459203214,+,0.001641092391092646,0.3501172997314638
23,894.7883561566204,,,mixed ring-site C-H in-plane bending / ring-site C-H out-of-plane bending / cyclic C-C stretching,nu(O9-H22),bond,0.0016444940344269544,-,-0.0012314375450323627,0.5207468965628298
23,894.7883561566204,,,mixed ring-site C-H in-plane bending / ring-site C-H out-of-plane bending / cyclic C-C stretching,nu(C1-H10),bond,0.0011101723868246584,+,0.001252987714412993,0.33955956196528847
23,894.7883561566204,,,mixed ring-site C-H in-plane bending / ring-site C-H out-of-plane bending / cyclic C-C stretching,delta(H13-C2-H14),angle,0.0009700487065684165,+,0.0006792227164670418,1.009690582029088
23,894.7883561566204,,,mixed ring-site C-H in-plane bending / ring-site C-H out-of-plane bending / cyclic C-C stretching,"gamma(H12;C1,H10,H11)",oop,0.0008400672015569754,-,-0.001160737087255911,0.2994094311841051
23,894.7883561566204,,,mixed ring-site C-H in-plane bending / ring-site C-H out-of-plane bending / cyclic C-C stretching,nu(C6-H18),bond,0.0007813402169716586,+,0.001061361568678769,0.33306778735766407
23,894.7883561566204,,,mixed ring-site C-H in-plane bending / ring-site C-H out-of-plane bending / cyclic C-C stretching,nu(C1-H11),bond,0.0004627428362158117,-,-0.0008154192171384657,0.3341927227283412
23,894.7883561566204,,,mixed ring-site C-H in-plane bending / ring-site C-H out-of-plane bending / cyclic C-C stretching,nu(C4-H15),bond,0.00036576730961509937,+,0.0007082284854818175,0.3501686615835324
23,894.7883561566204,,,mixed ring-site C-H in-plane bending / ring-site C-H out-of-plane bending / cyclic C-C stretching,nu(C2-H13),bond,0.00021339652375095195,+,0.0005630080880212353,0.32327881233108835
23,894.7883561566204,,,mixed ring-site C-H in-plane bending / ring-site C-H out-of-plane bending / cyclic C-C stretching,nu(C1-H12),bond,2.183909096998974e-05,-,-0.0001771239007173952,0.33427153116902686
23,894.7883561566204,,,mixed ring-site C-H in-plane bending / ring-site C-H out-of-plane bending / cyclic C-C stretching,nu(C2-H14),bond,1.6176391439483836e-05,-,-0.00015295954704689805,0.33200730465984796
23,894.7883561566204,,,mixed ring-site C-H in-plane bending / ring-site C-H out-of-plane bending / cyclic C-C stretching,nu(C7-H20),bond,1.476814481179704e-07,-,-1.4558218363692495e-05,0.33460209280992387
24,922.4647893563609,,,mixed mixed-phase cyclic C-N stretching / cyclic-ring torsional/out-of-plane deformation,tau(C8-C3-C4-N5),dihedral,18.601899690673175,+,0.10252977190893704,1.195983795278429
24,922.4647893563609,,,mixed mixed-phase cyclic C-N stretching / cyclic-ring torsional/out-of-plane deformation,nu(C3-N5),bond,13.919911261058562,-,-0.1703299130464683,0.3242818163336834
24,922.4647893563609,,,mixed mixed-phase cyclic C-N stretching / cyclic-ring torsional/out-of-plane deformation,tau(H13-C2-C3-C4),dihedral,8.25021559496905,+,0.08773179740897719,0.7244680264882472
24,922.4647893563609,,,mixed mixed-phase cyclic C-N stretching / cyclic-ring torsional/out-of-plane deformation,"gamma(H16;C4,C3,H15)",oop,7.7001866413225555,+,0.176502448492513,0.16705818655223026
24,922.4647893563609,,,mixed mixed-phase cyclic C-N stretching / cyclic-ring torsional/out-of-plane deformation,delta(N5-C6-C7),angle,6.918286780403051,-,-0.06305047938909816,1.1762232354515754
24,922.4647893563609,,,mixed mixed-phase cyclic C-N stretching / cyclic-ring torsional/out-of-plane deformation,nu(C4-N5),bond,5.540692370805093,+,0.10206972025376759,0.35944973574991873
24,922.4647893563609,,,mixed mixed-phase cyclic C-N stretching / cyclic-ring torsional/out-of-plane deformation,nu(C1-C2),bond,5.214574159884988,+,0.11309232656882691,0.2755627756868186
24,922.4647893563609,,,mixed mixed-phase cyclic C-N stretching / cyclic-ring torsional/out-of-plane deformation,delta(C3-C4-H15),angle,4.970232823388916,-,-0.1209487979559256,0.22963685996427452
24,922.4647893563609,,,mixed mixed-phase cyclic C-N stretching / cyclic-ring torsional/out-of-plane deformation,nu(C2-C3),bond,3.96786106985118,+,0.09651130281251387,0.2879175118810551
24,922.4647893563609,,,mixed mixed-phase cyclic C-N stretching / cyclic-ring torsional/out-of-plane deformation,nu(C3-C4),bond,3.564208121372894,+,0.08648846741254587,0.32204356991514493
24,922.4647893563609,,,mixed mixed-phase cyclic C-N stretching / cyclic-ring torsional/out-of-plane deformation,tau(N5-C6-C7-H19),dihedral,3.1038079236146645,-,-0.09839373347764052,0.21668454548083232
24,922.4647893563609,,,mixed mixed-phase cyclic C-N stretching / cyclic-ring torsional/out-of-plane deformation,tau(C2-C3-C4-H16),dihedral,2.855821959791837,+,0.0889711169710719,0.24383779514721982
24,922.4647893563609,,,mixed mixed-phase cyclic C-N stretching / cyclic-ring torsional/out-of-plane deformation,tau(H14-C2-C3-C8),dihedral,2.82465557598005,-,-0.0502133842894439,0.7571719090760054
24,922.4647893563609,,,mixed mixed-phase cyclic C-N stretching / cyclic-ring torsional/out-of-plane deformation,tau(C2-C3-N5-C6),dihedral,2.020337175937949,-,-0.04011544101574754,0.8485329137332114
24,922.4647893563609,,,mixed mixed-phase cyclic C-N stretching / cyclic-ring torsional/out-of-plane deformation,nu(C3-C8),bond,1.8409424464577808,-,-0.06139325172838098,0.33011626112312614
24,922.4647893563609,,,mixed mixed-phase cyclic C-N stretching / cyclic-ring torsional/out-of-plane deformation,delta(C2-C1-H12),angle,1.024456733751194,+,0.04238041945781311,0.38550596241050855
24,922.4647893563609,,,mixed mixed-phase cyclic C-N stretching / cyclic-ring torsional/out-of-plane deformation,delta(C6-C7-H20),angle,0.9698653376456232,+,0.04415818610250742,0.33616846176778953
24,922.4647893563609,,,mixed mixed-phase cyclic C-N stretching / cyclic-ring torsional/out-of-plane deformation,nu(C7-C8),bond,0.940330593088889,-,-0.049188402795556856,0.2626776389289826
24,922.4647893563609,,,mixed mixed-phase cyclic C-N stretching / cyclic-ring torsional/out-of-plane deformation,"gamma(C8;C7,H19,H20)",oop,0.8305443331199986,+,0.05137380241604894,0.21269014963965546
24,922.4647893563609,,,mixed mixed-phase cyclic C-N stretching / cyclic-ring torsional/out-of-plane deformation,tau(C3-N5-C6-H17),dihedral,0.7024942076014045,-,-0.04810678925019086,0.20516250023230395
24,922.4647893563609,,,mixed mixed-phase cyclic C-N stretching / cyclic-ring torsional/out-of-plane deformation,delta(O9-C8-H21),angle,0.4315834159047154,-,-0.017995840990324672,0.9007171530836973
24,922.4647893563609,,,mixed mixed-phase cyclic C-N stretching / cyclic-ring torsional/out-of-plane deformation,delta(C8-O9-H22),angle,0.40832352043734205,-,-0.03988674644005093,0.17346631468839127
24,922.4647893563609,,,mixed mixed-phase cyclic C-N stretching / cyclic-ring torsional/out-of-plane deformation,delta(C3-C8-H21),angle,0.3782556112615795,+,0.019084849806592228,0.7019010077438758
24,922.4647893563609,,,mixed mixed-phase cyclic C-N stretching / cyclic-ring torsional/out-of-plane deformation,delta(H15-C4-H16),angle,0.3491704000098909,+,0.03114564782436614,0.24328238400212834
24,922.4647893563609,,,mixed mixed-phase cyclic C-N stretching / cyclic-ring torsional/out-of-plane deformation,delta(C2-C3-C8),angle,0.34224448934364093,-,-0.01579383257917984,0.9273194814098629
24,922.4647893563609,,,mixed mixed-phase cyclic C-N stretching / cyclic-ring torsional/out-of-plane deformation,nu(C6-C7),bond,0.3140011605641727,+,0.02541960069284808,0.32844434189084687
24,922.4647893563609,,,mixed mixed-phase cyclic C-N stretching / cyclic-ring torsional/out-of-plane deformation,tau(C3-N5-C6-H18),dihedral,0.3101964641526979,-,-0.03308769327981473,0.19150135016784978
24,922.4647893563609,,,mixed mixed-phase cyclic C-N stretching / cyclic-ring torsional/out-of-plane deformation,"gamma(C3;C2,H13,H14)",oop,0.29548759647718353,+,0.018110966705641135,0.6088691511213071
24,922.4647893563609,,,mixed mixed-phase cyclic C-N stretching / cyclic-ring torsional/out-of-plane deformation,tau(C6-C7-C8-O9),dihedral,0.27535700402612845,-,-0.02326801070851021,0.3437522879047999
24,922.4647893563609,,,mixed mixed-phase cyclic C-N stretching / cyclic-ring torsional/out-of-plane deformation,delta(C7-C8-H21),angle,0.2294549880084395,-,-0.013508512431702167,0.8498659491447228
24,922.4647893563609,,,mixed mixed-phase cyclic C-N stretching / cyclic-ring torsional/out-of-plane deformation,tau(N5-C3-C8-O9),dihedral,0.2232898391346563,-,-0.01582615114795604,0.6025406091278427
24,922.4647893563609,,,mixed mixed-phase cyclic C-N stretching / cyclic-ring torsional/out-of-plane deformation,delta(C1-C2-C3),angle,0.13762818820208553,+,0.015270903204049058,0.39888336380392314
24,922.4647893563609,,,mixed mixed-phase cyclic C-N stretching / cyclic-ring torsional/out-of-plane deformation,delta(H13-C2-H14),angle,0.09447429910549779,-,-0.007952371797384224,1.009690582029088
24,922.4647893563609,,,mixed mixed-phase cyclic C-N stretching / cyclic-ring torsional/out-of-plane deformation,delta(C1-C2-H14),angle,0.09297331223228794,+,0.011966204657764339,0.43884729955830637
24,922.4647893563609,,,mixed mixed-phase cyclic C-N stretching / cyclic-ring torsional/out-of-plane deformation,tau(H12-C1-C2-C3),dihedral,0.0901574054426596,+,0.018749632414428247,0.17333404380475795
24,922.4647893563609,,,mixed mixed-phase cyclic C-N stretching / cyclic-ring torsional/out-of-plane deformation,delta(H10-C1-H11),angle,0.05208338941130345,-,-0.013026219641322915,0.20745811382014626
24,922.4647893563609,,,mixed mixed-phase cyclic C-N stretching / cyclic-ring torsional/out-of-plane deformation,delta(N5-C6-H18),angle,0.04840862956370313,+,0.011934907885683181,0.2296955728995778
24,922.4647893563609,,,mixed mixed-phase cyclic C-N stretching / cyclic-ring torsional/out-of-plane deformation,tau(H11-C1-C2-H13),dihedral,0.04750172815020295,-,-0.013511538163590386,0.17586029811300968
24,922.4647893563609,,,mixed mixed-phase cyclic C-N stretching / cyclic-ring torsional/out-of-plane deformation,delta(C2-C1-H11),angle,0.024625503669687562,-,-0.006616941161347791,0.38013561079786046
24,922.4647893563609,,,mixed mixed-phase cyclic C-N stretching / cyclic-ring torsional/out-of-plane deformation,delta(C3-C2-H14),angle,0.021716745358847225,-,-0.004881327766227915,0.6160086042110487
24,922.4647893563609,,,mixed mixed-phase cyclic C-N stretching / cyclic-ring torsional/out-of-plane deformation,"gamma(H12;C1,H10,H11)",oop,0.016462003412589635,+,0.006095966832801972,0.2994094311841051
24,922.4647893563609,,,mixed mixed-phase cyclic C-N stretching / cyclic-ring torsional/out-of-plane deformation,tau(C4-C3-N5-C6),dihedral,0.015537202518520315,-,-0.004140828814932831,0.6124438142435374
24,922.4647893563609,,,mixed mixed-phase cyclic C-N stretching / cyclic-ring torsional/out-of-plane deformation,delta(N5-C6-H17),angle,0.010287835577693721,+,0.005261946945488165,0.251130270498446
24,922.4647893563609,,,mixed mixed-phase cyclic C-N stretching / cyclic-ring torsional/out-of-plane deformation,tau(H21-C8-O9-H22),dihedral,0.00992902661083226,-,-0.02961040076664397,0.007653958151576438
24,922.4647893563609,,,mixed mixed-phase cyclic C-N stretching / cyclic-ring torsional/out-of-plane deformation,nu(C6-H18),bond,0.005151360603121041,-,-0.0032331708155499375,0.33306778735766407
24,922.4647893563609,,,mixed mixed-phase cyclic C-N stretching / cyclic-ring torsional/out-of-plane deformation,nu(C4-H16),bond,0.004446471085427614,-,-0.0029297795340174422,0.3501172997314638
24,922.4647893563609,,,mixed mixed-phase cyclic C-N stretching / cyclic-ring torsional/out-of-plane deformation,nu(C6-H17),bond,0.0016789594881122596,+,0.0018518342509303669,0.33090548953252324
24,922.4647893563609,,,mixed mixed-phase cyclic C-N stretching / cyclic-ring torsional/out-of-plane deformation,delta(H19-C7-H20),angle,0.001460081963550051,+,0.0019125404433166062,0.26978882731842474
24,922.4647893563609,,,mixed mixed-phase cyclic C-N stretching / cyclic-ring torsional/out-of-plane deformation,nu(N5-C6),bond,0.001408497680202897,-,-0.0017145201144935082,0.3238463052348426
24,922.4647893563609,,,mixed mixed-phase cyclic C-N stretching / cyclic-ring torsional/out-of-plane deformation,nu(C4-H15),bond,0.0011734974197125686,-,-0.0015049997272109095,0.3501686615835324
24,922.4647893563609,,,mixed mixed-phase cyclic C-N stretching / cyclic-ring torsional/out-of-plane deformation,nu(C7-H20),bond,0.0010533922939366996,-,-0.0014586957976638623,0.33460209280992387
24,922.4647893563609,,,mixed mixed-phase cyclic C-N stretching / cyclic-ring torsional/out-of-plane deformation,nu(C2-H13),bond,0.0008705337203129461,+,0.0013490814414663097,0.32327881233108835
24,922.4647893563609,,,mixed mixed-phase cyclic C-N stretching / cyclic-ring torsional/out-of-plane deformation,nu(C1-H10),bond,0.0007022508657862927,+,0.00118228491706446,0.33955956196528847
24,922.4647893563609,,,mixed mixed-phase cyclic C-N stretching / cyclic-ring torsional/out-of-plane deformation,nu(C7-H19),bond,0.0006939579897819812,-,-0.0011833851024774973,0.3349260785391822
24,922.4647893563609,,,mixed mixed-phase cyclic C-N stretching / cyclic-ring torsional/out-of-plane deformation,nu(C8-O9),bond,0.00024089219377697248,+,0.0007184980651210132,0.3153838863168852
24,922.4647893563609,,,mixed mixed-phase cyclic C-N stretching / cyclic-ring torsional/out-of-plane deformation,nu(C1-H12),bond,0.000185811039441346,+,0.0006129429452924779,0.33427153116902686
24,922.4647893563609,,,mixed mixed-phase cyclic C-N stretching / cyclic-ring torsional/out-of-plane deformation,nu(C2-H14),bond,0.0001654571929652168,+,0.0005803673824116036,0.33200730465984796
24,922.4647893563609,,,mixed mixed-phase cyclic C-N stretching / cyclic-ring torsional/out-of-plane deformation,nu(C8-H21),bond,0.00014136908516061236,+,0.0005507596857110427,0.31499099646613576
24,922.4647893563609,,,mixed mixed-phase cyclic C-N stretching / cyclic-ring torsional/out-of-plane deformation,nu(C1-H11),bond,9.413275806552572e-05,+,0.0004363207702853525,0.3341927227283412
24,922.4647893563609,,,mixed mixed-phase cyclic C-N stretching / cyclic-ring torsional/out-of-plane deformation,nu(O9-H22),bond,5.87753254216437e-05,+,0.00027619649678968625,0.5207468965628298
25,951.617717270479,,,mixed mixed-phase cyclic C-C stretching / cyclic C-N stretching,nu(C6-C7),bond,46.49299108293688,-,-0.2531329418495388,0.32844434189084687
25,951.617717270479,,,mixed mixed-phase cyclic C-C stretching / cyclic C-N stretching,nu(C4-N5),bond,12.370514950490678,+,0.12481322938763524,0.35944973574991873
25,951.617717270479,,,mixed mixed-phase cyclic C-C stretching / cyclic C-N stretching,delta(N5-C6-C7),angle,8.145872410365138,+,0.055989906184022484,1.1762232354515754
25,951.617717270479,,,mixed mixed-phase cyclic C-C stretching / cyclic C-N stretching,nu(C3-C8),bond,5.027370864194437,+,0.0830276638534931,0.33011626112312614
25,951.617717270479,,,mixed mixed-phase cyclic C-C stretching / cyclic C-N stretching,delta(C2-C1-H11),angle,2.467802888862992,-,-0.054209046882562055,0.38013561079786046
25,951.617717270479,,,mixed mixed-phase cyclic C-C stretching / cyclic C-N stretching,tau(C3-N5-C6-H18),dihedral,2.3527586245115377,+,0.0745741963988401,0.19150135016784978
25,951.617717270479,,,mixed mixed-phase cyclic C-C stretching / cyclic C-N stretching,tau(C4-C3-N5-C6),dihedral,2.31636831834529,-,-0.041376761603371205,0.6124438142435374
25,951.617717270479,,,mixed mixed-phase cyclic C-C stretching / cyclic C-N stretching,"gamma(C8;C7,H19,H20)",oop,2.2588317996517127,-,-0.06933524801697503,0.21269014963965546
25,951.617717270479,,,mixed mixed-phase cyclic C-C stretching / cyclic C-N stretching,tau(N5-C3-C8-O9),dihedral,2.225830818904454,+,0.040892035567108756,0.6025406091278427
25,951.617717270479,,,mixed mixed-phase cyclic C-C stretching / cyclic C-N stretching,nu(C1-C2),bond,1.711662913231482,+,0.053025486326246395,0.2755627756868186
25,951.617717270479,,,mixed mixed-phase cyclic C-C stretching / cyclic C-N stretching,delta(C2-C1-H12),angle,1.5006346560845654,+,0.04197664761379403,0.38550596241050855
25,951.617717270479,,,mixed mixed-phase cyclic C-C stretching / cyclic C-N stretching,tau(C3-N5-C6-H17),dihedral,1.4537951229964339,+,0.056635459388720014,0.20516250023230395
25,951.617717270479,,,mixed mixed-phase cyclic C-C stretching / cyclic C-N stretching,delta(C8-O9-H22),angle,1.077639788513939,+,0.053029196689854056,0.17346631468839127
25,951.617717270479,,,mixed mixed-phase cyclic C-C stretching / cyclic C-N stretching,nu(C3-C4),bond,1.012292565454312,-,-0.03772085453701367,0.32204356991514493
25,951.617717270479,,,mixed mixed-phase cyclic C-C stretching / cyclic C-N stretching,nu(N5-C6),bond,0.9376732645703196,-,-0.03620279563104535,0.3238463052348426
25,951.617717270479,,,mixed mixed-phase cyclic C-C stretching / cyclic C-N stretching,delta(C2-C3-C8),angle,0.8276991998493514,-,-0.02010052455195458,0.9273194814098629
25,951.617717270479,,,mixed mixed-phase cyclic C-C stretching / cyclic C-N stretching,tau(H11-C1-C2-H13),dihedral,0.8141931556594121,-,-0.045778929870144744,0.17586029811300968
25,951.617717270479,,,mixed mixed-phase cyclic C-C stretching / cyclic C-N stretching,nu(C7-C8),bond,0.7877010767056014,-,-0.036842999722821235,0.2626776389289826
25,951.617717270479,,,mixed mixed-phase cyclic C-C stretching / cyclic C-N stretching,tau(C6-C7-C8-O9),dihedral,0.7050909588863375,+,0.030470921584256985,0.3437522879047999
25,951.617717270479,,,mixed mixed-phase cyclic C-C stretching / cyclic C-N stretching,delta(C3-C8-H21),angle,0.5898960354583904,+,0.019504535900869677,0.7019010077438758
25,951.617717270479,,,mixed mixed-phase cyclic C-C stretching / cyclic C-N stretching,"gamma(C3;C2,H13,H14)",oop,0.5192911523156625,+,0.01964849503615544,0.6088691511213071
25,951.617717270479,,,mixed mixed-phase cyclic C-C stretching / cyclic C-N stretching,tau(H12-C1-C2-C3),dihedral,0.5173857836990337,-,-0.036757936774866294,0.17333404380475795
25,951.617717270479,,,mixed mixed-phase cyclic C-C stretching / cyclic C-N stretching,tau(C2-C3-C4-H16),dihedral,0.47642174822252387,-,-0.029739324049290933,0.24383779514721982
25,951.617717270479,,,mixed mixed-phase cyclic C-C stretching / cyclic C-N stretching,delta(N5-C6-H18),angle,0.4596244812114874,+,0.03009615945661771,0.2296955728995778
25,951.617717270479,,,mixed mixed-phase cyclic C-C stretching / cyclic C-N stretching,"gamma(H16;C4,C3,H15)",oop,0.4436888672118681,+,0.034672982450428984,0.16705818655223026
25,951.617717270479,,,mixed mixed-phase cyclic C-C stretching / cyclic C-N stretching,delta(C3-C2-H14),angle,0.4358177263515533,+,0.017895542622150318,0.6160086042110487
25,951.617717270479,,,mixed mixed-phase cyclic C-C stretching / cyclic C-N stretching,delta(O9-C8-H21),angle,0.4024601795394243,+,0.014221750550240353,0.9007171530836973
25,951.617717270479,,,mixed mixed-phase cyclic C-C stretching / cyclic C-N stretching,delta(N5-C6-H17),angle,0.31863049424294554,+,0.023965138964954,0.251130270498446
25,951.617717270479,,,mixed mixed-phase cyclic C-C stretching / cyclic C-N stretching,tau(H14-C2-C3-C8),dihedral,0.2918456778773704,+,0.013208855876477132,0.7571719090760054
25,951.617717270479,,,mixed mixed-phase cyclic C-C stretching / cyclic C-N stretching,delta(C3-C4-H15),angle,0.17841369955688152,+,0.018753361041437617,0.22963685996427452
25,951.617717270479,,,mixed mixed-phase cyclic C-C stretching / cyclic C-N stretching,nu(C3-N5),bond,0.1721301296193989,+,0.015500759023069332,0.3242818163336834
25,951.617717270479,,,mixed mixed-phase cyclic C-C stretching / cyclic C-N stretching,delta(C6-C7-H20),angle,0.15284195299123873,+,0.014345927146199124,0.33616846176778953
25,951.617717270479,,,mixed mixed-phase cyclic C-C stretching / cyclic C-N stretching,delta(C1-C2-H14),angle,0.12435603450459486,-,-0.011325634251614224,0.43884729955830637
25,951.617717270479,,,mixed mixed-phase cyclic C-C stretching / cyclic C-N stretching,nu(C2-C3),bond,0.1161845676407866,+,0.013515309580435954,0.2879175118810551
25,951.617717270479,,,mixed mixed-phase cyclic C-C stretching / cyclic C-N stretching,tau(N5-C6-C7-H19),dihedral,0.0919386610115235,+,0.013858650222562614,0.21668454548083232
25,951.617717270479,,,mixed mixed-phase cyclic C-C stretching / cyclic C-N stretching,delta(H10-C1-H11),angle,0.05191869709726678,-,-0.010643451742024088,0.20745811382014626
25,951.617717270479,,,mixed mixed-phase cyclic C-C stretching / cyclic C-N stretching,tau(C8-C3-C4-N5),dihedral,0.04825624023980784,-,-0.004273659415374667,1.195983795278429
25,951.617717270479,,,mixed mixed-phase cyclic C-C stretching / cyclic C-N stretching,delta(C7-C8-H21),angle,0.03172385223521798,+,0.004110584306885819,0.8498659491447228
25,951.617717270479,,,mixed mixed-phase cyclic C-C stretching / cyclic C-N stretching,tau(C2-C3-N5-C6),dihedral,0.026811191507785794,-,-0.0037818955158740735,0.8485329137332114
25,951.617717270479,,,mixed mixed-phase cyclic C-C stretching / cyclic C-N stretching,delta(C1-C2-C3),angle,0.025649060463280436,-,-0.005395088636210917,0.39888336380392314
25,951.617717270479,,,mixed mixed-phase cyclic C-C stretching / cyclic C-N stretching,delta(H15-C4-H16),angle,0.012830892594174408,+,0.004886061381960455,0.24328238400212834
25,951.617717270479,,,mixed mixed-phase cyclic C-C stretching / cyclic C-N stretching,nu(C4-H15),bond,0.004937155944112232,-,-0.002526303941447249,0.3501686615835324
25,951.617717270479,,,mixed mixed-phase cyclic C-C stretching / cyclic C-N stretching,nu(C7-H20),bond,0.004658149262121078,-,-0.002510314814586929,0.33460209280992387
25,951.617717270479,,,mixed mixed-phase cyclic C-C stretching / cyclic C-N stretching,nu(C8-H21),bond,0.0039564905640244495,-,-0.002384469722623679,0.31499099646613576
25,951.617717270479,,,mixed mixed-phase cyclic C-C stretching / cyclic C-N stretching,nu(C7-H19),bond,0.003134759520342231,-,-0.0020583226257636627,0.3349260785391822
25,951.617717270479,,,mixed mixed-phase cyclic C-C stretching / cyclic C-N stretching,nu(C1-H11),bond,0.0021224797034307486,+,0.0016955441153801334,0.3341927227283412
25,951.617717270479,,,mixed mixed-phase cyclic C-C stretching / cyclic C-N stretching,tau(H13-C2-C3-C4),dihedral,0.0017203045165855137,+,0.0010367615169394218,0.7244680264882472
25,951.617717270479,,,mixed mixed-phase cyclic C-C stretching / cyclic C-N stretching,nu(C6-H17),bond,0.0016187948615637797,+,0.0014880918491170531,0.33090548953252324
25,951.617717270479,,,mixed mixed-phase cyclic C-C stretching / cyclic C-N stretching,nu(C2-H13),bond,0.0008928249480165845,-,-0.001118099241567223,0.32327881233108835
25,951.617717270479,,,mixed mixed-phase cyclic C-C stretching / cyclic C-N stretching,nu(C6-H18),bond,0.0007186831827447817,-,-0.000988298737347442,0.33306778735766407
25,951.617717270479,,,mixed mixed-phase cyclic C-C stretching / cyclic C-N stretching,"gamma(H12;C1,H10,H11)",oop,0.0003013653198633963,-,-0.0006749936916063379,0.2994094311841051
25,951.617717270479,,,mixed mixed-phase cyclic C-C stretching / cyclic C-N stretching,delta(H19-C7-H20),angle,0.00022222133671016096,-,-0.0006106139373068957,0.26978882731842474
25,951.617717270479,,,mixed mixed-phase cyclic C-C stretching / cyclic C-N stretching,nu(C2-H14),bond,0.00022117622541295313,+,0.0005491376449511786,0.33200730465984796
25,951.617717270479,,,mixed mixed-phase cyclic C-C stretching / cyclic C-N stretching,nu(C1-H12),bond,0.00020804963672025725,-,-0.000530786172823087,0.33427153116902686
25,951.617717270479,,,mixed mixed-phase cyclic C-C stretching / cyclic C-N stretching,nu(C8-O9),bond,0.0001623801972532063,+,0.0004827614658929823,0.3153838863168852
25,951.617717270479,,,mixed mixed-phase cyclic C-C stretching / cyclic C-N stretching,nu(O9-H22),bond,0.00010692908378646455,-,-0.00030487400283965577,0.5207468965628298
25,951.617717270479,,,mixed mixed-phase cyclic C-C stretching / cyclic C-N stretching,tau(H21-C8-O9-H22),dihedral,8.073015708006122e-05,-,-0.0021850464431468785,0.007653958151576438
25,951.617717270479,,,mixed mixed-phase cyclic C-C stretching / cyclic C-N stretching,nu(C1-H10),bond,5.7747666288330134e-05,-,-0.0002774565948428186,0.33955956196528847
25,951.617717270479,,,mixed mixed-phase cyclic C-C stretching / cyclic C-N stretching,nu(C4-H16),bond,2.7836404791579876e-05,-,-0.00018970798088458079,0.3501172997314638
25,951.617717270479,,,mixed mixed-phase cyclic C-C stretching / cyclic C-N stretching,delta(H13-C2-H14),angle,1.0335662051710819e-05,+,6.807079345201427e-05,1.009690582029088
26,980.3518819389463,,,mixed C-C stretching / cyclic-ring deformation (N-C-C bend),nu(C1-C2),bond,16.21068543988026,-,-0.18031269267303685,0.2755627756868186
26,980.3518819389463,,,mixed C-C stretching / cyclic-ring deformation (N-C-C bend),delta(N5-C6-C7),angle,12.98345279209197,-,-0.07810630794485779,1.1762232354515754
26,980.3518819389463,,,mixed C-C stretching / cyclic-ring deformation (N-C-C bend),nu(N5-C6),bond,11.323576412429224,+,0.13901389733381825,0.3238463052348426
26,980.3518819389463,,,mixed C-C stretching / cyclic-ring deformation (N-C-C bend),delta(C2-C1-H12),angle,7.138133264231535,-,-0.10116089454254237,0.38550596241050855
26,980.3518819389463,,,mixed C-C stretching / cyclic-ring deformation (N-C-C bend),nu(C3-C4),bond,5.467936472482064,+,0.09687022286886673,0.32204356991514493
26,980.3518819389463,,,mixed C-C stretching / cyclic-ring deformation (N-C-C bend),delta(C7-C8-H21),angle,5.197159805616631,-,-0.058135807063618865,0.8498659491447228
26,980.3518819389463,,,mixed C-C stretching / cyclic-ring deformation (N-C-C bend),"gamma(C3;C2,H13,H14)",oop,4.690693875058991,-,-0.06525179228103478,0.6088691511213071
26,980.3518819389463,,,mixed C-C stretching / cyclic-ring deformation (N-C-C bend),delta(C3-C8-H21),angle,4.335292318514093,+,0.058426133281833464,0.7019010077438758
26,980.3518819389463,,,mixed C-C stretching / cyclic-ring deformation (N-C-C bend),tau(N5-C6-C7-H19),dihedral,3.9606925040395704,-,-0.1005095849176258,0.21668454548083232
26,980.3518819389463,,,mixed C-C stretching / cyclic-ring deformation (N-C-C bend),nu(C7-C8),bond,3.5567176540787218,-,-0.08650655719615495,0.2626776389289826
26,980.3518819389463,,,mixed C-C stretching / cyclic-ring deformation (N-C-C bend),delta(C2-C1-H11),angle,3.067325657353809,+,0.06678002090810556,0.38013561079786046
26,980.3518819389463,,,mixed C-C stretching / cyclic-ring deformation (N-C-C bend),tau(H11-C1-C2-H13),dihedral,2.323541014202973,+,0.08545296846775717,0.17586029811300968
26,980.3518819389463,,,mixed C-C stretching / cyclic-ring deformation (N-C-C bend),"gamma(C8;C7,H19,H20)",oop,2.2412849551658867,+,0.07631514513209202,0.21269014963965546
26,980.3518819389463,,,mixed C-C stretching / cyclic-ring deformation (N-C-C bend),delta(C8-O9-H22),angle,1.725359414275056,+,0.07414264887563125,0.17346631468839127
26,980.3518819389463,,,mixed C-C stretching / cyclic-ring deformation (N-C-C bend),nu(C3-C8),bond,1.6560818240486384,+,0.05265544912547794,0.33011626112312614
26,980.3518819389463,,,mixed C-C stretching / cyclic-ring deformation (N-C-C bend),delta(C3-C4-H15),angle,1.4866066255408301,+,0.05981541456840568,0.22963685996427452
26,980.3518819389463,,,mixed C-C stretching / cyclic-ring deformation (N-C-C bend),tau(C2-C3-C4-H16),dihedral,1.3512774098022216,+,0.05534235448471572,0.24383779514721982
26,980.3518819389463,,,mixed C-C stretching / cyclic-ring deformation (N-C-C bend),tau(H13-C2-C3-C4),dihedral,1.3183314639568315,+,0.03171309160185159,0.7244680264882472
26,980.3518819389463,,,mixed C-C stretching / cyclic-ring deformation (N-C-C bend),nu(C8-O9),bond,1.2780646357311891,-,-0.04732520933889621,0.3153838863168852
26,980.3518819389463,,,mixed C-C stretching / cyclic-ring deformation (N-C-C bend),delta(N5-C6-H18),angle,1.113025021311486,+,0.051750200449442944,0.2296955728995778
26,980.3518819389463,,,mixed C-C stretching / cyclic-ring deformation (N-C-C bend),tau(H14-C2-C3-C8),dihedral,1.0260696133748648,-,-0.02736699112986181,0.7571719090760054
26,980.3518819389463,,,mixed C-C stretching / cyclic-ring deformation (N-C-C bend),nu(C6-C7),bond,0.8731962762485694,-,-0.03833195150927911,0.32844434189084687
26,980.3518819389463,,,mixed C-C stretching / cyclic-ring deformation (N-C-C bend),"gamma(H16;C4,C3,H15)",oop,0.7631733671856977,+,0.05024740139943944,0.16705818655223026
26,980.3518819389463,,,mixed C-C stretching / cyclic-ring deformation (N-C-C bend),delta(C2-C3-C8),angle,0.6435880145850484,+,0.019585071751293905,0.9273194814098629
26,980.3518819389463,,,mixed C-C stretching / cyclic-ring deformation (N-C-C bend),tau(C2-C3-N5-C6),dihedral,0.6254734459481592,-,-0.02018394141227814,0.8485329137332114
26,980.3518819389463,,,mixed C-C stretching / cyclic-ring deformation (N-C-C bend),delta(C6-C7-H20),angle,0.6181244141773155,+,0.03187831444377627,0.33616846176778953
26,980.3518819389463,,,mixed C-C stretching / cyclic-ring deformation (N-C-C bend),tau(C3-N5-C6-H17),dihedral,0.5593540919060904,-,-0.038817745036862375,0.20516250023230395
26,980.3518819389463,,,mixed C-C stretching / cyclic-ring deformation (N-C-C bend),delta(C1-C2-H14),angle,0.4702487466573976,-,-0.024335652381490217,0.43884729955830637
26,980.3518819389463,,,mixed C-C stretching / cyclic-ring deformation (N-C-C bend),delta(O9-C8-H21),angle,0.43856572234340657,+,0.016404349391666635,0.9007171530836973
26,980.3518819389463,,,mixed C-C stretching / cyclic-ring deformation (N-C-C bend),delta(H10-C1-H11),angle,0.32275972355064114,+,0.029323130949077444,0.20745811382014626
26,980.3518819389463,,,mixed C-C stretching / cyclic-ring deformation (N-C-C bend),nu(C4-N5),bond,0.19119897905417207,+,0.01714587230883644,0.35944973574991873
26,980.3518819389463,,,mixed C-C stretching / cyclic-ring deformation (N-C-C bend),tau(H12-C1-C2-C3),dihedral,0.18817468466417347,+,0.024494836722304392,0.17333404380475795
26,980.3518819389463,,,mixed C-C stretching / cyclic-ring deformation (N-C-C bend),nu(C2-C3),bond,0.18647772186648914,+,0.018919746890948524,0.2879175118810551
26,980.3518819389463,,,mixed C-C stretching / cyclic-ring deformation (N-C-C bend),delta(C3-C2-H14),angle,0.160398590402951,+,0.01199617436033127,0.6160086042110487
26,980.3518819389463,,,mixed C-C stretching / cyclic-ring deformation (N-C-C bend),delta(H15-C4-H16),angle,0.13445654556507666,-,-0.017477186799273754,0.24328238400212834
26,980.3518819389463,,,mixed C-C stretching / cyclic-ring deformation (N-C-C bend),tau(H21-C8-O9-H22),dihedral,0.10799968556710446,-,-0.08830882144529097,0.007653958151576438
26,980.3518819389463,,,mixed C-C stretching / cyclic-ring deformation (N-C-C bend),tau(C4-C3-N5-C6),dihedral,0.06835546640363895,+,0.007853972641333229,0.6124438142435374
26,980.3518819389463,,,mixed C-C stretching / cyclic-ring deformation (N-C-C bend),delta(H19-C7-H20),angle,0.05739241684589803,-,-0.010843042538345128,0.26978882731842474
26,980.3518819389463,,,mixed C-C stretching / cyclic-ring deformation (N-C-C bend),nu(C3-N5),bond,0.04595811389076084,+,0.0088502529810579,0.3242818163336834
26,980.3518819389463,,,mixed C-C stretching / cyclic-ring deformation (N-C-C bend),delta(C1-C2-C3),angle,0.024833326647668734,+,0.00586584217375449,0.39888336380392314
26,980.3518819389463,,,mixed C-C stretching / cyclic-ring deformation (N-C-C bend),tau(N5-C3-C8-O9),dihedral,0.015821763933794718,-,-0.0038095192639330234,0.6025406091278427
26,980.3518819389463,,,mixed C-C stretching / cyclic-ring deformation (N-C-C bend),nu(C4-H15),bond,0.013780612029032833,+,0.004663709598988066,0.3501686615835324
26,980.3518819389463,,,mixed C-C stretching / cyclic-ring deformation (N-C-C bend),tau(C8-C3-C4-N5),dihedral,0.010610880746227982,-,-0.0022143637031464434,1.195983795278429
26,980.3518819389463,,,mixed C-C stretching / cyclic-ring deformation (N-C-C bend),nu(C1-H11),bond,0.004254539545126035,-,-0.0026525505739192394,0.3341927227283412
26,980.3518819389463,,,mixed C-C stretching / cyclic-ring deformation (N-C-C bend),delta(N5-C6-H17),angle,0.0037588203951338865,-,-0.002876154026198214,0.251130270498446
26,980.3518819389463,,,mixed C-C stretching / cyclic-ring deformation (N-C-C bend),delta(H13-C2-H14),angle,0.0032031936248934933,+,0.0013241382405222515,1.009690582029088
26,980.3518819389463,,,mixed C-C stretching / cyclic-ring deformation (N-C-C bend),nu(C7-H20),bond,0.0031626609190638457,-,-0.0022855876171437636,0.33460209280992387
26,980.3518819389463,,,mixed C-C stretching / cyclic-ring deformation (N-C-C bend),tau(C3-N5-C6-H18),dihedral,0.0028692078748843042,+,0.0028776036246998572,0.19150135016784978
26,980.3518819389463,,,mixed C-C stretching / cyclic-ring deformation (N-C-C bend),nu(C4-H16),bond,0.0027244397926460273,+,0.002073803997073494,0.3501172997314638
26,980.3518819389463,,,mixed C-C stretching / cyclic-ring deformation (N-C-C bend),nu(C8-H21),bond,0.0021494555397098456,+,0.0019420081490892247,0.31499099646613576
26,980.3518819389463,,,mixed C-C stretching / cyclic-ring deformation (N-C-C bend),nu(O9-H22),bond,0.0013774562412469439,-,-0.0012090978399569264,0.5207468965628298
26,980.3518819389463,,,mixed C-C stretching / cyclic-ring deformation (N-C-C bend),nu(C6-H17),bond,0.0013491980325399792,-,-0.0015011419047957716,0.33090548953252324
26,980.3518819389463,,,mixed C-C stretching / cyclic-ring deformation (N-C-C bend),nu(C1-H10),bond,0.0013030536325535815,-,-0.0014563274926410008,0.33955956196528847
26,980.3518819389463,,,mixed C-C stretching / cyclic-ring deformation (N-C-C bend),nu(C1-H12),bond,0.0011779498843308798,+,0.0013955634815455411,0.33427153116902686
26,980.3518819389463,,,mixed C-C stretching / cyclic-ring deformation (N-C-C bend),nu(C6-H18),bond,0.0005322269245714791,-,-0.0009397622369256586,0.33306778735766407
26,980.3518819389463,,,mixed C-C stretching / cyclic-ring deformation (N-C-C bend),"gamma(H12;C1,H10,H11)",oop,0.0003447743985177235,-,-0.0007977570513137028,0.2994094311841051
26,980.3518819389463,,,mixed C-C stretching / cyclic-ring deformation (N-C-C bend),nu(C2-H13),bond,0.00022181409178358616,+,0.0006158030429589474,0.32327881233108835
26,980.3518819389463,,,mixed C-C stretching / cyclic-ring deformation (N-C-C bend),tau(C6-C7-C8-O9),dihedral,0.00016520506668190788,+,0.0005153766847858905,0.3437522879047999
26,980.3518819389463,,,mixed C-C stretching / cyclic-ring deformation (N-C-C bend),nu(C7-H19),bond,0.0001379488153732359,+,0.00047711205552430946,0.3349260785391822
26,980.3518819389463,,,mixed C-C stretching / cyclic-ring deformation (N-C-C bend),nu(C2-H14),bond,1.7291814771779865e-05,+,0.0001696611290705483,0.33200730465984796
27,983.4914727063803,,,mixed mixed-phase cyclic C-C stretching / C-H bending,nu(C6-C7),bond,14.579471259104468,-,-0.15193590096303278,0.32844434189084687
27,983.4914727063803,,,mixed mixed-phase cyclic C-C stretching / C-H bending,delta(C3-C4-H15),angle,10.00089303434178,-,-0.15049393643139283,0.22963685996427452
27,983.4914727063803,,,mixed mixed-phase cyclic C-C stretching / C-H bending,nu(C1-C2),bond,8.424365309880768,-,-0.12608944439358358,0.2755627756868186
27,983.4914727063803,,,mixed mixed-phase cyclic C-C stretching / C-H bending,nu(C7-C8),bond,7.8058016937595,+,0.12431330584507704,0.2626776389289826
27,983.4914727063803,,,mixed mixed-phase cyclic C-C stretching / C-H bending,delta(N5-C6-C7),angle,7.6241712101149375,+,0.05805930781084789,1.1762232354515754
27,983.4914727063803,,,mixed mixed-phase cyclic C-C stretching / C-H bending,delta(C2-C1-H12),angle,6.997041342497879,-,-0.09715431209496184,0.38550596241050855
27,983.4914727063803,,,mixed mixed-phase cyclic C-C stretching / C-H bending,nu(C3-C8),bond,4.089233726700359,-,-0.08026161957861572,0.33011626112312614
27,983.4914727063803,,,mixed mixed-phase cyclic C-C stretching / C-H bending,nu(C8-O9),bond,3.2128103465059223,+,0.07278522107354453,0.3153838863168852
27,983.4914727063803,,,mixed mixed-phase cyclic C-C stretching / C-H bending,delta(C8-O9-H22),angle,3.2104168063802674,-,-0.09810554279247817,0.17346631468839127
27,983.4914727063803,,,mixed mixed-phase cyclic C-C stretching / C-H bending,tau(C2-C3-C4-H16),dihedral,2.9504496763343893,+,0.07932571682396858,0.24383779514721982
27,983.4914727063803,,,mixed mixed-phase cyclic C-C stretching / C-H bending,"gamma(C3;C2,H13,H14)",oop,2.9303943708050766,-,-0.05002895841826484,0.6088691511213071
27,983.4914727063803,,,mixed mixed-phase cyclic C-C stretching / C-H bending,tau(H13-C2-C3-C4),dihedral,2.781312108128066,+,0.044682314643482456,0.7244680264882472
27,983.4914727063803,,,mixed mixed-phase cyclic C-C stretching / C-H bending,delta(O9-C8-H21),angle,2.5835844499996408,-,-0.03862224594282869,0.9007171530836973
27,983.4914727063803,,,mixed mixed-phase cyclic C-C stretching / C-H bending,delta(C3-C2-H14),angle,2.551675769457796,+,0.04641301342513912,0.6160086042110487
27,983.4914727063803,,,mixed mixed-phase cyclic C-C stretching / C-H bending,tau(N5-C6-C7-H19),dihedral,2.533120838319943,+,0.07797123190589625,0.21668454548083232
27,983.4914727063803,,,mixed mixed-phase cyclic C-C stretching / C-H bending,tau(H14-C2-C3-C8),dihedral,2.4455639456739258,-,-0.04098384266807154,0.7571719090760054
27,983.4914727063803,,,mixed mixed-phase cyclic C-C stretching / C-H bending,"gamma(H16;C4,C3,H15)",oop,2.207216709975597,+,0.08289131265457468,0.16705818655223026
27,983.4914727063803,,,mixed mixed-phase cyclic C-C stretching / C-H bending,"gamma(C8;C7,H19,H20)",oop,1.6815123505912113,-,-0.06412047828544144,0.21269014963965546
27,983.4914727063803,,,mixed mixed-phase cyclic C-C stretching / C-H bending,delta(C6-C7-H20),angle,1.6452832128757324,-,-0.050450126626086,0.33616846176778953
27,983.4914727063803,,,mixed mixed-phase cyclic C-C stretching / C-H bending,delta(C1-C2-H14),angle,1.289361950133463,-,-0.03908869041581001,0.43884729955830637
27,983.4914727063803,,,mixed mixed-phase cyclic C-C stretching / C-H bending,nu(C4-N5),bond,1.1202542741935737,-,-0.04025868927995676,0.35944973574991873
27,983.4914727063803,,,mixed mixed-phase cyclic C-C stretching / C-H bending,tau(H11-C1-C2-H13),dihedral,1.118969922165292,+,0.057523554575929454,0.17586029811300968
27,983.4914727063803,,,mixed mixed-phase cyclic C-C stretching / C-H bending,tau(N5-C3-C8-O9),dihedral,1.0983876750243362,-,-0.030789672909698678,0.6025406091278427
27,983.4914727063803,,,mixed mixed-phase cyclic C-C stretching / C-H bending,nu(C3-N5),bond,0.8532764811713076,-,-0.036991675275447056,0.3242818163336834
27,983.4914727063803,,,mixed mixed-phase cyclic C-C stretching / C-H bending,tau(C2-C3-N5-C6),dihedral,0.6743235445437666,-,-0.020329197085275447,0.8485329137332114
27,983.4914727063803,,,mixed mixed-phase cyclic C-C stretching / C-H bending,tau(C8-C3-C4-N5),dihedral,0.5700485148120197,+,0.01574394893278703,1.195983795278429
27,983.4914727063803,,,mixed mixed-phase cyclic C-C stretching / C-H bending,delta(C2-C1-H11),angle,0.43273012993152543,+,0.024330985528998858,0.38013561079786046
27,983.4914727063803,,,mixed mixed-phase cyclic C-C stretching / C-H bending,nu(C2-C3),bond,0.41628215163180454,+,0.027420809134882682,0.2879175118810551
27,983.4914727063803,,,mixed mixed-phase cyclic C-C stretching / C-H bending,delta(N5-C6-H17),angle,0.3232013026222945,-,-0.02587065532114179,0.251130270498446
27,983.4914727063803,,,mixed mixed-phase cyclic C-C stretching / C-H bending,delta(H10-C1-H11),angle,0.2880940006353988,+,0.026873380759030837,0.20745811382014626
27,983.4914727063803,,,mixed mixed-phase cyclic C-C stretching / C-H bending,delta(N5-C6-H18),angle,0.2688637213885264,-,-0.024672332041019304,0.2296955728995778
27,983.4914727063803,,,mixed mixed-phase cyclic C-C stretching / C-H bending,nu(C3-C4),bond,0.22209240282229192,+,0.018937818330668068,0.32204356991514493
27,983.4914727063803,,,mixed mixed-phase cyclic C-C stretching / C-H bending,nu(N5-C6),bond,0.20083047574415777,+,0.017958321656463716,0.3238463052348426
27,983.4914727063803,,,mixed mixed-phase cyclic C-C stretching / C-H bending,tau(C6-C7-C8-O9),dihedral,0.1623339746445799,-,-0.015671202525841685,0.3437522879047999
27,983.4914727063803,,,mixed mixed-phase cyclic C-C stretching / C-H bending,tau(C3-N5-C6-H17),dihedral,0.13533773902667612,+,0.018521701371484664,0.20516250023230395
27,983.4914727063803,,,mixed mixed-phase cyclic C-C stretching / C-H bending,tau(C4-C3-N5-C6),dihedral,0.13325242191534295,-,-0.010637139140973882,0.6124438142435374
27,983.4914727063803,,,mixed mixed-phase cyclic C-C stretching / C-H bending,delta(C1-C2-C3),angle,0.1268593218491747,+,0.01286052333464074,0.39888336380392314
27,983.4914727063803,,,mixed mixed-phase cyclic C-C stretching / C-H bending,delta(C7-C8-H21),angle,0.11474267374789722,+,0.008379298833851651,0.8498659491447228
27,983.4914727063803,,,mixed mixed-phase cyclic C-C stretching / C-H bending,tau(C3-N5-C6-H18),dihedral,0.06150247805070076,-,-0.012923519367470392,0.19150135016784978
27,983.4914727063803,,,mixed mixed-phase cyclic C-C stretching / C-H bending,delta(C2-C3-C8),angle,0.04123260172447292,-,-0.004808682338364673,0.9273194814098629
27,983.4914727063803,,,mixed mixed-phase cyclic C-C stretching / C-H bending,delta(C3-C8-H21),angle,0.022559921839974233,-,-0.004088380170258898,0.7019010077438758
27,983.4914727063803,,,mixed mixed-phase cyclic C-C stretching / C-H bending,delta(H19-C7-H20),angle,0.022151371570752823,+,0.006534445523002657,0.26978882731842474
27,983.4914727063803,,,mixed mixed-phase cyclic C-C stretching / C-H bending,tau(H12-C1-C2-C3),dihedral,0.011313185528375748,-,-0.0058260060455193365,0.17333404380475795
27,983.4914727063803,,,mixed mixed-phase cyclic C-C stretching / C-H bending,delta(H13-C2-H14),angle,0.008965879846581336,-,-0.00214893220943016,1.009690582029088
27,983.4914727063803,,,mixed mixed-phase cyclic C-C stretching / C-H bending,delta(H15-C4-H16),angle,0.005623117124101317,+,0.003466998422929628,0.24328238400212834
27,983.4914727063803,,,mixed mixed-phase cyclic C-C stretching / C-H bending,nu(O9-H22),bond,0.005095702031547888,+,0.0022558440768646994,0.5207468965628298
27,983.4914727063803,,,mixed mixed-phase cyclic C-C stretching / C-H bending,nu(C6-H17),bond,0.0047762868853357295,-,-0.002739766979668488,0.33090548953252324
27,983.4914727063803,,,mixed mixed-phase cyclic C-C stretching / C-H bending,nu(C1-H10),bond,0.00370266351288557,-,-0.002381329827017194,0.33955956196528847
27,983.4914727063803,,,mixed mixed-phase cyclic C-C stretching / C-H bending,nu(C4-H16),bond,0.003572021366667458,-,-0.002303406826822553,0.3501172997314638
27,983.4914727063803,,,mixed mixed-phase cyclic C-C stretching / C-H bending,tau(H21-C8-O9-H22),dihedral,0.0012883973423439379,+,0.009356259944295816,0.007653958151576438
27,983.4914727063803,,,mixed mixed-phase cyclic C-C stretching / C-H bending,nu(C1-H12),bond,0.0011650351401608608,+,0.0013462949845951622,0.33427153116902686
27,983.4914727063803,,,mixed mixed-phase cyclic C-C stretching / C-H bending,nu(C1-H11),bond,0.0009993810789698633,-,-0.0012470603693919599,0.3341927227283412
27,983.4914727063803,,,mixed mixed-phase cyclic C-C stretching / C-H bending,nu(C6-H18),bond,0.0006591014487183288,-,-0.0010144490223770427,0.33306778735766407
27,983.4914727063803,,,mixed mixed-phase cyclic C-C stretching / C-H bending,nu(C8-H21),bond,0.0006217097725952689,-,-0.0010131300283315059,0.31499099646613576
27,983.4914727063803,,,mixed mixed-phase cyclic C-C stretching / C-H bending,"gamma(H12;C1,H10,H11)",oop,0.0005656978638053031,+,0.000991242563313373,0.2994094311841051
27,983.4914727063803,,,mixed mixed-phase cyclic C-C stretching / C-H bending,nu(C7-H19),bond,0.00027234420030226695,-,-0.0006502868833343998,0.3349260785391822
27,983.4914727063803,,,mixed mixed-phase cyclic C-C stretching / C-H bending,nu(C2-H14),bond,0.00018198853676680007,+,0.0005339106795548378,0.33200730465984796
27,983.4914727063803,,,mixed mixed-phase cyclic C-C stretching / C-H bending,nu(C2-H13),bond,0.00011715956031138146,+,0.00043413085785796014,0.32327881233108835
27,983.4914727063803,,,mixed mixed-phase cyclic C-C stretching / C-H bending,nu(C4-H15),bond,7.24916451039159e-05,+,0.00032811474735891175,0.3501686615835324
27,983.4914727063803,,,mixed mixed-phase cyclic C-C stretching / C-H bending,nu(C7-H20),bond,6.244788250067646e-07,+,3.1154080855528504e-05,0.33460209280992387
28,1018.4097676317423,,,mixed C-H bending / ring-site C-H in-plane bending / mixed-phase cyclic C-N stretching,delta(C3-C2-H14),angle,12.514338046317004,+,0.1094015502958294,0.6160086042110487
28,1018.4097676317423,,,mixed C-H bending / ring-site C-H in-plane bending / mixed-phase cyclic C-N stretching,delta(C3-C4-H15),angle,11.977735704836185,-,-0.1752990196754781,0.22963685996427452
28,1018.4097676317423,,,mixed C-H bending / ring-site C-H in-plane bending / mixed-phase cyclic C-N stretching,nu(N5-C6),bond,10.611380749543178,-,-0.13894067356725556,0.3238463052348426
28,1018.4097676317423,,,mixed C-H bending / ring-site C-H in-plane bending / mixed-phase cyclic C-N stretching,tau(C2-C3-C4-H16),dihedral,9.359800373159255,-,-0.1503819479355123,0.24383779514721982
28,1018.4097676317423,,,mixed C-H bending / ring-site C-H in-plane bending / mixed-phase cyclic C-N stretching,nu(C6-C7),bond,8.35145394206544,+,0.12239483103890492,0.32844434189084687
28,1018.4097676317423,,,mixed C-H bending / ring-site C-H in-plane bending / mixed-phase cyclic C-N stretching,nu(C1-C2),bond,7.308475194518069,-,-0.12500173403213172,0.2755627756868186
28,1018.4097676317423,,,mixed C-H bending / ring-site C-H in-plane bending / mixed-phase cyclic C-N stretching,delta(C2-C1-H11),angle,4.820170576024642,-,-0.08643205722092116,0.38013561079786046
28,1018.4097676317423,,,mixed C-H bending / ring-site C-H in-plane bending / mixed-phase cyclic C-N stretching,nu(C4-N5),bond,3.7495971486049147,+,0.07839459938228911,0.35944973574991873
28,1018.4097676317423,,,mixed C-H bending / ring-site C-H in-plane bending / mixed-phase cyclic C-N stretching,nu(C3-C8),bond,3.520569078392874,+,0.07926580974820283,0.33011626112312614
28,1018.4097676317423,,,mixed C-H bending / ring-site C-H in-plane bending / mixed-phase cyclic C-N stretching,delta(N5-C6-H17),angle,2.6384697963625743,+,0.07867548984660715,0.251130270498446
28,1018.4097676317423,,,mixed C-H bending / ring-site C-H in-plane bending / mixed-phase cyclic C-N stretching,nu(C3-C4),bond,2.3816650368336445,-,-0.06600790495882629,0.32204356991514493
28,1018.4097676317423,,,mixed C-H bending / ring-site C-H in-plane bending / mixed-phase cyclic C-N stretching,delta(C1-C2-H14),angle,2.0317822174543605,-,-0.05222696472269602,0.43884729955830637
28,1018.4097676317423,,,mixed C-H bending / ring-site C-H in-plane bending / mixed-phase cyclic C-N stretching,delta(N5-C6-H18),angle,1.90829059592306,-,-0.0699614604714013,0.2296955728995778
28,1018.4097676317423,,,mixed C-H bending / ring-site C-H in-plane bending / mixed-phase cyclic C-N stretching,tau(H13-C2-C3-C4),dihedral,1.8215263209963273,+,0.038487618431886535,0.7244680264882472
28,1018.4097676317423,,,mixed C-H bending / ring-site C-H in-plane bending / mixed-phase cyclic C-N stretching,nu(C2-C3),bond,1.3648438267431664,+,0.0528470030935524,0.2879175118810551
28,1018.4097676317423,,,mixed C-H bending / ring-site C-H in-plane bending / mixed-phase cyclic C-N stretching,tau(C3-N5-C6-H17),dihedral,1.184872256674534,+,0.05833103711641556,0.20516250023230395
28,1018.4097676317423,,,mixed C-H bending / ring-site C-H in-plane bending / mixed-phase cyclic C-N stretching,tau(H12-C1-C2-C3),dihedral,1.1429656356786189,-,-0.062328629320292386,0.17333404380475795
28,1018.4097676317423,,,mixed C-H bending / ring-site C-H in-plane bending / mixed-phase cyclic C-N stretching,delta(O9-C8-H21),angle,1.138538338599784,+,0.027289308897802365,0.9007171530836973
28,1018.4097676317423,,,mixed C-H bending / ring-site C-H in-plane bending / mixed-phase cyclic C-N stretching,"gamma(H16;C4,C3,H15)",oop,1.1148624658581991,+,0.06270319781392236,0.16705818655223026
28,1018.4097676317423,,,mixed C-H bending / ring-site C-H in-plane bending / mixed-phase cyclic C-N stretching,delta(C6-C7-H20),angle,1.0644675591802752,+,0.04319173561114698,0.33616846176778953
28,1018.4097676317423,,,mixed C-H bending / ring-site C-H in-plane bending / mixed-phase cyclic C-N stretching,delta(C3-C8-H21),angle,1.0483908448809203,+,0.029664470533133588,0.7019010077438758
28,1018.4097676317423,,,mixed C-H bending / ring-site C-H in-plane bending / mixed-phase cyclic C-N stretching,nu(C3-N5),bond,0.9731551301415722,+,0.042047740578010966,0.3242818163336834
28,1018.4097676317423,,,mixed C-H bending / ring-site C-H in-plane bending / mixed-phase cyclic C-N stretching,tau(C3-N5-C6-H18),dihedral,0.8969653057093891,+,0.052530898202131006,0.19150135016784978
28,1018.4097676317423,,,mixed C-H bending / ring-site C-H in-plane bending / mixed-phase cyclic C-N stretching,tau(N5-C6-C7-H19),dihedral,0.8958422971014628,-,-0.049353134141226884,0.21668454548083232
28,1018.4097676317423,,,mixed C-H bending / ring-site C-H in-plane bending / mixed-phase cyclic C-N stretching,delta(C2-C3-C8),angle,0.801875537704821,-,-0.02257104751120812,0.9273194814098629
28,1018.4097676317423,,,mixed C-H bending / ring-site C-H in-plane bending / mixed-phase cyclic C-N stretching,tau(H11-C1-C2-H13),dihedral,0.7742980813916548,-,-0.05093110671694658,0.17586029811300968
28,1018.4097676317423,,,mixed C-H bending / ring-site C-H in-plane bending / mixed-phase cyclic C-N stretching,tau(C4-C3-N5-C6),dihedral,0.6844636047264208,-,-0.025659901096411877,0.6124438142435374
28,1018.4097676317423,,,mixed C-H bending / ring-site C-H in-plane bending / mixed-phase cyclic C-N stretching,tau(C2-C3-N5-C6),dihedral,0.5741339019008745,+,0.019965729089919736,0.8485329137332114
28,1018.4097676317423,,,mixed C-H bending / ring-site C-H in-plane bending / mixed-phase cyclic C-N stretching,delta(C8-O9-H22),angle,0.49575277292805536,+,0.04103343973465429,0.17346631468839127
28,1018.4097676317423,,,mixed C-H bending / ring-site C-H in-plane bending / mixed-phase cyclic C-N stretching,"gamma(C3;C2,H13,H14)",oop,0.48438905000146576,-,-0.02164951130479089,0.6088691511213071
28,1018.4097676317423,,,mixed C-H bending / ring-site C-H in-plane bending / mixed-phase cyclic C-N stretching,nu(C7-C8),bond,0.4841422680338342,-,-0.032952462349729296,0.2626776389289826
28,1018.4097676317423,,,mixed C-H bending / ring-site C-H in-plane bending / mixed-phase cyclic C-N stretching,tau(C8-C3-C4-N5),dihedral,0.4373987690985633,-,-0.014678749358703115,1.195983795278429
28,1018.4097676317423,,,mixed C-H bending / ring-site C-H in-plane bending / mixed-phase cyclic C-N stretching,delta(N5-C6-C7),angle,0.3881684308320988,+,0.013943703942733272,1.1762232354515754
28,1018.4097676317423,,,mixed C-H bending / ring-site C-H in-plane bending / mixed-phase cyclic C-N stretching,tau(N5-C3-C8-O9),dihedral,0.3826305284146381,+,0.019342364893334414,0.6025406091278427
28,1018.4097676317423,,,mixed C-H bending / ring-site C-H in-plane bending / mixed-phase cyclic C-N stretching,delta(C2-C1-H12),angle,0.24456624102804622,-,-0.019332838759816832,0.38550596241050855
28,1018.4097676317423,,,mixed C-H bending / ring-site C-H in-plane bending / mixed-phase cyclic C-N stretching,delta(C7-C8-H21),angle,0.0769441145847425,-,-0.0073034054793912825,0.8498659491447228
28,1018.4097676317423,,,mixed C-H bending / ring-site C-H in-plane bending / mixed-phase cyclic C-N stretching,tau(H14-C2-C3-C8),dihedral,0.059829977065073356,+,0.006822995672188192,0.7571719090760054
28,1018.4097676317423,,,mixed C-H bending / ring-site C-H in-plane bending / mixed-phase cyclic C-N stretching,delta(H15-C4-H16),angle,0.05966837359812631,+,0.012020698182936202,0.24328238400212834
28,1018.4097676317423,,,mixed C-H bending / ring-site C-H in-plane bending / mixed-phase cyclic C-N stretching,delta(H19-C7-H20),angle,0.05716186063559866,+,0.011172596706952807,0.26978882731842474
28,1018.4097676317423,,,mixed C-H bending / ring-site C-H in-plane bending / mixed-phase cyclic C-N stretching,delta(H10-C1-H11),angle,0.031367131023545464,+,0.00943811165409246,0.20745811382014626
28,1018.4097676317423,,,mixed C-H bending / ring-site C-H in-plane bending / mixed-phase cyclic C-N stretching,nu(C8-O9),bond,0.029180845049778793,-,-0.007383157045826563,0.3153838863168852
28,1018.4097676317423,,,mixed C-H bending / ring-site C-H in-plane bending / mixed-phase cyclic C-N stretching,delta(C1-C2-C3),angle,0.027305978640872173,+,0.006350659610686203,0.39888336380392314
28,1018.4097676317423,,,mixed C-H bending / ring-site C-H in-plane bending / mixed-phase cyclic C-N stretching,"gamma(C8;C7,H19,H20)",oop,0.020396337908739168,-,-0.007516494345465167,0.21269014963965546
28,1018.4097676317423,,,mixed C-H bending / ring-site C-H in-plane bending / mixed-phase cyclic C-N stretching,"gamma(H12;C1,H10,H11)",oop,0.019419382790226522,-,-0.006181557274079453,0.2994094311841051
28,1018.4097676317423,,,mixed C-H bending / ring-site C-H in-plane bending / mixed-phase cyclic C-N stretching,tau(H21-C8-O9-H22),dihedral,0.010940695223962595,-,-0.029019661521927836,0.007653958151576438
28,1018.4097676317423,,,mixed C-H bending / ring-site C-H in-plane bending / mixed-phase cyclic C-N stretching,nu(C4-H15),bond,0.008350955355061923,-,-0.003748369256017716,0.3501686615835324
28,1018.4097676317423,,,mixed C-H bending / ring-site C-H in-plane bending / mixed-phase cyclic C-N stretching,nu(C1-H10),bond,0.007090719707863458,-,-0.0035075195562063273,0.33955956196528847
28,1018.4097676317423,,,mixed C-H bending / ring-site C-H in-plane bending / mixed-phase cyclic C-N stretching,nu(C6-H17),bond,0.006980900775283403,+,0.00352546713849626,0.33090548953252324
28,1018.4097676317423,,,mixed C-H bending / ring-site C-H in-plane bending / mixed-phase cyclic C-N stretching,delta(H13-C2-H14),angle,0.0029661076078017264,+,0.0013155647342332447,1.009690582029088
28,1018.4097676317423,,,mixed C-H bending / ring-site C-H in-plane bending / mixed-phase cyclic C-N stretching,nu(C6-H18),bond,0.0025451432849424825,+,0.0021217916053554247,0.33306778735766407
28,1018.4097676317423,,,mixed C-H bending / ring-site C-H in-plane bending / mixed-phase cyclic C-N stretching,nu(C1-H11),bond,0.0025266763248270713,+,0.002110518850537206,0.3341927227283412
28,1018.4097676317423,,,mixed C-H bending / ring-site C-H in-plane bending / mixed-phase cyclic C-N stretching,tau(C6-C7-C8-O9),dihedral,0.0021035091647276074,+,0.0018987261420018381,0.3437522879047999
28,1018.4097676317423,,,mixed C-H bending / ring-site C-H in-plane bending / mixed-phase cyclic C-N stretching,nu(C4-H16),bond,0.0014048350833677002,+,0.0015375130525987774,0.3501172997314638
28,1018.4097676317423,,,mixed C-H bending / ring-site C-H in-plane bending / mixed-phase cyclic C-N stretching,nu(O9-H22),bond,0.0007826133578316102,-,-0.0009409644311697747,0.5207468965628298
28,1018.4097676317423,,,mixed C-H bending / ring-site C-H in-plane bending / mixed-phase cyclic C-N stretching,nu(C2-H14),bond,0.0003606723384636703,+,0.0008000101971447581,0.33200730465984796
28,1018.4097676317423,,,mixed C-H bending / ring-site C-H in-plane bending / mixed-phase cyclic C-N stretching,nu(C2-H13),bond,0.000267570894594972,-,-0.0006983027280190986,0.32327881233108835
28,1018.4097676317423,,,mixed C-H bending / ring-site C-H in-plane bending / mixed-phase cyclic C-N stretching,nu(C7-H20),bond,0.00019077493754396607,-,-0.0005795744848075407,0.33460209280992387
28,1018.4097676317423,,,mixed C-H bending / ring-site C-H in-plane bending / mixed-phase cyclic C-N stretching,nu(C8-H21),bond,0.0001884853554252308,-,-0.0005937486847155956,0.31499099646613576
28,1018.4097676317423,,,mixed C-H bending / ring-site C-H in-plane bending / mixed-phase cyclic C-N stretching,nu(C7-H19),bond,2.532522184965794e-05,+,0.0002110644406994679,0.3349260785391822
28,1018.4097676317423,,,mixed C-H bending / ring-site C-H in-plane bending / mixed-phase cyclic C-N stretching,nu(C1-H12),bond,2.338640982127523e-05,-,-0.00020302289062031878,0.33427153116902686
29,1063.2621998061506,,,mixed exocyclic C-O stretching / C-H bending,nu(C8-O9),bond,30.824780859856318,+,0.2519289759782549,0.3153838863168852
29,1063.2621998061506,,,mixed exocyclic C-O stretching / C-H bending,delta(C3-C2-H14),angle,13.585944569106621,-,-0.1196738885503399,0.6160086042110487
29,1063.2621998061506,,,mixed exocyclic C-O stretching / C-H bending,nu(C7-C8),bond,11.613180766788576,-,-0.16943842811251986,0.2626776389289826
29,1063.2621998061506,,,mixed exocyclic C-O stretching / C-H bending,delta(C2-C1-H12),angle,7.989632590860494,+,0.11601008025005519,0.38550596241050855
29,1063.2621998061506,,,mixed exocyclic C-O stretching / C-H bending,nu(C1-C2),bond,5.5307329883601275,-,-0.11416393864638096,0.2755627756868186
29,1063.2621998061506,,,mixed exocyclic C-O stretching / C-H bending,tau(C8-C3-C4-N5),dihedral,4.056876428294272,-,-0.04693330249805622,1.195983795278429
29,1063.2621998061506,,,mixed exocyclic C-O stretching / C-H bending,tau(C2-C3-C4-H16),dihedral,3.9737351663905853,-,-0.1028719142412672,0.24383779514721982
29,1063.2621998061506,,,mixed exocyclic C-O stretching / C-H bending,"gamma(C3;C2,H13,H14)",oop,3.8104926420448777,+,0.06374945129314463,0.6088691511213071
29,1063.2621998061506,,,mixed exocyclic C-O stretching / C-H bending,tau(N5-C3-C8-O9),dihedral,2.7373878533527543,+,0.054315387162502296,0.6025406091278427
29,1063.2621998061506,,,mixed exocyclic C-O stretching / C-H bending,nu(C3-C8),bond,2.226771507360388,-,-0.06618388271697737,0.33011626112312614
29,1063.2621998061506,,,mixed exocyclic C-O stretching / C-H bending,tau(H14-C2-C3-C8),dihedral,2.1573261809923987,+,0.04301387147117245,0.7571719090760054
29,1063.2621998061506,,,mixed exocyclic C-O stretching / C-H bending,delta(C1-C2-C3),angle,1.1524881548925956,+,0.04331548147259926,0.39888336380392314
29,1063.2621998061506,,,mixed exocyclic C-O stretching / C-H bending,delta(C7-C8-H21),angle,1.0443886805590472,+,0.02824904277587098,0.8498659491447228
29,1063.2621998061506,,,mixed exocyclic C-O stretching / C-H bending,delta(C6-C7-H20),angle,0.9371186329939649,+,0.04254677786407089,0.33616846176778953
29,1063.2621998061506,,,mixed exocyclic C-O stretching / C-H bending,delta(C3-C8-H21),angle,0.7589035160509794,-,-0.026497397584047476,0.7019010077438758
29,1063.2621998061506,,,mixed exocyclic C-O stretching / C-H bending,nu(C2-C3),bond,0.7363261298761288,+,0.040752001037071175,0.2879175118810551
29,1063.2621998061506,,,mixed exocyclic C-O stretching / C-H bending,delta(C8-O9-H22),angle,0.6463941533309654,-,-0.04919138002682552,0.17346631468839127
29,1063.2621998061506,,,mixed exocyclic C-O stretching / C-H bending,nu(C4-N5),bond,0.5857481993805845,+,0.03253001544632969,0.35944973574991873
29,1063.2621998061506,,,mixed exocyclic C-O stretching / C-H bending,tau(C2-C3-N5-C6),dihedral,0.5654385483796762,-,-0.020802054638440926,0.8485329137332114
29,1063.2621998061506,,,mixed exocyclic C-O stretching / C-H bending,delta(C1-C2-H14),angle,0.5509725533205238,+,0.02855328893854366,0.43884729955830637
29,1063.2621998061506,,,mixed exocyclic C-O stretching / C-H bending,"gamma(C8;C7,H19,H20)",oop,0.5221674240047957,+,0.039928139254215865,0.21269014963965546
29,1063.2621998061506,,,mixed exocyclic C-O stretching / C-H bending,tau(C3-N5-C6-H17),dihedral,0.5079951179461276,-,-0.04009854834507947,0.20516250023230395
29,1063.2621998061506,,,mixed exocyclic C-O stretching / C-H bending,delta(O9-C8-H21),angle,0.49639454201379407,-,-0.01891764863305988,0.9007171530836973
29,1063.2621998061506,,,mixed exocyclic C-O stretching / C-H bending,tau(H13-C2-C3-C4),dihedral,0.462562429216118,-,-0.020362140917537467,0.7244680264882472
29,1063.2621998061506,,,mixed exocyclic C-O stretching / C-H bending,tau(C4-C3-N5-C6),dihedral,0.43619337923312024,-,-0.02150573455998598,0.6124438142435374
29,1063.2621998061506,,,mixed exocyclic C-O stretching / C-H bending,"gamma(H12;C1,H10,H11)",oop,0.34496178405006017,-,-0.0273527267680946,0.2994094311841051
29,1063.2621998061506,,,mixed exocyclic C-O stretching / C-H bending,delta(H10-C1-H11),angle,0.3266516310511521,-,-0.031976069245886626,0.20745811382014626
29,1063.2621998061506,,,mixed exocyclic C-O stretching / C-H bending,delta(C2-C3-C8),angle,0.23927102915221007,+,0.01294429016387227,0.9273194814098629
29,1063.2621998061506,,,mixed exocyclic C-O stretching / C-H bending,tau(H12-C1-C2-C3),dihedral,0.1940737953365826,+,0.026964314737578186,0.17333404380475795
29,1063.2621998061506,,,mixed exocyclic C-O stretching / C-H bending,tau(C3-N5-C6-H18),dihedral,0.1925175789080975,-,-0.025550367331856075,0.19150135016784978
29,1063.2621998061506,,,mixed exocyclic C-O stretching / C-H bending,nu(N5-C6),bond,0.1576152929651391,-,-0.0177777819945695,0.3238463052348426
29,1063.2621998061506,,,mixed exocyclic C-O stretching / C-H bending,delta(N5-C6-H18),angle,0.13372550975429773,+,0.019443690137722566,0.2296955728995778
29,1063.2621998061506,,,mixed exocyclic C-O stretching / C-H bending,tau(N5-C6-C7-H19),dihedral,0.07762752988483775,+,0.015252526477569642,0.21668454548083232
29,1063.2621998061506,,,mixed exocyclic C-O stretching / C-H bending,delta(H13-C2-H14),angle,0.0767769603202747,-,-0.007026987435723268,1.009690582029088
29,1063.2621998061506,,,mixed exocyclic C-O stretching / C-H bending,delta(H19-C7-H20),angle,0.05598805174045154,+,0.011608699523003111,0.26978882731842474
29,1063.2621998061506,,,mixed exocyclic C-O stretching / C-H bending,nu(C3-C4),bond,0.04795046765954198,+,0.009833021306360665,0.32204356991514493
29,1063.2621998061506,,,mixed exocyclic C-O stretching / C-H bending,nu(C3-N5),bond,0.0420596047616342,-,-0.009177389580569796,0.3242818163336834
29,1063.2621998061506,,,mixed exocyclic C-O stretching / C-H bending,nu(C8-H21),bond,0.04121557121108135,-,-0.009217846338034215,0.31499099646613576
29,1063.2621998061506,,,mixed exocyclic C-O stretching / C-H bending,tau(H21-C8-O9-H22),dihedral,0.038510513494179645,+,0.05716029819793231,0.007653958151576438
29,1063.2621998061506,,,mixed exocyclic C-O stretching / C-H bending,delta(H15-C4-H16),angle,0.03672601687372859,+,0.009901009015361992,0.24328238400212834
29,1063.2621998061506,,,mixed exocyclic C-O stretching / C-H bending,nu(O9-H22),bond,0.02239282430081026,+,0.005284318231900517,0.5207468965628298
29,1063.2621998061506,,,mixed exocyclic C-O stretching / C-H bending,delta(C2-C1-H11),angle,0.014811561170055913,+,0.005030127727742885,0.38013561079786046
29,1063.2621998061506,,,mixed exocyclic C-O stretching / C-H bending,tau(H11-C1-C2-H13),dihedral,0.007480182697366558,-,-0.005255573000344223,0.17586029811300968
29,1063.2621998061506,,,mixed exocyclic C-O stretching / C-H bending,nu(C7-H19),bond,0.005257014395187178,-,-0.0031925887103491707,0.3349260785391822
29,1063.2621998061506,,,mixed exocyclic C-O stretching / C-H bending,"gamma(H16;C4,C3,H15)",oop,0.005159020514164955,-,-0.0044781395045421874,0.16705818655223026
29,1063.2621998061506,,,mixed exocyclic C-O stretching / C-H bending,nu(C1-H12),bond,0.005075798306598586,-,-0.003140149721616413,0.33427153116902686
29,1063.2621998061506,,,mixed exocyclic C-O stretching / C-H bending,nu(C6-H18),bond,0.004072143001757117,-,-0.0028176890686915923,0.33306778735766407
29,1063.2621998061506,,,mixed exocyclic C-O stretching / C-H bending,nu(C4-H15),bond,0.003989187377159168,-,-0.002719890703883663,0.3501686615835324
29,1063.2621998061506,,,mixed exocyclic C-O stretching / C-H bending,nu(C6-C7),bond,0.0037607777054949653,-,-0.0027268158654555,0.32844434189084687
29,1063.2621998061506,,,mixed exocyclic C-O stretching / C-H bending,delta(C3-C4-H15),angle,0.003449941521893131,+,0.0031234383597718144,0.22963685996427452
29,1063.2621998061506,,,mixed exocyclic C-O stretching / C-H bending,tau(C6-C7-C8-O9),dihedral,0.0029469044190489845,+,0.0023594354431310653,0.3437522879047999
29,1063.2621998061506,,,mixed exocyclic C-O stretching / C-H bending,nu(C1-H10),bond,0.0018761698933108147,+,0.001894200608077325,0.33955956196528847
29,1063.2621998061506,,,mixed exocyclic C-O stretching / C-H bending,nu(C7-H20),bond,0.0016829300958728691,-,-0.0018072431392387373,0.33460209280992387
29,1063.2621998061506,,,mixed exocyclic C-O stretching / C-H bending,nu(C6-H17),bond,0.0007406849048297109,+,0.0012056260790069807,0.33090548953252324
29,1063.2621998061506,,,mixed exocyclic C-O stretching / C-H bending,nu(C1-H11),bond,0.000653413167434957,-,-0.0011267908701235664,0.3341927227283412
29,1063.2621998061506,,,mixed exocyclic C-O stretching / C-H bending,nu(C2-H14),bond,0.00024460591460719706,+,0.0006916836824269844,0.33200730465984796
29,1063.2621998061506,,,mixed exocyclic C-O stretching / C-H bending,nu(C2-H13),bond,0.0002383662952253213,-,-0.0006919610914815728,0.32327881233108835
29,1063.2621998061506,,,mixed exocyclic C-O stretching / C-H bending,delta(N5-C6-C7),angle,0.00021414460218325429,-,-0.00034384012932294367,1.1762232354515754
29,1063.2621998061506,,,mixed exocyclic C-O stretching / C-H bending,nu(C4-H16),bond,0.00016641751512895973,+,0.0005555723252546709,0.3501172997314638
29,1063.2621998061506,,,mixed exocyclic C-O stretching / C-H bending,delta(N5-C6-H17),angle,0.00016356043274807561,-,-0.0006503355065818252,0.251130270498446
30,1083.856032298994,,,mixed C-H bending / exocyclic C-O stretching,delta(C3-C2-H14),angle,15.822516683375987,-,-0.14060291615047624,0.6160086042110487
30,1083.856032298994,,,mixed C-H bending / exocyclic C-O stretching,nu(C8-O9),bond,15.235375801412838,-,-0.1928220836398589,0.3153838863168852
30,1083.856032298994,,,mixed C-H bending / exocyclic C-O stretching,tau(C8-C3-C4-N5),dihedral,12.280800428571334,+,0.0888997675618224,1.195983795278429
30,1083.856032298994,,,mixed C-H bending / exocyclic C-O stretching,tau(H14-C2-C3-C8),dihedral,7.770036291807702,-,-0.08887184844746776,0.7571719090760054
30,1083.856032298994,,,mixed C-H bending / exocyclic C-O stretching,nu(C4-N5),bond,5.794292128913265,+,0.11138611213183182,0.35944973574991873
30,1083.856032298994,,,mixed C-H bending / exocyclic C-O stretching,delta(C2-C1-H12),angle,5.405053111803338,+,0.10388058086587156,0.38550596241050855
30,1083.856032298994,,,mixed C-H bending / exocyclic C-O stretching,delta(C3-C8-H21),angle,5.008164650677094,-,-0.07410564684950949,0.7019010077438758
30,1083.856032298994,,,mixed C-H bending / exocyclic C-O stretching,nu(C1-C2),bond,4.998468255852852,-,-0.11815663932504578,0.2755627756868186
30,1083.856032298994,,,mixed C-H bending / exocyclic C-O stretching,delta(C7-C8-H21),angle,3.5324494370547574,+,0.05656042950607704,0.8498659491447228
30,1083.856032298994,,,mixed C-H bending / exocyclic C-O stretching,nu(C7-C8),bond,2.9871658564944803,+,0.09355522606167649,0.2626776389289826
30,1083.856032298994,,,mixed C-H bending / exocyclic C-O stretching,delta(C2-C3-C8),angle,2.1743063872962924,-,-0.042481086443353105,0.9273194814098629
30,1083.856032298994,,,mixed C-H bending / exocyclic C-O stretching,nu(C2-C3),bond,2.1223747262512513,+,0.0753228819917681,0.2879175118810551
30,1083.856032298994,,,mixed C-H bending / exocyclic C-O stretching,delta(N5-C6-C7),angle,2.0525405870630817,+,0.03664805544842138,1.1762232354515754
30,1083.856032298994,,,mixed C-H bending / exocyclic C-O stretching,"gamma(C8;C7,H19,H20)",oop,1.4093061936079905,-,-0.07141327136292284,0.21269014963965546
30,1083.856032298994,,,mixed C-H bending / exocyclic C-O stretching,"gamma(H16;C4,C3,H15)",oop,1.3743443520760514,+,0.07957265261508822,0.16705818655223026
30,1083.856032298994,,,mixed C-H bending / exocyclic C-O stretching,tau(N5-C6-C7-H19),dihedral,1.3657262190647148,+,0.06964946599478507,0.21668454548083232
30,1083.856032298994,,,mixed C-H bending / exocyclic C-O stretching,tau(C2-C3-C4-H16),dihedral,1.3337322654831516,-,-0.06488342303017876,0.24383779514721982
30,1083.856032298994,,,mixed C-H bending / exocyclic C-O stretching,delta(C2-C1-H11),angle,1.262586596004128,+,0.050560486655684876,0.38013561079786046
30,1083.856032298994,,,mixed C-H bending / exocyclic C-O stretching,nu(N5-C6),bond,1.033470350799988,-,-0.04955979185951143,0.3238463052348426
30,1083.856032298994,,,mixed C-H bending / exocyclic C-O stretching,delta(C1-C2-C3),angle,0.873237127748378,+,0.041048101037767536,0.39888336380392314
30,1083.856032298994,,,mixed C-H bending / exocyclic C-O stretching,delta(O9-C8-H21),angle,0.742047107288606,-,-0.025180912138664642,0.9007171530836973
30,1083.856032298994,,,mixed C-H bending / exocyclic C-O stretching,"gamma(C3;C2,H13,H14)",oop,0.5848809371040784,+,0.027190781138640093,0.6088691511213071
30,1083.856032298994,,,mixed C-H bending / exocyclic C-O stretching,tau(H12-C1-C2-C3),dihedral,0.580028228286531,+,0.050749593349255176,0.17333404380475795
30,1083.856032298994,,,mixed C-H bending / exocyclic C-O stretching,delta(C3-C4-H15),angle,0.5751127417146956,+,0.04390415582731923,0.22963685996427452
30,1083.856032298994,,,mixed C-H bending / exocyclic C-O stretching,tau(C2-C3-N5-C6),dihedral,0.5214668182450233,-,-0.02174848098407979,0.8485329137332114
30,1083.856032298994,,,mixed C-H bending / exocyclic C-O stretching,tau(H11-C1-C2-H13),dihedral,0.5123962411699341,+,0.04735534460063384,0.17586029811300968
30,1083.856032298994,,,mixed C-H bending / exocyclic C-O stretching,nu(C3-N5),bond,0.5079703966035259,+,0.03472224837947756,0.3242818163336834
30,1083.856032298994,,,mixed C-H bending / exocyclic C-O stretching,nu(C3-C4),bond,0.41881345809021125,+,0.03163755655253347,0.32204356991514493
30,1083.856032298994,,,mixed C-H bending / exocyclic C-O stretching,nu(C3-C8),bond,0.2695646129671852,-,-0.025069629590792192,0.33011626112312614
30,1083.856032298994,,,mixed C-H bending / exocyclic C-O stretching,delta(C8-O9-H22),angle,0.26195351219012747,-,-0.034092156474372845,0.17346631468839127
30,1083.856032298994,,,mixed C-H bending / exocyclic C-O stretching,delta(H10-C1-H11),angle,0.20748017139143962,-,-0.027744252142142423,0.20745811382014626
30,1083.856032298994,,,mixed C-H bending / exocyclic C-O stretching,tau(C4-C3-N5-C6),dihedral,0.1808511256927301,-,-0.015075697621827842,0.6124438142435374
30,1083.856032298994,,,mixed C-H bending / exocyclic C-O stretching,nu(C6-C7),bond,0.16225531507354982,+,0.019499277051396813,0.32844434189084687
30,1083.856032298994,,,mixed C-H bending / exocyclic C-O stretching,delta(N5-C6-H17),angle,0.15956009070728638,+,0.022113757420781168,0.251130270498446
30,1083.856032298994,,,mixed C-H bending / exocyclic C-O stretching,delta(C1-C2-H14),angle,0.1018537493301263,+,0.013365392934171329,0.43884729955830637
30,1083.856032298994,,,mixed C-H bending / exocyclic C-O stretching,delta(C6-C7-H20),angle,0.10030902925495579,-,-0.015154494921394958,0.33616846176778953
30,1083.856032298994,,,mixed C-H bending / exocyclic C-O stretching,tau(H21-C8-O9-H22),dihedral,0.07642371581916585,+,0.08766393668550879,0.007653958151576438
30,1083.856032298994,,,mixed C-H bending / exocyclic C-O stretching,delta(H13-C2-H14),angle,0.06535399416964159,-,-0.007058165720161262,1.009690582029088
30,1083.856032298994,,,mixed C-H bending / exocyclic C-O stretching,"gamma(H12;C1,H10,H11)",oop,0.03576671873763355,-,-0.009588634132918437,0.2994094311841051
30,1083.856032298994,,,mixed C-H bending / exocyclic C-O stretching,delta(H19-C7-H20),angle,0.012138183850575114,-,-0.005884571060103888,0.26978882731842474
30,1083.856032298994,,,mixed C-H bending / exocyclic C-O stretching,delta(N5-C6-H18),angle,0.011810519560758253,-,-0.00629083255260566,0.2296955728995778
30,1083.856032298994,,,mixed C-H bending / exocyclic C-O stretching,nu(C8-H21),bond,0.01074734170809903,+,0.005124498787464289,0.31499099646613576
30,1083.856032298994,,,mixed C-H bending / exocyclic C-O stretching,tau(C3-N5-C6-H17),dihedral,0.010512222600097121,+,0.006279834798191859,0.20516250023230395
30,1083.856032298994,,,mixed C-H bending / exocyclic C-O stretching,tau(N5-C3-C8-O9),dihedral,0.009249943833363486,-,-0.003437370321740299,0.6025406091278427
30,1083.856032298994,,,mixed C-H bending / exocyclic C-O stretching,tau(H13-C2-C3-C4),dihedral,0.008357880263081673,-,-0.002979808791453177,0.7244680264882472
30,1083.856032298994,,,mixed C-H bending / exocyclic C-O stretching,nu(C1-H10),bond,0.006640801372047901,+,0.0038797362188761012,0.33955956196528847
30,1083.856032298994,,,mixed C-H bending / exocyclic C-O stretching,nu(O9-H22),bond,0.006419364205309037,-,-0.0030802261186562365,0.5207468965628298
30,1083.856032298994,,,mixed C-H bending / exocyclic C-O stretching,nu(C7-H20),bond,0.0063506739482302585,+,0.0038220425507776057,0.33460209280992387
30,1083.856032298994,,,mixed C-H bending / exocyclic C-O stretching,nu(C6-H17),bond,0.0033785348172638645,+,0.002803252058115214,0.33090548953252324
30,1083.856032298994,,,mixed C-H bending / exocyclic C-O stretching,nu(C4-H16),bond,0.0032340053689130753,+,0.00266632766813857,0.3501172997314638
30,1083.856032298994,,,mixed C-H bending / exocyclic C-O stretching,nu(C1-H11),bond,0.002399306532537635,-,-0.0023506843184259584,0.3341927227283412
30,1083.856032298994,,,mixed C-H bending / exocyclic C-O stretching,nu(C1-H12),bond,0.00227000563074241,-,-0.0022861973029671997,0.33427153116902686
30,1083.856032298994,,,mixed C-H bending / exocyclic C-O stretching,nu(C6-H18),bond,0.0014620768312773175,+,0.0018380982340222213,0.33306778735766407
30,1083.856032298994,,,mixed C-H bending / exocyclic C-O stretching,nu(C4-H15),bond,0.001340072859330693,-,-0.0017162300576002063,0.3501686615835324
30,1083.856032298994,,,mixed C-H bending / exocyclic C-O stretching,nu(C7-H19),bond,0.0011155163694011735,+,0.0016010814569040266,0.3349260785391822
30,1083.856032298994,,,mixed C-H bending / exocyclic C-O stretching,tau(C3-N5-C6-H18),dihedral,0.0008805167044159891,+,0.0018811906684424186,0.19150135016784978
30,1083.856032298994,,,mixed C-H bending / exocyclic C-O stretching,tau(C6-C7-C8-O9),dihedral,0.0005842125008419718,+,0.001143701156718939,0.3437522879047999
30,1083.856032298994,,,mixed C-H bending / exocyclic C-O stretching,nu(C2-H13),bond,0.0004685261763585496,-,-0.0010561564244041379,0.32327881233108835
30,1083.856032298994,,,mixed C-H bending / exocyclic C-O stretching,delta(H15-C4-H16),angle,0.00032827092905256467,-,-0.0010190859565454072,0.24328238400212834
30,1083.856032298994,,,mixed C-H bending / exocyclic C-O stretching,nu(C2-H14),bond,0.0002766087431790697,+,0.0008007723490974021,0.33200730465984796
31,1094.8482183817637,,,mixed ring-site C-H out-of-plane bending / ring-site C-H in-plane bending,tau(C2-C3-C4-H16),dihedral,14.132446962213006,-,-0.2057646947146712,0.24383779514721982
31,1094.8482183817637,,,mixed ring-site C-H out-of-plane bending / ring-site C-H in-plane bending,delta(C3-C8-H21),angle,9.807502453118474,+,0.10103084122747304,0.7019010077438758
31,1094.8482183817637,,,mixed ring-site C-H out-of-plane bending / ring-site C-H in-plane bending,"gamma(H16;C4,C3,H15)",oop,7.184142478728532,-,-0.17724185082090677,0.16705818655223026
31,1094.8482183817637,,,mixed ring-site C-H out-of-plane bending / ring-site C-H in-plane bending,nu(C7-C8),bond,6.685511348530147,+,0.13635417892973795,0.2626776389289826
31,1094.8482183817637,,,mixed ring-site C-H out-of-plane bending / ring-site C-H in-plane bending,nu(N5-C6),bond,5.836540001400166,+,0.1147416126128196,0.3238463052348426
31,1094.8482183817637,,,mixed ring-site C-H out-of-plane bending / ring-site C-H in-plane bending,delta(N5-C6-H18),angle,5.695836251598461,-,-0.13459072256258386,0.2296955728995778
31,1094.8482183817637,,,mixed ring-site C-H out-of-plane bending / ring-site C-H in-plane bending,delta(C3-C2-H14),angle,5.361548709796244,-,-0.07973783287976258,0.6160086042110487
31,1094.8482183817637,,,mixed ring-site C-H out-of-plane bending / ring-site C-H in-plane bending,nu(C3-C4),bond,4.3166352701247765,+,0.09895279158782425,0.32204356991514493
31,1094.8482183817637,,,mixed ring-site C-H out-of-plane bending / ring-site C-H in-plane bending,tau(N5-C3-C8-O9),dihedral,3.924212152431892,-,-0.0689756445511567,0.6025406091278427
31,1094.8482183817637,,,mixed ring-site C-H out-of-plane bending / ring-site C-H in-plane bending,"gamma(C3;C2,H13,H14)",oop,3.7627923795135527,+,0.06719018423762214,0.6088691511213071
31,1094.8482183817637,,,mixed ring-site C-H out-of-plane bending / ring-site C-H in-plane bending,delta(N5-C6-H17),angle,3.5252407976463425,+,0.10126457654148988,0.251130270498446
31,1094.8482183817637,,,mixed ring-site C-H out-of-plane bending / ring-site C-H in-plane bending,delta(C3-C4-H15),angle,3.4318261212841463,-,-0.10448513959830599,0.22963685996427452
31,1094.8482183817637,,,mixed ring-site C-H out-of-plane bending / ring-site C-H in-plane bending,delta(C2-C1-H12),angle,3.4015943363144947,+,0.08028573720651515,0.38550596241050855
31,1094.8482183817637,,,mixed ring-site C-H out-of-plane bending / ring-site C-H in-plane bending,tau(N5-C6-C7-H19),dihedral,2.810639371195148,-,-0.09734222826185074,0.21668454548083232
31,1094.8482183817637,,,mixed ring-site C-H out-of-plane bending / ring-site C-H in-plane bending,nu(C2-C3),bond,2.4211799910020773,-,-0.07837764085321448,0.2879175118810551
31,1094.8482183817637,,,mixed ring-site C-H out-of-plane bending / ring-site C-H in-plane bending,nu(C8-O9),bond,2.332114782268555,+,0.07349671020971497,0.3153838863168852
31,1094.8482183817637,,,mixed ring-site C-H out-of-plane bending / ring-site C-H in-plane bending,delta(C6-C7-H20),angle,2.1259530622879685,+,0.06796902526501845,0.33616846176778953
31,1094.8482183817637,,,mixed ring-site C-H out-of-plane bending / ring-site C-H in-plane bending,tau(C3-N5-C6-H18),dihedral,1.474240868770377,+,0.07499131902705236,0.19150135016784978
31,1094.8482183817637,,,mixed ring-site C-H out-of-plane bending / ring-site C-H in-plane bending,tau(H13-C2-C3-C4),dihedral,1.4023856756295223,-,-0.0376042396149313,0.7244680264882472
31,1094.8482183817637,,,mixed ring-site C-H out-of-plane bending / ring-site C-H in-plane bending,tau(C3-N5-C6-H17),dihedral,1.3050896035305948,+,0.06816851964536846,0.20516250023230395
31,1094.8482183817637,,,mixed ring-site C-H out-of-plane bending / ring-site C-H in-plane bending,nu(C4-N5),bond,0.9073200528327909,-,-0.042941168660276814,0.35944973574991873
31,1094.8482183817637,,,mixed ring-site C-H out-of-plane bending / ring-site C-H in-plane bending,tau(H14-C2-C3-C8),dihedral,0.8274927629576887,+,0.028255145291082077,0.7571719090760054
31,1094.8482183817637,,,mixed ring-site C-H out-of-plane bending / ring-site C-H in-plane bending,tau(C6-C7-C8-O9),dihedral,0.8006798053528151,-,-0.04124956073876803,0.3437522879047999
31,1094.8482183817637,,,mixed ring-site C-H out-of-plane bending / ring-site C-H in-plane bending,nu(C3-C8),bond,0.8000498869117341,-,-0.04207632147986988,0.33011626112312614
31,1094.8482183817637,,,mixed ring-site C-H out-of-plane bending / ring-site C-H in-plane bending,delta(C8-O9-H22),angle,0.7274914166952334,-,-0.055350181618034226,0.17346631468839127
31,1094.8482183817637,,,mixed ring-site C-H out-of-plane bending / ring-site C-H in-plane bending,delta(C1-C2-H14),angle,0.6831477873538692,+,0.03372199869675279,0.43884729955830637
31,1094.8482183817637,,,mixed ring-site C-H out-of-plane bending / ring-site C-H in-plane bending,delta(O9-C8-H21),angle,0.6461957448690251,+,0.022892884629680862,0.9007171530836973
31,1094.8482183817637,,,mixed ring-site C-H out-of-plane bending / ring-site C-H in-plane bending,delta(C1-C2-C3),angle,0.5033783328836126,+,0.030362462165329115,0.39888336380392314
31,1094.8482183817637,,,mixed ring-site C-H out-of-plane bending / ring-site C-H in-plane bending,delta(C2-C3-C8),angle,0.4963725076914059,-,-0.0197743336320505,0.9273194814098629
31,1094.8482183817637,,,mixed ring-site C-H out-of-plane bending / ring-site C-H in-plane bending,tau(C2-C3-N5-C6),dihedral,0.4448618569545114,+,0.01957000461877556,0.8485329137332114
31,1094.8482183817637,,,mixed ring-site C-H out-of-plane bending / ring-site C-H in-plane bending,nu(C6-C7),bond,0.4250298347629585,-,-0.030746204054588402,0.32844434189084687
31,1094.8482183817637,,,mixed ring-site C-H out-of-plane bending / ring-site C-H in-plane bending,tau(C8-C3-C4-N5),dihedral,0.2938381492879805,+,0.013396894326958186,1.195983795278429
31,1094.8482183817637,,,mixed ring-site C-H out-of-plane bending / ring-site C-H in-plane bending,delta(H10-C1-H11),angle,0.21648095963955546,-,-0.027609422906811808,0.20745811382014626
31,1094.8482183817637,,,mixed ring-site C-H out-of-plane bending / ring-site C-H in-plane bending,tau(C4-C3-N5-C6),dihedral,0.18146437729660447,+,0.014712119860849542,0.6124438142435374
31,1094.8482183817637,,,mixed ring-site C-H out-of-plane bending / ring-site C-H in-plane bending,tau(H21-C8-O9-H22),dihedral,0.15133356922129151,-,-0.1201814073113219,0.007653958151576438
31,1094.8482183817637,,,mixed ring-site C-H out-of-plane bending / ring-site C-H in-plane bending,delta(C7-C8-H21),angle,0.15066258289028256,-,-0.011379945419525087,0.8498659491447228
31,1094.8482183817637,,,mixed ring-site C-H out-of-plane bending / ring-site C-H in-plane bending,delta(H13-C2-H14),angle,0.1398649735638981,-,-0.0100594218379347,1.009690582029088
31,1094.8482183817637,,,mixed ring-site C-H out-of-plane bending / ring-site C-H in-plane bending,"gamma(C8;C7,H19,H20)",oop,0.12298366086177825,-,-0.020552407832003232,0.21269014963965546
31,1094.8482183817637,,,mixed ring-site C-H out-of-plane bending / ring-site C-H in-plane bending,tau(H12-C1-C2-C3),dihedral,0.11271958628749679,+,0.021795681248882412,0.17333404380475795
31,1094.8482183817637,,,mixed ring-site C-H out-of-plane bending / ring-site C-H in-plane bending,nu(C3-N5),bond,0.10024271285615592,+,0.015027190660833334,0.3242818163336834
31,1094.8482183817637,,,mixed ring-site C-H out-of-plane bending / ring-site C-H in-plane bending,delta(H19-C7-H20),angle,0.08432755750983242,+,0.015110730845121857,0.26978882731842474
31,1094.8482183817637,,,mixed ring-site C-H out-of-plane bending / ring-site C-H in-plane bending,"gamma(H12;C1,H10,H11)",oop,0.07188146492249557,-,-0.013243061959212907,0.2994094311841051
31,1094.8482183817637,,,mixed ring-site C-H out-of-plane bending / ring-site C-H in-plane bending,tau(H11-C1-C2-H13),dihedral,0.06256169327929113,-,-0.016120668011908118,0.17586029811300968
31,1094.8482183817637,,,mixed ring-site C-H out-of-plane bending / ring-site C-H in-plane bending,nu(C1-C2),bond,0.03136343111662151,+,0.009118306744015559,0.2755627756868186
31,1094.8482183817637,,,mixed ring-site C-H out-of-plane bending / ring-site C-H in-plane bending,delta(H15-C4-H16),angle,0.024083969848590552,+,0.008503963653779568,0.24328238400212834
31,1094.8482183817637,,,mixed ring-site C-H out-of-plane bending / ring-site C-H in-plane bending,delta(C2-C1-H11),angle,0.013232917078738289,-,-0.005042793762792625,0.38013561079786046
31,1094.8482183817637,,,mixed ring-site C-H out-of-plane bending / ring-site C-H in-plane bending,nu(C7-H20),bond,0.008064018671734702,-,-0.00419589030037409,0.33460209280992387
31,1094.8482183817637,,,mixed ring-site C-H out-of-plane bending / ring-site C-H in-plane bending,nu(C4-H16),bond,0.007953193157405595,+,0.004073583935691487,0.3501172997314638
31,1094.8482183817637,,,mixed ring-site C-H out-of-plane bending / ring-site C-H in-plane bending,nu(C6-H17),bond,0.007331342441645887,-,-0.004023022450955068,0.33090548953252324
31,1094.8482183817637,,,mixed ring-site C-H out-of-plane bending / ring-site C-H in-plane bending,delta(N5-C6-C7),angle,0.004689582701787555,+,0.0017066124588068212,1.1762232354515754
31,1094.8482183817637,,,mixed ring-site C-H out-of-plane bending / ring-site C-H in-plane bending,nu(C6-H18),bond,0.0028637877003774093,-,-0.002506206102707721,0.33306778735766407
31,1094.8482183817637,,,mixed ring-site C-H out-of-plane bending / ring-site C-H in-plane bending,nu(O9-H22),bond,0.002847539763144852,+,0.0019986384715269994,0.5207468965628298
31,1094.8482183817637,,,mixed ring-site C-H out-of-plane bending / ring-site C-H in-plane bending,nu(C1-H10),bond,0.0024865871048224066,+,0.002312898346335454,0.33955956196528847
31,1094.8482183817637,,,mixed ring-site C-H out-of-plane bending / ring-site C-H in-plane bending,nu(C1-H12),bond,0.002298496760217591,-,-0.002241222336079303,0.33427153116902686
31,1094.8482183817637,,,mixed ring-site C-H out-of-plane bending / ring-site C-H in-plane bending,nu(C7-H19),bond,0.001878679193452897,+,0.002024251733555893,0.3349260785391822
31,1094.8482183817637,,,mixed ring-site C-H out-of-plane bending / ring-site C-H in-plane bending,nu(C2-H13),bond,0.0014083453074738165,+,0.0017839334297461526,0.32327881233108835
31,1094.8482183817637,,,mixed ring-site C-H out-of-plane bending / ring-site C-H in-plane bending,nu(C4-H15),bond,0.001092638202170345,+,0.001509775041572387,0.3501686615835324
31,1094.8482183817637,,,mixed ring-site C-H out-of-plane bending / ring-site C-H in-plane bending,nu(C8-H21),bond,0.0004892472145558095,+,0.0010651917646476994,0.31499099646613576
31,1094.8482183817637,,,mixed ring-site C-H out-of-plane bending / ring-site C-H in-plane bending,nu(C2-H14),bond,0.0001004872022500229,-,-0.00047021258361336674,0.33200730465984796
31,1094.8482183817637,,,mixed ring-site C-H out-of-plane bending / ring-site C-H in-plane bending,nu(C1-H11),bond,1.8422682202050445e-06,-,-6.345862026291896e-05,0.3341927227283412
32,1105.2505996718698,,,mixed ring-site C-H out-of-plane bending / C-H bending,"gamma(H16;C4,C3,H15)",oop,33.7348481190871,-,-0.4366576343611482,0.16705818655223026
32,1105.2505996718698,,,mixed ring-site C-H out-of-plane bending / C-H bending,delta(C2-C1-H12),angle,11.333585784280215,+,0.16661100257194505,0.38550596241050855
32,1105.2505996718698,,,mixed ring-site C-H out-of-plane bending / C-H bending,delta(C2-C1-H11),angle,10.934142777744304,-,-0.1648005480925691,0.38013561079786046
32,1105.2505996718698,,,mixed ring-site C-H out-of-plane bending / C-H bending,tau(C2-C3-C4-H16),dihedral,10.290793466814444,-,-0.19962249488459333,0.24383779514721982
32,1105.2505996718698,,,mixed ring-site C-H out-of-plane bending / C-H bending,tau(H11-C1-C2-H13),dihedral,3.7242030737600356,-,-0.14140616167893583,0.17586029811300968
32,1105.2505996718698,,,mixed ring-site C-H out-of-plane bending / C-H bending,nu(C3-N5),bond,3.5120393327749357,-,-0.10112393166318788,0.3242818163336834
32,1105.2505996718698,,,mixed ring-site C-H out-of-plane bending / C-H bending,nu(C1-C2),bond,3.3078136964315665,-,-0.10646229024628627,0.2755627756868186
32,1105.2505996718698,,,mixed ring-site C-H out-of-plane bending / C-H bending,"gamma(C3;C2,H13,H14)",oop,3.29334505191699,+,0.07146480147743589,0.6088691511213071
32,1105.2505996718698,,,mixed ring-site C-H out-of-plane bending / C-H bending,delta(C1-C2-C3),angle,2.6700809665891465,+,0.07950140668266026,0.39888336380392314
32,1105.2505996718698,,,mixed ring-site C-H out-of-plane bending / C-H bending,nu(C4-N5),bond,2.5559551524190893,-,-0.081939458519272,0.35944973574991873
32,1105.2505996718698,,,mixed ring-site C-H out-of-plane bending / C-H bending,delta(C3-C2-H14),angle,2.252539775895344,+,0.05875954233695629,0.6160086042110487
32,1105.2505996718698,,,mixed ring-site C-H out-of-plane bending / C-H bending,delta(C3-C4-H15),angle,2.1741349553937512,-,-0.09454923271484149,0.22963685996427452
32,1105.2505996718698,,,mixed ring-site C-H out-of-plane bending / C-H bending,tau(C2-C3-N5-C6),dihedral,2.0062863620480793,-,-0.04724954964864888,0.8485329137332114
32,1105.2505996718698,,,mixed ring-site C-H out-of-plane bending / C-H bending,nu(C8-O9),bond,1.3650156974159562,-,-0.06392704531948311,0.3153838863168852
32,1105.2505996718698,,,mixed ring-site C-H out-of-plane bending / C-H bending,delta(N5-C6-H17),angle,0.7388969533253708,-,-0.05270817328604136,0.251130270498446
32,1105.2505996718698,,,mixed ring-site C-H out-of-plane bending / C-H bending,delta(N5-C6-C7),angle,0.7318743910111193,-,-0.02423867958572166,1.1762232354515754
32,1105.2505996718698,,,mixed ring-site C-H out-of-plane bending / C-H bending,tau(C8-C3-C4-N5),dihedral,0.6934265973815309,+,0.023397699530390323,1.195983795278429
32,1105.2505996718698,,,mixed ring-site C-H out-of-plane bending / C-H bending,delta(O9-C8-H21),angle,0.6103989020124697,-,-0.025295788097171912,0.9007171530836973
32,1105.2505996718698,,,mixed ring-site C-H out-of-plane bending / C-H bending,delta(H10-C1-H11),angle,0.5650893677170878,-,-0.05071412244435597,0.20745811382014626
32,1105.2505996718698,,,mixed ring-site C-H out-of-plane bending / C-H bending,delta(C6-C7-H20),angle,0.54795876854856,-,-0.03923114796086913,0.33616846176778953
32,1105.2505996718698,,,mixed ring-site C-H out-of-plane bending / C-H bending,delta(H15-C4-H16),angle,0.33788616478428585,+,0.03621307737419416,0.24328238400212834
32,1105.2505996718698,,,mixed ring-site C-H out-of-plane bending / C-H bending,delta(H13-C2-H14),angle,0.25438832977988823,-,-0.015423750760285005,1.009690582029088
32,1105.2505996718698,,,mixed ring-site C-H out-of-plane bending / C-H bending,tau(H13-C2-C3-C4),dihedral,0.2470801231406549,+,0.01794505742112703,0.7244680264882472
32,1105.2505996718698,,,mixed ring-site C-H out-of-plane bending / C-H bending,tau(C3-N5-C6-H18),dihedral,0.21532992871696813,-,-0.03258380796542077,0.19150135016784978
32,1105.2505996718698,,,mixed ring-site C-H out-of-plane bending / C-H bending,"gamma(H12;C1,H10,H11)",oop,0.21317515325187097,-,-0.025928125085967788,0.2994094311841051
32,1105.2505996718698,,,mixed ring-site C-H out-of-plane bending / C-H bending,tau(C3-N5-C6-H17),dihedral,0.2061310736804934,-,-0.030800537863791926,0.20516250023230395
32,1105.2505996718698,,,mixed ring-site C-H out-of-plane bending / C-H bending,tau(H12-C1-C2-C3),dihedral,0.19956145182321583,-,-0.03297098731397602,0.17333404380475795
32,1105.2505996718698,,,mixed ring-site C-H out-of-plane bending / C-H bending,nu(C2-C3),bond,0.1766320932445444,+,0.024067796289027776,0.2879175118810551
32,1105.2505996718698,,,mixed ring-site C-H out-of-plane bending / C-H bending,nu(N5-C6),bond,0.17278378312729947,+,0.022444894865425176,0.3238463052348426
32,1105.2505996718698,,,mixed ring-site C-H out-of-plane bending / C-H bending,nu(C3-C8),bond,0.14386437259331888,+,0.02028517359172428,0.33011626112312614
32,1105.2505996718698,,,mixed ring-site C-H out-of-plane bending / C-H bending,nu(C6-C7),bond,0.1425970369335202,-,-0.02024696432643464,0.32844434189084687
32,1105.2505996718698,,,mixed ring-site C-H out-of-plane bending / C-H bending,delta(N5-C6-H18),angle,0.13668631745413845,+,0.02370400709824547,0.2296955728995778
32,1105.2505996718698,,,mixed ring-site C-H out-of-plane bending / C-H bending,delta(C2-C3-C8),angle,0.0844592875907081,-,-0.009273519178478552,0.9273194814098629
32,1105.2505996718698,,,mixed ring-site C-H out-of-plane bending / C-H bending,nu(C3-C4),bond,0.07897629042561549,+,0.015216914787151406,0.32204356991514493
32,1105.2505996718698,,,mixed ring-site C-H out-of-plane bending / C-H bending,tau(C4-C3-N5-C6),dihedral,0.061096685485431665,+,0.009705351261066253,0.6124438142435374
32,1105.2505996718698,,,mixed ring-site C-H out-of-plane bending / C-H bending,tau(N5-C6-C7-H19),dihedral,0.05881700726503422,+,0.01600932614094602,0.21668454548083232
32,1105.2505996718698,,,mixed ring-site C-H out-of-plane bending / C-H bending,delta(C7-C8-H21),angle,0.04960825824235948,-,-0.007423989250724123,0.8498659491447228
32,1105.2505996718698,,,mixed ring-site C-H out-of-plane bending / C-H bending,nu(C7-C8),bond,0.0331148361978349,-,-0.010910265342575816,0.2626776389289826
32,1105.2505996718698,,,mixed ring-site C-H out-of-plane bending / C-H bending,tau(C6-C7-C8-O9),dihedral,0.02915935402167787,+,0.008949560536080939,0.3437522879047999
32,1105.2505996718698,,,mixed ring-site C-H out-of-plane bending / C-H bending,delta(C8-O9-H22),angle,0.02521236148023715,+,0.011714796424256043,0.17346631468839127
32,1105.2505996718698,,,mixed ring-site C-H out-of-plane bending / C-H bending,tau(N5-C3-C8-O9),dihedral,0.025015916371635333,-,-0.006261099513456769,0.6025406091278427
32,1105.2505996718698,,,mixed ring-site C-H out-of-plane bending / C-H bending,delta(H19-C7-H20),angle,0.020626982926306405,-,-0.008496526841210814,0.26978882731842474
32,1105.2505996718698,,,mixed ring-site C-H out-of-plane bending / C-H bending,delta(C3-C8-H21),angle,0.014727340453978612,+,0.004451022500359307,0.7019010077438758
32,1105.2505996718698,,,mixed ring-site C-H out-of-plane bending / C-H bending,nu(C1-H11),bond,0.009317256819569545,+,0.005130752888466931,0.3341927227283412
32,1105.2505996718698,,,mixed ring-site C-H out-of-plane bending / C-H bending,nu(C1-H12),bond,0.006319084459746726,-,-0.00422486604939858,0.33427153116902686
32,1105.2505996718698,,,mixed ring-site C-H out-of-plane bending / C-H bending,nu(C6-H18),bond,0.0034544173328681566,-,-0.003129368058886158,0.33306778735766407
32,1105.2505996718698,,,mixed ring-site C-H out-of-plane bending / C-H bending,tau(H14-C2-C3-C8),dihedral,0.0028725178066431475,-,-0.0018926472473894463,0.7571719090760054
32,1105.2505996718698,,,mixed ring-site C-H out-of-plane bending / C-H bending,nu(C2-H13),bond,0.002041695300463381,+,0.002441981688319481,0.32327881233108835
32,1105.2505996718698,,,mixed ring-site C-H out-of-plane bending / C-H bending,nu(C8-H21),bond,0.0020041698918785928,+,0.0024510589469732206,0.31499099646613576
32,1105.2505996718698,,,mixed ring-site C-H out-of-plane bending / C-H bending,nu(C4-H16),bond,0.0016648387230236024,-,-0.0021189214557483815,0.3501172997314638
32,1105.2505996718698,,,mixed ring-site C-H out-of-plane bending / C-H bending,nu(C6-H17),bond,0.0010926083167939755,-,-0.0017656955578109702,0.33090548953252324
32,1105.2505996718698,,,mixed ring-site C-H out-of-plane bending / C-H bending,nu(O9-H22),bond,0.0006867870852639293,-,-0.0011159205468492142,0.5207468965628298
32,1105.2505996718698,,,mixed ring-site C-H out-of-plane bending / C-H bending,delta(C1-C2-H14),angle,0.0003314164239077045,-,-0.0008444342846062828,0.43884729955830637
32,1105.2505996718698,,,mixed ring-site C-H out-of-plane bending / C-H bending,nu(C7-H20),bond,0.00023638306420045436,+,0.0008167316992735775,0.33460209280992387
32,1105.2505996718698,,,mixed ring-site C-H out-of-plane bending / C-H bending,nu(C1-H10),bond,0.00021925211461048665,-,-0.0007808173813818723,0.33955956196528847
32,1105.2505996718698,,,mixed ring-site C-H out-of-plane bending / C-H bending,nu(C7-H19),bond,0.0002069577334946807,-,-0.0007638391373562547,0.3349260785391822
32,1105.2505996718698,,,mixed ring-site C-H out-of-plane bending / C-H bending,"gamma(C8;C7,H19,H20)",oop,0.00017979864804200328,+,0.0008934187894949591,0.21269014963965546
32,1105.2505996718698,,,mixed ring-site C-H out-of-plane bending / C-H bending,nu(C2-H14),bond,8.018866567741925e-06,+,0.00015101435545780676,0.33200730465984796
32,1105.2505996718698,,,mixed ring-site C-H out-of-plane bending / C-H bending,tau(H21-C8-O9-H22),dihedral,4.443941500900311e-06,+,0.0007404175161491845,0.007653958151576438
32,1105.2505996718698,,,mixed ring-site C-H out-of-plane bending / C-H bending,nu(C4-H15),bond,1.0119133334717643e-06,+,5.223583970271055e-05,0.3501686615835324
33,1118.1850129759277,,,mixed ring-site C-H out-of-plane bending / C-H bending,"gamma(H16;C4,C3,H15)",oop,31.217001526476874,+,0.45899258525995257,0.16705818655223026
33,1118.1850129759277,,,mixed ring-site C-H out-of-plane bending / C-H bending,delta(C2-C1-H12),angle,10.942895560010308,+,0.17889348963333868,0.38550596241050855
33,1118.1850129759277,,,mixed ring-site C-H out-of-plane bending / C-H bending,"gamma(C3;C2,H13,H14)",oop,10.766747505390853,+,0.14119659940275858,0.6088691511213071
33,1118.1850129759277,,,mixed ring-site C-H out-of-plane bending / C-H bending,delta(C2-C1-H11),angle,9.505309906169511,-,-0.16790275449849107,0.38013561079786046
33,1118.1850129759277,,,mixed ring-site C-H out-of-plane bending / C-H bending,tau(C2-C3-C4-H16),dihedral,8.99176082482038,+,0.20389934012273028,0.24383779514721982
33,1118.1850129759277,,,mixed ring-site C-H out-of-plane bending / C-H bending,delta(C3-C4-H15),angle,6.730410840936664,+,0.18177909890457034,0.22963685996427452
33,1118.1850129759277,,,mixed ring-site C-H out-of-plane bending / C-H bending,tau(H11-C1-C2-H13),dihedral,4.2649727091894425,-,-0.16535532459275007,0.17586029811300968
33,1118.1850129759277,,,mixed ring-site C-H out-of-plane bending / C-H bending,delta(C1-C2-C3),angle,3.0139405766136473,+,0.09229716029785714,0.39888336380392314
33,1118.1850129759277,,,mixed ring-site C-H out-of-plane bending / C-H bending,tau(H13-C2-C3-C4),dihedral,2.5789865258234452,+,0.06335178898256758,0.7244680264882472
33,1118.1850129759277,,,mixed ring-site C-H out-of-plane bending / C-H bending,tau(N5-C3-C8-O9),dihedral,1.481181728992177,-,-0.05264473821440291,0.6025406091278427
33,1118.1850129759277,,,mixed ring-site C-H out-of-plane bending / C-H bending,nu(C2-C3),bond,1.451586892887518,-,-0.07539307156868987,0.2879175118810551
33,1118.1850129759277,,,mixed ring-site C-H out-of-plane bending / C-H bending,nu(C1-C2),bond,1.055102916097119,-,-0.0657023789457117,0.2755627756868186
33,1118.1850129759277,,,mixed ring-site C-H out-of-plane bending / C-H bending,delta(C3-C8-H21),angle,0.91651715890129,+,0.03836863292124478,0.7019010077438758
33,1118.1850129759277,,,mixed ring-site C-H out-of-plane bending / C-H bending,tau(C2-C3-N5-C6),dihedral,0.858874214596284,-,-0.0337811472126442,0.8485329137332114
33,1118.1850129759277,,,mixed ring-site C-H out-of-plane bending / C-H bending,tau(C4-C3-N5-C6),dihedral,0.6917581201020372,+,0.03568518601929928,0.6124438142435374
33,1118.1850129759277,,,mixed ring-site C-H out-of-plane bending / C-H bending,tau(H14-C2-C3-C8),dihedral,0.6497148281370873,+,0.031103416861733506,0.7571719090760054
33,1118.1850129759277,,,mixed ring-site C-H out-of-plane bending / C-H bending,delta(C1-C2-H14),angle,0.56273903360776,+,0.038022508309326,0.43884729955830637
33,1118.1850129759277,,,mixed ring-site C-H out-of-plane bending / C-H bending,delta(C7-C8-H21),angle,0.5577872180599086,-,-0.027202136956393095,0.8498659491447228
33,1118.1850129759277,,,mixed ring-site C-H out-of-plane bending / C-H bending,delta(H10-C1-H11),angle,0.5545470643953995,-,-0.05489691648732927,0.20745811382014626
33,1118.1850129759277,,,mixed ring-site C-H out-of-plane bending / C-H bending,tau(C8-C3-C4-N5),dihedral,0.4928519642483707,+,0.021554579591028765,1.195983795278429
33,1118.1850129759277,,,mixed ring-site C-H out-of-plane bending / C-H bending,"gamma(H12;C1,H10,H11)",oop,0.4827341582503513,-,-0.04263489871418051,0.2994094311841051
33,1118.1850129759277,,,mixed ring-site C-H out-of-plane bending / C-H bending,nu(C7-C8),bond,0.3300411918433033,+,0.03763712832503387,0.2626776389289826
33,1118.1850129759277,,,mixed ring-site C-H out-of-plane bending / C-H bending,nu(C3-N5),bond,0.28772507524783614,-,-0.031627984414592136,0.3242818163336834
33,1118.1850129759277,,,mixed ring-site C-H out-of-plane bending / C-H bending,delta(C8-O9-H22),angle,0.2606938591968848,-,-0.04116250372599056,0.17346631468839127
33,1118.1850129759277,,,mixed ring-site C-H out-of-plane bending / C-H bending,nu(C3-C4),bond,0.16948928646915087,-,-0.024358905353231028,0.32204356991514493
33,1118.1850129759277,,,mixed ring-site C-H out-of-plane bending / C-H bending,delta(H13-C2-H14),angle,0.1494470920834981,-,-0.012917948244884198,1.009690582029088
33,1118.1850129759277,,,mixed ring-site C-H out-of-plane bending / C-H bending,tau(C3-N5-C6-H18),dihedral,0.14141332517354613,-,-0.02885381250808803,0.19150135016784978
33,1118.1850129759277,,,mixed ring-site C-H out-of-plane bending / C-H bending,tau(N5-C6-C7-H19),dihedral,0.11585737632447655,-,-0.02455228034683874,0.21668454548083232
33,1118.1850129759277,,,mixed ring-site C-H out-of-plane bending / C-H bending,delta(N5-C6-H17),angle,0.11481777214410949,-,-0.022703822568292377,0.251130270498446
33,1118.1850129759277,,,mixed ring-site C-H out-of-plane bending / C-H bending,delta(C6-C7-H20),angle,0.09531243110682122,-,-0.017878877489441045,0.33616846176778953
33,1118.1850129759277,,,mixed ring-site C-H out-of-plane bending / C-H bending,delta(H15-C4-H16),angle,0.08502620167731809,-,-0.019850205912409404,0.24328238400212834
33,1118.1850129759277,,,mixed ring-site C-H out-of-plane bending / C-H bending,delta(C3-C2-H14),angle,0.07924140060504173,+,0.01204277689952243,0.6160086042110487
33,1118.1850129759277,,,mixed ring-site C-H out-of-plane bending / C-H bending,nu(C4-N5),bond,0.05450467592633763,-,-0.013075001728150178,0.35944973574991873
33,1118.1850129759277,,,mixed ring-site C-H out-of-plane bending / C-H bending,delta(C2-C3-C8),angle,0.052510847263822366,+,0.007990128786412323,0.9273194814098629
33,1118.1850129759277,,,mixed ring-site C-H out-of-plane bending / C-H bending,tau(C3-N5-C6-H17),dihedral,0.04354593229938473,-,-0.015469232376752363,0.20516250023230395
33,1118.1850129759277,,,mixed ring-site C-H out-of-plane bending / C-H bending,tau(H12-C1-C2-C3),dihedral,0.04237414046031925,-,-0.016601696678059854,0.17333404380475795
33,1118.1850129759277,,,mixed ring-site C-H out-of-plane bending / C-H bending,nu(N5-C6),bond,0.034011802568349,+,0.010881513616217866,0.3238463052348426
33,1118.1850129759277,,,mixed ring-site C-H out-of-plane bending / C-H bending,delta(N5-C6-C7),angle,0.03094248050062957,-,-0.005445987550354585,1.1762232354515754
33,1118.1850129759277,,,mixed ring-site C-H out-of-plane bending / C-H bending,nu(C6-C7),bond,0.0267987618877054,-,-0.009591144431806737,0.32844434189084687
33,1118.1850129759277,,,mixed ring-site C-H out-of-plane bending / C-H bending,tau(H21-C8-O9-H22),dihedral,0.026739277345250233,-,-0.06275896166328658,0.007653958151576438
33,1118.1850129759277,,,mixed ring-site C-H out-of-plane bending / C-H bending,delta(O9-C8-H21),angle,0.02073606728675768,-,-0.005094633399112102,0.9007171530836973
33,1118.1850129759277,,,mixed ring-site C-H out-of-plane bending / C-H bending,nu(C8-O9),bond,0.017931613934460883,+,0.00800633758680826,0.3153838863168852
33,1118.1850129759277,,,mixed ring-site C-H out-of-plane bending / C-H bending,"gamma(C8;C7,H19,H20)",oop,0.012434114339912348,+,0.008118535579809277,0.21269014963965546
33,1118.1850129759277,,,mixed ring-site C-H out-of-plane bending / C-H bending,nu(C1-H12),bond,0.009926480409556756,-,-0.005786179575485582,0.33427153116902686
33,1118.1850129759277,,,mixed ring-site C-H out-of-plane bending / C-H bending,nu(C3-C8),bond,0.00991662060987796,+,0.005819589460963627,0.33011626112312614
33,1118.1850129759277,,,mixed ring-site C-H out-of-plane bending / C-H bending,nu(C4-H16),bond,0.005950574423815552,-,-0.004377403883535016,0.3501172997314638
33,1118.1850129759277,,,mixed ring-site C-H out-of-plane bending / C-H bending,delta(N5-C6-H18),angle,0.005492465399947388,+,0.005192198780976678,0.2296955728995778
33,1118.1850129759277,,,mixed ring-site C-H out-of-plane bending / C-H bending,nu(C1-H11),bond,0.0045895281792292806,+,0.003934861806901714,0.3341927227283412
33,1118.1850129759277,,,mixed ring-site C-H out-of-plane bending / C-H bending,tau(C6-C7-C8-O9),dihedral,0.0014838671911614589,-,-0.0022060668872558365,0.3437522879047999
33,1118.1850129759277,,,mixed ring-site C-H out-of-plane bending / C-H bending,nu(C2-H14),bond,0.0010872588142466315,-,-0.0019214832699523394,0.33200730465984796
33,1118.1850129759277,,,mixed ring-site C-H out-of-plane bending / C-H bending,nu(C4-H15),bond,0.0005414004656124203,+,0.0013202757082080283,0.3501686615835324
33,1118.1850129759277,,,mixed ring-site C-H out-of-plane bending / C-H bending,nu(C6-H18),bond,0.0004281112554702192,+,0.0012038045082783165,0.33306778735766407
33,1118.1850129759277,,,mixed ring-site C-H out-of-plane bending / C-H bending,nu(C2-H13),bond,0.00042528195317485335,+,0.0012178500389655165,0.32327881233108835
33,1118.1850129759277,,,mixed ring-site C-H out-of-plane bending / C-H bending,nu(C8-H21),bond,0.0003653695124053623,+,0.0011435654902644087,0.31499099646613576
33,1118.1850129759277,,,mixed ring-site C-H out-of-plane bending / C-H bending,nu(O9-H22),bond,0.00019646469672592254,+,0.0006521881059905547,0.5207468965628298
33,1118.1850129759277,,,mixed ring-site C-H out-of-plane bending / C-H bending,nu(C6-H17),bond,0.00019447698325699897,-,-0.0008140031340088545,0.33090548953252324
33,1118.1850129759277,,,mixed ring-site C-H out-of-plane bending / C-H bending,nu(C7-H20),bond,0.00017865214333381477,-,-0.000775860688275589,0.33460209280992387
33,1118.1850129759277,,,mixed ring-site C-H out-of-plane bending / C-H bending,delta(H19-C7-H20),angle,0.00016158091055715158,-,-0.0008217259530893742,0.26978882731842474
33,1118.1850129759277,,,mixed ring-site C-H out-of-plane bending / C-H bending,nu(C7-H19),bond,3.885166807170719e-05,+,0.0003616382100071927,0.3349260785391822
33,1118.1850129759277,,,mixed ring-site C-H out-of-plane bending / C-H bending,nu(C1-H10),bond,7.0159922075982454e-06,-,-0.00015262670379200596,0.33955956196528847
34,1168.2647755101375,,,mixed ring-site C-H out-of-plane bending / C-H bending / mixed-phase cyclic C-N stretching,tau(C2-C3-C4-H16),dihedral,16.220284614260493,-,-0.20645898741236104,0.24383779514721982
34,1168.2647755101375,,,mixed ring-site C-H out-of-plane bending / C-H bending / mixed-phase cyclic C-N stretching,nu(N5-C6),bond,14.412086726434639,+,0.1688686491424415,0.3238463052348426
34,1168.2647755101375,,,mixed ring-site C-H out-of-plane bending / C-H bending / mixed-phase cyclic C-N stretching,delta(O9-C8-H21),angle,12.544390309290817,-,-0.09446819807763078,0.9007171530836973
34,1168.2647755101375,,,mixed ring-site C-H out-of-plane bending / C-H bending / mixed-phase cyclic C-N stretching,tau(C8-C3-C4-N5),dihedral,7.649025811545015,+,0.06401702454856172,1.195983795278429
34,1168.2647755101375,,,mixed ring-site C-H out-of-plane bending / C-H bending / mixed-phase cyclic C-N stretching,tau(C4-C3-N5-C6),dihedral,7.138319796069334,-,-0.08642113047644062,0.6124438142435374
34,1168.2647755101375,,,mixed ring-site C-H out-of-plane bending / C-H bending / mixed-phase cyclic C-N stretching,tau(C2-C3-N5-C6),dihedral,5.477852140452736,-,-0.0643170142834852,0.8485329137332114
34,1168.2647755101375,,,mixed ring-site C-H out-of-plane bending / C-H bending / mixed-phase cyclic C-N stretching,delta(C2-C3-C8),angle,3.803127232401043,+,0.05126380105923042,0.9273194814098629
34,1168.2647755101375,,,mixed ring-site C-H out-of-plane bending / C-H bending / mixed-phase cyclic C-N stretching,delta(C3-C4-H15),angle,3.6681237144088663,-,-0.10117104982352755,0.22963685996427452
34,1168.2647755101375,,,mixed ring-site C-H out-of-plane bending / C-H bending / mixed-phase cyclic C-N stretching,tau(C3-N5-C6-H17),dihedral,2.9490683657180052,-,-0.09597287345171955,0.20516250023230395
34,1168.2647755101375,,,mixed ring-site C-H out-of-plane bending / C-H bending / mixed-phase cyclic C-N stretching,tau(C3-N5-C6-H18),dihedral,2.451694055673833,-,-0.0905737368438726,0.19150135016784978
34,1168.2647755101375,,,mixed ring-site C-H out-of-plane bending / C-H bending / mixed-phase cyclic C-N stretching,"gamma(C8;C7,H19,H20)",oop,2.0206618041665263,+,0.07802399741578155,0.21269014963965546
34,1168.2647755101375,,,mixed ring-site C-H out-of-plane bending / C-H bending / mixed-phase cyclic C-N stretching,delta(C3-C8-H21),angle,1.8736618536309282,+,0.041358306142042445,0.7019010077438758
34,1168.2647755101375,,,mixed ring-site C-H out-of-plane bending / C-H bending / mixed-phase cyclic C-N stretching,nu(C8-O9),bond,1.522344279758656,-,-0.05561497658690782,0.3153838863168852
34,1168.2647755101375,,,mixed ring-site C-H out-of-plane bending / C-H bending / mixed-phase cyclic C-N stretching,nu(C6-C7),bond,1.497066368446338,-,-0.054043653867348926,0.32844434189084687
34,1168.2647755101375,,,mixed ring-site C-H out-of-plane bending / C-H bending / mixed-phase cyclic C-N stretching,delta(C7-C8-H21),angle,1.4818872436959978,-,-0.03342623286324645,0.8498659491447228
34,1168.2647755101375,,,mixed ring-site C-H out-of-plane bending / C-H bending / mixed-phase cyclic C-N stretching,delta(C3-C2-H14),angle,1.276609420083385,+,0.03644103491725142,0.6160086042110487
34,1168.2647755101375,,,mixed ring-site C-H out-of-plane bending / C-H bending / mixed-phase cyclic C-N stretching,nu(C3-C4),bond,1.2067158666139608,+,0.04900047212876156,0.32204356991514493
34,1168.2647755101375,,,mixed ring-site C-H out-of-plane bending / C-H bending / mixed-phase cyclic C-N stretching,nu(C4-N5),bond,1.176490107212193,-,-0.04579627183876362,0.35944973574991873
34,1168.2647755101375,,,mixed ring-site C-H out-of-plane bending / C-H bending / mixed-phase cyclic C-N stretching,nu(C2-C3),bond,1.1629151507398827,-,-0.050873901307429345,0.2879175118810551
34,1168.2647755101375,,,mixed ring-site C-H out-of-plane bending / C-H bending / mixed-phase cyclic C-N stretching,delta(C8-O9-H22),angle,1.1525865867936265,-,-0.06525056457532198,0.17346631468839127
34,1168.2647755101375,,,mixed ring-site C-H out-of-plane bending / C-H bending / mixed-phase cyclic C-N stretching,delta(C2-C1-H11),angle,1.0783817227420993,-,-0.04263556773509584,0.38013561079786046
34,1168.2647755101375,,,mixed ring-site C-H out-of-plane bending / C-H bending / mixed-phase cyclic C-N stretching,tau(H13-C2-C3-C4),dihedral,1.0251741921204682,+,0.03011232505361645,0.7244680264882472
34,1168.2647755101375,,,mixed ring-site C-H out-of-plane bending / C-H bending / mixed-phase cyclic C-N stretching,delta(N5-C6-H17),angle,0.9400225763994283,-,-0.0489750264199349,0.251130270498446
34,1168.2647755101375,,,mixed ring-site C-H out-of-plane bending / C-H bending / mixed-phase cyclic C-N stretching,"gamma(C3;C2,H13,H14)",oop,0.9308659737167563,+,0.03129944679169157,0.6088691511213071
34,1168.2647755101375,,,mixed ring-site C-H out-of-plane bending / C-H bending / mixed-phase cyclic C-N stretching,delta(C1-C2-H14),angle,0.9108303350804614,+,0.03646843253516295,0.43884729955830637
34,1168.2647755101375,,,mixed ring-site C-H out-of-plane bending / C-H bending / mixed-phase cyclic C-N stretching,delta(C6-C7-H20),angle,0.8398121693749853,-,-0.040009918563750725,0.33616846176778953
34,1168.2647755101375,,,mixed ring-site C-H out-of-plane bending / C-H bending / mixed-phase cyclic C-N stretching,"gamma(H16;C4,C3,H15)",oop,0.535416283898352,+,0.04531760769231764,0.16705818655223026
34,1168.2647755101375,,,mixed ring-site C-H out-of-plane bending / C-H bending / mixed-phase cyclic C-N stretching,nu(C1-C2),bond,0.4757653466826583,+,0.03326145144898831,0.2755627756868186
34,1168.2647755101375,,,mixed ring-site C-H out-of-plane bending / C-H bending / mixed-phase cyclic C-N stretching,delta(N5-C6-H18),angle,0.3547876744913957,+,0.031460311514832806,0.2296955728995778
34,1168.2647755101375,,,mixed ring-site C-H out-of-plane bending / C-H bending / mixed-phase cyclic C-N stretching,tau(H11-C1-C2-H13),dihedral,0.3240182550752192,-,-0.03436021764199592,0.17586029811300968
34,1168.2647755101375,,,mixed ring-site C-H out-of-plane bending / C-H bending / mixed-phase cyclic C-N stretching,nu(C7-C8),bond,0.31970442736377075,-,-0.027926585714253133,0.2626776389289826
34,1168.2647755101375,,,mixed ring-site C-H out-of-plane bending / C-H bending / mixed-phase cyclic C-N stretching,delta(C2-C1-H12),angle,0.2673319710574039,-,-0.021079726394812162,0.38550596241050855
34,1168.2647755101375,,,mixed ring-site C-H out-of-plane bending / C-H bending / mixed-phase cyclic C-N stretching,tau(C6-C7-C8-O9),dihedral,0.2476640395859355,+,0.02148640445753085,0.3437522879047999
34,1168.2647755101375,,,mixed ring-site C-H out-of-plane bending / C-H bending / mixed-phase cyclic C-N stretching,tau(N5-C3-C8-O9),dihedral,0.24293817087253405,+,0.016073475280980517,0.6025406091278427
34,1168.2647755101375,,,mixed ring-site C-H out-of-plane bending / C-H bending / mixed-phase cyclic C-N stretching,tau(H14-C2-C3-C8),dihedral,0.22881008569878808,+,0.013915390695702317,0.7571719090760054
34,1168.2647755101375,,,mixed ring-site C-H out-of-plane bending / C-H bending / mixed-phase cyclic C-N stretching,tau(N5-C6-C7-H19),dihedral,0.2171328620346781,+,0.02533984061233251,0.21668454548083232
34,1168.2647755101375,,,mixed ring-site C-H out-of-plane bending / C-H bending / mixed-phase cyclic C-N stretching,nu(C3-N5),bond,0.16460728980596767,-,-0.01803508954350843,0.3242818163336834
34,1168.2647755101375,,,mixed ring-site C-H out-of-plane bending / C-H bending / mixed-phase cyclic C-N stretching,delta(H19-C7-H20),angle,0.0530061701038812,-,-0.011220347355938019,0.26978882731842474
34,1168.2647755101375,,,mixed ring-site C-H out-of-plane bending / C-H bending / mixed-phase cyclic C-N stretching,delta(H10-C1-H11),angle,0.03404478614885666,+,0.01025451587735523,0.20745811382014626
34,1168.2647755101375,,,mixed ring-site C-H out-of-plane bending / C-H bending / mixed-phase cyclic C-N stretching,delta(N5-C6-C7),angle,0.030465259738736924,-,-0.004073921295100319,1.1762232354515754
34,1168.2647755101375,,,mixed ring-site C-H out-of-plane bending / C-H bending / mixed-phase cyclic C-N stretching,nu(C3-C8),bond,0.019735036343107106,+,0.006189286343570179,0.33011626112312614
34,1168.2647755101375,,,mixed ring-site C-H out-of-plane bending / C-H bending / mixed-phase cyclic C-N stretching,delta(H15-C4-H16),angle,0.01257829190472549,+,0.005755864641324424,0.24328238400212834
34,1168.2647755101375,,,mixed ring-site C-H out-of-plane bending / C-H bending / mixed-phase cyclic C-N stretching,tau(H21-C8-O9-H22),dihedral,0.012427135637772285,-,-0.032255037169289416,0.007653958151576438
34,1168.2647755101375,,,mixed ring-site C-H out-of-plane bending / C-H bending / mixed-phase cyclic C-N stretching,nu(C4-H15),bond,0.011546936305978554,-,-0.004596738689142482,0.3501686615835324
34,1168.2647755101375,,,mixed ring-site C-H out-of-plane bending / C-H bending / mixed-phase cyclic C-N stretching,nu(C4-H16),bond,0.00867560715705036,+,0.003984723794035512,0.3501172997314638
34,1168.2647755101375,,,mixed ring-site C-H out-of-plane bending / C-H bending / mixed-phase cyclic C-N stretching,delta(C1-C2-C3),angle,0.005630563440834103,-,-0.0030075166156838303,0.39888336380392314
34,1168.2647755101375,,,mixed ring-site C-H out-of-plane bending / C-H bending / mixed-phase cyclic C-N stretching,nu(C6-H17),bond,0.0044281555969637315,-,-0.0029282929339535077,0.33090548953252324
34,1168.2647755101375,,,mixed ring-site C-H out-of-plane bending / C-H bending / mixed-phase cyclic C-N stretching,tau(H12-C1-C2-C3),dihedral,0.0042693356234734005,-,-0.003972768723749163,0.17333404380475795
34,1168.2647755101375,,,mixed ring-site C-H out-of-plane bending / C-H bending / mixed-phase cyclic C-N stretching,nu(C6-H18),bond,0.003990028324540727,-,-0.0027706185810803877,0.33306778735766407
34,1168.2647755101375,,,mixed ring-site C-H out-of-plane bending / C-H bending / mixed-phase cyclic C-N stretching,nu(C7-H20),bond,0.0030610776638291992,+,0.0024211846775316604,0.33460209280992387
34,1168.2647755101375,,,mixed ring-site C-H out-of-plane bending / C-H bending / mixed-phase cyclic C-N stretching,delta(H13-C2-H14),angle,0.002983035637975365,+,0.0013759103493724703,1.009690582029088
34,1168.2647755101375,,,mixed ring-site C-H out-of-plane bending / C-H bending / mixed-phase cyclic C-N stretching,nu(C2-H13),bond,0.002677937976516225,+,0.002303916341692451,0.32327881233108835
34,1168.2647755101375,,,mixed ring-site C-H out-of-plane bending / C-H bending / mixed-phase cyclic C-N stretching,nu(C1-H10),bond,0.0008651962817186722,-,-0.001277775065173997,0.33955956196528847
34,1168.2647755101375,,,mixed ring-site C-H out-of-plane bending / C-H bending / mixed-phase cyclic C-N stretching,nu(C2-H14),bond,0.0005961920866393825,-,-0.001072690299559593,0.33200730465984796
34,1168.2647755101375,,,mixed ring-site C-H out-of-plane bending / C-H bending / mixed-phase cyclic C-N stretching,nu(C1-H11),bond,0.0003948582031367298,+,0.0008701160051077884,0.3341927227283412
34,1168.2647755101375,,,mixed ring-site C-H out-of-plane bending / C-H bending / mixed-phase cyclic C-N stretching,"gamma(H12;C1,H10,H11)",oop,0.00024358807559346322,-,-0.0007220218545187716,0.2994094311841051
34,1168.2647755101375,,,mixed ring-site C-H out-of-plane bending / C-H bending / mixed-phase cyclic C-N stretching,nu(C7-H19),bond,0.00011773308113407051,+,0.0004746023035088486,0.3349260785391822
34,1168.2647755101375,,,mixed ring-site C-H out-of-plane bending / C-H bending / mixed-phase cyclic C-N stretching,nu(C8-H21),bond,4.0749162974923845e-05,-,-0.0002879156984026448,0.31499099646613576
34,1168.2647755101375,,,mixed ring-site C-H out-of-plane bending / C-H bending / mixed-phase cyclic C-N stretching,nu(C1-H12),bond,3.522482081277906e-05,+,0.00025985421756359974,0.33427153116902686
34,1168.2647755101375,,,mixed ring-site C-H out-of-plane bending / C-H bending / mixed-phase cyclic C-N stretching,nu(O9-H22),bond,1.2277286572892418e-05,+,0.00012291161368125714,0.5207468965628298
35,1208.2736227192322,,,mixed ring-site C-H in-plane bending / ring-site C-H out-of-plane bending,delta(C6-C7-H20),angle,16.438026886053954,+,0.18426944414699867,0.33616846176778953
35,1208.2736227192322,,,mixed ring-site C-H in-plane bending / ring-site C-H out-of-plane bending,tau(N5-C6-C7-H19),dihedral,10.40621081635531,+,0.18261620245065371,0.21668454548083232
35,1208.2736227192322,,,mixed ring-site C-H in-plane bending / ring-site C-H out-of-plane bending,delta(N5-C6-H17),angle,7.984872291004034,+,0.14859062897384734,0.251130270498446
35,1208.2736227192322,,,mixed ring-site C-H in-plane bending / ring-site C-H out-of-plane bending,"gamma(C8;C7,H19,H20)",oop,7.050184243385372,-,-0.15171674302569937,0.21269014963965546
35,1208.2736227192322,,,mixed ring-site C-H in-plane bending / ring-site C-H out-of-plane bending,delta(C8-O9-H22),angle,6.969162007129062,-,-0.167028149741876,0.17346631468839127
35,1208.2736227192322,,,mixed ring-site C-H in-plane bending / ring-site C-H out-of-plane bending,delta(C7-C8-H21),angle,6.964513197999207,+,0.07543573641494176,0.8498659491447228
35,1208.2736227192322,,,mixed ring-site C-H in-plane bending / ring-site C-H out-of-plane bending,delta(N5-C6-C7),angle,6.7511399868739135,-,-0.06313215956448652,1.1762232354515754
35,1208.2736227192322,,,mixed ring-site C-H in-plane bending / ring-site C-H out-of-plane bending,tau(C3-N5-C6-H18),dihedral,4.398379905014796,+,0.1262895497941418,0.19150135016784978
35,1208.2736227192322,,,mixed ring-site C-H in-plane bending / ring-site C-H out-of-plane bending,nu(C6-C7),bond,3.967673326163212,+,0.09158914980102141,0.32844434189084687
35,1208.2736227192322,,,mixed ring-site C-H in-plane bending / ring-site C-H out-of-plane bending,tau(C4-C3-N5-C6),dihedral,3.657634851939595,+,0.06439824221242164,0.6124438142435374
35,1208.2736227192322,,,mixed ring-site C-H in-plane bending / ring-site C-H out-of-plane bending,delta(O9-C8-H21),angle,3.4302191129047013,-,-0.05142492660497598,0.9007171530836973
35,1208.2736227192322,,,mixed ring-site C-H in-plane bending / ring-site C-H out-of-plane bending,nu(C7-C8),bond,2.86835437120138,-,-0.08707867590760497,0.2626776389289826
35,1208.2736227192322,,,mixed ring-site C-H in-plane bending / ring-site C-H out-of-plane bending,nu(C4-N5),bond,2.8613031281891934,-,-0.07434809009013421,0.35944973574991873
35,1208.2736227192322,,,mixed ring-site C-H in-plane bending / ring-site C-H out-of-plane bending,delta(C3-C8-H21),angle,2.7372989264993417,-,-0.05203914429070101,0.7019010077438758
35,1208.2736227192322,,,mixed ring-site C-H in-plane bending / ring-site C-H out-of-plane bending,delta(C2-C3-C8),angle,2.2556207187207327,+,0.041098437571811176,0.9273194814098629
35,1208.2736227192322,,,mixed ring-site C-H in-plane bending / ring-site C-H out-of-plane bending,nu(N5-C6),bond,1.5291863143968656,+,0.05726215577108148,0.3238463052348426
35,1208.2736227192322,,,mixed ring-site C-H in-plane bending / ring-site C-H out-of-plane bending,tau(H14-C2-C3-C8),dihedral,1.3463038014438569,+,0.03513834118222104,0.7571719090760054
35,1208.2736227192322,,,mixed ring-site C-H in-plane bending / ring-site C-H out-of-plane bending,delta(C3-C2-H14),angle,1.2690120360220885,+,0.03782217044846361,0.6160086042110487
35,1208.2736227192322,,,mixed ring-site C-H in-plane bending / ring-site C-H out-of-plane bending,tau(H13-C2-C3-C4),dihedral,1.147906550867491,+,0.033170393348466505,0.7244680264882472
35,1208.2736227192322,,,mixed ring-site C-H in-plane bending / ring-site C-H out-of-plane bending,delta(C2-C1-H11),angle,1.111466321441629,-,-0.045059445387663766,0.38013561079786046
35,1208.2736227192322,,,mixed ring-site C-H in-plane bending / ring-site C-H out-of-plane bending,tau(C6-C7-C8-O9),dihedral,1.0313265250534374,-,-0.04564384912751275,0.3437522879047999
35,1208.2736227192322,,,mixed ring-site C-H in-plane bending / ring-site C-H out-of-plane bending,delta(C1-C2-H14),angle,0.9340767899451834,+,0.038445148369143554,0.43884729955830637
35,1208.2736227192322,,,mixed ring-site C-H in-plane bending / ring-site C-H out-of-plane bending,tau(C2-C3-N5-C6),dihedral,0.742470654042103,+,0.024649735646188987,0.8485329137332114
35,1208.2736227192322,,,mixed ring-site C-H in-plane bending / ring-site C-H out-of-plane bending,delta(C3-C4-H15),angle,0.4010097354247893,+,0.03482279484712876,0.22963685996427452
35,1208.2736227192322,,,mixed ring-site C-H in-plane bending / ring-site C-H out-of-plane bending,tau(C2-C3-C4-H16),dihedral,0.3749549132139359,+,0.03267728599057663,0.24383779514721982
35,1208.2736227192322,,,mixed ring-site C-H in-plane bending / ring-site C-H out-of-plane bending,nu(C3-N5),bond,0.25429073977872285,-,-0.023335168446022903,0.3242818163336834
35,1208.2736227192322,,,mixed ring-site C-H in-plane bending / ring-site C-H out-of-plane bending,delta(C2-C1-H12),angle,0.224182830985831,-,-0.020095211935919868,0.38550596241050855
35,1208.2736227192322,,,mixed ring-site C-H in-plane bending / ring-site C-H out-of-plane bending,nu(C3-C8),bond,0.15177423969880488,-,-0.017867859966803738,0.33011626112312614
35,1208.2736227192322,,,mixed ring-site C-H in-plane bending / ring-site C-H out-of-plane bending,nu(C2-C3),bond,0.13229369321532258,+,0.01786251045924199,0.2879175118810551
35,1208.2736227192322,,,mixed ring-site C-H in-plane bending / ring-site C-H out-of-plane bending,delta(N5-C6-H18),angle,0.13167353758687478,+,0.019951699974702208,0.2296955728995778
35,1208.2736227192322,,,mixed ring-site C-H in-plane bending / ring-site C-H out-of-plane bending,tau(H21-C8-O9-H22),dihedral,0.07900007847672134,+,0.08465988723989429,0.007653958151576438
35,1208.2736227192322,,,mixed ring-site C-H in-plane bending / ring-site C-H out-of-plane bending,delta(C1-C2-C3),angle,0.06964203885935193,-,-0.011010822022103699,0.39888336380392314
35,1208.2736227192322,,,mixed ring-site C-H in-plane bending / ring-site C-H out-of-plane bending,tau(N5-C3-C8-O9),dihedral,0.05020383966651695,+,0.007606454502418609,0.6025406091278427
35,1208.2736227192322,,,mixed ring-site C-H in-plane bending / ring-site C-H out-of-plane bending,tau(H12-C1-C2-C3),dihedral,0.03721496922011788,-,-0.012210230531146124,0.17333404380475795
35,1208.2736227192322,,,mixed ring-site C-H in-plane bending / ring-site C-H out-of-plane bending,tau(H11-C1-C2-H13),dihedral,0.035462699977126054,-,-0.011833384124819097,0.17586029811300968
35,1208.2736227192322,,,mixed ring-site C-H in-plane bending / ring-site C-H out-of-plane bending,"gamma(C3;C2,H13,H14)",oop,0.029682695134703153,-,-0.005818307182186724,0.6088691511213071
35,1208.2736227192322,,,mixed ring-site C-H in-plane bending / ring-site C-H out-of-plane bending,delta(H13-C2-H14),angle,0.02664843034717463,+,0.004281033535897859,1.009690582029088
35,1208.2736227192322,,,mixed ring-site C-H in-plane bending / ring-site C-H out-of-plane bending,delta(H10-C1-H11),angle,0.026046274324278265,+,0.009337154792738658,0.20745811382014626
35,1208.2736227192322,,,mixed ring-site C-H in-plane bending / ring-site C-H out-of-plane bending,tau(C8-C3-C4-N5),dihedral,0.023931577772795053,-,-0.003727605847447478,1.195983795278429
35,1208.2736227192322,,,mixed ring-site C-H in-plane bending / ring-site C-H out-of-plane bending,delta(H15-C4-H16),angle,0.02137663047151844,-,-0.007811262982287648,0.24328238400212834
35,1208.2736227192322,,,mixed ring-site C-H in-plane bending / ring-site C-H out-of-plane bending,delta(H19-C7-H20),angle,0.01984056649976422,+,0.007146148222779039,0.26978882731842474
35,1208.2736227192322,,,mixed ring-site C-H in-plane bending / ring-site C-H out-of-plane bending,nu(C8-O9),bond,0.015560325363490975,+,0.005853242976492615,0.3153838863168852
35,1208.2736227192322,,,mixed ring-site C-H in-plane bending / ring-site C-H out-of-plane bending,"gamma(H12;C1,H10,H11)",oop,0.00823720822580015,+,0.004370833370611416,0.2994094311841051
35,1208.2736227192322,,,mixed ring-site C-H in-plane bending / ring-site C-H out-of-plane bending,nu(O9-H22),bond,0.00696792778321352,+,0.0030482139149069568,0.5207468965628298
35,1208.2736227192322,,,mixed ring-site C-H in-plane bending / ring-site C-H out-of-plane bending,nu(C1-C2),bond,0.006275575258376554,+,0.00397670579124921,0.2755627756868186
35,1208.2736227192322,,,mixed ring-site C-H in-plane bending / ring-site C-H out-of-plane bending,tau(C3-N5-C6-H17),dihedral,0.00472182911755154,+,0.003997726762147957,0.20516250023230395
35,1208.2736227192322,,,mixed ring-site C-H in-plane bending / ring-site C-H out-of-plane bending,nu(C7-H20),bond,0.004159572964533673,+,0.002938102975063017,0.33460209280992387
35,1208.2736227192322,,,mixed ring-site C-H in-plane bending / ring-site C-H out-of-plane bending,nu(C8-H21),bond,0.002236233843030841,-,-0.002220324768927707,0.31499099646613576
35,1208.2736227192322,,,mixed ring-site C-H in-plane bending / ring-site C-H out-of-plane bending,nu(C4-H15),bond,0.002219135067560285,+,0.00209778123420423,0.3501686615835324
35,1208.2736227192322,,,mixed ring-site C-H in-plane bending / ring-site C-H out-of-plane bending,"gamma(H16;C4,C3,H15)",oop,0.0019057944634848585,+,0.0028145639134730866,0.16705818655223026
35,1208.2736227192322,,,mixed ring-site C-H in-plane bending / ring-site C-H out-of-plane bending,nu(C1-H10),bond,0.0011803017707678256,-,-0.0015536225387987885,0.33955956196528847
35,1208.2736227192322,,,mixed ring-site C-H in-plane bending / ring-site C-H out-of-plane bending,nu(C1-H11),bond,0.0010977755053192424,+,0.0015103070156882814,0.3341927227283412
35,1208.2736227192322,,,mixed ring-site C-H in-plane bending / ring-site C-H out-of-plane bending,nu(C2-H13),bond,0.0009764720728535916,+,0.001448265744536668,0.32327881233108835
35,1208.2736227192322,,,mixed ring-site C-H in-plane bending / ring-site C-H out-of-plane bending,nu(C6-H17),bond,0.0008676898223656807,+,0.0013493892057652474,0.33090548953252324
35,1208.2736227192322,,,mixed ring-site C-H in-plane bending / ring-site C-H out-of-plane bending,nu(C6-H18),bond,0.0005349340899777388,+,0.00105606533596112,0.33306778735766407
35,1208.2736227192322,,,mixed ring-site C-H in-plane bending / ring-site C-H out-of-plane bending,nu(C2-H14),bond,0.0003897552321625821,-,-0.0009028781094187367,0.33200730465984796
35,1208.2736227192322,,,mixed ring-site C-H in-plane bending / ring-site C-H out-of-plane bending,nu(C3-C4),bond,0.00033968138966732574,-,-0.0008558260994551199,0.32204356991514493
35,1208.2736227192322,,,mixed ring-site C-H in-plane bending / ring-site C-H out-of-plane bending,nu(C7-H19),bond,0.00031308527389595626,+,0.0008056822655240611,0.3349260785391822
35,1208.2736227192322,,,mixed ring-site C-H in-plane bending / ring-site C-H out-of-plane bending,nu(C1-H12),bond,0.0002654778891455047,+,0.0007426282202117519,0.33427153116902686
35,1208.2736227192322,,,mixed ring-site C-H in-plane bending / ring-site C-H out-of-plane bending,nu(C4-H16),bond,0.00017897156597318067,+,0.000595788614931124,0.3501172997314638
36,1226.4600234927802,,,mixed ring-site C-H in-plane bending / O-H bending,delta(C3-C8-H21),angle,27.442534967727408,-,-0.20038115455869385,0.7019010077438758
36,1226.4600234927802,,,mixed ring-site C-H in-plane bending / O-H bending,delta(C8-O9-H22),angle,22.601692408820785,+,0.3658015981871237,0.17346631468839127
36,1226.4600234927802,,,mixed ring-site C-H in-plane bending / O-H bending,delta(N5-C6-H18),angle,7.2784284888274104,-,-0.18039528897135818,0.2296955728995778
36,1226.4600234927802,,,mixed ring-site C-H in-plane bending / O-H bending,delta(C7-C8-H21),angle,5.126650172466198,+,0.07870898675692359,0.8498659491447228
36,1226.4600234927802,,,mixed ring-site C-H in-plane bending / O-H bending,nu(C4-N5),bond,4.493937489344041,-,-0.1133123179381992,0.35944973574991873
36,1226.4600234927802,,,mixed ring-site C-H in-plane bending / O-H bending,delta(C6-C7-H20),angle,3.266106933380837,+,0.0998894014452005,0.33616846176778953
36,1226.4600234927802,,,mixed ring-site C-H in-plane bending / O-H bending,tau(H14-C2-C3-C8),dihedral,3.035899170607892,-,-0.0641695685854231,0.7571719090760054
36,1226.4600234927802,,,mixed ring-site C-H in-plane bending / O-H bending,nu(N5-C6),bond,2.907239603539211,+,0.09601821636074975,0.3238463052348426
36,1226.4600234927802,,,mixed ring-site C-H in-plane bending / O-H bending,delta(N5-C6-H17),angle,2.6461634692090867,+,0.10402590363399783,0.251130270498446
36,1226.4600234927802,,,mixed ring-site C-H in-plane bending / O-H bending,nu(C3-N5),bond,2.1936501533321975,-,-0.0833498992889835,0.3242818163336834
36,1226.4600234927802,,,mixed ring-site C-H in-plane bending / O-H bending,delta(O9-C8-H21),angle,1.9568555698817511,+,0.0472354290060244,0.9007171530836973
36,1226.4600234927802,,,mixed ring-site C-H in-plane bending / O-H bending,"gamma(C8;C7,H19,H20)",oop,1.7169779280676631,+,0.09105239257315387,0.21269014963965546
36,1226.4600234927802,,,mixed ring-site C-H in-plane bending / O-H bending,nu(C8-O9),bond,1.2176183845216562,-,-0.06296780328074528,0.3153838863168852
36,1226.4600234927802,,,mixed ring-site C-H in-plane bending / O-H bending,tau(C8-C3-C4-N5),dihedral,1.1949547116926853,+,0.032032863993346386,1.195983795278429
36,1226.4600234927802,,,mixed ring-site C-H in-plane bending / O-H bending,tau(C2-C3-N5-C6),dihedral,1.1889217186031351,+,0.03793368017953859,0.8485329137332114
36,1226.4600234927802,,,mixed ring-site C-H in-plane bending / O-H bending,nu(C3-C4),bond,1.167553717618095,-,-0.06101882125887175,0.32204356991514493
36,1226.4600234927802,,,mixed ring-site C-H in-plane bending / O-H bending,nu(C3-C8),bond,1.1172342774274644,+,0.05895509743084549,0.33011626112312614
36,1226.4600234927802,,,mixed ring-site C-H in-plane bending / O-H bending,"gamma(H16;C4,C3,H15)",oop,1.0273460362000968,+,0.07947072735007644,0.16705818655223026
36,1226.4600234927802,,,mixed ring-site C-H in-plane bending / O-H bending,nu(C6-C7),bond,0.9575068717620927,-,-0.0547170596915571,0.32844434189084687
36,1226.4600234927802,,,mixed ring-site C-H in-plane bending / O-H bending,delta(C3-C4-H15),angle,0.8782698169637739,-,-0.06267233469236584,0.22963685996427452
36,1226.4600234927802,,,mixed ring-site C-H in-plane bending / O-H bending,delta(C1-C2-H14),angle,0.6903607182068854,-,-0.0401942579445561,0.43884729955830637
36,1226.4600234927802,,,mixed ring-site C-H in-plane bending / O-H bending,tau(C3-N5-C6-H18),dihedral,0.5942712763558514,-,-0.0564532753255424,0.19150135016784978
36,1226.4600234927802,,,mixed ring-site C-H in-plane bending / O-H bending,delta(N5-C6-C7),angle,0.5379812968232771,-,-0.02167311852327026,1.1762232354515754
36,1226.4600234927802,,,mixed ring-site C-H in-plane bending / O-H bending,tau(C6-C7-C8-O9),dihedral,0.5314545621829886,-,-0.03984675554927054,0.3437522879047999
36,1226.4600234927802,,,mixed ring-site C-H in-plane bending / O-H bending,nu(C2-C3),bond,0.4644822438576791,-,-0.04070363661087614,0.2879175118810551
36,1226.4600234927802,,,mixed ring-site C-H in-plane bending / O-H bending,delta(C1-C2-C3),angle,0.4323448086966081,+,0.03336374989688941,0.39888336380392314
36,1226.4600234927802,,,mixed ring-site C-H in-plane bending / O-H bending,delta(C3-C2-H14),angle,0.3540470751130021,-,-0.02429516264130606,0.6160086042110487
36,1226.4600234927802,,,mixed ring-site C-H in-plane bending / O-H bending,delta(C2-C1-H12),angle,0.3461893801653104,+,0.030368547136396987,0.38550596241050855
36,1226.4600234927802,,,mixed ring-site C-H in-plane bending / O-H bending,tau(C3-N5-C6-H17),dihedral,0.32432741108041285,-,-0.040292622098013806,0.20516250023230395
36,1226.4600234927802,,,mixed ring-site C-H in-plane bending / O-H bending,delta(C2-C3-C8),angle,0.30238715021917223,-,-0.018299940120026573,0.9273194814098629
36,1226.4600234927802,,,mixed ring-site C-H in-plane bending / O-H bending,tau(N5-C6-C7-H19),dihedral,0.2976567148768427,+,0.03756008512793083,0.21668454548083232
36,1226.4600234927802,,,mixed ring-site C-H in-plane bending / O-H bending,tau(H21-C8-O9-H22),dihedral,0.26333742688838413,+,0.18797320511417182,0.007653958151576438
36,1226.4600234927802,,,mixed ring-site C-H in-plane bending / O-H bending,"gamma(C3;C2,H13,H14)",oop,0.2492431160596547,+,0.020503702660280752,0.6088691511213071
36,1226.4600234927802,,,mixed ring-site C-H in-plane bending / O-H bending,delta(C2-C1-H11),angle,0.23314442247682826,+,0.025097238143725005,0.38013561079786046
36,1226.4600234927802,,,mixed ring-site C-H in-plane bending / O-H bending,delta(H13-C2-H14),angle,0.23097950530070097,-,-0.015327639068391767,1.009690582029088
36,1226.4600234927802,,,mixed ring-site C-H in-plane bending / O-H bending,tau(N5-C3-C8-O9),dihedral,0.2195077923038696,-,-0.01934258456682129,0.6025406091278427
36,1226.4600234927802,,,mixed ring-site C-H in-plane bending / O-H bending,tau(C4-C3-N5-C6),dihedral,0.21866612331113805,+,0.019148745225992556,0.6124438142435374
36,1226.4600234927802,,,mixed ring-site C-H in-plane bending / O-H bending,tau(H13-C2-C3-C4),dihedral,0.16057146558379806,-,-0.015087152094666505,0.7244680264882472
36,1226.4600234927802,,,mixed ring-site C-H in-plane bending / O-H bending,delta(H10-C1-H11),angle,0.043112939072900654,-,-0.014609027180737064,0.20745811382014626
36,1226.4600234927802,,,mixed ring-site C-H in-plane bending / O-H bending,delta(H15-C4-H16),angle,0.029373745177943524,+,0.011135430827405268,0.24328238400212834
36,1226.4600234927802,,,mixed ring-site C-H in-plane bending / O-H bending,nu(O9-H22),bond,0.0246896644294099,-,-0.006977935372936336,0.5207468965628298
36,1226.4600234927802,,,mixed ring-site C-H in-plane bending / O-H bending,"gamma(H12;C1,H10,H11)",oop,0.01890010399301719,-,-0.008051597442335023,0.2994094311841051
36,1226.4600234927802,,,mixed ring-site C-H in-plane bending / O-H bending,tau(H12-C1-C2-C3),dihedral,0.004358574981978212,+,0.005081746781398261,0.17333404380475795
36,1226.4600234927802,,,mixed ring-site C-H in-plane bending / O-H bending,tau(H11-C1-C2-H13),dihedral,0.002287573892079208,-,-0.0036549913845969526,0.17586029811300968
36,1226.4600234927802,,,mixed ring-site C-H in-plane bending / O-H bending,nu(C6-H18),bond,0.0021529956490359526,-,-0.0025765463207796033,0.33306778735766407
36,1226.4600234927802,,,mixed ring-site C-H in-plane bending / O-H bending,delta(H19-C7-H20),angle,0.0018166951690508928,-,-0.0026297335365947135,0.26978882731842474
36,1226.4600234927802,,,mixed ring-site C-H in-plane bending / O-H bending,nu(C1-C2),bond,0.0015290909300456098,+,0.002387201481069233,0.2755627756868186
36,1226.4600234927802,,,mixed ring-site C-H in-plane bending / O-H bending,nu(C4-H16),bond,0.0011485593604716568,-,-0.001835492575149334,0.3501172997314638
36,1226.4600234927802,,,mixed ring-site C-H in-plane bending / O-H bending,nu(C6-H17),bond,0.0011281518045149121,-,-0.0018711753157025798,0.33090548953252324
36,1226.4600234927802,,,mixed ring-site C-H in-plane bending / O-H bending,nu(C7-H19),bond,0.0006237250702777796,-,-0.001382944694275536,0.3349260785391822
36,1226.4600234927802,,,mixed ring-site C-H in-plane bending / O-H bending,nu(C2-H14),bond,0.0005134820831967922,+,0.001260292994561875,0.33200730465984796
36,1226.4600234927802,,,mixed ring-site C-H in-plane bending / O-H bending,nu(C1-H10),bond,0.0004646315113077106,+,0.0011854385392017254,0.33955956196528847
36,1226.4600234927802,,,mixed ring-site C-H in-plane bending / O-H bending,nu(C4-H15),bond,0.0002756229015333074,-,-0.0008990869757554058,0.3501686615835324
36,1226.4600234927802,,,mixed ring-site C-H in-plane bending / O-H bending,nu(C2-H13),bond,0.0002589447503404108,+,0.0009069798297264356,0.32327881233108835
36,1226.4600234927802,,,mixed ring-site C-H in-plane bending / O-H bending,nu(C1-H12),bond,0.0002393028749802765,-,-0.0008574463524544422,0.33427153116902686
36,1226.4600234927802,,,mixed ring-site C-H in-plane bending / O-H bending,nu(C7-C8),bond,0.00015870121683514435,-,-0.000787700771438292,0.2626776389289826
36,1226.4600234927802,,,mixed ring-site C-H in-plane bending / O-H bending,nu(C1-H11),bond,0.00015704950466391112,-,-0.0006947082968001228,0.3341927227283412
36,1226.4600234927802,,,mixed ring-site C-H in-plane bending / O-H bending,tau(C2-C3-C4-H16),dihedral,0.00015011083386954997,+,0.0007951301140481633,0.24383779514721982
36,1226.4600234927802,,,mixed ring-site C-H in-plane bending / O-H bending,nu(C8-H21),bond,0.00012494726591773562,+,0.0006382590816008793,0.31499099646613576
36,1226.4600234927802,,,mixed ring-site C-H in-plane bending / O-H bending,nu(C7-H20),bond,4.1008030737773144e-05,+,0.00035477485002554065,0.33460209280992387
37,1239.9352400641776,,,mixed ring-site C-H in-plane bending / C-H bending,delta(C3-C8-H21),angle,22.182801202858748,+,0.1818249601666318,0.7019010077438758
37,1239.9352400641776,,,mixed ring-site C-H in-plane bending / C-H bending,delta(N5-C6-H18),angle,17.057266774291307,-,-0.27871583855101306,0.2296955728995778
37,1239.9352400641776,,,mixed ring-site C-H in-plane bending / C-H bending,delta(O9-C8-H21),angle,14.867872352473006,-,-0.13140546750351517,0.9007171530836973
37,1239.9352400641776,,,mixed ring-site C-H in-plane bending / C-H bending,"gamma(C8;C7,H19,H20)",oop,7.103309878829735,+,0.1869131826991578,0.21269014963965546
37,1239.9352400641776,,,mixed ring-site C-H in-plane bending / C-H bending,delta(N5-C6-H17),angle,6.383461984674464,+,0.16306540988620405,0.251130270498446
37,1239.9352400641776,,,mixed ring-site C-H in-plane bending / C-H bending,delta(C7-C8-H21),angle,4.652424293393945,-,-0.07567417297337989,0.8498659491447228
37,1239.9352400641776,,,mixed ring-site C-H in-plane bending / C-H bending,tau(C8-C3-C4-N5),dihedral,3.438288160392746,-,-0.05483927804694959,1.195983795278429
37,1239.9352400641776,,,mixed ring-site C-H in-plane bending / C-H bending,delta(C6-C7-H20),angle,2.7466085226526857,+,0.09244919601981823,0.33616846176778953
37,1239.9352400641776,,,mixed ring-site C-H in-plane bending / C-H bending,delta(C8-O9-H22),angle,2.717495290269619,-,-0.12801476536635695,0.17346631468839127
37,1239.9352400641776,,,mixed ring-site C-H in-plane bending / C-H bending,tau(C3-N5-C6-H18),dihedral,2.368763244183057,-,-0.11375176607742875,0.19150135016784978
37,1239.9352400641776,,,mixed ring-site C-H in-plane bending / C-H bending,nu(C3-N5),bond,2.2840643376550167,+,0.08583731186545522,0.3242818163336834
37,1239.9352400641776,,,mixed ring-site C-H in-plane bending / C-H bending,nu(C6-C7),bond,1.5069453716812558,-,-0.06927891902017196,0.32844434189084687
37,1239.9352400641776,,,mixed ring-site C-H in-plane bending / C-H bending,tau(H13-C2-C3-C4),dihedral,1.4751578464755475,-,-0.046152249709043906,0.7244680264882472
37,1239.9352400641776,,,mixed ring-site C-H in-plane bending / C-H bending,"gamma(C3;C2,H13,H14)",oop,1.3684285874397284,+,0.04848778265489096,0.6088691511213071
37,1239.9352400641776,,,mixed ring-site C-H in-plane bending / C-H bending,nu(C2-C3),bond,1.344553890692164,-,-0.0698937443386455,0.2879175118810551
37,1239.9352400641776,,,mixed ring-site C-H in-plane bending / C-H bending,tau(C2-C3-N5-C6),dihedral,1.2946902985353572,+,0.039951385117845385,0.8485329137332114
37,1239.9352400641776,,,mixed ring-site C-H in-plane bending / C-H bending,tau(C2-C3-C4-H16),dihedral,1.2194552241030063,+,0.07232953256151797,0.24383779514721982
37,1239.9352400641776,,,mixed ring-site C-H in-plane bending / C-H bending,delta(N5-C6-C7),angle,0.7974260833380439,+,0.026630761297600846,1.1762232354515754
37,1239.9352400641776,,,mixed ring-site C-H in-plane bending / C-H bending,nu(N5-C6),bond,0.7602072247384826,-,-0.04955411947063689,0.3238463052348426
37,1239.9352400641776,,,mixed ring-site C-H in-plane bending / C-H bending,tau(C4-C3-N5-C6),dihedral,0.7457612332142745,+,0.035690285008537694,0.6124438142435374
37,1239.9352400641776,,,mixed ring-site C-H in-plane bending / C-H bending,nu(C3-C8),bond,0.6569231292207826,+,0.045625439203479654,0.33011626112312614
37,1239.9352400641776,,,mixed ring-site C-H in-plane bending / C-H bending,tau(C3-N5-C6-H17),dihedral,0.41142907459431427,-,-0.0458017148299309,0.20516250023230395
37,1239.9352400641776,,,mixed ring-site C-H in-plane bending / C-H bending,delta(C3-C2-H14),angle,0.370775434158137,-,-0.025092580575133097,0.6160086042110487
37,1239.9352400641776,,,mixed ring-site C-H in-plane bending / C-H bending,nu(C3-C4),bond,0.37049608758606883,+,0.03469107337021191,0.32204356991514493
37,1239.9352400641776,,,mixed ring-site C-H in-plane bending / C-H bending,delta(C2-C3-C8),angle,0.30606087574889385,+,0.018581144338469854,0.9273194814098629
37,1239.9352400641776,,,mixed ring-site C-H in-plane bending / C-H bending,delta(H15-C4-H16),angle,0.2862348902669761,-,-0.035082391783690124,0.24328238400212834
37,1239.9352400641776,,,mixed ring-site C-H in-plane bending / C-H bending,nu(C4-N5),bond,0.24795831928546225,+,0.026862937282249442,0.35944973574991873
37,1239.9352400641776,,,mixed ring-site C-H in-plane bending / C-H bending,"gamma(H16;C4,C3,H15)",oop,0.2422080119797831,-,-0.038944273955699917,0.16705818655223026
37,1239.9352400641776,,,mixed ring-site C-H in-plane bending / C-H bending,delta(C2-C1-H11),angle,0.21488307821631353,+,0.024317284222512003,0.38013561079786046
37,1239.9352400641776,,,mixed ring-site C-H in-plane bending / C-H bending,tau(H21-C8-O9-H22),dihedral,0.17324240346570458,-,-0.1538747282400697,0.007653958151576438
37,1239.9352400641776,,,mixed ring-site C-H in-plane bending / C-H bending,tau(H11-C1-C2-H13),dihedral,0.07859881287716165,-,-0.021622570974285396,0.17586029811300968
37,1239.9352400641776,,,mixed ring-site C-H in-plane bending / C-H bending,nu(C8-O9),bond,0.07612300956276755,-,-0.015889911019966497,0.3153838863168852
37,1239.9352400641776,,,mixed ring-site C-H in-plane bending / C-H bending,tau(N5-C6-C7-H19),dihedral,0.07309727890574452,+,0.018785375344054993,0.21668454548083232
37,1239.9352400641776,,,mixed ring-site C-H in-plane bending / C-H bending,nu(C7-C8),bond,0.03511534121642604,-,-0.011825516949551928,0.2626776389289826
37,1239.9352400641776,,,mixed ring-site C-H in-plane bending / C-H bending,delta(C3-C4-H15),angle,0.031754100635264286,+,0.012027139520744363,0.22963685996427452
37,1239.9352400641776,,,mixed ring-site C-H in-plane bending / C-H bending,tau(C6-C7-C8-O9),dihedral,0.02338778913926997,+,0.008436358499562095,0.3437522879047999
37,1239.9352400641776,,,mixed ring-site C-H in-plane bending / C-H bending,delta(H13-C2-H14),angle,0.012678373201952909,+,0.003624272582079508,1.009690582029088
37,1239.9352400641776,,,mixed ring-site C-H in-plane bending / C-H bending,delta(C1-C2-H14),angle,0.012570556272437293,-,-0.005473987150280604,0.43884729955830637
37,1239.9352400641776,,,mixed ring-site C-H in-plane bending / C-H bending,nu(C4-H15),bond,0.012003279818999386,+,0.005988176155520845,0.3501686615835324
37,1239.9352400641776,,,mixed ring-site C-H in-plane bending / C-H bending,tau(H14-C2-C3-C8),dihedral,0.010198608747461296,-,-0.0037536731975740013,0.7571719090760054
37,1239.9352400641776,,,mixed ring-site C-H in-plane bending / C-H bending,"gamma(H12;C1,H10,H11)",oop,0.007853722393972376,-,-0.005238274772155983,0.2994094311841051
37,1239.9352400641776,,,mixed ring-site C-H in-plane bending / C-H bending,tau(H12-C1-C2-C3),dihedral,0.007671451337297831,+,0.006804247042820347,0.17333404380475795
37,1239.9352400641776,,,mixed ring-site C-H in-plane bending / C-H bending,tau(N5-C3-C8-O9),dihedral,0.00584912166165119,+,0.0031866576358626987,0.6025406091278427
37,1239.9352400641776,,,mixed ring-site C-H in-plane bending / C-H bending,nu(C8-H21),bond,0.003455287918956835,-,-0.003387476500905592,0.31499099646613576
37,1239.9352400641776,,,mixed ring-site C-H in-plane bending / C-H bending,nu(C6-H17),bond,0.0031688432805754355,+,0.0031650577242427133,0.33090548953252324
37,1239.9352400641776,,,mixed ring-site C-H in-plane bending / C-H bending,delta(H19-C7-H20),angle,0.0028194459247280943,+,0.0033063828911897505,0.26978882731842474
37,1239.9352400641776,,,mixed ring-site C-H in-plane bending / C-H bending,nu(O9-H22),bond,0.0021281634208617705,+,0.0020676278933364294,0.5207468965628298
37,1239.9352400641776,,,mixed ring-site C-H in-plane bending / C-H bending,nu(C2-H13),bond,0.0016722611316455122,-,-0.002326197942787579,0.32327881233108835
37,1239.9352400641776,,,mixed ring-site C-H in-plane bending / C-H bending,nu(C4-H16),bond,0.0011556300230152463,+,0.0018581717938886948,0.3501172997314638
37,1239.9352400641776,,,mixed ring-site C-H in-plane bending / C-H bending,delta(C1-C2-C3),angle,0.0010611969226137423,-,-0.0016682389990000687,0.39888336380392314
37,1239.9352400641776,,,mixed ring-site C-H in-plane bending / C-H bending,nu(C1-C2),bond,0.0008728455749562061,+,0.0018202945651415526,0.2755627756868186
37,1239.9352400641776,,,mixed ring-site C-H in-plane bending / C-H bending,nu(C7-H19),bond,0.0005492449139216072,-,-0.0013097601725872224,0.3349260785391822
37,1239.9352400641776,,,mixed ring-site C-H in-plane bending / C-H bending,nu(C6-H18),bond,0.000508402284383215,-,-0.0012636321623109186,0.33306778735766407
37,1239.9352400641776,,,mixed ring-site C-H in-plane bending / C-H bending,nu(C1-H12),bond,0.0002566548789283092,-,-0.000896206949728973,0.33427153116902686
37,1239.9352400641776,,,mixed ring-site C-H in-plane bending / C-H bending,nu(C2-H14),bond,8.414387283501868e-05,+,0.0005148973653070631,0.33200730465984796
37,1239.9352400641776,,,mixed ring-site C-H in-plane bending / C-H bending,delta(C2-C1-H12),angle,8.14184298075719e-05,-,-0.00047003375994374613,0.38550596241050855
37,1239.9352400641776,,,mixed ring-site C-H in-plane bending / C-H bending,nu(C1-H11),bond,6.01091145018902e-05,-,-0.0004337654044209372,0.3341927227283412
37,1239.9352400641776,,,mixed ring-site C-H in-plane bending / C-H bending,delta(H10-C1-H11),angle,1.77148781498539e-05,+,0.0002988732957536079,0.20745811382014626
37,1239.9352400641776,,,mixed ring-site C-H in-plane bending / C-H bending,nu(C7-H20),bond,9.731324175976745e-06,-,-0.00017442345473601303,0.33460209280992387
37,1239.9352400641776,,,mixed ring-site C-H in-plane bending / C-H bending,nu(C1-H10),bond,4.353920952186376e-06,+,0.00011581519109946538,0.33955956196528847
38,1253.9435552079403,,,mixed C-C torsion / ring-site C-H in-plane bending / C-H bending,tau(H13-C2-C3-C4),dihedral,15.665319478950734,-,-0.155453883234683,0.7244680264882472
38,1253.9435552079403,,,mixed C-C torsion / ring-site C-H in-plane bending / C-H bending,delta(C1-C2-H14),angle,10.819384919798384,-,-0.1659916069889692,0.43884729955830637
38,1253.9435552079403,,,mixed C-C torsion / ring-site C-H in-plane bending / C-H bending,tau(H14-C2-C3-C8),dihedral,10.548644763390733,-,-0.12477932890624022,0.7571719090760054
38,1253.9435552079403,,,mixed C-C torsion / ring-site C-H in-plane bending / C-H bending,delta(C2-C1-H11),angle,7.253605571857973,+,0.1460324087646056,0.38013561079786046
38,1253.9435552079403,,,mixed C-C torsion / ring-site C-H in-plane bending / C-H bending,delta(C3-C8-H21),angle,7.100672612725337,+,0.10632940172826548,0.7019010077438758
38,1253.9435552079403,,,mixed C-C torsion / ring-site C-H in-plane bending / C-H bending,delta(C7-C8-H21),angle,6.157940686072813,-,-0.08998789538803358,0.8498659491447228
38,1253.9435552079403,,,mixed C-C torsion / ring-site C-H in-plane bending / C-H bending,"gamma(C8;C7,H19,H20)",oop,5.95475196156241,-,-0.17688854444201912,0.21269014963965546
38,1253.9435552079403,,,mixed C-C torsion / ring-site C-H in-plane bending / C-H bending,nu(C3-C8),bond,4.810972653618348,+,0.12762170544482446,0.33011626112312614
38,1253.9435552079403,,,mixed C-C torsion / ring-site C-H in-plane bending / C-H bending,"gamma(C3;C2,H13,H14)",oop,4.578335133106796,+,0.09167129429359416,0.6088691511213071
38,1253.9435552079403,,,mixed C-C torsion / ring-site C-H in-plane bending / C-H bending,delta(C3-C4-H15),angle,3.2453370538896915,-,-0.12567551192085938,0.22963685996427452
38,1253.9435552079403,,,mixed C-C torsion / ring-site C-H in-plane bending / C-H bending,delta(N5-C6-H18),angle,2.9948687750525567,+,0.12071302830832334,0.2296955728995778
38,1253.9435552079403,,,mixed C-C torsion / ring-site C-H in-plane bending / C-H bending,nu(C2-C3),bond,2.6429400859736134,-,-0.10128640978372339,0.2879175118810551
38,1253.9435552079403,,,mixed C-C torsion / ring-site C-H in-plane bending / C-H bending,tau(C2-C3-N5-C6),dihedral,2.531809536540193,+,0.05774610921343597,0.8485329137332114
38,1253.9435552079403,,,mixed C-C torsion / ring-site C-H in-plane bending / C-H bending,delta(C2-C3-C8),angle,2.2639795382691466,-,-0.05223518239005621,0.9273194814098629
38,1253.9435552079403,,,mixed C-C torsion / ring-site C-H in-plane bending / C-H bending,delta(N5-C6-H17),angle,1.8361597760669182,-,-0.09039559360729622,0.251130270498446
38,1253.9435552079403,,,mixed C-C torsion / ring-site C-H in-plane bending / C-H bending,delta(N5-C6-C7),angle,1.4340525331771201,-,-0.036912988886785285,1.1762232354515754
38,1253.9435552079403,,,mixed C-C torsion / ring-site C-H in-plane bending / C-H bending,tau(N5-C6-C7-H19),dihedral,1.417103655234978,+,0.08549257519558523,0.21668454548083232
38,1253.9435552079403,,,mixed C-C torsion / ring-site C-H in-plane bending / C-H bending,nu(C6-C7),bond,1.3012888469481223,+,0.06654225588726358,0.32844434189084687
38,1253.9435552079403,,,mixed C-C torsion / ring-site C-H in-plane bending / C-H bending,nu(C3-N5),bond,0.8962473059677262,-,-0.05557688374678842,0.3242818163336834
38,1253.9435552079403,,,mixed C-C torsion / ring-site C-H in-plane bending / C-H bending,tau(H11-C1-C2-H13),dihedral,0.8458134714146103,-,-0.0733153572384728,0.17586029811300968
38,1253.9435552079403,,,mixed C-C torsion / ring-site C-H in-plane bending / C-H bending,tau(C4-C3-N5-C6),dihedral,0.8247253234225024,-,-0.03879386920935763,0.6124438142435374
38,1253.9435552079403,,,mixed C-C torsion / ring-site C-H in-plane bending / C-H bending,tau(C8-C3-C4-N5),dihedral,0.8197628856992146,-,-0.027677256394269708,1.195983795278429
38,1253.9435552079403,,,mixed C-C torsion / ring-site C-H in-plane bending / C-H bending,delta(C6-C7-H20),angle,0.7152508032373243,-,-0.04876320612461728,0.33616846176778953
38,1253.9435552079403,,,mixed C-C torsion / ring-site C-H in-plane bending / C-H bending,nu(C3-C4),bond,0.7073471924559243,-,-0.04954508291393483,0.32204356991514493
38,1253.9435552079403,,,mixed C-C torsion / ring-site C-H in-plane bending / C-H bending,tau(H12-C1-C2-C3),dihedral,0.3309646766985201,+,0.04619451868910113,0.17333404380475795
38,1253.9435552079403,,,mixed C-C torsion / ring-site C-H in-plane bending / C-H bending,nu(C7-C8),bond,0.2862668902405163,-,-0.034899207638582695,0.2626776389289826
38,1253.9435552079403,,,mixed C-C torsion / ring-site C-H in-plane bending / C-H bending,delta(C1-C2-C3),angle,0.2742987617452835,+,0.027722380517259795,0.39888336380392314
38,1253.9435552079403,,,mixed C-C torsion / ring-site C-H in-plane bending / C-H bending,delta(C2-C1-H12),angle,0.21084692933483454,+,0.024723482761669018,0.38550596241050855
38,1253.9435552079403,,,mixed C-C torsion / ring-site C-H in-plane bending / C-H bending,tau(C2-C3-C4-H16),dihedral,0.18566204429659247,-,-0.029171086920706118,0.24383779514721982
38,1253.9435552079403,,,mixed C-C torsion / ring-site C-H in-plane bending / C-H bending,delta(O9-C8-H21),angle,0.17991972532274408,-,-0.014941243087532788,0.9007171530836973
38,1253.9435552079403,,,mixed C-C torsion / ring-site C-H in-plane bending / C-H bending,delta(C8-O9-H22),angle,0.16439360516612297,-,-0.0325444129885332,0.17346631468839127
38,1253.9435552079403,,,mixed C-C torsion / ring-site C-H in-plane bending / C-H bending,delta(C3-C2-H14),angle,0.16325520749624012,-,-0.0172100325245203,0.6160086042110487
38,1253.9435552079403,,,mixed C-C torsion / ring-site C-H in-plane bending / C-H bending,nu(C4-N5),bond,0.15418663180206432,-,-0.02189504463979408,0.35944973574991873
38,1253.9435552079403,,,mixed C-C torsion / ring-site C-H in-plane bending / C-H bending,tau(H21-C8-O9-H22),dihedral,0.11654504401048649,-,-0.13045040207618308,0.007653958151576438
38,1253.9435552079403,,,mixed C-C torsion / ring-site C-H in-plane bending / C-H bending,delta(H15-C4-H16),angle,0.11018422040619309,+,0.02249810445176904,0.24328238400212834
38,1253.9435552079403,,,mixed C-C torsion / ring-site C-H in-plane bending / C-H bending,delta(H13-C2-H14),angle,0.09131607638175569,-,-0.010053586693854328,1.009690582029088
38,1253.9435552079403,,,mixed C-C torsion / ring-site C-H in-plane bending / C-H bending,tau(C3-N5-C6-H18),dihedral,0.07579714598200789,+,0.021032072255310466,0.19150135016784978
38,1253.9435552079403,,,mixed C-C torsion / ring-site C-H in-plane bending / C-H bending,"gamma(H16;C4,C3,H15)",oop,0.07403818613015496,+,0.022255408101268002,0.16705818655223026
38,1253.9435552079403,,,mixed C-C torsion / ring-site C-H in-plane bending / C-H bending,nu(C8-O9),bond,0.0396480804585833,-,-0.011853125736980337,0.3153838863168852
38,1253.9435552079403,,,mixed C-C torsion / ring-site C-H in-plane bending / C-H bending,"gamma(H12;C1,H10,H11)",oop,0.036322013621396886,-,-0.011643774310622433,0.2994094311841051
38,1253.9435552079403,,,mixed C-C torsion / ring-site C-H in-plane bending / C-H bending,delta(H10-C1-H11),angle,0.03237280754812412,-,-0.013205855133610918,0.20745811382014626
38,1253.9435552079403,,,mixed C-C torsion / ring-site C-H in-plane bending / C-H bending,tau(C3-N5-C6-H17),dihedral,0.031101938753378088,+,0.013016262486428593,0.20516250023230395
38,1253.9435552079403,,,mixed C-C torsion / ring-site C-H in-plane bending / C-H bending,nu(N5-C6),bond,0.023774754450864834,+,0.009057953887243368,0.3238463052348426
38,1253.9435552079403,,,mixed C-C torsion / ring-site C-H in-plane bending / C-H bending,delta(H19-C7-H20),angle,0.022843461573457305,-,-0.009727708229306006,0.26978882731842474
38,1253.9435552079403,,,mixed C-C torsion / ring-site C-H in-plane bending / C-H bending,tau(C6-C7-C8-O9),dihedral,0.0051349281596453755,+,0.004085883183753618,0.3437522879047999
38,1253.9435552079403,,,mixed C-C torsion / ring-site C-H in-plane bending / C-H bending,nu(C1-C2),bond,0.004573783031788127,-,-0.004306942391188778,0.2755627756868186
38,1253.9435552079403,,,mixed C-C torsion / ring-site C-H in-plane bending / C-H bending,nu(C1-H11),bond,0.00418361955664594,-,-0.0037404095446274387,0.3341927227283412
38,1253.9435552079403,,,mixed C-C torsion / ring-site C-H in-plane bending / C-H bending,nu(C2-H13),bond,0.002968966616491895,-,-0.003203727689598752,0.32327881233108835
38,1253.9435552079403,,,mixed C-C torsion / ring-site C-H in-plane bending / C-H bending,nu(C4-H16),bond,0.0022622744015536153,-,-0.0026872459319863297,0.3501172997314638
38,1253.9435552079403,,,mixed C-C torsion / ring-site C-H in-plane bending / C-H bending,tau(N5-C3-C8-O9),dihedral,0.002025277304062688,-,-0.0019381645483337708,0.6025406091278427
38,1253.9435552079403,,,mixed C-C torsion / ring-site C-H in-plane bending / C-H bending,nu(C1-H10),bond,0.0020085618662283745,+,0.0025711427112275146,0.33955956196528847
38,1253.9435552079403,,,mixed C-C torsion / ring-site C-H in-plane bending / C-H bending,nu(C6-H18),bond,0.0016303230024446037,+,0.0023389022447247512,0.33306778735766407
38,1253.9435552079403,,,mixed C-C torsion / ring-site C-H in-plane bending / C-H bending,nu(C1-H12),bond,0.001592159099050395,-,-0.00230719921261839,0.33427153116902686
38,1253.9435552079403,,,mixed C-C torsion / ring-site C-H in-plane bending / C-H bending,nu(C7-H19),bond,0.0011123989835287206,+,0.001926625783336856,0.3349260785391822
38,1253.9435552079403,,,mixed C-C torsion / ring-site C-H in-plane bending / C-H bending,nu(C7-H20),bond,0.0010932124727591626,+,0.0019108628673783694,0.33460209280992387
38,1253.9435552079403,,,mixed C-C torsion / ring-site C-H in-plane bending / C-H bending,nu(C2-H14),bond,0.0007703277765017273,+,0.0016102952731612385,0.33200730465984796
38,1253.9435552079403,,,mixed C-C torsion / ring-site C-H in-plane bending / C-H bending,nu(C4-H15),bond,0.00043520653247163937,-,-0.0011785570856884043,0.3501686615835324
38,1253.9435552079403,,,mixed C-C torsion / ring-site C-H in-plane bending / C-H bending,nu(C6-H17),bond,0.00011540090002469071,+,0.0006243012013095307,0.33090548953252324
38,1253.9435552079403,,,mixed C-C torsion / ring-site C-H in-plane bending / C-H bending,nu(O9-H22),bond,2.2582125763571396e-05,+,0.0002201459115080948,0.5207468965628298
38,1253.9435552079403,,,mixed C-C torsion / ring-site C-H in-plane bending / C-H bending,nu(C8-H21),bond,1.821231852686528e-05,-,-0.00025419974298999953,0.31499099646613576
39,1295.8898312114247,,,mixed C-H bending / C-C out-of-plane bending,delta(C3-C2-H14),angle,20.68864349415446,-,-0.2396470293738375,0.6160086042110487
39,1295.8898312114247,,,mixed C-H bending / C-C out-of-plane bending,delta(C1-C2-H14),angle,18.672026901144363,+,0.26973571133843166,0.43884729955830637
39,1295.8898312114247,,,mixed C-H bending / C-C out-of-plane bending,delta(C7-C8-H21),angle,10.43150944248577,-,-0.1448764495572081,0.8498659491447228
39,1295.8898312114247,,,mixed C-H bending / C-C out-of-plane bending,"gamma(C3;C2,H13,H14)",oop,10.187938703312176,+,0.16915335163848833,0.6088691511213071
39,1295.8898312114247,,,mixed C-H bending / C-C out-of-plane bending,tau(H14-C2-C3-C8),dihedral,7.938532173720196,+,0.13389744471178977,0.7571719090760054
39,1295.8898312114247,,,mixed C-H bending / C-C out-of-plane bending,"gamma(C8;C7,H19,H20)",oop,6.64321361841329,-,-0.2311079320873293,0.21269014963965546
39,1295.8898312114247,,,mixed C-H bending / C-C out-of-plane bending,nu(C2-C3),bond,2.7697911918909566,-,-0.12825931192808643,0.2879175118810551
39,1295.8898312114247,,,mixed C-H bending / C-C out-of-plane bending,delta(C2-C1-H11),angle,2.5792067404681354,-,-0.10771426707881997,0.38013561079786046
39,1295.8898312114247,,,mixed C-H bending / C-C out-of-plane bending,delta(C8-O9-H22),angle,2.3167385471455604,+,0.15112293080779657,0.17346631468839127
39,1295.8898312114247,,,mixed C-H bending / C-C out-of-plane bending,tau(H13-C2-C3-C4),dihedral,2.0660907018843484,+,0.06983361288739295,0.7244680264882472
39,1295.8898312114247,,,mixed C-H bending / C-C out-of-plane bending,delta(C6-C7-H20),angle,1.9586694956592683,-,-0.09981631381651383,0.33616846176778953
39,1295.8898312114247,,,mixed C-H bending / C-C out-of-plane bending,delta(O9-C8-H21),angle,1.8602083928489288,+,0.059427302052901115,0.9007171530836973
39,1295.8898312114247,,,mixed C-H bending / C-C out-of-plane bending,tau(N5-C6-C7-H19),dihedral,1.578073421321253,+,0.11159611225058377,0.21668454548083232
39,1295.8898312114247,,,mixed C-H bending / C-C out-of-plane bending,nu(C3-C4),bond,1.547301150996654,+,0.090642012457243,0.32204356991514493
39,1295.8898312114247,,,mixed C-H bending / C-C out-of-plane bending,delta(C3-C4-H15),angle,1.2270875622465511,-,-0.09559086868648262,0.22963685996427452
39,1295.8898312114247,,,mixed C-H bending / C-C out-of-plane bending,tau(C8-C3-C4-N5),dihedral,0.9244846047635024,-,-0.03635688153675624,1.195983795278429
39,1295.8898312114247,,,mixed C-H bending / C-C out-of-plane bending,nu(C4-N5),bond,0.8896654074585649,+,0.06505695001831387,0.35944973574991873
39,1295.8898312114247,,,mixed C-H bending / C-C out-of-plane bending,nu(C6-C7),bond,0.832932369832598,+,0.06585267313910359,0.32844434189084687
39,1295.8898312114247,,,mixed C-H bending / C-C out-of-plane bending,nu(C3-N5),bond,0.6788848353771466,+,0.05983236733255073,0.3242818163336834
39,1295.8898312114247,,,mixed C-H bending / C-C out-of-plane bending,delta(C2-C3-C8),angle,0.5106729917132955,+,0.03068712370818421,0.9273194814098629
39,1295.8898312114247,,,mixed C-H bending / C-C out-of-plane bending,tau(H12-C1-C2-C3),dihedral,0.4969407713398786,-,-0.07001801774708126,0.17333404380475795
39,1295.8898312114247,,,mixed C-H bending / C-C out-of-plane bending,tau(H11-C1-C2-H13),dihedral,0.42509734854463826,+,0.06429241311991318,0.17586029811300968
39,1295.8898312114247,,,mixed C-H bending / C-C out-of-plane bending,"gamma(H12;C1,H10,H11)",oop,0.33878674651443175,-,-0.043987562721891485,0.2994094311841051
39,1295.8898312114247,,,mixed C-H bending / C-C out-of-plane bending,nu(N5-C6),bond,0.33601541673826407,-,-0.042122055855886846,0.3238463052348426
39,1295.8898312114247,,,mixed C-H bending / C-C out-of-plane bending,tau(C4-C3-N5-C6),dihedral,0.3166232646300713,-,-0.029732930524222732,0.6124438142435374
39,1295.8898312114247,,,mixed C-H bending / C-C out-of-plane bending,tau(C3-N5-C6-H18),dihedral,0.25869709413148895,-,-0.048062824151392146,0.19150135016784978
39,1295.8898312114247,,,mixed C-H bending / C-C out-of-plane bending,nu(C3-C8),bond,0.24116404657209442,+,0.035344533462582754,0.33011626112312614
39,1295.8898312114247,,,mixed C-H bending / C-C out-of-plane bending,delta(C3-C8-H21),angle,0.18753580496052438,+,0.021374875636488117,0.7019010077438758
39,1295.8898312114247,,,mixed C-H bending / C-C out-of-plane bending,delta(C2-C1-H12),angle,0.14951148170329914,-,-0.025752604261864827,0.38550596241050855
39,1295.8898312114247,,,mixed C-H bending / C-C out-of-plane bending,delta(N5-C6-H17),angle,0.12399648653390642,-,-0.02905725526461952,0.251130270498446
39,1295.8898312114247,,,mixed C-H bending / C-C out-of-plane bending,tau(N5-C3-C8-O9),dihedral,0.08171428667489064,-,-0.015228434755456072,0.6025406091278427
39,1295.8898312114247,,,mixed C-H bending / C-C out-of-plane bending,delta(N5-C6-H18),angle,0.08044248926232109,+,0.024471797445631913,0.2296955728995778
39,1295.8898312114247,,,mixed C-H bending / C-C out-of-plane bending,nu(C7-C8),bond,0.07753289878249207,-,-0.02246626565234033,0.2626776389289826
39,1295.8898312114247,,,mixed C-H bending / C-C out-of-plane bending,delta(H15-C4-H16),angle,0.06731220299357397,-,-0.02175158966239307,0.24328238400212834
39,1295.8898312114247,,,mixed C-H bending / C-C out-of-plane bending,tau(H21-C8-O9-H22),dihedral,0.06485788433146317,-,-0.12037540972139435,0.007653958151576438
39,1295.8898312114247,,,mixed C-H bending / C-C out-of-plane bending,"gamma(H16;C4,C3,H15)",oop,0.06365046613491337,-,-0.025525034865204473,0.16705818655223026
39,1295.8898312114247,,,mixed C-H bending / C-C out-of-plane bending,nu(C8-O9),bond,0.06173602574477359,-,-0.018295699352910658,0.3153838863168852
39,1295.8898312114247,,,mixed C-H bending / C-C out-of-plane bending,delta(C1-C2-C3),angle,0.057944248476821426,+,0.015760922610694037,0.39888336380392314
39,1295.8898312114247,,,mixed C-H bending / C-C out-of-plane bending,tau(C3-N5-C6-H17),dihedral,0.0534805704863664,-,-0.021112927445530064,0.20516250023230395
39,1295.8898312114247,,,mixed C-H bending / C-C out-of-plane bending,tau(C2-C3-C4-H16),dihedral,0.04683064508367617,-,-0.01812232813826558,0.24383779514721982
39,1295.8898312114247,,,mixed C-H bending / C-C out-of-plane bending,tau(C6-C7-C8-O9),dihedral,0.04527028636643767,-,-0.015006632711362036,0.3437522879047999
39,1295.8898312114247,,,mixed C-H bending / C-C out-of-plane bending,delta(H10-C1-H11),angle,0.03759238869172609,+,0.017602898298448556,0.20745811382014626
39,1295.8898312114247,,,mixed C-H bending / C-C out-of-plane bending,delta(N5-C6-C7),angle,0.033011892259753116,-,-0.006927711021100839,1.1762232354515754
39,1295.8898312114247,,,mixed C-H bending / C-C out-of-plane bending,tau(C2-C3-N5-C6),dihedral,0.018352021224937926,-,-0.006081448538953791,0.8485329137332114
39,1295.8898312114247,,,mixed C-H bending / C-C out-of-plane bending,delta(H13-C2-H14),angle,0.009827586179522771,-,-0.004079704512528634,1.009690582029088
39,1295.8898312114247,,,mixed C-H bending / C-C out-of-plane bending,nu(C1-C2),bond,0.0054098233157256845,-,-0.005794029424886479,0.2755627756868186
39,1295.8898312114247,,,mixed C-H bending / C-C out-of-plane bending,nu(O9-H22),bond,0.003664647859224588,-,-0.0034689833104602657,0.5207468965628298
39,1295.8898312114247,,,mixed C-H bending / C-C out-of-plane bending,nu(C4-H15),bond,0.003446256891101187,+,0.004102368008485849,0.3501686615835324
39,1295.8898312114247,,,mixed C-H bending / C-C out-of-plane bending,delta(H19-C7-H20),angle,0.0023045379715157487,-,-0.003821900576448154,0.26978882731842474
39,1295.8898312114247,,,mixed C-H bending / C-C out-of-plane bending,nu(C6-H17),bond,0.002242355371647347,+,0.00340407927747997,0.33090548953252324
39,1295.8898312114247,,,mixed C-H bending / C-C out-of-plane bending,nu(C6-H18),bond,0.0018561160824337535,+,0.003086993265166298,0.33306778735766407
39,1295.8898312114247,,,mixed C-H bending / C-C out-of-plane bending,nu(C1-H12),bond,0.0012953202327648883,-,-0.00257417643536267,0.33427153116902686
39,1295.8898312114247,,,mixed C-H bending / C-C out-of-plane bending,nu(C4-H16),bond,0.001224321877635577,+,0.0024453467511690746,0.3501172997314638
39,1295.8898312114247,,,mixed C-H bending / C-C out-of-plane bending,nu(C2-H14),bond,0.001112611710973918,+,0.0023938527079416538,0.33200730465984796
39,1295.8898312114247,,,mixed C-H bending / C-C out-of-plane bending,nu(C1-H10),bond,0.0009226117780644543,-,-0.002155514486858503,0.33955956196528847
39,1295.8898312114247,,,mixed C-H bending / C-C out-of-plane bending,nu(C7-H19),bond,0.0005054639985524244,+,0.001606460542979264,0.3349260785391822
39,1295.8898312114247,,,mixed C-H bending / C-C out-of-plane bending,nu(C8-H21),bond,0.00032323573105242503,+,0.0013246771412599452,0.31499099646613576
39,1295.8898312114247,,,mixed C-H bending / C-C out-of-plane bending,nu(C7-H20),bond,9.528438789653846e-05,+,0.0006978241236007685,0.33460209280992387
39,1295.8898312114247,,,mixed C-H bending / C-C out-of-plane bending,nu(C1-H11),bond,9.350192512380583e-07,+,6.916895479556382e-05,0.3341927227283412
39,1295.8898312114247,,,mixed C-H bending / C-C out-of-plane bending,nu(C2-H13),bond,3.7657288663662676e-07,-,-4.4630868062699594e-05,0.32327881233108835
40,1311.958705093185,,,mixed ring-site C-H in-plane bending / C-C out-of-plane bending,"gamma(C8;C7,H19,H20)",oop,32.9633290687011,-,-0.4366268468847756,0.21269014963965546
40,1311.958705093185,,,mixed ring-site C-H in-plane bending / C-C out-of-plane bending,delta(C6-C7-H20),angle,27.05802266018607,-,-0.31465753469575536,0.33616846176778953
40,1311.958705093185,,,mixed ring-site C-H in-plane bending / C-C out-of-plane bending,delta(O9-C8-H21),angle,7.945922571099895,+,0.10417092936146517,0.9007171530836973
40,1311.958705093185,,,mixed ring-site C-H in-plane bending / C-C out-of-plane bending,delta(N5-C6-H18),angle,5.915556319192085,-,-0.17798773457532857,0.2296955728995778
40,1311.958705093185,,,mixed ring-site C-H in-plane bending / C-C out-of-plane bending,tau(N5-C6-C7-H19),dihedral,2.9239879878381565,+,0.12883753720237082,0.21668454548083232
40,1311.958705093185,,,mixed ring-site C-H in-plane bending / C-C out-of-plane bending,nu(C7-C8),bond,2.5991838691923097,-,-0.11032540759585324,0.2626776389289826
40,1311.958705093185,,,mixed ring-site C-H in-plane bending / C-C out-of-plane bending,tau(C3-N5-C6-H18),dihedral,2.200944827720573,-,-0.11890147685083911,0.19150135016784978
40,1311.958705093185,,,mixed ring-site C-H in-plane bending / C-C out-of-plane bending,"gamma(C3;C2,H13,H14)",oop,1.8276077346472759,-,-0.06076424405923404,0.6088691511213071
40,1311.958705093185,,,mixed ring-site C-H in-plane bending / C-C out-of-plane bending,delta(N5-C6-C7),angle,1.7442171070666237,-,-0.0427094505911354,1.1762232354515754
40,1311.958705093185,,,mixed ring-site C-H in-plane bending / C-C out-of-plane bending,delta(C8-O9-H22),angle,1.729185953648802,-,-0.11073422350773689,0.17346631468839127
40,1311.958705093185,,,mixed ring-site C-H in-plane bending / C-C out-of-plane bending,delta(N5-C6-H17),angle,1.6791724266123502,+,0.09069152525349615,0.251130270498446
40,1311.958705093185,,,mixed ring-site C-H in-plane bending / C-C out-of-plane bending,delta(C3-C8-H21),angle,1.5192272371557438,-,-0.05159908816969493,0.7019010077438758
40,1311.958705093185,,,mixed ring-site C-H in-plane bending / C-C out-of-plane bending,tau(C3-N5-C6-H17),dihedral,1.3139954261934073,-,-0.08875984319729378,0.20516250023230395
40,1311.958705093185,,,mixed ring-site C-H in-plane bending / C-C out-of-plane bending,delta(C3-C2-H14),angle,1.2391768267701038,+,0.04974413044762203,0.6160086042110487
40,1311.958705093185,,,mixed ring-site C-H in-plane bending / C-C out-of-plane bending,nu(N5-C6),bond,1.2116899431559696,+,0.06784141060126624,0.3238463052348426
40,1311.958705093185,,,mixed ring-site C-H in-plane bending / C-C out-of-plane bending,nu(C4-N5),bond,0.9594130797415819,-,-0.05729969683874195,0.35944973574991873
40,1311.958705093185,,,mixed ring-site C-H in-plane bending / C-C out-of-plane bending,nu(C6-C7),bond,0.9085739992034466,+,0.05833347530240043,0.32844434189084687
40,1311.958705093185,,,mixed ring-site C-H in-plane bending / C-C out-of-plane bending,nu(C3-C4),bond,0.7898125482323644,-,-0.05492540774493594,0.32204356991514493
40,1311.958705093185,,,mixed ring-site C-H in-plane bending / C-C out-of-plane bending,delta(C1-C2-H14),angle,0.706119056265499,-,-0.044488815401198804,0.43884729955830637
40,1311.958705093185,,,mixed ring-site C-H in-plane bending / C-C out-of-plane bending,nu(C2-C3),bond,0.5700276530799703,+,0.04934947230222509,0.2879175118810551
40,1311.958705093185,,,mixed ring-site C-H in-plane bending / C-C out-of-plane bending,delta(C7-C8-H21),angle,0.4731219880521584,-,-0.026168567084877022,0.8498659491447228
40,1311.958705093185,,,mixed ring-site C-H in-plane bending / C-C out-of-plane bending,delta(C3-C4-H15),angle,0.31342998322971716,+,0.040974914963344225,0.22963685996427452
40,1311.958705093185,,,mixed ring-site C-H in-plane bending / C-C out-of-plane bending,nu(C8-O9),bond,0.19706248415014188,+,0.02772367617356126,0.3153838863168852
40,1311.958705093185,,,mixed ring-site C-H in-plane bending / C-C out-of-plane bending,nu(C3-N5),bond,0.19024583777751128,-,-0.02686364097676897,0.3242818163336834
40,1311.958705093185,,,mixed ring-site C-H in-plane bending / C-C out-of-plane bending,delta(C2-C3-C8),angle,0.17779390245566412,-,-0.01535721026482878,0.9273194814098629
40,1311.958705093185,,,mixed ring-site C-H in-plane bending / C-C out-of-plane bending,tau(C6-C7-C8-O9),dihedral,0.15929422222742773,+,0.02387513325873974,0.3437522879047999
40,1311.958705093185,,,mixed ring-site C-H in-plane bending / C-C out-of-plane bending,tau(C2-C3-C4-H16),dihedral,0.1433485710580712,+,0.026891483658887758,0.24383779514721982
40,1311.958705093185,,,mixed ring-site C-H in-plane bending / C-C out-of-plane bending,"gamma(H12;C1,H10,H11)",oop,0.09744611441471128,+,0.02000866515254454,0.2994094311841051
40,1311.958705093185,,,mixed ring-site C-H in-plane bending / C-C out-of-plane bending,"gamma(H16;C4,C3,H15)",oop,0.0777890277612999,+,0.02393282038575907,0.16705818655223026
40,1311.958705093185,,,mixed ring-site C-H in-plane bending / C-C out-of-plane bending,delta(C2-C1-H11),angle,0.07239946247385556,+,0.015306185911913616,0.38013561079786046
40,1311.958705093185,,,mixed ring-site C-H in-plane bending / C-C out-of-plane bending,tau(C8-C3-C4-N5),dihedral,0.05729598074064649,+,0.007676584278777553,1.195983795278429
40,1311.958705093185,,,mixed ring-site C-H in-plane bending / C-C out-of-plane bending,tau(H14-C2-C3-C8),dihedral,0.05660394825183784,-,-0.009589472256582174,0.7571719090760054
40,1311.958705093185,,,mixed ring-site C-H in-plane bending / C-C out-of-plane bending,tau(C4-C3-N5-C6),dihedral,0.05118185585444773,+,0.010138961629085721,0.6124438142435374
40,1311.958705093185,,,mixed ring-site C-H in-plane bending / C-C out-of-plane bending,tau(N5-C3-C8-O9),dihedral,0.032983135656610846,-,-0.008205808933215084,0.6025406091278427
40,1311.958705093185,,,mixed ring-site C-H in-plane bending / C-C out-of-plane bending,delta(C1-C2-C3),angle,0.026583281499213768,-,-0.009054196682869886,0.39888336380392314
40,1311.958705093185,,,mixed ring-site C-H in-plane bending / C-C out-of-plane bending,nu(C7-H20),bond,0.01700284549135369,-,-0.007906150345364656,0.33460209280992387
40,1311.958705093185,,,mixed ring-site C-H in-plane bending / C-C out-of-plane bending,delta(H19-C7-H20),angle,0.013335619551256835,-,-0.007797640512500418,0.26978882731842474
40,1311.958705093185,,,mixed ring-site C-H in-plane bending / C-C out-of-plane bending,delta(C2-C1-H12),angle,0.007548879125605773,+,0.004907883860180868,0.38550596241050855
40,1311.958705093185,,,mixed ring-site C-H in-plane bending / C-C out-of-plane bending,tau(H11-C1-C2-H13),dihedral,0.005925890831052535,+,0.0064381562392718025,0.17586029811300968
40,1311.958705093185,,,mixed ring-site C-H in-plane bending / C-C out-of-plane bending,nu(O9-H22),bond,0.003965280113697136,+,0.0030604985767230296,0.5207468965628298
40,1311.958705093185,,,mixed ring-site C-H in-plane bending / C-C out-of-plane bending,nu(C8-H21),bond,0.003481614570558604,+,0.003687311828112864,0.31499099646613576
40,1311.958705093185,,,mixed ring-site C-H in-plane bending / C-C out-of-plane bending,tau(H12-C1-C2-C3),dihedral,0.003189102552237938,+,0.004757303941280876,0.17333404380475795
40,1311.958705093185,,,mixed ring-site C-H in-plane bending / C-C out-of-plane bending,tau(H13-C2-C3-C4),dihedral,0.0030639467688665114,-,-0.0022808650338043495,0.7244680264882472
40,1311.958705093185,,,mixed ring-site C-H in-plane bending / C-C out-of-plane bending,tau(H21-C8-O9-H22),dihedral,0.0026498542390453405,+,0.020636523769395357,0.007653958151576438
40,1311.958705093185,,,mixed ring-site C-H in-plane bending / C-C out-of-plane bending,nu(C1-C2),bond,0.0021694907625909253,+,0.0031119830180411845,0.2755627756868186
40,1311.958705093185,,,mixed ring-site C-H in-plane bending / C-C out-of-plane bending,delta(H10-C1-H11),angle,0.0020403522064259484,-,-0.0034782112028019802,0.20745811382014626
40,1311.958705093185,,,mixed ring-site C-H in-plane bending / C-C out-of-plane bending,delta(H15-C4-H16),angle,0.0015262500667827346,-,-0.0027779607648010874,0.24328238400212834
40,1311.958705093185,,,mixed ring-site C-H in-plane bending / C-C out-of-plane bending,delta(H13-C2-H14),angle,0.0006856226908695899,-,-0.0009139386199347963,1.009690582029088
40,1311.958705093185,,,mixed ring-site C-H in-plane bending / C-C out-of-plane bending,nu(C3-C8),bond,0.0004981016233176352,-,-0.001362366985667487,0.33011626112312614
40,1311.958705093185,,,mixed ring-site C-H in-plane bending / C-C out-of-plane bending,nu(C1-H12),bond,0.0004566636166672749,+,0.0012963345667683721,0.33427153116902686
40,1311.958705093185,,,mixed ring-site C-H in-plane bending / C-C out-of-plane bending,nu(C4-H16),bond,0.0001407157403946743,-,-0.0007031259814171925,0.3501172997314638
40,1311.958705093185,,,mixed ring-site C-H in-plane bending / C-C out-of-plane bending,tau(C2-C3-N5-C6),dihedral,0.00012978962640914076,+,0.0004337647298005558,0.8485329137332114
40,1311.958705093185,,,mixed ring-site C-H in-plane bending / C-C out-of-plane bending,nu(C2-H14),bond,0.00010736808357034912,-,-0.0006307138564265388,0.33200730465984796
40,1311.958705093185,,,mixed ring-site C-H in-plane bending / C-C out-of-plane bending,nu(C6-H17),bond,8.798430187169351e-05,+,0.0005718988211183597,0.33090548953252324
40,1311.958705093185,,,mixed ring-site C-H in-plane bending / C-C out-of-plane bending,nu(C1-H10),bond,8.53187667806944e-05,+,0.0005559463630407684,0.33955956196528847
40,1311.958705093185,,,mixed ring-site C-H in-plane bending / C-C out-of-plane bending,nu(C1-H11),bond,4.78674918097282e-05,+,0.00041974973690597837,0.3341927227283412
40,1311.958705093185,,,mixed ring-site C-H in-plane bending / C-C out-of-plane bending,nu(C2-H13),bond,4.40430114215944e-05,+,0.00040937231899604927,0.32327881233108835
40,1311.958705093185,,,mixed ring-site C-H in-plane bending / C-C out-of-plane bending,nu(C6-H18),bond,3.9195386947087524e-05,-,-0.0003804694172758872,0.33306778735766407
40,1311.958705093185,,,mixed ring-site C-H in-plane bending / C-C out-of-plane bending,nu(C7-H19),bond,2.425210140726276e-05,-,-0.00029844808498279417,0.3349260785391822
40,1311.958705093185,,,mixed ring-site C-H in-plane bending / C-C out-of-plane bending,nu(C4-H15),bond,7.859972439035838e-06,-,-0.00016616534919751232,0.3501686615835324
41,1349.9457980065984,,,mixed ring-site C-H in-plane bending / C-C out-of-plane bending,"gamma(C3;C2,H13,H14)",oop,23.193087114759745,+,0.2262450435465627,0.6088691511213071
41,1349.9457980065984,,,mixed ring-site C-H in-plane bending / C-C out-of-plane bending,delta(N5-C6-H17),angle,17.04433194171235,+,0.3019967289796066,0.251130270498446
41,1349.9457980065984,,,mixed ring-site C-H in-plane bending / C-C out-of-plane bending,delta(C7-C8-H21),angle,13.52916762929952,+,0.14625883297823944,0.8498659491447228
41,1349.9457980065984,,,mixed ring-site C-H in-plane bending / C-C out-of-plane bending,tau(C3-N5-C6-H17),dihedral,7.636669038419907,-,-0.2236478732227664,0.20516250023230395
41,1349.9457980065984,,,mixed ring-site C-H in-plane bending / C-C out-of-plane bending,delta(N5-C6-H18),angle,7.022724477513733,+,0.20269278133480884,0.2296955728995778
41,1349.9457980065984,,,mixed ring-site C-H in-plane bending / C-C out-of-plane bending,delta(C3-C8-H21),angle,6.42656409992313,-,-0.11092087025680228,0.7019010077438758
41,1349.9457980065984,,,mixed ring-site C-H in-plane bending / C-C out-of-plane bending,tau(H13-C2-C3-C4),dihedral,3.611346854212174,-,-0.0818439853784054,0.7244680264882472
41,1349.9457980065984,,,mixed ring-site C-H in-plane bending / C-C out-of-plane bending,delta(O9-C8-H21),angle,2.745569402993651,-,-0.06400056027202239,0.9007171530836973
41,1349.9457980065984,,,mixed ring-site C-H in-plane bending / C-C out-of-plane bending,nu(N5-C6),bond,2.247294871835014,-,-0.09656557626620993,0.3238463052348426
41,1349.9457980065984,,,mixed ring-site C-H in-plane bending / C-C out-of-plane bending,delta(C6-C7-H20),angle,2.040440522577292,-,-0.09031195963623154,0.33616846176778953
41,1349.9457980065984,,,mixed ring-site C-H in-plane bending / C-C out-of-plane bending,nu(C3-C4),bond,2.039807164565621,+,0.09225693447972584,0.32204356991514493
41,1349.9457980065984,,,mixed ring-site C-H in-plane bending / C-C out-of-plane bending,nu(C6-C7),bond,1.9354478216640025,+,0.08898598679934126,0.32844434189084687
41,1349.9457980065984,,,mixed ring-site C-H in-plane bending / C-C out-of-plane bending,delta(C1-C2-H14),angle,1.6286938315022363,+,0.0706195246701201,0.43884729955830637
41,1349.9457980065984,,,mixed ring-site C-H in-plane bending / C-C out-of-plane bending,delta(C3-C2-H14),angle,1.109911342131808,-,-0.04920537375902465,0.6160086042110487
41,1349.9457980065984,,,mixed ring-site C-H in-plane bending / C-C out-of-plane bending,delta(C2-C3-C8),angle,1.0537422427831062,+,0.039076376275293284,0.9273194814098629
41,1349.9457980065984,,,mixed ring-site C-H in-plane bending / C-C out-of-plane bending,tau(H14-C2-C3-C8),dihedral,0.9092946877704186,+,0.040171390033420136,0.7571719090760054
41,1349.9457980065984,,,mixed ring-site C-H in-plane bending / C-C out-of-plane bending,delta(C2-C1-H12),angle,0.8196390484193965,-,-0.053451211101962263,0.38550596241050855
41,1349.9457980065984,,,mixed ring-site C-H in-plane bending / C-C out-of-plane bending,tau(H11-C1-C2-H13),dihedral,0.735298284094151,-,-0.07495656103809335,0.17586029811300968
41,1349.9457980065984,,,mixed ring-site C-H in-plane bending / C-C out-of-plane bending,tau(C3-N5-C6-H18),dihedral,0.7320803008614225,+,0.07167294004207837,0.19150135016784978
41,1349.9457980065984,,,mixed ring-site C-H in-plane bending / C-C out-of-plane bending,tau(C8-C3-C4-N5),dihedral,0.5235423300109369,-,-0.024253534201263627,1.195983795278429
41,1349.9457980065984,,,mixed ring-site C-H in-plane bending / C-C out-of-plane bending,delta(H13-C2-H14),angle,0.42456255784279495,-,-0.023770508501363346,1.009690582029088
41,1349.9457980065984,,,mixed ring-site C-H in-plane bending / C-C out-of-plane bending,"gamma(H12;C1,H10,H11)",oop,0.3101801127352353,-,-0.03731092500192513,0.2994094311841051
41,1349.9457980065984,,,mixed ring-site C-H in-plane bending / C-C out-of-plane bending,nu(C1-C2),bond,0.26100971516667076,-,-0.03567630273031325,0.2755627756868186
41,1349.9457980065984,,,mixed ring-site C-H in-plane bending / C-C out-of-plane bending,tau(N5-C6-C7-H19),dihedral,0.24943036349932649,-,-0.039329866345475285,0.21668454548083232
41,1349.9457980065984,,,mixed ring-site C-H in-plane bending / C-C out-of-plane bending,delta(H10-C1-H11),angle,0.2320813348625078,+,0.038771863382997145,0.20745811382014626
41,1349.9457980065984,,,mixed ring-site C-H in-plane bending / C-C out-of-plane bending,tau(C2-C3-N5-C6),dihedral,0.18838009154549223,-,-0.017272091690564574,0.8485329137332114
41,1349.9457980065984,,,mixed ring-site C-H in-plane bending / C-C out-of-plane bending,"gamma(H16;C4,C3,H15)",oop,0.15664178142347773,-,-0.035496187096227934,0.16705818655223026
41,1349.9457980065984,,,mixed ring-site C-H in-plane bending / C-C out-of-plane bending,tau(H12-C1-C2-C3),dihedral,0.13298957785110652,+,0.03210913814478716,0.17333404380475795
41,1349.9457980065984,,,mixed ring-site C-H in-plane bending / C-C out-of-plane bending,tau(N5-C3-C8-O9),dihedral,0.13280914906668762,-,-0.01721006915306696,0.6025406091278427
41,1349.9457980065984,,,mixed ring-site C-H in-plane bending / C-C out-of-plane bending,nu(C3-N5),bond,0.1310416604947576,+,0.023302642626352264,0.3242818163336834
41,1349.9457980065984,,,mixed ring-site C-H in-plane bending / C-C out-of-plane bending,tau(H21-C8-O9-H22),dihedral,0.12574220819596105,+,0.14857963227949195,0.007653958151576438
41,1349.9457980065984,,,mixed ring-site C-H in-plane bending / C-C out-of-plane bending,tau(C4-C3-N5-C6),dihedral,0.12438938828890488,+,0.016520390898201582,0.6124438142435374
41,1349.9457980065984,,,mixed ring-site C-H in-plane bending / C-C out-of-plane bending,nu(C2-C3),bond,0.09134232461349054,-,-0.02064732382405662,0.2879175118810551
41,1349.9457980065984,,,mixed ring-site C-H in-plane bending / C-C out-of-plane bending,tau(C6-C7-C8-O9),dihedral,0.07802130952830044,+,0.017464075427055272,0.3437522879047999
41,1349.9457980065984,,,mixed ring-site C-H in-plane bending / C-C out-of-plane bending,delta(C2-C1-H11),angle,0.0631799807361114,+,0.014944529479951906,0.38013561079786046
41,1349.9457980065984,,,mixed ring-site C-H in-plane bending / C-C out-of-plane bending,nu(C8-O9),bond,0.05992686505970031,+,0.015979118180390044,0.3153838863168852
41,1349.9457980065984,,,mixed ring-site C-H in-plane bending / C-C out-of-plane bending,nu(C7-C8),bond,0.048184287901931556,-,-0.01570011920963034,0.2626776389289826
41,1349.9457980065984,,,mixed ring-site C-H in-plane bending / C-C out-of-plane bending,tau(C2-C3-C4-H16),dihedral,0.047405360083528386,-,-0.016163112396613603,0.24383779514721982
41,1349.9457980065984,,,mixed ring-site C-H in-plane bending / C-C out-of-plane bending,delta(C3-C4-H15),angle,0.04422782053649409,-,-0.016087507001022325,0.22963685996427452
41,1349.9457980065984,,,mixed ring-site C-H in-plane bending / C-C out-of-plane bending,delta(H15-C4-H16),angle,0.03982144709871124,-,-0.014830813274621267,0.24328238400212834
41,1349.9457980065984,,,mixed ring-site C-H in-plane bending / C-C out-of-plane bending,"gamma(C8;C7,H19,H20)",oop,0.027217058703480165,-,-0.013113200030235762,0.21269014963965546
41,1349.9457980065984,,,mixed ring-site C-H in-plane bending / C-C out-of-plane bending,delta(C8-O9-H22),angle,0.022843665990101267,+,0.013302617516121103,0.17346631468839127
41,1349.9457980065984,,,mixed ring-site C-H in-plane bending / C-C out-of-plane bending,delta(C1-C2-C3),angle,0.005812709963668178,+,0.004425151505666572,0.39888336380392314
41,1349.9457980065984,,,mixed ring-site C-H in-plane bending / C-C out-of-plane bending,nu(C8-H21),bond,0.003379770325841312,+,0.0037971373222921677,0.31499099646613576
41,1349.9457980065984,,,mixed ring-site C-H in-plane bending / C-C out-of-plane bending,nu(C4-H15),bond,0.003342025568171793,+,0.0035811954611944773,0.3501686615835324
41,1349.9457980065984,,,mixed ring-site C-H in-plane bending / C-C out-of-plane bending,nu(C2-H13),bond,0.0029011420060428344,+,0.003472623118141746,0.32327881233108835
41,1349.9457980065984,,,mixed ring-site C-H in-plane bending / C-C out-of-plane bending,nu(C4-N5),bond,0.0018441842522570172,+,0.0026256984615054694,0.35944973574991873
41,1349.9457980065984,,,mixed ring-site C-H in-plane bending / C-C out-of-plane bending,nu(C1-H11),bond,0.001315143085532994,-,-0.0022995866996664144,0.3341927227283412
41,1349.9457980065984,,,mixed ring-site C-H in-plane bending / C-C out-of-plane bending,nu(C3-C8),bond,0.0012782747555447537,+,0.00228107952707003,0.33011626112312614
41,1349.9457980065984,,,mixed ring-site C-H in-plane bending / C-C out-of-plane bending,nu(C1-H10),bond,0.0011662686650255048,-,-0.0021483404258062777,0.33955956196528847
41,1349.9457980065984,,,mixed ring-site C-H in-plane bending / C-C out-of-plane bending,delta(H19-C7-H20),angle,0.0008338371011581415,-,-0.002037935369024495,0.26978882731842474
41,1349.9457980065984,,,mixed ring-site C-H in-plane bending / C-C out-of-plane bending,nu(C1-H12),bond,0.0005039381912254143,-,-0.0014233139977670249,0.33427153116902686
41,1349.9457980065984,,,mixed ring-site C-H in-plane bending / C-C out-of-plane bending,nu(C6-H17),bond,0.0004245990970204721,+,0.0013131046116625726,0.33090548953252324
41,1349.9457980065984,,,mixed ring-site C-H in-plane bending / C-C out-of-plane bending,nu(C4-H16),bond,0.00036175679398362643,+,0.00117832025281702,0.3501172997314638
41,1349.9457980065984,,,mixed ring-site C-H in-plane bending / C-C out-of-plane bending,nu(C7-H19),bond,0.0002993980809743829,+,0.0010960031524653723,0.3349260785391822
41,1349.9457980065984,,,mixed ring-site C-H in-plane bending / C-C out-of-plane bending,nu(C7-H20),bond,0.00022507909178083198,-,-0.0009507471450620972,0.33460209280992387
41,1349.9457980065984,,,mixed ring-site C-H in-plane bending / C-C out-of-plane bending,nu(O9-H22),bond,0.00016930069910528616,-,-0.0006609640062021662,0.5207468965628298
41,1349.9457980065984,,,mixed ring-site C-H in-plane bending / C-C out-of-plane bending,delta(N5-C6-C7),angle,3.985798341212441e-05,-,-0.00021339024562144258,1.1762232354515754
41,1349.9457980065984,,,mixed ring-site C-H in-plane bending / C-C out-of-plane bending,nu(C2-H14),bond,1.2402545371146219e-05,+,0.0002240491869209612,0.33200730465984796
41,1349.9457980065984,,,mixed ring-site C-H in-plane bending / C-C out-of-plane bending,nu(C6-H18),bond,9.24351948883567e-06,+,0.00019311417098060737,0.33306778735766407
42,1360.8261439349938,,,mixed ring-site C-H in-plane bending / C-H bending / C-C out-of-plane bending,delta(C7-C8-H21),angle,32.85124909190252,-,-0.3402695707409175,0.8498659491447228
42,1360.8261439349938,,,mixed ring-site C-H in-plane bending / C-H bending / C-C out-of-plane bending,"gamma(C3;C2,H13,H14)",oop,17.014917202795907,-,-0.28931790979037464,0.6088691511213071
42,1360.8261439349938,,,mixed ring-site C-H in-plane bending / C-H bending / C-C out-of-plane bending,delta(O9-C8-H21),angle,14.274924495907559,+,0.21787885150133057,0.9007171530836973
42,1360.8261439349938,,,mixed ring-site C-H in-plane bending / C-H bending / C-C out-of-plane bending,delta(C3-C2-H14),angle,10.318182559427639,+,0.22399101553560527,0.6160086042110487
42,1360.8261439349938,,,mixed ring-site C-H in-plane bending / C-H bending / C-C out-of-plane bending,delta(C1-C2-H14),angle,6.6884499953808945,-,-0.21366255196294295,0.43884729955830637
42,1360.8261439349938,,,mixed ring-site C-H in-plane bending / C-H bending / C-C out-of-plane bending,tau(H14-C2-C3-C8),dihedral,4.556074198082556,-,-0.13425192806276198,0.7571719090760054
42,1360.8261439349938,,,mixed ring-site C-H in-plane bending / C-H bending / C-C out-of-plane bending,delta(N5-C6-H17),angle,2.1642424428521654,+,0.16066667526934303,0.251130270498446
42,1360.8261439349938,,,mixed ring-site C-H in-plane bending / C-H bending / C-C out-of-plane bending,nu(C3-C8),bond,1.761456191902535,-,-0.12642263808438467,0.33011626112312614
42,1360.8261439349938,,,mixed ring-site C-H in-plane bending / C-H bending / C-C out-of-plane bending,delta(C3-C8-H21),angle,1.126173007767179,+,0.06932454185210035,0.7019010077438758
42,1360.8261439349938,,,mixed ring-site C-H in-plane bending / C-H bending / C-C out-of-plane bending,tau(H13-C2-C3-C4),dihedral,1.0355082932848791,+,0.0654319047960307,0.7244680264882472
42,1360.8261439349938,,,mixed ring-site C-H in-plane bending / C-H bending / C-C out-of-plane bending,nu(C7-C8),bond,0.8738943687123711,+,0.09982522610401359,0.2626776389289826
42,1360.8261439349938,,,mixed ring-site C-H in-plane bending / C-H bending / C-C out-of-plane bending,delta(N5-C6-H18),angle,0.7317073096330623,+,0.09768205072012341,0.2296955728995778
42,1360.8261439349938,,,mixed ring-site C-H in-plane bending / C-H bending / C-C out-of-plane bending,delta(C8-O9-H22),angle,0.7221854281353695,+,0.11167068207276754,0.17346631468839127
42,1360.8261439349938,,,mixed ring-site C-H in-plane bending / C-H bending / C-C out-of-plane bending,delta(C2-C1-H12),angle,0.6810791900218429,+,0.07274541735453925,0.38550596241050855
42,1360.8261439349938,,,mixed ring-site C-H in-plane bending / C-H bending / C-C out-of-plane bending,delta(H13-C2-H14),angle,0.5564798087114826,+,0.040630572053765,1.009690582029088
42,1360.8261439349938,,,mixed ring-site C-H in-plane bending / C-H bending / C-C out-of-plane bending,nu(C3-C4),bond,0.5552074324767668,+,0.07186090853560595,0.32204356991514493
42,1360.8261439349938,,,mixed ring-site C-H in-plane bending / C-H bending / C-C out-of-plane bending,tau(C3-N5-C6-H17),dihedral,0.5183838955006972,-,-0.08699597165893404,0.20516250023230395
42,1360.8261439349938,,,mixed ring-site C-H in-plane bending / C-H bending / C-C out-of-plane bending,tau(C8-C3-C4-N5),dihedral,0.4456027778360492,+,0.033406708015883295,1.195983795278429
42,1360.8261439349938,,,mixed ring-site C-H in-plane bending / C-H bending / C-C out-of-plane bending,nu(C2-C3),bond,0.32914481934249123,-,-0.058516973423517575,0.2879175118810551
42,1360.8261439349938,,,mixed ring-site C-H in-plane bending / C-H bending / C-C out-of-plane bending,nu(C1-C2),bond,0.31032387636625053,+,0.05807907682576086,0.2755627756868186
42,1360.8261439349938,,,mixed ring-site C-H in-plane bending / C-H bending / C-C out-of-plane bending,delta(H10-C1-H11),angle,0.26369612247517743,-,-0.061703392636145236,0.20745811382014626
42,1360.8261439349938,,,mixed ring-site C-H in-plane bending / C-H bending / C-C out-of-plane bending,tau(N5-C6-C7-H19),dihedral,0.24887758081375544,+,0.05865449550905051,0.21668454548083232
42,1360.8261439349938,,,mixed ring-site C-H in-plane bending / C-H bending / C-C out-of-plane bending,tau(N5-C3-C8-O9),dihedral,0.20691763996362347,-,-0.032072143117461094,0.6025406091278427
42,1360.8261439349938,,,mixed ring-site C-H in-plane bending / C-H bending / C-C out-of-plane bending,nu(C6-C7),bond,0.20198642342512826,+,0.04291929518203427,0.32844434189084687
42,1360.8261439349938,,,mixed ring-site C-H in-plane bending / C-H bending / C-C out-of-plane bending,nu(N5-C6),bond,0.19504728743147806,-,-0.042473971205277024,0.3238463052348426
42,1360.8261439349938,,,mixed ring-site C-H in-plane bending / C-H bending / C-C out-of-plane bending,nu(C3-N5),bond,0.19385820151965608,+,0.04231586036515219,0.3242818163336834
42,1360.8261439349938,,,mixed ring-site C-H in-plane bending / C-H bending / C-C out-of-plane bending,tau(H21-C8-O9-H22),dihedral,0.17196865807445907,-,-0.25942032174039104,0.007653958151576438
42,1360.8261439349938,,,mixed ring-site C-H in-plane bending / C-H bending / C-C out-of-plane bending,delta(C2-C3-C8),angle,0.16116463476935458,+,0.022816160670358673,0.9273194814098629
42,1360.8261439349938,,,mixed ring-site C-H in-plane bending / C-H bending / C-C out-of-plane bending,nu(C8-O9),bond,0.15261594550602178,-,-0.03807172806058984,0.3153838863168852
42,1360.8261439349938,,,mixed ring-site C-H in-plane bending / C-H bending / C-C out-of-plane bending,delta(N5-C6-C7),angle,0.12034290191091482,+,0.01750603316231451,1.1762232354515754
42,1360.8261439349938,,,mixed ring-site C-H in-plane bending / C-H bending / C-C out-of-plane bending,tau(H12-C1-C2-C3),dihedral,0.09725765422906327,+,0.04099608122242049,0.17333404380475795
42,1360.8261439349938,,,mixed ring-site C-H in-plane bending / C-H bending / C-C out-of-plane bending,tau(C2-C3-N5-C6),dihedral,0.09215205707252276,-,-0.018036013630333303,0.8485329137332114
42,1360.8261439349938,,,mixed ring-site C-H in-plane bending / C-H bending / C-C out-of-plane bending,tau(C3-N5-C6-H18),dihedral,0.07616048347070609,+,0.03451447805430801,0.19150135016784978
42,1360.8261439349938,,,mixed ring-site C-H in-plane bending / C-H bending / C-C out-of-plane bending,delta(C3-C4-H15),angle,0.06150576049146747,+,0.028324319240707743,0.22963685996427452
42,1360.8261439349938,,,mixed ring-site C-H in-plane bending / C-H bending / C-C out-of-plane bending,tau(C4-C3-N5-C6),dihedral,0.05275043491286271,+,0.016062098325885853,0.6124438142435374
42,1360.8261439349938,,,mixed ring-site C-H in-plane bending / C-H bending / C-C out-of-plane bending,tau(C2-C3-C4-H16),dihedral,0.044005322946934586,+,0.023250081472690833,0.24383779514721982
42,1360.8261439349938,,,mixed ring-site C-H in-plane bending / C-H bending / C-C out-of-plane bending,nu(C4-N5),bond,0.038897528894412364,+,0.0180038052242195,0.35944973574991873
42,1360.8261439349938,,,mixed ring-site C-H in-plane bending / C-H bending / C-C out-of-plane bending,tau(H11-C1-C2-H13),dihedral,0.030865479162936384,-,-0.022928465660298908,0.17586029811300968
42,1360.8261439349938,,,mixed ring-site C-H in-plane bending / C-H bending / C-C out-of-plane bending,delta(C6-C7-H20),angle,0.026231625676950372,+,0.015288205221864682,0.33616846176778953
42,1360.8261439349938,,,mixed ring-site C-H in-plane bending / C-H bending / C-C out-of-plane bending,tau(C6-C7-C8-O9),dihedral,0.016613936188520723,-,-0.01203194545619981,0.3437522879047999
42,1360.8261439349938,,,mixed ring-site C-H in-plane bending / C-H bending / C-C out-of-plane bending,"gamma(H12;C1,H10,H11)",oop,0.005639890520909715,+,0.007511470792943226,0.2994094311841051
42,1360.8261439349938,,,mixed ring-site C-H in-plane bending / C-H bending / C-C out-of-plane bending,"gamma(H16;C4,C3,H15)",oop,0.005437892467763872,-,-0.009874242992020622,0.16705818655223026
42,1360.8261439349938,,,mixed ring-site C-H in-plane bending / C-H bending / C-C out-of-plane bending,delta(C1-C2-C3),angle,0.00455188489610135,+,0.005846487938789948,0.39888336380392314
42,1360.8261439349938,,,mixed ring-site C-H in-plane bending / C-H bending / C-C out-of-plane bending,nu(C2-H14),bond,0.003143053375191505,-,-0.005325059230565576,0.33200730465984796
42,1360.8261439349938,,,mixed ring-site C-H in-plane bending / C-H bending / C-C out-of-plane bending,nu(C8-H21),bond,0.003012793912281448,+,0.0053525166452393705,0.31499099646613576
42,1360.8261439349938,,,mixed ring-site C-H in-plane bending / C-H bending / C-C out-of-plane bending,delta(C2-C1-H11),angle,0.002335647537691975,-,-0.004289994734721213,0.38013561079786046
42,1360.8261439349938,,,mixed ring-site C-H in-plane bending / C-H bending / C-C out-of-plane bending,"gamma(C8;C7,H19,H20)",oop,0.0014698323175451294,+,0.004549698228104015,0.21269014963965546
42,1360.8261439349938,,,mixed ring-site C-H in-plane bending / C-H bending / C-C out-of-plane bending,nu(O9-H22),bond,0.0013310457219936891,-,-0.002766976851775722,0.5207468965628298
42,1360.8261439349938,,,mixed ring-site C-H in-plane bending / C-H bending / C-C out-of-plane bending,nu(C6-H17),bond,0.001042438920161215,+,0.003071819599292362,0.33090548953252324
42,1360.8261439349938,,,mixed ring-site C-H in-plane bending / C-H bending / C-C out-of-plane bending,nu(C7-H19),bond,0.0010147540117914852,+,0.0030125085648669728,0.3349260785391822
42,1360.8261439349938,,,mixed ring-site C-H in-plane bending / C-H bending / C-C out-of-plane bending,nu(C1-H11),bond,0.0007918288690290136,+,0.0026640327260846397,0.3341927227283412
42,1360.8261439349938,,,mixed ring-site C-H in-plane bending / C-H bending / C-C out-of-plane bending,nu(C7-H20),bond,0.0007105750564515775,+,0.002522104266237459,0.33460209280992387
42,1360.8261439349938,,,mixed ring-site C-H in-plane bending / C-H bending / C-C out-of-plane bending,nu(C1-H10),bond,0.0005205769551892278,+,0.002142924505499213,0.33955956196528847
42,1360.8261439349938,,,mixed ring-site C-H in-plane bending / C-H bending / C-C out-of-plane bending,nu(C6-H18),bond,0.0003070858382329139,+,0.0016618275807281264,0.33306778735766407
42,1360.8261439349938,,,mixed ring-site C-H in-plane bending / C-H bending / C-C out-of-plane bending,nu(C2-H13),bond,0.00030417999753491856,-,-0.0016788004973320014,0.32327881233108835
42,1360.8261439349938,,,mixed ring-site C-H in-plane bending / C-H bending / C-C out-of-plane bending,nu(C4-H16),bond,0.00013659833767257974,+,0.0010810313932737257,0.3501172997314638
42,1360.8261439349938,,,mixed ring-site C-H in-plane bending / C-H bending / C-C out-of-plane bending,nu(C1-H12),bond,6.084126650950526e-05,-,-0.0007383662066416654,0.33427153116902686
42,1360.8261439349938,,,mixed ring-site C-H in-plane bending / C-H bending / C-C out-of-plane bending,delta(H15-C4-H16),angle,4.669125340017396e-05,+,0.0007582018135752673,0.24328238400212834
42,1360.8261439349938,,,mixed ring-site C-H in-plane bending / C-H bending / C-C out-of-plane bending,delta(H19-C7-H20),angle,4.0317921730863605e-05,+,0.0006690513828067891,0.26978882731842474
42,1360.8261439349938,,,mixed ring-site C-H in-plane bending / C-H bending / C-C out-of-plane bending,nu(C4-H15),bond,5.8466465482678706e-09,+,7.071917180229357e-06,0.3501686615835324
43,1369.4948681316657,,,mixed C-C out-of-plane bending / C-H bending,"gamma(C3;C2,H13,H14)",oop,43.36967865758193,+,0.3713034337774387,0.6088691511213071
43,1369.4948681316657,,,mixed C-C out-of-plane bending / C-H bending,delta(C7-C8-H21),angle,8.804647982908126,-,-0.141605014501747,0.8498659491447228
43,1369.4948681316657,,,mixed C-C out-of-plane bending / C-H bending,delta(O9-C8-H21),angle,8.640194157623155,+,0.13625905823129913,0.9007171530836973
43,1369.4948681316657,,,mixed C-C out-of-plane bending / C-H bending,tau(H13-C2-C3-C4),dihedral,6.929124180534798,-,-0.1360590422326765,0.7244680264882472
43,1369.4948681316657,,,mixed C-C out-of-plane bending / C-H bending,nu(C3-C8),bond,4.044736995557844,-,-0.1539960330787334,0.33011626112312614
43,1369.4948681316657,,,mixed C-C out-of-plane bending / C-H bending,delta(C1-C2-H14),angle,3.113776297704664,+,0.11718845749186962,0.43884729955830637
43,1369.4948681316657,,,mixed C-C out-of-plane bending / C-H bending,nu(C2-C3),bond,3.0213758037496,+,0.14251683923330935,0.2879175118810551
43,1369.4948681316657,,,mixed C-C out-of-plane bending / C-H bending,tau(C2-C3-N5-C6),dihedral,2.1279427294291713,-,-0.06966962453383599,0.8485329137332114
43,1369.4948681316657,,,mixed C-C out-of-plane bending / C-H bending,delta(C2-C1-H12),angle,1.7777706625756537,-,-0.09447571047088148,0.38550596241050855
43,1369.4948681316657,,,mixed C-C out-of-plane bending / C-H bending,nu(C3-C4),bond,1.6637610770055298,+,0.09999677933660123,0.32204356991514493
43,1369.4948681316657,,,mixed C-C out-of-plane bending / C-H bending,tau(C8-C3-C4-N5),dihedral,1.6152285276157154,+,0.05112722121433649,1.195983795278429
43,1369.4948681316657,,,mixed C-C out-of-plane bending / C-H bending,delta(N5-C6-H17),angle,1.3380709347085054,-,-0.10155186066987235,0.251130270498446
43,1369.4948681316657,,,mixed C-C out-of-plane bending / C-H bending,tau(H11-C1-C2-H13),dihedral,1.2369738651307172,-,-0.11667940564766864,0.17586029811300968
43,1369.4948681316657,,,mixed C-C out-of-plane bending / C-H bending,delta(N5-C6-H18),angle,1.1897748893864781,-,-0.10012762979559202,0.2296955728995778
43,1369.4948681316657,,,mixed C-C out-of-plane bending / C-H bending,delta(C3-C4-H15),angle,1.0443274316920967,+,0.0938199920581312,0.22963685996427452
43,1369.4948681316657,,,mixed C-C out-of-plane bending / C-H bending,delta(H10-C1-H11),angle,1.0375544821338785,+,0.09838708457531327,0.20745811382014626
43,1369.4948681316657,,,mixed C-C out-of-plane bending / C-H bending,nu(C1-C2),bond,1.0054696648777839,-,-0.08403729399166236,0.2755627756868186
43,1369.4948681316657,,,mixed C-C out-of-plane bending / C-H bending,delta(C3-C2-H14),angle,0.7148956125406756,-,-0.047394263138679046,0.6160086042110487
43,1369.4948681316657,,,mixed C-C out-of-plane bending / C-H bending,tau(H14-C2-C3-C8),dihedral,0.6021593651489862,+,0.03923343419900572,0.7571719090760054
43,1369.4948681316657,,,mixed C-C out-of-plane bending / C-H bending,delta(C2-C3-C8),angle,0.5891924445034026,+,0.035068060040393215,0.9273194814098629
43,1369.4948681316657,,,mixed C-C out-of-plane bending / C-H bending,delta(C3-C8-H21),angle,0.5262650133093655,-,-0.03809449011967767,0.7019010077438758
43,1369.4948681316657,,,mixed C-C out-of-plane bending / C-H bending,delta(C2-C1-H11),angle,0.5243614530029025,+,0.05167065298291495,0.38013561079786046
43,1369.4948681316657,,,mixed C-C out-of-plane bending / C-H bending,tau(C3-N5-C6-H17),dihedral,0.5213596533997725,+,0.07013221683561266,0.20516250023230395
43,1369.4948681316657,,,mixed C-C out-of-plane bending / C-H bending,tau(H12-C1-C2-C3),dihedral,0.4945517846493697,+,0.07431248784816394,0.17333404380475795
43,1369.4948681316657,,,mixed C-C out-of-plane bending / C-H bending,delta(C8-O9-H22),angle,0.4795631482220543,+,0.07314980522484005,0.17346631468839127
43,1369.4948681316657,,,mixed C-C out-of-plane bending / C-H bending,nu(C3-N5),bond,0.47887228811217214,+,0.05346214790899354,0.3242818163336834
43,1369.4948681316657,,,mixed C-C out-of-plane bending / C-H bending,tau(C3-N5-C6-H18),dihedral,0.33911356195629433,-,-0.058544285212019063,0.19150135016784978
43,1369.4948681316657,,,mixed C-C out-of-plane bending / C-H bending,nu(C4-N5),bond,0.32809672201058443,+,0.04203196657918493,0.35944973574991873
43,1369.4948681316657,,,mixed C-C out-of-plane bending / C-H bending,delta(H13-C2-H14),angle,0.26922581281793695,-,-0.022717578869405366,1.009690582029088
43,1369.4948681316657,,,mixed C-C out-of-plane bending / C-H bending,tau(C2-C3-C4-H16),dihedral,0.24618051440523986,-,-0.044205282958944714,0.24383779514721982
43,1369.4948681316657,,,mixed C-C out-of-plane bending / C-H bending,delta(H15-C4-H16),angle,0.19141934431517196,-,-0.03902432765701953,0.24328238400212834
43,1369.4948681316657,,,mixed C-C out-of-plane bending / C-H bending,delta(N5-C6-C7),angle,0.178749274729864,+,0.017150434047931144,1.1762232354515754
43,1369.4948681316657,,,mixed C-C out-of-plane bending / C-H bending,tau(C4-C3-N5-C6),dihedral,0.17321267905771257,+,0.02339669760261685,0.6124438142435374
43,1369.4948681316657,,,mixed C-C out-of-plane bending / C-H bending,nu(C7-C8),bond,0.1616858107269049,+,0.034516142322875185,0.2626776389289826
43,1369.4948681316657,,,mixed C-C out-of-plane bending / C-H bending,nu(C6-C7),bond,0.16027904736397547,-,-0.03073302665786305,0.32844434189084687
43,1369.4948681316657,,,mixed C-C out-of-plane bending / C-H bending,"gamma(H16;C4,C3,H15)",oop,0.14745068974962988,-,-0.041332090496839675,0.16705818655223026
43,1369.4948681316657,,,mixed C-C out-of-plane bending / C-H bending,tau(N5-C3-C8-O9),dihedral,0.14184570546078928,-,-0.021345817079206204,0.6025406091278427
43,1369.4948681316657,,,mixed C-C out-of-plane bending / C-H bending,tau(N5-C6-C7-H19),dihedral,0.1385232421285019,+,0.03517589885838056,0.21668454548083232
43,1369.4948681316657,,,mixed C-C out-of-plane bending / C-H bending,delta(C6-C7-H20),angle,0.11697439869607529,+,0.02595163808390363,0.33616846176778953
43,1369.4948681316657,,,mixed C-C out-of-plane bending / C-H bending,tau(C6-C7-C8-O9),dihedral,0.10246222267702391,-,-0.024019111399243707,0.3437522879047999
43,1369.4948681316657,,,mixed C-C out-of-plane bending / C-H bending,delta(C1-C2-C3),angle,0.1012594693655832,-,-0.022166274676768634,0.39888336380392314
43,1369.4948681316657,,,mixed C-C out-of-plane bending / C-H bending,"gamma(C8;C7,H19,H20)",oop,0.07581988700411525,-,-0.026267317695508458,0.21269014963965546
43,1369.4948681316657,,,mixed C-C out-of-plane bending / C-H bending,nu(N5-C6),bond,0.0676578719253617,+,0.020108864248843086,0.3238463052348426
43,1369.4948681316657,,,mixed C-C out-of-plane bending / C-H bending,nu(C8-O9),bond,0.05201831030489992,-,-0.017867188490811415,0.3153838863168852
43,1369.4948681316657,,,mixed C-C out-of-plane bending / C-H bending,delta(H19-C7-H20),angle,0.0383367364942703,+,0.016584158448233646,0.26978882731842474
43,1369.4948681316657,,,mixed C-C out-of-plane bending / C-H bending,"gamma(H12;C1,H10,H11)",oop,0.03556425119278151,+,0.015162539497289358,0.2994094311841051
43,1369.4948681316657,,,mixed C-C out-of-plane bending / C-H bending,tau(H21-C8-O9-H22),dihedral,0.019588990226351674,-,-0.07038187490696414,0.007653958151576438
43,1369.4948681316657,,,mixed C-C out-of-plane bending / C-H bending,nu(C8-H21),bond,0.005970675875958759,+,0.006057041181979196,0.31499099646613576
43,1369.4948681316657,,,mixed C-C out-of-plane bending / C-H bending,nu(C2-H13),bond,0.005537714699199428,+,0.005758037864631576,0.32327881233108835
43,1369.4948681316657,,,mixed C-C out-of-plane bending / C-H bending,nu(C4-H16),bond,0.004230148690794288,+,0.004835806116104489,0.3501172997314638
43,1369.4948681316657,,,mixed C-C out-of-plane bending / C-H bending,nu(C1-H11),bond,0.002161220153427837,-,-0.0035379269280876174,0.3341927227283412
43,1369.4948681316657,,,mixed C-C out-of-plane bending / C-H bending,nu(C1-H10),bond,0.0017790388099034895,-,-0.0031844363859695585,0.33955956196528847
43,1369.4948681316657,,,mixed C-C out-of-plane bending / C-H bending,nu(C4-H15),bond,0.0011831925027567572,+,0.002557330835230351,0.3501686615835324
43,1369.4948681316657,,,mixed C-C out-of-plane bending / C-H bending,nu(C1-H12),bond,0.001134460209443305,+,0.0025629656601242334,0.33427153116902686
43,1369.4948681316657,,,mixed C-C out-of-plane bending / C-H bending,nu(O9-H22),bond,0.0004459244062852454,-,-0.0012874048026615696,0.5207468965628298
43,1369.4948681316657,,,mixed C-C out-of-plane bending / C-H bending,nu(C6-H17),bond,0.000284235838205462,+,0.00128939291819951,0.33090548953252324
43,1369.4948681316657,,,mixed C-C out-of-plane bending / C-H bending,nu(C2-H14),bond,9.946346180939367e-05,-,-0.0007614752894185568,0.33200730465984796
43,1369.4948681316657,,,mixed C-C out-of-plane bending / C-H bending,nu(C7-H19),bond,6.321788008741114e-05,-,-0.0006044262685556808,0.3349260785391822
43,1369.4948681316657,,,mixed C-C out-of-plane bending / C-H bending,nu(C7-H20),bond,1.702360589383017e-05,-,-0.00031380459639756105,0.33460209280992387
43,1369.4948681316657,,,mixed C-C out-of-plane bending / C-H bending,nu(C6-H18),bond,3.815280579515169e-08,-,-1.4890002605356247e-05,0.33306778735766407
44,1398.4092941497177,,,mixed C-H bending / ring-site C-H in-plane bending,delta(C3-C2-H14),angle,14.846755187308476,-,-0.24005819377562415,0.6160086042110487
44,1398.4092941497177,,,mixed C-H bending / ring-site C-H in-plane bending,delta(C7-C8-H21),angle,14.526678409326173,-,-0.20216319665548457,0.8498659491447228
44,1398.4092941497177,,,mixed C-H bending / ring-site C-H in-plane bending,"gamma(C3;C2,H13,H14)",oop,12.78175308987839,+,0.22404093482846088,0.6088691511213071
44,1398.4092941497177,,,mixed C-H bending / ring-site C-H in-plane bending,delta(O9-C8-H21),angle,9.895079865996465,+,0.16207259460960868,0.9007171530836973
44,1398.4092941497177,,,mixed C-H bending / ring-site C-H in-plane bending,delta(C1-C2-H14),angle,7.007324801135473,+,0.19539505050347464,0.43884729955830637
44,1398.4092941497177,,,mixed C-H bending / ring-site C-H in-plane bending,delta(C2-C3-C8),angle,5.4492949453568835,-,-0.11853582185305214,0.9273194814098629
44,1398.4092941497177,,,mixed C-H bending / ring-site C-H in-plane bending,nu(C3-C4),bond,5.220273164176843,-,-0.19687177096687217,0.32204356991514493
44,1398.4092941497177,,,mixed C-H bending / ring-site C-H in-plane bending,nu(C2-C3),bond,3.395025216516789,+,0.16791195240402565,0.2879175118810551
44,1398.4092941497177,,,mixed C-H bending / ring-site C-H in-plane bending,nu(C3-N5),bond,3.354183660235762,-,-0.15726289659740472,0.3242818163336834
44,1398.4092941497177,,,mixed C-H bending / ring-site C-H in-plane bending,delta(C3-C8-H21),angle,3.1890017143643097,+,0.10422780527873524,0.7019010077438758
44,1398.4092941497177,,,mixed C-H bending / ring-site C-H in-plane bending,"gamma(H12;C1,H10,H11)",oop,2.4273552974668804,+,0.13922848142478678,0.2994094311841051
44,1398.4092941497177,,,mixed C-H bending / ring-site C-H in-plane bending,tau(H14-C2-C3-C8),dihedral,1.9357995444504006,+,0.07818565783024378,0.7571719090760054
44,1398.4092941497177,,,mixed C-H bending / ring-site C-H in-plane bending,delta(H15-C4-H16),angle,1.7500154517062705,+,0.13114742253126838,0.24328238400212834
44,1398.4092941497177,,,mixed C-H bending / ring-site C-H in-plane bending,"gamma(C8;C7,H19,H20)",oop,1.6756188280591182,+,0.13724864861880706,0.21269014963965546
44,1398.4092941497177,,,mixed C-H bending / ring-site C-H in-plane bending,delta(N5-C6-H17),angle,1.3663424196037268,+,0.11405764313963414,0.251130270498446
44,1398.4092941497177,,,mixed C-H bending / ring-site C-H in-plane bending,tau(C8-C3-C4-N5),dihedral,1.3544968282757457,+,0.05203798817729213,1.195983795278429
44,1398.4092941497177,,,mixed C-H bending / ring-site C-H in-plane bending,nu(C4-N5),bond,1.2053391643666698,-,-0.08954259972029702,0.35944973574991873
44,1398.4092941497177,,,mixed C-H bending / ring-site C-H in-plane bending,tau(C2-C3-N5-C6),dihedral,0.8190686865948908,+,0.048041876738607374,0.8485329137332114
44,1398.4092941497177,,,mixed C-H bending / ring-site C-H in-plane bending,nu(C3-C8),bond,0.7944909713074212,+,0.0758586612132883,0.33011626112312614
44,1398.4092941497177,,,mixed C-H bending / ring-site C-H in-plane bending,nu(C1-C2),bond,0.7723843915139847,-,-0.08186544345219722,0.2755627756868186
44,1398.4092941497177,,,mixed C-H bending / ring-site C-H in-plane bending,nu(C7-C8),bond,0.7655460086033515,+,0.08347727156580644,0.2626776389289826
44,1398.4092941497177,,,mixed C-H bending / ring-site C-H in-plane bending,delta(H13-C2-H14),angle,0.5267204346950518,-,-0.0353175103152973,1.009690582029088
44,1398.4092941497177,,,mixed C-H bending / ring-site C-H in-plane bending,tau(H11-C1-C2-H13),dihedral,0.4980767185602685,+,0.08229214224345185,0.17586029811300968
44,1398.4092941497177,,,mixed C-H bending / ring-site C-H in-plane bending,"gamma(H16;C4,C3,H15)",oop,0.49064341137088446,+,0.083799852424501,0.16705818655223026
44,1398.4092941497177,,,mixed C-H bending / ring-site C-H in-plane bending,delta(C6-C7-H20),angle,0.4818246240784683,+,0.058541003358415694,0.33616846176778953
44,1398.4092941497177,,,mixed C-H bending / ring-site C-H in-plane bending,tau(H13-C2-C3-C4),dihedral,0.43093191156565447,-,-0.037712807636887474,0.7244680264882472
44,1398.4092941497177,,,mixed C-H bending / ring-site C-H in-plane bending,delta(C8-O9-H22),angle,0.39287384001467557,-,-0.07358903865178994,0.17346631468839127
44,1398.4092941497177,,,mixed C-H bending / ring-site C-H in-plane bending,tau(C3-N5-C6-H18),dihedral,0.39271293654932965,+,0.07002382552026054,0.19150135016784978
44,1398.4092941497177,,,mixed C-H bending / ring-site C-H in-plane bending,delta(N5-C6-H18),angle,0.38475294004425126,+,0.06328616959435311,0.2296955728995778
44,1398.4092941497177,,,mixed C-H bending / ring-site C-H in-plane bending,delta(C2-C1-H11),angle,0.37515497515158935,+,0.04857694815052209,0.38013561079786046
44,1398.4092941497177,,,mixed C-H bending / ring-site C-H in-plane bending,tau(H12-C1-C2-C3),dihedral,0.3332190206254802,-,-0.0677980350014068,0.17333404380475795
44,1398.4092941497177,,,mixed C-H bending / ring-site C-H in-plane bending,nu(C8-O9),bond,0.21578649336118183,-,-0.040447019844996865,0.3153838863168852
44,1398.4092941497177,,,mixed C-H bending / ring-site C-H in-plane bending,delta(H19-C7-H20),angle,0.16444620602244994,-,-0.0381763231761773,0.26978882731842474
44,1398.4092941497177,,,mixed C-H bending / ring-site C-H in-plane bending,tau(C3-N5-C6-H17),dihedral,0.1417508713179203,-,-0.040645084109965,0.20516250023230395
44,1398.4092941497177,,,mixed C-H bending / ring-site C-H in-plane bending,delta(C3-C4-H15),angle,0.13833268532824902,-,-0.03795209491510874,0.22963685996427452
44,1398.4092941497177,,,mixed C-H bending / ring-site C-H in-plane bending,tau(C6-C7-C8-O9),dihedral,0.12231302077051417,+,0.029168070224800332,0.3437522879047999
44,1398.4092941497177,,,mixed C-H bending / ring-site C-H in-plane bending,delta(H10-C1-H11),angle,0.10411753800662765,+,0.034641036815546276,0.20745811382014626
44,1398.4092941497177,,,mixed C-H bending / ring-site C-H in-plane bending,tau(H21-C8-O9-H22),dihedral,0.09297994240433737,-,-0.17042988238396034,0.007653958151576438
44,1398.4092941497177,,,mixed C-H bending / ring-site C-H in-plane bending,tau(N5-C3-C8-O9),dihedral,0.02913733840657078,-,-0.010752907935323349,0.6025406091278427
44,1398.4092941497177,,,mixed C-H bending / ring-site C-H in-plane bending,delta(N5-C6-C7),angle,0.028587899719973168,-,-0.007623254124395962,1.1762232354515754
44,1398.4092941497177,,,mixed C-H bending / ring-site C-H in-plane bending,tau(C2-C3-C4-H16),dihedral,0.02790581004781914,+,0.01654211192929433,0.24383779514721982
44,1398.4092941497177,,,mixed C-H bending / ring-site C-H in-plane bending,nu(C4-H16),bond,0.018133340792376596,-,-0.011128234690666051,0.3501172997314638
44,1398.4092941497177,,,mixed C-H bending / ring-site C-H in-plane bending,nu(N5-C6),bond,0.017798448005288993,+,0.011463460619660387,0.3238463052348426
44,1398.4092941497177,,,mixed C-H bending / ring-site C-H in-plane bending,nu(C6-C7),bond,0.017077524645900746,-,-0.01115002182832058,0.32844434189084687
44,1398.4092941497177,,,mixed C-H bending / ring-site C-H in-plane bending,tau(C4-C3-N5-C6),dihedral,0.012841626953521167,+,0.007080616096992913,0.6124438142435374
44,1398.4092941497177,,,mixed C-H bending / ring-site C-H in-plane bending,nu(C4-H15),bond,0.008402058257721196,-,-0.007574402083267605,0.3501686615835324
44,1398.4092941497177,,,mixed C-H bending / ring-site C-H in-plane bending,nu(C2-H14),bond,0.006978924849865589,+,0.007089483416891284,0.33200730465984796
44,1398.4092941497177,,,mixed C-H bending / ring-site C-H in-plane bending,nu(C1-H12),bond,0.003666079920219412,+,0.005120889662146029,0.33427153116902686
44,1398.4092941497177,,,mixed C-H bending / ring-site C-H in-plane bending,tau(N5-C6-C7-H19),dihedral,0.0029643523952607616,-,-0.005719329214442715,0.21668454548083232
44,1398.4092941497177,,,mixed C-H bending / ring-site C-H in-plane bending,nu(C7-H19),bond,0.0016886442318424168,+,0.0034720722013271577,0.3349260785391822
44,1398.4092941497177,,,mixed C-H bending / ring-site C-H in-plane bending,delta(C1-C2-C3),angle,0.001648854666264896,-,-0.0031438540528115253,0.39888336380392314
44,1398.4092941497177,,,mixed C-H bending / ring-site C-H in-plane bending,nu(C7-H20),bond,0.0012563799933110443,+,0.0029963347364927537,0.33460209280992387
44,1398.4092941497177,,,mixed C-H bending / ring-site C-H in-plane bending,nu(C8-H21),bond,0.0012343464377869275,+,0.003061002000404466,0.31499099646613576
44,1398.4092941497177,,,mixed C-H bending / ring-site C-H in-plane bending,nu(C2-H13),bond,0.0008457050977845825,-,-0.0025010075503067533,0.32327881233108835
44,1398.4092941497177,,,mixed C-H bending / ring-site C-H in-plane bending,nu(O9-H22),bond,0.0005759604464930406,+,0.0016262118979818493,0.5207468965628298
44,1398.4092941497177,,,mixed C-H bending / ring-site C-H in-plane bending,nu(C6-H18),bond,0.00029645117991940987,-,-0.0014588291248029002,0.33306778735766407
44,1398.4092941497177,,,mixed C-H bending / ring-site C-H in-plane bending,nu(C6-H17),bond,0.0002528303766576989,-,-0.001351626784641627,0.33090548953252324
44,1398.4092941497177,,,mixed C-H bending / ring-site C-H in-plane bending,delta(C2-C1-H12),angle,0.00018114262703469247,+,0.0010599586680728316,0.38550596241050855
44,1398.4092941497177,,,mixed C-H bending / ring-site C-H in-plane bending,nu(C1-H10),bond,5.4594320525491524e-05,+,0.0006200259976391231,0.33955956196528847
44,1398.4092941497177,,,mixed C-H bending / ring-site C-H in-plane bending,nu(C1-H11),bond,6.47051691609e-06,+,0.00021516178755188624,0.3341927227283412
45,1421.1355610899434,,,mixed C-H out-of-plane bending / C-H bending,"gamma(H12;C1,H10,H11)",oop,62.08347117661357,-,-0.7441083450144245,0.2994094311841051
45,1421.1355610899434,,,mixed C-H out-of-plane bending / C-H bending,delta(C2-C1-H12),angle,13.088022989013124,-,-0.3010942019520414,0.38550596241050855
45,1421.1355610899434,,,mixed C-H out-of-plane bending / C-H bending,delta(C2-C1-H11),angle,12.472836708113178,-,-0.2960017359844195,0.38013561079786046
45,1421.1355610899434,,,mixed C-H out-of-plane bending / C-H bending,delta(H10-C1-H11),angle,6.338925729266359,+,0.28564296790036925,0.20745811382014626
45,1421.1355610899434,,,mixed C-H out-of-plane bending / C-H bending,delta(O9-C8-H21),angle,2.155960029128878,+,0.07994789868413253,0.9007171530836973
45,1421.1355610899434,,,mixed C-H out-of-plane bending / C-H bending,nu(C1-C2),bond,1.7202708054564129,+,0.12911272637429602,0.2755627756868186
45,1421.1355610899434,,,mixed C-H out-of-plane bending / C-H bending,delta(C7-C8-H21),angle,0.5061318968004787,-,-0.03987838455359341,0.8498659491447228
45,1421.1355610899434,,,mixed C-H out-of-plane bending / C-H bending,delta(C3-C8-H21),angle,0.22424903437650767,-,-0.0292084341676192,0.7019010077438758
45,1421.1355610899434,,,mixed C-H out-of-plane bending / C-H bending,delta(C8-O9-H22),angle,0.19855558893230563,-,-0.05528590202227449,0.17346631468839127
45,1421.1355610899434,,,mixed C-H out-of-plane bending / C-H bending,"gamma(C8;C7,H19,H20)",oop,0.1888912097006501,+,0.0486982217867194,0.21269014963965546
45,1421.1355610899434,,,mixed C-H out-of-plane bending / C-H bending,nu(C3-C8),bond,0.11915003682983065,+,0.031045206241496547,0.33011626112312614
45,1421.1355610899434,,,mixed C-H out-of-plane bending / C-H bending,nu(C3-C4),bond,0.11758231793267962,-,-0.031224436552141535,0.32204356991514493
45,1421.1355610899434,,,mixed C-H out-of-plane bending / C-H bending,delta(C2-C3-C8),angle,0.11371823543936499,-,-0.01809594559694991,0.9273194814098629
45,1421.1355610899434,,,mixed C-H out-of-plane bending / C-H bending,"gamma(C3;C2,H13,H14)",oop,0.10116826542362392,-,-0.021064011552382342,0.6088691511213071
45,1421.1355610899434,,,mixed C-H out-of-plane bending / C-H bending,delta(C6-C7-H20),angle,0.06356174345484017,+,0.022469858357885036,0.33616846176778953
45,1421.1355610899434,,,mixed C-H out-of-plane bending / C-H bending,nu(C3-N5),bond,0.05658268309684694,-,-0.021585463965951866,0.3242818163336834
45,1421.1355610899434,,,mixed C-H out-of-plane bending / C-H bending,tau(C8-C3-C4-N5),dihedral,0.04969408100545547,+,0.010533449120518021,1.195983795278429
45,1421.1355610899434,,,mixed C-H out-of-plane bending / C-H bending,nu(C8-O9),bond,0.039167237390245226,-,-0.018210532175466084,0.3153838863168852
45,1421.1355610899434,,,mixed C-H out-of-plane bending / C-H bending,tau(C2-C3-N5-C6),dihedral,0.03215199494555716,+,0.010058900997938457,0.8485329137332114
45,1421.1355610899434,,,mixed C-H out-of-plane bending / C-H bending,nu(C1-H12),bond,0.03188789648652045,-,-0.015960414210463517,0.33427153116902686
45,1421.1355610899434,,,mixed C-H out-of-plane bending / C-H bending,nu(C1-H11),bond,0.02805686510823841,-,-0.014972764557297605,0.3341927227283412
45,1421.1355610899434,,,mixed C-H out-of-plane bending / C-H bending,tau(C6-C7-C8-O9),dihedral,0.026844525883093228,+,0.014440624927902825,0.3437522879047999
45,1421.1355610899434,,,mixed C-H out-of-plane bending / C-H bending,nu(C4-N5),bond,0.024816664548005195,-,-0.01357792916007251,0.35944973574991873
45,1421.1355610899434,,,mixed C-H out-of-plane bending / C-H bending,tau(H14-C2-C3-C8),dihedral,0.023912665760326225,-,-0.009183276649439374,0.7571719090760054
45,1421.1355610899434,,,mixed C-H out-of-plane bending / C-H bending,delta(H15-C4-H16),angle,0.023299617638348053,+,0.01599189697456295,0.24328238400212834
45,1421.1355610899434,,,mixed C-H out-of-plane bending / C-H bending,nu(C7-C8),bond,0.022677172867330276,+,0.015183217768970338,0.2626776389289826
45,1421.1355610899434,,,mixed C-H out-of-plane bending / C-H bending,delta(H19-C7-H20),angle,0.02236363773738165,-,-0.014877849520868163,0.26978882731842474
45,1421.1355610899434,,,mixed C-H out-of-plane bending / C-H bending,nu(C6-C7),bond,0.021315721392159395,-,-0.013164368871889104,0.32844434189084687
45,1421.1355610899434,,,mixed C-H out-of-plane bending / C-H bending,nu(C1-H10),bond,0.01961368904029333,-,-0.012419456142652496,0.33955956196528847
45,1421.1355610899434,,,mixed C-H out-of-plane bending / C-H bending,nu(C2-C3),bond,0.019033220778895098,+,0.01328626835547084,0.2879175118810551
45,1421.1355610899434,,,mixed C-H out-of-plane bending / C-H bending,tau(H11-C1-C2-H13),dihedral,0.010421631753595626,-,-0.012579543373392682,0.17586029811300968
45,1421.1355610899434,,,mixed C-H out-of-plane bending / C-H bending,tau(H13-C2-C3-C4),dihedral,0.008698152696745315,+,0.005662194972846491,0.7244680264882472
45,1421.1355610899434,,,mixed C-H out-of-plane bending / C-H bending,delta(C1-C2-H14),angle,0.007468280041401071,-,-0.006741157899388257,0.43884729955830637
45,1421.1355610899434,,,mixed C-H out-of-plane bending / C-H bending,delta(C3-C2-H14),angle,0.007409518952982731,-,-0.00566738263542237,0.6160086042110487
45,1421.1355610899434,,,mixed C-H out-of-plane bending / C-H bending,nu(N5-C6),bond,0.006589685142524568,+,0.007371294737571327,0.3238463052348426
45,1421.1355610899434,,,mixed C-H out-of-plane bending / C-H bending,delta(C3-C4-H15),angle,0.006299301721367995,-,-0.008558670820805858,0.22963685996427452
45,1421.1355610899434,,,mixed C-H out-of-plane bending / C-H bending,delta(N5-C6-H17),angle,0.003249498935144949,+,0.005878135391299517,0.251130270498446
45,1421.1355610899434,,,mixed C-H out-of-plane bending / C-H bending,tau(N5-C3-C8-O9),dihedral,0.002108213347633461,-,-0.003056645235201021,0.6025406091278427
45,1421.1355610899434,,,mixed C-H out-of-plane bending / C-H bending,tau(C2-C3-C4-H16),dihedral,0.0018535722463894702,+,0.004505418784547304,0.24383779514721982
45,1421.1355610899434,,,mixed C-H out-of-plane bending / C-H bending,delta(H13-C2-H14),angle,0.0018226483775644418,+,0.0021955241152644416,1.009690582029088
45,1421.1355610899434,,,mixed C-H out-of-plane bending / C-H bending,tau(C3-N5-C6-H17),dihedral,0.0014203526454032844,+,0.004299619446265957,0.20516250023230395
45,1421.1355610899434,,,mixed C-H out-of-plane bending / C-H bending,tau(C3-N5-C6-H18),dihedral,0.0013781805486351069,+,0.004383772981037102,0.19150135016784978
45,1421.1355610899434,,,mixed C-H out-of-plane bending / C-H bending,tau(N5-C6-C7-H19),dihedral,0.001319921643409218,-,-0.004033118886494485,0.21668454548083232
45,1421.1355610899434,,,mixed C-H out-of-plane bending / C-H bending,tau(H12-C1-C2-C3),dihedral,0.0010991348697448077,+,0.004114949181481956,0.17333404380475795
45,1421.1355610899434,,,mixed C-H out-of-plane bending / C-H bending,nu(C8-H21),bond,0.0010597098403686243,+,0.0029972663029474217,0.31499099646613576
45,1421.1355610899434,,,mixed C-H out-of-plane bending / C-H bending,"gamma(H16;C4,C3,H15)",oop,0.0009726345162002101,+,0.003942955494346826,0.16705818655223026
45,1421.1355610899434,,,mixed C-H out-of-plane bending / C-H bending,nu(C2-H14),bond,0.0006085540782510122,+,0.0022123645292840767,0.33200730465984796
45,1421.1355610899434,,,mixed C-H out-of-plane bending / C-H bending,delta(N5-C6-H18),angle,0.000596858276498095,-,-0.00263414826292322,0.2296955728995778
45,1421.1355610899434,,,mixed C-H out-of-plane bending / C-H bending,nu(O9-H22),bond,0.0005358101884254434,+,0.0016575744971647128,0.5207468965628298
45,1421.1355610899434,,,mixed C-H out-of-plane bending / C-H bending,nu(C2-H13),bond,0.0002617230720556765,+,0.0014703248638254392,0.32327881233108835
45,1421.1355610899434,,,mixed C-H out-of-plane bending / C-H bending,delta(N5-C6-C7),angle,0.00017237211558599798,-,-0.0006255608289770881,1.1762232354515754
45,1421.1355610899434,,,mixed C-H out-of-plane bending / C-H bending,nu(C4-H16),bond,0.00016694590583747352,-,-0.0011283972498155653,0.3501172997314638
45,1421.1355610899434,,,mixed C-H out-of-plane bending / C-H bending,nu(C7-H19),bond,0.00016500015215189072,+,0.0011469608861102046,0.3349260785391822
45,1421.1355610899434,,,mixed C-H out-of-plane bending / C-H bending,tau(C4-C3-N5-C6),dihedral,0.00016344289182669946,-,-0.000844171741800542,0.6124438142435374
45,1421.1355610899434,,,mixed C-H out-of-plane bending / C-H bending,delta(C1-C2-C3),angle,0.00010409798741919722,-,-0.0008347936223209621,0.39888336380392314
45,1421.1355610899434,,,mixed C-H out-of-plane bending / C-H bending,nu(C7-H20),bond,8.167509902151324e-05,+,0.0008073492125950291,0.33460209280992387
45,1421.1355610899434,,,mixed C-H out-of-plane bending / C-H bending,nu(C4-H15),bond,4.156763487940941e-05,-,-0.0005630149628283194,0.3501686615835324
45,1421.1355610899434,,,mixed C-H out-of-plane bending / C-H bending,tau(H21-C8-O9-H22),dihedral,1.2511504923838113e-05,-,-0.0020892607795877398,0.007653958151576438
45,1421.1355610899434,,,mixed C-H out-of-plane bending / C-H bending,nu(C6-H17),bond,4.83192415842427e-06,-,-0.00019746448015631107,0.33090548953252324
45,1421.1355610899434,,,mixed C-H out-of-plane bending / C-H bending,nu(C6-H18),bond,7.317293289549604e-07,-,-7.659313275024724e-05,0.33306778735766407
46,1433.0760327806386,,,mixed C-H bending / ring-site C-H in-plane bending,delta(O9-C8-H21),angle,43.15614531322225,-,-0.34411009466364856,0.9007171530836973
46,1433.0760327806386,,,mixed C-H bending / ring-site C-H in-plane bending,delta(C3-C8-H21),angle,34.67866457378977,+,0.3494327096908651,0.7019010077438758
46,1433.0760327806386,,,mixed C-H bending / ring-site C-H in-plane bending,delta(C8-O9-H22),angle,4.667350306083619,+,0.2578682835060428,0.17346631468839127
46,1433.0760327806386,,,mixed C-H bending / ring-site C-H in-plane bending,nu(C3-C8),bond,4.072609615515492,-,-0.17461165904463535,0.33011626112312614
46,1433.0760327806386,,,mixed C-H bending / ring-site C-H in-plane bending,"gamma(C8;C7,H19,H20)",oop,2.9180394837449852,-,-0.1841374819793695,0.21269014963965546
46,1433.0760327806386,,,mixed C-H bending / ring-site C-H in-plane bending,nu(C2-C3),bond,1.7348836256425846,+,0.12203135684699434,0.2879175118810551
46,1433.0760327806386,,,mixed C-H bending / ring-site C-H in-plane bending,"gamma(H12;C1,H10,H11)",oop,1.0327104304392363,-,-0.09232660157976694,0.2994094311841051
46,1433.0760327806386,,,mixed C-H bending / ring-site C-H in-plane bending,delta(C6-C7-H20),angle,0.7361447986808303,-,-0.07356537394424337,0.33616846176778953
46,1433.0760327806386,,,mixed C-H bending / ring-site C-H in-plane bending,delta(H15-C4-H16),angle,0.682116647014521,+,0.08324234368240921,0.24328238400212834
46,1433.0760327806386,,,mixed C-H bending / ring-site C-H in-plane bending,tau(C6-C7-C8-O9),dihedral,0.6647188271833036,-,-0.06912999056127671,0.3437522879047999
46,1433.0760327806386,,,mixed C-H bending / ring-site C-H in-plane bending,delta(H13-C2-H14),angle,0.6077867288697992,+,0.03857018839906577,1.009690582029088
46,1433.0760327806386,,,mixed C-H bending / ring-site C-H in-plane bending,nu(C3-C4),bond,0.5379782244398612,-,-0.06425328539958236,0.32204356991514493
46,1433.0760327806386,,,mixed C-H bending / ring-site C-H in-plane bending,delta(C2-C1-H12),angle,0.5320651141527932,-,-0.05840326798537586,0.38550596241050855
46,1433.0760327806386,,,mixed C-H bending / ring-site C-H in-plane bending,nu(C8-O9),bond,0.46473780620169075,+,0.060346843380398085,0.3153838863168852
46,1433.0760327806386,,,mixed C-H bending / ring-site C-H in-plane bending,delta(H10-C1-H11),angle,0.3658698345981299,+,0.06601891703266617,0.20745811382014626
46,1433.0760327806386,,,mixed C-H bending / ring-site C-H in-plane bending,nu(C6-C7),bond,0.34650016172216025,+,0.05106121385840777,0.32844434189084687
46,1433.0760327806386,,,mixed C-H bending / ring-site C-H in-plane bending,tau(C2-C3-C4-H16),dihedral,0.24340619829070348,+,0.049669022348588276,0.24383779514721982
46,1433.0760327806386,,,mixed C-H bending / ring-site C-H in-plane bending,nu(C3-N5),bond,0.22821634819126077,-,-0.04170444863311794,0.3242818163336834
46,1433.0760327806386,,,mixed C-H bending / ring-site C-H in-plane bending,delta(C7-C8-H21),angle,0.22464743824880756,+,0.025559115888763802,0.8498659491447228
46,1433.0760327806386,,,mixed C-H bending / ring-site C-H in-plane bending,delta(C2-C3-C8),angle,0.22406050641077085,-,-0.024436458838162835,0.9273194814098629
46,1433.0760327806386,,,mixed C-H bending / ring-site C-H in-plane bending,tau(C3-N5-C6-H18),dihedral,0.21177535342733889,+,0.05227837670900809,0.19150135016784978
46,1433.0760327806386,,,mixed C-H bending / ring-site C-H in-plane bending,delta(H19-C7-H20),angle,0.20333191758657645,+,0.043157979503545475,0.26978882731842474
46,1433.0760327806386,,,mixed C-H bending / ring-site C-H in-plane bending,"gamma(H16;C4,C3,H15)",oop,0.19809878527082178,+,0.054134899054750045,0.16705818655223026
46,1433.0760327806386,,,mixed C-H bending / ring-site C-H in-plane bending,tau(N5-C3-C8-O9),dihedral,0.1602340210400061,+,0.025636250763054074,0.6025406091278427
46,1433.0760327806386,,,mixed C-H bending / ring-site C-H in-plane bending,delta(C2-C1-H11),angle,0.1487419993429821,-,-0.03109695290360176,0.38013561079786046
46,1433.0760327806386,,,mixed C-H bending / ring-site C-H in-plane bending,delta(C3-C4-H15),angle,0.1406110549408262,+,0.03890086333671683,0.22963685996427452
46,1433.0760327806386,,,mixed C-H bending / ring-site C-H in-plane bending,tau(H21-C8-O9-H22),dihedral,0.1305380364394631,-,-0.2053032396898154,0.007653958151576438
46,1433.0760327806386,,,mixed C-H bending / ring-site C-H in-plane bending,delta(N5-C6-H17),angle,0.11642762170701124,+,0.033849229487981344,0.251130270498446
46,1433.0760327806386,,,mixed C-H bending / ring-site C-H in-plane bending,tau(N5-C6-C7-H19),dihedral,0.09733091126811148,+,0.033318215471683135,0.21668454548083232
46,1433.0760327806386,,,mixed C-H bending / ring-site C-H in-plane bending,tau(C4-C3-N5-C6),dihedral,0.08752417880668556,+,0.01879322020304516,0.6124438142435374
46,1433.0760327806386,,,mixed C-H bending / ring-site C-H in-plane bending,tau(C8-C3-C4-N5),dihedral,0.07796444142131245,+,0.012692756385238126,1.195983795278429
46,1433.0760327806386,,,mixed C-H bending / ring-site C-H in-plane bending,delta(C1-C2-C3),angle,0.06141840032052046,-,-0.019507274488866775,0.39888336380392314
46,1433.0760327806386,,,mixed C-H bending / ring-site C-H in-plane bending,nu(C8-H21),bond,0.043192458825192064,-,-0.018408788165428597,0.31499099646613576
46,1433.0760327806386,,,mixed C-H bending / ring-site C-H in-plane bending,delta(C3-C2-H14),angle,0.03958517359267257,-,-0.012602107912167012,0.6160086042110487
46,1433.0760327806386,,,mixed C-H bending / ring-site C-H in-plane bending,nu(C4-N5),bond,0.03690201987106968,-,-0.015928551766193517,0.35944973574991873
46,1433.0760327806386,,,mixed C-H bending / ring-site C-H in-plane bending,delta(N5-C6-C7),angle,0.018775426187301453,-,-0.006280877616564347,1.1762232354515754
46,1433.0760327806386,,,mixed C-H bending / ring-site C-H in-plane bending,tau(H13-C2-C3-C4),dihedral,0.017556349837928694,+,0.007738874573549061,0.7244680264882472
46,1433.0760327806386,,,mixed C-H bending / ring-site C-H in-plane bending,tau(H14-C2-C3-C8),dihedral,0.016209545510618605,+,0.00727375181881511,0.7571719090760054
46,1433.0760327806386,,,mixed C-H bending / ring-site C-H in-plane bending,nu(O9-H22),bond,0.013610202749075002,-,-0.008036912843762513,0.5207468965628298
46,1433.0760327806386,,,mixed C-H bending / ring-site C-H in-plane bending,tau(H12-C1-C2-C3),dihedral,0.011289448631526436,-,-0.012687169375986945,0.17333404380475795
46,1433.0760327806386,,,mixed C-H bending / ring-site C-H in-plane bending,tau(C3-N5-C6-H17),dihedral,0.009673461514664531,-,-0.010794742051815267,0.20516250023230395
46,1433.0760327806386,,,mixed C-H bending / ring-site C-H in-plane bending,delta(N5-C6-H18),angle,0.007583565653798632,+,0.009032973154093547,0.2296955728995778
46,1433.0760327806386,,,mixed C-H bending / ring-site C-H in-plane bending,nu(C1-C2),bond,0.006775533294425568,+,0.007795280962860312,0.2755627756868186
46,1433.0760327806386,,,mixed C-H bending / ring-site C-H in-plane bending,nu(C4-H16),bond,0.005355536070235125,-,-0.006148440797102602,0.3501172997314638
46,1433.0760327806386,,,mixed C-H bending / ring-site C-H in-plane bending,nu(C4-H15),bond,0.0035584189155603812,-,-0.005011413117126847,0.3501686615835324
46,1433.0760327806386,,,mixed C-H bending / ring-site C-H in-plane bending,nu(N5-C6),bond,0.0033584284479441155,+,0.005062544843132863,0.3238463052348426
46,1433.0760327806386,,,mixed C-H bending / ring-site C-H in-plane bending,delta(C1-C2-H14),angle,0.003058467931837364,+,0.004150166848306924,0.43884729955830637
46,1433.0760327806386,,,mixed C-H bending / ring-site C-H in-plane bending,tau(C2-C3-N5-C6),dihedral,0.0022682233094599704,+,0.0025702706947463645,0.8485329137332114
46,1433.0760327806386,,,mixed C-H bending / ring-site C-H in-plane bending,nu(C7-H19),bond,0.0019852385381453554,-,-0.0038273851964670488,0.3349260785391822
46,1433.0760327806386,,,mixed C-H bending / ring-site C-H in-plane bending,"gamma(C3;C2,H13,H14)",oop,0.0018434958866441753,+,0.0027354539467109337,0.6088691511213071
46,1433.0760327806386,,,mixed C-H bending / ring-site C-H in-plane bending,nu(C2-H13),bond,0.0015480646726024245,-,-0.0034401409384533046,0.32327881233108835
46,1433.0760327806386,,,mixed C-H bending / ring-site C-H in-plane bending,nu(C1-H10),bond,0.0011287579900489389,-,-0.0028662412560852674,0.33955956196528847
46,1433.0760327806386,,,mixed C-H bending / ring-site C-H in-plane bending,nu(C7-C8),bond,0.0008494177276862069,+,0.0028269583808543087,0.2626776389289826
46,1433.0760327806386,,,mixed C-H bending / ring-site C-H in-plane bending,nu(C1-H11),bond,0.0005121698775017094,-,-0.0019461612827134812,0.3341927227283412
46,1433.0760327806386,,,mixed C-H bending / ring-site C-H in-plane bending,nu(C7-H20),bond,0.00027905818719232663,-,-0.0014356658310245797,0.33460209280992387
46,1433.0760327806386,,,mixed C-H bending / ring-site C-H in-plane bending,nu(C6-H18),bond,0.00018001752243239192,-,-0.001155743289670358,0.33306778735766407
46,1433.0760327806386,,,mixed C-H bending / ring-site C-H in-plane bending,nu(C6-H17),bond,0.00015014093623678636,-,-0.001058931531359681,0.33090548953252324
46,1433.0760327806386,,,mixed C-H bending / ring-site C-H in-plane bending,tau(H11-C1-C2-H13),dihedral,7.028662762421846e-05,+,0.0009938543822617387,0.17586029811300968
46,1433.0760327806386,,,mixed C-H bending / ring-site C-H in-plane bending,nu(C2-H14),bond,5.1809075250391e-05,-,-0.0006210111634458212,0.33200730465984796
46,1433.0760327806386,,,mixed C-H bending / ring-site C-H in-plane bending,nu(C1-H12),bond,5.786010631939388e-07,-,-6.540489077586869e-05,0.33427153116902686
47,1490.4283992209025,,,mixed C-H bending / C-C torsion,delta(H13-C2-H14),angle,64.96610880485939,-,-0.5783270185136424,1.009690582029088
47,1490.4283992209025,,,mixed C-H bending / C-C torsion,tau(H14-C2-C3-C8),dihedral,10.874629343892567,+,0.27323365543950334,0.7571719090760054
47,1490.4283992209025,,,mixed C-H bending / C-C torsion,tau(H13-C2-C3-C4),dihedral,9.924630184376388,-,-0.2668527988994157,0.7244680264882472
47,1490.4283992209025,,,mixed C-H bending / C-C torsion,delta(H10-C1-H11),angle,2.769261886455969,-,-0.2634153076424563,0.20745811382014626
47,1490.4283992209025,,,mixed C-H bending / C-C torsion,delta(H15-C4-H16),angle,2.4346235919235837,+,0.2280787315521917,0.24328238400212834
47,1490.4283992209025,,,mixed C-H bending / C-C torsion,delta(C3-C2-H14),angle,2.399852964679346,+,0.14230597502692785,0.6160086042110487
47,1490.4283992209025,,,mixed C-H bending / C-C torsion,delta(H19-C7-H20),angle,1.6455175567579983,-,-0.17805881853508038,0.26978882731842474
47,1490.4283992209025,,,mixed C-H bending / C-C torsion,delta(C1-C2-H14),angle,1.2044880696942346,+,0.11944521146510903,0.43884729955830637
47,1490.4283992209025,,,mixed C-H bending / C-C torsion,"gamma(H12;C1,H10,H11)",oop,0.9113427918121673,-,-0.12578601275315593,0.2994094311841051
47,1490.4283992209025,,,mixed C-H bending / C-C torsion,tau(H11-C1-C2-H13),dihedral,0.6050680032044983,+,0.13373417369163812,0.17586029811300968
47,1490.4283992209025,,,mixed C-H bending / C-C torsion,tau(N5-C6-C7-H19),dihedral,0.3302513015593278,+,0.08900871016781639,0.21668454548083232
47,1490.4283992209025,,,mixed C-H bending / C-C torsion,delta(C3-C4-H15),angle,0.31502638392725424,-,-0.08444557002641596,0.22963685996427452
47,1490.4283992209025,,,mixed C-H bending / C-C torsion,"gamma(H16;C4,C3,H15)",oop,0.2752192125382584,+,0.09254004364904328,0.16705818655223026
47,1490.4283992209025,,,mixed C-H bending / C-C torsion,tau(C2-C3-C4-H16),dihedral,0.18266258808512933,+,0.062401998607929395,0.24383779514721982
47,1490.4283992209025,,,mixed C-H bending / C-C torsion,delta(C2-C1-H12),angle,0.17929171316208348,-,-0.049168704566584766,0.38550596241050855
47,1490.4283992209025,,,mixed C-H bending / C-C torsion,delta(C6-C7-H20),angle,0.14704620364014026,+,0.04768399483632967,0.33616846176778953
47,1490.4283992209025,,,mixed C-H bending / C-C torsion,nu(C3-C4),bond,0.12591015131893812,+,0.045081386471910484,0.32204356991514493
47,1490.4283992209025,,,mixed C-H bending / C-C torsion,delta(C2-C1-H11),angle,0.09202299496785891,+,0.03547342411734676,0.38013561079786046
47,1490.4283992209025,,,mixed C-H bending / C-C torsion,delta(C1-C2-C3),angle,0.08887553108476426,+,0.03403238221303533,0.39888336380392314
47,1490.4283992209025,,,mixed C-H bending / C-C torsion,nu(C4-N5),bond,0.08851720294589407,+,0.03577823927627934,0.35944973574991873
47,1490.4283992209025,,,mixed C-H bending / C-C torsion,nu(C2-C3),bond,0.06502972546340305,-,-0.034264636381099875,0.2879175118810551
47,1490.4283992209025,,,mixed C-H bending / C-C torsion,nu(C3-N5),bond,0.0649762795399944,+,0.032273073664883675,0.3242818163336834
47,1490.4283992209025,,,mixed C-H bending / C-C torsion,nu(C1-C2),bond,0.062544901537561,-,-0.034348667080680774,0.2755627756868186
47,1490.4283992209025,,,mixed C-H bending / C-C torsion,nu(C3-C8),bond,0.03862086313776437,-,-0.02466049196967951,0.33011626112312614
47,1490.4283992209025,,,mixed C-H bending / C-C torsion,delta(O9-C8-H21),angle,0.03361965436873538,-,-0.013929214070180487,0.9007171530836973
47,1490.4283992209025,,,mixed C-H bending / C-C torsion,tau(C2-C3-N5-C6),dihedral,0.027246981190297934,-,-0.012919599678253835,0.8485329137332114
47,1490.4283992209025,,,mixed C-H bending / C-C torsion,nu(C2-H13),bond,0.022202024995044974,+,0.01889434669816948,0.32327881233108835
47,1490.4283992209025,,,mixed C-H bending / C-C torsion,nu(C2-H14),bond,0.015157313871063137,+,0.01540499316293783,0.33200730465984796
47,1490.4283992209025,,,mixed C-H bending / C-C torsion,delta(C3-C8-H21),angle,0.01470143878048038,+,0.010434369080237081,0.7019010077438758
47,1490.4283992209025,,,mixed C-H bending / C-C torsion,delta(C2-C3-C8),angle,0.01355581424956082,+,0.008717105862928473,0.9273194814098629
47,1490.4283992209025,,,mixed C-H bending / C-C torsion,nu(C7-C8),bond,0.012862640772995976,-,-0.015954298961388853,0.2626776389289826
47,1490.4283992209025,,,mixed C-H bending / C-C torsion,tau(C8-C3-C4-N5),dihedral,0.010091067961873168,-,-0.0066226244068139425,1.195983795278429
47,1490.4283992209025,,,mixed C-H bending / C-C torsion,nu(C6-C7),bond,0.009071120709525038,-,-0.01198184751089623,0.32844434189084687
47,1490.4283992209025,,,mixed C-H bending / C-C torsion,delta(N5-C6-H18),angle,0.007992369885420387,-,-0.013448866494676427,0.2296955728995778
47,1490.4283992209025,,,mixed C-H bending / C-C torsion,nu(C1-H12),bond,0.007651487839838982,-,-0.010908058496748422,0.33427153116902686
47,1490.4283992209025,,,mixed C-H bending / C-C torsion,delta(N5-C6-H17),angle,0.003928447452541556,-,-0.00901747920303887,0.251130270498446
47,1490.4283992209025,,,mixed C-H bending / C-C torsion,nu(C4-H15),bond,0.0037982321092126918,-,-0.00750889998477253,0.3501686615835324
47,1490.4283992209025,,,mixed C-H bending / C-C torsion,delta(C8-O9-H22),angle,0.003754644073211806,+,0.01060720636783682,0.17346631468839127
47,1490.4283992209025,,,mixed C-H bending / C-C torsion,nu(C1-H11),bond,0.0027040806715257605,+,0.00648538159999617,0.3341927227283412
47,1490.4283992209025,,,mixed C-H bending / C-C torsion,nu(C7-H20),bond,0.0025770888968916156,+,0.0063273896657036685,0.33460209280992387
47,1490.4283992209025,,,mixed C-H bending / C-C torsion,nu(C4-H16),bond,0.002431194837240862,-,-0.006007963764699399,0.3501172997314638
47,1490.4283992209025,,,mixed C-H bending / C-C torsion,nu(C7-H19),bond,0.001972437324622259,+,0.0055328810204798495,0.3349260785391822
47,1490.4283992209025,,,mixed C-H bending / C-C torsion,tau(H12-C1-C2-C3),dihedral,0.0018721735811835115,-,-0.0074929930393773155,0.17333404380475795
47,1490.4283992209025,,,mixed C-H bending / C-C torsion,"gamma(C8;C7,H19,H20)",oop,0.0018649282437797202,-,-0.006751209455911262,0.21269014963965546
47,1490.4283992209025,,,mixed C-H bending / C-C torsion,tau(C4-C3-N5-C6),dihedral,0.0015559210157402425,+,0.0036339994275570234,0.6124438142435374
47,1490.4283992209025,,,mixed C-H bending / C-C torsion,nu(C1-H10),bond,0.0014832203841274188,+,0.004765067617955789,0.33955956196528847
47,1490.4283992209025,,,mixed C-H bending / C-C torsion,tau(N5-C3-C8-O9),dihedral,0.0013113057718728155,+,0.0033634349504932707,0.6025406091278427
47,1490.4283992209025,,,mixed C-H bending / C-C torsion,nu(C8-O9),bond,0.0010824982376185,+,0.00422394307006617,0.3153838863168852
47,1490.4283992209025,,,mixed C-H bending / C-C torsion,tau(C6-C7-C8-O9),dihedral,0.0009617710624315441,-,-0.0038136186407520174,0.3437522879047999
47,1490.4283992209025,,,mixed C-H bending / C-C torsion,nu(N5-C6),bond,0.0008700761564290899,-,-0.0037370883720446225,0.3238463052348426
47,1490.4283992209025,,,mixed C-H bending / C-C torsion,nu(C8-H21),bond,0.0008022763043415974,-,-0.0036386234985866586,0.31499099646613576
47,1490.4283992209025,,,mixed C-H bending / C-C torsion,delta(N5-C6-C7),angle,0.0007377710214412664,-,-0.0018056772513258895,1.1762232354515754
47,1490.4283992209025,,,mixed C-H bending / C-C torsion,delta(C7-C8-H21),angle,0.0004292248987992466,-,-0.0016202851300608863,0.8498659491447228
47,1490.4283992209025,,,mixed C-H bending / C-C torsion,tau(C3-N5-C6-H17),dihedral,6.76258742343573e-05,+,0.0013089759346640367,0.20516250023230395
47,1490.4283992209025,,,mixed C-H bending / C-C torsion,tau(H21-C8-O9-H22),dihedral,6.331021487085199e-05,-,-0.0065571944027722285,0.007653958151576438
47,1490.4283992209025,,,mixed C-H bending / C-C torsion,tau(C3-N5-C6-H18),dihedral,3.708872428576397e-05,+,0.0010033656639885414,0.19150135016784978
47,1490.4283992209025,,,mixed C-H bending / C-C torsion,nu(O9-H22),bond,2.0981165256297634e-05,-,-0.0004576417782441446,0.5207468965628298
47,1490.4283992209025,,,mixed C-H bending / C-C torsion,nu(C6-H17),bond,2.3387261473948214e-06,+,0.00019167342665879524,0.33090548953252324
47,1490.4283992209025,,,mixed C-H bending / C-C torsion,"gamma(C3;C2,H13,H14)",oop,1.1897729549214803e-06,-,-0.00010078462132562801,0.6088691511213071
47,1490.4283992209025,,,mixed C-H bending / C-C torsion,nu(C6-H18),bond,8.289869076017685e-09,+,1.1374484606630818e-05,0.33306778735766407
48,1497.0921542445024,,,C-H bending,delta(H19-C7-H20),angle,40.53076793010284,+,0.5650767781111901,0.26978882731842474
48,1497.0921542445024,,,C-H bending,delta(H13-C2-H14),angle,22.724908885205156,-,-0.21871770839606786,1.009690582029088
48,1497.0921542445024,,,C-H bending,tau(N5-C6-C7-H19),dihedral,6.921877408281552,-,-0.2605703565904705,0.21668454548083232
48,1497.0921542445024,,,C-H bending,delta(H15-C4-H16),angle,6.770096402099604,-,-0.2432031072076524,0.24328238400212834
48,1497.0921542445024,,,C-H bending,tau(H13-C2-C3-C4),dihedral,3.8770713333985047,-,-0.10665207478294281,0.7244680264882472
48,1497.0921542445024,,,C-H bending,delta(C6-C7-H20),angle,3.8073258843364775,-,-0.15515242452476202,0.33616846176778953
48,1497.0921542445024,,,C-H bending,tau(H14-C2-C3-C8),dihedral,3.4634447990896016,+,0.09860158875661776,0.7571719090760054
48,1497.0921542445024,,,C-H bending,tau(C3-N5-C6-H17),dihedral,1.2478171996378147,+,0.11369818097916412,0.20516250023230395
48,1497.0921542445024,,,C-H bending,delta(C3-C4-H15),angle,1.1189699407574447,+,0.10176898299316799,0.22963685996427452
48,1497.0921542445024,,,C-H bending,tau(C3-N5-C6-H18),dihedral,1.0539098629968495,-,-0.1081540628735164,0.19150135016784978
48,1497.0921542445024,,,C-H bending,tau(C2-C3-C4-H16),dihedral,0.9661135327808937,-,-0.09176785821434136,0.24383779514721982
48,1497.0921542445024,,,C-H bending,delta(H10-C1-H11),angle,0.9179553774605731,-,-0.09697786013637837,0.20745811382014626
48,1497.0921542445024,,,C-H bending,"gamma(H16;C4,C3,H15)",oop,0.810049340622931,-,-0.10151936190795868,0.16705818655223026
48,1497.0921542445024,,,C-H bending,delta(C1-C2-H14),angle,0.6299934304297234,+,0.05523804754461225,0.43884729955830637
48,1497.0921542445024,,,C-H bending,nu(C3-C4),bond,0.5519013533674911,-,-0.06035321888064535,0.32204356991514493
48,1497.0921542445024,,,C-H bending,delta(N5-C6-H17),angle,0.5362868893442745,+,0.06737147908522756,0.251130270498446
48,1497.0921542445024,,,C-H bending,delta(N5-C6-H18),angle,0.5160396333391426,+,0.06910225835347211,0.2296955728995778
48,1497.0921542445024,,,C-H bending,tau(H11-C1-C2-H13),dihedral,0.48585514594843277,+,0.07662959412378234,0.17586029811300968
48,1497.0921542445024,,,C-H bending,"gamma(H12;C1,H10,H11)",oop,0.4275040048231108,-,-0.055088935441425,0.2994094311841051
48,1497.0921542445024,,,C-H bending,delta(N5-C6-C7),angle,0.34645092907991304,+,0.025020904905265647,1.1762232354515754
48,1497.0921542445024,,,C-H bending,nu(C4-N5),bond,0.3332496742731644,-,-0.04439078312885805,0.35944973574991873
48,1497.0921542445024,,,C-H bending,nu(C7-C8),bond,0.2593129981572681,+,0.04580655339719052,0.2626776389289826
48,1497.0921542445024,,,C-H bending,delta(C3-C2-H14),angle,0.21733065684889927,+,0.027383826308639798,0.6160086042110487
48,1497.0921542445024,,,C-H bending,tau(H12-C1-C2-C3),dihedral,0.21703809908418717,-,-0.05158852113471305,0.17333404380475795
48,1497.0921542445024,,,C-H bending,delta(C2-C3-C8),angle,0.18363443887019323,-,-0.02051584449755641,0.9273194814098629
48,1497.0921542445024,,,C-H bending,nu(C3-N5),bond,0.16722120068416205,-,-0.033106357051829564,0.3242818163336834
48,1497.0921542445024,,,C-H bending,delta(C2-C1-H11),angle,0.11906907705025921,+,0.02580222987072938,0.38013561079786046
48,1497.0921542445024,,,C-H bending,nu(C6-C7),bond,0.10777810624075763,+,0.02640957462665137,0.32844434189084687
48,1497.0921542445024,,,C-H bending,delta(C3-C8-H21),angle,0.09613100735099708,+,0.017061642509406595,0.7019010077438758
48,1497.0921542445024,,,C-H bending,delta(C7-C8-H21),angle,0.09021476015052436,-,-0.015020715111188614,0.8498659491447228
48,1497.0921542445024,,,C-H bending,delta(C2-C1-H12),angle,0.08935020718770102,-,-0.02219520990280204,0.38550596241050855
48,1497.0921542445024,,,C-H bending,nu(C7-H19),bond,0.05779621466478833,-,-0.019151475523172378,0.3349260785391822
48,1497.0921542445024,,,C-H bending,delta(C1-C2-C3),angle,0.05485830963087408,+,0.017097211070282003,0.39888336380392314
48,1497.0921542445024,,,C-H bending,nu(C7-H20),bond,0.05187858442136601,-,-0.018153348973707878,0.33460209280992387
48,1497.0921542445024,,,C-H bending,"gamma(C3;C2,H13,H14)",oop,0.04378756571621739,+,0.012363471727175918,0.6088691511213071
48,1497.0921542445024,,,C-H bending,tau(C8-C3-C4-N5),dihedral,0.039617206590523056,+,0.008390856652320986,1.195983795278429
48,1497.0921542445024,,,C-H bending,nu(C1-C2),bond,0.03186063248922483,-,-0.015676313697376244,0.2755627756868186
48,1497.0921542445024,,,C-H bending,nu(C3-C8),bond,0.022935533161224594,+,0.01215200628872263,0.33011626112312614
48,1497.0921542445024,,,C-H bending,delta(O9-C8-H21),angle,0.01644227584138419,+,0.006228934620591891,0.9007171530836973
48,1497.0921542445024,,,C-H bending,nu(C6-H18),bond,0.012376195099436233,+,0.008886981617773739,0.33306778735766407
48,1497.0921542445024,,,C-H bending,nu(C2-C3),bond,0.012127948767941538,+,0.009462080986598356,0.2879175118810551
48,1497.0921542445024,,,C-H bending,nu(C8-O9),bond,0.010737732881945515,-,-0.008506748086964019,0.3153838863168852
48,1497.0921542445024,,,C-H bending,"gamma(C8;C7,H19,H20)",oop,0.010334049242063485,-,-0.010162220154633136,0.21269014963965546
48,1497.0921542445024,,,C-H bending,tau(C4-C3-N5-C6),dihedral,0.010295672445814275,-,-0.005977523010544617,0.6124438142435374
48,1497.0921542445024,,,C-H bending,nu(C2-H13),bond,0.0067937875188193815,+,0.0066833527395727755,0.32327881233108835
48,1497.0921542445024,,,C-H bending,nu(C6-H17),bond,0.006742421927899754,+,0.00658086529972269,0.33090548953252324
48,1497.0921542445024,,,C-H bending,nu(C2-H14),bond,0.005408328783610497,+,0.005884163714532028,0.33200730465984796
48,1497.0921542445024,,,C-H bending,nu(C4-H16),bond,0.005373543745080452,+,0.005711505949658602,0.3501172997314638
48,1497.0921542445024,,,C-H bending,nu(C4-H15),bond,0.004645606336108727,+,0.005310184233270369,0.3501686615835324
48,1497.0921542445024,,,C-H bending,nu(C1-H12),bond,0.002891399735672461,-,-0.004287769171840662,0.33427153116902686
48,1497.0921542445024,,,C-H bending,nu(C1-H11),bond,0.002557377474979164,+,0.0040329788814815444,0.3341927227283412
48,1497.0921542445024,,,C-H bending,nu(N5-C6),bond,0.0024687654699076596,-,-0.004025292723857757,0.3238463052348426
48,1497.0921542445024,,,C-H bending,tau(H21-C8-O9-H22),dihedral,0.0012158967261513974,-,-0.018375210681328635,0.007653958151576438
48,1497.0921542445024,,,C-H bending,nu(C8-H21),bond,0.0007817663787312059,-,-0.0022967644034717037,0.31499099646613576
48,1497.0921542445024,,,C-H bending,delta(C8-O9-H22),angle,0.0006778717865342996,-,-0.002881995030969877,0.17346631468839127
48,1497.0921542445024,,,C-H bending,tau(N5-C3-C8-O9),dihedral,0.0003800153534360257,+,0.0011578023719219963,0.6025406091278427
48,1497.0921542445024,,,C-H bending,tau(C6-C7-C8-O9),dihedral,0.00030019036203209645,+,0.0013623936097993156,0.3437522879047999
48,1497.0921542445024,,,C-H bending,nu(C1-H10),bond,2.8853136994154942e-05,+,0.0004249771315765057,0.33955956196528847
48,1497.0921542445024,,,C-H bending,tau(C2-C3-N5-C6),dihedral,1.5784796418049026e-05,+,0.00019884385324938237,0.8485329137332114
48,1497.0921542445024,,,C-H bending,nu(O9-H22),bond,9.605143612208544e-07,+,6.261315824941638e-05,0.5207468965628298
49,1499.2572216645515,,,mixed C-C torsion / C-H bending,tau(H12-C1-C2-C3),dihedral,54.76238855556038,-,-0.3841231833977675,0.17333404380475795
49,1499.2572216645515,,,mixed C-C torsion / C-H bending,delta(C2-C1-H11),angle,17.624645198072013,+,0.14715064710279432,0.38013561079786046
49,1499.2572216645515,,,mixed C-C torsion / C-H bending,tau(H11-C1-C2-H13),dihedral,10.161651392794688,+,0.16427425493952136,0.17586029811300968
49,1499.2572216645515,,,mixed C-C torsion / C-H bending,delta(H13-C2-H14),angle,7.1540058250779515,+,0.05752435459999991,1.009690582029088
49,1499.2572216645515,,,mixed C-C torsion / C-H bending,tau(H14-C2-C3-C8),dihedral,4.711396900487844,-,-0.05390745909074708,0.7571719090760054
49,1499.2572216645515,,,mixed C-C torsion / C-H bending,delta(H19-C7-H20),angle,2.1780701528053084,-,-0.061403795179309585,0.26978882731842474
49,1499.2572216645515,,,mixed C-C torsion / C-H bending,delta(C1-C2-H14),angle,0.886382234422732,-,-0.030713200089070077,0.43884729955830637
49,1499.2572216645515,,,mixed C-C torsion / C-H bending,tau(N5-C6-C7-H19),dihedral,0.33151295712731466,+,0.026730528640252906,0.21668454548083232
49,1499.2572216645515,,,mixed C-C torsion / C-H bending,delta(O9-C8-H21),angle,0.31805333812142,+,0.012841833211276783,0.9007171530836973
49,1499.2572216645515,,,mixed C-C torsion / C-H bending,delta(C3-C8-H21),angle,0.2922699645556586,-,-0.013945221705346046,0.7019010077438758
49,1499.2572216645515,,,mixed C-C torsion / C-H bending,delta(C6-C7-H20),angle,0.2508805986402119,+,0.01866922620780928,0.33616846176778953
49,1499.2572216645515,,,mixed C-C torsion / C-H bending,"gamma(H12;C1,H10,H11)",oop,0.23087675932844945,-,-0.018977047015869664,0.2994094311841051
49,1499.2572216645515,,,mixed C-C torsion / C-H bending,nu(C1-H11),bond,0.2289560850237714,+,0.017887467743588827,0.3341927227283412
49,1499.2572216645515,,,mixed C-C torsion / C-H bending,nu(C1-H10),bond,0.1806015529742912,-,-0.015760646223575297,0.33955956196528847
49,1499.2572216645515,,,mixed C-C torsion / C-H bending,tau(C2-C3-N5-C6),dihedral,0.07233773719013886,+,0.006309854952124629,0.8485329137332114
49,1499.2572216645515,,,mixed C-C torsion / C-H bending,delta(C2-C1-H12),angle,0.06809261127527567,-,-0.009082506296423378,0.38550596241050855
49,1499.2572216645515,,,mixed C-C torsion / C-H bending,tau(C3-N5-C6-H17),dihedral,0.0639552848927433,-,-0.012065921351569477,0.20516250023230395
49,1499.2572216645515,,,mixed C-C torsion / C-H bending,delta(C3-C2-H14),angle,0.056996774141245,-,-0.006573596032273808,0.6160086042110487
49,1499.2572216645515,,,mixed C-C torsion / C-H bending,nu(C3-C4),bond,0.049877024845609734,+,0.008504802182816604,0.32204356991514493
49,1499.2572216645515,,,mixed C-C torsion / C-H bending,delta(N5-C6-H17),angle,0.04727733917842356,-,-0.00937666161555467,0.251130270498446
49,1499.2572216645515,,,mixed C-C torsion / C-H bending,tau(C3-N5-C6-H18),dihedral,0.03458474358526053,+,0.009183910075009231,0.19150135016784978
49,1499.2572216645515,,,mixed C-C torsion / C-H bending,delta(H15-C4-H16),angle,0.03376627683754858,+,0.008051142614848026,0.24328238400212834
49,1499.2572216645515,,,mixed C-C torsion / C-H bending,delta(N5-C6-H18),angle,0.033727197490587627,-,-0.008281043732280922,0.2296955728995778
49,1499.2572216645515,,,mixed C-C torsion / C-H bending,delta(C2-C3-C8),angle,0.027703312686484027,-,-0.003735273638555749,0.9273194814098629
49,1499.2572216645515,,,mixed C-C torsion / C-H bending,"gamma(C8;C7,H19,H20)",oop,0.021455219906259457,+,0.006863791134325791,0.21269014963965546
49,1499.2572216645515,,,mixed C-C torsion / C-H bending,nu(C6-C7),bond,0.017380380221766238,-,-0.004971300399258054,0.32844434189084687
49,1499.2572216645515,,,mixed C-C torsion / C-H bending,nu(C1-C2),bond,0.017004494896325155,+,0.005368375126414149,0.2755627756868186
49,1499.2572216645515,,,mixed C-C torsion / C-H bending,delta(C8-O9-H22),angle,0.015942203328617142,-,-0.006551456453561461,0.17346631468839127
49,1499.2572216645515,,,mixed C-C torsion / C-H bending,delta(N5-C6-C7),angle,0.015129377881784877,-,-0.0024509639342358623,1.1762232354515754
49,1499.2572216645515,,,mixed C-C torsion / C-H bending,nu(C2-H14),bond,0.013723710091386366,-,-0.004393728435398997,0.33200730465984796
49,1499.2572216645515,,,mixed C-C torsion / C-H bending,nu(C8-O9),bond,0.013415982917859075,-,-0.004457206557688956,0.3153838863168852
49,1499.2572216645515,,,mixed C-C torsion / C-H bending,"gamma(H16;C4,C3,H15)",oop,0.010869667778938661,+,0.005512460831057828,0.16705818655223026
49,1499.2572216645515,,,mixed C-C torsion / C-H bending,tau(N5-C3-C8-O9),dihedral,0.008900815773349264,-,-0.002626594362247787,0.6025406091278427
49,1499.2572216645515,,,mixed C-C torsion / C-H bending,nu(C3-N5),bond,0.008783186549631965,+,0.003556608137273659,0.3242818163336834
49,1499.2572216645515,,,mixed C-C torsion / C-H bending,nu(C4-N5),bond,0.008422176751985781,+,0.003307991265313714,0.35944973574991873
49,1499.2572216645515,,,mixed C-C torsion / C-H bending,delta(C3-C4-H15),angle,0.007499719804407122,-,-0.0039054670846078235,0.22963685996427452
49,1499.2572216645515,,,mixed C-C torsion / C-H bending,delta(C1-C2-C3),angle,0.0056790175954548935,-,-0.002578605520229604,0.39888336380392314
49,1499.2572216645515,,,mixed C-C torsion / C-H bending,nu(C3-C8),bond,0.0052195898747973805,+,0.002717415159719842,0.33011626112312614
49,1499.2572216645515,,,mixed C-C torsion / C-H bending,tau(C8-C3-C4-N5),dihedral,0.004577207782439356,+,0.0013369308009119917,1.195983795278429
49,1499.2572216645515,,,mixed C-C torsion / C-H bending,nu(C7-H19),bond,0.0035942980419177437,+,0.002238740848639656,0.3349260785391822
49,1499.2572216645515,,,mixed C-C torsion / C-H bending,tau(C2-C3-C4-H16),dihedral,0.003528204230100107,+,0.0025995466147567085,0.24383779514721982
49,1499.2572216645515,,,mixed C-C torsion / C-H bending,nu(N5-C6),bond,0.003086961879638669,+,0.002109926966037471,0.3238463052348426
49,1499.2572216645515,,,mixed C-C torsion / C-H bending,nu(C7-H20),bond,0.002711461688556435,+,0.0019453989291010909,0.33460209280992387
49,1499.2572216645515,,,mixed C-C torsion / C-H bending,tau(C6-C7-C8-O9),dihedral,0.002690552077594276,+,0.0019119175746089342,0.3437522879047999
49,1499.2572216645515,,,mixed C-C torsion / C-H bending,delta(C7-C8-H21),angle,0.0021266339605023033,-,-0.0010810416350918804,0.8498659491447228
49,1499.2572216645515,,,mixed C-C torsion / C-H bending,nu(C7-C8),bond,0.0016952967002730926,-,-0.0017361313088426326,0.2626776389289826
49,1499.2572216645515,,,mixed C-C torsion / C-H bending,nu(C8-H21),bond,0.0015833336721377336,+,0.0015321751575546546,0.31499099646613576
49,1499.2572216645515,,,mixed C-C torsion / C-H bending,tau(H13-C2-C3-C4),dihedral,0.0012409184399524052,+,0.0008944030473285714,0.7244680264882472
49,1499.2572216645515,,,mixed C-C torsion / C-H bending,tau(H21-C8-O9-H22),dihedral,0.0008100536007479046,+,0.0070304819804498635,0.007653958151576438
49,1499.2572216645515,,,mixed C-C torsion / C-H bending,nu(C2-C3),bond,0.000708484372749396,-,-0.0010720186974278198,0.2879175118810551
49,1499.2572216645515,,,mixed C-C torsion / C-H bending,nu(C6-H18),bond,0.0006193653973536476,-,-0.0009319195360359608,0.33306778735766407
49,1499.2572216645515,,,mixed C-C torsion / C-H bending,nu(C2-H13),bond,0.0005279209035381461,+,0.0008733072610647948,0.32327881233108835
49,1499.2572216645515,,,mixed C-C torsion / C-H bending,nu(C6-H17),bond,0.00034700252479362225,-,-0.0006998187821128369,0.33090548953252324
49,1499.2572216645515,,,mixed C-C torsion / C-H bending,nu(O9-H22),bond,0.0001637449829997106,+,0.00038321448701288244,0.5207468965628298
49,1499.2572216645515,,,mixed C-C torsion / C-H bending,"gamma(C3;C2,H13,H14)",oop,0.00014880675207719284,+,0.0003378474118035576,0.6088691511213071
49,1499.2572216645515,,,mixed C-C torsion / C-H bending,nu(C1-H12),bond,0.0001415661034935216,-,-0.00044473489505806826,0.33427153116902686
49,1499.2572216645515,,,mixed C-C torsion / C-H bending,nu(C4-H15),bond,0.00012508175339679748,-,-0.0004084412577606259,0.3501686615835324
49,1499.2572216645515,,,mixed C-C torsion / C-H bending,nu(C4-H16),bond,0.0001216955254616035,+,0.0004029041889156906,0.3501172997314638
49,1499.2572216645515,,,mixed C-C torsion / C-H bending,delta(H10-C1-H11),angle,1.5185999058281094e-05,+,0.00018489609310233475,0.20745811382014626
49,1499.2572216645515,,,mixed C-C torsion / C-H bending,tau(C4-C3-N5-C6),dihedral,8.631233500902056e-07,-,-2.5655150654899245e-05,0.6124438142435374
50,1507.4170103875229,,,mixed ring-site C-H out-of-plane bending / C-H bending,delta(H15-C4-H16),angle,22.784926829865512,-,-0.29870990026929756,0.24328238400212834
50,1507.4170103875229,,,mixed ring-site C-H out-of-plane bending / C-H bending,tau(C3-N5-C6-H18),dihedral,19.17700052488835,+,0.30887698479290954,0.19150135016784978
50,1507.4170103875229,,,mixed ring-site C-H out-of-plane bending / C-H bending,tau(C3-N5-C6-H17),dihedral,18.658461080126532,-,-0.2943540720718004,0.20516250023230395
50,1507.4170103875229,,,mixed ring-site C-H out-of-plane bending / C-H bending,delta(H13-C2-H14),angle,6.64205565739028,-,-0.0791659142780266,1.009690582029088
50,1507.4170103875229,,,mixed ring-site C-H out-of-plane bending / C-H bending,delta(N5-C6-H17),angle,5.470454246328167,-,-0.14405996071146812,0.251130270498446
50,1507.4170103875229,,,mixed ring-site C-H out-of-plane bending / C-H bending,delta(C3-C4-H15),angle,3.73107804277155,+,0.12441636135977235,0.22963685996427452
50,1507.4170103875229,,,mixed ring-site C-H out-of-plane bending / C-H bending,delta(N5-C6-H18),angle,3.3436641101965976,-,-0.11776497348332197,0.2296955728995778
50,1507.4170103875229,,,mixed ring-site C-H out-of-plane bending / C-H bending,tau(C2-C3-C4-H16),dihedral,2.39278897176517,-,-0.09669027981696646,0.24383779514721982
50,1507.4170103875229,,,mixed ring-site C-H out-of-plane bending / C-H bending,delta(H19-C7-H20),angle,2.3619777886516817,+,0.09132865328127793,0.26978882731842474
50,1507.4170103875229,,,mixed ring-site C-H out-of-plane bending / C-H bending,"gamma(H16;C4,C3,H15)",oop,2.2408857886938955,-,-0.11304649692777351,0.16705818655223026
50,1507.4170103875229,,,mixed ring-site C-H out-of-plane bending / C-H bending,delta(H10-C1-H11),angle,2.1477773849009534,-,-0.09931401720523365,0.20745811382014626
50,1507.4170103875229,,,mixed ring-site C-H out-of-plane bending / C-H bending,delta(N5-C6-C7),angle,1.5607812148357854,-,-0.03555553900411206,1.1762232354515754
50,1507.4170103875229,,,mixed ring-site C-H out-of-plane bending / C-H bending,tau(H13-C2-C3-C4),dihedral,1.343141973231947,-,-0.04202739561220307,0.7244680264882472
50,1507.4170103875229,,,mixed ring-site C-H out-of-plane bending / C-H bending,tau(H14-C2-C3-C8),dihedral,1.0860784749951269,+,0.03696702368567031,0.7571719090760054
50,1507.4170103875229,,,mixed ring-site C-H out-of-plane bending / C-H bending,nu(C3-C4),bond,1.078500947892956,-,-0.05648512298073937,0.32204356991514493
50,1507.4170103875229,,,mixed ring-site C-H out-of-plane bending / C-H bending,nu(C6-C7),bond,1.025566456549003,+,0.05454213585276007,0.32844434189084687
50,1507.4170103875229,,,mixed ring-site C-H out-of-plane bending / C-H bending,delta(C7-C8-H21),angle,0.8440201383635153,-,-0.03075971584451783,0.8498659491447228
50,1507.4170103875229,,,mixed ring-site C-H out-of-plane bending / C-H bending,"gamma(H12;C1,H10,H11)",oop,0.7182421432761621,-,-0.04780615696715139,0.2994094311841051
50,1507.4170103875229,,,mixed ring-site C-H out-of-plane bending / C-H bending,tau(N5-C6-C7-H19),dihedral,0.353072501541044,-,-0.03940026182145517,0.21668454548083232
50,1507.4170103875229,,,mixed ring-site C-H out-of-plane bending / C-H bending,delta(O9-C8-H21),angle,0.3010265418507336,+,0.017843880545749154,0.9007171530836973
50,1507.4170103875229,,,mixed ring-site C-H out-of-plane bending / C-H bending,delta(C1-C2-H14),angle,0.2962723780480791,+,0.025361211493538333,0.43884729955830637
50,1507.4170103875229,,,mixed ring-site C-H out-of-plane bending / C-H bending,nu(C4-N5),bond,0.269894145817203,-,-0.02674599611092917,0.35944973574991873
50,1507.4170103875229,,,mixed ring-site C-H out-of-plane bending / C-H bending,nu(N5-C6),bond,0.26576436672404874,+,0.027961472051127614,0.3238463052348426
50,1507.4170103875229,,,mixed ring-site C-H out-of-plane bending / C-H bending,delta(C3-C8-H21),angle,0.2479341420578339,+,0.018344731691303667,0.7019010077438758
50,1507.4170103875229,,,mixed ring-site C-H out-of-plane bending / C-H bending,delta(C2-C3-C8),angle,0.23759509791811573,-,-0.015623746197256495,0.9273194814098629
50,1507.4170103875229,,,mixed ring-site C-H out-of-plane bending / C-H bending,delta(C2-C1-H12),angle,0.23463665435615336,-,-0.024080389548332554,0.38550596241050855
50,1507.4170103875229,,,mixed ring-site C-H out-of-plane bending / C-H bending,delta(C6-C7-H20),angle,0.16573228545185859,-,-0.02167235996221635,0.33616846176778953
50,1507.4170103875229,,,mixed ring-site C-H out-of-plane bending / C-H bending,nu(C6-H18),bond,0.13885578921858177,-,-0.019929518620057925,0.33306778735766407
50,1507.4170103875229,,,mixed ring-site C-H out-of-plane bending / C-H bending,nu(C7-C8),bond,0.12370544854307686,+,0.021181855029734124,0.2626776389289826
50,1507.4170103875229,,,mixed ring-site C-H out-of-plane bending / C-H bending,nu(C6-H17),bond,0.11831530994359446,-,-0.01845651143579782,0.33090548953252324
50,1507.4170103875229,,,mixed ring-site C-H out-of-plane bending / C-H bending,"gamma(C3;C2,H13,H14)",oop,0.10306556948641792,+,0.01269918785108266,0.6088691511213071
50,1507.4170103875229,,,mixed ring-site C-H out-of-plane bending / C-H bending,nu(C3-N5),bond,0.083422093148669,-,-0.0156552631480627,0.3242818163336834
50,1507.4170103875229,,,mixed ring-site C-H out-of-plane bending / C-H bending,delta(C2-C1-H11),angle,0.07731257823635598,+,0.013919926095290034,0.38013561079786046
50,1507.4170103875229,,,mixed ring-site C-H out-of-plane bending / C-H bending,tau(C2-C3-N5-C6),dihedral,0.07340880333057215,+,0.009078641252155763,0.8485329137332114
50,1507.4170103875229,,,mixed ring-site C-H out-of-plane bending / C-H bending,nu(C2-C3),bond,0.05821651247107667,+,0.013879383675825186,0.2879175118810551
50,1507.4170103875229,,,mixed ring-site C-H out-of-plane bending / C-H bending,nu(C4-H16),bond,0.04152094773169536,+,0.010629380970084945,0.3501172997314638
50,1507.4170103875229,,,mixed ring-site C-H out-of-plane bending / C-H bending,tau(H11-C1-C2-H13),dihedral,0.038076583444984546,-,-0.014362373386049848,0.17586029811300968
50,1507.4170103875229,,,mixed ring-site C-H out-of-plane bending / C-H bending,nu(C4-H15),bond,0.025239183432970314,+,0.008286671847231804,0.3501686615835324
50,1507.4170103875229,,,mixed ring-site C-H out-of-plane bending / C-H bending,delta(C1-C2-C3),angle,0.022546981120309586,+,0.007338416685833076,0.39888336380392314
50,1507.4170103875229,,,mixed ring-site C-H out-of-plane bending / C-H bending,tau(C6-C7-C8-O9),dihedral,0.0190994230684244,-,-0.007275593979711379,0.3437522879047999
50,1507.4170103875229,,,mixed ring-site C-H out-of-plane bending / C-H bending,nu(C1-C2),bond,0.018883573288762265,-,-0.008080029435971133,0.2755627756868186
50,1507.4170103875229,,,mixed ring-site C-H out-of-plane bending / C-H bending,tau(C8-C3-C4-N5),dihedral,0.018123213291626587,+,0.003799584281557388,1.195983795278429
50,1507.4170103875229,,,mixed ring-site C-H out-of-plane bending / C-H bending,nu(C8-O9),bond,0.014877850910263814,-,-0.006703961015544352,0.3153838863168852
50,1507.4170103875229,,,mixed ring-site C-H out-of-plane bending / C-H bending,nu(C3-C8),bond,0.00868038288369847,+,0.005005150160032765,0.33011626112312614
50,1507.4170103875229,,,mixed ring-site C-H out-of-plane bending / C-H bending,tau(H21-C8-O9-H22),dihedral,0.006646627378173277,-,-0.028763302821771215,0.007653958151576438
50,1507.4170103875229,,,mixed ring-site C-H out-of-plane bending / C-H bending,nu(C7-H20),bond,0.006379980002992862,-,-0.004262127736705721,0.33460209280992387
50,1507.4170103875229,,,mixed ring-site C-H out-of-plane bending / C-H bending,tau(C4-C3-N5-C6),dihedral,0.004845029531857975,+,0.002745340501490022,0.6124438142435374
50,1507.4170103875229,,,mixed ring-site C-H out-of-plane bending / C-H bending,nu(C1-H12),bond,0.004344588615272065,-,-0.0035188905889965197,0.33427153116902686
50,1507.4170103875229,,,mixed ring-site C-H out-of-plane bending / C-H bending,"gamma(C8;C7,H19,H20)",oop,0.0036761162658549783,+,0.004057906724352623,0.21269014963965546
50,1507.4170103875229,,,mixed ring-site C-H out-of-plane bending / C-H bending,nu(C2-H13),bond,0.002179781614277763,+,0.0025345391314596727,0.32327881233108835
50,1507.4170103875229,,,mixed ring-site C-H out-of-plane bending / C-H bending,nu(C1-H10),bond,0.0019200823724785628,+,0.002321042416399105,0.33955956196528847
50,1507.4170103875229,,,mixed ring-site C-H out-of-plane bending / C-H bending,tau(H12-C1-C2-C3),dihedral,0.0018424420065537572,-,-0.0031822632837456297,0.17333404380475795
50,1507.4170103875229,,,mixed ring-site C-H out-of-plane bending / C-H bending,nu(C2-H14),bond,0.0017048301753188541,+,0.0022118102767584662,0.33200730465984796
50,1507.4170103875229,,,mixed ring-site C-H out-of-plane bending / C-H bending,tau(N5-C3-C8-O9),dihedral,0.001412712828649354,+,0.0014945653611349223,0.6025406091278427
50,1507.4170103875229,,,mixed ring-site C-H out-of-plane bending / C-H bending,nu(C1-H11),bond,0.0012262958886238573,+,0.0018697359180088412,0.3341927227283412
50,1507.4170103875229,,,mixed ring-site C-H out-of-plane bending / C-H bending,delta(C8-O9-H22),angle,0.0007775291533600141,+,0.002066483272364512,0.17346631468839127
50,1507.4170103875229,,,mixed ring-site C-H out-of-plane bending / C-H bending,nu(C8-H21),bond,0.00031121300923297806,+,0.0009701992409332902,0.31499099646613576
50,1507.4170103875229,,,mixed ring-site C-H out-of-plane bending / C-H bending,nu(O9-H22),bond,4.761440439225545e-05,-,-0.0002951460409653089,0.5207468965628298
50,1507.4170103875229,,,mixed ring-site C-H out-of-plane bending / C-H bending,nu(C7-H19),bond,4.777000286822188e-06,-,-0.00011656932470831724,0.3349260785391822
50,1507.4170103875229,,,mixed ring-site C-H out-of-plane bending / C-H bending,delta(C3-C2-H14),angle,2.477132964670013e-07,+,1.957322549392371e-05,0.6160086042110487
51,1513.048689523564,,,mixed C-H bending / C-C torsion,delta(H13-C2-H14),angle,37.52567922739923,+,0.32210291607403957,1.009690582029088
51,1513.048689523564,,,mixed C-H bending / C-C torsion,delta(H10-C1-H11),angle,23.226147970064936,-,-0.5590464707268237,0.20745811382014626
51,1513.048689523564,,,mixed C-H bending / C-C torsion,tau(H11-C1-C2-H13),dihedral,13.770959478936623,-,-0.46754425619454837,0.17586029811300968
51,1513.048689523564,,,mixed C-H bending / C-C torsion,"gamma(H12;C1,H10,H11)",oop,6.6525570569503145,-,-0.24904974092285787,0.2994094311841051
51,1513.048689523564,,,mixed C-H bending / C-C torsion,tau(H14-C2-C3-C8),dihedral,4.46485167098833,-,-0.12830122396263954,0.7571719090760054
51,1513.048689523564,,,mixed C-H bending / C-C torsion,tau(H13-C2-C3-C4),dihedral,4.218081273274841,+,0.12748890426006726,0.7244680264882472
51,1513.048689523564,,,mixed C-H bending / C-C torsion,delta(C2-C1-H12),angle,3.286811602818944,-,-0.15427529457964134,0.38550596241050855
51,1513.048689523564,,,mixed C-H bending / C-C torsion,delta(C3-C2-H14),angle,3.0385701975953627,-,-0.11734532069272192,0.6160086042110487
51,1513.048689523564,,,mixed C-H bending / C-C torsion,"gamma(C3;C2,H13,H14)",oop,1.3727684854571853,+,0.07933433637990067,0.6088691511213071
51,1513.048689523564,,,mixed C-H bending / C-C torsion,delta(C2-C1-H11),angle,1.206271545179819,+,0.09411910573190642,0.38013561079786046
51,1513.048689523564,,,mixed C-H bending / C-C torsion,nu(C2-C3),bond,0.5028029090783146,+,0.0698215328371585,0.2879175118810551
51,1513.048689523564,,,mixed C-H bending / C-C torsion,delta(C1-C2-H14),angle,0.12816856033865498,-,-0.02855344845113801,0.43884729955830637
51,1513.048689523564,,,mixed C-H bending / C-C torsion,tau(C3-N5-C6-H17),dihedral,0.09252097029290665,+,0.03548098159123209,0.20516250023230395
51,1513.048689523564,,,mixed C-H bending / C-C torsion,delta(H19-C7-H20),angle,0.09089573636560294,-,-0.030667918772588627,0.26978882731842474
51,1513.048689523564,,,mixed C-H bending / C-C torsion,tau(C3-N5-C6-H18),dihedral,0.06797091796487742,-,-0.03147749588498504,0.19150135016784978
51,1513.048689523564,,,mixed C-H bending / C-C torsion,tau(C8-C3-C4-N5),dihedral,0.037072440766285346,+,0.009302238510349444,1.195983795278429
51,1513.048689523564,,,mixed C-H bending / C-C torsion,nu(C1-H12),bond,0.03183346507007386,-,-0.016304849335047437,0.33427153116902686
51,1513.048689523564,,,mixed C-H bending / C-C torsion,nu(C3-N5),bond,0.02949544877331446,-,-0.01593458415215507,0.3242818163336834
51,1513.048689523564,,,mixed C-H bending / C-C torsion,delta(N5-C6-H17),angle,0.028490822704977013,+,0.017796208743104634,0.251130270498446
51,1513.048689523564,,,mixed C-H bending / C-C torsion,delta(C1-C2-C3),angle,0.02589809009956556,-,-0.013462801277502639,0.39888336380392314
51,1513.048689523564,,,mixed C-H bending / C-C torsion,delta(O9-C8-H21),angle,0.023835675727070745,+,0.008594963680661817,0.9007171530836973
51,1513.048689523564,,,mixed C-H bending / C-C torsion,nu(C3-C4),bond,0.02383208597148893,-,-0.014373026975836652,0.32204356991514493
51,1513.048689523564,,,mixed C-H bending / C-C torsion,nu(C1-H10),bond,0.01677573510235551,+,0.01174376429027655,0.33955956196528847
51,1513.048689523564,,,mixed C-H bending / C-C torsion,tau(H12-C1-C2-C3),dihedral,0.016134653667539238,+,0.016119902759414478,0.17333404380475795
51,1513.048689523564,,,mixed C-H bending / C-C torsion,delta(C6-C7-H20),angle,0.01394651513003005,+,0.010761650808537766,0.33616846176778953
51,1513.048689523564,,,mixed C-H bending / C-C torsion,nu(C1-H11),bond,0.013525544689631698,+,0.010629269435790416,0.3341927227283412
51,1513.048689523564,,,mixed C-H bending / C-C torsion,nu(C6-C7),bond,0.013475523868999605,-,-0.010702037411992882,0.32844434189084687
51,1513.048689523564,,,mixed C-H bending / C-C torsion,tau(N5-C6-C7-H19),dihedral,0.010299042570032339,+,0.01151884637754086,0.21668454548083232
51,1513.048689523564,,,mixed C-H bending / C-C torsion,delta(C2-C3-C8),angle,0.009628084771391278,-,-0.005383686833243506,0.9273194814098629
51,1513.048689523564,,,mixed C-H bending / C-C torsion,delta(N5-C6-H18),angle,0.008799213000639645,+,0.010341180803251217,0.2296955728995778
51,1513.048689523564,,,mixed C-H bending / C-C torsion,nu(C4-N5),bond,0.007797756323783466,-,-0.007781982929491213,0.35944973574991873
51,1513.048689523564,,,mixed C-H bending / C-C torsion,nu(C2-H13),bond,0.007169784468966412,-,-0.007868445800670908,0.32327881233108835
51,1513.048689523564,,,mixed C-H bending / C-C torsion,delta(C7-C8-H21),angle,0.005263400071231064,-,-0.004157981041575713,0.8498659491447228
51,1513.048689523564,,,mixed C-H bending / C-C torsion,tau(C2-C3-C4-H16),dihedral,0.004914537585623327,+,0.0075009340566712275,0.24383779514721982
51,1513.048689523564,,,mixed C-H bending / C-C torsion,tau(C2-C3-N5-C6),dihedral,0.004752551515242579,+,0.003954154172867346,0.8485329137332114
51,1513.048689523564,,,mixed C-H bending / C-C torsion,"gamma(C8;C7,H19,H20)",oop,0.004109785274284864,+,0.007344469063131958,0.21269014963965546
51,1513.048689523564,,,mixed C-H bending / C-C torsion,delta(N5-C6-C7),angle,0.0038489330791398706,+,0.003022385320625663,1.1762232354515754
51,1513.048689523564,,,mixed C-H bending / C-C torsion,nu(C2-H14),bond,0.0034007638096246653,-,-0.005347354101795981,0.33200730465984796
51,1513.048689523564,,,mixed C-H bending / C-C torsion,delta(H15-C4-H16),angle,0.0022321165878592176,+,0.005060898582013776,0.24328238400212834
51,1513.048689523564,,,mixed C-H bending / C-C torsion,nu(C1-C2),bond,0.0021608619830898517,-,-0.0046787276707078345,0.2755627756868186
51,1513.048689523564,,,mixed C-H bending / C-C torsion,delta(C8-O9-H22),angle,0.0016084472494676512,-,-0.005087686746672814,0.17346631468839127
51,1513.048689523564,,,mixed C-H bending / C-C torsion,delta(C3-C4-H15),angle,0.0010210815009027896,+,0.0035231727036167003,0.22963685996427452
51,1513.048689523564,,,mixed C-H bending / C-C torsion,nu(C8-O9),bond,0.0008947187399190127,-,-0.0028141552000335726,0.3153838863168852
51,1513.048689523564,,,mixed C-H bending / C-C torsion,tau(C6-C7-C8-O9),dihedral,0.0006090407456215678,+,0.002223949410708402,0.3437522879047999
51,1513.048689523564,,,mixed C-H bending / C-C torsion,tau(C4-C3-N5-C6),dihedral,0.00044168887613610646,+,0.001418892956861937,0.6124438142435374
51,1513.048689523564,,,mixed C-H bending / C-C torsion,nu(C6-H17),bond,0.0004206075290155513,+,0.0018836970759144233,0.33090548953252324
51,1513.048689523564,,,mixed C-H bending / C-C torsion,nu(C6-H18),bond,0.0003639657166671971,+,0.0017465798732081998,0.33306778735766407
51,1513.048689523564,,,mixed C-H bending / C-C torsion,nu(C3-C8),bond,0.00026935451167826434,-,-0.0015092222411573482,0.33011626112312614
51,1513.048689523564,,,mixed C-H bending / C-C torsion,nu(C7-H20),bond,0.00013704542574235936,+,0.0010692825366527224,0.33460209280992387
51,1513.048689523564,,,mixed C-H bending / C-C torsion,nu(C8-H21),bond,0.00011321066188739888,+,0.0010016572134468056,0.31499099646613576
51,1513.048689523564,,,mixed C-H bending / C-C torsion,delta(C3-C8-H21),angle,0.00010486035087702731,+,0.0006457913872969995,0.7019010077438758
51,1513.048689523564,,,mixed C-H bending / C-C torsion,nu(N5-C6),bond,9.619785336071232e-05,+,0.0009106211763773574,0.3238463052348426
51,1513.048689523564,,,mixed C-H bending / C-C torsion,nu(C7-H19),bond,6.533624520668547e-05,+,0.0007379503317412753,0.3349260785391822
51,1513.048689523564,,,mixed C-H bending / C-C torsion,nu(C4-H16),bond,4.8060891873346e-05,-,-0.0006190327928648432,0.3501172997314638
51,1513.048689523564,,,mixed C-H bending / C-C torsion,nu(C7-C8),bond,3.158118415852829e-05,+,0.0005793315512220233,0.2626776389289826
51,1513.048689523564,,,mixed C-H bending / C-C torsion,"gamma(H16;C4,C3,H15)",oop,1.5679318721898984e-05,+,0.0005118635933481105,0.16705818655223026
51,1513.048689523564,,,mixed C-H bending / C-C torsion,tau(N5-C3-C8-O9),dihedral,5.015126243953926e-06,-,-0.0001524306502196441,0.6025406091278427
51,1513.048689523564,,,mixed C-H bending / C-C torsion,nu(C4-H15),bond,2.7643430074461524e-06,-,-0.00014845056522648061,0.3501686615835324
51,1513.048689523564,,,mixed C-H bending / C-C torsion,nu(O9-H22),bond,9.032669695173568e-07,+,6.958557941636641e-05,0.5207468965628298
51,1513.048689523564,,,mixed C-H bending / C-C torsion,tau(H21-C8-O9-H22),dihedral,5.144355762177909e-09,-,-4.331586426644685e-05,0.007653958151576438
52,1527.0278261025037,,,mixed C-H bending / ring-site C-H out-of-plane bending,delta(H15-C4-H16),angle,39.17851089591674,+,0.5424260721552758,0.24328238400212834
52,1527.0278261025037,,,mixed C-H bending / ring-site C-H out-of-plane bending,delta(H19-C7-H20),angle,21.71361343358006,+,0.3834652339173052,0.26978882731842474
52,1527.0278261025037,,,mixed C-H bending / ring-site C-H out-of-plane bending,delta(C3-C4-H15),angle,6.4845625471572825,-,-0.22713887314742864,0.22963685996427452
52,1527.0278261025037,,,mixed C-H bending / ring-site C-H out-of-plane bending,delta(H13-C2-H14),angle,5.5713440850195965,+,0.10040556003667704,1.009690582029088
52,1527.0278261025037,,,mixed C-H bending / ring-site C-H out-of-plane bending,tau(C2-C3-C4-H16),dihedral,4.811266739255134,+,0.1898677182068533,0.24383779514721982
52,1527.0278261025037,,,mixed C-H bending / ring-site C-H out-of-plane bending,"gamma(H16;C4,C3,H15)",oop,4.571792586837243,+,0.223604893212475,0.16705818655223026
52,1527.0278261025037,,,mixed C-H bending / ring-site C-H out-of-plane bending,tau(N5-C6-C7-H19),dihedral,3.407177042375535,-,-0.1694943815461076,0.21668454548083232
52,1527.0278261025037,,,mixed C-H bending / ring-site C-H out-of-plane bending,delta(C6-C7-H20),angle,2.069125607631463,-,-0.10604418758574828,0.33616846176778953
52,1527.0278261025037,,,mixed C-H bending / ring-site C-H out-of-plane bending,nu(C3-C4),bond,1.9202659098796107,+,0.10437471312792808,0.32204356991514493
52,1527.0278261025037,,,mixed C-H bending / ring-site C-H out-of-plane bending,delta(C3-C8-H21),angle,1.2761238053503579,-,-0.05763421696657966,0.7019010077438758
52,1527.0278261025037,,,mixed C-H bending / ring-site C-H out-of-plane bending,tau(C3-N5-C6-H17),dihedral,1.2149959889572362,-,-0.10401844462807328,0.20516250023230395
52,1527.0278261025037,,,mixed C-H bending / ring-site C-H out-of-plane bending,nu(C4-N5),bond,1.1834159092063528,+,0.07755709654443355,0.35944973574991873
52,1527.0278261025037,,,mixed C-H bending / ring-site C-H out-of-plane bending,tau(H13-C2-C3-C4),dihedral,1.082404799329216,+,0.052246495868872,0.7244680264882472
52,1527.0278261025037,,,mixed C-H bending / ring-site C-H out-of-plane bending,tau(H14-C2-C3-C8),dihedral,0.9357500778922162,-,-0.04751761278820217,0.7571719090760054
52,1527.0278261025037,,,mixed C-H bending / ring-site C-H out-of-plane bending,tau(C3-N5-C6-H18),dihedral,0.8114028138934158,+,0.08798411288410828,0.19150135016784978
52,1527.0278261025037,,,mixed C-H bending / ring-site C-H out-of-plane bending,delta(N5-C6-H17),angle,0.5876937158213373,-,-0.06538797925220237,0.251130270498446
52,1527.0278261025037,,,mixed C-H bending / ring-site C-H out-of-plane bending,delta(O9-C8-H21),angle,0.5811362740897427,+,0.03433339108696795,0.9007171530836973
52,1527.0278261025037,,,mixed C-H bending / ring-site C-H out-of-plane bending,nu(C3-N5),bond,0.478011661530189,+,0.051895520523579416,0.3242818163336834
52,1527.0278261025037,,,mixed C-H bending / ring-site C-H out-of-plane bending,delta(N5-C6-H18),angle,0.4637682442546468,-,-0.060735990211967086,0.2296955728995778
52,1527.0278261025037,,,mixed C-H bending / ring-site C-H out-of-plane bending,delta(C2-C3-C8),angle,0.3214810647794122,+,0.025167201839772446,0.9273194814098629
52,1527.0278261025037,,,mixed C-H bending / ring-site C-H out-of-plane bending,nu(C6-C7),bond,0.27638632171756855,+,0.03921022240376901,0.32844434189084687
52,1527.0278261025037,,,mixed C-H bending / ring-site C-H out-of-plane bending,tau(H11-C1-C2-H13),dihedral,0.21905316326014548,-,-0.04770487771671648,0.17586029811300968
52,1527.0278261025037,,,mixed C-H bending / ring-site C-H out-of-plane bending,delta(C1-C2-H14),angle,0.1846183458931922,-,-0.027723792365067012,0.43884729955830637
52,1527.0278261025037,,,mixed C-H bending / ring-site C-H out-of-plane bending,nu(C2-C3),bond,0.1680061025254482,-,-0.03265129518153655,0.2879175118810551
52,1527.0278261025037,,,mixed C-H bending / ring-site C-H out-of-plane bending,delta(C8-O9-H22),angle,0.061878106380562216,-,-0.025528944334328105,0.17346631468839127
52,1527.0278261025037,,,mixed C-H bending / ring-site C-H out-of-plane bending,nu(C7-C8),bond,0.054040766988081836,+,0.019387469386925735,0.2626776389289826
52,1527.0278261025037,,,mixed C-H bending / ring-site C-H out-of-plane bending,nu(C4-H16),bond,0.048296560147416054,-,-0.015875347472379005,0.3501172997314638
52,1527.0278261025037,,,mixed C-H bending / ring-site C-H out-of-plane bending,tau(C8-C3-C4-N5),dihedral,0.044541912150853805,-,-0.008248855688438911,1.195983795278429
52,1527.0278261025037,,,mixed C-H bending / ring-site C-H out-of-plane bending,nu(C4-H15),bond,0.03554908304884829,-,-0.013619071137131783,0.3501686615835324
52,1527.0278261025037,,,mixed C-H bending / ring-site C-H out-of-plane bending,nu(C3-C8),bond,0.029673647612558873,+,0.012815157071815072,0.33011626112312614
52,1527.0278261025037,,,mixed C-H bending / ring-site C-H out-of-plane bending,delta(C7-C8-H21),angle,0.027651894936855576,+,0.007710084884479146,0.8498659491447228
52,1527.0278261025037,,,mixed C-H bending / ring-site C-H out-of-plane bending,nu(C7-H19),bond,0.027241765210029932,-,-0.01219031885700387,0.3349260785391822
52,1527.0278261025037,,,mixed C-H bending / ring-site C-H out-of-plane bending,nu(C8-O9),bond,0.02671213347405315,-,-0.012439601348853514,0.3153838863168852
52,1527.0278261025037,,,mixed C-H bending / ring-site C-H out-of-plane bending,nu(C7-H20),bond,0.02135794313115298,-,-0.01079909374820207,0.33460209280992387
52,1527.0278261025037,,,mixed C-H bending / ring-site C-H out-of-plane bending,delta(C1-C2-C3),angle,0.020046429592875215,-,-0.009582249608853363,0.39888336380392314
52,1527.0278261025037,,,mixed C-H bending / ring-site C-H out-of-plane bending,"gamma(C3;C2,H13,H14)",oop,0.01604038602718598,-,-0.006937729254888111,0.6088691511213071
52,1527.0278261025037,,,mixed C-H bending / ring-site C-H out-of-plane bending,nu(N5-C6),bond,0.01480465578943446,+,0.009139061689878922,0.3238463052348426
52,1527.0278261025037,,,mixed C-H bending / ring-site C-H out-of-plane bending,nu(C1-C2),bond,0.012417102414776988,+,0.00907343601945721,0.2755627756868186
52,1527.0278261025037,,,mixed C-H bending / ring-site C-H out-of-plane bending,delta(C3-C2-H14),angle,0.008650377117415377,-,-0.005065193680641246,0.6160086042110487
52,1527.0278261025037,,,mixed C-H bending / ring-site C-H out-of-plane bending,nu(C6-H17),bond,0.0060950291205734254,-,-0.005801066332354383,0.33090548953252324
52,1527.0278261025037,,,mixed C-H bending / ring-site C-H out-of-plane bending,"gamma(H12;C1,H10,H11)",oop,0.005745220042321789,+,0.005920965359713583,0.2994094311841051
52,1527.0278261025037,,,mixed C-H bending / ring-site C-H out-of-plane bending,tau(N5-C3-C8-O9),dihedral,0.005566609398651738,-,-0.004108413410228509,0.6025406091278427
52,1527.0278261025037,,,mixed C-H bending / ring-site C-H out-of-plane bending,tau(H21-C8-O9-H22),dihedral,0.005527464371521322,+,0.03632384879877806,0.007653958151576438
52,1527.0278261025037,,,mixed C-H bending / ring-site C-H out-of-plane bending,tau(H12-C1-C2-C3),dihedral,0.002968397767816219,+,0.0055935952599585285,0.17333404380475795
52,1527.0278261025037,,,mixed C-H bending / ring-site C-H out-of-plane bending,tau(C4-C3-N5-C6),dihedral,0.0027262808659384873,+,0.0028518330412031175,0.6124438142435374
52,1527.0278261025037,,,mixed C-H bending / ring-site C-H out-of-plane bending,delta(C2-C1-H11),angle,0.0018833884524857203,+,0.003008656442823681,0.38013561079786046
52,1527.0278261025037,,,mixed C-H bending / ring-site C-H out-of-plane bending,nu(C8-H21),bond,0.0018822787434127225,+,0.003304188563383258,0.31499099646613576
52,1527.0278261025037,,,mixed C-H bending / ring-site C-H out-of-plane bending,nu(C6-H18),bond,0.0014495415007348867,-,-0.002819817074149243,0.33306778735766407
52,1527.0278261025037,,,mixed C-H bending / ring-site C-H out-of-plane bending,tau(C2-C3-N5-C6),dihedral,0.0012946813134087104,-,-0.0016696253052901234,0.8485329137332114
52,1527.0278261025037,,,mixed C-H bending / ring-site C-H out-of-plane bending,"gamma(C8;C7,H19,H20)",oop,0.0010151327535651824,-,-0.0029529742291830715,0.21269014963965546
52,1527.0278261025037,,,mixed C-H bending / ring-site C-H out-of-plane bending,delta(H10-C1-H11),angle,0.0008579904052343285,+,0.002748830291723549,0.20745811382014626
52,1527.0278261025037,,,mixed C-H bending / ring-site C-H out-of-plane bending,nu(C2-H13),bond,0.0008471339752598491,-,-0.002188060640405488,0.32327881233108835
52,1527.0278261025037,,,mixed C-H bending / ring-site C-H out-of-plane bending,nu(C2-H14),bond,0.0007038863949882362,-,-0.001968110104204148,0.33200730465984796
52,1527.0278261025037,,,mixed C-H bending / ring-site C-H out-of-plane bending,nu(O9-H22),bond,0.00035547810146749494,+,0.0011167732576527123,0.5207468965628298
52,1527.0278261025037,,,mixed C-H bending / ring-site C-H out-of-plane bending,tau(C6-C7-C8-O9),dihedral,0.00014298237427402287,+,0.0008717468333462746,0.3437522879047999
52,1527.0278261025037,,,mixed C-H bending / ring-site C-H out-of-plane bending,nu(C1-H12),bond,4.1725211766128834e-05,+,0.00047755291938608084,0.33427153116902686
52,1527.0278261025037,,,mixed C-H bending / ring-site C-H out-of-plane bending,nu(C1-H10),bond,3.291109047884922e-05,-,-0.0004208090573485329,0.33955956196528847
52,1527.0278261025037,,,mixed C-H bending / ring-site C-H out-of-plane bending,delta(C2-C1-H12),angle,2.839699066491028e-05,+,0.0003668533882502454,0.38550596241050855
52,1527.0278261025037,,,mixed C-H bending / ring-site C-H out-of-plane bending,delta(N5-C6-C7),angle,2.077958184306895e-05,-,-0.00017965754039978658,1.1762232354515754
52,1527.0278261025037,,,mixed C-H bending / ring-site C-H out-of-plane bending,nu(C1-H11),bond,4.791368406984159e-06,+,0.00016184646313071647,0.3341927227283412
53,2980.481062872176,,,ring-site C-H stretching,nu(C8-H21),bond,96.93188872010279,-,-1.0271308106632004,0.31499099646613576
53,2980.481062872176,,,ring-site C-H stretching,nu(C2-H13),bond,1.008638372684686,+,0.10342382885949325,0.32327881233108835
53,2980.481062872176,,,ring-site C-H stretching,nu(C7-H19),bond,0.4843444332249762,+,0.07041159195356407,0.3349260785391822
53,2980.481062872176,,,ring-site C-H stretching,delta(O9-C8-H21),angle,0.3655652521091277,+,0.037301794648446476,0.9007171530836973
53,2980.481062872176,,,ring-site C-H stretching,nu(C7-H20),bond,0.3128495054738276,-,-0.056616745268240024,0.33460209280992387
53,2980.481062872176,,,ring-site C-H stretching,delta(C7-C8-H21),angle,0.14546092359632834,+,0.0242236423290753,0.8498659491447228
53,2980.481062872176,,,ring-site C-H stretching,tau(N5-C3-C8-O9),dihedral,0.1279920358015407,-,-0.02698607989884089,0.6025406091278427
53,2980.481062872176,,,ring-site C-H stretching,delta(C2-C3-C8),angle,0.09690185465806737,-,-0.018927482021471827,0.9273194814098629
53,2980.481062872176,,,ring-site C-H stretching,tau(H14-C2-C3-C8),dihedral,0.07479077562914314,+,0.018402137076333272,0.7571719090760054
53,2980.481062872176,,,ring-site C-H stretching,delta(C3-C8-H21),angle,0.07462563441616732,+,0.019091830705014967,0.7019010077438758
53,2980.481062872176,,,ring-site C-H stretching,tau(C6-C7-C8-O9),dihedral,0.07444530089214713,+,0.027248169713950898,0.3437522879047999
53,2980.481062872176,,,ring-site C-H stretching,nu(C3-C8),bond,0.0661905651605869,+,0.02621839337935233,0.33011626112312614
53,2980.481062872176,,,ring-site C-H stretching,nu(C7-C8),bond,0.06328319383933644,+,0.028739164102107716,0.2626776389289826
53,2980.481062872176,,,ring-site C-H stretching,nu(C8-O9),bond,0.03936790351857222,+,0.02068677939392003,0.3153838863168852
53,2980.481062872176,,,ring-site C-H stretching,nu(C6-H17),bond,0.037530321336894164,+,0.019718807393799765,0.33090548953252324
53,2980.481062872176,,,ring-site C-H stretching,nu(C2-H14),bond,0.02238367565217193,+,0.015203142706354849,0.33200730465984796
53,2980.481062872176,,,ring-site C-H stretching,nu(C6-H18),bond,0.019492182494561004,+,0.014164635652344652,0.33306778735766407
53,2980.481062872176,,,ring-site C-H stretching,delta(C8-O9-H22),angle,0.017781862141228597,-,-0.01874660086939573,0.17346631468839127
53,2980.481062872176,,,ring-site C-H stretching,tau(C8-C3-C4-N5),dihedral,0.015629772787009326,-,-0.006693529382868382,1.195983795278429
53,2980.481062872176,,,ring-site C-H stretching,nu(C4-H15),bond,0.003102423999099874,+,0.00551129207046891,0.3501686615835324
53,2980.481062872176,,,ring-site C-H stretching,tau(C2-C3-N5-C6),dihedral,0.0027834981489816423,-,-0.003353533210005681,0.8485329137332114
53,2980.481062872176,,,ring-site C-H stretching,"gamma(C3;C2,H13,H14)",oop,0.001906731109826389,+,0.003276606061927301,0.6088691511213071
53,2980.481062872176,,,ring-site C-H stretching,nu(C1-H12),bond,0.0014889899307854988,-,-0.0039078481040948155,0.33427153116902686
53,2980.481062872176,,,ring-site C-H stretching,delta(C1-C2-C3),angle,0.0014038117743151424,+,0.0034735453078270093,0.39888336380392314
53,2980.481062872176,,,ring-site C-H stretching,nu(O9-H22),bond,0.0012632444421639545,+,0.0028838445221204697,0.5207468965628298
53,2980.481062872176,,,ring-site C-H stretching,nu(C2-C3),bond,0.0012584204993163922,-,-0.0038709747753981815,0.2879175118810551
53,2980.481062872176,,,ring-site C-H stretching,nu(C4-H16),bond,0.001071757210700425,+,0.003239536752601742,0.3501172997314638
53,2980.481062872176,,,ring-site C-H stretching,nu(C1-C2),bond,0.0008336912212366324,-,-0.003220578047961846,0.2755627756868186
53,2980.481062872176,,,ring-site C-H stretching,delta(C2-C1-H11),angle,0.000612909833147935,-,-0.0023510967765483183,0.38013561079786046
53,2980.481062872176,,,ring-site C-H stretching,delta(C6-C7-H20),angle,0.0005643813601516036,+,0.0023991054481070466,0.33616846176778953
53,2980.481062872176,,,ring-site C-H stretching,tau(N5-C6-C7-H19),dihedral,0.0005470052407637989,-,-0.002941868556581565,0.21668454548083232
53,2980.481062872176,,,ring-site C-H stretching,"gamma(C8;C7,H19,H20)",oop,0.0004366441939839673,+,0.0026529657667451415,0.21269014963965546
53,2980.481062872176,,,ring-site C-H stretching,delta(C1-C2-H14),angle,0.00040202670603864903,+,0.0017721979349406758,0.43884729955830637
53,2980.481062872176,,,ring-site C-H stretching,tau(H13-C2-C3-C4),dihedral,0.0003904130452109823,+,0.0013592334015560105,0.7244680264882472
53,2980.481062872176,,,ring-site C-H stretching,delta(C2-C1-H12),angle,0.00036798832541602754,+,0.0018090182997829783,0.38550596241050855
53,2980.481062872176,,,ring-site C-H stretching,delta(C3-C2-H14),angle,0.00033513068646602795,+,0.0013656996509764012,0.6160086042110487
53,2980.481062872176,,,ring-site C-H stretching,tau(H12-C1-C2-C3),dihedral,0.0003314563631775152,+,0.0025604289879143215,0.17333404380475795
53,2980.481062872176,,,ring-site C-H stretching,tau(C2-C3-C4-H16),dihedral,0.0002908351293038805,-,-0.002022154850876243,0.24383779514721982
53,2980.481062872176,,,ring-site C-H stretching,nu(C3-C4),bond,0.0002741819429275071,+,0.0017084552126460921,0.32204356991514493
53,2980.481062872176,,,ring-site C-H stretching,nu(C1-H10),bond,0.00021085216585530424,-,-0.0014590579469386665,0.33955956196528847
53,2980.481062872176,,,ring-site C-H stretching,nu(C1-H11),bond,0.00019769156352862025,+,0.0014240887752444422,0.3341927227283412
53,2980.481062872176,,,ring-site C-H stretching,nu(C6-C7),bond,0.0001656037141687937,-,-0.0013147574295223807,0.32844434189084687
53,2980.481062872176,,,ring-site C-H stretching,tau(H11-C1-C2-H13),dihedral,0.00014998109227183933,-,-0.0017099202008308372,0.17586029811300968
53,2980.481062872176,,,ring-site C-H stretching,delta(N5-C6-C7),angle,9.768805784425722e-05,-,-0.000533601878781697,1.1762232354515754
53,2980.481062872176,,,ring-site C-H stretching,nu(N5-C6),bond,7.655014798967716e-05,-,-0.000900212488509986,0.3238463052348426
53,2980.481062872176,,,ring-site C-H stretching,tau(H21-C8-O9-H22),dihedral,4.0975570434376004e-05,-,-0.0042841133398612095,0.007653958151576438
53,2980.481062872176,,,ring-site C-H stretching,delta(H19-C7-H20),angle,3.732800437586655e-05,-,-0.0006887266616122356,0.26978882731842474
53,2980.481062872176,,,ring-site C-H stretching,delta(H13-C2-H14),angle,3.7018875311005945e-05,-,-0.0003545348622931207,1.009690582029088
53,2980.481062872176,,,ring-site C-H stretching,tau(C3-N5-C6-H17),dihedral,3.0871433733676596e-05,-,-0.0007182421659864707,0.20516250023230395
53,2980.481062872176,,,ring-site C-H stretching,delta(C3-C4-H15),angle,2.6438390944967967e-05,-,-0.0006282582492621184,0.22963685996427452
53,2980.481062872176,,,ring-site C-H stretching,"gamma(H16;C4,C3,H15)",oop,2.502387299482134e-05,-,-0.0007166133124086832,0.16705818655223026
53,2980.481062872176,,,ring-site C-H stretching,nu(C4-N5),bond,2.3680160492236637e-05,-,-0.000475241902632791,0.35944973574991873
53,2980.481062872176,,,ring-site C-H stretching,delta(H10-C1-H11),angle,2.1514769988919217e-05,+,0.0005962722947578058,0.20745811382014626
53,2980.481062872176,,,ring-site C-H stretching,"gamma(H12;C1,H10,H11)",oop,9.857218367879904e-06,+,0.00033595873724342215,0.2994094311841051
53,2980.481062872176,,,ring-site C-H stretching,tau(C3-N5-C6-H18),dihedral,9.097165890076156e-06,-,-0.00040356047683645185,0.19150135016784978
53,2980.481062872176,,,ring-site C-H stretching,nu(C3-N5),bond,5.754686280859136e-06,+,0.0002466556212908477,0.3242818163336834
53,2980.481062872176,,,ring-site C-H stretching,delta(N5-C6-H18),angle,2.8814912813743753e-06,+,0.00020738332440513367,0.2296955728995778
53,2980.481062872176,,,ring-site C-H stretching,delta(H15-C4-H16),angle,2.28808756868735e-06,-,-0.0001795653262050595,0.24328238400212834
53,2980.481062872176,,,ring-site C-H stretching,tau(C4-C3-N5-C6),dihedral,1.0720792804268223e-06,-,-7.746790558155108e-05,0.6124438142435374
53,2980.481062872176,,,ring-site C-H stretching,delta(N5-C6-H17),angle,4.7692547020872e-09,+,8.068953553020018e-06,0.251130270498446
54,3012.270719366014,,,C-H stretching,nu(C2-H13),bond,87.01324614186264,+,0.9671894534510197,0.32327881233108835
54,3012.270719366014,,,C-H stretching,nu(C2-H14),bond,9.58769236737537,+,0.31680404172805193,0.33200730465984796
54,3012.270719366014,,,C-H stretching,nu(C8-H21),bond,0.9340395795187781,+,0.10151753347866588,0.31499099646613576
54,3012.270719366014,,,C-H stretching,nu(C1-H11),bond,0.8956814256334836,+,0.09651299156258188,0.3341927227283412
54,3012.270719366014,,,C-H stretching,nu(C1-H12),bond,0.415321768349071,-,-0.06571282524929797,0.33427153116902686
54,3012.270719366014,,,C-H stretching,delta(H13-C2-H14),angle,0.24378727542062895,-,-0.028968022682838337,1.009690582029088
54,3012.270719366014,,,C-H stretching,delta(C1-C2-C3),angle,0.15538833206983416,+,0.036795416940512075,0.39888336380392314
54,3012.270719366014,,,C-H stretching,tau(C2-C3-N5-C6),dihedral,0.11168782306703244,-,-0.021388289524869673,0.8485329137332114
54,3012.270719366014,,,C-H stretching,nu(C1-C2),bond,0.09042397521628288,-,-0.033770618147151384,0.2755627756868186
54,3012.270719366014,,,C-H stretching,nu(C2-C3),bond,0.08043743548633711,-,-0.031160366377645434,0.2879175118810551
54,3012.270719366014,,,C-H stretching,nu(C6-H17),bond,0.07025305321132098,-,-0.027163648592857144,0.33090548953252324
54,3012.270719366014,,,C-H stretching,delta(C2-C1-H11),angle,0.06728426589387682,-,-0.024802472054368054,0.38013561079786046
54,3012.270719366014,,,C-H stretching,tau(H14-C2-C3-C8),dihedral,0.06225083890877983,+,0.016903741601665752,0.7571719090760054
54,3012.270719366014,,,C-H stretching,delta(C2-C1-H12),angle,0.059007233983097984,+,0.02306452773912413,0.38550596241050855
54,3012.270719366014,,,C-H stretching,"gamma(C3;C2,H13,H14)",oop,0.04091028490235687,+,0.015281351109677906,0.6088691511213071
54,3012.270719366014,,,C-H stretching,delta(C3-C2-H14),angle,0.03232460528819185,+,0.013504568552703806,0.6160086042110487
54,3012.270719366014,,,C-H stretching,delta(C1-C2-H14),angle,0.024148889494147775,+,0.013829273148264628,0.43884729955830637
54,3012.270719366014,,,C-H stretching,delta(C2-C3-C8),angle,0.02173179633391117,+,0.009024862814878264,0.9273194814098629
54,3012.270719366014,,,C-H stretching,tau(C2-C3-C4-H16),dihedral,0.02078392373418711,-,-0.017211580262493874,0.24383779514721982
54,3012.270719366014,,,C-H stretching,nu(C6-H18),bond,0.019121348669024818,-,-0.014125389500287088,0.33306778735766407
54,3012.270719366014,,,C-H stretching,nu(C7-H20),bond,0.015669133716388003,+,0.012757502278922824,0.33460209280992387
54,3012.270719366014,,,C-H stretching,tau(H12-C1-C2-C3),dihedral,0.00885850694457078,+,0.01332741183402714,0.17333404380475795
54,3012.270719366014,,,C-H stretching,nu(C7-H19),bond,0.006385249889861294,-,-0.008139954073357672,0.3349260785391822
54,3012.270719366014,,,C-H stretching,delta(O9-C8-H21),angle,0.005230869394459322,-,-0.004492625411717197,0.9007171530836973
54,3012.270719366014,,,C-H stretching,nu(C4-H15),bond,0.00436416729160055,-,-0.0065814190604034034,0.3501686615835324
54,3012.270719366014,,,C-H stretching,delta(C7-C8-H21),angle,0.00264775128469283,-,-0.003290567976555364,0.8498659491447228
54,3012.270719366014,,,C-H stretching,nu(C1-H10),bond,0.0024940997332051425,-,-0.005052501060350098,0.33955956196528847
54,3012.270719366014,,,C-H stretching,tau(H13-C2-C3-C4),dihedral,0.00222824623036171,+,0.0032694858819314436,0.7244680264882472
54,3012.270719366014,,,C-H stretching,tau(N5-C3-C8-O9),dihedral,0.0017077409961650922,+,0.0031385230948365876,0.6025406091278427
54,3012.270719366014,,,C-H stretching,tau(C6-C7-C8-O9),dihedral,0.0009031358916836106,-,-0.0030217688505160055,0.3437522879047999
54,3012.270719366014,,,C-H stretching,nu(C7-C8),bond,0.000625974968403909,-,-0.0028778915178419243,0.2626776389289826
54,3012.270719366014,,,C-H stretching,tau(H11-C1-C2-H13),dihedral,0.0005179577964635895,+,0.0031994164431166723,0.17586029811300968
54,3012.270719366014,,,C-H stretching,delta(H10-C1-H11),angle,0.0004874764305947185,-,-0.00285771613190061,0.20745811382014626
54,3012.270719366014,,,C-H stretching,nu(C3-C8),bond,0.00048022179152766304,-,-0.002248510710809722,0.33011626112312614
54,3012.270719366014,,,C-H stretching,nu(C8-O9),bond,0.000320163767581747,-,-0.0018783383624530867,0.3153838863168852
54,3012.270719366014,,,C-H stretching,nu(C4-H16),bond,0.00026430541780401697,-,-0.0016197714330454917,0.3501172997314638
54,3012.270719366014,,,C-H stretching,delta(C8-O9-H22),angle,0.00020776702068641244,+,0.00204027269683092,0.17346631468839127
54,3012.270719366014,,,C-H stretching,delta(N5-C6-C7),angle,0.00020571241191493306,-,-0.0007796377485242199,1.1762232354515754
54,3012.270719366014,,,C-H stretching,nu(C3-C4),bond,0.00019874270951251123,-,-0.0014645215776593259,0.32204356991514493
54,3012.270719366014,,,C-H stretching,nu(C6-C7),bond,0.00013911914853596664,+,0.001213305177475873,0.32844434189084687
54,3012.270719366014,,,C-H stretching,"gamma(H12;C1,H10,H11)",oop,0.0001313603652232342,+,0.0012348292925513282,0.2994094311841051
54,3012.270719366014,,,C-H stretching,tau(N5-C6-C7-H19),dihedral,7.675911118401513e-05,+,0.001109579661744543,0.21668454548083232
54,3012.270719366014,,,C-H stretching,tau(C3-N5-C6-H18),dihedral,6.630457045921794e-05,+,0.0010969663372476953,0.19150135016784978
54,3012.270719366014,,,C-H stretching,nu(O9-H22),bond,4.969406485097823e-05,-,-0.0005758991051477468,0.5207468965628298
54,3012.270719366014,,,C-H stretching,"gamma(H16;C4,C3,H15)",oop,4.053035719980406e-05,+,0.0009182560998059565,0.16705818655223026
54,3012.270719366014,,,C-H stretching,nu(C4-N5),bond,3.8902649165002286e-05,+,0.0006133070990330773,0.35944973574991873
54,3012.270719366014,,,C-H stretching,tau(C4-C3-N5-C6),dihedral,2.980418582719987e-05,+,0.0004112567060159952,0.6124438142435374
54,3012.270719366014,,,C-H stretching,nu(C3-N5),bond,2.5075105151892923e-05,+,0.0005184030770969001,0.3242818163336834
54,3012.270719366014,,,C-H stretching,delta(N5-C6-H17),angle,2.466877308778324e-05,+,0.0005842944089211294,0.251130270498446
54,3012.270719366014,,,C-H stretching,nu(N5-C6),bond,2.1694253998451045e-05,+,0.00048251450657922564,0.3238463052348426
54,3012.270719366014,,,C-H stretching,delta(C3-C4-H15),angle,1.0738666698203608e-05,+,0.00040314554915487223,0.22963685996427452
54,3012.270719366014,,,C-H stretching,"gamma(C8;C7,H19,H20)",oop,1.0507724148470037e-05,-,-0.0004143698334794425,0.21269014963965546
54,3012.270719366014,,,C-H stretching,delta(C6-C7-H20),angle,6.680054822213695e-06,-,-0.000262796161576483,0.33616846176778953
54,3012.270719366014,,,C-H stretching,delta(H15-C4-H16),angle,4.981423304417236e-06,-,-0.0002667650193353343,0.24328238400212834
54,3012.270719366014,,,C-H stretching,tau(H21-C8-O9-H22),dihedral,1.75706889309295e-06,-,-0.0008932208274927322,0.007653958151576438
54,3012.270719366014,,,C-H stretching,delta(C3-C8-H21),angle,7.17667679240916e-07,+,5.961166451792887e-05,0.7019010077438758
54,3012.270719366014,,,C-H stretching,delta(H19-C7-H20),angle,6.993302556202141e-07,-,-9.491539652729134e-05,0.26978882731842474
54,3012.270719366014,,,C-H stretching,delta(N5-C6-H18),angle,3.975843588135227e-07,+,7.756143233793543e-05,0.2296955728995778
54,3012.270719366014,,,C-H stretching,tau(C3-N5-C6-H17),dihedral,1.562433981212867e-08,+,1.62689428709641e-05,0.20516250023230395
54,3012.270719366014,,,C-H stretching,tau(C8-C3-C4-N5),dihedral,4.1649433769021185e-09,-,-3.4789596427146307e-06,1.195983795278429
55,3033.9989100719645,,,C-H stretching,nu(C1-H12),bond,40.224570001814776,-,-0.6443401067473237,0.33427153116902686
55,3033.9989100719645,,,C-H stretching,nu(C1-H11),bond,40.06146911622592,-,-0.6431082729760303,0.3341927227283412
55,3033.9989100719645,,,C-H stretching,nu(C1-H10),bond,19.101673827071284,-,-0.44055170371099556,0.33955956196528847
55,3033.9989100719645,,,C-H stretching,nu(C2-H14),bond,0.18958313555241216,+,0.044385915948945906,0.33200730465984796
55,3033.9989100719645,,,C-H stretching,nu(C1-C2),bond,0.1770688003286831,+,0.04708471023516238,0.2755627756868186
55,3033.9989100719645,,,C-H stretching,"gamma(H12;C1,H10,H11)",oop,0.12915959304720212,-,-0.038578892041132504,0.2994094311841051
55,3033.9989100719645,,,C-H stretching,nu(C6-H17),bond,0.03809600839409848,+,0.01992998197301067,0.33090548953252324
55,3033.9989100719645,,,C-H stretching,nu(C6-H18),bond,0.02550740767899944,+,0.016254963577502973,0.33306778735766407
55,3033.9989100719645,,,C-H stretching,delta(C2-C1-H12),angle,0.01274882495269642,-,-0.010681658380131645,0.38550596241050855
55,3033.9989100719645,,,C-H stretching,delta(C2-C1-H11),angle,0.012342776934826369,-,-0.010584158068032649,0.38013561079786046
55,3033.9989100719645,,,C-H stretching,delta(H10-C1-H11),angle,0.007896487022447822,+,0.011459638173036035,0.20745811382014626
55,3033.9989100719645,,,C-H stretching,delta(C1-C2-H14),angle,0.00629099214471981,-,-0.007032698697044039,0.43884729955830637
55,3033.9989100719645,,,C-H stretching,nu(C7-H20),bond,0.0033426657264945476,+,0.005870854303636519,0.33460209280992387
55,3033.9989100719645,,,C-H stretching,nu(C4-H15),bond,0.0014909222881532575,+,0.003832728185123781,0.3501686615835324
55,3033.9989100719645,,,C-H stretching,delta(C1-C2-C3),angle,0.0014278724014853098,+,0.0035143166725026763,0.39888336380392314
55,3033.9989100719645,,,C-H stretching,nu(C8-H21),bond,0.0014028043387319497,+,0.003919842659528386,0.31499099646613576
55,3033.9989100719645,,,C-H stretching,nu(C2-H13),bond,0.0011379479221598234,+,0.0034849112913277196,0.32327881233108835
55,3033.9989100719645,,,C-H stretching,tau(H11-C1-C2-H13),dihedral,0.0010367921309002192,-,-0.004510047320219205,0.17586029811300968
55,3033.9989100719645,,,C-H stretching,nu(C4-H16),bond,0.0010317149012710675,+,0.003188542583160646,0.3501172997314638
55,3033.9989100719645,,,C-H stretching,nu(C7-H19),bond,0.0006593619526102047,+,0.0026061932420605887,0.3349260785391822
55,3033.9989100719645,,,C-H stretching,tau(H12-C1-C2-C3),dihedral,0.0005111659362926902,+,0.0031897612143498327,0.17333404380475795
55,3033.9989100719645,,,C-H stretching,delta(C2-C3-C8),angle,0.00026094061002433685,-,-0.000985315466104348,0.9273194814098629
55,3033.9989100719645,,,C-H stretching,delta(N5-C6-C7),angle,0.00024536110920752956,+,0.0008483540567566518,1.1762232354515754
55,3033.9989100719645,,,C-H stretching,tau(H14-C2-C3-C8),dihedral,0.0002370825469096506,-,-0.0010393736448514764,0.7571719090760054
55,3033.9989100719645,,,C-H stretching,nu(C6-C7),bond,0.00018830295859440473,-,-0.0014064258316742425,0.32844434189084687
55,3033.9989100719645,,,C-H stretching,"gamma(C3;C2,H13,H14)",oop,0.0001835305393760343,-,-0.0010197913879737498,0.6088691511213071
55,3033.9989100719645,,,C-H stretching,nu(O9-H22),bond,5.260685049060318e-05,-,-0.0005903736434767985,0.5207468965628298
55,3033.9989100719645,,,C-H stretching,nu(C3-C4),bond,3.911183556043608e-05,-,-0.0006473153981427816,0.32204356991514493
55,3033.9989100719645,,,C-H stretching,tau(C2-C3-C4-H16),dihedral,3.440457092544639e-05,-,-0.0006977128419713643,0.24383779514721982
55,3033.9989100719645,,,C-H stretching,nu(N5-C6),bond,3.396502902956388e-05,-,-0.0006015416139990741,0.3238463052348426
55,3033.9989100719645,,,C-H stretching,tau(C3-N5-C6-H17),dihedral,3.179773601228254e-05,+,0.0007312540142789229,0.20516250023230395
55,3033.9989100719645,,,C-H stretching,nu(C2-C3),bond,3.144367386638971e-05,-,-0.0006138351534541162,0.2879175118810551
55,3033.9989100719645,,,C-H stretching,nu(C3-C8),bond,2.778495376826105e-05,-,-0.0005388781014081743,0.33011626112312614
55,3033.9989100719645,,,C-H stretching,tau(C8-C3-C4-N5),dihedral,2.480072867038388e-05,+,0.0002674784068570803,1.195983795278429
55,3033.9989100719645,,,C-H stretching,nu(C4-N5),bond,2.261033554122533e-05,-,-0.00046585801765172783,0.35944973574991873
55,3033.9989100719645,,,C-H stretching,tau(C2-C3-N5-C6),dihedral,2.0175958454649183e-05,+,0.0002864190474209117,0.8485329137332114
55,3033.9989100719645,,,C-H stretching,tau(H13-C2-C3-C4),dihedral,1.4979008132697529e-05,-,-0.0002670859678355734,0.7244680264882472
55,3033.9989100719645,,,C-H stretching,delta(C7-C8-H21),angle,1.1998901787010064e-05,-,-0.00022070627944286976,0.8498659491447228
55,3033.9989100719645,,,C-H stretching,delta(C3-C2-H14),angle,1.1213763839653066e-05,-,-0.00025061177279180654,0.6160086042110487
55,3033.9989100719645,,,C-H stretching,"gamma(H16;C4,C3,H15)",oop,9.595411662513189e-06,-,-0.0004451609692910179,0.16705818655223026
55,3033.9989100719645,,,C-H stretching,tau(C3-N5-C6-H18),dihedral,8.748153749958908e-06,-,-0.0003970008516559318,0.19150135016784978
55,3033.9989100719645,,,C-H stretching,delta(C3-C4-H15),angle,8.560034968039692e-06,+,0.00035862133629256177,0.22963685996427452
55,3033.9989100719645,,,C-H stretching,nu(C3-N5),bond,6.405836320267103e-06,-,-0.0002610632710384544,0.3242818163336834
55,3033.9989100719645,,,C-H stretching,delta(C3-C8-H21),angle,6.018912569061099e-06,+,0.00017200467040894463,0.7019010077438758
55,3033.9989100719645,,,C-H stretching,tau(N5-C3-C8-O9),dihedral,5.744802214559095e-06,+,0.00018136919877407813,0.6025406091278427
55,3033.9989100719645,,,C-H stretching,nu(C7-C8),bond,5.034105361636802e-06,-,-0.00025713947531961047,0.2626776389289826
55,3033.9989100719645,,,C-H stretching,delta(N5-C6-H18),angle,4.608360916954664e-06,-,-0.000263097114456815,0.2296955728995778
55,3033.9989100719645,,,C-H stretching,tau(C6-C7-C8-O9),dihedral,4.184664203526362e-06,+,0.00020493996761935285,0.3437522879047999
55,3033.9989100719645,,,C-H stretching,tau(C4-C3-N5-C6),dihedral,4.0535871090393635e-06,-,-0.00015111437655956103,0.6124438142435374
55,3033.9989100719645,,,C-H stretching,delta(O9-C8-H21),angle,3.6164525803133763e-06,-,-0.0001176972527186641,0.9007171530836973
55,3033.9989100719645,,,C-H stretching,delta(H19-C7-H20),angle,2.517646602070077e-06,-,-0.00017943392583944054,0.26978882731842474
55,3033.9989100719645,,,C-H stretching,"gamma(C8;C7,H19,H20)",oop,2.3584456784847252e-06,+,0.0001955952957561565,0.21269014963965546
55,3033.9989100719645,,,C-H stretching,delta(H15-C4-H16),angle,2.1077812112325534e-06,-,-0.00017289267267450473,0.24328238400212834
55,3033.9989100719645,,,C-H stretching,delta(C6-C7-H20),angle,1.928427790228036e-06,-,-0.00014068324013997524,0.33616846176778953
55,3033.9989100719645,,,C-H stretching,delta(N5-C6-H17),angle,1.7404484054229733e-06,-,-0.0001546322942360814,0.251130270498446
55,3033.9989100719645,,,C-H stretching,nu(C8-O9),bond,1.3900664640380967e-06,-,-0.00012331536356812508,0.3153838863168852
55,3033.9989100719645,,,C-H stretching,tau(N5-C6-C7-H19),dihedral,5.472743666953431e-07,-,-9.3348585130513e-05,0.21668454548083232
55,3033.9989100719645,,,C-H stretching,delta(C8-O9-H22),angle,3.532199268781168e-07,+,8.381739848547713e-05,0.17346631468839127
55,3033.9989100719645,,,C-H stretching,delta(H13-C2-H14),angle,1.5545557850117787e-07,-,-2.304773001493195e-05,1.009690582029088
55,3033.9989100719645,,,C-H stretching,tau(H21-C8-O9-H22),dihedral,1.035976856811303e-09,+,2.1609819534832774e-05,0.007653958151576438
56,3042.704171827551,,,ring-site C-H stretching,nu(C6-H17),bond,61.636737292937305,+,0.8094080920696738,0.33090548953252324
56,3042.704171827551,,,ring-site C-H stretching,nu(C6-H18),bond,33.40589293507256,+,0.5939432261386116,0.33306778735766407
56,3042.704171827551,,,ring-site C-H stretching,nu(C7-H19),bond,3.604074339135777,-,-0.19454590556542167,0.3349260785391822
56,3042.704171827551,,,ring-site C-H stretching,delta(N5-C6-C7),angle,0.5297786060082286,+,0.03980173813974995,1.1762232354515754
56,3042.704171827551,,,ring-site C-H stretching,nu(C7-H20),bond,0.2618938764007397,-,-0.0524684280048492,0.33460209280992387
56,3042.704171827551,,,ring-site C-H stretching,nu(C6-C7),bond,0.11277857708948694,-,-0.03475218537841254,0.32844434189084687
56,3042.704171827551,,,ring-site C-H stretching,nu(N5-C6),bond,0.08819680779905471,-,-0.030949715923353188,0.3238463052348426
56,3042.704171827551,,,ring-site C-H stretching,nu(C1-H11),bond,0.042632274036276965,+,0.021182170637368245,0.3341927227283412
56,3042.704171827551,,,ring-site C-H stretching,nu(C2-H14),bond,0.041412003760727685,+,0.020945416949793214,0.33200730465984796
56,3042.704171827551,,,ring-site C-H stretching,nu(C2-H13),bond,0.03880077650075537,+,0.02054618975261496,0.32327881233108835
56,3042.704171827551,,,ring-site C-H stretching,tau(C2-C3-N5-C6),dihedral,0.03301521498559452,-,-0.011698291137887435,0.8485329137332114
56,3042.704171827551,,,ring-site C-H stretching,tau(C3-N5-C6-H18),dihedral,0.024566644205284063,-,-0.02124157450012759,0.19150135016784978
56,3042.704171827551,,,ring-site C-H stretching,nu(C8-H21),bond,0.023890316004540793,+,0.0163328353555798,0.31499099646613576
56,3042.704171827551,,,ring-site C-H stretching,tau(C4-C3-N5-C6),dihedral,0.022870133780718612,-,-0.011460430542077599,0.6124438142435374
56,3042.704171827551,,,ring-site C-H stretching,tau(C3-N5-C6-H17),dihedral,0.02213340527178836,+,0.01947936672082031,0.20516250023230395
56,3042.704171827551,,,ring-site C-H stretching,nu(C4-H15),bond,0.02003140442148091,-,-0.014184589393269671,0.3501686615835324
56,3042.704171827551,,,ring-site C-H stretching,tau(C6-C7-C8-O9),dihedral,0.01838974282855403,+,0.013717176804083287,0.3437522879047999
56,3042.704171827551,,,ring-site C-H stretching,nu(C4-H16),bond,0.016867876011982027,-,-0.013017366187036585,0.3501172997314638
56,3042.704171827551,,,ring-site C-H stretching,nu(C1-H10),bond,0.0144314814588179,+,0.012226360096245595,0.33955956196528847
56,3042.704171827551,,,ring-site C-H stretching,nu(C1-H12),bond,0.009114260854010767,+,0.009792886901561052,0.33427153116902686
56,3042.704171827551,,,ring-site C-H stretching,tau(N5-C6-C7-H19),dihedral,0.00806950318648369,-,-0.011444824493810625,0.21668454548083232
56,3042.704171827551,,,ring-site C-H stretching,delta(C6-C7-H20),angle,0.007300039793141312,-,-0.00873944467550585,0.33616846176778953
56,3042.704171827551,,,ring-site C-H stretching,delta(N5-C6-H17),angle,0.006766606393032139,-,-0.009734992747032807,0.251130270498446
56,3042.704171827551,,,ring-site C-H stretching,nu(C7-C8),bond,0.0036678293341052197,+,0.007007977759989317,0.2626776389289826
56,3042.704171827551,,,ring-site C-H stretching,delta(C7-C8-H21),angle,0.002309814642669557,-,-0.003091811852209592,0.8498659491447228
56,3042.704171827551,,,ring-site C-H stretching,delta(H19-C7-H20),angle,0.0012513955817544712,+,0.004039103999444685,0.26978882731842474
56,3042.704171827551,,,ring-site C-H stretching,nu(C1-C2),bond,0.00044102935395828907,-,-0.00237259264563979,0.2755627756868186
56,3042.704171827551,,,ring-site C-H stretching,delta(H13-C2-H14),angle,0.00031323916828605755,-,-0.0010445845198284156,1.009690582029088
56,3042.704171827551,,,ring-site C-H stretching,tau(C8-C3-C4-N5),dihedral,0.0003115523790449226,+,0.000957199791731273,1.195983795278429
56,3042.704171827551,,,ring-site C-H stretching,delta(C1-C2-C3),angle,0.0002747855219054889,+,0.0015565879661444655,0.39888336380392314
56,3042.704171827551,,,ring-site C-H stretching,tau(C2-C3-C4-H16),dihedral,0.00024367389824787706,-,-0.0018747946320592946,0.24383779514721982
56,3042.704171827551,,,ring-site C-H stretching,nu(C3-N5),bond,0.00023604112730622897,-,-0.0016000451906460723,0.3242818163336834
56,3042.704171827551,,,ring-site C-H stretching,delta(N5-C6-H18),angle,0.00022872208317678837,+,0.0018714466183406852,0.2296955728995778
56,3042.704171827551,,,ring-site C-H stretching,delta(O9-C8-H21),angle,0.00021869801928944794,-,-0.0009241190336233051,0.9007171530836973
56,3042.704171827551,,,ring-site C-H stretching,delta(C2-C1-H12),angle,0.00021205184814049218,+,0.001390929725084865,0.38550596241050855
56,3042.704171827551,,,ring-site C-H stretching,"gamma(C3;C2,H13,H14)",oop,0.00012225884899280426,+,0.0008403841893933435,0.6088691511213071
56,3042.704171827551,,,ring-site C-H stretching,"gamma(H16;C4,C3,H15)",oop,9.93745674598064e-05,-,-0.0014464500853534467,0.16705818655223026
56,3042.704171827551,,,ring-site C-H stretching,"gamma(H12;C1,H10,H11)",oop,7.325493406167378e-05,+,0.0009276526935395893,0.2994094311841051
56,3042.704171827551,,,ring-site C-H stretching,"gamma(C8;C7,H19,H20)",oop,7.25408806611574e-05,-,-0.001095260513228888,0.21269014963965546
56,3042.704171827551,,,ring-site C-H stretching,tau(N5-C3-C8-O9),dihedral,3.715648971897817e-05,+,0.0004657189237574816,0.6025406091278427
56,3042.704171827551,,,ring-site C-H stretching,nu(C4-N5),bond,3.561316173523255e-05,-,-0.0005903178136135338,0.35944973574991873
56,3042.704171827551,,,ring-site C-H stretching,nu(C2-C3),bond,3.273517510975356e-05,-,-0.0006323725372342602,0.2879175118810551
56,3042.704171827551,,,ring-site C-H stretching,delta(H15-C4-H16),angle,3.11163737825518e-05,-,-0.0006707163072567433,0.24328238400212834
56,3042.704171827551,,,ring-site C-H stretching,nu(C3-C4),bond,3.0764652984333934e-05,+,0.000579653418425636,0.32204356991514493
56,3042.704171827551,,,ring-site C-H stretching,delta(C3-C2-H14),angle,2.519390378822042e-05,-,-0.0003792748552334473,0.6160086042110487
56,3042.704171827551,,,ring-site C-H stretching,delta(H10-C1-H11),angle,2.135835239861572e-05,-,-0.0006017531446982677,0.20745811382014626
56,3042.704171827551,,,ring-site C-H stretching,nu(C3-C8),bond,1.7017859944765997e-05,-,-0.00042581280844917086,0.33011626112312614
56,3042.704171827551,,,ring-site C-H stretching,delta(C2-C1-H11),angle,1.1658433914485646e-05,-,-0.0003284358355876534,0.38013561079786046
56,3042.704171827551,,,ring-site C-H stretching,delta(C3-C8-H21),angle,1.0470258870877325e-05,-,-0.00022905537318190927,0.7019010077438758
56,3042.704171827551,,,ring-site C-H stretching,tau(H11-C1-C2-H13),dihedral,9.848433748912799e-06,+,0.00044381235540129333,0.17586029811300968
56,3042.704171827551,,,ring-site C-H stretching,tau(H12-C1-C2-C3),dihedral,4.69420789586146e-06,-,-0.0003086305639655098,0.17333404380475795
56,3042.704171827551,,,ring-site C-H stretching,tau(H14-C2-C3-C8),dihedral,3.650756106870859e-06,-,-0.0001302248514346726,0.7571719090760054
56,3042.704171827551,,,ring-site C-H stretching,delta(C2-C3-C8),angle,3.630896414656416e-06,-,-0.00011735239162672299,0.9273194814098629
56,3042.704171827551,,,ring-site C-H stretching,tau(H13-C2-C3-C4),dihedral,1.7370785686519562e-06,-,-9.18332229921108e-05,0.7244680264882472
56,3042.704171827551,,,ring-site C-H stretching,nu(O9-H22),bond,7.65293341238305e-07,-,-7.189527168892216e-05,0.5207468965628298
56,3042.704171827551,,,ring-site C-H stretching,delta(C8-O9-H22),angle,6.358904449898364e-07,+,0.00011354899135881208,0.17346631468839127
56,3042.704171827551,,,ring-site C-H stretching,tau(H21-C8-O9-H22),dihedral,5.15540825404554e-07,+,0.0004867300914117229,0.007653958151576438
56,3042.704171827551,,,ring-site C-H stretching,delta(C1-C2-H14),angle,4.706274292800433e-07,+,6.141601160342494e-05,0.43884729955830637
56,3042.704171827551,,,ring-site C-H stretching,delta(C3-C4-H15),angle,4.1891977073290204e-07,-,-8.010218003631489e-05,0.22963685996427452
56,3042.704171827551,,,ring-site C-H stretching,nu(C8-O9),bond,1.675677574394137e-07,-,-4.322899964151226e-05,0.3153838863168852
57,3055.0263661682307,,,ring-site C-H stretching,nu(C7-H20),bond,57.26719755246392,-,-0.7778655614727208,0.33460209280992387
57,3055.0263661682307,,,ring-site C-H stretching,nu(C7-H19),bond,36.555806830518144,-,-0.6211830689115374,0.3349260785391822
57,3055.0263661682307,,,ring-site C-H stretching,nu(C6-H17),bond,4.97672104872121,-,-0.2305873980743343,0.33090548953252324
57,3055.0263661682307,,,ring-site C-H stretching,nu(C4-H16),bond,0.4113289248932746,+,0.06444715428045455,0.3501172997314638
57,3055.0263661682307,,,ring-site C-H stretching,nu(C6-C7),bond,0.2026504689919399,+,0.04670450995854342,0.32844434189084687
57,3055.0263661682307,,,ring-site C-H stretching,nu(C6-H18),bond,0.164552346720205,+,0.041792815487804155,0.33306778735766407
57,3055.0263661682307,,,ring-site C-H stretching,nu(C7-C8),bond,0.1145283527166089,+,0.03926095510649263,0.2626776389289826
57,3055.0263661682307,,,ring-site C-H stretching,nu(C4-H15),bond,0.0910596685359281,+,0.030320775152287358,0.3501686615835324
57,3055.0263661682307,,,ring-site C-H stretching,delta(H19-C7-H20),angle,0.06456425752486875,+,0.02908707198796842,0.26978882731842474
57,3055.0263661682307,,,ring-site C-H stretching,delta(N5-C6-C7),angle,0.026639200896636454,+,0.008948116397283155,1.1762232354515754
57,3055.0263661682307,,,ring-site C-H stretching,tau(C6-C7-C8-O9),dihedral,0.01971841082561801,-,-0.01424062538801275,0.3437522879047999
57,3055.0263661682307,,,ring-site C-H stretching,nu(C2-H14),bond,0.018775642233074114,-,-0.014139676928817856,0.33200730465984796
57,3055.0263661682307,,,ring-site C-H stretching,delta(C6-C7-H20),angle,0.014945780687654418,+,0.012537089451708798,0.33616846176778953
57,3055.0263661682307,,,ring-site C-H stretching,"gamma(C8;C7,H19,H20)",oop,0.014326513281093805,-,-0.015431653756288032,0.21269014963965546
57,3055.0263661682307,,,ring-site C-H stretching,tau(C2-C3-N5-C6),dihedral,0.0111987730434877,+,0.00683072467465436,0.8485329137332114
57,3055.0263661682307,,,ring-site C-H stretching,tau(C4-C3-N5-C6),dihedral,0.010453805634207052,+,0.007768192689260733,0.6124438142435374
57,3055.0263661682307,,,ring-site C-H stretching,tau(N5-C6-C7-H19),dihedral,0.0075961190984264555,-,-0.011132631131609217,0.21668454548083232
57,3055.0263661682307,,,ring-site C-H stretching,nu(C1-H10),bond,0.004383814717263349,-,-0.006755912533086982,0.33955956196528847
57,3055.0263661682307,,,ring-site C-H stretching,delta(N5-C6-H17),angle,0.004235888796531593,+,0.007722157377397514,0.251130270498446
57,3055.0263661682307,,,ring-site C-H stretching,nu(C1-H11),bond,0.0034486881734607684,-,-0.0060401034227900805,0.3341927227283412
57,3055.0263661682307,,,ring-site C-H stretching,tau(C3-N5-C6-H18),dihedral,0.003120169875007206,+,0.0075896037997639386,0.19150135016784978
57,3055.0263661682307,,,ring-site C-H stretching,nu(C1-H12),bond,0.0023748727098550026,-,-0.0050117151435254735,0.33427153116902686
57,3055.0263661682307,,,ring-site C-H stretching,nu(C2-H13),bond,0.0022509369807520146,+,0.004961453810749905,0.32327881233108835
57,3055.0263661682307,,,ring-site C-H stretching,delta(C7-C8-H21),angle,0.0014507386672750595,+,0.0024566047328243145,0.8498659491447228
57,3055.0263661682307,,,ring-site C-H stretching,delta(N5-C6-H18),angle,0.0013744698986892583,-,-0.004599463847392716,0.2296955728995778
57,3055.0263661682307,,,ring-site C-H stretching,nu(C3-C4),bond,0.0011889119548172352,-,-0.003612712787489118,0.32204356991514493
57,3055.0263661682307,,,ring-site C-H stretching,nu(N5-C6),bond,0.00106190764980486,+,0.0034047858927082064,0.3238463052348426
57,3055.0263661682307,,,ring-site C-H stretching,nu(C8-H21),bond,0.0009869900606598507,-,-0.003328305823278618,0.31499099646613576
57,3055.0263661682307,,,ring-site C-H stretching,nu(C4-N5),bond,0.0006968082438820946,-,-0.0026179024596089937,0.35944973574991873
57,3055.0263661682307,,,ring-site C-H stretching,nu(O9-H22),bond,0.0002923146214243685,-,-0.0014087302154237864,0.5207468965628298
57,3055.0263661682307,,,ring-site C-H stretching,delta(O9-C8-H21),angle,0.0002922877146896254,+,0.0010710924783455796,0.9007171530836973
57,3055.0263661682307,,,ring-site C-H stretching,nu(C8-O9),bond,0.0002633081543892432,-,-0.0017180203734073211,0.3153838863168852
57,3055.0263661682307,,,ring-site C-H stretching,delta(C3-C4-H15),angle,0.00010521316933720186,+,0.0012727120531108604,0.22963685996427452
57,3055.0263661682307,,,ring-site C-H stretching,delta(H15-C4-H16),angle,6.027000294394409e-05,-,-0.0009358606356494108,0.24328238400212834
57,3055.0263661682307,,,ring-site C-H stretching,delta(C1-C2-H14),angle,5.311302293298404e-05,+,0.0006541234223527414,0.43884729955830637
57,3055.0263661682307,,,ring-site C-H stretching,nu(C1-C2),bond,4.523564671239678e-05,+,0.0007618088820876486,0.2755627756868186
57,3055.0263661682307,,,ring-site C-H stretching,tau(H13-C2-C3-C4),dihedral,3.8433803953073665e-05,-,-0.00043307486541029717,0.7244680264882472
57,3055.0263661682307,,,ring-site C-H stretching,"gamma(H16;C4,C3,H15)",oop,3.306151156513999e-05,-,-0.0008364565316850974,0.16705818655223026
57,3055.0263661682307,,,ring-site C-H stretching,nu(C3-C8),bond,3.205297707125897e-05,+,0.0005858907386195123,0.33011626112312614
57,3055.0263661682307,,,ring-site C-H stretching,tau(C8-C3-C4-N5),dihedral,3.0478312524236652e-05,-,-0.00030015716636166225,1.195983795278429
57,3055.0263661682307,,,ring-site C-H stretching,delta(C2-C1-H11),angle,2.065011288036206e-05,-,-0.00043823578968481605,0.38013561079786046
57,3055.0263661682307,,,ring-site C-H stretching,delta(C2-C1-H12),angle,1.7364756719122556e-05,-,-0.00039905679231632166,0.38550596241050855
57,3055.0263661682307,,,ring-site C-H stretching,delta(H13-C2-H14),angle,1.7227261705309133e-05,+,0.00024560085727012084,1.009690582029088
57,3055.0263661682307,,,ring-site C-H stretching,"gamma(H12;C1,H10,H11)",oop,1.5943109557368202e-05,-,-0.000433880051026562,0.2994094311841051
57,3055.0263661682307,,,ring-site C-H stretching,delta(C1-C2-C3),angle,8.065770132052961e-06,-,-0.00026737196265099817,0.39888336380392314
57,3055.0263661682307,,,ring-site C-H stretching,tau(C2-C3-C4-H16),dihedral,8.055288539628681e-06,+,0.0003417479710060037,0.24383779514721982
57,3055.0263661682307,,,ring-site C-H stretching,tau(H14-C2-C3-C8),dihedral,6.978793797940064e-06,-,-0.00018051314880804958,0.7571719090760054
57,3055.0263661682307,,,ring-site C-H stretching,tau(H11-C1-C2-H13),dihedral,4.524757865125139e-06,-,-0.00030159884547259036,0.17586029811300968
57,3055.0263661682307,,,ring-site C-H stretching,delta(C3-C2-H14),angle,3.5300056246104797e-06,+,0.0001423345114306946,0.6160086042110487
57,3055.0263661682307,,,ring-site C-H stretching,tau(H12-C1-C2-C3),dihedral,3.5207045841754126e-06,+,0.0002679715965672749,0.17333404380475795
57,3055.0263661682307,,,ring-site C-H stretching,tau(N5-C3-C8-O9),dihedral,3.331517460973258e-06,-,-0.0001398117884716682,0.6025406091278427
57,3055.0263661682307,,,ring-site C-H stretching,delta(C8-O9-H22),angle,2.71759828668465e-06,-,-0.0002353428234571141,0.17346631468839127
57,3055.0263661682307,,,ring-site C-H stretching,delta(H10-C1-H11),angle,2.4481942941666156e-06,+,0.00020425544072801455,0.20745811382014626
57,3055.0263661682307,,,ring-site C-H stretching,delta(C3-C8-H21),angle,7.940870679385645e-07,+,6.324293755225643e-05,0.7019010077438758
57,3055.0263661682307,,,ring-site C-H stretching,nu(C3-N5),bond,5.442237256396908e-07,+,7.702706366628602e-05,0.3242818163336834
57,3055.0263661682307,,,ring-site C-H stretching,nu(C2-C3),bond,3.101456852150498e-07,-,-6.171130591529894e-05,0.2879175118810551
57,3055.0263661682307,,,ring-site C-H stretching,tau(C3-N5-C6-H17),dihedral,1.744847744827516e-07,-,-5.4833463958762456e-05,0.20516250023230395
57,3055.0263661682307,,,ring-site C-H stretching,tau(H21-C8-O9-H22),dihedral,1.1627861228694407e-07,+,0.00023175162273658532,0.007653958151576438
57,3055.0263661682307,,,ring-site C-H stretching,"gamma(C3;C2,H13,H14)",oop,3.941249958802901e-08,+,1.5127630554485858e-05,0.6088691511213071
57,3055.0263661682307,,,ring-site C-H stretching,delta(C2-C3-C8),angle,4.4368933222423395e-11,+,4.1128295107123057e-07,0.9273194814098629
58,3063.7380891574485,,,mixed-phase C-H stretching,nu(C2-H14),bond,83.32748090995585,-,-0.9577522559673226,0.33200730465984796
58,3063.7380891574485,,,mixed-phase C-H stretching,nu(C2-H13),bond,8.875520422802532,+,0.31676790299703383,0.32327881233108835
58,3063.7380891574485,,,mixed-phase C-H stretching,nu(C1-H10),bond,5.071279899052258,-,-0.23363273066779083,0.33955956196528847
58,3063.7380891574485,,,mixed-phase C-H stretching,nu(C1-H11),bond,1.373023653888016,+,0.1225387348023415,0.3341927227283412
58,3063.7380891574485,,,mixed-phase C-H stretching,delta(C1-C2-H14),angle,0.2105344920119325,+,0.04187335797819786,0.43884729955830637
58,3063.7380891574485,,,mixed-phase C-H stretching,delta(C2-C3-C8),angle,0.19040969094606688,+,0.027394457786235234,0.9273194814098629
58,3063.7380891574485,,,mixed-phase C-H stretching,tau(H13-C2-C3-C4),dihedral,0.15657649491776895,+,0.02810519148393067,0.7244680264882472
58,3063.7380891574485,,,mixed-phase C-H stretching,delta(C3-C2-H14),angle,0.1525920034906045,+,0.030088835167613674,0.6160086042110487
58,3063.7380891574485,,,mixed-phase C-H stretching,tau(C2-C3-N5-C6),dihedral,0.10891146371844178,-,-0.021658846714816823,0.8485329137332114
58,3063.7380891574485,,,mixed-phase C-H stretching,delta(C2-C1-H11),angle,0.09379201456843513,-,-0.030029391424923547,0.38013561079786046
58,3063.7380891574485,,,mixed-phase C-H stretching,delta(H13-C2-H14),angle,0.0724978006483038,+,0.01619948245655912,1.009690582029088
58,3063.7380891574485,,,mixed-phase C-H stretching,nu(C7-H20),bond,0.04826849816689405,+,0.022961509923055515,0.33460209280992387
58,3063.7380891574485,,,mixed-phase C-H stretching,tau(H14-C2-C3-C8),dihedral,0.04756480740818516,+,0.015152297941812385,0.7571719090760054
58,3063.7380891574485,,,mixed-phase C-H stretching,delta(C1-C2-C3),angle,0.03490497348378696,-,-0.017883543322778278,0.39888336380392314
58,3063.7380891574485,,,mixed-phase C-H stretching,nu(C1-C2),bond,0.031410649626957964,+,0.020410848568042338,0.2755627756868186
58,3063.7380891574485,,,mixed-phase C-H stretching,nu(C1-H12),bond,0.030974068559701882,-,-0.01840273231777267,0.33427153116902686
58,3063.7380891574485,,,mixed-phase C-H stretching,tau(H12-C1-C2-C3),dihedral,0.02581258175323736,+,0.023329566255404464,0.17333404380475795
58,3063.7380891574485,,,mixed-phase C-H stretching,nu(C4-H15),bond,0.023992453603568997,+,0.015824557342721073,0.3501686615835324
58,3063.7380891574485,,,mixed-phase C-H stretching,tau(H11-C1-C2-H13),dihedral,0.0224598820813128,-,-0.021604922366940445,0.17586029811300968
58,3063.7380891574485,,,mixed-phase C-H stretching,nu(C2-C3),bond,0.019787409627273763,+,0.01584868773390822,0.2879175118810551
58,3063.7380891574485,,,mixed-phase C-H stretching,nu(C8-H21),bond,0.019441562359933422,+,0.01501928947942401,0.31499099646613576
58,3063.7380891574485,,,mixed-phase C-H stretching,delta(C2-C1-H12),angle,0.015965966225800644,-,-0.012303110655319402,0.38550596241050855
58,3063.7380891574485,,,mixed-phase C-H stretching,tau(C2-C3-C4-H16),dihedral,0.012311855429472456,+,0.013584514415440556,0.24383779514721982
58,3063.7380891574485,,,mixed-phase C-H stretching,nu(C6-H17),bond,0.010806575517484847,+,0.010925087830673724,0.33090548953252324
58,3063.7380891574485,,,mixed-phase C-H stretching,"gamma(C3;C2,H13,H14)",oop,0.007767582821520638,-,-0.0068283195614887915,0.6088691511213071
58,3063.7380891574485,,,mixed-phase C-H stretching,nu(C6-H18),bond,0.007592425957172652,+,0.009127605121808558,0.33306778735766407
58,3063.7380891574485,,,mixed-phase C-H stretching,nu(C7-H19),bond,0.00318939288227799,-,-0.0058994619551198555,0.3349260785391822
58,3063.7380891574485,,,mixed-phase C-H stretching,nu(C4-H16),bond,0.0014165014063865179,+,0.0038453386805326595,0.3501172997314638
58,3063.7380891574485,,,mixed-phase C-H stretching,"gamma(H12;C1,H10,H11)",oop,0.0009282305907557123,-,-0.003366108240871954,0.2994094311841051
58,3063.7380891574485,,,mixed-phase C-H stretching,nu(C3-C4),bond,0.0007123494785236957,-,-0.0028432962741859326,0.32204356991514493
58,3063.7380891574485,,,mixed-phase C-H stretching,delta(C7-C8-H21),angle,0.00036167531788491007,-,-0.0012471454255537698,0.8498659491447228
58,3063.7380891574485,,,mixed-phase C-H stretching,delta(H10-C1-H11),angle,0.00020529173599379767,+,0.0019017498812349707,0.20745811382014626
58,3063.7380891574485,,,mixed-phase C-H stretching,nu(C3-C8),bond,0.00017761774817128638,+,0.0014023053720754546,0.33011626112312614
58,3063.7380891574485,,,mixed-phase C-H stretching,nu(C3-N5),bond,0.00013950361737240967,-,-0.0012539040723161367,0.3242818163336834
58,3063.7380891574485,,,mixed-phase C-H stretching,delta(N5-C6-C7),angle,0.00013886392481200923,+,0.000656874975966372,1.1762232354515754
58,3063.7380891574485,,,mixed-phase C-H stretching,nu(C6-C7),bond,0.00012669711388777096,-,-0.001187368013623098,0.32844434189084687
58,3063.7380891574485,,,mixed-phase C-H stretching,delta(C3-C4-H15),angle,0.00012394945364069534,-,-0.0014045408835896588,0.22963685996427452
58,3063.7380891574485,,,mixed-phase C-H stretching,delta(O9-C8-H21),angle,0.00011866684018679959,-,-0.0006939103242630245,0.9007171530836973
58,3063.7380891574485,,,mixed-phase C-H stretching,delta(C3-C8-H21),angle,0.00011242988594079148,+,0.0007651310539221472,0.7019010077438758
58,3063.7380891574485,,,mixed-phase C-H stretching,tau(N5-C3-C8-O9),dihedral,8.900821715470347e-05,+,0.0007347756687417144,0.6025406091278427
58,3063.7380891574485,,,mixed-phase C-H stretching,tau(C4-C3-N5-C6),dihedral,8.603216922531325e-05,-,-0.0007165230850392649,0.6124438142435374
58,3063.7380891574485,,,mixed-phase C-H stretching,delta(C6-C7-H20),angle,5.900639471204091e-05,-,-0.0008009472844657677,0.33616846176778953
58,3063.7380891574485,,,mixed-phase C-H stretching,nu(C7-C8),bond,5.491980393627837e-05,-,-0.000874149701859214,0.2626776389289826
58,3063.7380891574485,,,mixed-phase C-H stretching,nu(C4-N5),bond,5.343140056614772e-05,-,-0.0007370756625409758,0.35944973574991873
58,3063.7380891574485,,,mixed-phase C-H stretching,nu(N5-C6),bond,4.733754062426563e-05,-,-0.0007309139467635501,0.3238463052348426
58,3063.7380891574485,,,mixed-phase C-H stretching,nu(O9-H22),bond,3.388913299022086e-05,-,-0.0004876966366804006,0.5207468965628298
58,3063.7380891574485,,,mixed-phase C-H stretching,tau(C3-N5-C6-H17),dihedral,2.9914363835224042e-05,+,0.0007300015310083131,0.20516250023230395
58,3063.7380891574485,,,mixed-phase C-H stretching,delta(H15-C4-H16),angle,2.8468147738771262e-05,+,0.000653968983006161,0.24328238400212834
58,3063.7380891574485,,,mixed-phase C-H stretching,tau(C6-C7-C8-O9),dihedral,2.6468440779025436e-05,+,0.0005304864033652188,0.3437522879047999
58,3063.7380891574485,,,mixed-phase C-H stretching,"gamma(C8;C7,H19,H20)",oop,1.917443006114683e-05,+,0.0005740112712364595,0.21269014963965546
58,3063.7380891574485,,,mixed-phase C-H stretching,nu(C8-O9),bond,1.4529772772837477e-05,-,-0.00041033875623963857,0.3153838863168852
58,3063.7380891574485,,,mixed-phase C-H stretching,tau(N5-C6-C7-H19),dihedral,1.111031701574552e-05,+,0.00043289456526505185,0.21668454548083232
58,3063.7380891574485,,,mixed-phase C-H stretching,delta(H19-C7-H20),angle,5.580754596022496e-06,-,-0.0002749586325769446,0.26978882731842474
58,3063.7380891574485,,,mixed-phase C-H stretching,"gamma(H16;C4,C3,H15)",oop,5.0301805687320215e-06,+,0.00033173460920433556,0.16705818655223026
58,3063.7380891574485,,,mixed-phase C-H stretching,tau(C8-C3-C4-N5),dihedral,2.9876344963971926e-06,+,9.555071951377352e-05,1.195983795278429
58,3063.7380891574485,,,mixed-phase C-H stretching,delta(C8-O9-H22),angle,8.6468285239749e-07,+,0.00013497512054230632,0.17346631468839127
58,3063.7380891574485,,,mixed-phase C-H stretching,tau(H21-C8-O9-H22),dihedral,4.287170623722883e-07,-,-0.0004524548200153261,0.007653958151576438
58,3063.7380891574485,,,mixed-phase C-H stretching,tau(C3-N5-C6-H18),dihedral,3.8556262861033353e-07,+,8.578165537433843e-05,0.19150135016784978
58,3063.7380891574485,,,mixed-phase C-H stretching,delta(N5-C6-H17),angle,7.393691271137181e-08,-,-3.2803032985370346e-05,0.251130270498446
58,3063.7380891574485,,,mixed-phase C-H stretching,delta(N5-C6-H18),angle,4.978112700338188e-08,+,2.8144201180071073e-05,0.2296955728995778
59,3077.498258903494,,,mixed-phase ring-site C-H stretching,nu(C6-H18),bond,57.666480885068246,-,-0.7985446351104519,0.33306778735766407
59,3077.498258903494,,,mixed-phase ring-site C-H stretching,nu(C6-H17),bond,22.981569792047285,+,0.5057567025050421,0.33090548953252324
59,3077.498258903494,,,mixed-phase ring-site C-H stretching,nu(C7-H19),bond,16.111187920416956,-,-0.42091372469974253,0.3349260785391822
59,3077.498258903494,,,mixed-phase ring-site C-H stretching,nu(C7-H20),bond,2.19657762228085,+,0.15549367880139167,0.33460209280992387
59,3077.498258903494,,,mixed-phase ring-site C-H stretching,delta(C6-C7-H20),angle,0.18398412323199106,-,-0.04489680930171799,0.33616846176778953
59,3077.498258903494,,,mixed-phase ring-site C-H stretching,tau(C2-C3-N5-C6),dihedral,0.16630996832650588,-,-0.026867581914782054,0.8485329137332114
59,3077.498258903494,,,mixed-phase ring-site C-H stretching,tau(C4-C3-N5-C6),dihedral,0.12470369913658694,-,-0.027384847671655423,0.6124438142435374
59,3077.498258903494,,,mixed-phase ring-site C-H stretching,nu(C8-H21),bond,0.1241722917394144,-,-0.03810369267878943,0.31499099646613576
59,3077.498258903494,,,mixed-phase ring-site C-H stretching,tau(C6-C7-C8-O9),dihedral,0.10934482575360677,+,0.03422788840530855,0.3437522879047999
59,3077.498258903494,,,mixed-phase ring-site C-H stretching,delta(N5-C6-H17),angle,0.08289919208331387,-,-0.034868190048142296,0.251130270498446
59,3077.498258903494,,,mixed-phase ring-site C-H stretching,delta(N5-C6-H18),angle,0.07992339893543321,+,0.03579846852775395,0.2296955728995778
59,3077.498258903494,,,mixed-phase ring-site C-H stretching,nu(C6-C7),bond,0.032506111547717195,+,0.01909217497730219,0.32844434189084687
59,3077.498258903494,,,mixed-phase ring-site C-H stretching,tau(N5-C6-C7-H19),dihedral,0.03196839843525839,-,-0.023310428590473536,0.21668454548083232
59,3077.498258903494,,,mixed-phase ring-site C-H stretching,delta(C7-C8-H21),angle,0.031336794867753384,-,-0.011653486045029386,0.8498659491447228
59,3077.498258903494,,,mixed-phase ring-site C-H stretching,tau(C3-N5-C6-H17),dihedral,0.023424320505780173,-,-0.020506346760597184,0.20516250023230395
59,3077.498258903494,,,mixed-phase ring-site C-H stretching,nu(C4-H16),bond,0.013977139385687048,-,-0.012125681330214874,0.3501172997314638
59,3077.498258903494,,,mixed-phase ring-site C-H stretching,tau(C3-N5-C6-H18),dihedral,0.009015244282805344,-,-0.013167599751775559,0.19150135016784978
59,3077.498258903494,,,mixed-phase ring-site C-H stretching,nu(N5-C6),bond,0.008953606969201505,+,0.01009097958638463,0.3238463052348426
59,3077.498258903494,,,mixed-phase ring-site C-H stretching,nu(C7-C8),bond,0.008039373813066523,+,0.010617037396230397,0.2626776389289826
59,3077.498258903494,,,mixed-phase ring-site C-H stretching,delta(H19-C7-H20),angle,0.0034718875523881976,+,0.006884535327450261,0.26978882731842474
59,3077.498258903494,,,mixed-phase ring-site C-H stretching,nu(C4-H15),bond,0.0029728497827797747,-,-0.005591800029178695,0.3501686615835324
59,3077.498258903494,,,mixed-phase ring-site C-H stretching,"gamma(C8;C7,H19,H20)",oop,0.0015894950482622252,-,-0.005246379337375802,0.21269014963965546
59,3077.498258903494,,,mixed-phase ring-site C-H stretching,delta(O9-C8-H21),angle,0.001504692194343772,+,0.0024804667221830267,0.9007171530836973
59,3077.498258903494,,,mixed-phase ring-site C-H stretching,nu(C1-H11),bond,0.0011618968374595689,-,-0.003578401589989628,0.3341927227283412
59,3077.498258903494,,,mixed-phase ring-site C-H stretching,nu(C2-H14),bond,0.0008030728997949176,+,0.002984746512801703,0.33200730465984796
59,3077.498258903494,,,mixed-phase ring-site C-H stretching,delta(N5-C6-C7),angle,0.00039212762452439567,-,-0.0011080838614625284,1.1762232354515754
59,3077.498258903494,,,mixed-phase ring-site C-H stretching,tau(N5-C3-C8-O9),dihedral,0.0002908605813525332,-,-0.0013333773099164095,0.6025406091278427
59,3077.498258903494,,,mixed-phase ring-site C-H stretching,nu(C3-N5),bond,0.00020975814160191834,+,0.0015434831848369472,0.3242818163336834
59,3077.498258903494,,,mixed-phase ring-site C-H stretching,nu(C1-H12),bond,0.0001731298535506658,-,-0.0013811475364618744,0.33427153116902686
59,3077.498258903494,,,mixed-phase ring-site C-H stretching,nu(C3-C8),bond,0.0001485910356701243,+,0.001287557502070865,0.33011626112312614
59,3077.498258903494,,,mixed-phase ring-site C-H stretching,tau(H14-C2-C3-C8),dihedral,0.0001339643113045239,+,0.0008072370726939157,0.7571719090760054
59,3077.498258903494,,,mixed-phase ring-site C-H stretching,delta(C2-C3-C8),angle,0.00012902826398911396,-,-0.000715865648442846,0.9273194814098629
59,3077.498258903494,,,mixed-phase ring-site C-H stretching,tau(C2-C3-C4-H16),dihedral,9.594863268061537e-05,+,0.0012038508157892092,0.24383779514721982
59,3077.498258903494,,,mixed-phase ring-site C-H stretching,nu(O9-H22),bond,7.604654745392698e-05,-,-0.0007333819100926779,0.5207468965628298
59,3077.498258903494,,,mixed-phase ring-site C-H stretching,tau(C8-C3-C4-N5),dihedral,6.575160259248322e-05,-,-0.0004499811396009937,1.195983795278429
59,3077.498258903494,,,mixed-phase ring-site C-H stretching,delta(C8-O9-H22),angle,5.526553358225771e-05,-,-0.001083236774612855,0.17346631468839127
59,3077.498258903494,,,mixed-phase ring-site C-H stretching,nu(C2-C3),bond,5.297519715763487e-05,-,-0.0008232012821735065,0.2879175118810551
59,3077.498258903494,,,mixed-phase ring-site C-H stretching,delta(H15-C4-H16),angle,5.0543845843819045e-05,+,0.0008747472748025195,0.24328238400212834
59,3077.498258903494,,,mixed-phase ring-site C-H stretching,tau(H13-C2-C3-C4),dihedral,4.7658284748712046e-05,-,-0.0004922246738989006,0.7244680264882472
59,3077.498258903494,,,mixed-phase ring-site C-H stretching,delta(C3-C8-H21),angle,4.5495838212419095e-05,+,0.0004885980058077907,0.7019010077438758
59,3077.498258903494,,,mixed-phase ring-site C-H stretching,delta(C3-C4-H15),angle,4.507953108453706e-05,-,-0.0008503009860569897,0.22963685996427452
59,3077.498258903494,,,mixed-phase ring-site C-H stretching,"gamma(H16;C4,C3,H15)",oop,4.3273324971047383e-05,+,0.0009767423969730244,0.16705818655223026
59,3077.498258903494,,,mixed-phase ring-site C-H stretching,nu(C3-C4),bond,3.535129409746042e-05,+,0.0006358418804032974,0.32204356991514493
59,3077.498258903494,,,mixed-phase ring-site C-H stretching,"gamma(C3;C2,H13,H14)",oop,8.950408750236692e-06,-,-0.00023268224046829678,0.6088691511213071
59,3077.498258903494,,,mixed-phase ring-site C-H stretching,delta(C1-C2-C3),angle,6.782866573741583e-06,-,-0.0002502577080862552,0.39888336380392314
59,3077.498258903494,,,mixed-phase ring-site C-H stretching,nu(C1-H10),bond,2.451097120375004e-06,-,-0.00016305197556898665,0.33955956196528847
59,3077.498258903494,,,mixed-phase ring-site C-H stretching,nu(C8-O9),bond,2.265268750239744e-06,+,0.00016264619373696336,0.3153838863168852
59,3077.498258903494,,,mixed-phase ring-site C-H stretching,delta(C1-C2-H14),angle,2.1590397322693854e-06,-,-0.0001346100203178724,0.43884729955830637
59,3077.498258903494,,,mixed-phase ring-site C-H stretching,"gamma(H12;C1,H10,H11)",oop,1.465280497489036e-06,-,-0.00013425529839909743,0.2994094311841051
59,3077.498258903494,,,mixed-phase ring-site C-H stretching,delta(C2-C1-H11),angle,1.4589500043802352e-06,+,0.00011889256988831862,0.38013561079786046
59,3077.498258903494,,,mixed-phase ring-site C-H stretching,nu(C4-N5),bond,9.003529692197425e-07,-,-9.604861434836172e-05,0.35944973574991873
59,3077.498258903494,,,mixed-phase ring-site C-H stretching,nu(C2-H13),bond,8.875191940704175e-07,-,-0.00010055508645890272,0.32327881233108835
59,3077.498258903494,,,mixed-phase ring-site C-H stretching,delta(H10-C1-H11),angle,8.341954011284288e-07,+,0.00012169492594511152,0.20745811382014626
59,3077.498258903494,,,mixed-phase ring-site C-H stretching,delta(C2-C1-H12),angle,6.101267902503958e-07,-,-7.634810909561649e-05,0.38550596241050855
59,3077.498258903494,,,mixed-phase ring-site C-H stretching,nu(C1-C2),bond,6.005219379527648e-07,+,8.958967291643873e-05,0.2755627756868186
59,3077.498258903494,,,mixed-phase ring-site C-H stretching,tau(H21-C8-O9-H22),dihedral,4.132328715723966e-07,-,-0.00044592125797170064,0.007653958151576438
59,3077.498258903494,,,mixed-phase ring-site C-H stretching,delta(H13-C2-H14),angle,4.0480452721207263e-07,+,3.8426631478230764e-05,1.009690582029088
59,3077.498258903494,,,mixed-phase ring-site C-H stretching,tau(H11-C1-C2-H13),dihedral,3.2450225431250275e-07,+,8.24382462441529e-05,0.17586029811300968
59,3077.498258903494,,,mixed-phase ring-site C-H stretching,delta(C3-C2-H14),angle,3.214256880632165e-08,-,-1.3862791443402657e-05,0.6160086042110487
59,3077.498258903494,,,mixed-phase ring-site C-H stretching,tau(H12-C1-C2-C3),dihedral,7.103164959740826e-09,-,-1.2285357629567416e-05,0.17333404380475795
60,3091.2603476087347,,,opposite-phase C-H stretching,nu(C1-H12),bond,48.94412168068705,-,-0.735278391477644,0.33427153116902686
60,3091.2603476087347,,,opposite-phase C-H stretching,nu(C1-H11),bond,48.35780967637557,+,0.7309472646449866,0.3341927227283412
60,3091.2603476087347,,,opposite-phase C-H stretching,nu(C2-H13),bond,1.6803543948924382,-,-0.13853612979640617,0.32327881233108835
60,3091.2603476087347,,,opposite-phase C-H stretching,nu(C2-H14),bond,0.31023163825387634,+,0.05873817547616385,0.33200730465984796
60,3091.2603476087347,,,opposite-phase C-H stretching,delta(C2-C1-H12),angle,0.16141183874972828,+,0.03931908216339562,0.38550596241050855
60,3091.2603476087347,,,opposite-phase C-H stretching,delta(C2-C1-H11),angle,0.13042510232120236,-,-0.03559283192708435,0.38013561079786046
60,3091.2603476087347,,,opposite-phase C-H stretching,nu(C7-H20),bond,0.07259368117752088,-,-0.028303250300396914,0.33460209280992387
60,3091.2603476087347,,,opposite-phase C-H stretching,nu(C7-H19),bond,0.06319525998893084,+,0.02639483787985406,0.3349260785391822
60,3091.2603476087347,,,opposite-phase C-H stretching,delta(H10-C1-H11),angle,0.06222324982200804,-,-0.033278394141501855,0.20745811382014626
60,3091.2603476087347,,,opposite-phase C-H stretching,delta(C1-C2-C3),angle,0.061023291771685494,+,0.023767093921990085,0.39888336380392314
60,3091.2603476087347,,,opposite-phase C-H stretching,"gamma(H12;C1,H10,H11)",oop,0.02422577554187514,-,-0.01728452046415042,0.2994094311841051
60,3091.2603476087347,,,opposite-phase C-H stretching,nu(C4-H15),bond,0.02298731721810121,-,-0.015568857194503545,0.3501686615835324
60,3091.2603476087347,,,opposite-phase C-H stretching,nu(C6-H18),bond,0.02220730860083543,-,-0.015690358859126688,0.33306778735766407
60,3091.2603476087347,,,opposite-phase C-H stretching,tau(H12-C1-C2-C3),dihedral,0.020969812472839165,-,-0.02113521000913116,0.17333404380475795
60,3091.2603476087347,,,opposite-phase C-H stretching,nu(C1-H10),bond,0.014034794827877721,+,0.012353678091591913,0.33955956196528847
60,3091.2603476087347,,,opposite-phase C-H stretching,tau(H11-C1-C2-H13),dihedral,0.012315389527035018,-,-0.01608019839088807,0.17586029811300968
60,3091.2603476087347,,,opposite-phase C-H stretching,nu(C6-H17),bond,0.005353601195648803,+,0.007728981199212565,0.33090548953252324
60,3091.2603476087347,,,opposite-phase C-H stretching,delta(C3-C2-H14),angle,0.0046935685305379326,-,-0.005304072127889539,0.6160086042110487
60,3091.2603476087347,,,opposite-phase C-H stretching,nu(C4-H16),bond,0.004509732012161206,-,-0.006896358202662652,0.3501172997314638
60,3091.2603476087347,,,opposite-phase C-H stretching,delta(C1-C2-H14),angle,0.004465237550358565,-,-0.006129383539373962,0.43884729955830637
60,3091.2603476087347,,,opposite-phase C-H stretching,tau(C2-C3-N5-C6),dihedral,0.004135514988885216,+,0.004242107617677194,0.8485329137332114
60,3091.2603476087347,,,opposite-phase C-H stretching,tau(H14-C2-C3-C8),dihedral,0.00359302263346084,-,-0.004185852864162572,0.7571719090760054
60,3091.2603476087347,,,opposite-phase C-H stretching,delta(C2-C3-C8),angle,0.003357806959964855,-,-0.003656490078458658,0.9273194814098629
60,3091.2603476087347,,,opposite-phase C-H stretching,nu(C8-H21),bond,0.0032281334501611495,-,-0.006151455668686698,0.31499099646613576
60,3091.2603476087347,,,opposite-phase C-H stretching,delta(H13-C2-H14),angle,0.00295252071923173,+,0.0032858940273458944,1.009690582029088
60,3091.2603476087347,,,opposite-phase C-H stretching,tau(H13-C2-C3-C4),dihedral,0.0008477392617650759,-,-0.002078608820025278,0.7244680264882472
60,3091.2603476087347,,,opposite-phase C-H stretching,nu(C2-C3),bond,0.0005978018101552536,+,0.0027688268724054338,0.2879175118810551
60,3091.2603476087347,,,opposite-phase C-H stretching,delta(C7-C8-H21),angle,0.0005894282072067214,+,0.0016002633973671633,0.8498659491447228
60,3091.2603476087347,,,opposite-phase C-H stretching,"gamma(C3;C2,H13,H14)",oop,0.00044862735319611515,-,-0.001649423272820824,0.6088691511213071
60,3091.2603476087347,,,opposite-phase C-H stretching,nu(C1-C2),bond,0.0002513833949362049,+,0.0018353092222932739,0.2755627756868186
60,3091.2603476087347,,,opposite-phase C-H stretching,delta(N5-C6-C7),angle,0.00019061359668559233,-,-0.0007735409145700758,1.1762232354515754
60,3091.2603476087347,,,opposite-phase C-H stretching,nu(C3-C4),bond,0.00014395554090664277,+,0.0012847188768865562,0.32204356991514493
60,3091.2603476087347,,,opposite-phase C-H stretching,delta(C6-C7-H20),angle,9.672740167612198e-05,+,0.001030736145779086,0.33616846176778953
60,3091.2603476087347,,,opposite-phase C-H stretching,tau(N5-C6-C7-H19),dihedral,9.416574980382803e-05,-,-0.0012667290910165151,0.21668454548083232
60,3091.2603476087347,,,opposite-phase C-H stretching,tau(C2-C3-C4-H16),dihedral,8.884979828166933e-05,+,0.0011599224133268778,0.24383779514721982
60,3091.2603476087347,,,opposite-phase C-H stretching,nu(C4-N5),bond,4.826025923322347e-05,+,0.0007040880437876423,0.35944973574991873
60,3091.2603476087347,,,opposite-phase C-H stretching,delta(N5-C6-H17),angle,3.7947328972662934e-05,-,-0.0007469513260969301,0.251130270498446
60,3091.2603476087347,,,opposite-phase C-H stretching,tau(C6-C7-C8-O9),dihedral,2.003915204492466e-05,-,-0.0004639467109511981,0.3437522879047999
60,3091.2603476087347,,,opposite-phase C-H stretching,delta(N5-C6-H18),angle,1.9130462174873633e-05,+,0.0005545460899413955,0.2296955728995778
60,3091.2603476087347,,,opposite-phase C-H stretching,delta(H15-C4-H16),angle,1.5000079988265725e-05,+,0.00047713654855529214,0.24328238400212834
60,3091.2603476087347,,,opposite-phase C-H stretching,nu(N5-C6),bond,1.398078298752063e-05,+,0.00039925236988033893,0.3238463052348426
60,3091.2603476087347,,,opposite-phase C-H stretching,delta(O9-C8-H21),angle,1.0637005507678125e-05,+,0.00020881740961710177,0.9007171530836973
60,3091.2603476087347,,,opposite-phase C-H stretching,delta(C3-C8-H21),angle,1.0015581703986991e-05,-,-0.00022953630424074002,0.7019010077438758
60,3091.2603476087347,,,opposite-phase C-H stretching,tau(C3-N5-C6-H17),dihedral,9.094977928455193e-06,-,-0.0004045787441094389,0.20516250023230395
60,3091.2603476087347,,,opposite-phase C-H stretching,tau(N5-C3-C8-O9),dihedral,7.993876711860827e-06,-,-0.00022132821964147457,0.6025406091278427
60,3091.2603476087347,,,opposite-phase C-H stretching,nu(C6-C7),bond,6.067736693369516e-06,+,0.00026117626063269816,0.32844434189084687
60,3091.2603476087347,,,opposite-phase C-H stretching,"gamma(H16;C4,C3,H15)",oop,5.49857733846555e-06,+,0.00034861214757023705,0.16705818655223026
60,3091.2603476087347,,,opposite-phase C-H stretching,delta(C3-C4-H15),angle,5.383273250725862e-06,+,0.0002942074333285853,0.22963685996427452
60,3091.2603476087347,,,opposite-phase C-H stretching,tau(C4-C3-N5-C6),dihedral,5.0087896746762896e-06,-,-0.00017377388082715067,0.6124438142435374
60,3091.2603476087347,,,opposite-phase C-H stretching,tau(C3-N5-C6-H18),dihedral,4.710101214268754e-06,-,-0.00030135640641669746,0.19150135016784978
60,3091.2603476087347,,,opposite-phase C-H stretching,nu(C3-C8),bond,3.902798973183936e-06,-,-0.00020893243264994446,0.33011626112312614
60,3091.2603476087347,,,opposite-phase C-H stretching,nu(C8-O9),bond,3.3623447690158366e-06,+,0.00019840499427057248,0.3153838863168852
60,3091.2603476087347,,,opposite-phase C-H stretching,tau(C8-C3-C4-N5),dihedral,2.407503563529768e-06,+,8.62128595760946e-05,1.195983795278429
60,3091.2603476087347,,,opposite-phase C-H stretching,nu(O9-H22),bond,2.2902276677283164e-06,+,0.00012743162228350316,0.5207468965628298
60,3091.2603476087347,,,opposite-phase C-H stretching,delta(H19-C7-H20),angle,2.3381656459285195e-07,+,5.6568789581369184e-05,0.26978882731842474
60,3091.2603476087347,,,opposite-phase C-H stretching,delta(C8-O9-H22),angle,2.199966197285232e-07,+,6.84308062176336e-05,0.17346631468839127
60,3091.2603476087347,,,opposite-phase C-H stretching,tau(H21-C8-O9-H22),dihedral,1.1551153988281518e-07,+,0.0002360591688932867,0.007653958151576438
60,3091.2603476087347,,,opposite-phase C-H stretching,nu(C3-N5),bond,3.0951701042444343e-08,-,-1.8772935639502588e-05,0.3242818163336834
60,3091.2603476087347,,,opposite-phase C-H stretching,"gamma(C8;C7,H19,H20)",oop,2.6437522862084618e-08,+,2.1423376508284285e-05,0.21269014963965546
60,3091.2603476087347,,,opposite-phase C-H stretching,nu(C7-C8),bond,4.210095098541044e-11,-,-7.692821043340021e-07,0.2626776389289826
61,3098.530503073717,,,mixed-phase ring-site C-H stretching,nu(C7-H19),bond,41.56658145338749,-,-0.6769671248674389,0.3349260785391822
61,3098.530503073717,,,mixed-phase ring-site C-H stretching,nu(C7-H20),bond,36.72230344416373,+,0.6366057220111064,0.33460209280992387
61,3098.530503073717,,,mixed-phase ring-site C-H stretching,nu(C6-H17),bond,9.69747918475972,-,-0.3289632237548179,0.33090548953252324
61,3098.530503073717,,,mixed-phase ring-site C-H stretching,nu(C6-H18),bond,7.106335711997658,+,0.2806896836437834,0.33306778735766407
61,3098.530503073717,,,mixed-phase ring-site C-H stretching,nu(C4-H16),bond,2.502795766598454,-,-0.16247099029149595,0.3501172997314638
61,3098.530503073717,,,mixed-phase ring-site C-H stretching,nu(C4-H15),bond,1.137895454983176,-,-0.10954245003452047,0.3501686615835324
61,3098.530503073717,,,mixed-phase ring-site C-H stretching,nu(C8-H21),bond,0.6110353180720763,-,-0.08463577852017258,0.31499099646613576
61,3098.530503073717,,,mixed-phase ring-site C-H stretching,delta(C7-C8-H21),angle,0.15878629105843614,-,-0.026266438765682024,0.8498659491447228
61,3098.530503073717,,,mixed-phase ring-site C-H stretching,nu(C1-H12),bond,0.07455876344069476,-,-0.02869918473862167,0.33427153116902686
61,3098.530503073717,,,mixed-phase ring-site C-H stretching,tau(N5-C6-C7-H19),dihedral,0.05738937577390177,+,0.03127315437423674,0.21668454548083232
61,3098.530503073717,,,mixed-phase ring-site C-H stretching,delta(C6-C7-H20),angle,0.05354734490583203,-,-0.0242527167287107,0.33616846176778953
61,3098.530503073717,,,mixed-phase ring-site C-H stretching,delta(N5-C6-C7),angle,0.05262441358647262,+,0.012853418981180944,1.1762232354515754
61,3098.530503073717,,,mixed-phase ring-site C-H stretching,tau(C2-C3-N5-C6),dihedral,0.04575208319350204,+,0.014110454318933227,0.8485329137332114
61,3098.530503073717,,,mixed-phase ring-site C-H stretching,nu(C1-H11),bond,0.03809782696625091,+,0.020517361718674063,0.3341927227283412
61,3098.530503073717,,,mixed-phase ring-site C-H stretching,nu(C2-H13),bond,0.028258689062518137,-,-0.017966243908383493,0.32327881233108835
61,3098.530503073717,,,mixed-phase ring-site C-H stretching,tau(C4-C3-N5-C6),dihedral,0.02567837504462859,+,0.012442869589702367,0.6124438142435374
61,3098.530503073717,,,mixed-phase ring-site C-H stretching,tau(C6-C7-C8-O9),dihedral,0.021614563062448508,+,0.015237732266489602,0.3437522879047999
61,3098.530503073717,,,mixed-phase ring-site C-H stretching,delta(N5-C6-H17),angle,0.02032256736098087,+,0.01728660309293749,0.251130270498446
61,3098.530503073717,,,mixed-phase ring-site C-H stretching,delta(N5-C6-H18),angle,0.018579251672608408,-,-0.017282545277604956,0.2296955728995778
61,3098.530503073717,,,mixed-phase ring-site C-H stretching,nu(C3-C4),bond,0.01133590203597675,+,0.011400939284019286,0.32204356991514493
61,3098.530503073717,,,mixed-phase ring-site C-H stretching,nu(C4-N5),bond,0.009749276874581792,+,0.010007763292637356,0.35944973574991873
61,3098.530503073717,,,mixed-phase ring-site C-H stretching,nu(C1-H10),bond,0.008307746998597001,+,0.009505031394741221,0.33955956196528847
61,3098.530503073717,,,mixed-phase ring-site C-H stretching,nu(C2-H14),bond,0.0077817274224729486,+,0.00930323721052505,0.33200730465984796
61,3098.530503073717,,,mixed-phase ring-site C-H stretching,delta(O9-C8-H21),angle,0.005420617997003526,+,0.0047141141169549095,0.9007171530836973
61,3098.530503073717,,,mixed-phase ring-site C-H stretching,tau(C3-N5-C6-H18),dihedral,0.004196181133323687,+,0.008995205721060162,0.19150135016784978
61,3098.530503073717,,,mixed-phase ring-site C-H stretching,nu(C7-C8),bond,0.003385079673797509,+,0.006898311515016818,0.2626776389289826
61,3098.530503073717,,,mixed-phase ring-site C-H stretching,tau(N5-C3-C8-O9),dihedral,0.0012357808052617446,-,-0.0027519939096635688,0.6025406091278427
61,3098.530503073717,,,mixed-phase ring-site C-H stretching,tau(C3-N5-C6-H17),dihedral,0.0011451711531139366,+,0.004540002742409554,0.20516250023230395
61,3098.530503073717,,,mixed-phase ring-site C-H stretching,delta(C2-C3-C8),angle,0.0010501138053625842,-,-0.0020449062347114356,0.9273194814098629
61,3098.530503073717,,,mixed-phase ring-site C-H stretching,delta(H15-C4-H16),angle,0.0009703041132124249,+,0.0038376778155619867,0.24328238400212834
61,3098.530503073717,,,mixed-phase ring-site C-H stretching,tau(H13-C2-C3-C4),dihedral,0.0008117323193408154,+,0.0020340738391072663,0.7244680264882472
61,3098.530503073717,,,mixed-phase ring-site C-H stretching,delta(C3-C4-H15),angle,0.0006696378994994226,-,-0.0032814751498375433,0.22963685996427452
61,3098.530503073717,,,mixed-phase ring-site C-H stretching,"gamma(C8;C7,H19,H20)",oop,0.0006670027118536247,-,-0.003402984871010972,0.21269014963965546
61,3098.530503073717,,,mixed-phase ring-site C-H stretching,nu(C6-C7),bond,0.0006405447608532566,+,0.002683575116586318,0.32844434189084687
61,3098.530503073717,,,mixed-phase ring-site C-H stretching,nu(C3-C8),bond,0.0004639334053143643,+,0.0022780553422725243,0.33011626112312614
61,3098.530503073717,,,mixed-phase ring-site C-H stretching,nu(C8-O9),bond,0.0004116175057572552,+,0.0021953161634947764,0.3153838863168852
61,3098.530503073717,,,mixed-phase ring-site C-H stretching,"gamma(H16;C4,C3,H15)",oop,0.0003733883901327893,+,0.0028728730190938044,0.16705818655223026
61,3098.530503073717,,,mixed-phase ring-site C-H stretching,delta(C3-C8-H21),angle,0.0003262197955708964,+,0.0013100477619731189,0.7019010077438758
61,3098.530503073717,,,mixed-phase ring-site C-H stretching,delta(C8-O9-H22),angle,0.00026179125662826913,-,-0.0023606951066565524,0.17346631468839127
61,3098.530503073717,,,mixed-phase ring-site C-H stretching,tau(H14-C2-C3-C8),dihedral,0.00021347252572724449,+,0.0010203370444657144,0.7571719090760054
61,3098.530503073717,,,mixed-phase ring-site C-H stretching,delta(C2-C1-H12),angle,0.00020534612944762202,+,0.001402483039068215,0.38550596241050855
61,3098.530503073717,,,mixed-phase ring-site C-H stretching,tau(C8-C3-C4-N5),dihedral,0.0001301076677098009,+,0.0006338094426907029,1.195983795278429
61,3098.530503073717,,,mixed-phase ring-site C-H stretching,delta(C1-C2-H14),angle,0.00012423674074576397,-,-0.0010224409060190043,0.43884729955830637
61,3098.530503073717,,,mixed-phase ring-site C-H stretching,delta(H10-C1-H11),angle,8.65803974618515e-05,-,-0.0012414078347471025,0.20745811382014626
61,3098.530503073717,,,mixed-phase ring-site C-H stretching,delta(C3-C2-H14),angle,6.853981721494149e-05,-,-0.000640985180348697,0.6160086042110487
61,3098.530503073717,,,mixed-phase ring-site C-H stretching,delta(H13-C2-H14),angle,6.709430327573956e-05,+,0.0004953573118889787,1.009690582029088
61,3098.530503073717,,,mixed-phase ring-site C-H stretching,delta(C1-C2-C3),angle,5.9777408405398286e-05,+,0.0007439015890869767,0.39888336380392314
61,3098.530503073717,,,mixed-phase ring-site C-H stretching,tau(H11-C1-C2-H13),dihedral,3.35201696937644e-05,-,-0.0008389558537613647,0.17586029811300968
61,3098.530503073717,,,mixed-phase ring-site C-H stretching,"gamma(H12;C1,H10,H11)",oop,3.2562420662004454e-05,-,-0.0006337172224411538,0.2994094311841051
61,3098.530503073717,,,mixed-phase ring-site C-H stretching,nu(C3-N5),bond,2.9202580419220976e-05,+,0.0005766591968239351,0.3242818163336834
61,3098.530503073717,,,mixed-phase ring-site C-H stretching,nu(O9-H22),bond,2.6896943795419748e-05,-,-0.00043672497578319886,0.5207468965628298
61,3098.530503073717,,,mixed-phase ring-site C-H stretching,tau(H12-C1-C2-C3),dihedral,2.6012565619846215e-05,-,-0.0007444226296894497,0.17333404380475795
61,3098.530503073717,,,mixed-phase ring-site C-H stretching,delta(C2-C1-H11),angle,1.9064202586064463e-05,-,-0.00043033825170253257,0.38013561079786046
61,3098.530503073717,,,mixed-phase ring-site C-H stretching,tau(C2-C3-C4-H16),dihedral,1.2619628608665332e-05,-,-0.00043716228020574587,0.24383779514721982
61,3098.530503073717,,,mixed-phase ring-site C-H stretching,nu(C2-C3),bond,6.685726661350082e-06,-,-0.0002928263641037441,0.2879175118810551
61,3098.530503073717,,,mixed-phase ring-site C-H stretching,nu(N5-C6),bond,5.141976273876731e-06,+,0.0002421394032778504,0.3238463052348426
61,3098.530503073717,,,mixed-phase ring-site C-H stretching,tau(H21-C8-O9-H22),dihedral,4.3124212446789486e-06,-,-0.001442405778767143,0.007653958151576438
61,3098.530503073717,,,mixed-phase ring-site C-H stretching,delta(H19-C7-H20),angle,4.090174826473776e-06,-,-0.0002366076937447111,0.26978882731842474
61,3098.530503073717,,,mixed-phase ring-site C-H stretching,"gamma(C3;C2,H13,H14)",oop,3.691187433148665e-06,+,0.0001496204549062165,0.6088691511213071
61,3098.530503073717,,,mixed-phase ring-site C-H stretching,nu(C1-C2),bond,1.3958639877972322e-06,+,0.00013676695663768457,0.2755627756868186
62,3108.3984429579805,,,in-phase ring-site C-H stretching,nu(C4-H16),bond,47.43232893449351,-,-0.7046907912834249,0.3501172997314638
62,3108.3984429579805,,,in-phase ring-site C-H stretching,nu(C4-H15),bond,46.45290983807982,-,-0.6973261963975669,0.3501686615835324
62,3108.3984429579805,,,in-phase ring-site C-H stretching,nu(C7-H20),bond,2.773112540781755,-,-0.1742960631813561,0.33460209280992387
62,3108.3984429579805,,,in-phase ring-site C-H stretching,nu(C1-H10),bond,1.2389812732530219,-,-0.11564917677424565,0.33955956196528847
62,3108.3984429579805,,,in-phase ring-site C-H stretching,nu(C7-H19),bond,0.8533017666985158,+,0.09663734662831441,0.3349260785391822
62,3108.3984429579805,,,in-phase ring-site C-H stretching,nu(C3-C4),bond,0.2807782779862886,+,0.05653177136854565,0.32204356991514493
62,3108.3984429579805,,,in-phase ring-site C-H stretching,nu(C1-H12),bond,0.2585850345121725,+,0.05325006655149992,0.33427153116902686
62,3108.3984429579805,,,in-phase ring-site C-H stretching,nu(C6-H18),bond,0.24323395236181455,-,-0.05173851260591169,0.33306778735766407
62,3108.3984429579805,,,in-phase ring-site C-H stretching,nu(C4-N5),bond,0.2319638382962062,+,0.04863615297288771,0.35944973574991873
62,3108.3984429579805,,,in-phase ring-site C-H stretching,nu(C6-H17),bond,0.060118479399242246,+,0.025805968604518503,0.33090548953252324
62,3108.3984429579805,,,in-phase ring-site C-H stretching,delta(H15-C4-H16),angle,0.05366857947745242,+,0.028436286135833135,0.24328238400212834
62,3108.3984429579805,,,in-phase ring-site C-H stretching,nu(C1-H11),bond,0.034254892502856946,+,0.01938344503535466,0.3341927227283412
62,3108.3984429579805,,,in-phase ring-site C-H stretching,tau(H13-C2-C3-C4),dihedral,0.016142023643765782,+,0.00903727577004734,0.7244680264882472
62,3108.3984429579805,,,in-phase ring-site C-H stretching,"gamma(H16;C4,C3,H15)",oop,0.012032944537165849,+,0.01624876033494667,0.16705818655223026
62,3108.3984429579805,,,in-phase ring-site C-H stretching,delta(C7-C8-H21),angle,0.007760972996898121,+,0.005785634957789593,0.8498659491447228
62,3108.3984429579805,,,in-phase ring-site C-H stretching,delta(C3-C4-H15),angle,0.007315682479128981,-,-0.010806244282859428,0.22963685996427452
62,3108.3984429579805,,,in-phase ring-site C-H stretching,nu(C8-H21),bond,0.0070901220468261176,+,0.009083347772373906,0.31499099646613576
62,3108.3984429579805,,,in-phase ring-site C-H stretching,nu(C2-H14),bond,0.005403258730961085,+,0.007723643491604385,0.33200730465984796
62,3108.3984429579805,,,in-phase ring-site C-H stretching,delta(C6-C7-H20),angle,0.004115969501908407,+,0.0066992432523954384,0.33616846176778953
62,3108.3984429579805,,,in-phase ring-site C-H stretching,tau(C2-C3-C4-H16),dihedral,0.0031981563493376,+,0.0069337390220564005,0.24383779514721982
62,3108.3984429579805,,,in-phase ring-site C-H stretching,nu(C2-H13),bond,0.0028292081720457493,-,-0.005663853192315576,0.32327881233108835
62,3108.3984429579805,,,in-phase ring-site C-H stretching,tau(C8-C3-C4-N5),dihedral,0.002634866814928228,+,0.0028417432894427925,1.195983795278429
62,3108.3984429579805,,,in-phase ring-site C-H stretching,delta(N5-C6-C7),angle,0.002491794262975474,-,-0.002786630399420521,1.1762232354515754
62,3108.3984429579805,,,in-phase ring-site C-H stretching,delta(C2-C1-H12),angle,0.0021822468489825046,-,-0.004555169529444529,0.38550596241050855
62,3108.3984429579805,,,in-phase ring-site C-H stretching,tau(N5-C6-C7-H19),dihedral,0.0020309104067790604,-,-0.005861375851336111,0.21668454548083232
62,3108.3984429579805,,,in-phase ring-site C-H stretching,tau(C6-C7-C8-O9),dihedral,0.001671632856615767,-,-0.0042219764607398175,0.3437522879047999
62,3108.3984429579805,,,in-phase ring-site C-H stretching,delta(C1-C2-H14),angle,0.0015016208865881652,+,0.0035415354387461563,0.43884729955830637
62,3108.3984429579805,,,in-phase ring-site C-H stretching,nu(C3-N5),bond,0.0011214552415985985,+,0.003560392118867459,0.3242818163336834
62,3108.3984429579805,,,in-phase ring-site C-H stretching,nu(C6-C7),bond,0.0009212238806946864,+,0.003206415936195679,0.32844434189084687
62,3108.3984429579805,,,in-phase ring-site C-H stretching,delta(C1-C2-C3),angle,0.0009172671899886874,-,-0.0029033080935543837,0.39888336380392314
62,3108.3984429579805,,,in-phase ring-site C-H stretching,tau(H11-C1-C2-H13),dihedral,0.0008552505874603258,+,0.00422212362058051,0.17586029811300968
62,3108.3984429579805,,,in-phase ring-site C-H stretching,delta(H10-C1-H11),angle,0.0007766065553722506,+,0.0037042771310476187,0.20745811382014626
62,3108.3984429579805,,,in-phase ring-site C-H stretching,delta(C2-C3-C8),angle,0.0006544726065046527,+,0.0016084190263201458,0.9273194814098629
62,3108.3984429579805,,,in-phase ring-site C-H stretching,delta(C3-C8-H21),angle,0.0004931334455228008,-,-0.0016047687296826792,0.7019010077438758
62,3108.3984429579805,,,in-phase ring-site C-H stretching,delta(C2-C1-H11),angle,0.0004359501204755893,-,-0.002050299378149349,0.38013561079786046
62,3108.3984429579805,,,in-phase ring-site C-H stretching,tau(H12-C1-C2-C3),dihedral,0.00036829699667118314,-,-0.00279077813064938,0.17333404380475795
62,3108.3984429579805,,,in-phase ring-site C-H stretching,tau(C2-C3-N5-C6),dihedral,0.0003558748060894232,-,-0.0012398879299193703,0.8485329137332114
62,3108.3984429579805,,,in-phase ring-site C-H stretching,delta(N5-C6-H17),angle,0.0002752169918150225,-,-0.002004270094602695,0.251130270498446
62,3108.3984429579805,,,in-phase ring-site C-H stretching,nu(C2-C3),bond,0.00027320542659470314,-,-0.0018649997472295634,0.2879175118810551
62,3108.3984429579805,,,in-phase ring-site C-H stretching,tau(C3-N5-C6-H17),dihedral,0.00022966299668128215,-,-0.0020256512625546545,0.20516250023230395
62,3108.3984429579805,,,in-phase ring-site C-H stretching,delta(H19-C7-H20),angle,0.0001551242833062807,+,0.0014517641600766463,0.26978882731842474
62,3108.3984429579805,,,in-phase ring-site C-H stretching,nu(C1-C2),bond,0.00011513003358532844,+,0.00123751991678417,0.2755627756868186
62,3108.3984429579805,,,in-phase ring-site C-H stretching,nu(C7-C8),bond,7.59770838563766e-05,+,0.0010296696577275308,0.2626776389289826
62,3108.3984429579805,,,in-phase ring-site C-H stretching,nu(C8-O9),bond,6.686652527466386e-05,-,-0.0008815618436389963,0.3153838863168852
62,3108.3984429579805,,,in-phase ring-site C-H stretching,delta(H13-C2-H14),angle,4.6767428132088485e-05,+,0.0004120460431394323,1.009690582029088
62,3108.3984429579805,,,in-phase ring-site C-H stretching,delta(N5-C6-H18),angle,4.192247906026167e-05,+,0.0008179284655003003,0.2296955728995778
62,3108.3984429579805,,,in-phase ring-site C-H stretching,tau(C3-N5-C6-H18),dihedral,4.08843842991601e-05,-,-0.0008846285831056964,0.19150135016784978
62,3108.3984429579805,,,in-phase ring-site C-H stretching,nu(N5-C6),bond,3.816456667158166e-05,+,0.0006572473617173137,0.3238463052348426
62,3108.3984429579805,,,in-phase ring-site C-H stretching,nu(C3-C8),bond,3.366149247055322e-05,-,-0.0006113661398146749,0.33011626112312614
62,3108.3984429579805,,,in-phase ring-site C-H stretching,tau(N5-C3-C8-O9),dihedral,2.146108755505823e-05,-,-0.00036132736919589683,0.6025406091278427
62,3108.3984429579805,,,in-phase ring-site C-H stretching,nu(O9-H22),bond,1.2934482161759166e-05,+,0.00030173753269682583,0.5207468965628298
62,3108.3984429579805,,,in-phase ring-site C-H stretching,tau(H14-C2-C3-C8),dihedral,8.364559753485818e-06,-,-0.0002012298735085652,0.7571719090760054
62,3108.3984429579805,,,in-phase ring-site C-H stretching,delta(C3-C2-H14),angle,8.332960956537524e-06,-,-0.0002226765280650814,0.6160086042110487
62,3108.3984429579805,,,in-phase ring-site C-H stretching,"gamma(H12;C1,H10,H11)",oop,6.699711386464809e-06,+,0.0002863937037677248,0.2994094311841051
62,3108.3984429579805,,,in-phase ring-site C-H stretching,"gamma(C8;C7,H19,H20)",oop,4.245703493151081e-06,-,-0.00027050126414137753,0.21269014963965546
62,3108.3984429579805,,,in-phase ring-site C-H stretching,tau(C4-C3-N5-C6),dihedral,3.1203816161642092e-06,-,-0.00013665920373104264,0.6124438142435374
62,3108.3984429579805,,,in-phase ring-site C-H stretching,tau(H21-C8-O9-H22),dihedral,2.1116247994601812e-06,+,0.0010056190506738543,0.007653958151576438
62,3108.3984429579805,,,in-phase ring-site C-H stretching,"gamma(C3;C2,H13,H14)",oop,9.282687491956691e-07,+,7.475548035733401e-05,0.6088691511213071
62,3108.3984429579805,,,in-phase ring-site C-H stretching,delta(O9-C8-H21),angle,7.376561037154991e-07,-,-5.4789950786147e-05,0.9007171530836973
62,3108.3984429579805,,,in-phase ring-site C-H stretching,delta(C8-O9-H22),angle,1.300637392164389e-07,-,-5.24250313253662e-05,0.17346631468839127
63,3111.536313233259,,,mixed-phase C-H stretching,nu(C1-H10),bond,74.02348335734246,+,0.90116877771786,0.33955956196528847
63,3111.536313233259,,,mixed-phase C-H stretching,nu(C1-H12),bond,9.893018244976647,-,-0.33204280158517446,0.33427153116902686
63,3111.536313233259,,,mixed-phase C-H stretching,nu(C1-H11),bond,9.055755818492056,-,-0.3177190222379981,0.3341927227283412
63,3111.536313233259,,,mixed-phase C-H stretching,nu(C2-H14),bond,4.515802938122607,-,-0.22509872304046136,0.33200730465984796
63,3111.536313233259,,,mixed-phase C-H stretching,nu(C4-H16),bond,0.7555623074252603,-,-0.08966185441263426,0.3501172997314638
63,3111.536313233259,,,mixed-phase C-H stretching,nu(C2-H13),bond,0.7121798790892573,+,0.09059111159879044,0.32327881233108835
63,3111.536313233259,,,mixed-phase C-H stretching,nu(C4-H15),bond,0.5628011723176997,-,-0.07737812796280909,0.3501686615835324
63,3111.536313233259,,,mixed-phase C-H stretching,tau(H11-C1-C2-H13),dihedral,0.06562664384934992,-,-0.03728512083012843,0.17586029811300968
63,3111.536313233259,,,mixed-phase C-H stretching,tau(H12-C1-C2-C3),dihedral,0.060571847365239274,+,0.036080523900658204,0.17333404380475795
63,3111.536313233259,,,mixed-phase C-H stretching,delta(C2-C1-H12),angle,0.059975966223631,+,0.024074231741635137,0.38550596241050855
63,3111.536313233259,,,mixed-phase C-H stretching,nu(C7-H20),bond,0.05711525198095525,-,-0.025216864334227047,0.33460209280992387
63,3111.536313233259,,,mixed-phase C-H stretching,delta(C1-C2-H14),angle,0.05531397636158666,-,-0.02166906062407348,0.43884729955830637
63,3111.536313233259,,,mixed-phase C-H stretching,delta(C2-C1-H11),angle,0.03973834078695095,+,0.019733991957382954,0.38013561079786046
63,3111.536313233259,,,mixed-phase C-H stretching,nu(C7-H19),bond,0.025855519066046828,+,0.0169582685348631,0.3349260785391822
63,3111.536313233259,,,mixed-phase C-H stretching,delta(H10-C1-H11),angle,0.02557221965735782,-,-0.021428825113988834,0.20745811382014626
63,3111.536313233259,,,mixed-phase C-H stretching,delta(C1-C2-C3),angle,0.013049679637990114,+,0.011039675886364257,0.39888336380392314
63,3111.536313233259,,,mixed-phase C-H stretching,delta(C2-C3-C8),angle,0.01276979877945827,+,0.00716236905288731,0.9273194814098629
63,3111.536313233259,,,mixed-phase C-H stretching,tau(H13-C2-C3-C4),dihedral,0.012725344255029566,+,0.00808918035148021,0.7244680264882472
63,3111.536313233259,,,mixed-phase C-H stretching,delta(C3-C2-H14),angle,0.012677071439657107,+,0.008755792071502276,0.6160086042110487
63,3111.536313233259,,,mixed-phase C-H stretching,tau(C2-C3-N5-C6),dihedral,0.00810960408195697,-,-0.005966846142129192,0.8485329137332114
63,3111.536313233259,,,mixed-phase C-H stretching,delta(H13-C2-H14),angle,0.004987643432219809,+,0.004289759120249935,1.009690582029088
63,3111.536313233259,,,mixed-phase C-H stretching,nu(C6-H18),bond,0.004434274425490662,-,-0.007042459001589138,0.33306778735766407
63,3111.536313233259,,,mixed-phase C-H stretching,nu(C6-H17),bond,0.0038031953509941236,+,0.006543373196430975,0.33090548953252324
63,3111.536313233259,,,mixed-phase C-H stretching,nu(C8-H21),bond,0.003743972923212634,+,0.006654212094254612,0.31499099646613576
63,3111.536313233259,,,mixed-phase C-H stretching,nu(C3-C4),bond,0.0034440374459725155,+,0.006311839924511198,0.32204356991514493
63,3111.536313233259,,,mixed-phase C-H stretching,nu(C4-N5),bond,0.003224298477494669,+,0.005780666233638482,0.35944973574991873
63,3111.536313233259,,,mixed-phase C-H stretching,tau(H14-C2-C3-C8),dihedral,0.0017825584160823438,+,0.0029614472322769124,0.7571719090760054
63,3111.536313233259,,,mixed-phase C-H stretching,nu(C1-C2),bond,0.0015978112129201361,-,-0.004647632894316884,0.2755627756868186
63,3111.536313233259,,,mixed-phase C-H stretching,"gamma(H12;C1,H10,H11)",oop,0.0010355228362360343,-,-0.0035894380492089086,0.2994094311841051
63,3111.536313233259,,,mixed-phase C-H stretching,delta(H15-C4-H16),angle,0.0009402752753786135,+,0.003794473609158766,0.24328238400212834
63,3111.536313233259,,,mixed-phase C-H stretching,nu(C2-C3),bond,0.000907505311506037,+,0.0034266512605717124,0.2879175118810551
63,3111.536313233259,,,mixed-phase C-H stretching,tau(C2-C3-C4-H16),dihedral,0.0009002961509021813,+,0.0037086986417458946,0.24383779514721982
63,3111.536313233259,,,mixed-phase C-H stretching,"gamma(C3;C2,H13,H14)",oop,0.0004594656633264503,-,-0.001676655759762915,0.6088691511213071
63,3111.536313233259,,,mixed-phase C-H stretching,delta(C3-C4-H15),angle,0.0002761452635927988,-,-0.0021165442829528093,0.22963685996427452
63,3111.536313233259,,,mixed-phase C-H stretching,"gamma(H16;C4,C3,H15)",oop,0.00019296891281506077,+,0.0020743839976968327,0.16705818655223026
63,3111.536313233259,,,mixed-phase C-H stretching,delta(C7-C8-H21),angle,0.00011667842983506122,+,0.000715153771609982,0.8498659491447228
63,3111.536313233259,,,mixed-phase C-H stretching,delta(C6-C7-H20),angle,9.520847927301667e-05,+,0.0010271614001491941,0.33616846176778953
63,3111.536313233259,,,mixed-phase C-H stretching,tau(C8-C3-C4-N5),dihedral,7.023130772534831e-05,+,0.0004677158524011844,1.195983795278429
63,3111.536313233259,,,mixed-phase C-H stretching,delta(O9-C8-H21),angle,4.6185673708208516e-05,-,-0.00043705770876890026,0.9007171530836973
63,3111.536313233259,,,mixed-phase C-H stretching,tau(N5-C6-C7-H19),dihedral,4.539281796432542e-05,-,-0.0008834031903856901,0.21668454548083232
63,3111.536313233259,,,mixed-phase C-H stretching,tau(C6-C7-C8-O9),dihedral,4.222703967359751e-05,-,-0.0006764751993870224,0.3437522879047999
63,3111.536313233259,,,mixed-phase C-H stretching,delta(N5-C6-C7),angle,4.0286156208220756e-05,-,-0.00035720078026943355,1.1762232354515754
63,3111.536313233259,,,mixed-phase C-H stretching,nu(O9-H22),bond,3.065927590634674e-05,+,0.0004683245899357666,0.5207468965628298
63,3111.536313233259,,,mixed-phase C-H stretching,tau(C4-C3-N5-C6),dihedral,2.784255208705424e-05,-,-0.0004115292928980599,0.6124438142435374
63,3111.536313233259,,,mixed-phase C-H stretching,tau(N5-C3-C8-O9),dihedral,1.550006366676694e-05,+,0.0003095657749417468,0.6025406091278427
63,3111.536313233259,,,mixed-phase C-H stretching,nu(C7-C8),bond,7.666818265305688e-06,-,-0.0003297428538185775,0.2626776389289826
63,3111.536313233259,,,mixed-phase C-H stretching,nu(C6-C7),bond,6.7449684769801994e-06,+,0.0002765912453260064,0.32844434189084687
63,3111.536313233259,,,mixed-phase C-H stretching,delta(N5-C6-H17),angle,6.124994281279962e-06,-,-0.00030142736108302757,0.251130270498446
63,3111.536313233259,,,mixed-phase C-H stretching,delta(N5-C6-H18),angle,3.1976591137362056e-06,+,0.0002277294144429897,0.2296955728995778
63,3111.536313233259,,,mixed-phase C-H stretching,delta(H19-C7-H20),angle,2.1313330630329784e-06,+,0.00017155091576952217,0.26978882731842474
63,3111.536313233259,,,mixed-phase C-H stretching,tau(C3-N5-C6-H17),dihedral,1.8177400135480428e-06,-,-0.00018167545312267462,0.20516250023230395
63,3111.536313233259,,,mixed-phase C-H stretching,nu(C3-N5),bond,1.7918696093222242e-06,+,0.0001434733580684169,0.3242818163336834
63,3111.536313233259,,,mixed-phase C-H stretching,delta(C8-O9-H22),angle,1.4757709265297021e-06,+,0.00017802510845924783,0.17346631468839127
63,3111.536313233259,,,mixed-phase C-H stretching,nu(N5-C6),bond,1.1505228643247458e-06,-,-0.00011504228879148846,0.3238463052348426
63,3111.536313233259,,,mixed-phase C-H stretching,tau(C3-N5-C6-H18),dihedral,9.143579356995471e-07,-,-0.0001333679755788182,0.19150135016784978
63,3111.536313233259,,,mixed-phase C-H stretching,nu(C8-O9),bond,9.091981064209288e-07,-,-0.00010363080480160147,0.3153838863168852
63,3111.536313233259,,,mixed-phase C-H stretching,nu(C3-C8),bond,6.781667658870929e-07,+,8.748108333365603e-05,0.33011626112312614
63,3111.536313233259,,,mixed-phase C-H stretching,"gamma(C8;C7,H19,H20)",oop,2.1865773893542216e-07,+,6.18853851159175e-05,0.21269014963965546
63,3111.536313233259,,,mixed-phase C-H stretching,tau(H21-C8-O9-H22),dihedral,7.629801996054937e-09,-,-6.0938667271129144e-05,0.007653958151576438
63,3111.536313233259,,,mixed-phase C-H stretching,delta(C3-C8-H21),angle,6.167730417507122e-09,+,5.72142380288007e-06,0.7019010077438758
64,3188.0086592607677,,,opposite-phase ring-site C-H stretching,nu(C4-H15),bond,50.93810617500005,+,0.754133602075522,0.3501686615835324
64,3188.0086592607677,,,opposite-phase ring-site C-H stretching,nu(C4-H16),bond,48.26696771584487,-,-0.7341482297334541,0.3501172997314638
64,3188.0086592607677,,,opposite-phase ring-site C-H stretching,tau(C4-C3-N5-C6),dihedral,0.25128003918561326,-,-0.0400508190897016,0.6124438142435374
64,3188.0086592607677,,,opposite-phase ring-site C-H stretching,delta(C3-C4-H15),angle,0.16934993642798846,-,-0.05369542104929167,0.22963685996427452
64,3188.0086592607677,,,opposite-phase ring-site C-H stretching,nu(C7-H20),bond,0.1392414735628529,-,-0.040335320482391475,0.33460209280992387
64,3188.0086592607677,,,opposite-phase ring-site C-H stretching,tau(C8-C3-C4-N5),dihedral,0.10902014088550324,+,0.018878011873847366,1.195983795278429
64,3188.0086592607677,,,opposite-phase ring-site C-H stretching,tau(C2-C3-C4-H16),dihedral,0.05879242789178658,-,-0.030702639929517512,0.24383779514721982
64,3188.0086592607677,,,opposite-phase ring-site C-H stretching,tau(H13-C2-C3-C4),dihedral,0.025694356312063342,+,0.011775376249222966,0.7244680264882472
64,3188.0086592607677,,,opposite-phase ring-site C-H stretching,nu(C7-H19),bond,0.010341154596137556,+,0.010986909979678031,0.3349260785391822
64,3188.0086592607677,,,opposite-phase ring-site C-H stretching,nu(C2-H14),bond,0.008893791374318177,+,0.010233758934010583,0.33200730465984796
64,3188.0086592607677,,,opposite-phase ring-site C-H stretching,"gamma(H16;C4,C3,H15)",oop,0.007841835684903247,+,0.01354691858410301,0.16705818655223026
64,3188.0086592607677,,,opposite-phase ring-site C-H stretching,nu(C1-H11),bond,0.002657684206415065,+,0.005575948149086144,0.3341927227283412
64,3188.0086592607677,,,opposite-phase ring-site C-H stretching,nu(C1-H10),bond,0.002358792679816832,-,-0.005211376334365597,0.33955956196528847
64,3188.0086592607677,,,opposite-phase ring-site C-H stretching,nu(C6-H18),bond,0.002140210509306789,-,-0.0050121892797910595,0.33306778735766407
64,3188.0086592607677,,,opposite-phase ring-site C-H stretching,nu(C8-H21),bond,0.001828431475938255,+,0.004763825089961067,0.31499099646613576
64,3188.0086592607677,,,opposite-phase ring-site C-H stretching,nu(C4-N5),bond,0.0017333711833849796,+,0.004342024152907609,0.35944973574991873
64,3188.0086592607677,,,opposite-phase ring-site C-H stretching,nu(C6-H17),bond,0.0016814929714784918,+,0.004457189259408537,0.33090548953252324
64,3188.0086592607677,,,opposite-phase ring-site C-H stretching,delta(H13-C2-H14),angle,0.0003136729587451477,-,-0.0011020718784852473,1.009690582029088
64,3188.0086592607677,,,opposite-phase ring-site C-H stretching,delta(C6-C7-H20),angle,0.00023528672488806575,+,0.0016541914125101057,0.33616846176778953
64,3188.0086592607677,,,opposite-phase ring-site C-H stretching,delta(C7-C8-H21),angle,0.00021723351776449962,+,0.0009996632715483559,0.8498659491447228
64,3188.0086592607677,,,opposite-phase ring-site C-H stretching,delta(H15-C4-H16),angle,0.00016177505114686668,-,-0.0016123746984321506,0.24328238400212834
64,3188.0086592607677,,,opposite-phase ring-site C-H stretching,tau(N5-C6-C7-H19),dihedral,0.0001571392812571126,-,-0.001683813338902251,0.21668454548083232
64,3188.0086592607677,,,opposite-phase ring-site C-H stretching,delta(C3-C8-H21),angle,0.00013599852888517046,-,-0.0008703515466676867,0.7019010077438758
64,3188.0086592607677,,,opposite-phase ring-site C-H stretching,"gamma(C3;C2,H13,H14)",oop,0.0001170120150389073,-,-0.0008667997490355795,0.6088691511213071
64,3188.0086592607677,,,opposite-phase ring-site C-H stretching,tau(C6-C7-C8-O9),dihedral,0.00010825939702640335,-,-0.0011096232203584252,0.3437522879047999
64,3188.0086592607677,,,opposite-phase ring-site C-H stretching,delta(N5-C6-H17),angle,0.00010208608146836891,-,-0.0012606637582538774,0.251130270498446
64,3188.0086592607677,,,opposite-phase ring-site C-H stretching,tau(N5-C3-C8-O9),dihedral,8.256693285191223e-05,+,0.0007319399432489669,0.6025406091278427
64,3188.0086592607677,,,opposite-phase ring-site C-H stretching,delta(C3-C2-H14),angle,5.0541632976674143e-05,+,0.0005663654846598489,0.6160086042110487
64,3188.0086592607677,,,opposite-phase ring-site C-H stretching,nu(C3-C8),bond,4.6563320518856344e-05,-,-0.000742598462696765,0.33011626112312614
64,3188.0086592607677,,,opposite-phase ring-site C-H stretching,nu(C6-C7),bond,4.6460149546355665e-05,+,0.0007436608907321038,0.32844434189084687
64,3188.0086592607677,,,opposite-phase ring-site C-H stretching,tau(C2-C3-N5-C6),dihedral,4.319410714045493e-05,-,-0.0004461115190338978,0.8485329137332114
64,3188.0086592607677,,,opposite-phase ring-site C-H stretching,nu(C3-N5),bond,4.1200834158370604e-05,+,0.0007047859521987417,0.3242818163336834
64,3188.0086592607677,,,opposite-phase ring-site C-H stretching,nu(C1-H12),bond,3.892802075834152e-05,-,-0.0006747563795765004,0.33427153116902686
64,3188.0086592607677,,,opposite-phase ring-site C-H stretching,tau(H11-C1-C2-H13),dihedral,3.461967387321404e-05,+,0.0008772898743788904,0.17586029811300968
64,3188.0086592607677,,,opposite-phase ring-site C-H stretching,delta(C1-C2-H14),angle,2.5261644857886823e-05,-,-0.00047439448397030713,0.43884729955830637
64,3188.0086592607677,,,opposite-phase ring-site C-H stretching,delta(N5-C6-C7),angle,1.69856529637664e-05,+,0.00023760839420945817,1.1762232354515754
64,3188.0086592607677,,,opposite-phase ring-site C-H stretching,tau(H12-C1-C2-C3),dihedral,1.5065814334485602e-05,-,-0.0005829346946903473,0.17333404380475795
64,3188.0086592607677,,,opposite-phase ring-site C-H stretching,nu(C3-C4),bond,1.3134881848344986e-05,-,-0.00039932022051155264,0.32204356991514493
64,3188.0086592607677,,,opposite-phase ring-site C-H stretching,nu(C8-O9),bond,1.005333485014614e-05,-,-0.0003530212569002974,0.3153838863168852
64,3188.0086592607677,,,opposite-phase ring-site C-H stretching,tau(C3-N5-C6-H17),dihedral,8.680036240788406e-06,+,0.00040670293902632783,0.20516250023230395
64,3188.0086592607677,,,opposite-phase ring-site C-H stretching,delta(H10-C1-H11),angle,8.401220692551571e-06,-,-0.0003978977811007394,0.20745811382014626
64,3188.0086592607677,,,opposite-phase ring-site C-H stretching,nu(C7-C8),bond,6.669935855584448e-06,+,0.00031507562744550934,0.2626776389289826
64,3188.0086592607677,,,opposite-phase ring-site C-H stretching,delta(H19-C7-H20),angle,5.817655295862422e-06,+,0.00029035382088673833,0.26978882731842474
64,3188.0086592607677,,,opposite-phase ring-site C-H stretching,delta(C2-C1-H11),angle,4.546352956861067e-06,+,0.0002162359157226034,0.38013561079786046
64,3188.0086592607677,,,opposite-phase ring-site C-H stretching,tau(C3-N5-C6-H18),dihedral,4.241348870437306e-06,+,0.0002942602579174124,0.19150135016784978
64,3188.0086592607677,,,opposite-phase ring-site C-H stretching,"gamma(C8;C7,H19,H20)",oop,3.1856094083019514e-06,-,-0.0002419848112799915,0.21269014963965546
64,3188.0086592607677,,,opposite-phase ring-site C-H stretching,nu(C2-H13),bond,3.1537939852218234e-06,-,-0.00019529610080147748,0.32327881233108835
64,3188.0086592607677,,,opposite-phase ring-site C-H stretching,delta(O9-C8-H21),angle,2.6496915453143872e-06,-,-0.0001072430054352433,0.9007171530836973
64,3188.0086592607677,,,opposite-phase ring-site C-H stretching,nu(O9-H22),bond,2.241030062621283e-06,+,0.00012971076752329454,0.5207468965628298
64,3188.0086592607677,,,opposite-phase ring-site C-H stretching,delta(C8-O9-H22),angle,2.086770987361242e-06,+,0.00021686793898896323,0.17346631468839127
64,3188.0086592607677,,,opposite-phase ring-site C-H stretching,delta(C2-C1-H12),angle,1.9855802210116783e-06,+,0.000141903694445247,0.38550596241050855
64,3188.0086592607677,,,opposite-phase ring-site C-H stretching,tau(H21-C8-O9-H22),dihedral,1.0946711557314802e-06,+,0.0007477636141903306,0.007653958151576438
64,3188.0086592607677,,,opposite-phase ring-site C-H stretching,nu(C1-C2),bond,8.961152288718689e-07,-,-0.00011275535762277472,0.2755627756868186
64,3188.0086592607677,,,opposite-phase ring-site C-H stretching,delta(C2-C3-C8),angle,8.466303937967787e-07,+,5.9744477731678905e-05,0.9273194814098629
64,3188.0086592607677,,,opposite-phase ring-site C-H stretching,"gamma(H12;C1,H10,H11)",oop,3.444116679868448e-07,+,6.706126216360045e-05,0.2994094311841051
64,3188.0086592607677,,,opposite-phase ring-site C-H stretching,tau(H14-C2-C3-C8),dihedral,3.4186605279932244e-07,-,-4.2014217100455046e-05,0.7571719090760054
64,3188.0086592607677,,,opposite-phase ring-site C-H stretching,delta(C1-C2-C3),angle,2.443708834251826e-07,+,4.894037589841156e-05,0.39888336380392314
64,3188.0086592607677,,,opposite-phase ring-site C-H stretching,nu(C2-C3),bond,2.2737143572993275e-07,+,5.556476026062516e-05,0.2879175118810551
64,3188.0086592607677,,,opposite-phase ring-site C-H stretching,delta(N5-C6-H18),angle,1.981690844854742e-07,+,5.807740087186328e-05,0.2296955728995778
64,3188.0086592607677,,,opposite-phase ring-site C-H stretching,nu(N5-C6),bond,7.801866896184432e-08,+,3.068988974518393e-05,0.3238463052348426
65,3807.3279310403286,,,O-H stretching,nu(O9-H22),bond,99.9194381301133,+,1.0268066629709955,0.5207468965628298
65,3807.3279310403286,,,O-H stretching,nu(C8-O9),bond,0.027407062180368223,-,-0.02185186576838496,0.3153838863168852
65,3807.3279310403286,,,O-H stretching,tau(C6-C7-C8-O9),dihedral,0.027013012314077194,+,0.020779770242093626,0.3437522879047999
65,3807.3279310403286,,,O-H stretching,delta(O9-C8-H21),angle,0.018098888053310683,+,0.010507726540767886,0.9007171530836973
65,3807.3279310403286,,,O-H stretching,delta(C8-O9-H22),angle,0.00608098731648389,-,-0.013878946592363984,0.17346631468839127
65,3807.3279310403286,,,O-H stretching,tau(N5-C3-C8-O9),dihedral,0.0006829629554114567,-,-0.0024956429115706186,0.6025406091278427
65,3807.3279310403286,,,O-H stretching,nu(C8-H21),bond,0.0004594097436814917,+,0.0028309230370040556,0.31499099646613576
65,3807.3279310403286,,,O-H stretching,nu(C7-H19),bond,0.00017644595212201473,-,-0.0017014077207754912,0.3349260785391822
65,3807.3279310403286,,,O-H stretching,delta(C3-C8-H21),angle,0.0001482092937159854,+,0.0010771515670685663,0.7019010077438758
65,3807.3279310403286,,,O-H stretching,tau(C8-C3-C4-N5),dihedral,9.580217954671566e-05,+,0.0006634406515539805,1.195983795278429
65,3807.3279310403286,,,O-H stretching,nu(C3-C8),bond,8.470267803018886e-05,-,-0.0011873866005707812,0.33011626112312614
65,3807.3279310403286,,,O-H stretching,delta(C7-C8-H21),angle,5.862273407490664e-05,-,-0.0006156513723638764,0.8498659491447228
65,3807.3279310403286,,,O-H stretching,tau(H14-C2-C3-C8),dihedral,5.14194742050244e-05,-,-0.0006108626906657166,0.7571719090760054
65,3807.3279310403286,,,O-H stretching,nu(C7-C8),bond,3.542628976602382e-05,+,0.0008608516476607888,0.2626776389289826
65,3807.3279310403286,,,O-H stretching,nu(C1-H10),bond,3.37651055444362e-05,-,-0.0007391849317110819,0.33955956196528847
65,3807.3279310403286,,,O-H stretching,tau(H21-C8-O9-H22),dihedral,2.2788672831484046e-05,+,0.0040447669792594045,0.007653958151576438
65,3807.3279310403286,,,O-H stretching,"gamma(C8;C7,H19,H20)",oop,2.274884876183435e-05,-,-0.000766625136578639,0.21269014963965546
65,3807.3279310403286,,,O-H stretching,nu(C6-C7),bond,1.3925710483634066e-05,+,0.000482675016793924,0.32844434189084687
65,3807.3279310403286,,,O-H stretching,nu(C7-H20),bond,9.492108163687063e-06,-,-0.0003948153638399378,0.33460209280992387
65,3807.3279310403286,,,O-H stretching,nu(C2-H13),bond,8.330063047692106e-06,+,0.0003762812300208538,0.32327881233108835
65,3807.3279310403286,,,O-H stretching,nu(C6-H18),bond,7.627493914257534e-06,-,-0.0003547330481093037,0.33306778735766407
65,3807.3279310403286,,,O-H stretching,nu(C4-H16),bond,7.504457168546574e-06,+,0.00034318625709798547,0.3501172997314638
65,3807.3279310403286,,,O-H stretching,delta(C6-C7-H20),angle,5.361442813677954e-06,-,-0.0002960324962623491,0.33616846176778953
65,3807.3279310403286,,,O-H stretching,delta(N5-C6-H18),angle,4.213443227123505e-06,+,0.0003174821353127342,0.2296955728995778
65,3807.3279310403286,,,O-H stretching,nu(N5-C6),bond,3.8082803794947974e-06,-,-0.00025419793376117456,0.3238463052348426
65,3807.3279310403286,,,O-H stretching,nu(C2-H14),bond,2.863303936179687e-06,-,-0.00021768922710118475,0.33200730465984796
65,3807.3279310403286,,,O-H stretching,nu(C1-H11),bond,2.7894956124193125e-06,-,-0.00021416148952097954,0.3341927227283412
65,3807.3279310403286,,,O-H stretching,tau(C3-N5-C6-H18),dihedral,2.3240793764084906e-06,+,0.00025823588346641417,0.19150135016784978
65,3807.3279310403286,,,O-H stretching,nu(C1-H12),bond,2.2777345005583527e-06,-,-0.0001934990719481652,0.33427153116902686
65,3807.3279310403286,,,O-H stretching,tau(C2-C3-N5-C6),dihedral,2.0903197621140505e-06,-,-0.00011634535485596247,0.8485329137332114
65,3807.3279310403286,,,O-H stretching,delta(H13-C2-H14),angle,1.9388035914311465e-06,-,-0.00010271876444385808,1.009690582029088
65,3807.3279310403286,,,O-H stretching,tau(N5-C6-C7-H19),dihedral,1.578581267668419e-06,+,0.0002000767091400107,0.21668454548083232
65,3807.3279310403286,,,O-H stretching,delta(N5-C6-C7),angle,1.5611523548762346e-06,+,8.539939594818254e-05,1.1762232354515754
65,3807.3279310403286,,,O-H stretching,delta(N5-C6-H17),angle,1.505828072232728e-06,+,0.00018151611765864872,0.251130270498446
65,3807.3279310403286,,,O-H stretching,nu(C2-C3),bond,1.3443251479089223e-06,+,0.00016017515499615974,0.2879175118810551
65,3807.3279310403286,,,O-H stretching,delta(C3-C4-H15),angle,1.1518838573746705e-06,+,0.00016602006437080422,0.22963685996427452
65,3807.3279310403286,,,O-H stretching,delta(H15-C4-H16),angle,1.1104790852393229e-06,-,-0.00015837144963320838,0.24328238400212834
65,3807.3279310403286,,,O-H stretching,delta(H19-C7-H20),angle,1.0338231093037382e-06,-,-0.00014510693519149137,0.26978882731842474
65,3807.3279310403286,,,O-H stretching,nu(C4-H15),bond,8.397773884759672e-07,+,0.0001147943417415202,0.3501686615835324
65,3807.3279310403286,,,O-H stretching,nu(C4-N5),bond,6.85167879930381e-07,+,0.00010234259979943598,0.35944973574991873
65,3807.3279310403286,,,O-H stretching,delta(C3-C2-H14),angle,6.155948689626876e-07,+,7.410220621439173e-05,0.6160086042110487
65,3807.3279310403286,,,O-H stretching,nu(C6-H17),bond,6.046271621649932e-07,-,-0.000100200265552901,0.33090548953252324
65,3807.3279310403286,,,O-H stretching,nu(C3-C4),bond,5.330782671218986e-07,-,-9.537075138561551e-05,0.32204356991514493
65,3807.3279310403286,,,O-H stretching,tau(H13-C2-C3-C4),dihedral,3.8616815770847615e-07,+,5.411973361757075e-05,0.7244680264882472
65,3807.3279310403286,,,O-H stretching,"gamma(H16;C4,C3,H15)",oop,3.73667474637766e-07,+,0.00011086278869399225,0.16705818655223026
65,3807.3279310403286,,,O-H stretching,tau(C3-N5-C6-H17),dihedral,2.530498590080816e-07,-,-8.232487691757979e-05,0.20516250023230395
65,3807.3279310403286,,,O-H stretching,nu(C3-N5),bond,2.413731629263172e-07,-,-6.395289724469281e-05,0.3242818163336834
65,3807.3279310403286,,,O-H stretching,delta(H10-C1-H11),angle,2.3148476051289342e-07,-,-7.83020300683639e-05,0.20745811382014626
65,3807.3279310403286,,,O-H stretching,"gamma(H12;C1,H10,H11)",oop,2.26182518899675e-07,+,6.442787565156895e-05,0.2994094311841051
65,3807.3279310403286,,,O-H stretching,tau(H12-C1-C2-C3),dihedral,1.8080024267298028e-07,+,7.570674981055327e-05,0.17333404380475795
65,3807.3279310403286,,,O-H stretching,delta(C2-C3-C8),angle,1.3158411605512564e-07,+,2.7923128414167737e-05,0.9273194814098629
65,3807.3279310403286,,,O-H stretching,nu(C1-C2),bond,9.379250400038573e-08,+,4.3246485709425674e-05,0.2755627756868186
65,3807.3279310403286,,,O-H stretching,delta(C1-C2-H14),angle,9.290489547524834e-08,+,3.41066933193863e-05,0.43884729955830637
65,3807.3279310403286,,,O-H stretching,delta(C2-C1-H11),angle,7.799831066346465e-08,-,-3.357765419122913e-05,0.38013561079786046
65,3807.3279310403286,,,O-H stretching,delta(C2-C1-H12),angle,7.170762091527775e-08,-,-3.197011061984952e-05,0.38550596241050855
65,3807.3279310403286,,,O-H stretching,"gamma(C3;C2,H13,H14)",oop,6.069538520069397e-08,-,-2.3404150511620313e-05,0.6088691511213071
65,3807.3279310403286,,,O-H stretching,delta(C1-C2-C3),angle,4.216987916721617e-08,+,2.4102120213517903e-05,0.39888336380392314
65,3807.3279310403286,,,O-H stretching,tau(C2-C3-C4-H16),dihedral,2.3036832128119602e-08,-,-2.278441588349805e-05,0.24383779514721982
65,3807.3279310403286,,,O-H stretching,tau(H11-C1-C2-H13),dihedral,1.51768922787134e-08,+,2.177632327158699e-05,0.17586029811300968
65,3807.3279310403286,,,O-H stretching,tau(C4-C3-N5-C6),dihedral,3.247721868673068e-09,-,-5.39800546972948e-06,0.6124438142435374
