mode,harmonic_frequency_cm-1,vpt2_fundamental_cm-1,harmonic_intensity_km_mol,assignment,internal_coordinate,type,percent,phase,D_value,F_diagonal
6,55.37517160892303,,,mixed C-C torsion / ring-site C-H out-of-plane bending,tau(C3-C2-C4-C5),dihedral,31.002259844515283,+,0.06893880567968302,0.024004050308062942
6,55.37517160892303,,,mixed C-C torsion / ring-site C-H out-of-plane bending,tau(C9-C5-C6-H20),dihedral,8.675187837927538,+,0.00799255480841476,0.49971953559980403
6,55.37517160892303,,,mixed C-C torsion / ring-site C-H out-of-plane bending,"gamma(C9;C4,C2,C5)",oop,8.158683023172259,+,0.004806578242279171,1.2994713680163765
6,55.37517160892303,,,mixed C-C torsion / ring-site C-H out-of-plane bending,tau(H23-C8-C9-C4),dihedral,7.889617246158926,+,0.00804222177779407,0.4488720156531896
6,55.37517160892303,,,mixed C-C torsion / ring-site C-H out-of-plane bending,tau(C4-C2-C3-H14),dihedral,7.771432755319156,+,0.010126931208100598,0.27884576993327614
6,55.37517160892303,,,mixed C-C torsion / ring-site C-H out-of-plane bending,tau(C2-C4-C5-H18),dihedral,6.609308271866128,+,0.008243497396922551,0.35789174837591814
6,55.37517160892303,,,mixed C-C torsion / ring-site C-H out-of-plane bending,delta(C4-C9-C8),angle,5.141459573510833,+,0.004996715289630755,0.7577673759020244
6,55.37517160892303,,,mixed C-C torsion / ring-site C-H out-of-plane bending,tau(C1-C2-C3-H16),dihedral,4.118095909458778,+,0.007430318699304409,0.2744733988296527
6,55.37517160892303,,,mixed C-C torsion / ring-site C-H out-of-plane bending,tau(H17-C4-C9-H25),dihedral,3.490614504612332,+,0.00463968125256958,0.5966838523581202
6,55.37517160892303,,,mixed C-C torsion / ring-site C-H out-of-plane bending,delta(C3-C2-C4),angle,3.088972793239095,+,0.0046664644515144104,0.5219835858024717
6,55.37517160892303,,,mixed C-C torsion / ring-site C-H out-of-plane bending,"gamma(C4;C2,C3,H13)",oop,2.674281812688231,+,0.005312526495531085,0.348677272053292
6,55.37517160892303,,,mixed C-C torsion / ring-site C-H out-of-plane bending,delta(C2-C4-C5),angle,1.9927140105934227,-,-0.004831697344635937,0.3140973094435254
6,55.37517160892303,,,mixed C-C torsion / ring-site C-H out-of-plane bending,tau(H12-C1-C2-C3),dihedral,1.9694875748792444,+,0.006363723581610494,0.1789572584353189
6,55.37517160892303,,,mixed C-C torsion / ring-site C-H out-of-plane bending,tau(H11-C1-C2-C3),dihedral,1.8795527002862942,+,0.006345879152118072,0.17174717389126995
6,55.37517160892303,,,mixed C-C torsion / ring-site C-H out-of-plane bending,tau(H17-C4-C9-C8),dihedral,1.5190111569444138,+,0.0034543574777357424,0.4684304222796268
6,55.37517160892303,,,mixed C-C torsion / ring-site C-H out-of-plane bending,delta(C4-C9-H25),angle,0.7600089151632958,-,-0.0035602364592433357,0.22063768235437067
6,55.37517160892303,,,mixed C-C torsion / ring-site C-H out-of-plane bending,tau(H20-C6-C7-C8),dihedral,0.6610027475767714,-,-0.0031228543129493426,0.24941266534876505
6,55.37517160892303,,,mixed C-C torsion / ring-site C-H out-of-plane bending,tau(H21-C7-C8-C9),dihedral,0.657023070526376,-,-0.0033478550582589045,0.21570788048823702
6,55.37517160892303,,,mixed C-C torsion / ring-site C-H out-of-plane bending,tau(H19-C6-C7-C8),dihedral,0.5270916093049032,-,-0.003258039481955299,0.18272253164280974
6,55.37517160892303,,,mixed C-C torsion / ring-site C-H out-of-plane bending,delta(C9-C4-H17),angle,0.5039205071174296,-,-0.002815442756607786,0.23393075140123543
6,55.37517160892303,,,mixed C-C torsion / ring-site C-H out-of-plane bending,"gamma(C4;C5,C6,H18)",oop,0.19531508358605554,+,0.001374651792673105,0.38033742786902636
6,55.37517160892303,,,mixed C-C torsion / ring-site C-H out-of-plane bending,delta(C3-C2-H13),angle,0.11814437638907682,+,0.0013451713602618818,0.24025725817088736
6,55.37517160892303,,,mixed C-C torsion / ring-site C-H out-of-plane bending,nu(C8-C9),bond,0.08475739461672464,-,-0.000998456914232503,0.3128510577221663
6,55.37517160892303,,,mixed C-C torsion / ring-site C-H out-of-plane bending,nu(C5-C6),bond,0.08219379478642805,+,0.001009599182779916,0.29672882571093184
6,55.37517160892303,,,mixed C-C torsion / ring-site C-H out-of-plane bending,delta(C8-C7-H22),angle,0.06703538819914734,-,-0.0008119011241299821,0.37421098329674723
6,55.37517160892303,,,mixed C-C torsion / ring-site C-H out-of-plane bending,nu(C7-C8),bond,0.06500931456166624,-,-0.0009134005174826194,0.28672909715516987
6,55.37517160892303,,,mixed C-C torsion / ring-site C-H out-of-plane bending,nu(C6-C7),bond,0.053261695703816773,+,0.0008172221691654821,0.2934630298225203
6,55.37517160892303,,,mixed C-C torsion / ring-site C-H out-of-plane bending,delta(C6-C5-H18),angle,0.04124613946470481,+,0.0007540151676540774,0.26695731673582873
6,55.37517160892303,,,mixed C-C torsion / ring-site C-H out-of-plane bending,"gamma(C6;C7,H21,H22)",oop,0.03217492931423939,+,0.0007008089911737604,0.24106655312168962
6,55.37517160892303,,,mixed C-C torsion / ring-site C-H out-of-plane bending,delta(C9-C8-H23),angle,0.029846070846442068,-,-0.0005319298999301755,0.3881477265434133
6,55.37517160892303,,,mixed C-C torsion / ring-site C-H out-of-plane bending,nu(C1-C2),bond,0.014778196598857868,+,0.00044975853611833085,0.26883220687743986
6,55.37517160892303,,,mixed C-C torsion / ring-site C-H out-of-plane bending,nu(C2-C3),bond,0.013883558796909251,-,-0.00043594587903279894,0.2688155190040503
6,55.37517160892303,,,mixed C-C torsion / ring-site C-H out-of-plane bending,delta(C2-C3-H16),angle,0.012327876051395787,+,0.00038417791723789586,0.3073563220041683
6,55.37517160892303,,,mixed C-C torsion / ring-site C-H out-of-plane bending,nu(C4-C5),bond,0.011149690667634158,-,-0.00027382296869586214,0.5471945412726401
6,55.37517160892303,,,mixed C-C torsion / ring-site C-H out-of-plane bending,delta(H15-C3-H16),angle,0.009370561213727242,-,-0.00030259326781441104,0.3765873833684418
6,55.37517160892303,,,mixed C-C torsion / ring-site C-H out-of-plane bending,"gamma(C7;C8,H23,H24)",oop,0.009146667266981342,+,0.0003345785609229112,0.300666713145669
6,55.37517160892303,,,mixed C-C torsion / ring-site C-H out-of-plane bending,delta(C2-C3-H15),angle,0.0085567059893287,+,0.000271353619554329,0.4276161102640135
6,55.37517160892303,,,mixed C-C torsion / ring-site C-H out-of-plane bending,nu(C1-H11),bond,0.008184614987674754,+,0.00029954180103366427,0.33566191504728254
6,55.37517160892303,,,mixed C-C torsion / ring-site C-H out-of-plane bending,nu(C4-C9),bond,0.007316737244185136,+,0.00025435437325124424,0.41615750179357514
6,55.37517160892303,,,mixed C-C torsion / ring-site C-H out-of-plane bending,nu(C3-H16),bond,0.0073124123341273385,-,-0.00028313938462364057,0.3356439255063405
6,55.37517160892303,,,mixed C-C torsion / ring-site C-H out-of-plane bending,delta(C2-C1-H10),angle,0.007094902445659783,+,0.0002631428238583472,0.3770353350204659
6,55.37517160892303,,,mixed C-C torsion / ring-site C-H out-of-plane bending,"gamma(H11;C1,H10,H12)",oop,0.006752678065904857,+,0.00033832682076341113,0.21708103153869004
6,55.37517160892303,,,mixed C-C torsion / ring-site C-H out-of-plane bending,nu(C8-H24),bond,0.005140341347431015,-,-0.0002398496940152237,0.3288003785530708
6,55.37517160892303,,,mixed C-C torsion / ring-site C-H out-of-plane bending,delta(C2-C1-H12),angle,0.0046419122683265795,-,-0.00023626950540094318,0.3059850941292659
6,55.37517160892303,,,mixed C-C torsion / ring-site C-H out-of-plane bending,nu(C6-H20),bond,0.004257677272697541,+,0.0002183048226331192,0.3287492466493157
6,55.37517160892303,,,mixed C-C torsion / ring-site C-H out-of-plane bending,delta(C6-C7-C8),angle,0.002525297522712396,-,-9.576388319050413e-05,1.013275969219078
6,55.37517160892303,,,mixed C-C torsion / ring-site C-H out-of-plane bending,nu(C8-H23),bond,0.002164442691530749,+,0.00015577251548891025,0.3282336573619821
6,55.37517160892303,,,mixed C-C torsion / ring-site C-H out-of-plane bending,nu(C6-H19),bond,0.0017493550438843059,-,-0.0001400390524664724,0.32824515254734715
6,55.37517160892303,,,mixed C-C torsion / ring-site C-H out-of-plane bending,nu(C3-H14),bond,0.0008804590439104743,+,9.868216700221398e-05,0.3326982298069487
6,55.37517160892303,,,mixed C-C torsion / ring-site C-H out-of-plane bending,"gamma(H19;C6,C5,H20)",oop,0.0008596059375575567,-,-7.885652118150155e-05,0.5086778952751276
6,55.37517160892303,,,mixed C-C torsion / ring-site C-H out-of-plane bending,nu(C1-H10),bond,0.0008457766001674688,-,-9.671856290502197e-05,0.33270144145954433
6,55.37517160892303,,,mixed C-C torsion / ring-site C-H out-of-plane bending,delta(H14-C3-H16),angle,0.0005452425179691457,-,-7.379400159951847e-05,0.36843958035172164
6,55.37517160892303,,,mixed C-C torsion / ring-site C-H out-of-plane bending,delta(H23-C8-H24),angle,0.0005055230148724009,-,-9.266813952759397e-05,0.21662008978042366
6,55.37517160892303,,,mixed C-C torsion / ring-site C-H out-of-plane bending,"gamma(C5;C9,C4,H25)",oop,0.000312722016982932,+,2.159605533519375e-05,2.4673359249773874
6,55.37517160892303,,,mixed C-C torsion / ring-site C-H out-of-plane bending,delta(C7-C6-H19),angle,0.00028559736640962704,-,-4.260860789668577e-05,0.578866203893712
6,55.37517160892303,,,mixed C-C torsion / ring-site C-H out-of-plane bending,nu(C9-H25),bond,0.00021722627516092925,+,4.785643164306451e-05,0.34902008220261893
6,55.37517160892303,,,mixed C-C torsion / ring-site C-H out-of-plane bending,nu(C5-H18),bond,0.00018090498793321908,-,-4.367204390394231e-05,0.34902954612114734
6,55.37517160892303,,,mixed C-C torsion / ring-site C-H out-of-plane bending,nu(C1-H12),bond,7.459879981937541e-05,+,2.882669050648772e-05,0.3303398418047025
6,55.37517160892303,,,mixed C-C torsion / ring-site C-H out-of-plane bending,nu(C3-H15),bond,6.82785156236362e-05,-,-2.757928273233929e-05,0.33032148604472367
6,55.37517160892303,,,mixed C-C torsion / ring-site C-H out-of-plane bending,nu(C2-H13),bond,6.732782741770452e-05,-,-2.7246460115377822e-05,0.3337283603614742
6,55.37517160892303,,,mixed C-C torsion / ring-site C-H out-of-plane bending,delta(C7-C8-H23),angle,4.1250110968138554e-05,-,-1.2897243500094895e-05,0.9125360055785439
6,55.37517160892303,,,mixed C-C torsion / ring-site C-H out-of-plane bending,delta(H10-C1-H12),angle,1.745470794482627e-05,+,1.5702298684062438e-05,0.2604982470330432
6,55.37517160892303,,,mixed C-C torsion / ring-site C-H out-of-plane bending,nu(C2-C4),bond,1.3896517658030601e-05,+,1.3652758610764102e-05,0.27433666012197316
6,55.37517160892303,,,mixed C-C torsion / ring-site C-H out-of-plane bending,delta(C1-C2-C3),angle,8.45785768815166e-06,+,9.355445771097e-06,0.3555904501026593
6,55.37517160892303,,,mixed C-C torsion / ring-site C-H out-of-plane bending,delta(H21-C7-H22),angle,5.650213207582786e-06,+,8.684700778379756e-06,0.2756600324984054
6,55.37517160892303,,,mixed C-C torsion / ring-site C-H out-of-plane bending,nu(C7-H22),bond,2.887162498443995e-06,-,-5.630096549973701e-06,0.3351646674336103
6,55.37517160892303,,,mixed C-C torsion / ring-site C-H out-of-plane bending,nu(C4-H17),bond,1.9569359475196826e-06,+,4.6208342800491446e-06,0.3372519822787753
6,55.37517160892303,,,mixed C-C torsion / ring-site C-H out-of-plane bending,delta(H14-C3-H15),angle,1.5002976567306263e-06,-,-3.8624247816330306e-06,0.3700633261945618
6,55.37517160892303,,,mixed C-C torsion / ring-site C-H out-of-plane bending,nu(C7-H21),bond,3.1546333010775753e-09,+,1.8677293228448657e-07,0.3327665744893832
7,119.24177231238566,,,mixed ring-site C-H out-of-plane bending / cyclic-ring out-of-plane deformation,"gamma(C9;C4,C2,C5)",oop,23.22208066015151,-,-0.02566985355979944,1.2994713680163765
7,119.24177231238566,,,mixed ring-site C-H out-of-plane bending / cyclic-ring out-of-plane deformation,tau(C2-C4-C5-H18),dihedral,19.266570147369332,-,-0.04455357372362645,0.35789174837591814
7,119.24177231238566,,,mixed ring-site C-H out-of-plane bending / cyclic-ring out-of-plane deformation,tau(H23-C8-C9-C4),dihedral,15.422223041192026,-,-0.03559331257223634,0.4488720156531896
7,119.24177231238566,,,mixed ring-site C-H out-of-plane bending / cyclic-ring out-of-plane deformation,tau(C9-C5-C6-H20),dihedral,14.519901906074256,-,-0.032732174763780174,0.49971953559980403
7,119.24177231238566,,,mixed ring-site C-H out-of-plane bending / cyclic-ring out-of-plane deformation,delta(C4-C9-C8),angle,6.994669092107873,-,-0.018448957009508132,0.7577673759020244
7,119.24177231238566,,,mixed ring-site C-H out-of-plane bending / cyclic-ring out-of-plane deformation,delta(C2-C4-C5),angle,6.019481331734759,+,0.02658297677251864,0.3140973094435254
7,119.24177231238566,,,mixed ring-site C-H out-of-plane bending / cyclic-ring out-of-plane deformation,delta(C3-C2-C4),angle,2.8354335880044057,-,-0.014152641331635104,0.5219835858024717
7,119.24177231238566,,,mixed ring-site C-H out-of-plane bending / cyclic-ring out-of-plane deformation,"gamma(C4;C2,C3,H13)",oop,1.812557759884128,-,-0.013844914932836353,0.348677272053292
7,119.24177231238566,,,mixed ring-site C-H out-of-plane bending / cyclic-ring out-of-plane deformation,tau(H17-C4-C9-H25),dihedral,1.7891381488458875,-,-0.010514920161655433,0.5966838523581202
7,119.24177231238566,,,mixed ring-site C-H out-of-plane bending / cyclic-ring out-of-plane deformation,tau(C3-C2-C4-C5),dihedral,1.4221744146306343,+,0.046740176760771676,0.024004050308062942
7,119.24177231238566,,,mixed ring-site C-H out-of-plane bending / cyclic-ring out-of-plane deformation,"gamma(C4;C5,C6,H18)",oop,1.116381382129746,-,-0.010403463408271404,0.38033742786902636
7,119.24177231238566,,,mixed ring-site C-H out-of-plane bending / cyclic-ring out-of-plane deformation,tau(H21-C7-C8-C9),dihedral,1.0613954976902464,+,0.013469820202988644,0.21570788048823702
7,119.24177231238566,,,mixed ring-site C-H out-of-plane bending / cyclic-ring out-of-plane deformation,tau(H20-C6-C7-C8),dihedral,1.0331119460386349,+,0.012358638356666224,0.24941266534876505
7,119.24177231238566,,,mixed ring-site C-H out-of-plane bending / cyclic-ring out-of-plane deformation,tau(H19-C6-C7-C8),dihedral,1.0152589813068764,+,0.014313589308915318,0.18272253164280974
7,119.24177231238566,,,mixed ring-site C-H out-of-plane bending / cyclic-ring out-of-plane deformation,delta(C4-C9-H25),angle,0.6957608810083337,+,0.010783167317733823,0.22063768235437067
7,119.24177231238566,,,mixed ring-site C-H out-of-plane bending / cyclic-ring out-of-plane deformation,tau(C4-C2-C3-H14),dihedral,0.6573166584519731,-,-0.009323124269315385,0.27884576993327614
7,119.24177231238566,,,mixed ring-site C-H out-of-plane bending / cyclic-ring out-of-plane deformation,delta(C9-C4-H17),angle,0.20005276107691927,+,0.005615453055618458,0.23393075140123543
7,119.24177231238566,,,mixed ring-site C-H out-of-plane bending / cyclic-ring out-of-plane deformation,nu(C4-C5),bond,0.16120328730316763,+,0.0032958865394437913,0.5471945412726401
7,119.24177231238566,,,mixed ring-site C-H out-of-plane bending / cyclic-ring out-of-plane deformation,nu(C4-C9),bond,0.12479967290419243,-,-0.0033253245882168296,0.41615750179357514
7,119.24177231238566,,,mixed ring-site C-H out-of-plane bending / cyclic-ring out-of-plane deformation,delta(C9-C8-H23),angle,0.09809700999071376,+,0.0030527099744467874,0.3881477265434133
7,119.24177231238566,,,mixed ring-site C-H out-of-plane bending / cyclic-ring out-of-plane deformation,delta(C6-C5-H18),angle,0.0638230444052003,-,-0.0029690945513462137,0.26695731673582873
7,119.24177231238566,,,mixed ring-site C-H out-of-plane bending / cyclic-ring out-of-plane deformation,nu(C8-C9),bond,0.05738019248987195,+,0.002600568936018485,0.3128510577221663
7,119.24177231238566,,,mixed ring-site C-H out-of-plane bending / cyclic-ring out-of-plane deformation,nu(C5-C6),bond,0.05440528915781799,-,-0.002600140862328218,0.29672882571093184
7,119.24177231238566,,,mixed ring-site C-H out-of-plane bending / cyclic-ring out-of-plane deformation,nu(C7-C8),bond,0.044115758640700505,+,0.0023818651842108735,0.28672909715516987
7,119.24177231238566,,,mixed ring-site C-H out-of-plane bending / cyclic-ring out-of-plane deformation,nu(C6-C7),bond,0.03811934054274894,-,-0.0021885283402265933,0.2934630298225203
7,119.24177231238566,,,mixed ring-site C-H out-of-plane bending / cyclic-ring out-of-plane deformation,"gamma(C7;C8,H23,H24)",oop,0.0349809405598252,-,-0.0020712343990598936,0.300666713145669
7,119.24177231238566,,,mixed ring-site C-H out-of-plane bending / cyclic-ring out-of-plane deformation,tau(C1-C2-C3-H16),dihedral,0.03262548808002055,-,-0.002093555905349765,0.2744733988296527
7,119.24177231238566,,,mixed ring-site C-H out-of-plane bending / cyclic-ring out-of-plane deformation,delta(C2-C1-H10),angle,0.02859565992165152,-,-0.0016723039633918585,0.3770353350204659
7,119.24177231238566,,,mixed ring-site C-H out-of-plane bending / cyclic-ring out-of-plane deformation,"gamma(C5;C9,C4,H25)",oop,0.02565223573413116,-,-0.0006191625126398752,2.4673359249773874
7,119.24177231238566,,,mixed ring-site C-H out-of-plane bending / cyclic-ring out-of-plane deformation,tau(H11-C1-C2-C3),dihedral,0.02082921358707593,-,-0.0021146954016074103,0.17174717389126995
7,119.24177231238566,,,mixed ring-site C-H out-of-plane bending / cyclic-ring out-of-plane deformation,delta(C8-C7-H22),angle,0.018976827467747596,+,0.0013674445461752274,0.37421098329674723
7,119.24177231238566,,,mixed ring-site C-H out-of-plane bending / cyclic-ring out-of-plane deformation,"gamma(H19;C6,C5,H20)",oop,0.015755745113690024,+,0.0010686960996242958,0.5086778952751276
7,119.24177231238566,,,mixed ring-site C-H out-of-plane bending / cyclic-ring out-of-plane deformation,delta(C2-C3-H15),angle,0.014422751292744921,-,-0.001115201158463579,0.4276161102640135
7,119.24177231238566,,,mixed ring-site C-H out-of-plane bending / cyclic-ring out-of-plane deformation,nu(C1-C2),bond,0.014049760066762937,-,-0.0013881934445180615,0.26883220687743986
7,119.24177231238566,,,mixed ring-site C-H out-of-plane bending / cyclic-ring out-of-plane deformation,nu(C2-C3),bond,0.013725260957226615,+,0.0013721112352562553,0.2688155190040503
7,119.24177231238566,,,mixed ring-site C-H out-of-plane bending / cyclic-ring out-of-plane deformation,delta(C2-C1-H12),angle,0.010900264067303508,+,0.0011461053986727644,0.3059850941292659
7,119.24177231238566,,,mixed ring-site C-H out-of-plane bending / cyclic-ring out-of-plane deformation,delta(C7-C8-H23),angle,0.006484757875351938,+,0.0005118916695583402,0.9125360055785439
7,119.24177231238566,,,mixed ring-site C-H out-of-plane bending / cyclic-ring out-of-plane deformation,"gamma(C6;C7,H21,H22)",oop,0.005495440871305175,-,-0.0009168303356136161,0.24106655312168962
7,119.24177231238566,,,mixed ring-site C-H out-of-plane bending / cyclic-ring out-of-plane deformation,tau(H17-C4-C9-C8),dihedral,0.005305544374923685,-,-0.0006462471090149869,0.4684304222796268
7,119.24177231238566,,,mixed ring-site C-H out-of-plane bending / cyclic-ring out-of-plane deformation,delta(H23-C8-H24),angle,0.0036186443052628105,-,-0.0007848375372595228,0.21662008978042366
7,119.24177231238566,,,mixed ring-site C-H out-of-plane bending / cyclic-ring out-of-plane deformation,delta(C2-C3-H16),angle,0.00350449779435657,-,-0.0006484074620637882,0.3073563220041683
7,119.24177231238566,,,mixed ring-site C-H out-of-plane bending / cyclic-ring out-of-plane deformation,delta(H15-C3-H16),angle,0.0030572651463156076,-,-0.0005471291498029405,0.3765873833684418
7,119.24177231238566,,,mixed ring-site C-H out-of-plane bending / cyclic-ring out-of-plane deformation,nu(C8-H23),bond,0.0026216810640653327,-,-0.0005426934208901986,0.3282336573619821
7,119.24177231238566,,,mixed ring-site C-H out-of-plane bending / cyclic-ring out-of-plane deformation,nu(C6-H19),bond,0.002152106432356269,+,0.0004916871927447014,0.32824515254734715
7,119.24177231238566,,,mixed ring-site C-H out-of-plane bending / cyclic-ring out-of-plane deformation,delta(C3-C2-H13),angle,0.0021027351914831376,+,0.0005680809386766384,0.24025725817088736
7,119.24177231238566,,,mixed ring-site C-H out-of-plane bending / cyclic-ring out-of-plane deformation,delta(H14-C3-H16),angle,0.0019805030710405734,+,0.00044520579079436077,0.36843958035172164
7,119.24177231238566,,,mixed ring-site C-H out-of-plane bending / cyclic-ring out-of-plane deformation,delta(C7-C6-H19),angle,0.0019201735310985203,-,-0.00034973357394541866,0.578866203893712
7,119.24177231238566,,,mixed ring-site C-H out-of-plane bending / cyclic-ring out-of-plane deformation,delta(C6-C7-C8),angle,0.0018157906803580343,+,0.00025705449571592214,1.013275969219078
7,119.24177231238566,,,mixed ring-site C-H out-of-plane bending / cyclic-ring out-of-plane deformation,nu(C3-H16),bond,0.0009542056109054277,-,-0.0003237708691369474,0.3356439255063405
7,119.24177231238566,,,mixed ring-site C-H out-of-plane bending / cyclic-ring out-of-plane deformation,nu(C1-H11),bond,0.0009203197318093454,+,0.0003179614850462482,0.33566191504728254
7,119.24177231238566,,,mixed ring-site C-H out-of-plane bending / cyclic-ring out-of-plane deformation,delta(H14-C3-H15),angle,0.0005757963014376119,+,0.00023952596328573772,0.3700633261945618
7,119.24177231238566,,,mixed ring-site C-H out-of-plane bending / cyclic-ring out-of-plane deformation,delta(H10-C1-H12),angle,0.0005173877577743336,-,-0.0002706212249966437,0.2604982470330432
7,119.24177231238566,,,mixed ring-site C-H out-of-plane bending / cyclic-ring out-of-plane deformation,nu(C9-H25),bond,0.00030871437883753515,-,-0.00018059653132824016,0.34902008220261893
7,119.24177231238566,,,mixed ring-site C-H out-of-plane bending / cyclic-ring out-of-plane deformation,nu(C5-H18),bond,0.0002685378101423523,+,0.00016843324247174213,0.34902954612114734
7,119.24177231238566,,,mixed ring-site C-H out-of-plane bending / cyclic-ring out-of-plane deformation,tau(H12-C1-C2-C3),dihedral,0.00014418390212426528,-,-0.00017236136011097294,0.1789572584353189
7,119.24177231238566,,,mixed ring-site C-H out-of-plane bending / cyclic-ring out-of-plane deformation,"gamma(H11;C1,H10,H12)",oop,5.9335382168922194e-05,-,-0.00010039269610542036,0.21708103153869004
7,119.24177231238566,,,mixed ring-site C-H out-of-plane bending / cyclic-ring out-of-plane deformation,delta(H21-C7-H22),angle,5.7454610939311296e-05,-,-8.766610807189017e-05,0.2756600324984054
7,119.24177231238566,,,mixed ring-site C-H out-of-plane bending / cyclic-ring out-of-plane deformation,nu(C1-H10),bond,5.4121928709745547e-05,+,7.744893946060367e-05,0.33270144145954433
7,119.24177231238566,,,mixed ring-site C-H out-of-plane bending / cyclic-ring out-of-plane deformation,nu(C3-H14),bond,4.5972847005612274e-05,-,-7.13808374239348e-05,0.3326982298069487
7,119.24177231238566,,,mixed ring-site C-H out-of-plane bending / cyclic-ring out-of-plane deformation,nu(C1-H12),bond,1.4326442466565223e-05,-,-3.9989399790000875e-05,0.3303398418047025
7,119.24177231238566,,,mixed ring-site C-H out-of-plane bending / cyclic-ring out-of-plane deformation,nu(C8-H24),bond,1.357894793458769e-05,-,-3.902321898968771e-05,0.3288003785530708
7,119.24177231238566,,,mixed ring-site C-H out-of-plane bending / cyclic-ring out-of-plane deformation,nu(C3-H15),bond,1.2549017604376825e-05,+,3.7427656622065097e-05,0.33032148604472367
7,119.24177231238566,,,mixed ring-site C-H out-of-plane bending / cyclic-ring out-of-plane deformation,nu(C2-C4),bond,9.140986929967301e-06,-,-3.5051838693308135e-05,0.27433666012197316
7,119.24177231238566,,,mixed ring-site C-H out-of-plane bending / cyclic-ring out-of-plane deformation,nu(C2-H13),bond,8.405172312204207e-06,+,3.0474243768339837e-05,0.3337283603614742
7,119.24177231238566,,,mixed ring-site C-H out-of-plane bending / cyclic-ring out-of-plane deformation,nu(C7-H22),bond,7.295001563172379e-06,+,2.832955572324434e-05,0.3351646674336103
7,119.24177231238566,,,mixed ring-site C-H out-of-plane bending / cyclic-ring out-of-plane deformation,nu(C4-H17),bond,2.0865461340431183e-06,-,-1.5104032944161078e-05,0.3372519822787753
7,119.24177231238566,,,mixed ring-site C-H out-of-plane bending / cyclic-ring out-of-plane deformation,nu(C6-H20),bond,9.63826042241897e-07,+,1.0397361144691416e-05,0.3287492466493157
7,119.24177231238566,,,mixed ring-site C-H out-of-plane bending / cyclic-ring out-of-plane deformation,delta(C1-C2-C3),angle,4.948969925955572e-07,-,-7.163719078686557e-06,0.3555904501026593
7,119.24177231238566,,,mixed ring-site C-H out-of-plane bending / cyclic-ring out-of-plane deformation,nu(C7-H21),bond,4.858210213807763e-08,+,2.3201950038720124e-06,0.3327665744893832
8,149.0070684341895,,,ring-site C-H out-of-plane bending,tau(H20-C6-C7-C8),dihedral,18.59669409391826,-,-0.11056345393929111,0.24941266534876505
8,149.0070684341895,,,ring-site C-H out-of-plane bending,tau(H23-C8-C9-C4),dihedral,15.817427723704276,-,-0.07600805852164938,0.4488720156531896
8,149.0070684341895,,,ring-site C-H out-of-plane bending,tau(H21-C7-C8-C9),dihedral,15.436488723193618,+,0.10831640307551055,0.21570788048823702
8,149.0070684341895,,,ring-site C-H out-of-plane bending,tau(C9-C5-C6-H20),dihedral,15.272127846249694,+,0.0707847311876576,0.49971953559980403
8,149.0070684341895,,,ring-site C-H out-of-plane bending,tau(H19-C6-C7-C8),dihedral,14.595161201702908,-,-0.11443565812931177,0.18272253164280974
8,149.0070684341895,,,ring-site C-H out-of-plane bending,tau(H17-C4-C9-C8),dihedral,3.333164568344081,+,0.034155355303965254,0.4684304222796268
8,149.0070684341895,,,ring-site C-H out-of-plane bending,"gamma(C9;C4,C2,C5)",oop,3.260934614472363,-,-0.020283395711008376,1.2994713680163765
8,149.0070684341895,,,ring-site C-H out-of-plane bending,tau(C2-C4-C5-H18),dihedral,2.9963309729549934,-,-0.03704861904101642,0.35789174837591814
8,149.0070684341895,,,ring-site C-H out-of-plane bending,delta(C2-C4-C5),angle,2.418749657734827,-,-0.035531727914070235,0.3140973094435254
8,149.0070684341895,,,ring-site C-H out-of-plane bending,delta(C4-C9-C8),angle,1.78190211329347,-,-0.0196348209408763,0.7577673759020244
8,149.0070684341895,,,ring-site C-H out-of-plane bending,tau(C4-C2-C3-H14),dihedral,1.3042102946650522,-,-0.027691390060238737,0.27884576993327614
8,149.0070684341895,,,ring-site C-H out-of-plane bending,tau(H17-C4-C9-H25),dihedral,1.0518929548564726,+,0.017000692267445338,0.5966838523581202
8,149.0070684341895,,,ring-site C-H out-of-plane bending,delta(C6-C7-C8),angle,1.0237070031076874,+,0.01286995241290555,1.013275969219078
8,149.0070684341895,,,ring-site C-H out-of-plane bending,"gamma(C4;C5,C6,H18)",oop,0.8088747132319348,+,0.01867278395163547,0.38033742786902636
8,149.0070684341895,,,ring-site C-H out-of-plane bending,delta(C9-C4-H17),angle,0.6226802564266595,+,0.020890164765848512,0.23393075140123543
8,149.0070684341895,,,ring-site C-H out-of-plane bending,tau(C1-C2-C3-H16),dihedral,0.1926592240389797,-,-0.010727480870172706,0.2744733988296527
8,149.0070684341895,,,ring-site C-H out-of-plane bending,tau(H12-C1-C2-C3),dihedral,0.15917802139528037,+,0.012075909998383684,0.1789572584353189
8,149.0070684341895,,,ring-site C-H out-of-plane bending,tau(H11-C1-C2-C3),dihedral,0.14901418463472538,+,0.011926746297605352,0.17174717389126995
8,149.0070684341895,,,ring-site C-H out-of-plane bending,tau(C3-C2-C4-C5),dihedral,0.122146725541755,+,0.02888362021324017,0.024004050308062942
8,149.0070684341895,,,ring-site C-H out-of-plane bending,delta(C3-C2-C4),angle,0.11177708400801255,+,0.005925171703349756,0.5219835858024717
8,149.0070684341895,,,ring-site C-H out-of-plane bending,delta(C1-C2-C3),angle,0.1075051913011253,+,0.007040324050820294,0.3555904501026593
8,149.0070684341895,,,ring-site C-H out-of-plane bending,delta(C9-C8-H23),angle,0.09913250645696076,+,0.00647086732817324,0.3881477265434133
8,149.0070684341895,,,ring-site C-H out-of-plane bending,nu(C6-C7),bond,0.09267397738854906,+,0.007195403916311901,0.2934630298225203
8,149.0070684341895,,,ring-site C-H out-of-plane bending,nu(C7-C8),bond,0.08767187264133375,+,0.007080227839915143,0.28672909715516987
8,149.0070684341895,,,ring-site C-H out-of-plane bending,"gamma(C6;C7,H21,H22)",oop,0.061900355437370026,-,-0.0064883021754480194,0.24106655312168962
8,149.0070684341895,,,ring-site C-H out-of-plane bending,delta(C7-C8-H23),angle,0.0597196108884138,+,0.0032755667617783077,0.9125360055785439
8,149.0070684341895,,,ring-site C-H out-of-plane bending,"gamma(C4;C2,C3,H13)",oop,0.057947304011341176,-,-0.005219846998458937,0.348677272053292
8,149.0070684341895,,,ring-site C-H out-of-plane bending,delta(C4-C9-H25),angle,0.051926118271768976,+,0.006211636899145133,0.22063768235437067
8,149.0070684341895,,,ring-site C-H out-of-plane bending,delta(C6-C5-H18),angle,0.05099927210044031,+,0.005596468324648503,0.26695731673582873
8,149.0070684341895,,,ring-site C-H out-of-plane bending,"gamma(C5;C9,C4,H25)",oop,0.03885669111010904,-,-0.0016068366979253852,2.4673359249773874
8,149.0070684341895,,,ring-site C-H out-of-plane bending,delta(C7-C6-H19),angle,0.036810355560787204,+,0.003228857542442237,0.578866203893712
8,149.0070684341895,,,ring-site C-H out-of-plane bending,delta(C3-C2-H13),angle,0.03609594797554435,-,-0.00496299620620658,0.24025725817088736
8,149.0070684341895,,,ring-site C-H out-of-plane bending,nu(C2-C4),bond,0.02760972575613877,-,-0.004062020383460754,0.27433666012197316
8,149.0070684341895,,,ring-site C-H out-of-plane bending,nu(C4-C5),bond,0.02145591830807802,-,-0.002535453504660621,0.5471945412726401
8,149.0070684341895,,,ring-site C-H out-of-plane bending,delta(C8-C7-H22),angle,0.01980966611741415,+,0.0029460037024087327,0.37421098329674723
8,149.0070684341895,,,ring-site C-H out-of-plane bending,nu(C4-C9),bond,0.016307658227183018,-,-0.0025346611725931573,0.41615750179357514
8,149.0070684341895,,,ring-site C-H out-of-plane bending,"gamma(C7;C8,H23,H24)",oop,0.01566607753593417,-,-0.0029227417031183318,0.300666713145669
8,149.0070684341895,,,ring-site C-H out-of-plane bending,delta(C2-C3-H15),angle,0.01225886359241564,+,0.0021679589388918057,0.4276161102640135
8,149.0070684341895,,,ring-site C-H out-of-plane bending,delta(H21-C7-H22),angle,0.010446382463912182,-,-0.0024925795930234185,0.2756600324984054
8,149.0070684341895,,,ring-site C-H out-of-plane bending,delta(C2-C1-H12),angle,0.008218545302250819,+,0.0020984581716595265,0.3059850941292659
8,149.0070684341895,,,ring-site C-H out-of-plane bending,delta(H23-C8-H24),angle,0.005436921398684027,-,-0.002028523937665414,0.21662008978042366
8,149.0070684341895,,,ring-site C-H out-of-plane bending,nu(C2-C3),bond,0.005192880306573002,-,-0.0017796310030540354,0.2688155190040503
8,149.0070684341895,,,ring-site C-H out-of-plane bending,nu(C1-C2),bond,0.0051884840424141435,-,-0.0017788223174501606,0.26883220687743986
8,149.0070684341895,,,ring-site C-H out-of-plane bending,nu(C6-H19),bond,0.003549882008867391,-,-0.0013315601026234892,0.32824515254734715
8,149.0070684341895,,,ring-site C-H out-of-plane bending,nu(C8-H23),bond,0.003541953416810368,-,-0.0013300955549264118,0.3282336573619821
8,149.0070684341895,,,ring-site C-H out-of-plane bending,delta(C2-C3-H16),angle,0.002640587818632467,-,-0.0011868127626945002,0.3073563220041683
8,149.0070684341895,,,ring-site C-H out-of-plane bending,nu(C4-H17),bond,0.0018413194194937927,-,-0.0009461070675094242,0.3372519822787753
8,149.0070684341895,,,ring-site C-H out-of-plane bending,"gamma(H19;C6,C5,H20)",oop,0.001358290304934273,-,-0.0006616492782279014,0.5086778952751276
8,149.0070684341895,,,ring-site C-H out-of-plane bending,delta(H14-C3-H16),angle,0.0007916628112754075,-,-0.0005935262865959456,0.36843958035172164
8,149.0070684341895,,,ring-site C-H out-of-plane bending,"gamma(H11;C1,H10,H12)",oop,0.0005067419645520875,-,-0.000618636403788055,0.21708103153869004
8,149.0070684341895,,,ring-site C-H out-of-plane bending,nu(C8-C9),bond,0.0004109277834835024,-,-0.0004640522839196272,0.3128510577221663
8,149.0070684341895,,,ring-site C-H out-of-plane bending,nu(C2-H13),bond,0.0003262558330893493,-,-0.0004003460617698167,0.3337283603614742
8,149.0070684341895,,,ring-site C-H out-of-plane bending,nu(C7-H22),bond,0.00024230217516435366,+,0.0003442726457084768,0.3351646674336103
8,149.0070684341895,,,ring-site C-H out-of-plane bending,nu(C5-H18),bond,0.00023387391403533473,-,-0.0003314459916223894,0.34902954612114734
8,149.0070684341895,,,ring-site C-H out-of-plane bending,nu(C9-H25),bond,0.00022928453738422705,-,-0.0003281822974802847,0.34902008220261893
8,149.0070684341895,,,ring-site C-H out-of-plane bending,nu(C5-C6),bond,0.00020417089029657598,-,-0.0003358690747006192,0.29672882571093184
8,149.0070684341895,,,ring-site C-H out-of-plane bending,delta(H15-C3-H16),angle,8.943450863741463e-05,-,-0.00019732070349086733,0.3765873833684418
8,149.0070684341895,,,ring-site C-H out-of-plane bending,nu(C3-H14),bond,1.9486736103093623e-05,+,9.799350289842509e-05,0.3326982298069487
8,149.0070684341895,,,ring-site C-H out-of-plane bending,nu(C1-H10),bond,1.5493013718198156e-05,+,8.737628725273126e-05,0.33270144145954433
8,149.0070684341895,,,ring-site C-H out-of-plane bending,nu(C1-H11),bond,1.0340249632799017e-05,-,-7.106691337028687e-05,0.33566191504728254
8,149.0070684341895,,,ring-site C-H out-of-plane bending,nu(C7-H21),bond,7.0125888555396205e-06,-,-5.877901662492484e-05,0.3327665744893832
8,149.0070684341895,,,ring-site C-H out-of-plane bending,delta(H10-C1-H12),angle,6.491936401346978e-06,+,6.392013759952587e-05,0.2604982470330432
8,149.0070684341895,,,ring-site C-H out-of-plane bending,nu(C3-H15),bond,6.009775548284676e-06,-,-5.461522030595851e-05,0.33032148604472367
8,149.0070684341895,,,ring-site C-H out-of-plane bending,nu(C3-H16),bond,4.95980061762898e-06,-,-4.922046233782913e-05,0.3356439255063405
8,149.0070684341895,,,ring-site C-H out-of-plane bending,nu(C1-H12),bond,4.400496676208922e-06,-,-4.6732966069408565e-05,0.3303398418047025
8,149.0070684341895,,,ring-site C-H out-of-plane bending,nu(C8-H24),bond,2.4356318924729198e-06,-,-3.484918669976888e-05,0.3288003785530708
8,149.0070684341895,,,ring-site C-H out-of-plane bending,delta(C2-C1-H10),angle,2.1791638570176732e-06,-,-3.078271294174762e-05,0.3770353350204659
8,149.0070684341895,,,ring-site C-H out-of-plane bending,delta(H14-C3-H15),angle,2.1051359073757615e-06,+,3.053901469994785e-05,0.3700633261945618
8,149.0070684341895,,,ring-site C-H out-of-plane bending,nu(C6-H20),bond,9.441435165751491e-08,-,-6.861824400762945e-06,0.3287492466493157
9,193.40703875568977,,,ring-site C-H out-of-plane bending,tau(H20-C6-C7-C8),dihedral,21.815288137036475,+,0.11618449484086713,0.24941266534876505
9,193.40703875568977,,,ring-site C-H out-of-plane bending,tau(H23-C8-C9-C4),dihedral,20.900625240293596,+,0.08477061282240761,0.4488720156531896
9,193.40703875568977,,,ring-site C-H out-of-plane bending,tau(C9-C5-C6-H20),dihedral,18.533652814730544,-,-0.07565616040345881,0.49971953559980403
9,193.40703875568977,,,ring-site C-H out-of-plane bending,tau(H21-C7-C8-C9),dihedral,16.969326133255187,-,-0.11018595534683052,0.21570788048823702
9,193.40703875568977,,,ring-site C-H out-of-plane bending,tau(H19-C6-C7-C8),dihedral,16.88932322941963,+,0.11943648695819668,0.18272253164280974
9,193.40703875568977,,,ring-site C-H out-of-plane bending,delta(C6-C7-C8),angle,1.4502036916689223,-,-0.01486201107708987,1.013275969219078
9,193.40703875568977,,,ring-site C-H out-of-plane bending,tau(C4-C2-C3-H14),dihedral,1.3643244516838327,-,-0.02747917880752589,0.27884576993327614
9,193.40703875568977,,,ring-site C-H out-of-plane bending,delta(C7-C8-H23),angle,0.2254940126238381,-,-0.006175461973762077,0.9125360055785439
9,193.40703875568977,,,ring-site C-H out-of-plane bending,delta(C1-C2-C3),angle,0.2168949756213721,+,0.009702343593921872,0.3555904501026593
9,193.40703875568977,,,ring-site C-H out-of-plane bending,delta(C4-C9-C8),angle,0.19294204061819858,-,-0.006268627028554741,0.7577673759020244
9,193.40703875568977,,,ring-site C-H out-of-plane bending,delta(C3-C2-H13),angle,0.15474993366994777,-,-0.009970201291651557,0.24025725817088736
9,193.40703875568977,,,ring-site C-H out-of-plane bending,delta(C7-C6-H19),angle,0.14417250641983145,-,-0.006199819931682183,0.578866203893712
9,193.40703875568977,,,ring-site C-H out-of-plane bending,tau(C1-C2-C3-H16),dihedral,0.09594503589784793,-,-0.007344936977838675,0.2744733988296527
9,193.40703875568977,,,ring-site C-H out-of-plane bending,"gamma(C6;C7,H21,H22)",oop,0.08872186056001069,+,0.007536570920327698,0.24106655312168962
9,193.40703875568977,,,ring-site C-H out-of-plane bending,"gamma(C9;C4,C2,C5)",oop,0.08391841295020544,-,-0.00315698284950058,1.2994713680163765
9,193.40703875568977,,,ring-site C-H out-of-plane bending,tau(H12-C1-C2-C3),dihedral,0.07396128473110077,+,0.007986463538634846,0.1789572584353189
9,193.40703875568977,,,ring-site C-H out-of-plane bending,delta(C3-C2-C4),angle,0.07358283403036116,+,0.004664303279373098,0.5219835858024717
9,193.40703875568977,,,ring-site C-H out-of-plane bending,nu(C2-H13),bond,0.07268027321951409,-,-0.005797472099794499,0.3337283603614742
9,193.40703875568977,,,ring-site C-H out-of-plane bending,delta(C2-C3-H15),angle,0.06068913890839222,+,0.004680102959834723,0.4276161102640135
9,193.40703875568977,,,ring-site C-H out-of-plane bending,nu(C6-C7),bond,0.0569876814530374,-,-0.005474453163451604,0.2934630298225203
9,193.40703875568977,,,ring-site C-H out-of-plane bending,nu(C7-C8),bond,0.05315572421613743,-,-0.005348919786706156,0.28672909715516987
9,193.40703875568977,,,ring-site C-H out-of-plane bending,tau(C2-C4-C5-H18),dihedral,0.05228699807573315,-,-0.004748407263985765,0.35789174837591814
9,193.40703875568977,,,ring-site C-H out-of-plane bending,delta(C2-C4-C5),angle,0.052069549053039524,-,-0.005058092289192221,0.3140973094435254
9,193.40703875568977,,,ring-site C-H out-of-plane bending,tau(H11-C1-C2-C3),dihedral,0.0455725641542978,+,0.0063993207964360005,0.17174717389126995
9,193.40703875568977,,,ring-site C-H out-of-plane bending,delta(C2-C1-H12),angle,0.043627054321749056,+,0.004690884707884102,0.3059850941292659
9,193.40703875568977,,,ring-site C-H out-of-plane bending,"gamma(H19;C6,C5,H20)",oop,0.04071669403887126,-,-0.0035147283987484713,0.5086778952751276
9,193.40703875568977,,,ring-site C-H out-of-plane bending,tau(H17-C4-C9-C8),dihedral,0.03245101381911008,-,-0.0032697800324456984,0.4684304222796268
9,193.40703875568977,,,ring-site C-H out-of-plane bending,delta(C8-C7-H22),angle,0.026419643471303746,+,0.003300898423465939,0.37421098329674723
9,193.40703875568977,,,ring-site C-H out-of-plane bending,tau(C3-C2-C4-C5),dihedral,0.026291136804302895,+,0.01300137747011474,0.024004050308062942
9,193.40703875568977,,,ring-site C-H out-of-plane bending,delta(C4-C9-H25),angle,0.02576408900462572,+,0.0042451642769181204,0.22063768235437067
9,193.40703875568977,,,ring-site C-H out-of-plane bending,delta(C6-C5-H18),angle,0.019191308059587325,+,0.0033308749100494483,0.26695731673582873
9,193.40703875568977,,,ring-site C-H out-of-plane bending,delta(C2-C3-H16),angle,0.01652050520951377,-,-0.0028801661100212868,0.3073563220041683
9,193.40703875568977,,,ring-site C-H out-of-plane bending,nu(C7-H22),bond,0.014873590780498606,-,-0.002617012207210749,0.3351646674336103
9,193.40703875568977,,,ring-site C-H out-of-plane bending,"gamma(C4;C5,C6,H18)",oop,0.009069142679788986,-,-0.0019183397843256615,0.38033742786902636
9,193.40703875568977,,,ring-site C-H out-of-plane bending,delta(H23-C8-H24),angle,0.008268715562455037,+,0.0024271499593848636,0.21662008978042366
9,193.40703875568977,,,ring-site C-H out-of-plane bending,delta(C9-C4-H17),angle,0.008117721828069711,+,0.0023141972528599596,0.23393075140123543
9,193.40703875568977,,,ring-site C-H out-of-plane bending,nu(C2-C4),bond,0.007825519511186298,+,0.00209817454943426,0.27433666012197316
9,193.40703875568977,,,ring-site C-H out-of-plane bending,delta(C9-C8-H23),angle,0.007006990627343233,-,-0.0016691454923319906,0.3881477265434133
9,193.40703875568977,,,ring-site C-H out-of-plane bending,delta(H21-C7-H22),angle,0.006960714335300085,-,-0.0019740900200592485,0.2756600324984054
9,193.40703875568977,,,ring-site C-H out-of-plane bending,nu(C1-C2),bond,0.00591046992439244,-,-0.001842032575758411,0.26883220687743986
9,193.40703875568977,,,ring-site C-H out-of-plane bending,nu(C2-C3),bond,0.005899629781150465,-,-0.0018403997261380765,0.2688155190040503
9,193.40703875568977,,,ring-site C-H out-of-plane bending,"gamma(C7;C8,H23,H24)",oop,0.005886542501042378,+,0.0017382587173424128,0.300666713145669
9,193.40703875568977,,,ring-site C-H out-of-plane bending,delta(C2-C1-H10),angle,0.005226503676621102,-,-0.001462653829213425,0.3770353350204659
9,193.40703875568977,,,ring-site C-H out-of-plane bending,nu(C4-C5),bond,0.002941300462299365,+,0.0009108057558690117,0.5471945412726401
9,193.40703875568977,,,ring-site C-H out-of-plane bending,nu(C8-H23),bond,0.0028197868236732623,+,0.0011514458834733284,0.3282336573619821
9,193.40703875568977,,,ring-site C-H out-of-plane bending,nu(C6-H19),bond,0.002806613697722157,+,0.0011487330298429732,0.32824515254734715
9,193.40703875568977,,,ring-site C-H out-of-plane bending,tau(H17-C4-C9-H25),dihedral,0.002219935510392211,+,0.0007577483261189432,0.5966838523581202
9,193.40703875568977,,,ring-site C-H out-of-plane bending,nu(C4-C9),bond,0.002150320653764942,+,0.0008929963798761309,0.41615750179357514
9,193.40703875568977,,,ring-site C-H out-of-plane bending,delta(H14-C3-H16),angle,0.0014466209688453126,-,-0.0007784329083541531,0.36843958035172164
9,193.40703875568977,,,ring-site C-H out-of-plane bending,"gamma(C5;C9,C4,H25)",oop,0.0014399594104175276,+,0.00030011515944916616,2.4673359249773874
9,193.40703875568977,,,ring-site C-H out-of-plane bending,"gamma(C4;C2,C3,H13)",oop,0.0006309613183416872,-,-0.000528465325399608,0.348677272053292
9,193.40703875568977,,,ring-site C-H out-of-plane bending,"gamma(H11;C1,H10,H12)",oop,0.0002842474836267348,-,-0.00044953584284670095,0.21708103153869004
9,193.40703875568977,,,ring-site C-H out-of-plane bending,delta(H15-C3-H16),angle,0.00015273712639209616,+,0.00025018794147644435,0.3765873833684418
9,193.40703875568977,,,ring-site C-H out-of-plane bending,nu(C8-C9),bond,0.00012374698976508057,-,-0.0002470730957374524,0.3128510577221663
9,193.40703875568977,,,ring-site C-H out-of-plane bending,nu(C5-C6),bond,0.00010763969484220503,-,-0.0002366101163045851,0.29672882571093184
9,193.40703875568977,,,ring-site C-H out-of-plane bending,delta(H14-C3-H15),angle,6.809187982390053e-05,+,0.00016851423261182515,0.3700633261945618
9,193.40703875568977,,,ring-site C-H out-of-plane bending,delta(H10-C1-H12),angle,4.406658013756685e-05,+,0.00016157688092811393,0.2604982470330432
9,193.40703875568977,,,ring-site C-H out-of-plane bending,nu(C1-H10),bond,3.408301109575466e-05,+,0.00012573858993613894,0.33270144145954433
9,193.40703875568977,,,ring-site C-H out-of-plane bending,nu(C3-H14),bond,3.2189286875495614e-05,+,0.00012219611025389836,0.3326982298069487
9,193.40703875568977,,,ring-site C-H out-of-plane bending,nu(C4-H17),bond,2.8666843420892222e-05,-,-0.0001145353719898758,0.3372519822787753
9,193.40703875568977,,,ring-site C-H out-of-plane bending,nu(C1-H11),bond,2.339101935354679e-05,+,0.00010370518943811077,0.33566191504728254
9,193.40703875568977,,,ring-site C-H out-of-plane bending,nu(C3-H16),bond,2.0256361218265318e-05,+,9.650910089083736e-05,0.3356439255063405
9,193.40703875568977,,,ring-site C-H out-of-plane bending,nu(C8-H24),bond,9.34944287041141e-06,-,-6.624508484965428e-05,0.3288003785530708
9,193.40703875568977,,,ring-site C-H out-of-plane bending,nu(C6-H20),bond,8.153714710718847e-06,-,-6.186888964389968e-05,0.3287492466493157
9,193.40703875568977,,,ring-site C-H out-of-plane bending,nu(C1-H12),bond,4.336322915811352e-06,+,4.5009820255358714e-05,0.3303398418047025
9,193.40703875568977,,,ring-site C-H out-of-plane bending,nu(C3-H15),bond,4.205951845126059e-06,+,4.4329280786959075e-05,0.33032148604472367
9,193.40703875568977,,,ring-site C-H out-of-plane bending,nu(C7-H21),bond,3.81717377740703e-06,+,4.207538192660743e-05,0.3327665744893832
9,193.40703875568977,,,ring-site C-H out-of-plane bending,nu(C5-H18),bond,1.0728576015695636e-08,-,-2.1780452295112214e-06,0.34902954612114734
9,193.40703875568977,,,ring-site C-H out-of-plane bending,nu(C9-H25),bond,1.3153229246066753e-09,-,-7.626371121998873e-07,0.34902008220261893
10,223.26103784505827,,,C-C torsion,tau(C4-C2-C3-H14),dihedral,32.20957267944846,+,0.21925879485370506,0.27884576993327614
10,223.26103784505827,,,C-C torsion,tau(C1-C2-C3-H16),dihedral,31.75600121048973,+,0.21943674181079698,0.2744733988296527
10,223.26103784505827,,,C-C torsion,tau(H12-C1-C2-C3),dihedral,18.446883380510588,+,0.20712542550944274,0.1789572584353189
10,223.26103784505827,,,C-C torsion,tau(H11-C1-C2-C3),dihedral,17.410980452819576,+,0.2054061231283064,0.17174717389126995
10,223.26103784505827,,,C-C torsion,tau(C9-C5-C6-H20),dihedral,0.033170074779209885,-,-0.005256015447107439,0.49971953559980403
10,223.26103784505827,,,C-C torsion,tau(H23-C8-C9-C4),dihedral,0.027875601371590855,-,-0.005083905026313347,0.4488720156531896
10,223.26103784505827,,,C-C torsion,delta(C4-C9-C8),angle,0.022398816322043734,-,-0.0035074472953542414,0.7577673759020244
10,223.26103784505827,,,C-C torsion,delta(C3-C2-C4),angle,0.020514567242839208,-,-0.004044355546382495,0.5219835858024717
10,223.26103784505827,,,C-C torsion,delta(C2-C3-H15),angle,0.010800193201062508,-,-0.0032421664274592337,0.4276161102640135
10,223.26103784505827,,,C-C torsion,tau(H17-C4-C9-H25),dihedral,0.009667730613900789,-,-0.0025967892177704544,0.5966838523581202
10,223.26103784505827,,,C-C torsion,delta(C2-C1-H12),angle,0.009613757811222859,+,0.00361612158855787,0.3059850941292659
10,223.26103784505827,,,C-C torsion,delta(C3-C2-H13),angle,0.007542370218926534,+,0.0036146165788275837,0.24025725817088736
10,223.26103784505827,,,C-C torsion,delta(C2-C1-H10),angle,0.0043929005669376,-,-0.0022020705630281722,0.3770353350204659
10,223.26103784505827,,,C-C torsion,tau(C3-C2-C4-C5),dihedral,0.004053818228682077,-,-0.008383713777276171,0.024004050308062942
10,223.26103784505827,,,C-C torsion,tau(H20-C6-C7-C8),dihedral,0.0035777498369256896,+,0.0024433872595779945,0.24941266534876505
10,223.26103784505827,,,C-C torsion,tau(H19-C6-C7-C8),dihedral,0.003423097298303085,+,0.0027922875595858196,0.18272253164280974
10,223.26103784505827,,,C-C torsion,delta(C2-C3-H16),angle,0.00304190444360228,+,0.0020295431059883396,0.3073563220041683
10,223.26103784505827,,,C-C torsion,"gamma(C4;C2,C3,H13)",oop,0.0028722137169835283,-,-0.0018515827567772139,0.348677272053292
10,223.26103784505827,,,C-C torsion,delta(C4-C9-H25),angle,0.002464080592989108,+,0.0021559276486089783,0.22063768235437067
10,223.26103784505827,,,C-C torsion,tau(C2-C4-C5-H18),dihedral,0.001511511787645907,-,-0.0013257953699662226,0.35789174837591814
10,223.26103784505827,,,C-C torsion,"gamma(C4;C5,C6,H18)",oop,0.001281241751629044,-,-0.001184070551650422,0.38033742786902636
10,223.26103784505827,,,C-C torsion,tau(H21-C7-C8-C9),dihedral,0.00118062842296745,+,0.0015092812712796655,0.21570788048823702
10,223.26103784505827,,,C-C torsion,tau(H17-C4-C9-C8),dihedral,0.0011781154472542289,-,-0.0010230996836191621,0.4684304222796268
10,223.26103784505827,,,C-C torsion,delta(C9-C4-H17),angle,0.000966419676021708,+,0.001311250887973664,0.23393075140123543
10,223.26103784505827,,,C-C torsion,"gamma(C9;C4,C2,C5)",oop,0.0007225376897601757,-,-0.0004810535978113214,1.2994713680163765
10,223.26103784505827,,,C-C torsion,"gamma(H11;C1,H10,H12)",oop,0.0005957165409895423,+,0.001068699146927517,0.21708103153869004
10,223.26103784505827,,,C-C torsion,delta(H15-C3-H16),angle,0.0004972985242420761,-,-0.0007413482619414834,0.3765873833684418
10,223.26103784505827,,,C-C torsion,delta(H14-C3-H16),angle,0.0004600057721677516,-,-0.0007208502818677571,0.36843958035172164
10,223.26103784505827,,,C-C torsion,nu(C4-C9),bond,0.000405458481781729,-,-0.0006367821816132685,0.41615750179357514
10,223.26103784505827,,,C-C torsion,delta(C2-C4-C5),angle,0.00030884835291364316,+,0.0006397158454888911,0.3140973094435254
10,223.26103784505827,,,C-C torsion,nu(C4-C5),bond,0.0002927676333651162,+,0.00047188614293267934,0.5471945412726401
10,223.26103784505827,,,C-C torsion,delta(C9-C8-H23),angle,0.00024101018158248825,+,0.0005083534122618569,0.3881477265434133
10,223.26103784505827,,,C-C torsion,delta(C1-C2-C3),angle,0.00023367389202049905,+,0.0005229698153855585,0.3555904501026593
10,223.26103784505827,,,C-C torsion,delta(H14-C3-H15),angle,0.0002096509162212213,+,0.00048557568311661354,0.3700633261945618
10,223.26103784505827,,,C-C torsion,nu(C7-C8),bond,0.00017652050286667026,+,0.0005061838280310913,0.28672909715516987
10,223.26103784505827,,,C-C torsion,nu(C6-C7),bond,0.0001582586567992282,-,-0.0004737547863050887,0.2934630298225203
10,223.26103784505827,,,C-C torsion,nu(C5-C6),bond,9.613698112381719e-05,-,-0.000367207838107716,0.29672882571093184
10,223.26103784505827,,,C-C torsion,"gamma(H19;C6,C5,H20)",oop,8.586068317826917e-05,-,-0.00026504664334272264,0.5086778952751276
10,223.26103784505827,,,C-C torsion,delta(C8-C7-H22),angle,7.624238204186155e-05,+,0.0002911967574307216,0.37421098329674723
10,223.26103784505827,,,C-C torsion,delta(H10-C1-H12),angle,7.351170294451758e-05,-,-0.00034270655448851047,0.2604982470330432
10,223.26103784505827,,,C-C torsion,nu(C1-H12),bond,6.276621251340457e-05,+,0.0002812088955378074,0.3303398418047025
10,223.26103784505827,,,C-C torsion,nu(C3-H15),bond,6.079847563510978e-05,-,-0.0002767734994823281,0.33032148604472367
10,223.26103784505827,,,C-C torsion,delta(C6-C5-H18),angle,5.652555762196296e-05,-,-0.0002968575404746161,0.26695731673582873
10,223.26103784505827,,,C-C torsion,nu(C1-H10),bond,4.225629311526723e-05,-,-0.00022991374120224787,0.33270144145954433
10,223.26103784505827,,,C-C torsion,nu(C3-H14),bond,4.09605767353842e-05,+,0.00022636243545556982,0.3326982298069487
10,223.26103784505827,,,C-C torsion,"gamma(C5;C9,C4,H25)",oop,3.47773233235336e-05,+,7.659148797958184e-05,2.4673359249773874
10,223.26103784505827,,,C-C torsion,nu(C8-C9),bond,2.475078726811639e-05,+,0.00018145638994106753,0.3128510577221663
10,223.26103784505827,,,C-C torsion,"gamma(C6;C7,H21,H22)",oop,1.878528076713781e-05,-,-0.00018008889678057877,0.24106655312168962
10,223.26103784505827,,,C-C torsion,"gamma(C7;C8,H23,H24)",oop,1.2663723380818015e-05,-,-0.0001323989693027305,0.300666713145669
10,223.26103784505827,,,C-C torsion,nu(C1-C2),bond,1.049803191217499e-05,-,-0.0001274852286314141,0.26883220687743986
10,223.26103784505827,,,C-C torsion,nu(C3-H16),bond,8.556098073621487e-06,+,0.0001030018565313287,0.3356439255063405
10,223.26103784505827,,,C-C torsion,delta(H23-C8-H24),angle,8.222160586633914e-06,-,-0.00012568694872212342,0.21662008978042366
10,223.26103784505827,,,C-C torsion,nu(C8-H23),bond,4.2551287953193065e-06,-,-7.345330990853337e-05,0.3282336573619821
10,223.26103784505827,,,C-C torsion,nu(C6-H19),bond,3.923972240192224e-06,+,7.053592630152442e-05,0.32824515254734715
10,223.26103784505827,,,C-C torsion,nu(C9-H25),bond,2.785472767962731e-06,-,-5.7632946253450284e-05,0.34902008220261893
10,223.26103784505827,,,C-C torsion,nu(C5-H18),bond,2.269488317260875e-06,+,5.202109038311637e-05,0.34902954612114734
10,223.26103784505827,,,C-C torsion,nu(C1-H11),bond,2.095458419669355e-06,-,-5.097239749960628e-05,0.33566191504728254
10,223.26103784505827,,,C-C torsion,nu(C2-C3),bond,1.7562854210049414e-06,+,5.2145513787667335e-05,0.2688155190040503
10,223.26103784505827,,,C-C torsion,nu(C2-C4),bond,7.598703512447202e-07,+,3.395270637470663e-05,0.27433666012197316
10,223.26103784505827,,,C-C torsion,nu(C2-H13),bond,7.071481796388677e-07,-,-2.9696497343910513e-05,0.3337283603614742
10,223.26103784505827,,,C-C torsion,delta(H21-C7-H22),angle,5.988823306642835e-07,-,-3.0069791717965164e-05,0.2756600324984054
10,223.26103784505827,,,C-C torsion,delta(C7-C6-H19),angle,4.3895673522714557e-07,+,1.7765127658517153e-05,0.578866203893712
10,223.26103784505827,,,C-C torsion,nu(C7-H22),bond,3.5748002850289213e-07,-,-2.1068972126102546e-05,0.3351646674336103
10,223.26103784505827,,,C-C torsion,nu(C6-H20),bond,2.764981081152894e-07,+,1.8709417672408747e-05,0.3287492466493157
10,223.26103784505827,,,C-C torsion,nu(C8-H24),bond,9.052922091424622e-08,-,-1.0704707587030999e-05,0.3288003785530708
10,223.26103784505827,,,C-C torsion,nu(C4-H17),bond,6.655314685187532e-08,-,-9.062616731008316e-06,0.3372519822787753
10,223.26103784505827,,,C-C torsion,delta(C6-C7-C8),angle,3.250766081869557e-08,+,3.654059037154845e-06,1.013275969219078
10,223.26103784505827,,,C-C torsion,nu(C7-H21),bond,9.58331888336433e-09,-,-3.4620608204058237e-06,0.3327665744893832
10,223.26103784505827,,,C-C torsion,delta(C7-C8-H23),angle,1.7094440631717995e-10,+,2.792216016824611e-07,0.9125360055785439
11,245.0282371291431,,,C-C torsion,tau(C4-C2-C3-H14),dihedral,29.911456762055643,-,-0.19273092547735982,0.27884576993327614
11,245.0282371291431,,,C-C torsion,tau(C1-C2-C3-H16),dihedral,27.171807359773567,-,-0.18515003058668353,0.2744733988296527
11,245.0282371291431,,,C-C torsion,tau(H12-C1-C2-C3),dihedral,21.345281466106453,+,0.20323146080181692,0.1789572584353189
11,245.0282371291431,,,C-C torsion,tau(H11-C1-C2-C3),dihedral,19.82637784717803,+,0.19993625099354456,0.17174717389126995
11,245.0282371291431,,,C-C torsion,delta(C4-C9-C8),angle,0.36708162940736233,+,0.012951737339044117,0.7577673759020244
11,245.0282371291431,,,C-C torsion,delta(C1-C2-C3),angle,0.3581918367670583,-,-0.018676584297376776,0.3555904501026593
11,245.0282371291431,,,C-C torsion,tau(H17-C4-C9-C8),dihedral,0.18442534943552305,-,-0.011676223945271982,0.4684304222796268
11,245.0282371291431,,,C-C torsion,delta(C3-C2-C4),angle,0.18201478796438897,+,0.010988529251507336,0.5219835858024717
11,245.0282371291431,,,C-C torsion,"gamma(C4;C5,C6,H18)",oop,0.11055581248031497,-,-0.010032771300922236,0.38033742786902636
11,245.0282371291431,,,C-C torsion,tau(H20-C6-C7-C8),dihedral,0.07605814257851791,+,0.010276098552548692,0.24941266534876505
11,245.0282371291431,,,C-C torsion,tau(C9-C5-C6-H20),dihedral,0.06365249249719149,-,-0.006641393276123594,0.49971953559980403
11,245.0282371291431,,,C-C torsion,tau(H19-C6-C7-C8),dihedral,0.05529910401271201,+,0.010237116608059113,0.18272253164280974
11,245.0282371291431,,,C-C torsion,tau(H21-C7-C8-C9),dihedral,0.03920343390636088,-,-0.007933114155823042,0.21570788048823702
11,245.0282371291431,,,C-C torsion,tau(H23-C8-C9-C4),dihedral,0.03580258192084172,+,0.005255457919215061,0.4488720156531896
11,245.0282371291431,,,C-C torsion,nu(C4-C5),bond,0.03222240879938818,+,0.004515676047068851,0.5471945412726401
11,245.0282371291431,,,C-C torsion,nu(C4-C9),bond,0.026963945282453244,+,0.0047367177783217175,0.41615750179357514
11,245.0282371291431,,,C-C torsion,delta(C9-C8-H23),angle,0.020439126105866415,-,-0.004270190922737233,0.3881477265434133
11,245.0282371291431,,,C-C torsion,delta(C6-C5-H18),angle,0.0200830805454744,-,-0.00510397931456029,0.26695731673582873
11,245.0282371291431,,,C-C torsion,delta(C2-C3-H15),angle,0.01655476600359753,-,-0.003661416621163096,0.4276161102640135
11,245.0282371291431,,,C-C torsion,delta(C6-C7-C8),angle,0.016460580791663938,-,-0.002371774309724098,1.013275969219078
11,245.0282371291431,,,C-C torsion,tau(H17-C4-C9-H25),dihedral,0.015416592843314503,-,-0.002991139814385714,0.5966838523581202
11,245.0282371291431,,,C-C torsion,delta(C2-C3-H16),angle,0.014790035813953011,+,0.004082048800448064,0.3073563220041683
11,245.0282371291431,,,C-C torsion,"gamma(H19;C6,C5,H20)",oop,0.013348910254648582,+,0.003014505833443081,0.5086778952751276
11,245.0282371291431,,,C-C torsion,delta(C9-C4-H17),angle,0.011704172774892366,-,-0.004162376481053813,0.23393075140123543
11,245.0282371291431,,,C-C torsion,delta(C3-C2-H13),angle,0.010208669390951245,+,0.0038358442620607335,0.24025725817088736
11,245.0282371291431,,,C-C torsion,delta(C2-C1-H12),angle,0.00965124478252583,-,-0.003304883728317132,0.3059850941292659
11,245.0282371291431,,,C-C torsion,nu(C8-C9),bond,0.00853332191141126,+,0.0030732996438948643,0.3128510577221663
11,245.0282371291431,,,C-C torsion,delta(C4-C9-H25),angle,0.007761339181567314,-,-0.0034901423688118733,0.22063768235437067
11,245.0282371291431,,,C-C torsion,nu(C5-C6),bond,0.007714351785066618,+,0.0030004369531813004,0.29672882571093184
11,245.0282371291431,,,C-C torsion,"gamma(C5;C9,C4,H25)",oop,0.005965225242551551,-,-0.0009149849215221974,2.4673359249773874
11,245.0282371291431,,,C-C torsion,tau(C2-C4-C5-H18),dihedral,0.005157069759253448,-,-0.002233779573122716,0.35789174837591814
11,245.0282371291431,,,C-C torsion,delta(H15-C3-H16),angle,0.004787533032323722,+,0.0020981554602241383,0.3765873833684418
11,245.0282371291431,,,C-C torsion,delta(H14-C3-H15),angle,0.0033925454337878605,-,-0.0017817200493982855,0.3700633261945618
11,245.0282371291431,,,C-C torsion,delta(C2-C1-H10),angle,0.0033883414918474243,-,-0.0017640756897353616,0.3770353350204659
11,245.0282371291431,,,C-C torsion,delta(H10-C1-H12),angle,0.002388414366809899,-,-0.001781833376453996,0.2604982470330432
11,245.0282371291431,,,C-C torsion,"gamma(H11;C1,H10,H12)",oop,0.0022729317204125497,+,0.0019041313845516478,0.21708103153869004
11,245.0282371291431,,,C-C torsion,nu(C1-C2),bond,0.0018061943882627194,+,0.0015253034427196864,0.26883220687743986
11,245.0282371291431,,,C-C torsion,nu(C2-C3),bond,0.0016352359886964876,+,0.0014513685379459673,0.2688155190040503
11,245.0282371291431,,,C-C torsion,nu(C7-C8),bond,0.001390865521958164,-,-0.0012960487632706916,0.28672909715516987
11,245.0282371291431,,,C-C torsion,nu(C6-C7),bond,0.0012988341609624552,-,-0.0012379833608537542,0.2934630298225203
11,245.0282371291431,,,C-C torsion,delta(C7-C8-H23),angle,0.0011058821271784148,-,-0.000647804662977294,0.9125360055785439
11,245.0282371291431,,,C-C torsion,"gamma(C6;C7,H21,H22)",oop,0.0009919264396254378,+,0.0011936744797629737,0.24106655312168962
11,245.0282371291431,,,C-C torsion,delta(C8-C7-H22),angle,0.0009768678511976024,-,-0.0009507674353396926,0.37421098329674723
11,245.0282371291431,,,C-C torsion,delta(H21-C7-H22),angle,0.0006763311041773775,+,0.0009217378757603065,0.2756600324984054
11,245.0282371291431,,,C-C torsion,"gamma(C4;C2,C3,H13)",oop,0.0005459644287931201,+,0.0007363512172161807,0.348677272053292
11,245.0282371291431,,,C-C torsion,delta(C7-C6-H19),angle,0.0005265290299880149,-,-0.0005612246242474821,0.578866203893712
11,245.0282371291431,,,C-C torsion,nu(C2-H13),bond,0.000526250129977937,+,0.0007389485571731671,0.3337283603614742
11,245.0282371291431,,,C-C torsion,delta(H14-C3-H16),angle,0.0004181426664478716,+,0.0006268934865098551,0.36843958035172164
11,245.0282371291431,,,C-C torsion,nu(C2-C4),bond,0.00030854134499069683,+,0.0006240644095780658,0.27433666012197316
11,245.0282371291431,,,C-C torsion,tau(C3-C2-C4-C5),dihedral,0.0002733615603637424,-,-0.001985825636586002,0.024004050308062942
11,245.0282371291431,,,C-C torsion,"gamma(C9;C4,C2,C5)",oop,0.0002543226331142478,+,0.000260329751040463,1.2994713680163765
11,245.0282371291431,,,C-C torsion,delta(C2-C4-C5),angle,0.00021100186996122653,-,-0.0004823093695114261,0.3140973094435254
11,245.0282371291431,,,C-C torsion,nu(C7-H22),bond,0.00020736361876827733,+,0.00046286231335663754,0.3351646674336103
11,245.0282371291431,,,C-C torsion,nu(C4-H17),bond,0.0001605173519563595,+,0.0004059741606600723,0.3372519822787753
11,245.0282371291431,,,C-C torsion,nu(C3-H16),bond,3.864597629995609e-05,-,-0.0001996767045738215,0.3356439255063405
11,245.0282371291431,,,C-C torsion,nu(C8-H23),bond,3.579330796418205e-05,+,0.0001943229153464013,0.3282336573619821
11,245.0282371291431,,,C-C torsion,nu(C6-H19),bond,2.8282544500955688e-05,+,0.00017273276848199067,0.32824515254734715
11,245.0282371291431,,,C-C torsion,nu(C3-H14),bond,2.810854758943564e-05,+,0.0001710443025559153,0.3326982298069487
11,245.0282371291431,,,C-C torsion,nu(C1-H10),bond,2.703682231202253e-05,+,0.00016775100741695025,0.33270144145954433
11,245.0282371291431,,,C-C torsion,nu(C5-H18),bond,2.390781217241e-05,+,0.00015401161541445045,0.34902954612114734
11,245.0282371291431,,,C-C torsion,nu(C1-H11),bond,2.3159241145559514e-05,-,-0.00015457020510867593,0.33566191504728254
11,245.0282371291431,,,C-C torsion,nu(C9-H25),bond,2.3000419898594654e-05,+,0.00015106272996442935,0.34902008220261893
11,245.0282371291431,,,C-C torsion,nu(C7-H21),bond,1.2134747569175376e-05,+,0.00011237253546512148,0.3327665744893832
11,245.0282371291431,,,C-C torsion,nu(C1-H12),bond,1.0901969579437052e-05,+,0.00010690220408731436,0.3303398418047025
11,245.0282371291431,,,C-C torsion,"gamma(C7;C8,H23,H24)",oop,8.221632765787316e-06,-,-9.730855354648947e-05,0.300666713145669
11,245.0282371291431,,,C-C torsion,nu(C3-H15),bond,5.248397588216017e-06,+,7.417535040352884e-05,0.33032148604472367
11,245.0282371291431,,,C-C torsion,nu(C6-H20),bond,3.2091029968798146e-06,-,-5.8139875803793366e-05,0.3287492466493157
11,245.0282371291431,,,C-C torsion,nu(C8-H24),bond,2.856673425152212e-06,-,-5.485027353393218e-05,0.3288003785530708
11,245.0282371291431,,,C-C torsion,delta(H23-C8-H24),angle,2.147190023980371e-06,-,-5.858690142517569e-05,0.21662008978042366
12,268.8597987809361,,,mixed ring-site C-H out-of-plane bending / C-C-C bending,tau(H23-C8-C9-C4),dihedral,28.485800022328572,-,-0.10193711511623502,0.4488720156531896
12,268.8597987809361,,,mixed ring-site C-H out-of-plane bending / C-C-C bending,tau(C9-C5-C6-H20),dihedral,26.949489353865413,-,-0.09397049181008177,0.49971953559980403
12,268.8597987809361,,,mixed ring-site C-H out-of-plane bending / C-C-C bending,delta(C3-C2-C4),angle,8.935697942582289,+,0.05294381228969278,0.5219835858024717
12,268.8597987809361,,,mixed ring-site C-H out-of-plane bending / C-C-C bending,delta(C4-C9-C8),angle,8.33233011164416,-,-0.04243211460378667,0.7577673759020244
12,268.8597987809361,,,mixed ring-site C-H out-of-plane bending / C-C-C bending,"gamma(C4;C2,C3,H13)",oop,5.153454714608946,+,0.049194528865742514,0.348677272053292
12,268.8597987809361,,,mixed ring-site C-H out-of-plane bending / C-C-C bending,"gamma(C4;C5,C6,H18)",oop,3.8337988607391336,-,-0.04062651063410399,0.38033742786902636
12,268.8597987809361,,,mixed ring-site C-H out-of-plane bending / C-C-C bending,tau(H20-C6-C7-C8),dihedral,3.830976746726494,+,0.05015045754585539,0.24941266534876505
12,268.8597987809361,,,mixed ring-site C-H out-of-plane bending / C-C-C bending,tau(H19-C6-C7-C8),dihedral,2.9782279067814614,+,0.05166094020982446,0.18272253164280974
12,268.8597987809361,,,mixed ring-site C-H out-of-plane bending / C-C-C bending,tau(H17-C4-C9-H25),dihedral,2.273271474355922,-,-0.024976576042032336,0.5966838523581202
12,268.8597987809361,,,mixed ring-site C-H out-of-plane bending / C-C-C bending,"gamma(C9;C4,C2,C5)",oop,1.3589954463399507,+,0.013085943376256038,1.2994713680163765
12,268.8597987809361,,,mixed ring-site C-H out-of-plane bending / C-C-C bending,tau(H21-C7-C8-C9),dihedral,1.0979458619345643,+,0.02886933969814442,0.21570788048823702
12,268.8597987809361,,,mixed ring-site C-H out-of-plane bending / C-C-C bending,nu(C4-C5),bond,0.8444840337058878,+,0.015896599648066827,0.5471945412726401
12,268.8597987809361,,,mixed ring-site C-H out-of-plane bending / C-C-C bending,nu(C4-C9),bond,0.6089637525643645,-,-0.015479119425665454,0.41615750179357514
12,268.8597987809361,,,mixed ring-site C-H out-of-plane bending / C-C-C bending,tau(C2-C4-C5-H18),dihedral,0.5810084017293848,+,0.016304022164475657,0.35789174837591814
12,268.8597987809361,,,mixed ring-site C-H out-of-plane bending / C-C-C bending,tau(H17-C4-C9-C8),dihedral,0.502350722982058,+,0.013251357263104155,0.4684304222796268
12,268.8597987809361,,,mixed ring-site C-H out-of-plane bending / C-C-C bending,delta(C9-C8-H23),angle,0.49465871235257985,+,0.014445537345286707,0.3881477265434133
12,268.8597987809361,,,mixed ring-site C-H out-of-plane bending / C-C-C bending,tau(H12-C1-C2-C3),dihedral,0.3976524510236444,-,-0.019074649493588506,0.1789572584353189
12,268.8597987809361,,,mixed ring-site C-H out-of-plane bending / C-C-C bending,delta(C2-C1-H10),angle,0.39585565386491844,+,0.01311163324753723,0.3770353350204659
12,268.8597987809361,,,mixed ring-site C-H out-of-plane bending / C-C-C bending,delta(C2-C4-C5),angle,0.3569315150075997,-,-0.013640796595098844,0.3140973094435254
12,268.8597987809361,,,mixed ring-site C-H out-of-plane bending / C-C-C bending,delta(C4-C9-H25),angle,0.35286120239910884,+,0.01618234682321954,0.22063768235437067
12,268.8597987809361,,,mixed ring-site C-H out-of-plane bending / C-C-C bending,tau(C4-C2-C3-H14),dihedral,0.3454606873858818,+,0.014242842752689956,0.27884576993327614
12,268.8597987809361,,,mixed ring-site C-H out-of-plane bending / C-C-C bending,"gamma(C5;C9,C4,H25)",oop,0.3257392241362323,-,-0.004649436076559046,2.4673359249773874
12,268.8597987809361,,,mixed ring-site C-H out-of-plane bending / C-C-C bending,delta(C9-C4-H17),angle,0.18475722195140848,+,0.011371989427739867,0.23393075140123543
12,268.8597987809361,,,mixed ring-site C-H out-of-plane bending / C-C-C bending,"gamma(H19;C6,C5,H20)",oop,0.17044879725232812,+,0.0074072146683638535,0.5086778952751276
12,268.8597987809361,,,mixed ring-site C-H out-of-plane bending / C-C-C bending,tau(C3-C2-C4-C5),dihedral,0.17029750983712771,-,-0.03408327181356636,0.024004050308062942
12,268.8597987809361,,,mixed ring-site C-H out-of-plane bending / C-C-C bending,tau(C1-C2-C3-H16),dihedral,0.1485047289531606,-,-0.009412378974371026,0.2744733988296527
12,268.8597987809361,,,mixed ring-site C-H out-of-plane bending / C-C-C bending,delta(C6-C5-H18),angle,0.14188929285006083,-,-0.009328961297286352,0.26695731673582873
12,268.8597987809361,,,mixed ring-site C-H out-of-plane bending / C-C-C bending,delta(C2-C3-H16),angle,0.13024673502198297,+,0.00832993746090371,0.3073563220041683
12,268.8597987809361,,,mixed ring-site C-H out-of-plane bending / C-C-C bending,delta(C2-C3-H15),angle,0.1070855299149024,+,0.0064035050910136405,0.4276161102640135
12,268.8597987809361,,,mixed ring-site C-H out-of-plane bending / C-C-C bending,delta(C2-C1-H12),angle,0.07869251008241998,-,-0.006489271688751421,0.3059850941292659
12,268.8597987809361,,,mixed ring-site C-H out-of-plane bending / C-C-C bending,delta(C7-C8-H23),angle,0.05604754321675179,+,0.0031712660560721077,0.9125360055785439
12,268.8597987809361,,,mixed ring-site C-H out-of-plane bending / C-C-C bending,tau(H11-C1-C2-C3),dihedral,0.0519721768329967,-,-0.007039147205276437,0.17174717389126995
12,268.8597987809361,,,mixed ring-site C-H out-of-plane bending / C-C-C bending,nu(C2-C3),bond,0.04919471192067986,+,0.005474083725377358,0.2688155190040503
12,268.8597987809361,,,mixed ring-site C-H out-of-plane bending / C-C-C bending,nu(C1-C2),bond,0.046663592706406985,-,-0.005331235056782699,0.26883220687743986
12,268.8597987809361,,,mixed ring-site C-H out-of-plane bending / C-C-C bending,delta(C3-C2-H13),angle,0.04402005658188272,-,-0.005477298799585776,0.24025725817088736
12,268.8597987809361,,,mixed ring-site C-H out-of-plane bending / C-C-C bending,nu(C6-C7),bond,0.04342551803053273,-,-0.004922380695409002,0.2934630298225203
12,268.8597987809361,,,mixed ring-site C-H out-of-plane bending / C-C-C bending,nu(C7-C8),bond,0.03995572418370213,+,0.004776755508237708,0.28672909715516987
12,268.8597987809361,,,mixed ring-site C-H out-of-plane bending / C-C-C bending,delta(C7-C6-H19),angle,0.035630409281080376,-,-0.003174685450030405,0.578866203893712
12,268.8597987809361,,,mixed ring-site C-H out-of-plane bending / C-C-C bending,delta(H14-C3-H16),angle,0.013026988344905831,-,-0.002406125447214869,0.36843958035172164
12,268.8597987809361,,,mixed ring-site C-H out-of-plane bending / C-C-C bending,delta(C8-C7-H22),angle,0.011338582125860997,+,0.0022274117349314684,0.37421098329674723
12,268.8597987809361,,,mixed ring-site C-H out-of-plane bending / C-C-C bending,delta(H15-C3-H16),angle,0.009862808423881826,+,0.0020708412588910977,0.3765873833684418
12,268.8597987809361,,,mixed ring-site C-H out-of-plane bending / C-C-C bending,nu(C5-C6),bond,0.005614946919389042,+,0.0017602418897672697,0.29672882571093184
12,268.8597987809361,,,mixed ring-site C-H out-of-plane bending / C-C-C bending,nu(C8-C9),bond,0.005546548039944654,-,-0.001703813162750636,0.3128510577221663
12,268.8597987809361,,,mixed ring-site C-H out-of-plane bending / C-C-C bending,"gamma(C7;C8,H23,H24)",oop,0.004216104738468971,-,-0.0015152783358052078,0.300666713145669
12,268.8597987809361,,,mixed ring-site C-H out-of-plane bending / C-C-C bending,nu(C6-H19),bond,0.003499353977466597,+,0.0013212170536003357,0.32824515254734715
12,268.8597987809361,,,mixed ring-site C-H out-of-plane bending / C-C-C bending,nu(C8-H23),bond,0.003414650368857227,-,-0.0013051515953791263,0.3282336573619821
12,268.8597987809361,,,mixed ring-site C-H out-of-plane bending / C-C-C bending,delta(H14-C3-H15),angle,0.002346888720925747,-,-0.0010190315218303139,0.3700633261945618
12,268.8597987809361,,,mixed ring-site C-H out-of-plane bending / C-C-C bending,"gamma(C6;C7,H21,H22)",oop,0.0017123296111494848,-,-0.0010784613807457144,0.24106655312168962
12,268.8597987809361,,,mixed ring-site C-H out-of-plane bending / C-C-C bending,delta(H10-C1-H12),angle,0.0013676132083580942,+,0.0009271684270205539,0.2604982470330432
12,268.8597987809361,,,mixed ring-site C-H out-of-plane bending / C-C-C bending,"gamma(H11;C1,H10,H12)",oop,0.0007900830711479062,+,0.0007719778390125624,0.21708103153869004
12,268.8597987809361,,,mixed ring-site C-H out-of-plane bending / C-C-C bending,delta(C1-C2-C3),angle,0.0007359956657289718,-,-0.0005821594845708319,0.3555904501026593
12,268.8597987809361,,,mixed ring-site C-H out-of-plane bending / C-C-C bending,nu(C3-H16),bond,0.00037884020361337515,+,0.000429900577231956,0.3356439255063405
12,268.8597987809361,,,mixed ring-site C-H out-of-plane bending / C-C-C bending,nu(C1-H11),bond,0.00034428703451861456,-,-0.00040981579552378113,0.33566191504728254
12,268.8597987809361,,,mixed ring-site C-H out-of-plane bending / C-C-C bending,nu(C3-H14),bond,0.00020471635505537317,+,0.00031741717240336916,0.3326982298069487
12,268.8597987809361,,,mixed ring-site C-H out-of-plane bending / C-C-C bending,delta(H23-C8-H24),angle,0.00019624816639991159,-,-0.0003851525978629802,0.21662008978042366
12,268.8597987809361,,,mixed ring-site C-H out-of-plane bending / C-C-C bending,nu(C1-H10),bond,0.00019509983808313396,-,-0.00030987069532355634,0.33270144145954433
12,268.8597987809361,,,mixed ring-site C-H out-of-plane bending / C-C-C bending,delta(C6-C7-C8),angle,8.97403114846848e-05,-,-0.00012042296283530462,1.013275969219078
12,268.8597987809361,,,mixed ring-site C-H out-of-plane bending / C-C-C bending,nu(C1-H12),bond,6.428783187465036e-05,+,0.00017851031027174308,0.3303398418047025
12,268.8597987809361,,,mixed ring-site C-H out-of-plane bending / C-C-C bending,nu(C3-H15),bond,6.027436270675364e-05,-,-0.00017285314874498545,0.33032148604472367
12,268.8597987809361,,,mixed ring-site C-H out-of-plane bending / C-C-C bending,nu(C5-H18),bond,4.6106035070528853e-05,+,0.00014707104738726913,0.34902954612114734
12,268.8597987809361,,,mixed ring-site C-H out-of-plane bending / C-C-C bending,nu(C6-H20),bond,4.565189745042243e-05,+,0.00015079134910873693,0.3287492466493157
12,268.8597987809361,,,mixed ring-site C-H out-of-plane bending / C-C-C bending,nu(C9-H25),bond,3.878557712799536e-05,-,-0.0001348929691978109,0.34902008220261893
12,268.8597987809361,,,mixed ring-site C-H out-of-plane bending / C-C-C bending,nu(C8-H24),bond,3.870738413559891e-05,-,-0.00013883857585666787,0.3288003785530708
12,268.8597987809361,,,mixed ring-site C-H out-of-plane bending / C-C-C bending,nu(C2-C4),bond,3.5753164958209915e-05,+,0.00014608133066365295,0.27433666012197316
12,268.8597987809361,,,mixed ring-site C-H out-of-plane bending / C-C-C bending,nu(C2-H13),bond,9.611692973946285e-07,+,2.1716147405551016e-05,0.3337283603614742
12,268.8597987809361,,,mixed ring-site C-H out-of-plane bending / C-C-C bending,delta(H21-C7-H22),angle,7.195940048440411e-07,-,-2.0674559265071122e-05,0.2756600324984054
12,268.8597987809361,,,mixed ring-site C-H out-of-plane bending / C-C-C bending,nu(C7-H22),bond,4.877202771813508e-08,+,4.881302076657404e-06,0.3351646674336103
12,268.8597987809361,,,mixed ring-site C-H out-of-plane bending / C-C-C bending,nu(C7-H21),bond,2.13429078614611e-08,+,3.240681427245477e-06,0.3327665744893832
12,268.8597987809361,,,mixed ring-site C-H out-of-plane bending / C-C-C bending,nu(C4-H17),bond,6.723080803635815e-11,+,1.8067010768855007e-07,0.3372519822787753
13,326.9169535037358,,,mixed C-C torsion / C-C-C bending,tau(C1-C2-C3-H16),dihedral,25.381154835109534,+,0.11285557528667263,0.2744733988296527
13,326.9169535037358,,,mixed C-C torsion / C-C-C bending,tau(H11-C1-C2-C3),dihedral,16.145037714525433,-,-0.11378688069823835,0.17174717389126995
13,326.9169535037358,,,mixed C-C torsion / C-C-C bending,delta(C1-C2-C3),angle,15.486981654801918,-,-0.07745078205116879,0.3555904501026593
13,326.9169535037358,,,mixed C-C torsion / C-C-C bending,delta(C3-C2-C4),angle,13.134025433499966,+,0.058869176825762676,0.5219835858024717
13,326.9169535037358,,,mixed C-C torsion / C-C-C bending,tau(H12-C1-C2-C3),dihedral,10.040880704672286,-,-0.08790806173911211,0.1789572584353189
13,326.9169535037358,,,mixed C-C torsion / C-C-C bending,tau(C4-C2-C3-H14),dihedral,4.242324169523734,+,0.045775948845146686,0.27884576993327614
13,326.9169535037358,,,mixed C-C torsion / C-C-C bending,"gamma(C4;C2,C3,H13)",oop,2.4204642935872465,+,0.030921103200427884,0.348677272053292
13,326.9169535037358,,,mixed C-C torsion / C-C-C bending,delta(C2-C1-H10),angle,2.418008200326596,-,-0.029720445689576432,0.3770353350204659
13,326.9169535037358,,,mixed C-C torsion / C-C-C bending,delta(C2-C3-H16),angle,1.5253528276989665,+,0.026144572222875567,0.3073563220041683
13,326.9169535037358,,,mixed C-C torsion / C-C-C bending,nu(C4-C5),bond,1.442230491403689,+,0.019053024163599594,0.5471945412726401
13,326.9169535037358,,,mixed C-C torsion / C-C-C bending,tau(H23-C8-C9-C4),dihedral,1.371153865625188,-,-0.02051158828656583,0.4488720156531896
13,326.9169535037358,,,mixed C-C torsion / C-C-C bending,nu(C4-C9),bond,1.1319977504511833,+,0.019355811225581443,0.41615750179357514
13,326.9169535037358,,,mixed C-C torsion / C-C-C bending,nu(C2-C4),bond,0.996593333868333,+,0.022368379649792085,0.27433666012197316
13,326.9169535037358,,,mixed C-C torsion / C-C-C bending,tau(H20-C6-C7-C8),dihedral,0.7724596805632141,-,-0.020653616950768207,0.24941266534876505
13,326.9169535037358,,,mixed C-C torsion / C-C-C bending,tau(H19-C6-C7-C8),dihedral,0.5325024119926373,-,-0.02003467019339123,0.18272253164280974
13,326.9169535037358,,,mixed C-C torsion / C-C-C bending,tau(C9-C5-C6-H20),dihedral,0.530138550676048,+,0.01208784797004096,0.49971953559980403
13,326.9169535037358,,,mixed C-C torsion / C-C-C bending,tau(C2-C4-C5-H18),dihedral,0.46863522130442786,-,-0.013429476391861763,0.35789174837591814
13,326.9169535037358,,,mixed C-C torsion / C-C-C bending,tau(H21-C7-C8-C9),dihedral,0.4627743042630087,+,0.01718973067648171,0.21570788048823702
13,326.9169535037358,,,mixed C-C torsion / C-C-C bending,"gamma(C4;C5,C6,H18)",oop,0.2408518145823565,+,0.009339161563717975,0.38033742786902636
13,326.9169535037358,,,mixed C-C torsion / C-C-C bending,delta(C3-C2-H13),angle,0.22578678936842905,-,-0.011377018533695127,0.24025725817088736
13,326.9169535037358,,,mixed C-C torsion / C-C-C bending,"gamma(C5;C9,C4,H25)",oop,0.21005054223850234,-,-0.0034242480902404353,2.4673359249773874
13,326.9169535037358,,,mixed C-C torsion / C-C-C bending,delta(C2-C4-C5),angle,0.20498050540576454,-,-0.0094807267898933,0.3140973094435254
13,326.9169535037358,,,mixed C-C torsion / C-C-C bending,tau(H17-C4-C9-H25),dihedral,0.1497764061268762,-,-0.005879860466865863,0.5966838523581202
13,326.9169535037358,,,mixed C-C torsion / C-C-C bending,tau(H17-C4-C9-C8),dihedral,0.07100819132140712,+,0.0045692943818894625,0.4684304222796268
13,326.9169535037358,,,mixed C-C torsion / C-C-C bending,delta(C2-C3-H15),angle,0.0655689110630893,+,0.004595570321370951,0.4276161102640135
13,326.9169535037358,,,mixed C-C torsion / C-C-C bending,delta(H14-C3-H15),angle,0.05162983401625418,-,-0.004383588715179069,0.3700633261945618
13,326.9169535037358,,,mixed C-C torsion / C-C-C bending,delta(H15-C3-H16),angle,0.05055791662773285,+,0.004300106002345549,0.3765873833684418
13,326.9169535037358,,,mixed C-C torsion / C-C-C bending,delta(C2-C1-H12),angle,0.04773818917944627,+,0.004635539596173799,0.3059850941292659
13,326.9169535037358,,,mixed C-C torsion / C-C-C bending,delta(H10-C1-H12),angle,0.03663994557035299,-,-0.004401416499755836,0.2604982470330432
13,326.9169535037358,,,mixed C-C torsion / C-C-C bending,nu(C8-C9),bond,0.027931360837728226,+,0.003506668351071786,0.3128510577221663
13,326.9169535037358,,,mixed C-C torsion / C-C-C bending,nu(C5-C6),bond,0.02679594453460762,+,0.003526729300179275,0.29672882571093184
13,326.9169535037358,,,mixed C-C torsion / C-C-C bending,delta(C4-C9-C8),angle,0.0144412803487151,-,-0.001620139302231485,0.7577673759020244
13,326.9169535037358,,,mixed C-C torsion / C-C-C bending,delta(C9-C8-H23),angle,0.012081496160528261,+,0.0020705193643502083,0.3881477265434133
13,326.9169535037358,,,mixed C-C torsion / C-C-C bending,nu(C1-C2),bond,0.009104608068309119,+,0.0021597696739628367,0.26883220687743986
13,326.9169535037358,,,mixed C-C torsion / C-C-C bending,nu(C2-C3),bond,0.008682879819305944,+,0.002109221483103414,0.2688155190040503
13,326.9169535037358,,,mixed C-C torsion / C-C-C bending,tau(C3-C2-C4-C5),dihedral,0.006222010975847944,+,0.005975036768290586,0.024004050308062942
13,326.9169535037358,,,mixed C-C torsion / C-C-C bending,nu(C6-C7),bond,0.004451378987954753,+,0.0014453999888510852,0.2934630298225203
13,326.9169535037358,,,mixed C-C torsion / C-C-C bending,"gamma(C9;C4,C2,C5)",oop,0.004173273719484383,-,-0.0006650779318368138,1.2994713680163765
13,326.9169535037358,,,mixed C-C torsion / C-C-C bending,nu(C7-C8),bond,0.003982025376303972,+,0.0013830363282739129,0.28672909715516987
13,326.9169535037358,,,mixed C-C torsion / C-C-C bending,delta(C7-C8-H23),angle,0.003895785214702898,+,0.0007668138664559955,0.9125360055785439
13,326.9169535037358,,,mixed C-C torsion / C-C-C bending,delta(H14-C3-H16),angle,0.003556819261739906,-,-0.0011530953451563176,0.36843958035172164
13,326.9169535037358,,,mixed C-C torsion / C-C-C bending,delta(C6-C5-H18),angle,0.002819776063824806,-,-0.00120615703829455,0.26695731673582873
13,326.9169535037358,,,mixed C-C torsion / C-C-C bending,delta(C4-C9-H25),angle,0.0027957570740521137,-,-0.0013210745697430468,0.22063768235437067
13,326.9169535037358,,,mixed C-C torsion / C-C-C bending,delta(C7-C6-H19),angle,0.0021098639929694176,+,0.0007085256753364828,0.578866203893712
13,326.9169535037358,,,mixed C-C torsion / C-C-C bending,"gamma(C7;C8,H23,H24)",oop,0.0020765041982636384,+,0.0009753066639158244,0.300666713145669
13,326.9169535037358,,,mixed C-C torsion / C-C-C bending,"gamma(H11;C1,H10,H12)",oop,0.0020004683907270107,+,0.0011266068001150027,0.21708103153869004
13,326.9169535037358,,,mixed C-C torsion / C-C-C bending,"gamma(H19;C6,C5,H20)",oop,0.001177523905108428,-,-0.0005646520292963764,0.5086778952751276
13,326.9169535037358,,,mixed C-C torsion / C-C-C bending,delta(C6-C7-C8),angle,0.0009489820308070223,+,0.0003591555507242321,1.013275969219078
13,326.9169535037358,,,mixed C-C torsion / C-C-C bending,delta(C9-C4-H17),angle,0.0007253939183279126,+,0.0006535228199026128,0.23393075140123543
13,326.9169535037358,,,mixed C-C torsion / C-C-C bending,delta(C8-C7-H22),angle,0.00035511529070914657,+,0.00036152961704418916,0.37421098329674723
13,326.9169535037358,,,mixed C-C torsion / C-C-C bending,nu(C1-H11),bond,0.0002879037774183649,-,-0.00034370836930333625,0.33566191504728254
13,326.9169535037358,,,mixed C-C torsion / C-C-C bending,nu(C6-H20),bond,0.0002803005018781352,-,-0.00034268651457016906,0.3287492466493157
13,326.9169535037358,,,mixed C-C torsion / C-C-C bending,nu(C8-H24),bond,0.0002515784478058975,-,-0.0003246295292862108,0.3288003785530708
13,326.9169535037358,,,mixed C-C torsion / C-C-C bending,nu(C3-H16),bond,0.0002500873143961736,-,-0.0003203493855967151,0.3356439255063405
13,326.9169535037358,,,mixed C-C torsion / C-C-C bending,nu(C3-H14),bond,0.00024403714717489733,+,0.0003178485133440983,0.3326982298069487
13,326.9169535037358,,,mixed C-C torsion / C-C-C bending,nu(C1-H10),bond,0.00023645365361980926,+,0.0003128694315326812,0.33270144145954433
13,326.9169535037358,,,mixed C-C torsion / C-C-C bending,nu(C9-H25),bond,0.00017030786932523576,+,0.00025924453463990776,0.34902008220261893
13,326.9169535037358,,,mixed C-C torsion / C-C-C bending,nu(C5-H18),bond,0.00016965467154165194,+,0.0002587433965822961,0.34902954612114734
13,326.9169535037358,,,mixed C-C torsion / C-C-C bending,nu(C4-H17),bond,0.00016837448703886724,-,-0.0002622275679868924,0.3372519822787753
13,326.9169535037358,,,mixed C-C torsion / C-C-C bending,delta(H21-C7-H22),angle,0.00011142308426245728,-,-0.00023594900281875188,0.2756600324984054
13,326.9169535037358,,,mixed C-C torsion / C-C-C bending,delta(H23-C8-H24),angle,6.0269475600186765e-05,+,0.00019575677447601975,0.21662008978042366
13,326.9169535037358,,,mixed C-C torsion / C-C-C bending,"gamma(C6;C7,H21,H22)",oop,5.475610337656505e-05,-,-0.00017687450933851626,0.24106655312168962
13,326.9169535037358,,,mixed C-C torsion / C-C-C bending,nu(C6-H19),bond,2.5252955669973307e-05,-,-0.00010293768745505724,0.32824515254734715
13,326.9169535037358,,,mixed C-C torsion / C-C-C bending,nu(C8-H23),bond,2.1418444111508318e-05,-,-9.480251603910865e-05,0.3282336573619821
13,326.9169535037358,,,mixed C-C torsion / C-C-C bending,nu(C7-H22),bond,1.7391636063924048e-05,+,8.4539283828779e-05,0.3351646674336103
13,326.9169535037358,,,mixed C-C torsion / C-C-C bending,nu(C3-H15),bond,1.0170636458038263e-05,+,6.512130777392782e-05,0.33032148604472367
13,326.9169535037358,,,mixed C-C torsion / C-C-C bending,nu(C1-H12),bond,6.158612361057254e-06,+,5.06732099781365e-05,0.3303398418047025
13,326.9169535037358,,,mixed C-C torsion / C-C-C bending,nu(C2-H13),bond,1.7140287128154983e-06,-,-2.659683437661222e-05,0.3337283603614742
13,326.9169535037358,,,mixed C-C torsion / C-C-C bending,nu(C7-H21),bond,9.589574566340224e-09,+,1.992265810398373e-06,0.3327665744893832
14,397.5961207053004,,,mixed C-C torsion / ring-site C-H out-of-plane bending,tau(C1-C2-C3-H16),dihedral,13.260555236531102,-,-0.09637691908451661,0.2744733988296527
14,397.5961207053004,,,mixed C-C torsion / ring-site C-H out-of-plane bending,delta(C1-C2-C3),angle,11.911514551386198,-,-0.08025105731725546,0.3555904501026593
14,397.5961207053004,,,mixed C-C torsion / ring-site C-H out-of-plane bending,delta(C4-C9-C8),angle,11.87463897335458,-,-0.0548889053900434,0.7577673759020244
14,397.5961207053004,,,mixed C-C torsion / ring-site C-H out-of-plane bending,tau(H11-C1-C2-C3),dihedral,8.343003402807062,+,0.09664040142222162,0.17174717389126995
14,397.5961207053004,,,mixed C-C torsion / ring-site C-H out-of-plane bending,tau(H12-C1-C2-C3),dihedral,7.823952864870132,+,0.09168130118002893,0.1789572584353189
14,397.5961207053004,,,mixed C-C torsion / ring-site C-H out-of-plane bending,"gamma(C4;C5,C6,H18)",oop,5.075487282463701,+,0.05065200650729513,0.38033742786902636
14,397.5961207053004,,,mixed C-C torsion / ring-site C-H out-of-plane bending,tau(H17-C4-C9-C8),dihedral,3.930816229810969,+,0.04016623626744315,0.4684304222796268
14,397.5961207053004,,,mixed C-C torsion / ring-site C-H out-of-plane bending,"gamma(C4;C2,C3,H13)",oop,3.5588681617082667,+,0.04429823724880728,0.348677272053292
14,397.5961207053004,,,mixed C-C torsion / ring-site C-H out-of-plane bending,tau(C9-C5-C6-H20),dihedral,3.140509715900868,+,0.034759956271093385,0.49971953559980403
14,397.5961207053004,,,mixed C-C torsion / ring-site C-H out-of-plane bending,delta(C2-C3-H15),angle,2.893964158835888,-,-0.03607130538856741,0.4276161102640135
14,397.5961207053004,,,mixed C-C torsion / ring-site C-H out-of-plane bending,tau(C4-C2-C3-H14),dihedral,2.8704509817768,+,0.04448722861736556,0.27884576993327614
14,397.5961207053004,,,mixed C-C torsion / ring-site C-H out-of-plane bending,tau(H20-C6-C7-C8),dihedral,2.573614318982912,-,-0.0445404699477866,0.24941266534876505
14,397.5961207053004,,,mixed C-C torsion / ring-site C-H out-of-plane bending,delta(C3-C2-H13),angle,2.5496460570019215,+,0.045169366970861026,0.24025725817088736
14,397.5961207053004,,,mixed C-C torsion / ring-site C-H out-of-plane bending,delta(C3-C2-C4),angle,2.1618508504713265,-,-0.02821803419171165,0.5219835858024717
14,397.5961207053004,,,mixed C-C torsion / ring-site C-H out-of-plane bending,delta(C2-C1-H12),angle,2.067505832198271,-,-0.03604255343240793,0.3059850941292659
14,397.5961207053004,,,mixed C-C torsion / ring-site C-H out-of-plane bending,tau(C2-C4-C5-H18),dihedral,1.7897241702272313,+,0.03100698388785364,0.35789174837591814
14,397.5961207053004,,,mixed C-C torsion / ring-site C-H out-of-plane bending,tau(H19-C6-C7-C8),dihedral,1.5181694136227504,-,-0.039967444582332465,0.18272253164280974
14,397.5961207053004,,,mixed C-C torsion / ring-site C-H out-of-plane bending,delta(C2-C3-H16),angle,1.3566651205489582,+,0.02913114595299949,0.3073563220041683
14,397.5961207053004,,,mixed C-C torsion / ring-site C-H out-of-plane bending,delta(C6-C7-C8),angle,1.2577660024228556,+,0.015448217267155239,1.013275969219078
14,397.5961207053004,,,mixed C-C torsion / ring-site C-H out-of-plane bending,delta(C9-C8-H23),angle,1.2557755803336068,+,0.024940192888715428,0.3881477265434133
14,397.5961207053004,,,mixed C-C torsion / ring-site C-H out-of-plane bending,"gamma(H19;C6,C5,H20)",oop,1.1492537543597952,-,-0.02084149398492407,0.5086778952751276
14,397.5961207053004,,,mixed C-C torsion / ring-site C-H out-of-plane bending,"gamma(C9;C4,C2,C5)",oop,1.0168395942166706,+,0.012265497872906456,1.2994713680163765
14,397.5961207053004,,,mixed C-C torsion / ring-site C-H out-of-plane bending,tau(H23-C8-C9-C4),dihedral,0.9856936299057849,-,-0.02054717047616892,0.4488720156531896
14,397.5961207053004,,,mixed C-C torsion / ring-site C-H out-of-plane bending,tau(C3-C2-C4-C5),dihedral,0.9630714142990473,-,-0.08782725244613916,0.024004050308062942
14,397.5961207053004,,,mixed C-C torsion / ring-site C-H out-of-plane bending,delta(C2-C4-C5),angle,0.9113223345370627,+,0.023618168326661963,0.3140973094435254
14,397.5961207053004,,,mixed C-C torsion / ring-site C-H out-of-plane bending,delta(C6-C5-H18),angle,0.7361265794264558,+,0.023024894554048252,0.26695731673582873
14,397.5961207053004,,,mixed C-C torsion / ring-site C-H out-of-plane bending,nu(C8-C9),bond,0.35415394825153174,-,-0.014752633206528242,0.3128510577221663
14,397.5961207053004,,,mixed C-C torsion / ring-site C-H out-of-plane bending,nu(C5-C6),bond,0.33307434067215047,-,-0.014690380140476838,0.29672882571093184
14,397.5961207053004,,,mixed C-C torsion / ring-site C-H out-of-plane bending,nu(C4-C5),bond,0.3108173610252112,-,-0.010450187213984939,0.5471945412726401
14,397.5961207053004,,,mixed C-C torsion / ring-site C-H out-of-plane bending,delta(C7-C8-H23),angle,0.2632725095128498,+,0.007447663850071421,0.9125360055785439
14,397.5961207053004,,,mixed C-C torsion / ring-site C-H out-of-plane bending,"gamma(C5;C9,C4,H25)",oop,0.2511469859916265,+,0.004423766126000239,2.4673359249773874
14,397.5961207053004,,,mixed C-C torsion / ring-site C-H out-of-plane bending,nu(C4-C9),bond,0.2334443274176611,-,-0.010384966821095763,0.41615750179357514
14,397.5961207053004,,,mixed C-C torsion / ring-site C-H out-of-plane bending,tau(H21-C7-C8-C9),dihedral,0.17730761162516004,+,0.012571091826487007,0.21570788048823702
14,397.5961207053004,,,mixed C-C torsion / ring-site C-H out-of-plane bending,delta(C7-C6-H19),angle,0.1649725650868007,+,0.007402170439636224,0.578866203893712
14,397.5961207053004,,,mixed C-C torsion / ring-site C-H out-of-plane bending,nu(C2-C3),bond,0.16459349547273022,-,-0.010849793690810579,0.2688155190040503
14,397.5961207053004,,,mixed C-C torsion / ring-site C-H out-of-plane bending,nu(C1-C2),bond,0.16314681749112167,-,-0.010801671594459892,0.26883220687743986
14,397.5961207053004,,,mixed C-C torsion / ring-site C-H out-of-plane bending,delta(C4-C9-H25),angle,0.1550811033372677,+,0.011624704240648999,0.22063768235437067
14,397.5961207053004,,,mixed C-C torsion / ring-site C-H out-of-plane bending,"gamma(C6;C7,H21,H22)",oop,0.0745201630321379,-,-0.007709225223636322,0.24106655312168962
14,397.5961207053004,,,mixed C-C torsion / ring-site C-H out-of-plane bending,delta(C2-C1-H10),angle,0.062917522280152,+,0.005664180619894537,0.3770353350204659
14,397.5961207053004,,,mixed C-C torsion / ring-site C-H out-of-plane bending,delta(H14-C3-H16),angle,0.050886085945399735,+,0.0051529828691771135,0.36843958035172164
14,397.5961207053004,,,mixed C-C torsion / ring-site C-H out-of-plane bending,nu(C6-C7),bond,0.034784311040958006,+,0.004773724143053221,0.2934630298225203
14,397.5961207053004,,,mixed C-C torsion / ring-site C-H out-of-plane bending,nu(C7-C8),bond,0.034628858966252216,+,0.0048186515434370455,0.28672909715516987
14,397.5961207053004,,,mixed C-C torsion / ring-site C-H out-of-plane bending,nu(C2-C4),bond,0.033523443149005495,+,0.004847018754199464,0.27433666012197316
14,397.5961207053004,,,mixed C-C torsion / ring-site C-H out-of-plane bending,delta(H14-C3-H15),angle,0.03226406147900983,-,-0.004094150553628163,0.3700633261945618
14,397.5961207053004,,,mixed C-C torsion / ring-site C-H out-of-plane bending,delta(H10-C1-H12),angle,0.022665761378153022,-,-0.004090016576446726,0.2604982470330432
14,397.5961207053004,,,mixed C-C torsion / ring-site C-H out-of-plane bending,delta(H21-C7-H22),angle,0.020768273993545184,-,-0.003805884598017169,0.2756600324984054
14,397.5961207053004,,,mixed C-C torsion / ring-site C-H out-of-plane bending,nu(C2-H13),bond,0.01996943050838941,-,-0.0033917872017803397,0.3337283603614742
14,397.5961207053004,,,mixed C-C torsion / ring-site C-H out-of-plane bending,"gamma(C7;C8,H23,H24)",oop,0.019343411429466228,+,0.003516949839643037,0.300666713145669
14,397.5961207053004,,,mixed C-C torsion / ring-site C-H out-of-plane bending,tau(H17-C4-C9-H25),dihedral,0.014429392744383004,-,-0.0021562256067154586,0.5966838523581202
14,397.5961207053004,,,mixed C-C torsion / ring-site C-H out-of-plane bending,"gamma(H11;C1,H10,H12)",oop,0.01038026075868904,+,0.003032044060451248,0.21708103153869004
14,397.5961207053004,,,mixed C-C torsion / ring-site C-H out-of-plane bending,delta(H23-C8-H24),angle,0.005891728841488107,+,0.002286727024506553,0.21662008978042366
14,397.5961207053004,,,mixed C-C torsion / ring-site C-H out-of-plane bending,nu(C7-H22),bond,0.004546708553461389,-,-0.0016149599555328462,0.3351646674336103
14,397.5961207053004,,,mixed C-C torsion / ring-site C-H out-of-plane bending,delta(C8-C7-H22),angle,0.00255197139015847,-,-0.0011450434061652062,0.37421098329674723
14,397.5961207053004,,,mixed C-C torsion / ring-site C-H out-of-plane bending,delta(C9-C4-H17),angle,0.0019304338690306134,+,0.0012595810581179222,0.23393075140123543
14,397.5961207053004,,,mixed C-C torsion / ring-site C-H out-of-plane bending,nu(C4-H17),bond,0.0016582707314026612,-,-0.0009722831891593131,0.3372519822787753
14,397.5961207053004,,,mixed C-C torsion / ring-site C-H out-of-plane bending,nu(C7-H21),bond,0.0008135989956207133,-,-0.0006856108289126275,0.3327665744893832
14,397.5961207053004,,,mixed C-C torsion / ring-site C-H out-of-plane bending,nu(C8-H23),bond,0.000748981999704321,-,-0.0006623483348846921,0.3282336573619821
14,397.5961207053004,,,mixed C-C torsion / ring-site C-H out-of-plane bending,nu(C6-H19),bond,0.0007489393836217835,-,-0.0006623178937142865,0.32824515254734715
14,397.5961207053004,,,mixed C-C torsion / ring-site C-H out-of-plane bending,nu(C3-H16),bond,0.0005485041875998095,-,-0.0005605222963260677,0.3356439255063405
14,397.5961207053004,,,mixed C-C torsion / ring-site C-H out-of-plane bending,nu(C1-H11),bond,0.0005361460136651024,-,-0.0005541569970851647,0.33566191504728254
14,397.5961207053004,,,mixed C-C torsion / ring-site C-H out-of-plane bending,nu(C8-H24),bond,0.00031468620979487765,+,0.0004289582412270251,0.3288003785530708
14,397.5961207053004,,,mixed C-C torsion / ring-site C-H out-of-plane bending,nu(C6-H20),bond,0.0002962435674848009,+,0.00041623097466738593,0.3287492466493157
14,397.5961207053004,,,mixed C-C torsion / ring-site C-H out-of-plane bending,nu(C1-H10),bond,0.00011310282285167116,-,-0.0002556534721814092,0.33270144145954433
14,397.5961207053004,,,mixed C-C torsion / ring-site C-H out-of-plane bending,nu(C3-H14),bond,0.00011278279765269256,-,-0.00025529276156580153,0.3326982298069487
14,397.5961207053004,,,mixed C-C torsion / ring-site C-H out-of-plane bending,nu(C9-H25),bond,8.320120265163205e-05,-,-0.00021408286510024493,0.34902008220261893
14,397.5961207053004,,,mixed C-C torsion / ring-site C-H out-of-plane bending,nu(C5-H18),bond,8.319308191421174e-05,-,-0.00021406951491440086,0.34902954612114734
14,397.5961207053004,,,mixed C-C torsion / ring-site C-H out-of-plane bending,delta(H15-C3-H16),angle,5.8443191854213197e-05,-,-0.000172733429216439,0.3765873833684418
14,397.5961207053004,,,mixed C-C torsion / ring-site C-H out-of-plane bending,nu(C1-H12),bond,4.476541597416417e-05,+,0.00016141100760507876,0.3303398418047025
14,397.5961207053004,,,mixed C-C torsion / ring-site C-H out-of-plane bending,nu(C3-H15),bond,4.004315422112016e-05,+,0.00015266449401937006,0.33032148604472367
15,498.4981780254565,,,mixed ring-site C-H out-of-plane bending / cyclic-ring out-of-plane deformation,tau(C9-C5-C6-H20),dihedral,22.94109468624101,+,0.15194294584225523,0.49971953559980403
15,498.4981780254565,,,mixed ring-site C-H out-of-plane bending / cyclic-ring out-of-plane deformation,tau(H23-C8-C9-C4),dihedral,17.15077295535461,+,0.13861723152159514,0.4488720156531896
15,498.4981780254565,,,mixed ring-site C-H out-of-plane bending / cyclic-ring out-of-plane deformation,tau(H17-C4-C9-C8),dihedral,8.766294412677446,-,-0.09701125369575023,0.4684304222796268
15,498.4981780254565,,,mixed ring-site C-H out-of-plane bending / cyclic-ring out-of-plane deformation,"gamma(C9;C4,C2,C5)",oop,8.324388298289076,-,-0.05675830858973072,1.2994713680163765
15,498.4981780254565,,,mixed ring-site C-H out-of-plane bending / cyclic-ring out-of-plane deformation,tau(C2-C4-C5-H18),dihedral,7.209700279448132,-,-0.10065130265139155,0.35789174837591814
15,498.4981780254565,,,mixed ring-site C-H out-of-plane bending / cyclic-ring out-of-plane deformation,tau(H20-C6-C7-C8),dihedral,5.9524996782802,-,-0.1095537065949144,0.24941266534876505
15,498.4981780254565,,,mixed ring-site C-H out-of-plane bending / cyclic-ring out-of-plane deformation,delta(C3-C2-C4),angle,3.5755446027812656,+,0.058692054760643264,0.5219835858024717
15,498.4981780254565,,,mixed ring-site C-H out-of-plane bending / cyclic-ring out-of-plane deformation,tau(H19-C6-C7-C8),dihedral,3.4557686349423666,-,-0.09752431638265993,0.18272253164280974
15,498.4981780254565,,,mixed ring-site C-H out-of-plane bending / cyclic-ring out-of-plane deformation,"gamma(C4;C5,C6,H18)",oop,3.4078726110505646,+,0.0671264655809752,0.38033742786902636
15,498.4981780254565,,,mixed ring-site C-H out-of-plane bending / cyclic-ring out-of-plane deformation,delta(C2-C4-C5),angle,2.320309921589361,+,0.060950535798932795,0.3140973094435254
15,498.4981780254565,,,mixed ring-site C-H out-of-plane bending / cyclic-ring out-of-plane deformation,"gamma(C4;C2,C3,H13)",oop,1.7450848653923579,+,0.05016872842666423,0.348677272053292
15,498.4981780254565,,,mixed ring-site C-H out-of-plane bending / cyclic-ring out-of-plane deformation,delta(C9-C8-H23),angle,1.5876507489246208,-,-0.04535400047124925,0.3881477265434133
15,498.4981780254565,,,mixed ring-site C-H out-of-plane bending / cyclic-ring out-of-plane deformation,delta(C4-C9-C8),angle,1.4849923762491295,+,0.03139285380099384,0.7577673759020244
15,498.4981780254565,,,mixed ring-site C-H out-of-plane bending / cyclic-ring out-of-plane deformation,nu(C4-C5),bond,1.4743271862312088,+,0.0368097354438929,0.5471945412726401
15,498.4981780254565,,,mixed ring-site C-H out-of-plane bending / cyclic-ring out-of-plane deformation,tau(H17-C4-C9-H25),dihedral,1.2920632856010992,-,-0.03299942616151322,0.5966838523581202
15,498.4981780254565,,,mixed ring-site C-H out-of-plane bending / cyclic-ring out-of-plane deformation,nu(C4-C9),bond,1.1166057811690595,-,-0.03673311085619509,0.41615750179357514
15,498.4981780254565,,,mixed ring-site C-H out-of-plane bending / cyclic-ring out-of-plane deformation,tau(H21-C7-C8-C9),dihedral,1.0804986401046606,-,-0.050189832218667636,0.21570788048823702
15,498.4981780254565,,,mixed ring-site C-H out-of-plane bending / cyclic-ring out-of-plane deformation,delta(C7-C8-H23),angle,1.0567931552965764,-,-0.024132739701593544,0.9125360055785439
15,498.4981780254565,,,mixed ring-site C-H out-of-plane bending / cyclic-ring out-of-plane deformation,"gamma(C5;C9,C4,H25)",oop,0.9917629724991551,-,-0.014217604896992734,2.4673359249773874
15,498.4981780254565,,,mixed ring-site C-H out-of-plane bending / cyclic-ring out-of-plane deformation,"gamma(H19;C6,C5,H20)",oop,0.9865536146045388,-,-0.031230256454007083,0.5086778952751276
15,498.4981780254565,,,mixed ring-site C-H out-of-plane bending / cyclic-ring out-of-plane deformation,delta(C7-C6-H19),angle,0.6751707601403484,+,0.024218896591291148,0.578866203893712
15,498.4981780254565,,,mixed ring-site C-H out-of-plane bending / cyclic-ring out-of-plane deformation,delta(C2-C1-H10),angle,0.6345438910561442,+,0.029092191947307423,0.3770353350204659
15,498.4981780254565,,,mixed ring-site C-H out-of-plane bending / cyclic-ring out-of-plane deformation,tau(C4-C2-C3-H14),dihedral,0.5789225217364569,+,0.032312073614184034,0.27884576993327614
15,498.4981780254565,,,mixed ring-site C-H out-of-plane bending / cyclic-ring out-of-plane deformation,nu(C2-C3),bond,0.32216414421967815,+,0.024549806323153418,0.2688155190040503
15,498.4981780254565,,,mixed ring-site C-H out-of-plane bending / cyclic-ring out-of-plane deformation,nu(C1-C2),bond,0.3212591015024397,-,-0.024514537770647556,0.26883220687743986
15,498.4981780254565,,,mixed ring-site C-H out-of-plane bending / cyclic-ring out-of-plane deformation,tau(C3-C2-C4-C5),dihedral,0.2997194554021351,+,0.07924134539518937,0.024004050308062942
15,498.4981780254565,,,mixed ring-site C-H out-of-plane bending / cyclic-ring out-of-plane deformation,"gamma(C7;C8,H23,H24)",oop,0.16181014322175985,-,-0.016451171639111205,0.300666713145669
15,498.4981780254565,,,mixed ring-site C-H out-of-plane bending / cyclic-ring out-of-plane deformation,delta(C2-C3-H15),angle,0.1429928860328523,+,0.012967815525017664,0.4276161102640135
15,498.4981780254565,,,mixed ring-site C-H out-of-plane bending / cyclic-ring out-of-plane deformation,delta(C6-C5-H18),angle,0.13577888666128488,+,0.015993070244264426,0.26695731673582873
15,498.4981780254565,,,mixed ring-site C-H out-of-plane bending / cyclic-ring out-of-plane deformation,delta(C2-C3-H16),angle,0.13397647809703506,+,0.014805730523583015,0.3073563220041683
15,498.4981780254565,,,mixed ring-site C-H out-of-plane bending / cyclic-ring out-of-plane deformation,delta(C3-C2-H13),angle,0.11713801280150345,-,-0.01565839718790692,0.24025725817088736
15,498.4981780254565,,,mixed ring-site C-H out-of-plane bending / cyclic-ring out-of-plane deformation,delta(C9-C4-H17),angle,0.11559754769832643,+,0.01576403135154174,0.23393075140123543
15,498.4981780254565,,,mixed ring-site C-H out-of-plane bending / cyclic-ring out-of-plane deformation,delta(C2-C1-H12),angle,0.10028217308280217,-,-0.01283802952729629,0.3059850941292659
15,498.4981780254565,,,mixed ring-site C-H out-of-plane bending / cyclic-ring out-of-plane deformation,tau(H12-C1-C2-C3),dihedral,0.07289339973563114,-,-0.014312189617942282,0.1789572584353189
15,498.4981780254565,,,mixed ring-site C-H out-of-plane bending / cyclic-ring out-of-plane deformation,tau(C1-C2-C3-H16),dihedral,0.07263982579756391,+,0.011536495584718457,0.2744733988296527
15,498.4981780254565,,,mixed ring-site C-H out-of-plane bending / cyclic-ring out-of-plane deformation,delta(C4-C9-H25),angle,0.07074406836254263,+,0.012698189669154859,0.22063768235437067
15,498.4981780254565,,,mixed ring-site C-H out-of-plane bending / cyclic-ring out-of-plane deformation,tau(H11-C1-C2-C3),dihedral,0.044487107296348576,+,0.011413239250425014,0.17174717389126995
15,498.4981780254565,,,mixed ring-site C-H out-of-plane bending / cyclic-ring out-of-plane deformation,"gamma(C6;C7,H21,H22)",oop,0.025419689313138597,+,0.007282043641009293,0.24106655312168962
15,498.4981780254565,,,mixed ring-site C-H out-of-plane bending / cyclic-ring out-of-plane deformation,delta(H15-C3-H16),angle,0.025160709833226907,+,0.005796491441518915,0.3765873833684418
15,498.4981780254565,,,mixed ring-site C-H out-of-plane bending / cyclic-ring out-of-plane deformation,delta(H14-C3-H16),angle,0.004833271257299202,-,-0.0025684675468176407,0.36843958035172164
15,498.4981780254565,,,mixed ring-site C-H out-of-plane bending / cyclic-ring out-of-plane deformation,nu(C8-C9),bond,0.0043523875898601365,-,-0.002645036108590253,0.3128510577221663
15,498.4981780254565,,,mixed ring-site C-H out-of-plane bending / cyclic-ring out-of-plane deformation,nu(C5-C6),bond,0.003951662146395545,+,0.002587895120867303,0.29672882571093184
15,498.4981780254565,,,mixed ring-site C-H out-of-plane bending / cyclic-ring out-of-plane deformation,delta(C8-C7-H22),angle,0.003242891643027438,+,0.002087587035130116,0.37421098329674723
15,498.4981780254565,,,mixed ring-site C-H out-of-plane bending / cyclic-ring out-of-plane deformation,"gamma(H11;C1,H10,H12)",oop,0.002145448205103099,-,-0.0022293831594968113,0.21708103153869004
15,498.4981780254565,,,mixed ring-site C-H out-of-plane bending / cyclic-ring out-of-plane deformation,delta(H14-C3-H15),angle,0.0020472076552416362,-,-0.0016679366887631128,0.3700633261945618
15,498.4981780254565,,,mixed ring-site C-H out-of-plane bending / cyclic-ring out-of-plane deformation,delta(H10-C1-H12),angle,0.001459535727762512,+,0.001678578282852372,0.2604982470330432
15,498.4981780254565,,,mixed ring-site C-H out-of-plane bending / cyclic-ring out-of-plane deformation,nu(C7-C8),bond,0.001344501006305681,+,0.0015356113716029492,0.28672909715516987
15,498.4981780254565,,,mixed ring-site C-H out-of-plane bending / cyclic-ring out-of-plane deformation,nu(C6-H19),bond,0.0012845821231003015,-,-0.0014028731836500537,0.32824515254734715
15,498.4981780254565,,,mixed ring-site C-H out-of-plane bending / cyclic-ring out-of-plane deformation,nu(C8-H23),bond,0.0012812452940727094,+,0.0014010744811116529,0.3282336573619821
15,498.4981780254565,,,mixed ring-site C-H out-of-plane bending / cyclic-ring out-of-plane deformation,nu(C6-C7),bond,0.0012468964468849402,-,-0.0014617568325445184,0.2934630298225203
15,498.4981780254565,,,mixed ring-site C-H out-of-plane bending / cyclic-ring out-of-plane deformation,nu(C3-H14),bond,0.00024636117818361327,+,0.0006102355838098502,0.3326982298069487
15,498.4981780254565,,,mixed ring-site C-H out-of-plane bending / cyclic-ring out-of-plane deformation,nu(C1-H10),bond,0.0002445398182033659,-,-0.0006079727141918119,0.33270144145954433
15,498.4981780254565,,,mixed ring-site C-H out-of-plane bending / cyclic-ring out-of-plane deformation,delta(H23-C8-H24),angle,0.00023627730300683356,-,-0.0007406248403091624,0.21662008978042366
15,498.4981780254565,,,mixed ring-site C-H out-of-plane bending / cyclic-ring out-of-plane deformation,nu(C9-H25),bond,0.00022997810504236122,+,0.0005756449176985897,0.34902008220261893
15,498.4981780254565,,,mixed ring-site C-H out-of-plane bending / cyclic-ring out-of-plane deformation,nu(C5-H18),bond,0.00022837216677553207,-,-0.000573623753939809,0.34902954612114734
15,498.4981780254565,,,mixed ring-site C-H out-of-plane bending / cyclic-ring out-of-plane deformation,nu(C3-H15),bond,0.00013935503964378697,-,-0.00046060597259264086,0.33032148604472367
15,498.4981780254565,,,mixed ring-site C-H out-of-plane bending / cyclic-ring out-of-plane deformation,nu(C1-H12),bond,0.0001382030951263964,+,0.00045868553419868146,0.3303398418047025
15,498.4981780254565,,,mixed ring-site C-H out-of-plane bending / cyclic-ring out-of-plane deformation,delta(C6-C7-C8),angle,2.7209224367559572e-05,+,0.00011620661392218917,1.013275969219078
15,498.4981780254565,,,mixed ring-site C-H out-of-plane bending / cyclic-ring out-of-plane deformation,nu(C2-C4),bond,2.7146473840316435e-05,+,0.00022307526958191732,0.27433666012197316
15,498.4981780254565,,,mixed ring-site C-H out-of-plane bending / cyclic-ring out-of-plane deformation,nu(C8-H24),bond,7.345851019359508e-06,+,0.00010599650387345283,0.3288003785530708
15,498.4981780254565,,,mixed ring-site C-H out-of-plane bending / cyclic-ring out-of-plane deformation,nu(C6-H20),bond,5.377848978423299e-06,-,-9.070026485439461e-05,0.3287492466493157
15,498.4981780254565,,,mixed ring-site C-H out-of-plane bending / cyclic-ring out-of-plane deformation,nu(C2-H13),bond,5.360935798910059e-07,+,2.8422376173601495e-05,0.3337283603614742
15,498.4981780254565,,,mixed ring-site C-H out-of-plane bending / cyclic-ring out-of-plane deformation,nu(C4-H17),bond,6.96538503954491e-08,-,-1.0191355384415002e-05,0.3372519822787753
15,498.4981780254565,,,mixed ring-site C-H out-of-plane bending / cyclic-ring out-of-plane deformation,delta(C1-C2-C3),angle,5.788059686008723e-08,-,-9.04748961617228e-06,0.3555904501026593
15,498.4981780254565,,,mixed ring-site C-H out-of-plane bending / cyclic-ring out-of-plane deformation,delta(H21-C7-H22),angle,1.336754356978662e-08,-,-4.9382780580479205e-06,0.2756600324984054
15,498.4981780254565,,,mixed ring-site C-H out-of-plane bending / cyclic-ring out-of-plane deformation,nu(C3-H16),bond,9.501852975008883e-09,+,3.7731267493199738e-06,0.3356439255063405
15,498.4981780254565,,,mixed ring-site C-H out-of-plane bending / cyclic-ring out-of-plane deformation,nu(C7-H21),bond,5.703847423115585e-09,-,-2.9359640882360673e-06,0.3327665744893832
15,498.4981780254565,,,mixed ring-site C-H out-of-plane bending / cyclic-ring out-of-plane deformation,nu(C1-H11),bond,2.1530353168423522e-09,-,-1.7960200481196753e-06,0.33566191504728254
15,498.4981780254565,,,mixed ring-site C-H out-of-plane bending / cyclic-ring out-of-plane deformation,nu(C7-H22),bond,1.7287891514498352e-09,+,1.6105660375775738e-06,0.3351646674336103
16,503.781980643367,,,mixed ring-site C-H out-of-plane bending / cyclic-ring out-of-plane deformation,"gamma(C9;C4,C2,C5)",oop,10.426323230270492,+,0.050507600197504623,1.2994713680163765
16,503.781980643367,,,mixed ring-site C-H out-of-plane bending / cyclic-ring out-of-plane deformation,tau(C9-C5-C6-H20),dihedral,8.098245169033477,+,0.07178055231807703,0.49971953559980403
16,503.781980643367,,,mixed ring-site C-H out-of-plane bending / cyclic-ring out-of-plane deformation,delta(C4-C9-C8),angle,7.112297037189587,-,-0.05462752072755284,0.7577673759020244
16,503.781980643367,,,mixed ring-site C-H out-of-plane bending / cyclic-ring out-of-plane deformation,tau(H23-C8-C9-C4),dihedral,6.871865570783936,-,-0.06976708238757806,0.4488720156531896
16,503.781980643367,,,mixed ring-site C-H out-of-plane bending / cyclic-ring out-of-plane deformation,"gamma(C4;C5,C6,H18)",oop,6.764254331822439,+,0.07519689892263594,0.38033742786902636
16,503.781980643367,,,mixed ring-site C-H out-of-plane bending / cyclic-ring out-of-plane deformation,tau(C2-C4-C5-H18),dihedral,6.4520547060508315,+,0.07570902915771795,0.35789174837591814
16,503.781980643367,,,mixed ring-site C-H out-of-plane bending / cyclic-ring out-of-plane deformation,tau(H20-C6-C7-C8),dihedral,5.9582200908576635,-,-0.08715122948784923,0.24941266534876505
16,503.781980643367,,,mixed ring-site C-H out-of-plane bending / cyclic-ring out-of-plane deformation,tau(C4-C2-C3-H14),dihedral,5.905108979056798,-,-0.08205526027770156,0.27884576993327614
16,503.781980643367,,,mixed ring-site C-H out-of-plane bending / cyclic-ring out-of-plane deformation,delta(C2-C4-C5),angle,5.079234857366588,+,0.07170369537793635,0.3140973094435254
16,503.781980643367,,,mixed ring-site C-H out-of-plane bending / cyclic-ring out-of-plane deformation,delta(C1-C2-C3),angle,4.282793100791373,+,0.061881809145015565,0.3555904501026593
16,503.781980643367,,,mixed ring-site C-H out-of-plane bending / cyclic-ring out-of-plane deformation,nu(C2-C4),bond,3.865248707669036,+,0.06693007282278637,0.27433666012197316
16,503.781980643367,,,mixed ring-site C-H out-of-plane bending / cyclic-ring out-of-plane deformation,tau(H17-C4-C9-H25),dihedral,3.522606303835633,-,-0.0433245849369947,0.5966838523581202
16,503.781980643367,,,mixed ring-site C-H out-of-plane bending / cyclic-ring out-of-plane deformation,tau(H19-C6-C7-C8),dihedral,3.3341104936658357,-,-0.07616727907343729,0.18272253164280974
16,503.781980643367,,,mixed ring-site C-H out-of-plane bending / cyclic-ring out-of-plane deformation,delta(C6-C7-C8),angle,3.053711497303234,+,0.030954559619239385,1.013275969219078
16,503.781980643367,,,mixed ring-site C-H out-of-plane bending / cyclic-ring out-of-plane deformation,delta(C9-C8-H23),angle,2.3473131159107443,+,0.043849181244586574,0.3881477265434133
16,503.781980643367,,,mixed ring-site C-H out-of-plane bending / cyclic-ring out-of-plane deformation,"gamma(H19;C6,C5,H20)",oop,2.050069303174234,-,-0.03579623394991215,0.5086778952751276
16,503.781980643367,,,mixed ring-site C-H out-of-plane bending / cyclic-ring out-of-plane deformation,delta(C7-C8-H23),angle,1.5534336026797562,+,0.023264613518426264,0.9125360055785439
16,503.781980643367,,,mixed ring-site C-H out-of-plane bending / cyclic-ring out-of-plane deformation,nu(C4-C5),bond,1.5303620939381188,+,0.02981952499095313,0.5471945412726401
16,503.781980643367,,,mixed ring-site C-H out-of-plane bending / cyclic-ring out-of-plane deformation,nu(C1-C2),bond,1.2100722872995222,+,0.037830275853294855,0.26883220687743986
16,503.781980643367,,,mixed ring-site C-H out-of-plane bending / cyclic-ring out-of-plane deformation,nu(C2-C3),bond,1.199948905174208,+,0.037672870045177186,0.2688155190040503
16,503.781980643367,,,mixed ring-site C-H out-of-plane bending / cyclic-ring out-of-plane deformation,nu(C4-C9),bond,1.1917265495172382,+,0.030174073420067875,0.41615750179357514
16,503.781980643367,,,mixed ring-site C-H out-of-plane bending / cyclic-ring out-of-plane deformation,tau(H17-C4-C9-C8),dihedral,1.0287890986447479,+,0.026425008141261752,0.4684304222796268
16,503.781980643367,,,mixed ring-site C-H out-of-plane bending / cyclic-ring out-of-plane deformation,delta(C7-C6-H19),angle,0.9698242790241359,+,0.023079793989676117,0.578866203893712
16,503.781980643367,,,mixed ring-site C-H out-of-plane bending / cyclic-ring out-of-plane deformation,delta(C9-C4-H17),angle,0.8803053836883585,-,-0.03458975773832234,0.23393075140123543
16,503.781980643367,,,mixed ring-site C-H out-of-plane bending / cyclic-ring out-of-plane deformation,delta(C3-C2-H13),angle,0.8593821687044054,-,-0.033723249069032665,0.24025725817088736
16,503.781980643367,,,mixed ring-site C-H out-of-plane bending / cyclic-ring out-of-plane deformation,delta(C2-C3-H15),angle,0.8447472747140037,+,0.025061719769863447,0.4276161102640135
16,503.781980643367,,,mixed ring-site C-H out-of-plane bending / cyclic-ring out-of-plane deformation,delta(C2-C3-H16),angle,0.7328729332026237,-,-0.027533902182336405,0.3073563220041683
16,503.781980643367,,,mixed ring-site C-H out-of-plane bending / cyclic-ring out-of-plane deformation,delta(C2-C1-H12),angle,0.6042939456338792,+,0.02505812004707831,0.3059850941292659
16,503.781980643367,,,mixed ring-site C-H out-of-plane bending / cyclic-ring out-of-plane deformation,delta(C6-C5-H18),angle,0.4006222354606949,+,0.021843443823008277,0.26695731673582873
16,503.781980643367,,,mixed ring-site C-H out-of-plane bending / cyclic-ring out-of-plane deformation,delta(C8-C7-H22),angle,0.342664925651774,-,-0.017062829883305403,0.37421098329674723
16,503.781980643367,,,mixed ring-site C-H out-of-plane bending / cyclic-ring out-of-plane deformation,"gamma(C4;C2,C3,H13)",oop,0.27343167913900446,-,-0.015790180488779275,0.348677272053292
16,503.781980643367,,,mixed ring-site C-H out-of-plane bending / cyclic-ring out-of-plane deformation,nu(C8-C9),bond,0.2367879724759684,-,-0.015512632530127728,0.3128510577221663
16,503.781980643367,,,mixed ring-site C-H out-of-plane bending / cyclic-ring out-of-plane deformation,nu(C5-C6),bond,0.22435906452536167,-,-0.015504809711750962,0.29672882571093184
16,503.781980643367,,,mixed ring-site C-H out-of-plane bending / cyclic-ring out-of-plane deformation,"gamma(C6;C7,H21,H22)",oop,0.18098512123812538,-,-0.015449963461708266,0.24106655312168962
16,503.781980643367,,,mixed ring-site C-H out-of-plane bending / cyclic-ring out-of-plane deformation,tau(C1-C2-C3-H16),dihedral,0.12722826625622102,-,-0.012139929751151095,0.2744733988296527
16,503.781980643367,,,mixed ring-site C-H out-of-plane bending / cyclic-ring out-of-plane deformation,"gamma(C7;C8,H23,H24)",oop,0.12025615384115042,+,0.011276789640869912,0.300666713145669
16,503.781980643367,,,mixed ring-site C-H out-of-plane bending / cyclic-ring out-of-plane deformation,tau(H11-C1-C2-C3),dihedral,0.07899426598617271,+,0.012092817076678256,0.17174717389126995
16,503.781980643367,,,mixed ring-site C-H out-of-plane bending / cyclic-ring out-of-plane deformation,tau(H12-C1-C2-C3),dihedral,0.043275109298178654,+,0.008768371201568325,0.1789572584353189
16,503.781980643367,,,mixed ring-site C-H out-of-plane bending / cyclic-ring out-of-plane deformation,delta(H14-C3-H16),angle,0.0334692467859315,-,-0.0053742062438850375,0.36843958035172164
16,503.781980643367,,,mixed ring-site C-H out-of-plane bending / cyclic-ring out-of-plane deformation,nu(C7-C8),bond,0.033160090063140836,+,0.006063822307333522,0.28672909715516987
16,503.781980643367,,,mixed ring-site C-H out-of-plane bending / cyclic-ring out-of-plane deformation,nu(C6-C7),bond,0.03312515344749739,+,0.005990688666853878,0.2934630298225203
16,503.781980643367,,,mixed ring-site C-H out-of-plane bending / cyclic-ring out-of-plane deformation,delta(C2-C1-H10),angle,0.028569169768389795,+,0.004908313371289506,0.3770353350204659
16,503.781980643367,,,mixed ring-site C-H out-of-plane bending / cyclic-ring out-of-plane deformation,delta(H14-C3-H15),angle,0.023380551617030218,+,0.004481917435827384,0.3700633261945618
16,503.781980643367,,,mixed ring-site C-H out-of-plane bending / cyclic-ring out-of-plane deformation,delta(H10-C1-H12),angle,0.01662320563027107,+,0.0045043225801933194,0.2604982470330432
16,503.781980643367,,,mixed ring-site C-H out-of-plane bending / cyclic-ring out-of-plane deformation,"gamma(H11;C1,H10,H12)",oop,0.014035826065462125,-,-0.004534010795011003,0.21708103153869004
16,503.781980643367,,,mixed ring-site C-H out-of-plane bending / cyclic-ring out-of-plane deformation,tau(H21-C7-C8-C9),dihedral,0.011670543826423864,+,0.004147506166584871,0.21570788048823702
16,503.781980643367,,,mixed ring-site C-H out-of-plane bending / cyclic-ring out-of-plane deformation,delta(C3-C2-C4),angle,0.009827033683076756,+,0.002446568040976638,0.5219835858024717
16,503.781980643367,,,mixed ring-site C-H out-of-plane bending / cyclic-ring out-of-plane deformation,tau(C3-C2-C4-C5),dihedral,0.009367361995271916,+,0.01113886362627054,0.024004050308062942
16,503.781980643367,,,mixed ring-site C-H out-of-plane bending / cyclic-ring out-of-plane deformation,nu(C2-H13),bond,0.007960679043845573,+,0.0027539306473028193,0.3337283603614742
16,503.781980643367,,,mixed ring-site C-H out-of-plane bending / cyclic-ring out-of-plane deformation,delta(H23-C8-H24),angle,0.007643516581233478,+,0.003349436429443474,0.21662008978042366
16,503.781980643367,,,mixed ring-site C-H out-of-plane bending / cyclic-ring out-of-plane deformation,delta(H21-C7-H22),angle,0.0028464274395663468,-,-0.0018119143161693292,0.2756600324984054
16,503.781980643367,,,mixed ring-site C-H out-of-plane bending / cyclic-ring out-of-plane deformation,delta(H15-C3-H16),angle,0.002506109871365676,-,-0.001454593591432284,0.3765873833684418
16,503.781980643367,,,mixed ring-site C-H out-of-plane bending / cyclic-ring out-of-plane deformation,delta(C4-C9-H25),angle,0.0011199966158047699,+,0.0012704073888621307,0.22063768235437067
16,503.781980643367,,,mixed ring-site C-H out-of-plane bending / cyclic-ring out-of-plane deformation,nu(C7-H21),bond,0.0010416379825606411,-,-0.0009976151942534526,0.3327665744893832
16,503.781980643367,,,mixed ring-site C-H out-of-plane bending / cyclic-ring out-of-plane deformation,nu(C5-H18),bond,0.0007032602185309927,+,0.0008003895847412812,0.34902954612114734
16,503.781980643367,,,mixed ring-site C-H out-of-plane bending / cyclic-ring out-of-plane deformation,nu(C9-H25),bond,0.0006947632465857456,+,0.0007955504193173807,0.34902008220261893
16,503.781980643367,,,mixed ring-site C-H out-of-plane bending / cyclic-ring out-of-plane deformation,nu(C8-H23),bond,0.0005942397072662315,-,-0.000758688982423252,0.3282336573619821
16,503.781980643367,,,mixed ring-site C-H out-of-plane bending / cyclic-ring out-of-plane deformation,nu(C6-H19),bond,0.0005845536277184356,-,-0.0007524671044603985,0.32824515254734715
16,503.781980643367,,,mixed ring-site C-H out-of-plane bending / cyclic-ring out-of-plane deformation,nu(C1-H12),bond,0.00046950732427495604,-,-0.0006722258466884738,0.3303398418047025
16,503.781980643367,,,mixed ring-site C-H out-of-plane bending / cyclic-ring out-of-plane deformation,nu(C3-H15),bond,0.000462709743793683,-,-0.00066736036484013,0.33032148604472367
16,503.781980643367,,,mixed ring-site C-H out-of-plane bending / cyclic-ring out-of-plane deformation,nu(C7-H22),bond,0.0004542796895600049,-,-0.0006564581500958827,0.3351646674336103
16,503.781980643367,,,mixed ring-site C-H out-of-plane bending / cyclic-ring out-of-plane deformation,nu(C3-H16),bond,0.00043560137845021743,+,0.0006423618291352012,0.3356439255063405
16,503.781980643367,,,mixed ring-site C-H out-of-plane bending / cyclic-ring out-of-plane deformation,nu(C1-H11),bond,0.00043344284177155863,+,0.0006407511329653558,0.33566191504728254
16,503.781980643367,,,mixed ring-site C-H out-of-plane bending / cyclic-ring out-of-plane deformation,nu(C1-H10),bond,0.00036299520519801555,+,0.0005889760054628905,0.33270144145954433
16,503.781980643367,,,mixed ring-site C-H out-of-plane bending / cyclic-ring out-of-plane deformation,nu(C3-H14),bond,0.00036014182812340423,+,0.0005866594038456002,0.3326982298069487
16,503.781980643367,,,mixed ring-site C-H out-of-plane bending / cyclic-ring out-of-plane deformation,"gamma(C5;C9,C4,H25)",oop,0.00023896470513050632,+,0.00017547984355055239,2.4673359249773874
16,503.781980643367,,,mixed ring-site C-H out-of-plane bending / cyclic-ring out-of-plane deformation,nu(C6-H20),bond,2.0618151056365246e-05,+,0.00014121049475782836,0.3287492466493157
16,503.781980643367,,,mixed ring-site C-H out-of-plane bending / cyclic-ring out-of-plane deformation,nu(C8-H24),bond,1.8188980433239304e-05,+,0.0001326210685259486,0.3288003785530708
16,503.781980643367,,,mixed ring-site C-H out-of-plane bending / cyclic-ring out-of-plane deformation,nu(C4-H17),bond,3.720596777483399e-07,-,-1.8728523770147067e-05,0.3372519822787753
17,667.1156562180665,,,mixed cyclic-ring deformation (C-C-C bend) / ring-site C-H out-of-plane bending / ring-site C-H in-plane bending,delta(C6-C7-C8),angle,27.55895880719056,-,-0.10542937694133304,1.013275969219078
17,667.1156562180665,,,mixed cyclic-ring deformation (C-C-C bend) / ring-site C-H out-of-plane bending / ring-site C-H in-plane bending,tau(H21-C7-C8-C9),dihedral,13.31330616495884,+,0.1588195871279642,0.21570788048823702
17,667.1156562180665,,,mixed cyclic-ring deformation (C-C-C bend) / ring-site C-H out-of-plane bending / ring-site C-H in-plane bending,tau(C9-C5-C6-H20),dihedral,8.039386440127517,-,-0.08108535030996639,0.49971953559980403
17,667.1156562180665,,,mixed cyclic-ring deformation (C-C-C bend) / ring-site C-H out-of-plane bending / ring-site C-H in-plane bending,delta(C7-C8-H23),angle,7.596811527543572,-,-0.05832903345953542,0.9125360055785439
17,667.1156562180665,,,mixed cyclic-ring deformation (C-C-C bend) / ring-site C-H out-of-plane bending / ring-site C-H in-plane bending,delta(C8-C7-H22),angle,6.431266214981648,+,0.08380773184313667,0.37421098329674723
17,667.1156562180665,,,mixed cyclic-ring deformation (C-C-C bend) / ring-site C-H out-of-plane bending / ring-site C-H in-plane bending,delta(C4-C9-C8),angle,5.217325796322137,-,-0.053045693963661135,0.7577673759020244
17,667.1156562180665,,,mixed cyclic-ring deformation (C-C-C bend) / ring-site C-H out-of-plane bending / ring-site C-H in-plane bending,delta(C7-C6-H19),angle,4.793093466140363,-,-0.05817186133736624,0.578866203893712
17,667.1156562180665,,,mixed cyclic-ring deformation (C-C-C bend) / ring-site C-H out-of-plane bending / ring-site C-H in-plane bending,"gamma(H19;C6,C5,H20)",oop,3.0128416252249948,+,0.04919951564554753,0.5086778952751276
17,667.1156562180665,,,mixed cyclic-ring deformation (C-C-C bend) / ring-site C-H out-of-plane bending / ring-site C-H in-plane bending,nu(C2-C4),bond,2.604041609467092,+,0.06228394963834219,0.27433666012197316
17,667.1156562180665,,,mixed cyclic-ring deformation (C-C-C bend) / ring-site C-H out-of-plane bending / ring-site C-H in-plane bending,"gamma(C4;C5,C6,H18)",oop,2.060549011861881,+,0.04705448782710083,0.38033742786902636
17,667.1156562180665,,,mixed cyclic-ring deformation (C-C-C bend) / ring-site C-H out-of-plane bending / ring-site C-H in-plane bending,tau(H17-C4-C9-H25),dihedral,1.9833914723467923,-,-0.036857526545586994,0.5966838523581202
17,667.1156562180665,,,mixed cyclic-ring deformation (C-C-C bend) / ring-site C-H out-of-plane bending / ring-site C-H in-plane bending,"gamma(C6;C7,H21,H22)",oop,1.6314669952693703,+,0.05259140529789549,0.24106655312168962
17,667.1156562180665,,,mixed cyclic-ring deformation (C-C-C bend) / ring-site C-H out-of-plane bending / ring-site C-H in-plane bending,nu(C4-C5),bond,1.5210535973937531,+,0.03370508985862065,0.5471945412726401
17,667.1156562180665,,,mixed cyclic-ring deformation (C-C-C bend) / ring-site C-H out-of-plane bending / ring-site C-H in-plane bending,"gamma(C9;C4,C2,C5)",oop,1.511566905127617,+,0.02180341085754087,1.2994713680163765
17,667.1156562180665,,,mixed cyclic-ring deformation (C-C-C bend) / ring-site C-H out-of-plane bending / ring-site C-H in-plane bending,tau(C1-C2-C3-H16),dihedral,1.4327906281351632,-,-0.046188658053351844,0.2744733988296527
17,667.1156562180665,,,mixed cyclic-ring deformation (C-C-C bend) / ring-site C-H out-of-plane bending / ring-site C-H in-plane bending,delta(C3-C2-C4),angle,1.1914847610934325,-,-0.030542876177505878,0.5219835858024717
17,667.1156562180665,,,mixed cyclic-ring deformation (C-C-C bend) / ring-site C-H out-of-plane bending / ring-site C-H in-plane bending,nu(C4-C9),bond,1.149643935921686,+,0.03360059138428096,0.41615750179357514
17,667.1156562180665,,,mixed cyclic-ring deformation (C-C-C bend) / ring-site C-H out-of-plane bending / ring-site C-H in-plane bending,tau(H11-C1-C2-C3),dihedral,0.896791656706427,+,0.0461950124533116,0.17174717389126995
17,667.1156562180665,,,mixed cyclic-ring deformation (C-C-C bend) / ring-site C-H out-of-plane bending / ring-site C-H in-plane bending,delta(C2-C1-H10),angle,0.792556772427201,+,0.029310165635020747,0.3770353350204659
17,667.1156562180665,,,mixed cyclic-ring deformation (C-C-C bend) / ring-site C-H out-of-plane bending / ring-site C-H in-plane bending,tau(H23-C8-C9-C4),dihedral,0.7262170311078012,+,0.02571378795049441,0.4488720156531896
17,667.1156562180665,,,mixed cyclic-ring deformation (C-C-C bend) / ring-site C-H out-of-plane bending / ring-site C-H in-plane bending,tau(C4-C2-C3-H14),dihedral,0.6853099179140425,+,0.03169243343698675,0.27884576993327614
17,667.1156562180665,,,mixed cyclic-ring deformation (C-C-C bend) / ring-site C-H out-of-plane bending / ring-site C-H in-plane bending,delta(C9-C8-H23),angle,0.6841583915550198,-,-0.026839468691600355,0.3881477265434133
17,667.1156562180665,,,mixed cyclic-ring deformation (C-C-C bend) / ring-site C-H out-of-plane bending / ring-site C-H in-plane bending,delta(C4-C9-H25),angle,0.5848812506314938,+,0.03291456463457178,0.22063768235437067
17,667.1156562180665,,,mixed cyclic-ring deformation (C-C-C bend) / ring-site C-H out-of-plane bending / ring-site C-H in-plane bending,delta(C2-C3-H15),angle,0.5613299452040799,-,-0.02316200680452888,0.4276161102640135
17,667.1156562180665,,,mixed cyclic-ring deformation (C-C-C bend) / ring-site C-H out-of-plane bending / ring-site C-H in-plane bending,"gamma(C7;C8,H23,H24)",oop,0.5091168161303052,-,-0.02630632339042177,0.300666713145669
17,667.1156562180665,,,mixed cyclic-ring deformation (C-C-C bend) / ring-site C-H out-of-plane bending / ring-site C-H in-plane bending,nu(C1-C2),bond,0.4270333044565503,+,0.025479114683791663,0.26883220687743986
17,667.1156562180665,,,mixed cyclic-ring deformation (C-C-C bend) / ring-site C-H out-of-plane bending / ring-site C-H in-plane bending,nu(C2-C3),bond,0.42590296233025027,+,0.02544616098252892,0.2688155190040503
17,667.1156562180665,,,mixed cyclic-ring deformation (C-C-C bend) / ring-site C-H out-of-plane bending / ring-site C-H in-plane bending,delta(C2-C1-H12),angle,0.40038966856234853,-,-0.023125195060587585,0.3059850941292659
17,667.1156562180665,,,mixed cyclic-ring deformation (C-C-C bend) / ring-site C-H out-of-plane bending / ring-site C-H in-plane bending,nu(C8-C9),bond,0.3026989529692392,+,0.019885236211853577,0.3128510577221663
17,667.1156562180665,,,mixed cyclic-ring deformation (C-C-C bend) / ring-site C-H out-of-plane bending / ring-site C-H in-plane bending,delta(C3-C2-H13),angle,0.29228463694355417,+,0.022297637190166718,0.24025725817088736
17,667.1156562180665,,,mixed cyclic-ring deformation (C-C-C bend) / ring-site C-H out-of-plane bending / ring-site C-H in-plane bending,nu(C5-C6),bond,0.2913179074355263,+,0.02003077859353992,0.29672882571093184
17,667.1156562180665,,,mixed cyclic-ring deformation (C-C-C bend) / ring-site C-H out-of-plane bending / ring-site C-H in-plane bending,tau(H20-C6-C7-C8),dihedral,0.2622211413758622,+,0.020728539746902613,0.24941266534876505
17,667.1156562180665,,,mixed cyclic-ring deformation (C-C-C bend) / ring-site C-H out-of-plane bending / ring-site C-H in-plane bending,tau(H12-C1-C2-C3),dihedral,0.19304205068252697,+,0.020996427705717073,0.1789572584353189
17,667.1156562180665,,,mixed cyclic-ring deformation (C-C-C bend) / ring-site C-H out-of-plane bending / ring-site C-H in-plane bending,tau(C2-C4-C5-H18),dihedral,0.19170500936875814,+,0.014795682277875375,0.35789174837591814
17,667.1156562180665,,,mixed cyclic-ring deformation (C-C-C bend) / ring-site C-H out-of-plane bending / ring-site C-H in-plane bending,tau(H17-C4-C9-C8),dihedral,0.1872504365410458,+,0.01278153406354009,0.4684304222796268
17,667.1156562180665,,,mixed cyclic-ring deformation (C-C-C bend) / ring-site C-H out-of-plane bending / ring-site C-H in-plane bending,delta(C9-C4-H17),angle,0.16747280292834596,+,0.017104980966862728,0.23393075140123543
17,667.1156562180665,,,mixed cyclic-ring deformation (C-C-C bend) / ring-site C-H out-of-plane bending / ring-site C-H in-plane bending,delta(H21-C7-H22),angle,0.15590142956573658,+,0.01520310363395787,0.2756600324984054
17,667.1156562180665,,,mixed cyclic-ring deformation (C-C-C bend) / ring-site C-H out-of-plane bending / ring-site C-H in-plane bending,delta(H23-C8-H24),angle,0.047224943344707476,-,-0.009439097361090559,0.21662008978042366
17,667.1156562180665,,,mixed cyclic-ring deformation (C-C-C bend) / ring-site C-H out-of-plane bending / ring-site C-H in-plane bending,delta(H15-C3-H16),angle,0.029357674189847603,-,-0.005644455440336775,0.3765873833684418
17,667.1156562180665,,,mixed cyclic-ring deformation (C-C-C bend) / ring-site C-H out-of-plane bending / ring-site C-H in-plane bending,delta(C2-C4-C5),angle,0.02232030076701134,+,0.005389047626692486,0.3140973094435254
17,667.1156562180665,,,mixed cyclic-ring deformation (C-C-C bend) / ring-site C-H out-of-plane bending / ring-site C-H in-plane bending,delta(C1-C2-C3),angle,0.022048480197936007,+,0.005033944159561195,0.3555904501026593
17,667.1156562180665,,,mixed cyclic-ring deformation (C-C-C bend) / ring-site C-H out-of-plane bending / ring-site C-H in-plane bending,"gamma(C4;C2,C3,H13)",oop,0.02193146013232455,-,-0.0050700945952171644,0.348677272053292
17,667.1156562180665,,,mixed cyclic-ring deformation (C-C-C bend) / ring-site C-H out-of-plane bending / ring-site C-H in-plane bending,tau(H19-C6-C7-C8),dihedral,0.020961026268397555,-,-0.006847063063770482,0.18272253164280974
17,667.1156562180665,,,mixed cyclic-ring deformation (C-C-C bend) / ring-site C-H out-of-plane bending / ring-site C-H in-plane bending,delta(C2-C3-H16),angle,0.011960871000921637,-,-0.0039879934528680265,0.3073563220041683
17,667.1156562180665,,,mixed cyclic-ring deformation (C-C-C bend) / ring-site C-H out-of-plane bending / ring-site C-H in-plane bending,delta(H14-C3-H16),angle,0.00913952827754178,+,0.00318399853782627,0.36843958035172164
17,667.1156562180665,,,mixed cyclic-ring deformation (C-C-C bend) / ring-site C-H out-of-plane bending / ring-site C-H in-plane bending,tau(C3-C2-C4-C5),dihedral,0.008243416890345164,+,0.011846920563294375,0.024004050308062942
17,667.1156562180665,,,mixed cyclic-ring deformation (C-C-C bend) / ring-site C-H out-of-plane bending / ring-site C-H in-plane bending,nu(C6-H20),bond,0.004246373003133456,-,-0.00229758081185575,0.3287492466493157
17,667.1156562180665,,,mixed cyclic-ring deformation (C-C-C bend) / ring-site C-H out-of-plane bending / ring-site C-H in-plane bending,nu(C8-H24),bond,0.004224848327327219,-,-0.002291572043782755,0.3288003785530708
17,667.1156562180665,,,mixed cyclic-ring deformation (C-C-C bend) / ring-site C-H out-of-plane bending / ring-site C-H in-plane bending,"gamma(H11;C1,H10,H12)",oop,0.0028504672915453484,-,-0.0023165474554412624,0.21708103153869004
17,667.1156562180665,,,mixed cyclic-ring deformation (C-C-C bend) / ring-site C-H out-of-plane bending / ring-site C-H in-plane bending,nu(C7-C8),bond,0.0023924466502212023,-,-0.0018466277437732138,0.28672909715516987
17,667.1156562180665,,,mixed cyclic-ring deformation (C-C-C bend) / ring-site C-H out-of-plane bending / ring-site C-H in-plane bending,nu(C6-C7),bond,0.0021568482521943625,-,-0.0017331142996398444,0.2934630298225203
17,667.1156562180665,,,mixed cyclic-ring deformation (C-C-C bend) / ring-site C-H out-of-plane bending / ring-site C-H in-plane bending,nu(C5-H18),bond,0.0011178113347494476,+,0.0011440559575025292,0.34902954612114734
17,667.1156562180665,,,mixed cyclic-ring deformation (C-C-C bend) / ring-site C-H out-of-plane bending / ring-site C-H in-plane bending,nu(C9-H25),bond,0.0011157002386119896,+,0.0011429906122756707,0.34902008220261893
17,667.1156562180665,,,mixed cyclic-ring deformation (C-C-C bend) / ring-site C-H out-of-plane bending / ring-site C-H in-plane bending,nu(C7-H22),bond,0.000543407238974272,+,0.0008140061828259761,0.3351646674336103
17,667.1156562180665,,,mixed cyclic-ring deformation (C-C-C bend) / ring-site C-H out-of-plane bending / ring-site C-H in-plane bending,nu(C8-H23),bond,0.0003600871924277312,+,0.0006695860391371178,0.3282336573619821
17,667.1156562180665,,,mixed cyclic-ring deformation (C-C-C bend) / ring-site C-H out-of-plane bending / ring-site C-H in-plane bending,nu(C6-H19),bond,0.00035501777322609937,+,0.0006648443706716917,0.32824515254734715
17,667.1156562180665,,,mixed cyclic-ring deformation (C-C-C bend) / ring-site C-H out-of-plane bending / ring-site C-H in-plane bending,delta(C6-C5-H18),angle,0.0002595499486861803,-,-0.0006303527736322803,0.26695731673582873
17,667.1156562180665,,,mixed cyclic-ring deformation (C-C-C bend) / ring-site C-H out-of-plane bending / ring-site C-H in-plane bending,nu(C7-H21),bond,0.000253775727534916,+,0.0005582764412081141,0.3327665744893832
17,667.1156562180665,,,mixed cyclic-ring deformation (C-C-C bend) / ring-site C-H out-of-plane bending / ring-site C-H in-plane bending,nu(C4-H17),bond,0.00019292135354219856,-,-0.00048351171749678356,0.3372519822787753
17,667.1156562180665,,,mixed cyclic-ring deformation (C-C-C bend) / ring-site C-H out-of-plane bending / ring-site C-H in-plane bending,nu(C3-H16),bond,4.4122127808289e-05,+,0.0002317837243759557,0.3356439255063405
17,667.1156562180665,,,mixed cyclic-ring deformation (C-C-C bend) / ring-site C-H out-of-plane bending / ring-site C-H in-plane bending,nu(C1-H11),bond,4.349642524898354e-05,+,0.00023012820905919182,0.33566191504728254
17,667.1156562180665,,,mixed cyclic-ring deformation (C-C-C bend) / ring-site C-H out-of-plane bending / ring-site C-H in-plane bending,nu(C1-H10),bond,3.6788786057789606e-05,+,0.0002125810246885914,0.33270144145954433
17,667.1156562180665,,,mixed cyclic-ring deformation (C-C-C bend) / ring-site C-H out-of-plane bending / ring-site C-H in-plane bending,nu(C3-H14),bond,3.574066640280162e-05,+,0.00020953191709859075,0.3326982298069487
17,667.1156562180665,,,mixed cyclic-ring deformation (C-C-C bend) / ring-site C-H out-of-plane bending / ring-site C-H in-plane bending,"gamma(C5;C9,C4,H25)",oop,6.036798441022282e-06,-,-3.162156102347448e-05,2.4673359249773874
17,667.1156562180665,,,mixed cyclic-ring deformation (C-C-C bend) / ring-site C-H out-of-plane bending / ring-site C-H in-plane bending,delta(H14-C3-H15),angle,5.852916939552975e-06,-,-8.039744831109861e-05,0.3700633261945618
17,667.1156562180665,,,mixed cyclic-ring deformation (C-C-C bend) / ring-site C-H out-of-plane bending / ring-site C-H in-plane bending,nu(C2-H13),bond,5.291854056570588e-06,-,-8.050103803092095e-05,0.3337283603614742
17,667.1156562180665,,,mixed cyclic-ring deformation (C-C-C bend) / ring-site C-H out-of-plane bending / ring-site C-H in-plane bending,delta(H10-C1-H12),angle,3.927582803991817e-06,-,-7.849723892148403e-05,0.2604982470330432
17,667.1156562180665,,,mixed cyclic-ring deformation (C-C-C bend) / ring-site C-H out-of-plane bending / ring-site C-H in-plane bending,nu(C1-H12),bond,4.6829349417758664e-07,+,2.4069811690967545e-05,0.3303398418047025
17,667.1156562180665,,,mixed cyclic-ring deformation (C-C-C bend) / ring-site C-H out-of-plane bending / ring-site C-H in-plane bending,nu(C3-H15),bond,2.752050255036954e-07,+,1.845244319184384e-05,0.33032148604472367
18,696.2015426138029,,,mixed ring-site C-H out-of-plane bending / cyclic-ring out-of-plane deformation,tau(H17-C4-C9-C8),dihedral,24.82264992697319,+,0.14140990522544017,0.4684304222796268
18,696.2015426138029,,,mixed ring-site C-H out-of-plane bending / cyclic-ring out-of-plane deformation,"gamma(C9;C4,C2,C5)",oop,10.60139160580576,-,-0.055485101835059426,1.2994713680163765
18,696.2015426138029,,,mixed ring-site C-H out-of-plane bending / cyclic-ring out-of-plane deformation,delta(C4-C9-C8),angle,9.027317011616983,+,0.06704859803706432,0.7577673759020244
18,696.2015426138029,,,mixed ring-site C-H out-of-plane bending / cyclic-ring out-of-plane deformation,tau(C2-C4-C5-H18),dihedral,6.815694426846433,-,-0.08477299349442614,0.35789174837591814
18,696.2015426138029,,,mixed ring-site C-H out-of-plane bending / cyclic-ring out-of-plane deformation,delta(C7-C8-H23),angle,5.131242268405863,+,0.04606430909473544,0.9125360055785439
18,696.2015426138029,,,mixed ring-site C-H out-of-plane bending / cyclic-ring out-of-plane deformation,"gamma(C4;C5,C6,H18)",oop,4.3896839945044155,-,-0.06599490413702223,0.38033742786902636
18,696.2015426138029,,,mixed ring-site C-H out-of-plane bending / cyclic-ring out-of-plane deformation,tau(H17-C4-C9-H25),dihedral,4.152474115677142,+,0.05124595970537847,0.5966838523581202
18,696.2015426138029,,,mixed ring-site C-H out-of-plane bending / cyclic-ring out-of-plane deformation,delta(C7-C6-H19),angle,3.243679027236248,-,-0.04598414811142697,0.578866203893712
18,696.2015426138029,,,mixed ring-site C-H out-of-plane bending / cyclic-ring out-of-plane deformation,"gamma(C7;C8,H23,H24)",oop,2.996564438118711,+,0.06132639584021952,0.300666713145669
18,696.2015426138029,,,mixed ring-site C-H out-of-plane bending / cyclic-ring out-of-plane deformation,delta(C2-C4-C5),angle,2.910615967034692,+,0.05913418993390869,0.3140973094435254
18,696.2015426138029,,,mixed ring-site C-H out-of-plane bending / cyclic-ring out-of-plane deformation,delta(C4-C9-H25),angle,2.588723203855346,-,-0.06653976627936217,0.22063768235437067
18,696.2015426138029,,,mixed ring-site C-H out-of-plane bending / cyclic-ring out-of-plane deformation,tau(H20-C6-C7-C8),dihedral,2.5600563520498554,+,0.06223630738285548,0.24941266534876505
18,696.2015426138029,,,mixed ring-site C-H out-of-plane bending / cyclic-ring out-of-plane deformation,delta(C3-C2-C4),angle,2.0901877066046097,+,0.0388725049556825,0.5219835858024717
18,696.2015426138029,,,mixed ring-site C-H out-of-plane bending / cyclic-ring out-of-plane deformation,nu(C4-C5),bond,1.5412272309277812,-,-0.03260173890310404,0.5471945412726401
18,696.2015426138029,,,mixed ring-site C-H out-of-plane bending / cyclic-ring out-of-plane deformation,tau(H23-C8-C9-C4),dihedral,1.4340878434722062,-,-0.03472201481955873,0.4488720156531896
18,696.2015426138029,,,mixed ring-site C-H out-of-plane bending / cyclic-ring out-of-plane deformation,nu(C6-C7),bond,1.3779156337307819,+,0.042093294861680765,0.2934630298225203
18,696.2015426138029,,,mixed ring-site C-H out-of-plane bending / cyclic-ring out-of-plane deformation,nu(C7-C8),bond,1.351889198404566,-,-0.04218062123152146,0.28672909715516987
18,696.2015426138029,,,mixed ring-site C-H out-of-plane bending / cyclic-ring out-of-plane deformation,nu(C4-C9),bond,1.1823490826444703,+,0.03274328903431179,0.41615750179357514
18,696.2015426138029,,,mixed ring-site C-H out-of-plane bending / cyclic-ring out-of-plane deformation,nu(C8-C9),bond,1.0459962299366483,+,0.03552013044882511,0.3128510577221663
18,696.2015426138029,,,mixed ring-site C-H out-of-plane bending / cyclic-ring out-of-plane deformation,delta(C2-C1-H10),angle,1.0277493312673582,+,0.03207235726575569,0.3770353350204659
18,696.2015426138029,,,mixed ring-site C-H out-of-plane bending / cyclic-ring out-of-plane deformation,nu(C5-C6),bond,0.9926106228897359,-,-0.03552940190143218,0.29672882571093184
18,696.2015426138029,,,mixed ring-site C-H out-of-plane bending / cyclic-ring out-of-plane deformation,"gamma(C4;C2,C3,H13)",oop,0.9446899403244929,+,0.03197504260852898,0.348677272053292
18,696.2015426138029,,,mixed ring-site C-H out-of-plane bending / cyclic-ring out-of-plane deformation,"gamma(H19;C6,C5,H20)",oop,0.9317038516078404,+,0.026290316766643236,0.5086778952751276
18,696.2015426138029,,,mixed ring-site C-H out-of-plane bending / cyclic-ring out-of-plane deformation,"gamma(C5;C9,C4,H25)",oop,0.8759971197860317,+,0.011574853535208275,2.4673359249773874
18,696.2015426138029,,,mixed ring-site C-H out-of-plane bending / cyclic-ring out-of-plane deformation,delta(C6-C5-H18),angle,0.8013904290876638,+,0.033657315031963134,0.26695731673582873
18,696.2015426138029,,,mixed ring-site C-H out-of-plane bending / cyclic-ring out-of-plane deformation,delta(C9-C8-H23),angle,0.6513629207038247,+,0.02516467344798587,0.3881477265434133
18,696.2015426138029,,,mixed ring-site C-H out-of-plane bending / cyclic-ring out-of-plane deformation,"gamma(C6;C7,H21,H22)",oop,0.605980432174403,-,-0.03079917811891366,0.24106655312168962
18,696.2015426138029,,,mixed ring-site C-H out-of-plane bending / cyclic-ring out-of-plane deformation,nu(C1-C2),bond,0.5533665389043761,-,-0.027870457957695823,0.26883220687743986
18,696.2015426138029,,,mixed ring-site C-H out-of-plane bending / cyclic-ring out-of-plane deformation,nu(C2-C3),bond,0.551341995424118,+,0.027820291387300612,0.2688155190040503
18,696.2015426138029,,,mixed ring-site C-H out-of-plane bending / cyclic-ring out-of-plane deformation,tau(C4-C2-C3-H14),dihedral,0.48280143288712934,+,0.025561159547669812,0.27884576993327614
18,696.2015426138029,,,mixed ring-site C-H out-of-plane bending / cyclic-ring out-of-plane deformation,delta(C9-C4-H17),angle,0.41767816612958325,-,-0.02595706203643142,0.23393075140123543
18,696.2015426138029,,,mixed ring-site C-H out-of-plane bending / cyclic-ring out-of-plane deformation,tau(H21-C7-C8-C9),dihedral,0.39056783101729803,+,0.026139274859245002,0.21570788048823702
18,696.2015426138029,,,mixed ring-site C-H out-of-plane bending / cyclic-ring out-of-plane deformation,delta(C2-C3-H16),angle,0.27215756780149325,+,0.018279631585899174,0.3073563220041683
18,696.2015426138029,,,mixed ring-site C-H out-of-plane bending / cyclic-ring out-of-plane deformation,delta(C2-C3-H15),angle,0.20473121920917983,+,0.013441363105155603,0.4276161102640135
18,696.2015426138029,,,mixed ring-site C-H out-of-plane bending / cyclic-ring out-of-plane deformation,tau(C1-C2-C3-H16),dihedral,0.1827798200560243,+,0.01585230059252826,0.2744733988296527
18,696.2015426138029,,,mixed ring-site C-H out-of-plane bending / cyclic-ring out-of-plane deformation,tau(C9-C5-C6-H20),dihedral,0.1668626117995978,-,-0.011225214819541906,0.49971953559980403
18,696.2015426138029,,,mixed ring-site C-H out-of-plane bending / cyclic-ring out-of-plane deformation,delta(C2-C1-H12),angle,0.14997434388076814,-,-0.013599929475722108,0.3059850941292659
18,696.2015426138029,,,mixed ring-site C-H out-of-plane bending / cyclic-ring out-of-plane deformation,tau(H11-C1-C2-C3),dihedral,0.11706042338648966,+,0.016037569514359647,0.17174717389126995
18,696.2015426138029,,,mixed ring-site C-H out-of-plane bending / cyclic-ring out-of-plane deformation,tau(H19-C6-C7-C8),dihedral,0.11109812251397042,+,0.01514731350828967,0.18272253164280974
18,696.2015426138029,,,mixed ring-site C-H out-of-plane bending / cyclic-ring out-of-plane deformation,delta(C3-C2-H13),angle,0.10553560588548973,-,-0.012874772149644585,0.24025725817088736
18,696.2015426138029,,,mixed ring-site C-H out-of-plane bending / cyclic-ring out-of-plane deformation,tau(H12-C1-C2-C3),dihedral,0.07632447447969597,-,-0.012686316986358512,0.1789572584353189
18,696.2015426138029,,,mixed ring-site C-H out-of-plane bending / cyclic-ring out-of-plane deformation,delta(H15-C3-H16),angle,0.03625617700753416,+,0.006027489014688979,0.3765873833684418
18,696.2015426138029,,,mixed ring-site C-H out-of-plane bending / cyclic-ring out-of-plane deformation,delta(C8-C7-H22),angle,0.02558821164186756,-,-0.005079722738705711,0.37421098329674723
18,696.2015426138029,,,mixed ring-site C-H out-of-plane bending / cyclic-ring out-of-plane deformation,delta(H23-C8-H24),angle,0.024940132456062837,+,0.006591409875908494,0.21662008978042366
18,696.2015426138029,,,mixed ring-site C-H out-of-plane bending / cyclic-ring out-of-plane deformation,delta(H14-C3-H16),angle,0.007943045857439494,-,-0.0028522573091358974,0.36843958035172164
18,696.2015426138029,,,mixed ring-site C-H out-of-plane bending / cyclic-ring out-of-plane deformation,delta(H14-C3-H15),angle,0.007840856880845608,-,-0.0028276265163021427,0.3700633261945618
18,696.2015426138029,,,mixed ring-site C-H out-of-plane bending / cyclic-ring out-of-plane deformation,delta(H10-C1-H12),angle,0.00549068707910062,+,0.002820260666363108,0.2604982470330432
18,696.2015426138029,,,mixed ring-site C-H out-of-plane bending / cyclic-ring out-of-plane deformation,nu(C9-H25),bond,0.004790946012213327,-,-0.0022759553434836275,0.34902008220261893
18,696.2015426138029,,,mixed ring-site C-H out-of-plane bending / cyclic-ring out-of-plane deformation,nu(C5-H18),bond,0.0047803658224732475,+,0.002273410054449548,0.34902954612114734
18,696.2015426138029,,,mixed ring-site C-H out-of-plane bending / cyclic-ring out-of-plane deformation,tau(C3-C2-C4-C5),dihedral,0.0021971252190552226,+,0.00587710495646798,0.024004050308062942
18,696.2015426138029,,,mixed ring-site C-H out-of-plane bending / cyclic-ring out-of-plane deformation,"gamma(H11;C1,H10,H12)",oop,0.0018425413136017657,-,-0.0017896824740884017,0.21708103153869004
18,696.2015426138029,,,mixed ring-site C-H out-of-plane bending / cyclic-ring out-of-plane deformation,nu(C6-H19),bond,0.00013978251626968656,-,-0.00040087186142414937,0.32824515254734715
18,696.2015426138029,,,mixed ring-site C-H out-of-plane bending / cyclic-ring out-of-plane deformation,nu(C8-H23),bond,0.00013816660573880295,+,0.0003985550300775324,0.3282336573619821
18,696.2015426138029,,,mixed ring-site C-H out-of-plane bending / cyclic-ring out-of-plane deformation,nu(C3-H14),bond,0.00013706054094920467,+,0.00039428411637549085,0.3326982298069487
18,696.2015426138029,,,mixed ring-site C-H out-of-plane bending / cyclic-ring out-of-plane deformation,nu(C1-H10),bond,0.00013564888767829782,-,-0.0003922465057741744,0.33270144145954433
18,696.2015426138029,,,mixed ring-site C-H out-of-plane bending / cyclic-ring out-of-plane deformation,nu(C1-H12),bond,0.00010610848101119184,+,0.0003481551925030015,0.3303398418047025
18,696.2015426138029,,,mixed ring-site C-H out-of-plane bending / cyclic-ring out-of-plane deformation,nu(C3-H15),bond,0.00010410130935047738,-,-0.0003448561619297331,0.33032148604472367
18,696.2015426138029,,,mixed ring-site C-H out-of-plane bending / cyclic-ring out-of-plane deformation,nu(C6-H20),bond,2.5570807147425215e-05,-,-0.00017132397474633535,0.3287492466493157
18,696.2015426138029,,,mixed ring-site C-H out-of-plane bending / cyclic-ring out-of-plane deformation,nu(C8-H24),bond,2.2516742808514865e-05,+,0.00016075516497207116,0.3288003785530708
18,696.2015426138029,,,mixed ring-site C-H out-of-plane bending / cyclic-ring out-of-plane deformation,nu(C2-C4),bond,5.093216163681443e-06,+,8.370134506456516e-05,0.27433666012197316
18,696.2015426138029,,,mixed ring-site C-H out-of-plane bending / cyclic-ring out-of-plane deformation,delta(C6-C7-C8),angle,5.021657637880991e-06,-,-4.3245207467149814e-05,1.013275969219078
18,696.2015426138029,,,mixed ring-site C-H out-of-plane bending / cyclic-ring out-of-plane deformation,delta(H21-C7-H22),angle,3.0021590052040193e-07,+,2.0272543917636464e-05,0.2756600324984054
18,696.2015426138029,,,mixed ring-site C-H out-of-plane bending / cyclic-ring out-of-plane deformation,nu(C2-H13),bond,2.682521819046157e-07,+,1.74161990839065e-05,0.3337283603614742
18,696.2015426138029,,,mixed ring-site C-H out-of-plane bending / cyclic-ring out-of-plane deformation,nu(C3-H16),bond,1.0249582966437038e-07,+,1.0734751813461473e-05,0.3356439255063405
18,696.2015426138029,,,mixed ring-site C-H out-of-plane bending / cyclic-ring out-of-plane deformation,nu(C7-H22),bond,5.5782009493508866e-08,-,-7.924945222857166e-06,0.3351646674336103
18,696.2015426138029,,,mixed ring-site C-H out-of-plane bending / cyclic-ring out-of-plane deformation,delta(C1-C2-C3),angle,3.1270718820272866e-08,+,5.760659344944154e-06,0.3555904501026593
18,696.2015426138029,,,mixed ring-site C-H out-of-plane bending / cyclic-ring out-of-plane deformation,nu(C1-H11),bond,1.1241276880074864e-08,-,-3.554963079896086e-06,0.33566191504728254
18,696.2015426138029,,,mixed ring-site C-H out-of-plane bending / cyclic-ring out-of-plane deformation,nu(C7-H21),bond,5.4410935485361705e-09,-,-2.4839997890353944e-06,0.3327665744893832
18,696.2015426138029,,,mixed ring-site C-H out-of-plane bending / cyclic-ring out-of-plane deformation,nu(C4-H17),bond,1.8376613241195856e-10,-,-4.5345457541699067e-07,0.3372519822787753
19,755.2870561993834,,,mixed mixed-phase cyclic C-C stretching / ring-site C-H out-of-plane bending,tau(H17-C4-C9-C8),dihedral,21.95814213655762,-,-0.1636375184642686,0.4684304222796268
19,755.2870561993834,,,mixed mixed-phase cyclic C-C stretching / ring-site C-H out-of-plane bending,nu(C4-C5),bond,14.639762177788187,-,-0.12362427791288376,0.5471945412726401
19,755.2870561993834,,,mixed mixed-phase cyclic C-C stretching / ring-site C-H out-of-plane bending,nu(C4-C9),bond,11.063272261591129,+,0.12323116989103901,0.41615750179357514
19,755.2870561993834,,,mixed mixed-phase cyclic C-C stretching / ring-site C-H out-of-plane bending,tau(C9-C5-C6-H20),dihedral,9.541910484840676,-,-0.10443886425921431,0.49971953559980403
19,755.2870561993834,,,mixed mixed-phase cyclic C-C stretching / ring-site C-H out-of-plane bending,"gamma(C4;C5,C6,H18)",oop,7.428719519034021,+,0.10562824966634998,0.38033742786902636
19,755.2870561993834,,,mixed mixed-phase cyclic C-C stretching / ring-site C-H out-of-plane bending,nu(C8-C9),bond,5.371035490517793,+,0.09903024019919196,0.3128510577221663
19,755.2870561993834,,,mixed mixed-phase cyclic C-C stretching / ring-site C-H out-of-plane bending,nu(C5-C6),bond,5.100399907175718,-,-0.09909001196331271,0.29672882571093184
19,755.2870561993834,,,mixed mixed-phase cyclic C-C stretching / ring-site C-H out-of-plane bending,"gamma(C5;C9,C4,H25)",oop,4.929598865922923,+,0.033783083345061915,2.4673359249773874
19,755.2870561993834,,,mixed mixed-phase cyclic C-C stretching / ring-site C-H out-of-plane bending,delta(C4-C9-C8),angle,2.6846820900394843,-,-0.044986905046167376,0.7577673759020244
19,755.2870561993834,,,mixed mixed-phase cyclic C-C stretching / ring-site C-H out-of-plane bending,delta(C3-C2-C4),angle,1.454909885992562,+,0.03990223843441627,0.5219835858024717
19,755.2870561993834,,,mixed mixed-phase cyclic C-C stretching / ring-site C-H out-of-plane bending,nu(C6-C7),bond,1.4442325237874856,-,-0.05302119322553924,0.2934630298225203
19,755.2870561993834,,,mixed mixed-phase cyclic C-C stretching / ring-site C-H out-of-plane bending,nu(C7-C8),bond,1.4118464630004206,+,0.05303535578930134,0.28672909715516987
19,755.2870561993834,,,mixed mixed-phase cyclic C-C stretching / ring-site C-H out-of-plane bending,tau(H23-C8-C9-C4),dihedral,1.2132381119229214,+,0.03929338034879903,0.4488720156531896
19,755.2870561993834,,,mixed mixed-phase cyclic C-C stretching / ring-site C-H out-of-plane bending,delta(C6-C5-H18),angle,1.1774759592000748,-,-0.050195264306132435,0.26695731673582873
19,755.2870561993834,,,mixed mixed-phase cyclic C-C stretching / ring-site C-H out-of-plane bending,tau(H19-C6-C7-C8),dihedral,1.1046846986449173,+,0.05876662539073071,0.18272253164280974
19,755.2870561993834,,,mixed mixed-phase cyclic C-C stretching / ring-site C-H out-of-plane bending,"gamma(H19;C6,C5,H20)",oop,1.0768387104910886,+,0.034774551065312104,0.5086778952751276
19,755.2870561993834,,,mixed mixed-phase cyclic C-C stretching / ring-site C-H out-of-plane bending,"gamma(C9;C4,C2,C5)",oop,0.9782454546966033,-,-0.020737108362504204,1.2994713680163765
19,755.2870561993834,,,mixed mixed-phase cyclic C-C stretching / ring-site C-H out-of-plane bending,tau(H20-C6-C7-C8),dihedral,0.9353096023768374,+,0.04628348792892554,0.24941266534876505
19,755.2870561993834,,,mixed mixed-phase cyclic C-C stretching / ring-site C-H out-of-plane bending,delta(C4-C9-H25),angle,0.8550207947428198,+,0.04704962110539493,0.22063768235437067
19,755.2870561993834,,,mixed mixed-phase cyclic C-C stretching / ring-site C-H out-of-plane bending,"gamma(C4;C2,C3,H13)",oop,0.7745941845263297,+,0.03562320018967156,0.348677272053292
19,755.2870561993834,,,mixed mixed-phase cyclic C-C stretching / ring-site C-H out-of-plane bending,delta(C9-C4-H17),angle,0.7350338813501797,+,0.04236601898203704,0.23393075140123543
19,755.2870561993834,,,mixed mixed-phase cyclic C-C stretching / ring-site C-H out-of-plane bending,delta(C9-C8-H23),angle,0.6781168089853798,+,0.03159085401895109,0.3881477265434133
19,755.2870561993834,,,mixed mixed-phase cyclic C-C stretching / ring-site C-H out-of-plane bending,tau(H17-C4-C9-H25),dihedral,0.5796145066513638,-,-0.023556193653321143,0.5966838523581202
19,755.2870561993834,,,mixed mixed-phase cyclic C-C stretching / ring-site C-H out-of-plane bending,delta(C7-C8-H23),angle,0.4175682848560527,+,0.016167630809419905,0.9125360055785439
19,755.2870561993834,,,mixed mixed-phase cyclic C-C stretching / ring-site C-H out-of-plane bending,tau(H21-C7-C8-C9),dihedral,0.41641276698587754,+,0.0332075356511412,0.21570788048823702
19,755.2870561993834,,,mixed mixed-phase cyclic C-C stretching / ring-site C-H out-of-plane bending,tau(C3-C2-C4-C5),dihedral,0.31464138206780545,+,0.08653131259402827,0.024004050308062942
19,755.2870561993834,,,mixed mixed-phase cyclic C-C stretching / ring-site C-H out-of-plane bending,delta(C2-C4-C5),angle,0.27426671872844965,+,0.022333772217531245,0.3140973094435254
19,755.2870561993834,,,mixed mixed-phase cyclic C-C stretching / ring-site C-H out-of-plane bending,delta(C7-C6-H19),angle,0.2699254646722463,-,-0.016320763314932096,0.578866203893712
19,755.2870561993834,,,mixed mixed-phase cyclic C-C stretching / ring-site C-H out-of-plane bending,delta(C2-C1-H10),angle,0.21943835148217014,+,0.018233618947698618,0.3770353350204659
19,755.2870561993834,,,mixed mixed-phase cyclic C-C stretching / ring-site C-H out-of-plane bending,tau(C4-C2-C3-H14),dihedral,0.21118391542952336,+,0.020799649837571165,0.27884576993327614
19,755.2870561993834,,,mixed mixed-phase cyclic C-C stretching / ring-site C-H out-of-plane bending,"gamma(C7;C8,H23,H24)",oop,0.19961703425310992,-,-0.01947438536375318,0.300666713145669
19,755.2870561993834,,,mixed mixed-phase cyclic C-C stretching / ring-site C-H out-of-plane bending,tau(C2-C4-C5-H18),dihedral,0.11970418070971017,+,0.01382249532796561,0.35789174837591814
19,755.2870561993834,,,mixed mixed-phase cyclic C-C stretching / ring-site C-H out-of-plane bending,delta(C2-C3-H15),angle,0.11554987628321758,+,0.012424111727470235,0.4276161102640135
19,755.2870561993834,,,mixed mixed-phase cyclic C-C stretching / ring-site C-H out-of-plane bending,delta(C8-C7-H22),angle,0.09124305248749119,-,-0.011801827787228337,0.37421098329674723
19,755.2870561993834,,,mixed mixed-phase cyclic C-C stretching / ring-site C-H out-of-plane bending,delta(C2-C1-H12),angle,0.07929918022599541,-,-0.01216723367161839,0.3059850941292659
19,755.2870561993834,,,mixed mixed-phase cyclic C-C stretching / ring-site C-H out-of-plane bending,tau(C1-C2-C3-H16),dihedral,0.03341976628696163,+,0.008339868622839829,0.2744733988296527
19,755.2870561993834,,,mixed mixed-phase cyclic C-C stretching / ring-site C-H out-of-plane bending,"gamma(C6;C7,H21,H22)",oop,0.028454705591950208,-,-0.008211381017632684,0.24106655312168962
19,755.2870561993834,,,mixed mixed-phase cyclic C-C stretching / ring-site C-H out-of-plane bending,delta(C3-C2-H13),angle,0.024675216988877716,-,-0.00765949024060219,0.24025725817088736
19,755.2870561993834,,,mixed mixed-phase cyclic C-C stretching / ring-site C-H out-of-plane bending,tau(H11-C1-C2-C3),dihedral,0.020047003300634674,+,0.008165589934441018,0.17174717389126995
19,755.2870561993834,,,mixed mixed-phase cyclic C-C stretching / ring-site C-H out-of-plane bending,tau(H12-C1-C2-C3),dihedral,0.010307155356377308,-,-0.005735910778312524,0.1789572584353189
19,755.2870561993834,,,mixed mixed-phase cyclic C-C stretching / ring-site C-H out-of-plane bending,delta(H15-C3-H16),angle,0.005770916141053092,+,0.0029586741273210895,0.3765873833684418
19,755.2870561993834,,,mixed mixed-phase cyclic C-C stretching / ring-site C-H out-of-plane bending,delta(C2-C3-H16),angle,0.0054250977836200805,+,0.0031753408107905016,0.3073563220041683
19,755.2870561993834,,,mixed mixed-phase cyclic C-C stretching / ring-site C-H out-of-plane bending,"gamma(H11;C1,H10,H12)",oop,0.003064057856578762,-,-0.0028395216064517723,0.21708103153869004
19,755.2870561993834,,,mixed mixed-phase cyclic C-C stretching / ring-site C-H out-of-plane bending,nu(C1-C2),bond,0.00089138815491318,-,-0.0013762597729231783,0.26883220687743986
19,755.2870561993834,,,mixed mixed-phase cyclic C-C stretching / ring-site C-H out-of-plane bending,nu(C2-C3),bond,0.0006383929948523013,+,0.001164728018515357,0.2688155190040503
19,755.2870561993834,,,mixed mixed-phase cyclic C-C stretching / ring-site C-H out-of-plane bending,nu(C3-H16),bond,0.00018024571233767766,-,-0.0005538609045513227,0.3356439255063405
19,755.2870561993834,,,mixed mixed-phase cyclic C-C stretching / ring-site C-H out-of-plane bending,nu(C1-H11),bond,0.00018007164348814508,+,0.0005535785647592438,0.33566191504728254
19,755.2870561993834,,,mixed mixed-phase cyclic C-C stretching / ring-site C-H out-of-plane bending,nu(C3-H14),bond,0.0001777399518375196,+,0.0005524270286826317,0.3326982298069487
19,755.2870561993834,,,mixed mixed-phase cyclic C-C stretching / ring-site C-H out-of-plane bending,nu(C1-H10),bond,0.00017476313439063383,-,-0.0005477787826915277,0.33270144145954433
19,755.2870561993834,,,mixed mixed-phase cyclic C-C stretching / ring-site C-H out-of-plane bending,nu(C8-H24),bond,0.00013984654092329555,-,-0.0004929096776900834,0.3288003785530708
19,755.2870561993834,,,mixed mixed-phase cyclic C-C stretching / ring-site C-H out-of-plane bending,nu(C6-H20),bond,0.00013858016411209709,+,0.0004907109935391917,0.3287492466493157
19,755.2870561993834,,,mixed mixed-phase cyclic C-C stretching / ring-site C-H out-of-plane bending,delta(H23-C8-H24),angle,0.00013055891563711812,-,-0.0005867614007019918,0.21662008978042366
19,755.2870561993834,,,mixed mixed-phase cyclic C-C stretching / ring-site C-H out-of-plane bending,nu(C1-H12),bond,0.00010916061219427576,+,0.00043447034447362384,0.3303398418047025
19,755.2870561993834,,,mixed mixed-phase cyclic C-C stretching / ring-site C-H out-of-plane bending,nu(C8-H23),bond,0.00010895371323012809,-,-0.00043544879913486235,0.3282336573619821
19,755.2870561993834,,,mixed mixed-phase cyclic C-C stretching / ring-site C-H out-of-plane bending,nu(C3-H15),bond,0.00010891623670400312,-,-0.0004339958102674096,0.33032148604472367
19,755.2870561993834,,,mixed mixed-phase cyclic C-C stretching / ring-site C-H out-of-plane bending,nu(C6-H19),bond,0.00010849073649527041,+,0.00043451502988581904,0.32824515254734715
19,755.2870561993834,,,mixed mixed-phase cyclic C-C stretching / ring-site C-H out-of-plane bending,delta(C6-C7-C8),angle,6.711674007658335e-05,-,-0.00019451772911610233,1.013275969219078
19,755.2870561993834,,,mixed mixed-phase cyclic C-C stretching / ring-site C-H out-of-plane bending,delta(H14-C3-H15),angle,3.594316015445001e-05,+,0.00023554708834903868,0.3700633261945618
19,755.2870561993834,,,mixed mixed-phase cyclic C-C stretching / ring-site C-H out-of-plane bending,nu(C9-H25),bond,3.5935280965986724e-05,+,0.00024251742557805238,0.34902008220261893
19,755.2870561993834,,,mixed mixed-phase cyclic C-C stretching / ring-site C-H out-of-plane bending,nu(C5-H18),bond,3.523795315812299e-05,-,-0.00024014960459458698,0.34902954612114734
19,755.2870561993834,,,mixed mixed-phase cyclic C-C stretching / ring-site C-H out-of-plane bending,delta(H10-C1-H12),angle,3.335159869865502e-05,-,-0.0002704354129146346,0.2604982470330432
19,755.2870561993834,,,mixed mixed-phase cyclic C-C stretching / ring-site C-H out-of-plane bending,delta(H14-C3-H16),angle,2.804843887728516e-06,-,-6.59445399526414e-05,0.36843958035172164
19,755.2870561993834,,,mixed mixed-phase cyclic C-C stretching / ring-site C-H out-of-plane bending,delta(H21-C7-H22),angle,2.554178285032546e-06,+,7.275223469123382e-05,0.2756600324984054
19,755.2870561993834,,,mixed mixed-phase cyclic C-C stretching / ring-site C-H out-of-plane bending,nu(C2-C4),bond,1.1778168229038157e-06,-,-4.952273120263187e-05,0.27433666012197316
19,755.2870561993834,,,mixed mixed-phase cyclic C-C stretching / ring-site C-H out-of-plane bending,nu(C4-H17),bond,6.28729925400518e-08,-,-1.0319590061323786e-05,0.3372519822787753
19,755.2870561993834,,,mixed mixed-phase cyclic C-C stretching / ring-site C-H out-of-plane bending,nu(C2-H13),bond,5.506073938654185e-08,+,9.708052077093586e-06,0.3337283603614742
19,755.2870561993834,,,mixed mixed-phase cyclic C-C stretching / ring-site C-H out-of-plane bending,delta(C1-C2-C3),angle,4.250113529065344e-09,-,-2.612960570713254e-06,0.3555904501026593
19,755.2870561993834,,,mixed mixed-phase cyclic C-C stretching / ring-site C-H out-of-plane bending,nu(C7-H21),bond,3.946739304680265e-10,-,-8.231083502421944e-07,0.3327665744893832
19,755.2870561993834,,,mixed mixed-phase cyclic C-C stretching / ring-site C-H out-of-plane bending,nu(C7-H22),bond,1.4078690704719334e-11,+,1.5490293778076488e-07,0.3351646674336103
20,771.6208845311496,,,mixed ring-site C-H out-of-plane bending / cyclic-ring out-of-plane deformation,tau(C2-C4-C5-H18),dihedral,15.066025420084447,+,0.18443741739751707,0.35789174837591814
20,771.6208845311496,,,mixed ring-site C-H out-of-plane bending / cyclic-ring out-of-plane deformation,"gamma(C5;C9,C4,H25)",oop,13.009126756772677,+,0.06527328330266959,2.4673359249773874
20,771.6208845311496,,,mixed ring-site C-H out-of-plane bending / cyclic-ring out-of-plane deformation,tau(H17-C4-C9-H25),dihedral,8.558667959699475,-,-0.10766052010009186,0.5966838523581202
20,771.6208845311496,,,mixed ring-site C-H out-of-plane bending / cyclic-ring out-of-plane deformation,tau(H23-C8-C9-C4),dihedral,7.756266081791088,+,0.11816547671106023,0.4488720156531896
20,771.6208845311496,,,mixed ring-site C-H out-of-plane bending / cyclic-ring out-of-plane deformation,tau(H21-C7-C8-C9),dihedral,6.56475774554915,+,0.15682015307357436,0.21570788048823702
20,771.6208845311496,,,mixed ring-site C-H out-of-plane bending / cyclic-ring out-of-plane deformation,delta(C7-C8-H23),angle,4.399858327404605,-,-0.062419440108409455,0.9125360055785439
20,771.6208845311496,,,mixed ring-site C-H out-of-plane bending / cyclic-ring out-of-plane deformation,tau(C9-C5-C6-H20),dihedral,3.918119470671502,-,-0.07959782491009398,0.49971953559980403
20,771.6208845311496,,,mixed ring-site C-H out-of-plane bending / cyclic-ring out-of-plane deformation,delta(C8-C7-H22),angle,3.711058631132708,+,0.08951919536561875,0.37421098329674723
20,771.6208845311496,,,mixed ring-site C-H out-of-plane bending / cyclic-ring out-of-plane deformation,nu(C4-C5),bond,3.325360051938226,-,-0.07007675556877217,0.5471945412726401
20,771.6208845311496,,,mixed ring-site C-H out-of-plane bending / cyclic-ring out-of-plane deformation,tau(C4-C2-C3-H14),dihedral,2.8866554814212337,-,-0.09146205899248226,0.27884576993327614
20,771.6208845311496,,,mixed ring-site C-H out-of-plane bending / cyclic-ring out-of-plane deformation,delta(C7-C6-H19),angle,2.775087180236197,-,-0.06224073968395926,0.578866203893712
20,771.6208845311496,,,mixed ring-site C-H out-of-plane bending / cyclic-ring out-of-plane deformation,nu(C4-C9),bond,2.548257922956862,-,-0.07034258997799572,0.41615750179357514
20,771.6208845311496,,,mixed ring-site C-H out-of-plane bending / cyclic-ring out-of-plane deformation,"gamma(C4;C5,C6,H18)",oop,2.4807139390237327,+,0.07259878257382395,0.38033742786902636
20,771.6208845311496,,,mixed ring-site C-H out-of-plane bending / cyclic-ring out-of-plane deformation,delta(C2-C3-H15),angle,2.1246741745463793,+,0.06336430375997257,0.4276161102640135
20,771.6208845311496,,,mixed ring-site C-H out-of-plane bending / cyclic-ring out-of-plane deformation,delta(C2-C4-C5),angle,2.060720113514808,+,0.07281199388745921,0.3140973094435254
20,771.6208845311496,,,mixed ring-site C-H out-of-plane bending / cyclic-ring out-of-plane deformation,delta(C4-C9-C8),angle,1.9351225646169103,-,-0.04542676536509562,0.7577673759020244
20,771.6208845311496,,,mixed ring-site C-H out-of-plane bending / cyclic-ring out-of-plane deformation,delta(C2-C1-H10),angle,1.8859185051138667,-,-0.06357640423441492,0.3770353350204659
20,771.6208845311496,,,mixed ring-site C-H out-of-plane bending / cyclic-ring out-of-plane deformation,nu(C2-C4),bond,1.612767277908111,-,-0.06892383834770215,0.27433666012197316
20,771.6208845311496,,,mixed ring-site C-H out-of-plane bending / cyclic-ring out-of-plane deformation,delta(C2-C1-H12),angle,1.5150087419537945,+,0.06325326694987349,0.3059850941292659
20,771.6208845311496,,,mixed ring-site C-H out-of-plane bending / cyclic-ring out-of-plane deformation,delta(C3-C2-C4),angle,1.4743491051921116,+,0.0477746230527386,0.5219835858024717
20,771.6208845311496,,,mixed ring-site C-H out-of-plane bending / cyclic-ring out-of-plane deformation,tau(C1-C2-C3-H16),dihedral,1.3726725819122745,+,0.06357097560613456,0.2744733988296527
20,771.6208845311496,,,mixed ring-site C-H out-of-plane bending / cyclic-ring out-of-plane deformation,delta(C9-C4-H17),angle,1.2085777948175898,-,-0.06461289118385233,0.23393075140123543
20,771.6208845311496,,,mixed ring-site C-H out-of-plane bending / cyclic-ring out-of-plane deformation,nu(C8-C9),bond,0.9730308243532338,-,-0.050132575027739365,0.3128510577221663
20,771.6208845311496,,,mixed ring-site C-H out-of-plane bending / cyclic-ring out-of-plane deformation,tau(H20-C6-C7-C8),dihedral,0.9587707484409377,+,0.05573444272405864,0.24941266534876505
20,771.6208845311496,,,mixed ring-site C-H out-of-plane bending / cyclic-ring out-of-plane deformation,nu(C5-C6),bond,0.9165312218352238,-,-0.04995963882723592,0.29672882571093184
20,771.6208845311496,,,mixed ring-site C-H out-of-plane bending / cyclic-ring out-of-plane deformation,tau(H17-C4-C9-C8),dihedral,0.8910919883508992,-,-0.039207057559550416,0.4684304222796268
20,771.6208845311496,,,mixed ring-site C-H out-of-plane bending / cyclic-ring out-of-plane deformation,tau(H11-C1-C2-C3),dihedral,0.8588625489376371,-,-0.06356858730300263,0.17174717389126995
20,771.6208845311496,,,mixed ring-site C-H out-of-plane bending / cyclic-ring out-of-plane deformation,delta(C3-C2-H13),angle,0.7425350493402793,-,-0.049974188184518945,0.24025725817088736
20,771.6208845311496,,,mixed ring-site C-H out-of-plane bending / cyclic-ring out-of-plane deformation,"gamma(C9;C4,C2,C5)",oop,0.6876357440326374,+,0.02067861233337113,1.2994713680163765
20,771.6208845311496,,,mixed ring-site C-H out-of-plane bending / cyclic-ring out-of-plane deformation,delta(C6-C7-C8),angle,0.37617453821332003,-,-0.017320337638256966,1.013275969219078
20,771.6208845311496,,,mixed ring-site C-H out-of-plane bending / cyclic-ring out-of-plane deformation,tau(H19-C6-C7-C8),dihedral,0.35021210706994466,+,0.03935455926858967,0.18272253164280974
20,771.6208845311496,,,mixed ring-site C-H out-of-plane bending / cyclic-ring out-of-plane deformation,"gamma(C4;C2,C3,H13)",oop,0.19354906488387896,+,0.02117918510126591,0.348677272053292
20,771.6208845311496,,,mixed ring-site C-H out-of-plane bending / cyclic-ring out-of-plane deformation,delta(C6-C5-H18),angle,0.13383161724013917,+,0.02012722844479272,0.26695731673582873
20,771.6208845311496,,,mixed ring-site C-H out-of-plane bending / cyclic-ring out-of-plane deformation,"gamma(C7;C8,H23,H24)",oop,0.11973211299147417,-,-0.01793858469915589,0.300666713145669
20,771.6208845311496,,,mixed ring-site C-H out-of-plane bending / cyclic-ring out-of-plane deformation,"gamma(H19;C6,C5,H20)",oop,0.09659005566411769,+,0.01238711879006209,0.5086778952751276
20,771.6208845311496,,,mixed ring-site C-H out-of-plane bending / cyclic-ring out-of-plane deformation,delta(H15-C3-H16),angle,0.0801555921656023,+,0.013114736147670952,0.3765873833684418
20,771.6208845311496,,,mixed ring-site C-H out-of-plane bending / cyclic-ring out-of-plane deformation,tau(C3-C2-C4-C5),dihedral,0.07766383382285043,-,-0.051131987681762185,0.024004050308062942
20,771.6208845311496,,,mixed ring-site C-H out-of-plane bending / cyclic-ring out-of-plane deformation,delta(H14-C3-H16),angle,0.07207557327643532,-,-0.012572928339840675,0.36843958035172164
20,771.6208845311496,,,mixed ring-site C-H out-of-plane bending / cyclic-ring out-of-plane deformation,delta(C9-C8-H23),angle,0.06656638641255148,-,-0.011772114960543516,0.3881477265434133
20,771.6208845311496,,,mixed ring-site C-H out-of-plane bending / cyclic-ring out-of-plane deformation,nu(C1-C2),bond,0.0586215993437194,-,-0.013274363618795946,0.26883220687743986
20,771.6208845311496,,,mixed ring-site C-H out-of-plane bending / cyclic-ring out-of-plane deformation,nu(C2-C3),bond,0.05801134981732073,-,-0.013205499824810845,0.2688155190040503
20,771.6208845311496,,,mixed ring-site C-H out-of-plane bending / cyclic-ring out-of-plane deformation,delta(H21-C7-H22),angle,0.023339747307062546,+,0.008271546212145764,0.2756600324984054
20,771.6208845311496,,,mixed ring-site C-H out-of-plane bending / cyclic-ring out-of-plane deformation,"gamma(C6;C7,H21,H22)",oop,0.021416511784501803,+,0.008472887035684915,0.24106655312168962
20,771.6208845311496,,,mixed ring-site C-H out-of-plane bending / cyclic-ring out-of-plane deformation,nu(C2-H13),bond,0.013063628642833522,+,0.00562420164200508,0.3337283603614742
20,771.6208845311496,,,mixed ring-site C-H out-of-plane bending / cyclic-ring out-of-plane deformation,nu(C7-C8),bond,0.008460444201472525,-,-0.0048829944002017405,0.28672909715516987
20,771.6208845311496,,,mixed ring-site C-H out-of-plane bending / cyclic-ring out-of-plane deformation,tau(H12-C1-C2-C3),dihedral,0.007807192437308774,-,-0.0059374273720271134,0.1789572584353189
20,771.6208845311496,,,mixed ring-site C-H out-of-plane bending / cyclic-ring out-of-plane deformation,nu(C6-C7),bond,0.0075568653010265685,-,-0.004561625934613364,0.2934630298225203
20,771.6208845311496,,,mixed ring-site C-H out-of-plane bending / cyclic-ring out-of-plane deformation,delta(C4-C9-H25),angle,0.006992536213908509,-,-0.005060612055496589,0.22063768235437067
20,771.6208845311496,,,mixed ring-site C-H out-of-plane bending / cyclic-ring out-of-plane deformation,delta(H23-C8-H24),angle,0.0023647756313243274,-,-0.0029701004119878673,0.21662008978042366
20,771.6208845311496,,,mixed ring-site C-H out-of-plane bending / cyclic-ring out-of-plane deformation,delta(H14-C3-H15),angle,0.0023324210635120722,+,0.0022567891253667373,0.3700633261945618
20,771.6208845311496,,,mixed ring-site C-H out-of-plane bending / cyclic-ring out-of-plane deformation,delta(H10-C1-H12),angle,0.0016017262151217693,+,0.002229036942936071,0.2604982470330432
20,771.6208845311496,,,mixed ring-site C-H out-of-plane bending / cyclic-ring out-of-plane deformation,delta(C2-C3-H16),angle,0.0013112880168220827,-,-0.001856750279749149,0.3073563220041683
20,771.6208845311496,,,mixed ring-site C-H out-of-plane bending / cyclic-ring out-of-plane deformation,"gamma(H11;C1,H10,H12)",oop,0.0004455407605144134,+,0.00128782932365539,0.21708103153869004
20,771.6208845311496,,,mixed ring-site C-H out-of-plane bending / cyclic-ring out-of-plane deformation,nu(C7-H21),bond,0.0002717773494410158,-,-0.0008123857716046478,0.3327665744893832
20,771.6208845311496,,,mixed ring-site C-H out-of-plane bending / cyclic-ring out-of-plane deformation,nu(C1-H12),bond,0.0002511167974016852,-,-0.0007837597036539422,0.3303398418047025
20,771.6208845311496,,,mixed ring-site C-H out-of-plane bending / cyclic-ring out-of-plane deformation,nu(C3-H15),bond,0.0002456336130195391,-,-0.0007751772408815126,0.33032148604472367
20,771.6208845311496,,,mixed ring-site C-H out-of-plane bending / cyclic-ring out-of-plane deformation,nu(C4-H17),bond,0.00021924417101725773,+,0.0007247901781050173,0.3372519822787753
20,771.6208845311496,,,mixed ring-site C-H out-of-plane bending / cyclic-ring out-of-plane deformation,delta(C1-C2-C3),angle,0.00015701656085904248,+,0.0005973422218836501,0.3555904501026593
20,771.6208845311496,,,mixed ring-site C-H out-of-plane bending / cyclic-ring out-of-plane deformation,nu(C9-H25),bond,0.00015645219921427237,-,-0.0006018540051858519,0.34902008220261893
20,771.6208845311496,,,mixed ring-site C-H out-of-plane bending / cyclic-ring out-of-plane deformation,nu(C5-H18),bond,0.00014974257052476726,-,-0.000588799012374275,0.34902954612114734
20,771.6208845311496,,,mixed ring-site C-H out-of-plane bending / cyclic-ring out-of-plane deformation,nu(C8-H23),bond,0.00011241436543437286,+,0.0005260716251064237,0.3282336573619821
20,771.6208845311496,,,mixed ring-site C-H out-of-plane bending / cyclic-ring out-of-plane deformation,nu(C6-H19),bond,0.00011066835236773551,+,0.0005219610409305736,0.32824515254734715
20,771.6208845311496,,,mixed ring-site C-H out-of-plane bending / cyclic-ring out-of-plane deformation,nu(C1-H10),bond,5.385377127261362e-05,+,0.0003616648038527585,0.33270144145954433
20,771.6208845311496,,,mixed ring-site C-H out-of-plane bending / cyclic-ring out-of-plane deformation,nu(C3-H14),bond,5.380089660672171e-05,+,0.00036148896030759693,0.3326982298069487
20,771.6208845311496,,,mixed ring-site C-H out-of-plane bending / cyclic-ring out-of-plane deformation,nu(C8-H24),bond,4.4808205973437764e-05,+,0.00033184719469867664,0.3288003785530708
20,771.6208845311496,,,mixed ring-site C-H out-of-plane bending / cyclic-ring out-of-plane deformation,nu(C6-H20),bond,4.4397555193673284e-05,+,0.0003303487530476485,0.3287492466493157
20,771.6208845311496,,,mixed ring-site C-H out-of-plane bending / cyclic-ring out-of-plane deformation,nu(C3-H16),bond,1.2801136425098157e-05,+,0.0001755538645402472,0.3356439255063405
20,771.6208845311496,,,mixed ring-site C-H out-of-plane bending / cyclic-ring out-of-plane deformation,nu(C1-H11),bond,1.2592794892171224e-05,+,0.00017411474772868215,0.33566191504728254
20,771.6208845311496,,,mixed ring-site C-H out-of-plane bending / cyclic-ring out-of-plane deformation,nu(C7-H22),bond,3.2176350094482555e-06,+,8.80774639927573e-05,0.3351646674336103
21,800.8715189206309,,,mixed ring-site C-H out-of-plane bending / cyclic-ring out-of-plane deformation,"gamma(C5;C9,C4,H25)",oop,18.396506430470765,-,-0.08126416766259413,2.4673359249773874
21,800.8715189206309,,,mixed ring-site C-H out-of-plane bending / cyclic-ring out-of-plane deformation,tau(H17-C4-C9-H25),dihedral,17.157513848500578,+,0.15958813184995055,0.5966838523581202
21,800.8715189206309,,,mixed ring-site C-H out-of-plane bending / cyclic-ring out-of-plane deformation,tau(C2-C4-C5-H18),dihedral,14.562153411387,-,-0.1898377214911313,0.35789174837591814
21,800.8715189206309,,,mixed ring-site C-H out-of-plane bending / cyclic-ring out-of-plane deformation,tau(C9-C5-C6-H20),dihedral,5.321684583623698,-,-0.09711961578849353,0.49971953559980403
21,800.8715189206309,,,mixed ring-site C-H out-of-plane bending / cyclic-ring out-of-plane deformation,tau(H21-C7-C8-C9),dihedral,5.188501223021799,+,0.14595988424616302,0.21570788048823702
21,800.8715189206309,,,mixed ring-site C-H out-of-plane bending / cyclic-ring out-of-plane deformation,tau(H23-C8-C9-C4),dihedral,4.655967069164246,+,0.09584936476049521,0.4488720156531896
21,800.8715189206309,,,mixed ring-site C-H out-of-plane bending / cyclic-ring out-of-plane deformation,delta(C7-C8-H23),angle,4.590770857495393,-,-0.06675185787317088,0.9125360055785439
21,800.8715189206309,,,mixed ring-site C-H out-of-plane bending / cyclic-ring out-of-plane deformation,"gamma(C4;C5,C6,H18)",oop,4.440075272097155,-,-0.10168483496793446,0.38033742786902636
21,800.8715189206309,,,mixed ring-site C-H out-of-plane bending / cyclic-ring out-of-plane deformation,delta(C6-C7-C8),angle,3.642189896422677,+,0.05642388366763586,1.013275969219078
21,800.8715189206309,,,mixed ring-site C-H out-of-plane bending / cyclic-ring out-of-plane deformation,tau(H20-C6-C7-C8),dihedral,2.933825840489881,+,0.10207125798428898,0.24941266534876505
21,800.8715189206309,,,mixed ring-site C-H out-of-plane bending / cyclic-ring out-of-plane deformation,delta(C7-C6-H19),angle,2.8845427643751815,-,-0.06643469536454993,0.578866203893712
21,800.8715189206309,,,mixed ring-site C-H out-of-plane bending / cyclic-ring out-of-plane deformation,tau(H19-C6-C7-C8),dihedral,2.8155896763201946,+,0.11682456820101499,0.18272253164280974
21,800.8715189206309,,,mixed ring-site C-H out-of-plane bending / cyclic-ring out-of-plane deformation,delta(C8-C7-H22),angle,2.363932212663689,+,0.07480055127698663,0.37421098329674723
21,800.8715189206309,,,mixed ring-site C-H out-of-plane bending / cyclic-ring out-of-plane deformation,delta(C4-C9-C8),angle,1.474489207073638,+,0.04151436519837914,0.7577673759020244
21,800.8715189206309,,,mixed ring-site C-H out-of-plane bending / cyclic-ring out-of-plane deformation,tau(H17-C4-C9-C8),dihedral,1.34542536367005,+,0.050437414205938384,0.4684304222796268
21,800.8715189206309,,,mixed ring-site C-H out-of-plane bending / cyclic-ring out-of-plane deformation,nu(C8-C9),bond,0.7930458574949394,-,-0.0473833640634661,0.3128510577221663
21,800.8715189206309,,,mixed ring-site C-H out-of-plane bending / cyclic-ring out-of-plane deformation,nu(C5-C6),bond,0.7633376102153935,-,-0.04773358091608044,0.29672882571093184
21,800.8715189206309,,,mixed ring-site C-H out-of-plane bending / cyclic-ring out-of-plane deformation,nu(C2-C4),bond,0.6457986568418771,+,0.045661712944583356,0.27433666012197316
21,800.8715189206309,,,mixed ring-site C-H out-of-plane bending / cyclic-ring out-of-plane deformation,delta(C9-C8-H23),angle,0.6212055450409332,-,-0.03764997505475483,0.3881477265434133
21,800.8715189206309,,,mixed ring-site C-H out-of-plane bending / cyclic-ring out-of-plane deformation,nu(C6-C7),bond,0.5608724367358182,+,0.04114346884460895,0.2934630298225203
21,800.8715189206309,,,mixed ring-site C-H out-of-plane bending / cyclic-ring out-of-plane deformation,delta(C2-C4-C5),angle,0.5490645356844485,-,-0.039348224707903404,0.3140973094435254
21,800.8715189206309,,,mixed ring-site C-H out-of-plane bending / cyclic-ring out-of-plane deformation,nu(C7-C8),bond,0.5464693544740648,+,0.04108587842993162,0.28672909715516987
21,800.8715189206309,,,mixed ring-site C-H out-of-plane bending / cyclic-ring out-of-plane deformation,"gamma(C9;C4,C2,C5)",oop,0.46041225565631816,-,-0.017714774756638272,1.2994713680163765
21,800.8715189206309,,,mixed ring-site C-H out-of-plane bending / cyclic-ring out-of-plane deformation,delta(C2-C3-H15),angle,0.363678119026959,-,-0.027445876896261927,0.4276161102640135
21,800.8715189206309,,,mixed ring-site C-H out-of-plane bending / cyclic-ring out-of-plane deformation,tau(C4-C2-C3-H14),dihedral,0.30181403659201167,+,0.030962301897134895,0.27884576993327614
21,800.8715189206309,,,mixed ring-site C-H out-of-plane bending / cyclic-ring out-of-plane deformation,nu(C1-C2),bond,0.29689568657370013,+,0.03127568639218471,0.26883220687743986
21,800.8715189206309,,,mixed ring-site C-H out-of-plane bending / cyclic-ring out-of-plane deformation,nu(C2-C3),bond,0.29679962990371206,+,0.03127159717959134,0.2688155190040503
21,800.8715189206309,,,mixed ring-site C-H out-of-plane bending / cyclic-ring out-of-plane deformation,delta(C2-C1-H12),angle,0.26071259814235115,-,-0.027471123910770813,0.3059850941292659
21,800.8715189206309,,,mixed ring-site C-H out-of-plane bending / cyclic-ring out-of-plane deformation,delta(C9-C4-H17),angle,0.2547996451032752,+,0.031059989587369906,0.23393075140123543
21,800.8715189206309,,,mixed ring-site C-H out-of-plane bending / cyclic-ring out-of-plane deformation,delta(C2-C1-H10),angle,0.24659221079834887,+,0.024068232867621844,0.3770353350204659
21,800.8715189206309,,,mixed ring-site C-H out-of-plane bending / cyclic-ring out-of-plane deformation,tau(C1-C2-C3-H16),dihedral,0.22063117060394177,-,-0.026682643810782402,0.2744733988296527
21,800.8715189206309,,,mixed ring-site C-H out-of-plane bending / cyclic-ring out-of-plane deformation,"gamma(C6;C7,H21,H22)",oop,0.2196778069730088,-,-0.028409930246358368,0.24106655312168962
21,800.8715189206309,,,mixed ring-site C-H out-of-plane bending / cyclic-ring out-of-plane deformation,tau(H11-C1-C2-C3),dihedral,0.13830141031491056,+,0.026706320646119157,0.17174717389126995
21,800.8715189206309,,,mixed ring-site C-H out-of-plane bending / cyclic-ring out-of-plane deformation,delta(C3-C2-C4),angle,0.12080296395337015,-,-0.01431712860587136,0.5219835858024717
21,800.8715189206309,,,mixed ring-site C-H out-of-plane bending / cyclic-ring out-of-plane deformation,nu(C4-C5),bond,0.1143208856093176,+,0.013603086705890256,0.5471945412726401
21,800.8715189206309,,,mixed ring-site C-H out-of-plane bending / cyclic-ring out-of-plane deformation,delta(C3-C2-H13),angle,0.10626526009332248,+,0.01979260469221513,0.24025725817088736
21,800.8715189206309,,,mixed ring-site C-H out-of-plane bending / cyclic-ring out-of-plane deformation,"gamma(C7;C8,H23,H24)",oop,0.09952602218817448,+,0.017122658801833213,0.300666713145669
21,800.8715189206309,,,mixed ring-site C-H out-of-plane bending / cyclic-ring out-of-plane deformation,nu(C4-C9),bond,0.09112055084127291,+,0.013925950869875053,0.41615750179357514
21,800.8715189206309,,,mixed ring-site C-H out-of-plane bending / cyclic-ring out-of-plane deformation,"gamma(C4;C2,C3,H13)",oop,0.03157263885278591,-,-0.00895548633424461,0.348677272053292
21,800.8715189206309,,,mixed ring-site C-H out-of-plane bending / cyclic-ring out-of-plane deformation,"gamma(H19;C6,C5,H20)",oop,0.02514431113836674,-,-0.006616738824143355,0.5086778952751276
21,800.8715189206309,,,mixed ring-site C-H out-of-plane bending / cyclic-ring out-of-plane deformation,delta(C2-C3-H16),angle,0.014661647065069795,+,0.0065000374604101295,0.3073563220041683
21,800.8715189206309,,,mixed ring-site C-H out-of-plane bending / cyclic-ring out-of-plane deformation,delta(H15-C3-H16),angle,0.013562572925458366,-,-0.005647857291322707,0.3765873833684418
21,800.8715189206309,,,mixed ring-site C-H out-of-plane bending / cyclic-ring out-of-plane deformation,tau(C3-C2-C4-C5),dihedral,0.012282552263115807,+,0.021288624442874403,0.024004050308062942
21,800.8715189206309,,,mixed ring-site C-H out-of-plane bending / cyclic-ring out-of-plane deformation,delta(H21-C7-H22),angle,0.010150354162219008,-,-0.005710830242090983,0.2756600324984054
21,800.8715189206309,,,mixed ring-site C-H out-of-plane bending / cyclic-ring out-of-plane deformation,delta(H23-C8-H24),angle,0.009304294051639954,+,0.006167908213658691,0.21662008978042366
21,800.8715189206309,,,mixed ring-site C-H out-of-plane bending / cyclic-ring out-of-plane deformation,delta(C1-C2-C3),angle,0.007978171705408064,-,-0.004457816623090329,0.3555904501026593
21,800.8715189206309,,,mixed ring-site C-H out-of-plane bending / cyclic-ring out-of-plane deformation,delta(H14-C3-H16),angle,0.007569487471044508,+,0.004265752481338733,0.36843958035172164
21,800.8715189206309,,,mixed ring-site C-H out-of-plane bending / cyclic-ring out-of-plane deformation,tau(H12-C1-C2-C3),dihedral,0.006375535844726715,+,0.005617320987946218,0.1789572584353189
21,800.8715189206309,,,mixed ring-site C-H out-of-plane bending / cyclic-ring out-of-plane deformation,delta(C4-C9-H25),angle,0.004779293749412485,+,0.004380135776252643,0.22063768235437067
21,800.8715189206309,,,mixed ring-site C-H out-of-plane bending / cyclic-ring out-of-plane deformation,nu(C4-H17),bond,0.0022401016266167103,-,-0.0024255049178213204,0.3372519822787753
21,800.8715189206309,,,mixed ring-site C-H out-of-plane bending / cyclic-ring out-of-plane deformation,delta(H14-C3-H15),angle,0.0020717896759788962,-,-0.002226795641565264,0.3700633261945618
21,800.8715189206309,,,mixed ring-site C-H out-of-plane bending / cyclic-ring out-of-plane deformation,delta(H10-C1-H12),angle,0.0014783120677240628,-,-0.0022419514975294333,0.2604982470330432
21,800.8715189206309,,,mixed ring-site C-H out-of-plane bending / cyclic-ring out-of-plane deformation,"gamma(H11;C1,H10,H12)",oop,0.00120194235644298,-,-0.0022145038313597628,0.21708103153869004
21,800.8715189206309,,,mixed ring-site C-H out-of-plane bending / cyclic-ring out-of-plane deformation,nu(C8-H23),bond,0.0011284871323099972,+,0.0017450276149616165,0.3282336573619821
21,800.8715189206309,,,mixed ring-site C-H out-of-plane bending / cyclic-ring out-of-plane deformation,nu(C6-H19),bond,0.001124513039815258,+,0.0017419217489929154,0.32824515254734715
21,800.8715189206309,,,mixed ring-site C-H out-of-plane bending / cyclic-ring out-of-plane deformation,nu(C2-H13),bond,0.0010574473845445392,-,-0.00167524519382134,0.3337283603614742
21,800.8715189206309,,,mixed ring-site C-H out-of-plane bending / cyclic-ring out-of-plane deformation,nu(C8-H24),bond,0.00021643801324502265,-,-0.0007635652744580132,0.3288003785530708
21,800.8715189206309,,,mixed ring-site C-H out-of-plane bending / cyclic-ring out-of-plane deformation,nu(C6-H20),bond,0.00020296294744639505,-,-0.0007394716894206605,0.3287492466493157
21,800.8715189206309,,,mixed ring-site C-H out-of-plane bending / cyclic-ring out-of-plane deformation,nu(C5-H18),bond,0.00017567572435580695,-,-0.000667683024305672,0.34902954612114734
21,800.8715189206309,,,mixed ring-site C-H out-of-plane bending / cyclic-ring out-of-plane deformation,nu(C9-H25),bond,0.00017107617019510206,-,-0.0006588933217562541,0.34902008220261893
21,800.8715189206309,,,mixed ring-site C-H out-of-plane bending / cyclic-ring out-of-plane deformation,delta(C6-C5-H18),angle,0.00011033454935679777,-,-0.0006050348669133523,0.26695731673582873
21,800.8715189206309,,,mixed ring-site C-H out-of-plane bending / cyclic-ring out-of-plane deformation,nu(C1-H12),bond,3.593286300598135e-05,+,0.00031039233421917436,0.3303398418047025
21,800.8715189206309,,,mixed ring-site C-H out-of-plane bending / cyclic-ring out-of-plane deformation,nu(C3-H15),bond,3.498943298994164e-05,+,0.0003062990112262466,0.33032148604472367
21,800.8715189206309,,,mixed ring-site C-H out-of-plane bending / cyclic-ring out-of-plane deformation,nu(C7-H21),bond,2.9636848945337713e-05,-,-0.0002808611822267903,0.3327665744893832
21,800.8715189206309,,,mixed ring-site C-H out-of-plane bending / cyclic-ring out-of-plane deformation,nu(C1-H11),bond,9.227941633724023e-06,+,0.00015604395163700831,0.33566191504728254
21,800.8715189206309,,,mixed ring-site C-H out-of-plane bending / cyclic-ring out-of-plane deformation,nu(C7-H22),bond,8.142651375983858e-06,-,-0.0001466896120548475,0.3351646674336103
21,800.8715189206309,,,mixed ring-site C-H out-of-plane bending / cyclic-ring out-of-plane deformation,nu(C3-H16),bond,7.946134280135778e-06,+,0.00014480518352562953,0.3356439255063405
21,800.8715189206309,,,mixed ring-site C-H out-of-plane bending / cyclic-ring out-of-plane deformation,nu(C1-H10),bond,1.1820009891185719e-06,+,5.609538499939889e-05,0.33270144145954433
21,800.8715189206309,,,mixed ring-site C-H out-of-plane bending / cyclic-ring out-of-plane deformation,nu(C3-H14),bond,1.0965720879212177e-06,+,5.403048958972754e-05,0.3326982298069487
22,861.6036943802474,,,mixed cyclic-ring out-of-plane deformation / in-phase C-C stretching / ring-site C-H out-of-plane bending,"gamma(C5;C9,C4,H25)",oop,27.59043218674471,+,0.0701802754836988,2.4673359249773874
22,861.6036943802474,,,mixed cyclic-ring out-of-plane deformation / in-phase C-C stretching / ring-site C-H out-of-plane bending,nu(C2-C3),bond,9.052930872899697,+,0.12179161555987539,0.2688155190040503
22,861.6036943802474,,,mixed cyclic-ring out-of-plane deformation / in-phase C-C stretching / ring-site C-H out-of-plane bending,nu(C1-C2),bond,9.029394478848378,+,0.12162941639620027,0.26883220687743986
22,861.6036943802474,,,mixed cyclic-ring out-of-plane deformation / in-phase C-C stretching / ring-site C-H out-of-plane bending,"gamma(C9;C4,C2,C5)",oop,8.353949990085363,-,-0.05321236190445407,1.2994713680163765
22,861.6036943802474,,,mixed cyclic-ring out-of-plane deformation / in-phase C-C stretching / ring-site C-H out-of-plane bending,tau(H23-C8-C9-C4),dihedral,5.6607588476279975,+,0.0745291245178828,0.4488720156531896
22,861.6036943802474,,,mixed cyclic-ring out-of-plane deformation / in-phase C-C stretching / ring-site C-H out-of-plane bending,tau(C2-C4-C5-H18),dihedral,5.08850973751402,+,0.0791351482548155,0.35789174837591814
22,861.6036943802474,,,mixed cyclic-ring out-of-plane deformation / in-phase C-C stretching / ring-site C-H out-of-plane bending,nu(C8-C9),bond,4.532277374408828,+,0.07988024432832734,0.3128510577221663
22,861.6036943802474,,,mixed cyclic-ring out-of-plane deformation / in-phase C-C stretching / ring-site C-H out-of-plane bending,nu(C5-C6),bond,4.284732349686133,+,0.07975022890864386,0.29672882571093184
22,861.6036943802474,,,mixed cyclic-ring out-of-plane deformation / in-phase C-C stretching / ring-site C-H out-of-plane bending,tau(H17-C4-C9-H25),dihedral,3.434210121586733,-,-0.05034904616041147,0.5966838523581202
22,861.6036943802474,,,mixed cyclic-ring out-of-plane deformation / in-phase C-C stretching / ring-site C-H out-of-plane bending,delta(C2-C3-H15),angle,3.2419193049844672,-,-0.05778618570824393,0.4276161102640135
22,861.6036943802474,,,mixed cyclic-ring out-of-plane deformation / in-phase C-C stretching / ring-site C-H out-of-plane bending,tau(C4-C2-C3-H14),dihedral,2.7540447415351523,+,0.0659558654528038,0.27884576993327614
22,861.6036943802474,,,mixed cyclic-ring out-of-plane deformation / in-phase C-C stretching / ring-site C-H out-of-plane bending,delta(C2-C1-H12),angle,2.324461002381792,-,-0.05784435128661978,0.3059850941292659
22,861.6036943802474,,,mixed cyclic-ring out-of-plane deformation / in-phase C-C stretching / ring-site C-H out-of-plane bending,delta(C2-C3-H16),angle,2.068545002962434,+,0.05444542216498029,0.3073563220041683
22,861.6036943802474,,,mixed cyclic-ring out-of-plane deformation / in-phase C-C stretching / ring-site C-H out-of-plane bending,delta(C6-C7-C8),angle,1.6813012014810833,+,0.027033909036079985,1.013275969219078
22,861.6036943802474,,,mixed cyclic-ring out-of-plane deformation / in-phase C-C stretching / ring-site C-H out-of-plane bending,nu(C2-C4),bond,1.1616205688306405,+,0.04318572165015033,0.27433666012197316
22,861.6036943802474,,,mixed cyclic-ring out-of-plane deformation / in-phase C-C stretching / ring-site C-H out-of-plane bending,delta(C2-C4-C5),angle,1.0521198354779708,-,-0.03841054365105141,0.3140973094435254
22,861.6036943802474,,,mixed cyclic-ring out-of-plane deformation / in-phase C-C stretching / ring-site C-H out-of-plane bending,nu(C6-C7),bond,0.9102687221266013,+,0.036962221865982456,0.2934630298225203
22,861.6036943802474,,,mixed cyclic-ring out-of-plane deformation / in-phase C-C stretching / ring-site C-H out-of-plane bending,nu(C7-C8),bond,0.8876394912536906,+,0.0369260099456279,0.28672909715516987
22,861.6036943802474,,,mixed cyclic-ring out-of-plane deformation / in-phase C-C stretching / ring-site C-H out-of-plane bending,tau(H20-C6-C7-C8),dihedral,0.7407481395514993,+,0.036168124665633454,0.24941266534876505
22,861.6036943802474,,,mixed cyclic-ring out-of-plane deformation / in-phase C-C stretching / ring-site C-H out-of-plane bending,delta(C1-C2-C3),angle,0.5563489109924324,-,-0.026251162160315648,0.3555904501026593
22,861.6036943802474,,,mixed cyclic-ring out-of-plane deformation / in-phase C-C stretching / ring-site C-H out-of-plane bending,tau(H17-C4-C9-C8),dihedral,0.531274491947537,-,-0.02235048203433908,0.4684304222796268
22,861.6036943802474,,,mixed cyclic-ring out-of-plane deformation / in-phase C-C stretching / ring-site C-H out-of-plane bending,delta(C3-C2-H13),angle,0.5155168524436053,+,0.030742071851699925,0.24025725817088736
22,861.6036943802474,,,mixed cyclic-ring out-of-plane deformation / in-phase C-C stretching / ring-site C-H out-of-plane bending,"gamma(C4;C5,C6,H18)",oop,0.4993484125037702,+,0.024047352092804314,0.38033742786902636
22,861.6036943802474,,,mixed cyclic-ring out-of-plane deformation / in-phase C-C stretching / ring-site C-H out-of-plane bending,delta(C7-C8-H23),angle,0.4552888689758543,-,-0.014824104565788612,0.9125360055785439
22,861.6036943802474,,,mixed cyclic-ring out-of-plane deformation / in-phase C-C stretching / ring-site C-H out-of-plane bending,tau(C1-C2-C3-H16),dihedral,0.45158009365465734,-,-0.026919514470570546,0.2744733988296527
22,861.6036943802474,,,mixed cyclic-ring out-of-plane deformation / in-phase C-C stretching / ring-site C-H out-of-plane bending,"gamma(C7;C8,H23,H24)",oop,0.36027080483413965,-,-0.02297321716178264,0.300666713145669
22,861.6036943802474,,,mixed cyclic-ring out-of-plane deformation / in-phase C-C stretching / ring-site C-H out-of-plane bending,nu(C4-C5),bond,0.30267788023673636,-,-0.01560879661641528,0.5471945412726401
22,861.6036943802474,,,mixed cyclic-ring out-of-plane deformation / in-phase C-C stretching / ring-site C-H out-of-plane bending,delta(C7-C6-H19),angle,0.28554391598693313,-,-0.014739994321996347,0.578866203893712
22,861.6036943802474,,,mixed cyclic-ring out-of-plane deformation / in-phase C-C stretching / ring-site C-H out-of-plane bending,tau(H11-C1-C2-C3),dihedral,0.2828310987408554,+,0.026932008237282017,0.17174717389126995
22,861.6036943802474,,,mixed cyclic-ring out-of-plane deformation / in-phase C-C stretching / ring-site C-H out-of-plane bending,delta(C2-C1-H10),angle,0.27963369353229806,+,0.018073975152428246,0.3770353350204659
22,861.6036943802474,,,mixed cyclic-ring out-of-plane deformation / in-phase C-C stretching / ring-site C-H out-of-plane bending,nu(C4-C9),bond,0.23018456943125212,-,-0.015608429160318921,0.41615750179357514
22,861.6036943802474,,,mixed cyclic-ring out-of-plane deformation / in-phase C-C stretching / ring-site C-H out-of-plane bending,delta(H14-C3-H15),angle,0.17091881534517772,-,-0.01426286826594047,0.3700633261945618
22,861.6036943802474,,,mixed cyclic-ring out-of-plane deformation / in-phase C-C stretching / ring-site C-H out-of-plane bending,tau(C3-C2-C4-C5),dihedral,0.15680668353802615,-,-0.053640149384022284,0.024004050308062942
22,861.6036943802474,,,mixed cyclic-ring out-of-plane deformation / in-phase C-C stretching / ring-site C-H out-of-plane bending,tau(H19-C6-C7-C8),dihedral,0.15250724538676674,+,0.019173400521635936,0.18272253164280974
22,861.6036943802474,,,mixed cyclic-ring out-of-plane deformation / in-phase C-C stretching / ring-site C-H out-of-plane bending,delta(H10-C1-H12),angle,0.12145481808216546,-,-0.01433028835401753,0.2604982470330432
22,861.6036943802474,,,mixed cyclic-ring out-of-plane deformation / in-phase C-C stretching / ring-site C-H out-of-plane bending,tau(C9-C5-C6-H20),dihedral,0.10966777424738523,-,-0.009831647719961626,0.49971953559980403
22,861.6036943802474,,,mixed cyclic-ring out-of-plane deformation / in-phase C-C stretching / ring-site C-H out-of-plane bending,delta(C3-C2-C4),angle,0.10467048503950914,-,-0.009397961317643434,0.5219835858024717
22,861.6036943802474,,,mixed cyclic-ring out-of-plane deformation / in-phase C-C stretching / ring-site C-H out-of-plane bending,"gamma(C6;C7,H21,H22)",oop,0.10063350101831124,-,-0.01355978394984766,0.24106655312168962
22,861.6036943802474,,,mixed cyclic-ring out-of-plane deformation / in-phase C-C stretching / ring-site C-H out-of-plane bending,tau(H12-C1-C2-C3),dihedral,0.0920269943921492,+,0.015049875878007692,0.1789572584353189
22,861.6036943802474,,,mixed cyclic-ring out-of-plane deformation / in-phase C-C stretching / ring-site C-H out-of-plane bending,"gamma(C4;C2,C3,H13)",oop,0.05656798198762265,-,-0.008453245485197691,0.348677272053292
22,861.6036943802474,,,mixed cyclic-ring out-of-plane deformation / in-phase C-C stretching / ring-site C-H out-of-plane bending,delta(H15-C3-H16),angle,0.04822127182856659,-,-0.00750993892956267,0.3765873833684418
22,861.6036943802474,,,mixed cyclic-ring out-of-plane deformation / in-phase C-C stretching / ring-site C-H out-of-plane bending,"gamma(H19;C6,C5,H20)",oop,0.040440620235507145,-,-0.005917488587827275,0.5086778952751276
22,861.6036943802474,,,mixed cyclic-ring out-of-plane deformation / in-phase C-C stretching / ring-site C-H out-of-plane bending,delta(C4-C9-C8),angle,0.035627397906120524,-,-0.004550656538374034,0.7577673759020244
22,861.6036943802474,,,mixed cyclic-ring out-of-plane deformation / in-phase C-C stretching / ring-site C-H out-of-plane bending,delta(C8-C7-H22),angle,0.032898697262876114,+,0.006222731228674479,0.37421098329674723
22,861.6036943802474,,,mixed cyclic-ring out-of-plane deformation / in-phase C-C stretching / ring-site C-H out-of-plane bending,delta(H21-C7-H22),angle,0.03197602189400683,-,-0.007147847411063791,0.2756600324984054
22,861.6036943802474,,,mixed cyclic-ring out-of-plane deformation / in-phase C-C stretching / ring-site C-H out-of-plane bending,"gamma(H11;C1,H10,H12)",oop,0.03134550095021526,-,-0.007974925362474293,0.21708103153869004
22,861.6036943802474,,,mixed cyclic-ring out-of-plane deformation / in-phase C-C stretching / ring-site C-H out-of-plane bending,delta(H14-C3-H16),angle,0.02377247223388473,+,0.0053309424352384815,0.36843958035172164
22,861.6036943802474,,,mixed cyclic-ring out-of-plane deformation / in-phase C-C stretching / ring-site C-H out-of-plane bending,nu(C2-H13),bond,0.016334811292936926,-,-0.004643125917261247,0.3337283603614742
22,861.6036943802474,,,mixed cyclic-ring out-of-plane deformation / in-phase C-C stretching / ring-site C-H out-of-plane bending,nu(C5-H18),bond,0.012201186042457148,+,0.0039239176679593864,0.34902954612114734
22,861.6036943802474,,,mixed cyclic-ring out-of-plane deformation / in-phase C-C stretching / ring-site C-H out-of-plane bending,nu(C9-H25),bond,0.012169150595094914,+,0.0039188160905434186,0.34902008220261893
22,861.6036943802474,,,mixed cyclic-ring out-of-plane deformation / in-phase C-C stretching / ring-site C-H out-of-plane bending,delta(C6-C5-H18),angle,0.011456252474376469,-,-0.004347607525689732,0.26695731673582873
22,861.6036943802474,,,mixed cyclic-ring out-of-plane deformation / in-phase C-C stretching / ring-site C-H out-of-plane bending,delta(C9-C4-H17),angle,0.010713629452095804,+,0.004491326327699786,0.23393075140123543
22,861.6036943802474,,,mixed cyclic-ring out-of-plane deformation / in-phase C-C stretching / ring-site C-H out-of-plane bending,nu(C4-H17),bond,0.00458934209770302,+,0.0024482057775500167,0.3372519822787753
22,861.6036943802474,,,mixed cyclic-ring out-of-plane deformation / in-phase C-C stretching / ring-site C-H out-of-plane bending,nu(C8-H24),bond,0.004401560296865778,+,0.0024282149653579482,0.3288003785530708
22,861.6036943802474,,,mixed cyclic-ring out-of-plane deformation / in-phase C-C stretching / ring-site C-H out-of-plane bending,nu(C6-H20),bond,0.004347813134210861,+,0.0024135317145438603,0.3287492466493157
22,861.6036943802474,,,mixed cyclic-ring out-of-plane deformation / in-phase C-C stretching / ring-site C-H out-of-plane bending,delta(C4-C9-H25),angle,0.002417144609065691,-,-0.0021966528655494623,0.22063768235437067
22,861.6036943802474,,,mixed cyclic-ring out-of-plane deformation / in-phase C-C stretching / ring-site C-H out-of-plane bending,nu(C7-H21),bond,0.0023892427697465336,+,0.0017783213813572125,0.3327665744893832
22,861.6036943802474,,,mixed cyclic-ring out-of-plane deformation / in-phase C-C stretching / ring-site C-H out-of-plane bending,delta(H23-C8-H24),angle,0.0016044531050847652,-,-0.001806192798251065,0.21662008978042366
22,861.6036943802474,,,mixed cyclic-ring out-of-plane deformation / in-phase C-C stretching / ring-site C-H out-of-plane bending,delta(C9-C8-H23),angle,0.0014673287652883235,-,-0.001290372652819012,0.3881477265434133
22,861.6036943802474,,,mixed cyclic-ring out-of-plane deformation / in-phase C-C stretching / ring-site C-H out-of-plane bending,tau(H21-C7-C8-C9),dihedral,0.0014066378372352686,-,-0.001694759589320218,0.21570788048823702
22,861.6036943802474,,,mixed cyclic-ring out-of-plane deformation / in-phase C-C stretching / ring-site C-H out-of-plane bending,nu(C1-H12),bond,0.0010236049182168702,+,0.0011682496557969858,0.3303398418047025
22,861.6036943802474,,,mixed cyclic-ring out-of-plane deformation / in-phase C-C stretching / ring-site C-H out-of-plane bending,nu(C3-H15),bond,0.0010088959590791014,+,0.001159857773329448,0.33032148604472367
22,861.6036943802474,,,mixed cyclic-ring out-of-plane deformation / in-phase C-C stretching / ring-site C-H out-of-plane bending,nu(C3-H16),bond,0.000955539095123804,+,0.0011197853785213667,0.3356439255063405
22,861.6036943802474,,,mixed cyclic-ring out-of-plane deformation / in-phase C-C stretching / ring-site C-H out-of-plane bending,nu(C1-H11),bond,0.0009468935060812,+,0.0011146781626373396,0.33566191504728254
22,861.6036943802474,,,mixed cyclic-ring out-of-plane deformation / in-phase C-C stretching / ring-site C-H out-of-plane bending,nu(C8-H23),bond,0.0001719138049539224,+,0.00048030131797049914,0.3282336573619821
22,861.6036943802474,,,mixed cyclic-ring out-of-plane deformation / in-phase C-C stretching / ring-site C-H out-of-plane bending,nu(C6-H19),bond,0.00017048036339996055,+,0.00047828634127214045,0.32824515254734715
22,861.6036943802474,,,mixed cyclic-ring out-of-plane deformation / in-phase C-C stretching / ring-site C-H out-of-plane bending,nu(C7-H22),bond,0.0001494936112321315,+,0.00044323307374683044,0.3351646674336103
22,861.6036943802474,,,mixed cyclic-ring out-of-plane deformation / in-phase C-C stretching / ring-site C-H out-of-plane bending,nu(C1-H10),bond,8.809843931612541e-05,+,0.000341512594279633,0.33270144145954433
22,861.6036943802474,,,mixed cyclic-ring out-of-plane deformation / in-phase C-C stretching / ring-site C-H out-of-plane bending,nu(C3-H14),bond,8.668321488238676e-05,+,0.0003387600731129374,0.3326982298069487
23,877.3824451662621,,,mixed cyclic C-C stretching / in-phase C-C stretching,nu(C6-C7),bond,27.08336888254747,+,0.1812618133163965,0.2934630298225203
23,877.3824451662621,,,mixed cyclic C-C stretching / in-phase C-C stretching,nu(C7-C8),bond,26.320326568562102,+,0.18077627341743183,0.28672909715516987
23,877.3824451662621,,,mixed cyclic C-C stretching / in-phase C-C stretching,nu(C8-C9),bond,5.292661335595345,+,0.07760682482338975,0.3128510577221663
23,877.3824451662621,,,mixed cyclic C-C stretching / in-phase C-C stretching,nu(C2-C3),bond,5.223973060743114,-,-0.08317732935233339,0.2688155190040503
23,877.3824451662621,,,mixed cyclic C-C stretching / in-phase C-C stretching,nu(C1-C2),bond,5.196296147736552,-,-0.08295412274467776,0.26883220687743986
23,877.3824451662621,,,mixed cyclic C-C stretching / in-phase C-C stretching,nu(C5-C6),bond,4.9747939377660835,+,0.07725726963702764,0.29672882571093184
23,877.3824451662621,,,mixed cyclic C-C stretching / in-phase C-C stretching,delta(C6-C7-C8),angle,3.456065712158185,-,-0.03484647084279438,1.013275969219078
23,877.3824451662621,,,mixed cyclic C-C stretching / in-phase C-C stretching,"gamma(C4;C5,C6,H18)",oop,3.092457918684955,+,0.05380207716850843,0.38033742786902636
23,877.3824451662621,,,mixed cyclic C-C stretching / in-phase C-C stretching,tau(H17-C4-C9-C8),dihedral,2.4790331101838516,+,0.04340605272959722,0.4684304222796268
23,877.3824451662621,,,mixed cyclic C-C stretching / in-phase C-C stretching,"gamma(C9;C4,C2,C5)",oop,1.8054041519173714,+,0.02224003863328271,1.2994713680163765
23,877.3824451662621,,,mixed cyclic C-C stretching / in-phase C-C stretching,delta(C2-C3-H16),angle,1.6098436203112958,-,-0.04318196951633182,0.3073563220041683
23,877.3824451662621,,,mixed cyclic C-C stretching / in-phase C-C stretching,nu(C4-C5),bond,1.60595845278825,+,0.03232421233830185,0.5471945412726401
23,877.3824451662621,,,mixed cyclic C-C stretching / in-phase C-C stretching,delta(C2-C3-H15),angle,1.3981512247469408,+,0.0341178551239427,0.4276161102640135
23,877.3824451662621,,,mixed cyclic C-C stretching / in-phase C-C stretching,nu(C4-C9),bond,1.2257626806164994,+,0.03238217457843701,0.41615750179357514
23,877.3824451662621,,,mixed cyclic C-C stretching / in-phase C-C stretching,delta(C2-C1-H12),angle,1.0159990967804977,+,0.03438176772098456,0.3059850941292659
23,877.3824451662621,,,mixed cyclic C-C stretching / in-phase C-C stretching,tau(C4-C2-C3-H14),dihedral,1.0104096137390224,-,-0.03591686157376537,0.27884576993327614
23,877.3824451662621,,,mixed cyclic C-C stretching / in-phase C-C stretching,tau(C9-C5-C6-H20),dihedral,0.8165507253713377,-,-0.024119044397257098,0.49971953559980403
23,877.3824451662621,,,mixed cyclic C-C stretching / in-phase C-C stretching,delta(C2-C4-C5),angle,0.7430993934394287,+,0.029021711571222162,0.3140973094435254
23,877.3824451662621,,,mixed cyclic C-C stretching / in-phase C-C stretching,tau(C2-C4-C5-H18),dihedral,0.6304382507019382,+,0.0250424670677572,0.35789174837591814
23,877.3824451662621,,,mixed cyclic C-C stretching / in-phase C-C stretching,delta(C4-C9-H25),angle,0.6216481461175377,-,-0.03167117341833867,0.22063768235437067
23,877.3824451662621,,,mixed cyclic C-C stretching / in-phase C-C stretching,"gamma(C7;C8,H23,H24)",oop,0.5832435937393791,+,0.026279311933614876,0.300666713145669
23,877.3824451662621,,,mixed cyclic C-C stretching / in-phase C-C stretching,delta(C9-C8-H23),angle,0.5597083871124322,+,0.022657608080922428,0.3881477265434133
23,877.3824451662621,,,mixed cyclic C-C stretching / in-phase C-C stretching,delta(C8-C7-H22),angle,0.55425845237919,+,0.022963050116419456,0.37421098329674723
23,877.3824451662621,,,mixed cyclic C-C stretching / in-phase C-C stretching,tau(H21-C7-C8-C9),dihedral,0.3781621334071066,+,0.024982603208570434,0.21570788048823702
23,877.3824451662621,,,mixed cyclic C-C stretching / in-phase C-C stretching,delta(C1-C2-C3),angle,0.3500376543882901,+,0.01872035216555418,0.3555904501026593
23,877.3824451662621,,,mixed cyclic C-C stretching / in-phase C-C stretching,tau(H20-C6-C7-C8),dihedral,0.20328451769345568,-,-0.01703431117353329,0.24941266534876505
23,877.3824451662621,,,mixed cyclic C-C stretching / in-phase C-C stretching,"gamma(C6;C7,H21,H22)",oop,0.20185267942416352,+,0.017265551553199567,0.24106655312168962
23,877.3824451662621,,,mixed cyclic C-C stretching / in-phase C-C stretching,delta(C6-C5-H18),angle,0.18359291965408941,+,0.015647275395692235,0.26695731673582873
23,877.3824451662621,,,mixed cyclic C-C stretching / in-phase C-C stretching,delta(C7-C8-H23),angle,0.1835453522806463,-,-0.008462104176599466,0.9125360055785439
23,877.3824451662621,,,mixed cyclic C-C stretching / in-phase C-C stretching,"gamma(H19;C6,C5,H20)",oop,0.1502570163221409,-,-0.010254810133309644,0.5086778952751276
23,877.3824451662621,,,mixed cyclic C-C stretching / in-phase C-C stretching,delta(H14-C3-H15),angle,0.10948554455537748,+,0.010262945997816143,0.3700633261945618
23,877.3824451662621,,,mixed cyclic C-C stretching / in-phase C-C stretching,tau(H17-C4-C9-H25),dihedral,0.0967786382757966,-,-0.007598874770100227,0.5966838523581202
23,877.3824451662621,,,mixed cyclic C-C stretching / in-phase C-C stretching,delta(C7-C6-H19),angle,0.09141080782143964,-,-0.007497929496586186,0.578866203893712
23,877.3824451662621,,,mixed cyclic C-C stretching / in-phase C-C stretching,tau(H12-C1-C2-C3),dihedral,0.09024368270992207,-,-0.01339878512192844,0.1789572584353189
23,877.3824451662621,,,mixed cyclic C-C stretching / in-phase C-C stretching,delta(C3-C2-H13),angle,0.0897355058536562,-,-0.01153122843676629,0.24025725817088736
23,877.3824451662621,,,mixed cyclic C-C stretching / in-phase C-C stretching,delta(C4-C9-C8),angle,0.0888401479183895,-,-0.006460533175486612,0.7577673759020244
23,877.3824451662621,,,mixed cyclic C-C stretching / in-phase C-C stretching,"gamma(C5;C9,C4,H25)",oop,0.08691475520554409,-,-0.0035413128139388963,2.4673359249773874
23,877.3824451662621,,,mixed cyclic C-C stretching / in-phase C-C stretching,tau(C1-C2-C3-H16),dihedral,0.08316749634089349,+,0.010386240149423685,0.2744733988296527
23,877.3824451662621,,,mixed cyclic C-C stretching / in-phase C-C stretching,delta(H10-C1-H12),angle,0.07799924001097099,+,0.010324629105426478,0.2604982470330432
23,877.3824451662621,,,mixed cyclic C-C stretching / in-phase C-C stretching,delta(H21-C7-H22),angle,0.05696748335984224,+,0.008577451911158255,0.2756600324984054
23,877.3824451662621,,,mixed cyclic C-C stretching / in-phase C-C stretching,tau(H11-C1-C2-C3),dihedral,0.053227782123251854,-,-0.010504032622165515,0.17174717389126995
23,877.3824451662621,,,mixed cyclic C-C stretching / in-phase C-C stretching,nu(C2-C4),bond,0.041271153817798105,-,-0.007318348017135227,0.27433666012197316
23,877.3824451662621,,,mixed cyclic C-C stretching / in-phase C-C stretching,nu(C5-H18),bond,0.012044886379452514,+,0.0035051122760764576,0.34902954612114734
23,877.3824451662621,,,mixed cyclic C-C stretching / in-phase C-C stretching,nu(C9-H25),bond,0.01202685003847366,+,0.003502534453448115,0.34902008220261893
23,877.3824451662621,,,mixed cyclic C-C stretching / in-phase C-C stretching,delta(H14-C3-H16),angle,0.012015646349994306,-,-0.0034073920484364176,0.36843958035172164
23,877.3824451662621,,,mixed cyclic C-C stretching / in-phase C-C stretching,"gamma(H11;C1,H10,H12)",oop,0.00623526078740128,+,0.0031977760773099708,0.21708103153869004
23,877.3824451662621,,,mixed cyclic C-C stretching / in-phase C-C stretching,nu(C7-H21),bond,0.005671722627907133,+,0.0024633114195487427,0.3327665744893832
23,877.3824451662621,,,mixed cyclic C-C stretching / in-phase C-C stretching,delta(H15-C3-H16),angle,0.0055725565012708445,+,0.002295229058639862,0.3765873833684418
23,877.3824451662621,,,mixed cyclic C-C stretching / in-phase C-C stretching,nu(C7-H22),bond,0.005474427553649794,+,0.0024114147770382217,0.3351646674336103
23,877.3824451662621,,,mixed cyclic C-C stretching / in-phase C-C stretching,nu(C4-H17),bond,0.004185398853515721,+,0.0021019522518295097,0.3372519822787753
23,877.3824451662621,,,mixed cyclic C-C stretching / in-phase C-C stretching,nu(C2-H13),bond,0.004131457001140717,+,0.002099359126877138,0.3337283603614742
23,877.3824451662621,,,mixed cyclic C-C stretching / in-phase C-C stretching,"gamma(C4;C2,C3,H13)",oop,0.003302944385021754,-,-0.0018364135439112024,0.348677272053292
23,877.3824451662621,,,mixed cyclic C-C stretching / in-phase C-C stretching,delta(C9-C4-H17),angle,0.002688575011955761,-,-0.002022782079339064,0.23393075140123543
23,877.3824451662621,,,mixed cyclic C-C stretching / in-phase C-C stretching,nu(C6-H20),bond,0.0024424735245493143,+,0.0016263507923468107,0.3287492466493157
23,877.3824451662621,,,mixed cyclic C-C stretching / in-phase C-C stretching,nu(C8-H24),bond,0.002343450727121181,+,0.0015929180562953243,0.3288003785530708
23,877.3824451662621,,,mixed cyclic C-C stretching / in-phase C-C stretching,nu(C8-H23),bond,0.0010040193076106573,+,0.0010435449304687214,0.3282336573619821
23,877.3824451662621,,,mixed cyclic C-C stretching / in-phase C-C stretching,nu(C6-H19),bond,0.0009564014613873368,+,0.0010184802957222685,0.32824515254734715
23,877.3824451662621,,,mixed cyclic C-C stretching / in-phase C-C stretching,delta(C2-C1-H10),angle,0.0007475149643329298,+,0.0008401379354608321,0.3770353350204659
23,877.3824451662621,,,mixed cyclic C-C stretching / in-phase C-C stretching,delta(H23-C8-H24),angle,0.000664824116153748,+,0.0010452873461345073,0.21662008978042366
23,877.3824451662621,,,mixed cyclic C-C stretching / in-phase C-C stretching,tau(C3-C2-C4-C5),dihedral,0.0006358664357917959,+,0.003070947294385581,0.024004050308062942
23,877.3824451662621,,,mixed cyclic C-C stretching / in-phase C-C stretching,nu(C3-H16),bond,0.0003333062531453958,-,-0.0005945850855206203,0.3356439255063405
23,877.3824451662621,,,mixed cyclic C-C stretching / in-phase C-C stretching,nu(C1-H11),bond,0.00032018601688897825,-,-0.0005827493839768495,0.33566191504728254
23,877.3824451662621,,,mixed cyclic C-C stretching / in-phase C-C stretching,tau(H19-C6-C7-C8),dihedral,0.0003084047183649778,+,0.0007751685268872534,0.18272253164280974
23,877.3824451662621,,,mixed cyclic C-C stretching / in-phase C-C stretching,nu(C1-H12),bond,0.00020192976513070117,-,-0.00046649969932336917,0.3303398418047025
23,877.3824451662621,,,mixed cyclic C-C stretching / in-phase C-C stretching,nu(C3-H15),bond,0.00019694924350640132,-,-0.000460723561779373,0.33032148604472367
23,877.3824451662621,,,mixed cyclic C-C stretching / in-phase C-C stretching,nu(C3-H14),bond,8.73587614024277e-05,-,-0.00030574521237354904,0.3326982298069487
23,877.3824451662621,,,mixed cyclic C-C stretching / in-phase C-C stretching,nu(C1-H10),bond,8.683136135858251e-05,-,-0.0003048194254122716,0.33270144145954433
23,877.3824451662621,,,mixed cyclic C-C stretching / in-phase C-C stretching,tau(H23-C8-C9-C4),dihedral,6.772402625496412e-05,+,0.00023176176823557195,0.4488720156531896
23,877.3824451662621,,,mixed cyclic C-C stretching / in-phase C-C stretching,delta(C3-C2-C4),angle,2.6058925672939833e-05,+,0.0001333157642512164,0.5219835858024717
24,889.8377556130854,,,mixed ring-site C-H in-plane bending / ring-site C-H out-of-plane bending,delta(C7-C8-H23),angle,23.28819319187878,+,0.15061863669432402,0.9125360055785439
24,889.8377556130854,,,mixed ring-site C-H in-plane bending / ring-site C-H out-of-plane bending,delta(C7-C6-H19),angle,14.824828038568754,-,-0.15088343206567417,0.578866203893712
24,889.8377556130854,,,mixed ring-site C-H in-plane bending / ring-site C-H out-of-plane bending,tau(C9-C5-C6-H20),dihedral,14.276139215429547,-,-0.15935953090255728,0.49971953559980403
24,889.8377556130854,,,mixed ring-site C-H in-plane bending / ring-site C-H out-of-plane bending,tau(H23-C8-C9-C4),dihedral,12.752851801068166,-,-0.15891987339640104,0.4488720156531896
24,889.8377556130854,,,mixed ring-site C-H in-plane bending / ring-site C-H out-of-plane bending,tau(H20-C6-C7-C8),dihedral,7.866868492432508,+,0.16744705462124376,0.24941266534876505
24,889.8377556130854,,,mixed ring-site C-H in-plane bending / ring-site C-H out-of-plane bending,tau(H19-C6-C7-C8),dihedral,5.403135539186855,+,0.1621297445643019,0.18272253164280974
24,889.8377556130854,,,mixed ring-site C-H in-plane bending / ring-site C-H out-of-plane bending,delta(C9-C8-H23),angle,4.007226411699663,+,0.09579861636196099,0.3881477265434133
24,889.8377556130854,,,mixed ring-site C-H in-plane bending / ring-site C-H out-of-plane bending,delta(C8-C7-H22),angle,3.74069547035241,-,-0.09426570744226352,0.37421098329674723
24,889.8377556130854,,,mixed ring-site C-H in-plane bending / ring-site C-H out-of-plane bending,"gamma(H19;C6,C5,H20)",oop,1.7841670228367963,+,0.05583829392861523,0.5086778952751276
24,889.8377556130854,,,mixed ring-site C-H in-plane bending / ring-site C-H out-of-plane bending,tau(C2-C4-C5-H18),dihedral,1.3626659132721226,-,-0.05817744882591427,0.35789174837591814
24,889.8377556130854,,,mixed ring-site C-H in-plane bending / ring-site C-H out-of-plane bending,nu(C7-C8),bond,1.3091439039985888,+,0.0637079498653713,0.28672909715516987
24,889.8377556130854,,,mixed ring-site C-H in-plane bending / ring-site C-H out-of-plane bending,nu(C6-C7),bond,1.2650358684677443,-,-0.06190283521045626,0.2934630298225203
24,889.8377556130854,,,mixed ring-site C-H in-plane bending / ring-site C-H out-of-plane bending,tau(H17-C4-C9-C8),dihedral,1.1838678794044146,+,0.047398532065275605,0.4684304222796268
24,889.8377556130854,,,mixed ring-site C-H in-plane bending / ring-site C-H out-of-plane bending,delta(C4-C9-H25),angle,1.1483854216471887,-,-0.06802049862545229,0.22063768235437067
24,889.8377556130854,,,mixed ring-site C-H in-plane bending / ring-site C-H out-of-plane bending,delta(C4-C9-C8),angle,1.0904734701486358,+,0.035766415675484095,0.7577673759020244
24,889.8377556130854,,,mixed ring-site C-H in-plane bending / ring-site C-H out-of-plane bending,tau(H17-C4-C9-H25),dihedral,0.796016669859214,+,0.034436956195045935,0.5966838523581202
24,889.8377556130854,,,mixed ring-site C-H in-plane bending / ring-site C-H out-of-plane bending,"gamma(C5;C9,C4,H25)",oop,0.7190570865046788,+,0.016095458906046644,2.4673359249773874
24,889.8377556130854,,,mixed ring-site C-H in-plane bending / ring-site C-H out-of-plane bending,delta(C9-C4-H17),angle,0.6800782791384988,-,-0.05083602838868433,0.23393075140123543
24,889.8377556130854,,,mixed ring-site C-H in-plane bending / ring-site C-H out-of-plane bending,nu(C8-C9),bond,0.4853814395753802,-,-0.037137151403171205,0.3128510577221663
24,889.8377556130854,,,mixed ring-site C-H in-plane bending / ring-site C-H out-of-plane bending,nu(C5-C6),bond,0.4642291255335989,+,0.0372925553172822,0.29672882571093184
24,889.8377556130854,,,mixed ring-site C-H in-plane bending / ring-site C-H out-of-plane bending,"gamma(C6;C7,H21,H22)",oop,0.42126856309379623,+,0.03941366908295846,0.24106655312168962
24,889.8377556130854,,,mixed ring-site C-H in-plane bending / ring-site C-H out-of-plane bending,nu(C4-C5),bond,0.3078843640444887,+,0.02236447759487587,0.5471945412726401
24,889.8377556130854,,,mixed ring-site C-H in-plane bending / ring-site C-H out-of-plane bending,nu(C4-C9),bond,0.2340055272341806,-,-0.022357333917251008,0.41615750179357514
24,889.8377556130854,,,mixed ring-site C-H in-plane bending / ring-site C-H out-of-plane bending,"gamma(C4;C5,C6,H18)",oop,0.19018503212347196,-,-0.021083342011809388,0.38033742786902636
24,889.8377556130854,,,mixed ring-site C-H in-plane bending / ring-site C-H out-of-plane bending,delta(C6-C5-H18),angle,0.18089383615304833,-,-0.024542951519653272,0.26695731673582873
24,889.8377556130854,,,mixed ring-site C-H in-plane bending / ring-site C-H out-of-plane bending,nu(C2-C3),bond,0.05230768274226559,+,0.013151987612172941,0.2688155190040503
24,889.8377556130854,,,mixed ring-site C-H in-plane bending / ring-site C-H out-of-plane bending,nu(C1-C2),bond,0.05152697984952439,-,-0.013053065421106512,0.26883220687743986
24,889.8377556130854,,,mixed ring-site C-H in-plane bending / ring-site C-H out-of-plane bending,"gamma(C9;C4,C2,C5)",oop,0.027959319629138873,-,-0.004373365366489955,1.2994713680163765
24,889.8377556130854,,,mixed ring-site C-H in-plane bending / ring-site C-H out-of-plane bending,delta(C2-C3-H16),angle,0.02735414553666762,+,0.008894597921847242,0.3073563220041683
24,889.8377556130854,,,mixed ring-site C-H in-plane bending / ring-site C-H out-of-plane bending,delta(C2-C1-H10),angle,0.00939632973897498,+,0.0047067801914226015,0.3770353350204659
24,889.8377556130854,,,mixed ring-site C-H in-plane bending / ring-site C-H out-of-plane bending,delta(C2-C4-C5),angle,0.008291732151903725,+,0.004844247719923528,0.3140973094435254
24,889.8377556130854,,,mixed ring-site C-H in-plane bending / ring-site C-H out-of-plane bending,tau(C3-C2-C4-C5),dihedral,0.006073829978508747,+,0.014997707198474134,0.024004050308062942
24,889.8377556130854,,,mixed ring-site C-H in-plane bending / ring-site C-H out-of-plane bending,delta(C3-C2-C4),angle,0.005326897316753888,-,-0.003011927811771564,0.5219835858024717
24,889.8377556130854,,,mixed ring-site C-H in-plane bending / ring-site C-H out-of-plane bending,nu(C8-H23),bond,0.004127901333613276,-,-0.0033435584327189075,0.3282336573619821
24,889.8377556130854,,,mixed ring-site C-H in-plane bending / ring-site C-H out-of-plane bending,nu(C6-H19),bond,0.004121603530806538,+,0.0033409483790293047,0.32824515254734715
24,889.8377556130854,,,mixed ring-site C-H in-plane bending / ring-site C-H out-of-plane bending,tau(H12-C1-C2-C3),dihedral,0.0033932874840042937,-,-0.00410555134610077,0.1789572584353189
24,889.8377556130854,,,mixed ring-site C-H in-plane bending / ring-site C-H out-of-plane bending,delta(H14-C3-H15),angle,0.0026557211904681944,-,-0.0025257422831878127,0.3700633261945618
24,889.8377556130854,,,mixed ring-site C-H in-plane bending / ring-site C-H out-of-plane bending,delta(C3-C2-H13),angle,0.002330422648083007,+,0.0029363979161964623,0.24025725817088736
24,889.8377556130854,,,mixed ring-site C-H in-plane bending / ring-site C-H out-of-plane bending,delta(H10-C1-H12),angle,0.001846147076268396,+,0.0025099586405676016,0.2604982470330432
24,889.8377556130854,,,mixed ring-site C-H in-plane bending / ring-site C-H out-of-plane bending,delta(C2-C3-H15),angle,0.0017408210829898368,-,-0.0019023300088518197,0.4276161102640135
24,889.8377556130854,,,mixed ring-site C-H in-plane bending / ring-site C-H out-of-plane bending,delta(C2-C1-H12),angle,0.0014180123881477366,+,0.002029671233526283,0.3059850941292659
24,889.8377556130854,,,mixed ring-site C-H in-plane bending / ring-site C-H out-of-plane bending,nu(C8-H24),bond,0.0012917779076206692,+,0.0018688032956515582,0.3288003785530708
24,889.8377556130854,,,mixed ring-site C-H in-plane bending / ring-site C-H out-of-plane bending,nu(C6-H20),bond,0.0012491901366690342,-,-0.0018378823600455475,0.3287492466493157
24,889.8377556130854,,,mixed ring-site C-H in-plane bending / ring-site C-H out-of-plane bending,"gamma(C4;C2,C3,H13)",oop,0.0009237151829604394,-,-0.0015345923914436824,0.348677272053292
24,889.8377556130854,,,mixed ring-site C-H in-plane bending / ring-site C-H out-of-plane bending,tau(C1-C2-C3-H16),dihedral,0.0008980972120142927,+,0.0017054828764033446,0.2744733988296527
24,889.8377556130854,,,mixed ring-site C-H in-plane bending / ring-site C-H out-of-plane bending,tau(C4-C2-C3-H14),dihedral,0.0008696867978369428,+,0.0016650804729174012,0.27884576993327614
24,889.8377556130854,,,mixed ring-site C-H in-plane bending / ring-site C-H out-of-plane bending,delta(H15-C3-H16),angle,0.0004901928286625856,+,0.0010756882210402996,0.3765873833684418
24,889.8377556130854,,,mixed ring-site C-H in-plane bending / ring-site C-H out-of-plane bending,tau(H11-C1-C2-C3),dihedral,0.0004466635967459535,+,0.001520482055334906,0.17174717389126995
24,889.8377556130854,,,mixed ring-site C-H in-plane bending / ring-site C-H out-of-plane bending,tau(H21-C7-C8-C9),dihedral,0.0003939456205011357,-,-0.0012741511541675189,0.21570788048823702
24,889.8377556130854,,,mixed ring-site C-H in-plane bending / ring-site C-H out-of-plane bending,"gamma(C7;C8,H23,H24)",oop,0.0002032623329388162,+,0.000775213982201636,0.300666713145669
24,889.8377556130854,,,mixed ring-site C-H in-plane bending / ring-site C-H out-of-plane bending,delta(H14-C3-H16),angle,0.00019470386517305555,-,-0.0006853934762076874,0.36843958035172164
24,889.8377556130854,,,mixed ring-site C-H in-plane bending / ring-site C-H out-of-plane bending,"gamma(H11;C1,H10,H12)",oop,0.00011057202924799343,+,0.0006728953404822379,0.21708103153869004
24,889.8377556130854,,,mixed ring-site C-H in-plane bending / ring-site C-H out-of-plane bending,delta(H23-C8-H24),angle,8.524301116142013e-05,+,0.0005914470157838551,0.21662008978042366
24,889.8377556130854,,,mixed ring-site C-H in-plane bending / ring-site C-H out-of-plane bending,delta(C6-C7-C8),angle,8.018735526480786e-05,-,-0.0002652313725401747,1.013275969219078
24,889.8377556130854,,,mixed ring-site C-H in-plane bending / ring-site C-H out-of-plane bending,nu(C5-H18),bond,6.0598268589072564e-05,+,0.0003928573030789991,0.34902954612114734
24,889.8377556130854,,,mixed ring-site C-H in-plane bending / ring-site C-H out-of-plane bending,nu(C9-H25),bond,5.785816303663544e-05,-,-0.0003838777419864179,0.34902008220261893
24,889.8377556130854,,,mixed ring-site C-H in-plane bending / ring-site C-H out-of-plane bending,nu(C2-C4),bond,2.9436832126117958e-05,-,-0.00030884418687629093,0.27433666012197316
24,889.8377556130854,,,mixed ring-site C-H in-plane bending / ring-site C-H out-of-plane bending,nu(C3-H16),bond,1.8311672314171313e-05,+,0.0002202218605753479,0.3356439255063405
24,889.8377556130854,,,mixed ring-site C-H in-plane bending / ring-site C-H out-of-plane bending,nu(C1-H11),bond,1.5886232581782264e-05,-,-0.00020511397145595026,0.33566191504728254
24,889.8377556130854,,,mixed ring-site C-H in-plane bending / ring-site C-H out-of-plane bending,nu(C1-H12),bond,1.2944260363171064e-05,-,-0.00018663537385012248,0.3303398418047025
24,889.8377556130854,,,mixed ring-site C-H in-plane bending / ring-site C-H out-of-plane bending,nu(C3-H15),bond,1.2606869361110931e-05,+,0.00018419211457790038,0.33032148604472367
24,889.8377556130854,,,mixed ring-site C-H in-plane bending / ring-site C-H out-of-plane bending,delta(H21-C7-H22),angle,5.0230083413669615e-06,+,0.00012727141350546198,0.2756600324984054
24,889.8377556130854,,,mixed ring-site C-H in-plane bending / ring-site C-H out-of-plane bending,nu(C3-H14),bond,8.361098748937824e-07,+,4.726528170109875e-05,0.3326982298069487
24,889.8377556130854,,,mixed ring-site C-H in-plane bending / ring-site C-H out-of-plane bending,nu(C1-H10),bond,6.902154167016472e-07,-,-4.2943833056111315e-05,0.33270144145954433
24,889.8377556130854,,,mixed ring-site C-H in-plane bending / ring-site C-H out-of-plane bending,nu(C7-H22),bond,9.228980620138562e-08,-,-1.5645288339045135e-05,0.3351646674336103
24,889.8377556130854,,,mixed ring-site C-H in-plane bending / ring-site C-H out-of-plane bending,nu(C7-H21),bond,3.9125712383061005e-08,+,1.0223441125386258e-05,0.3327665744893832
24,889.8377556130854,,,mixed ring-site C-H in-plane bending / ring-site C-H out-of-plane bending,nu(C2-H13),bond,3.085286909070303e-08,+,9.065401432262184e-06,0.3337283603614742
24,889.8377556130854,,,mixed ring-site C-H in-plane bending / ring-site C-H out-of-plane bending,nu(C4-H17),bond,1.0672324909054007e-08,+,5.303811529597455e-06,0.3372519822787753
24,889.8377556130854,,,mixed ring-site C-H in-plane bending / ring-site C-H out-of-plane bending,delta(C1-C2-C3),angle,2.1984095693290812e-10,-,-7.413359785185462e-07,0.3555904501026593
25,915.2102841346741,,,mixed mixed-phase cyclic C-C stretching / in-phase C-C stretching,delta(C6-C7-C8),angle,13.270474956558557,-,-0.07957152976636653,1.013275969219078
25,915.2102841346741,,,mixed mixed-phase cyclic C-C stretching / in-phase C-C stretching,nu(C2-C4),bond,8.295783368941722,-,-0.12091080800474555,0.27433666012197316
25,915.2102841346741,,,mixed mixed-phase cyclic C-C stretching / in-phase C-C stretching,"gamma(C5;C9,C4,H25)",oop,8.151713448885143,-,-0.03996581345705668,2.4673359249773874
25,915.2102841346741,,,mixed mixed-phase cyclic C-C stretching / in-phase C-C stretching,nu(C2-C3),bond,7.929230975047295,+,0.1194171525393406,0.2688155190040503
25,915.2102841346741,,,mixed mixed-phase cyclic C-C stretching / in-phase C-C stretching,nu(C1-C2),bond,7.888557790966267,+,0.11910678518989172,0.26883220687743986
25,915.2102841346741,,,mixed mixed-phase cyclic C-C stretching / in-phase C-C stretching,nu(C6-C7),bond,5.860520720574409,+,0.09825841403302565,0.2934630298225203
25,915.2102841346741,,,mixed mixed-phase cyclic C-C stretching / in-phase C-C stretching,nu(C7-C8),bond,5.668112924860603,+,0.0977601161859474,0.28672909715516987
25,915.2102841346741,,,mixed mixed-phase cyclic C-C stretching / in-phase C-C stretching,delta(C2-C1-H10),angle,5.132997460532877,-,-0.081128387424295,0.3770353350204659
25,915.2102841346741,,,mixed mixed-phase cyclic C-C stretching / in-phase C-C stretching,delta(C2-C3-H16),angle,4.642498977340879,+,0.08545415394906267,0.3073563220041683
25,915.2102841346741,,,mixed mixed-phase cyclic C-C stretching / in-phase C-C stretching,tau(H17-C4-C9-H25),dihedral,3.502026408864027,+,0.0532679411826009,0.5966838523581202
25,915.2102841346741,,,mixed mixed-phase cyclic C-C stretching / in-phase C-C stretching,tau(C2-C4-C5-H18),dihedral,2.7654218686673584,-,-0.06111997943122137,0.35789174837591814
25,915.2102841346741,,,mixed mixed-phase cyclic C-C stretching / in-phase C-C stretching,tau(H23-C8-C9-C4),dihedral,2.747377283368232,-,-0.05439716067455828,0.4488720156531896
25,915.2102841346741,,,mixed mixed-phase cyclic C-C stretching / in-phase C-C stretching,nu(C4-C5),bond,2.568632238107228,-,-0.04763853879092188,0.5471945412726401
25,915.2102841346741,,,mixed mixed-phase cyclic C-C stretching / in-phase C-C stretching,nu(C8-C9),bond,2.2326938311427256,-,-0.05873867126183429,0.3128510577221663
25,915.2102841346741,,,mixed mixed-phase cyclic C-C stretching / in-phase C-C stretching,nu(C5-C6),bond,2.1288206999628043,-,-0.058893588692345664,0.29672882571093184
25,915.2102841346741,,,mixed mixed-phase cyclic C-C stretching / in-phase C-C stretching,nu(C4-C9),bond,1.9450707965294292,-,-0.04753540390505412,0.41615750179357514
25,915.2102841346741,,,mixed mixed-phase cyclic C-C stretching / in-phase C-C stretching,delta(C7-C8-H23),angle,1.5894975606110013,+,0.029019055552378034,0.9125360055785439
25,915.2102841346741,,,mixed mixed-phase cyclic C-C stretching / in-phase C-C stretching,tau(H21-C7-C8-C9),dihedral,1.374584863414453,-,-0.05550487366594074,0.21570788048823702
25,915.2102841346741,,,mixed mixed-phase cyclic C-C stretching / in-phase C-C stretching,"gamma(C7;C8,H23,H24)",oop,1.079596360239379,+,0.04166451939077149,0.300666713145669
25,915.2102841346741,,,mixed mixed-phase cyclic C-C stretching / in-phase C-C stretching,tau(H20-C6-C7-C8),dihedral,1.0599275178508483,-,-0.045327021052329476,0.24941266534876505
25,915.2102841346741,,,mixed mixed-phase cyclic C-C stretching / in-phase C-C stretching,delta(C7-C6-H19),angle,1.0546129951489143,+,0.029678080431931722,0.578866203893712
25,915.2102841346741,,,mixed mixed-phase cyclic C-C stretching / in-phase C-C stretching,"gamma(H19;C6,C5,H20)",oop,0.9812336502230262,+,0.030538178515415796,0.5086778952751276
25,915.2102841346741,,,mixed mixed-phase cyclic C-C stretching / in-phase C-C stretching,"gamma(C6;C7,H21,H22)",oop,0.7873452581741663,+,0.03973676195375895,0.24106655312168962
25,915.2102841346741,,,mixed mixed-phase cyclic C-C stretching / in-phase C-C stretching,tau(H17-C4-C9-C8),dihedral,0.7583662287872225,+,0.02797662308157073,0.4684304222796268
25,915.2102841346741,,,mixed mixed-phase cyclic C-C stretching / in-phase C-C stretching,tau(C1-C2-C3-H16),dihedral,0.6806671756531294,+,0.034625465395986606,0.2744733988296527
25,915.2102841346741,,,mixed mixed-phase cyclic C-C stretching / in-phase C-C stretching,tau(H12-C1-C2-C3),dihedral,0.6548347050385764,+,0.042060025414571656,0.1789572584353189
25,915.2102841346741,,,mixed mixed-phase cyclic C-C stretching / in-phase C-C stretching,"gamma(C4;C2,C3,H13)",oop,0.6543705487671589,+,0.030121625057127073,0.348677272053292
25,915.2102841346741,,,mixed mixed-phase cyclic C-C stretching / in-phase C-C stretching,delta(C8-C7-H22),angle,0.5928733246674034,-,-0.02767585431303841,0.37421098329674723
25,915.2102841346741,,,mixed mixed-phase cyclic C-C stretching / in-phase C-C stretching,delta(C1-C2-C3),angle,0.5850980712124157,-,-0.028204449950825702,0.3555904501026593
25,915.2102841346741,,,mixed mixed-phase cyclic C-C stretching / in-phase C-C stretching,"gamma(C9;C4,C2,C5)",oop,0.5621097893906659,+,0.014461240959755678,1.2994713680163765
25,915.2102841346741,,,mixed mixed-phase cyclic C-C stretching / in-phase C-C stretching,tau(C4-C2-C3-H14),dihedral,0.450740333811655,+,0.02795500191202821,0.27884576993327614
25,915.2102841346741,,,mixed mixed-phase cyclic C-C stretching / in-phase C-C stretching,tau(H11-C1-C2-C3),dihedral,0.42243184056561883,-,-0.03448354202805242,0.17174717389126995
25,915.2102841346741,,,mixed mixed-phase cyclic C-C stretching / in-phase C-C stretching,delta(C4-C9-C8),angle,0.343400575478024,+,0.014801676326382433,0.7577673759020244
25,915.2102841346741,,,mixed mixed-phase cyclic C-C stretching / in-phase C-C stretching,"gamma(C4;C5,C6,H18)",oop,0.2732159416924243,-,-0.01863574808619658,0.38033742786902636
25,915.2102841346741,,,mixed mixed-phase cyclic C-C stretching / in-phase C-C stretching,delta(H14-C3-H15),angle,0.23395920247529164,-,-0.01748277578256683,0.3700633261945618
25,915.2102841346741,,,mixed mixed-phase cyclic C-C stretching / in-phase C-C stretching,delta(H10-C1-H12),angle,0.16762455817130117,-,-0.017637814312777195,0.2604982470330432
25,915.2102841346741,,,mixed mixed-phase cyclic C-C stretching / in-phase C-C stretching,delta(H15-C3-H16),angle,0.15012784915689426,+,0.013882768891885458,0.3765873833684418
25,915.2102841346741,,,mixed mixed-phase cyclic C-C stretching / in-phase C-C stretching,delta(C3-C2-C4),angle,0.1385080375497063,+,0.011326283042850556,0.5219835858024717
25,915.2102841346741,,,mixed mixed-phase cyclic C-C stretching / in-phase C-C stretching,delta(C4-C9-H25),angle,0.13301837723118726,-,-0.017072390065882487,0.22063768235437067
25,915.2102841346741,,,mixed mixed-phase cyclic C-C stretching / in-phase C-C stretching,tau(H19-C6-C7-C8),dihedral,0.10135660795839727,-,-0.016376018778138844,0.18272253164280974
25,915.2102841346741,,,mixed mixed-phase cyclic C-C stretching / in-phase C-C stretching,delta(C9-C8-H23),angle,0.09011790636063312,-,-0.010594619625692296,0.3881477265434133
25,915.2102841346741,,,mixed mixed-phase cyclic C-C stretching / in-phase C-C stretching,delta(C6-C5-H18),angle,0.0767111430904145,+,0.011786548797709713,0.26695731673582873
25,915.2102841346741,,,mixed mixed-phase cyclic C-C stretching / in-phase C-C stretching,delta(H21-C7-H22),angle,0.06799589580715183,+,0.010920255358418417,0.2756600324984054
25,915.2102841346741,,,mixed mixed-phase cyclic C-C stretching / in-phase C-C stretching,delta(C2-C4-C5),angle,0.06745592675870432,+,0.010189580253350932,0.3140973094435254
25,915.2102841346741,,,mixed mixed-phase cyclic C-C stretching / in-phase C-C stretching,delta(C3-C2-H13),angle,0.050135518586084504,-,-0.01004414198013406,0.24025725817088736
25,915.2102841346741,,,mixed mixed-phase cyclic C-C stretching / in-phase C-C stretching,delta(H14-C3-H16),angle,0.020684010139316318,-,-0.005209698343693059,0.36843958035172164
25,915.2102841346741,,,mixed mixed-phase cyclic C-C stretching / in-phase C-C stretching,tau(C9-C5-C6-H20),dihedral,0.01635319973769735,-,-0.003977558286145624,0.49971953559980403
25,915.2102841346741,,,mixed mixed-phase cyclic C-C stretching / in-phase C-C stretching,delta(C2-C3-H15),angle,0.012738617902236887,+,0.003795006043175528,0.4276161102640135
25,915.2102841346741,,,mixed mixed-phase cyclic C-C stretching / in-phase C-C stretching,nu(C4-H17),bond,0.008488260787128103,-,-0.0034882728450425227,0.3372519822787753
25,915.2102841346741,,,mixed mixed-phase cyclic C-C stretching / in-phase C-C stretching,nu(C5-H18),bond,0.008253282014388989,-,-0.0033811200569269294,0.34902954612114734
25,915.2102841346741,,,mixed mixed-phase cyclic C-C stretching / in-phase C-C stretching,nu(C9-H25),bond,0.008226915404711016,-,-0.0033757607023422484,0.34902008220261893
25,915.2102841346741,,,mixed mixed-phase cyclic C-C stretching / in-phase C-C stretching,delta(C2-C1-H12),angle,0.007090597912536935,+,0.003347107335292037,0.3059850941292659
25,915.2102841346741,,,mixed mixed-phase cyclic C-C stretching / in-phase C-C stretching,nu(C2-H13),bond,0.002273594710168351,-,-0.0018148398770164672,0.3337283603614742
25,915.2102841346741,,,mixed mixed-phase cyclic C-C stretching / in-phase C-C stretching,delta(H23-C8-H24),angle,0.0009698279641819471,+,0.0014712156333471131,0.21662008978042366
25,915.2102841346741,,,mixed mixed-phase cyclic C-C stretching / in-phase C-C stretching,nu(C3-H14),bond,0.0007239881500843742,+,0.0010256963960084983,0.3326982298069487
25,915.2102841346741,,,mixed mixed-phase cyclic C-C stretching / in-phase C-C stretching,nu(C1-H10),bond,0.0007151207471696934,+,0.001019390761602245,0.33270144145954433
25,915.2102841346741,,,mixed mixed-phase cyclic C-C stretching / in-phase C-C stretching,nu(C7-H22),bond,0.0005327518835842411,+,0.0008766207123513212,0.3351646674336103
25,915.2102841346741,,,mixed mixed-phase cyclic C-C stretching / in-phase C-C stretching,"gamma(H11;C1,H10,H12)",oop,0.00034402818994242406,+,0.000875315104119545,0.21708103153869004
25,915.2102841346741,,,mixed mixed-phase cyclic C-C stretching / in-phase C-C stretching,nu(C7-H21),bond,0.00017975968393924068,+,0.0005110397070477281,0.3327665744893832
25,915.2102841346741,,,mixed mixed-phase cyclic C-C stretching / in-phase C-C stretching,nu(C3-H16),bond,0.0001212771440116219,+,0.00041795394644514105,0.3356439255063405
25,915.2102841346741,,,mixed mixed-phase cyclic C-C stretching / in-phase C-C stretching,tau(C3-C2-C4-C5),dihedral,0.00010761557263008887,-,-0.0014722231480969348,0.024004050308062942
25,915.2102841346741,,,mixed mixed-phase cyclic C-C stretching / in-phase C-C stretching,nu(C1-H11),bond,0.00010335689453026706,+,0.0003858309280998985,0.33566191504728254
25,915.2102841346741,,,mixed mixed-phase cyclic C-C stretching / in-phase C-C stretching,nu(C6-H19),bond,5.972793076826672e-05,-,-0.0002965977960815941,0.32824515254734715
25,915.2102841346741,,,mixed mixed-phase cyclic C-C stretching / in-phase C-C stretching,nu(C8-H23),bond,5.5363687251783624e-05,-,-0.0002855612622666932,0.3282336573619821
25,915.2102841346741,,,mixed mixed-phase cyclic C-C stretching / in-phase C-C stretching,nu(C3-H15),bond,3.5417122611379935e-05,-,-0.00022767564273877588,0.33032148604472367
25,915.2102841346741,,,mixed mixed-phase cyclic C-C stretching / in-phase C-C stretching,nu(C8-H24),bond,3.260799712984145e-05,+,0.00021896477399846852,0.3288003785530708
25,915.2102841346741,,,mixed mixed-phase cyclic C-C stretching / in-phase C-C stretching,nu(C1-H12),bond,3.23870164553112e-05,-,-0.00021771248672688214,0.3303398418047025
25,915.2102841346741,,,mixed mixed-phase cyclic C-C stretching / in-phase C-C stretching,nu(C6-H20),bond,2.662274473069004e-05,+,0.0001978665477275363,0.3287492466493157
25,915.2102841346741,,,mixed mixed-phase cyclic C-C stretching / in-phase C-C stretching,delta(C9-C4-H17),angle,1.5444141996826746e-07,-,-1.7865557815988146e-05,0.23393075140123543
26,931.7445273755287,,,C-H bending,delta(C2-C3-H15),angle,28.59302827311386,-,-0.21515508518724225,0.4276161102640135
26,931.7445273755287,,,C-H bending,delta(C2-C3-H16),angle,21.35562806431161,+,0.21932274184764844,0.3073563220041683
26,931.7445273755287,,,C-H bending,delta(C2-C1-H12),angle,20.431280586244565,+,0.21500384483800206,0.3059850941292659
26,931.7445273755287,,,C-H bending,tau(C4-C2-C3-H14),dihedral,7.522587102568743,+,0.13666274817633986,0.27884576993327614
26,931.7445273755287,,,C-H bending,delta(C3-C2-H13),angle,6.363709022691419,+,0.13541459216025115,0.24025725817088736
26,931.7445273755287,,,C-H bending,"gamma(C4;C2,C3,H13)",oop,3.3849249529220287,+,0.08198063350826258,0.348677272053292
26,931.7445273755287,,,C-H bending,tau(C1-C2-C3-H16),dihedral,2.6084913924220796,-,-0.08111350001584343,0.2744733988296527
26,931.7445273755287,,,C-H bending,tau(H11-C1-C2-C3),dihedral,1.6357329983105733,-,-0.08120073780655356,0.17174717389126995
26,931.7445273755287,,,C-H bending,tau(H12-C1-C2-C3),dihedral,1.6033665588509127,-,-0.0787572093837862,0.1789572584353189
26,931.7445273755287,,,C-H bending,delta(H14-C3-H15),angle,1.3299506723742682,-,-0.049880214253263805,0.3700633261945618
26,931.7445273755287,,,C-H bending,delta(H14-C3-H16),angle,1.1854066950829996,+,0.04719533965751468,0.36843958035172164
26,931.7445273755287,,,C-H bending,nu(C1-C2),bond,1.115021511636787,+,0.05358577818681316,0.26883220687743986
26,931.7445273755287,,,C-H bending,nu(C2-C3),bond,1.0886185376045363,-,-0.0529491827858803,0.2688155190040503
26,931.7445273755287,,,C-H bending,delta(H10-C1-H12),angle,0.9344918345708227,+,0.04983493779280907,0.2604982470330432
26,931.7445273755287,,,C-H bending,delta(C3-C2-C4),angle,0.19570050277209716,+,0.016110763226817523,0.5219835858024717
26,931.7445273755287,,,C-H bending,"gamma(C9;C4,C2,C5)",oop,0.16357518962035558,-,-0.009335206438192013,1.2994713680163765
26,931.7445273755287,,,C-H bending,"gamma(H11;C1,H10,H12)",oop,0.13967297659901806,-,-0.02110541147076197,0.21708103153869004
26,931.7445273755287,,,C-H bending,tau(C2-C4-C5-H18),dihedral,0.06318229508779005,-,-0.011055297237409672,0.35789174837591814
26,931.7445273755287,,,C-H bending,delta(C2-C4-C5),angle,0.045223762579727406,+,0.00998389042012911,0.3140973094435254
26,931.7445273755287,,,C-H bending,"gamma(C5;C9,C4,H25)",oop,0.031905589884691256,-,-0.002992042896890767,2.4673359249773874
26,931.7445273755287,,,C-H bending,nu(C5-C6),bond,0.03072793971044861,-,-0.008467114245321618,0.29672882571093184
26,931.7445273755287,,,C-H bending,nu(C8-C9),bond,0.030374249820162524,+,0.008198464756508324,0.3128510577221663
26,931.7445273755287,,,C-H bending,tau(C3-C2-C4-C5),dihedral,0.027527647943196835,+,0.02817674723817867,0.024004050308062942
26,931.7445273755287,,,C-H bending,tau(H23-C8-C9-C4),dihedral,0.022075329908607434,+,0.005835000580331971,0.4488720156531896
26,931.7445273755287,,,C-H bending,"gamma(C4;C5,C6,H18)",oop,0.01440619972593872,+,0.005120811043299087,0.38033742786902636
26,931.7445273755287,,,C-H bending,tau(H19-C6-C7-C8),dihedral,0.010671797995383635,-,-0.006358743602044373,0.18272253164280974
26,931.7445273755287,,,C-H bending,nu(C1-H12),bond,0.007548192519192803,-,-0.003977311203770185,0.3303398418047025
26,931.7445273755287,,,C-H bending,nu(C3-H15),bond,0.007544951562782724,+,0.003976567729035926,0.33032148604472367
26,931.7445273755287,,,C-H bending,tau(C9-C5-C6-H20),dihedral,0.006877156014698221,+,0.003086667449818857,0.49971953559980403
26,931.7445273755287,,,C-H bending,tau(H17-C4-C9-C8),dihedral,0.0061228146608263475,-,-0.0030081644739429424,0.4684304222796268
26,931.7445273755287,,,C-H bending,delta(C9-C8-H23),angle,0.005924334391449291,-,-0.0032506471174680142,0.3881477265434133
26,931.7445273755287,,,C-H bending,tau(H17-C4-C9-H25),dihedral,0.005121639457315744,+,0.0024377037555738845,0.5966838523581202
26,931.7445273755287,,,C-H bending,delta(H15-C3-H16),angle,0.004770536118926913,-,-0.002961415047490277,0.3765873833684418
26,931.7445273755287,,,C-H bending,delta(C8-C7-H22),angle,0.0036918805084262137,-,-0.0026134495483024025,0.37421098329674723
26,931.7445273755287,,,C-H bending,tau(H20-C6-C7-C8),dihedral,0.0035088622903260065,-,-0.00312084700055278,0.24941266534876505
26,931.7445273755287,,,C-H bending,nu(C3-H16),bond,0.0034271230737216722,-,-0.0026587286912182276,0.3356439255063405
26,931.7445273755287,,,C-H bending,nu(C1-H11),bond,0.0034258810838358016,+,0.0026581756514378646,0.33566191504728254
26,931.7445273755287,,,C-H bending,delta(H23-C8-H24),angle,0.002334364315442745,+,0.002731388771265285,0.21662008978042366
26,931.7445273755287,,,C-H bending,delta(C7-C8-H23),angle,0.0016143126214127517,-,-0.0011066680812229824,0.9125360055785439
26,931.7445273755287,,,C-H bending,nu(C4-C5),bond,0.0016076624771113877,+,0.0014261825789512008,0.5471945412726401
26,931.7445273755287,,,C-H bending,nu(C4-C9),bond,0.0013966693582138177,-,-0.0015242861596201803,0.41615750179357514
26,931.7445273755287,,,C-H bending,tau(H21-C7-C8-C9),dihedral,0.0011225054461218632,+,0.0018980593589333747,0.21570788048823702
26,931.7445273755287,,,C-H bending,delta(C7-C6-H19),angle,0.0010660490423217016,+,0.0011291407013064728,0.578866203893712
26,931.7445273755287,,,C-H bending,"gamma(H19;C6,C5,H20)",oop,0.000846105093895224,+,0.0010730977631697523,0.5086778952751276
26,931.7445273755287,,,C-H bending,"gamma(C7;C8,H23,H24)",oop,0.0007346100462522828,+,0.0013005717736269233,0.300666713145669
26,931.7445273755287,,,C-H bending,delta(C2-C1-H10),angle,0.0007044663128632481,+,0.0011373330407208812,0.3770353350204659
26,931.7445273755287,,,C-H bending,delta(C4-C9-H25),angle,0.0006979858674102491,+,0.0014798988706907154,0.22063768235437067
26,931.7445273755287,,,C-H bending,delta(C9-C4-H17),angle,0.00047108654602580894,+,0.001180742675741359,0.23393075140123543
26,931.7445273755287,,,C-H bending,nu(C6-C7),bond,0.00038093818039232124,-,-0.0009479798813660464,0.2934630298225203
26,931.7445273755287,,,C-H bending,delta(C4-C9-C8),angle,0.00037921849286464543,+,0.0005886069282227485,0.7577673759020244
26,931.7445273755287,,,C-H bending,nu(C7-C8),bond,0.0003522296205701284,+,0.0009222010693001819,0.28672909715516987
26,931.7445273755287,,,C-H bending,nu(C3-H14),bond,0.00027824188498087795,-,-0.0007609122500838046,0.3326982298069487
26,931.7445273755287,,,C-H bending,nu(C1-H10),bond,0.0002747977688983868,+,0.0007561845982129605,0.33270144145954433
26,931.7445273755287,,,C-H bending,"gamma(C6;C7,H21,H22)",oop,0.0001563525473982686,-,-0.0006700891241823277,0.24106655312168962
26,931.7445273755287,,,C-H bending,nu(C6-H20),bond,0.0001456785622436667,+,0.0005538778627780063,0.3287492466493157
26,931.7445273755287,,,C-H bending,nu(C8-H24),bond,0.00012941937636893895,-,-0.000522013896558865,0.3288003785530708
26,931.7445273755287,,,C-H bending,nu(C2-C4),bond,3.197669623194901e-05,-,-0.00028406873657240865,0.27433666012197316
26,931.7445273755287,,,C-H bending,delta(C6-C5-H18),angle,1.063553649969861e-05,-,-0.00016607618293964854,0.26695731673582873
26,931.7445273755287,,,C-H bending,delta(C1-C2-C3),angle,5.342863699633523e-06,-,-0.00010199069958305044,0.3555904501026593
26,931.7445273755287,,,C-H bending,nu(C6-H19),bond,4.99358076335073e-06,-,-0.00010262553782461453,0.32824515254734715
26,931.7445273755287,,,C-H bending,nu(C8-H23),bond,4.699583978977287e-06,+,9.95604197474359e-05,0.3282336573619821
26,931.7445273755287,,,C-H bending,delta(C6-C7-C8),angle,3.245062145989226e-06,-,-4.708647780162414e-05,1.013275969219078
26,931.7445273755287,,,C-H bending,nu(C2-H13),bond,1.1000751225480195e-06,-,-4.7770873441084865e-05,0.3337283603614742
26,931.7445273755287,,,C-H bending,nu(C5-H18),bond,1.8315483161416527e-07,-,-1.9060165233849386e-05,0.34902954612114734
26,931.7445273755287,,,C-H bending,nu(C7-H22),bond,2.8770307901423872e-08,-,-7.708887496537433e-06,0.3351646674336103
26,931.7445273755287,,,C-H bending,nu(C9-H25),bond,2.8480610394784266e-08,+,7.516194426683148e-06,0.34902008220261893
26,931.7445273755287,,,C-H bending,nu(C4-H17),bond,1.1522979121556375e-08,+,4.863553522567279e-06,0.3372519822787753
26,931.7445273755287,,,C-H bending,nu(C7-H21),bond,5.063967743786251e-09,-,-3.2458181534482304e-06,0.3327665744893832
26,931.7445273755287,,,C-H bending,delta(H21-C7-H22),angle,1.3949506818589403e-11,-,-1.871720913102026e-07,0.2756600324984054
27,960.9475103298361,,,mixed C-H bending / opposite-phase C-C stretching,delta(C2-C1-H10),angle,31.008535150248477,+,0.2150617464708364,0.3770353350204659
27,960.9475103298361,,,mixed C-H bending / opposite-phase C-C stretching,delta(C2-C3-H15),angle,9.557507836543463,+,0.11211374807864556,0.4276161102640135
27,960.9475103298361,,,mixed C-H bending / opposite-phase C-C stretching,nu(C1-C2),bond,9.018577124531303,+,0.1373541965563704,0.26883220687743986
27,960.9475103298361,,,mixed C-H bending / opposite-phase C-C stretching,nu(C2-C3),bond,9.014229878058787,-,-0.13732535030965629,0.2688155190040503
27,960.9475103298361,,,mixed C-H bending / opposite-phase C-C stretching,tau(C1-C2-C3-H16),dihedral,7.021100064649822,+,0.11994054582223018,0.2744733988296527
27,960.9475103298361,,,mixed C-H bending / opposite-phase C-C stretching,delta(C2-C1-H12),angle,6.876593394223399,-,-0.11242168938535117,0.3059850941292659
27,960.9475103298361,,,mixed C-H bending / opposite-phase C-C stretching,delta(C2-C3-H16),angle,4.838465001575147,+,0.09409061266272557,0.3073563220041683
27,960.9475103298361,,,mixed C-H bending / opposite-phase C-C stretching,tau(H11-C1-C2-C3),dihedral,4.403360557230618,+,0.12007729444958444,0.17174717389126995
27,960.9475103298361,,,mixed C-H bending / opposite-phase C-C stretching,"gamma(C5;C9,C4,H25)",oop,2.4281943766225638,+,0.023525624080770823,2.4673359249773874
27,960.9475103298361,,,mixed C-H bending / opposite-phase C-C stretching,tau(H12-C1-C2-C3),dihedral,2.1184830170239746,-,-0.08159271868422983,0.1789572584353189
27,960.9475103298361,,,mixed C-H bending / opposite-phase C-C stretching,delta(C3-C2-H13),angle,1.8709298389312297,-,-0.06617654084572995,0.24025725817088736
27,960.9475103298361,,,mixed C-H bending / opposite-phase C-C stretching,tau(C2-C4-C5-H18),dihedral,1.7720188187569241,-,-0.052768152844097076,0.35789174837591814
27,960.9475103298361,,,mixed C-H bending / opposite-phase C-C stretching,delta(H15-C3-H16),angle,1.7598934667252923,+,0.05126534403811296,0.3765873833684418
27,960.9475103298361,,,mixed C-H bending / opposite-phase C-C stretching,"gamma(C9;C4,C2,C5)",oop,1.1691646034601786,-,-0.022494069960593426,1.2994713680163765
27,960.9475103298361,,,mixed C-H bending / opposite-phase C-C stretching,nu(C4-C5),bond,0.963309301988928,-,-0.03146484296001254,0.5471945412726401
27,960.9475103298361,,,mixed C-H bending / opposite-phase C-C stretching,nu(C4-C9),bond,0.7297023175187485,+,0.03140201875059917,0.41615750179357514
27,960.9475103298361,,,mixed C-H bending / opposite-phase C-C stretching,nu(C8-C9),bond,0.6438756287902322,-,-0.03402089616029875,0.3128510577221663
27,960.9475103298361,,,mixed C-H bending / opposite-phase C-C stretching,nu(C5-C6),bond,0.5987841884789239,+,0.03368750621537313,0.29672882571093184
27,960.9475103298361,,,mixed C-H bending / opposite-phase C-C stretching,tau(H17-C4-C9-C8),dihedral,0.5737872728794653,+,0.026246202717484464,0.4684304222796268
27,960.9475103298361,,,mixed C-H bending / opposite-phase C-C stretching,delta(H14-C3-H16),angle,0.38903466518285945,-,-0.024368263422655388,0.36843958035172164
27,960.9475103298361,,,mixed C-H bending / opposite-phase C-C stretching,tau(H17-C4-C9-H25),dihedral,0.36620211847455236,+,0.018578123833884342,0.5966838523581202
27,960.9475103298361,,,mixed C-H bending / opposite-phase C-C stretching,nu(C6-C7),bond,0.3481753147038607,+,0.02583068120872353,0.2934630298225203
27,960.9475103298361,,,mixed C-H bending / opposite-phase C-C stretching,nu(C7-C8),bond,0.33560150995106064,-,-0.02565604089422363,0.28672909715516987
27,960.9475103298361,,,mixed C-H bending / opposite-phase C-C stretching,delta(C2-C4-C5),angle,0.31897903743791545,+,0.023898053726268378,0.3140973094435254
27,960.9475103298361,,,mixed C-H bending / opposite-phase C-C stretching,"gamma(C4;C2,C3,H13)",oop,0.23884245440237062,-,-0.019627162250787845,0.348677272053292
27,960.9475103298361,,,mixed C-H bending / opposite-phase C-C stretching,delta(H14-C3-H15),angle,0.18289370686081488,-,-0.01667150959799758,0.3700633261945618
27,960.9475103298361,,,mixed C-H bending / opposite-phase C-C stretching,delta(C9-C4-H17),angle,0.18080643507846988,-,-0.020848597907305796,0.23393075140123543
27,960.9475103298361,,,mixed C-H bending / opposite-phase C-C stretching,delta(C3-C2-C4),angle,0.1597335809586273,+,0.013118472233763011,0.5219835858024717
27,960.9475103298361,,,mixed C-H bending / opposite-phase C-C stretching,delta(H10-C1-H12),angle,0.12767101588023927,+,0.01660188205442224,0.2604982470330432
27,960.9475103298361,,,mixed C-H bending / opposite-phase C-C stretching,"gamma(H11;C1,H10,H12)",oop,0.12685453782008696,-,-0.018128239702276436,0.21708103153869004
27,960.9475103298361,,,mixed C-H bending / opposite-phase C-C stretching,tau(H19-C6-C7-C8),dihedral,0.10731562834852294,+,0.018173936411398313,0.18272253164280974
27,960.9475103298361,,,mixed C-H bending / opposite-phase C-C stretching,tau(C4-C2-C3-H14),dihedral,0.09692968864657862,+,0.013981698995986723,0.27884576993327614
27,960.9475103298361,,,mixed C-H bending / opposite-phase C-C stretching,"gamma(C7;C8,H23,H24)",oop,0.09413148702054139,-,-0.013269004898470027,0.300666713145669
27,960.9475103298361,,,mixed C-H bending / opposite-phase C-C stretching,"gamma(C6;C7,H21,H22)",oop,0.09309788644269971,+,0.014737200812301806,0.24106655312168962
27,960.9475103298361,,,mixed C-H bending / opposite-phase C-C stretching,delta(C7-C8-H23),angle,0.08719721909125654,-,-0.007330606073397458,0.9125360055785439
27,960.9475103298361,,,mixed C-H bending / opposite-phase C-C stretching,tau(C9-C5-C6-H20),dihedral,0.07370864835991055,-,-0.009107719139053895,0.49971953559980403
27,960.9475103298361,,,mixed C-H bending / opposite-phase C-C stretching,delta(C4-C9-C8),angle,0.06469357158296495,-,-0.006929089675216783,0.7577673759020244
27,960.9475103298361,,,mixed C-H bending / opposite-phase C-C stretching,delta(C7-C6-H19),angle,0.055938990007309085,+,0.007371939844813865,0.578866203893712
27,960.9475103298361,,,mixed C-H bending / opposite-phase C-C stretching,tau(H21-C7-C8-C9),dihedral,0.03755353208957213,-,-0.009894775824243291,0.21570788048823702
27,960.9475103298361,,,mixed C-H bending / opposite-phase C-C stretching,"gamma(C4;C5,C6,H18)",oop,0.03104866882464055,-,-0.006775643220639565,0.38033742786902636
27,960.9475103298361,,,mixed C-H bending / opposite-phase C-C stretching,delta(C9-C8-H23),angle,0.027933111865897076,+,0.006361722287264758,0.3881477265434133
27,960.9475103298361,,,mixed C-H bending / opposite-phase C-C stretching,tau(H23-C8-C9-C4),dihedral,0.02229205864708122,+,0.005284785841246934,0.4488720156531896
27,960.9475103298361,,,mixed C-H bending / opposite-phase C-C stretching,"gamma(H19;C6,C5,H20)",oop,0.016207779216550377,-,-0.004233054820667497,0.5086778952751276
27,960.9475103298361,,,mixed C-H bending / opposite-phase C-C stretching,delta(H23-C8-H24),angle,0.009658390294188907,-,-0.005007449516170124,0.21662008978042366
27,960.9475103298361,,,mixed C-H bending / opposite-phase C-C stretching,delta(C8-C7-H22),angle,0.009382493616327833,+,0.003755038926156189,0.37421098329674723
27,960.9475103298361,,,mixed C-H bending / opposite-phase C-C stretching,tau(H20-C6-C7-C8),dihedral,0.0083594883879844,+,0.004341543605841474,0.24941266534876505
27,960.9475103298361,,,mixed C-H bending / opposite-phase C-C stretching,delta(C4-C9-H25),angle,0.006151122000481821,+,0.003959596180626625,0.22063768235437067
27,960.9475103298361,,,mixed C-H bending / opposite-phase C-C stretching,nu(C1-H12),bond,0.0041913487392053255,+,0.002671222045374368,0.3303398418047025
27,960.9475103298361,,,mixed C-H bending / opposite-phase C-C stretching,nu(C3-H15),bond,0.004162389161736107,-,-0.0026620517807855433,0.33032148604472367
27,960.9475103298361,,,mixed C-H bending / opposite-phase C-C stretching,nu(C3-H14),bond,0.0028935012937950865,+,0.0022115673264535636,0.3326982298069487
27,960.9475103298361,,,mixed C-H bending / opposite-phase C-C stretching,nu(C1-H10),bond,0.0028874275042729144,-,-0.002209234277705251,0.33270144145954433
27,960.9475103298361,,,mixed C-H bending / opposite-phase C-C stretching,tau(C3-C2-C4-C5),dihedral,0.0013380184277633194,+,0.0055988953865155275,0.024004050308062942
27,960.9475103298361,,,mixed C-H bending / opposite-phase C-C stretching,nu(C1-H11),bond,0.000452934729902259,+,0.0008711247381187264,0.33566191504728254
27,960.9475103298361,,,mixed C-H bending / opposite-phase C-C stretching,nu(C3-H16),bond,0.000432239274890499,-,-0.0008510131811375733,0.3356439255063405
27,960.9475103298361,,,mixed C-H bending / opposite-phase C-C stretching,nu(C8-H24),bond,0.00031264912864566315,+,0.0007312670861750714,0.3288003785530708
27,960.9475103298361,,,mixed C-H bending / opposite-phase C-C stretching,nu(C6-H20),bond,0.00029835102480639764,-,-0.0007144057699724156,0.3287492466493157
27,960.9475103298361,,,mixed C-H bending / opposite-phase C-C stretching,nu(C9-H25),bond,3.11842758331614e-05,-,-0.00022415900648773622,0.34902008220261893
27,960.9475103298361,,,mixed C-H bending / opposite-phase C-C stretching,nu(C5-H18),bond,3.004091872696914e-05,+,0.00022000830676681697,0.34902954612114734
27,960.9475103298361,,,mixed C-H bending / opposite-phase C-C stretching,nu(C6-H19),bond,2.615305624036964e-05,-,-0.0002116779558505051,0.32824515254734715
27,960.9475103298361,,,mixed C-H bending / opposite-phase C-C stretching,nu(C8-H23),bond,2.61505007529786e-05,+,0.0002116713201890781,0.3282336573619821
27,960.9475103298361,,,mixed C-H bending / opposite-phase C-C stretching,delta(C6-C7-C8),angle,5.573168275922772e-06,-,-5.5616131374707626e-05,1.013275969219078
27,960.9475103298361,,,mixed C-H bending / opposite-phase C-C stretching,nu(C2-C4),bond,4.773587761172803e-06,+,9.892227641094636e-05,0.27433666012197316
27,960.9475103298361,,,mixed C-H bending / opposite-phase C-C stretching,nu(C2-H13),bond,1.2675119743168792e-06,+,4.621607376956823e-05,0.3337283603614742
27,960.9475103298361,,,mixed C-H bending / opposite-phase C-C stretching,nu(C7-H22),bond,1.2738463168203488e-08,+,4.623203100363149e-06,0.3351646674336103
27,960.9475103298361,,,mixed C-H bending / opposite-phase C-C stretching,delta(C6-C5-H18),angle,3.0939030621985235e-09,-,-2.55297173525819e-06,0.26695731673582873
27,960.9475103298361,,,mixed C-H bending / opposite-phase C-C stretching,nu(C4-H17),bond,1.3160547492966387e-09,+,1.4814032481788163e-06,0.3372519822787753
27,960.9475103298361,,,mixed C-H bending / opposite-phase C-C stretching,delta(H21-C7-H22),angle,6.950992652122515e-10,+,1.190830865946253e-06,0.2756600324984054
27,960.9475103298361,,,mixed C-H bending / opposite-phase C-C stretching,nu(C7-H21),bond,3.688390388077349e-10,-,-7.895182301870598e-07,0.3327665744893832
27,960.9475103298361,,,mixed C-H bending / opposite-phase C-C stretching,delta(C1-C2-C3),angle,5.2213184857104074e-11,+,2.873615236064519e-07,0.3555904501026593
28,981.4155753311053,,,mixed mixed-phase cyclic C-C stretching / ring-site C-H out-of-plane bending,nu(C6-C7),bond,16.363863595427528,-,-0.18695853819741068,0.2934630298225203
28,981.4155753311053,,,mixed mixed-phase cyclic C-C stretching / ring-site C-H out-of-plane bending,nu(C7-C8),bond,15.952417362035892,+,0.18674820883847595,0.28672909715516987
28,981.4155753311053,,,mixed mixed-phase cyclic C-C stretching / ring-site C-H out-of-plane bending,"gamma(C5;C9,C4,H25)",oop,14.785468955991936,-,-0.061288993262928304,2.4673359249773874
28,981.4155753311053,,,mixed mixed-phase cyclic C-C stretching / ring-site C-H out-of-plane bending,nu(C4-C5),bond,8.048589155458057,+,0.09602140986181536,0.5471945412726401
28,981.4155753311053,,,mixed mixed-phase cyclic C-C stretching / ring-site C-H out-of-plane bending,tau(H17-C4-C9-C8),dihedral,6.472124844885297,+,0.09306362682328292,0.4684304222796268
28,981.4155753311053,,,mixed mixed-phase cyclic C-C stretching / ring-site C-H out-of-plane bending,nu(C4-C9),bond,6.134105214834572,-,-0.09612266950466389,0.41615750179357514
28,981.4155753311053,,,mixed mixed-phase cyclic C-C stretching / ring-site C-H out-of-plane bending,tau(H17-C4-C9-H25),dihedral,5.8921138221703915,+,0.07867604105973182,0.5966838523581202
28,981.4155753311053,,,mixed mixed-phase cyclic C-C stretching / ring-site C-H out-of-plane bending,nu(C8-C9),bond,2.8076372530253355,+,0.07500336722368085,0.3128510577221663
28,981.4155753311053,,,mixed mixed-phase cyclic C-C stretching / ring-site C-H out-of-plane bending,nu(C5-C6),bond,2.6232794609119288,-,-0.07444259218683168,0.29672882571093184
28,981.4155753311053,,,mixed mixed-phase cyclic C-C stretching / ring-site C-H out-of-plane bending,tau(C2-C4-C5-H18),dihedral,2.513910988419909,+,0.06635569196011362,0.35789174837591814
28,981.4155753311053,,,mixed mixed-phase cyclic C-C stretching / ring-site C-H out-of-plane bending,"gamma(C6;C7,H21,H22)",oop,2.3617156271564332,-,-0.07836540807137403,0.24106655312168962
28,981.4155753311053,,,mixed mixed-phase cyclic C-C stretching / ring-site C-H out-of-plane bending,tau(C9-C5-C6-H20),dihedral,2.0416475666905742,+,0.05060649984645486,0.49971953559980403
28,981.4155753311053,,,mixed mixed-phase cyclic C-C stretching / ring-site C-H out-of-plane bending,tau(H19-C6-C7-C8),dihedral,1.7353873871477916,-,-0.07715805000778031,0.18272253164280974
28,981.4155753311053,,,mixed mixed-phase cyclic C-C stretching / ring-site C-H out-of-plane bending,delta(C4-C9-H25),angle,1.5285616515586096,-,-0.06589928663742364,0.22063768235437067
28,981.4155753311053,,,mixed mixed-phase cyclic C-C stretching / ring-site C-H out-of-plane bending,"gamma(C9;C4,C2,C5)",oop,1.102473511436066,+,0.023061088438392486,1.2994713680163765
28,981.4155753311053,,,mixed mixed-phase cyclic C-C stretching / ring-site C-H out-of-plane bending,"gamma(C7;C8,H23,H24)",oop,0.9522625454698755,+,0.0445568780186295,0.300666713145669
28,981.4155753311053,,,mixed mixed-phase cyclic C-C stretching / ring-site C-H out-of-plane bending,nu(C1-C2),bond,0.7280239181290007,+,0.041201331573405074,0.26883220687743986
28,981.4155753311053,,,mixed mixed-phase cyclic C-C stretching / ring-site C-H out-of-plane bending,nu(C2-C3),bond,0.7183360048897661,-,-0.04092754792097088,0.2688155190040503
28,981.4155753311053,,,mixed mixed-phase cyclic C-C stretching / ring-site C-H out-of-plane bending,delta(C6-C5-H18),angle,0.5878026626827189,-,-0.03715129332541915,0.26695731673582873
28,981.4155753311053,,,mixed mixed-phase cyclic C-C stretching / ring-site C-H out-of-plane bending,"gamma(C4;C5,C6,H18)",oop,0.534405321970727,-,-0.02967767889530847,0.38033742786902636
28,981.4155753311053,,,mixed mixed-phase cyclic C-C stretching / ring-site C-H out-of-plane bending,delta(C7-C8-H23),angle,0.5054967832299657,-,-0.01863430803786837,0.9125360055785439
28,981.4155753311053,,,mixed mixed-phase cyclic C-C stretching / ring-site C-H out-of-plane bending,delta(C2-C1-H10),angle,0.5019666908322937,+,0.028888533773732527,0.3770353350204659
28,981.4155753311053,,,mixed mixed-phase cyclic C-C stretching / ring-site C-H out-of-plane bending,"gamma(H19;C6,C5,H20)",oop,0.49124636948172024,+,0.024604090791618655,0.5086778952751276
28,981.4155753311053,,,mixed mixed-phase cyclic C-C stretching / ring-site C-H out-of-plane bending,delta(C8-C7-H22),angle,0.4533069666414252,+,0.027556052823766018,0.37421098329674723
28,981.4155753311053,,,mixed mixed-phase cyclic C-C stretching / ring-site C-H out-of-plane bending,tau(H20-C6-C7-C8),dihedral,0.43070375429623675,-,-0.0329010042158671,0.24941266534876505
28,981.4155753311053,,,mixed mixed-phase cyclic C-C stretching / ring-site C-H out-of-plane bending,delta(C4-C9-C8),angle,0.42692606973383873,+,0.018792625650433065,0.7577673759020244
28,981.4155753311053,,,mixed mixed-phase cyclic C-C stretching / ring-site C-H out-of-plane bending,tau(H21-C7-C8-C9),dihedral,0.41545302762398745,+,0.03474617760728352,0.21570788048823702
28,981.4155753311053,,,mixed mixed-phase cyclic C-C stretching / ring-site C-H out-of-plane bending,delta(C2-C3-H15),angle,0.3482966640930007,+,0.022595747083337142,0.4276161102640135
28,981.4155753311053,,,mixed mixed-phase cyclic C-C stretching / ring-site C-H out-of-plane bending,delta(C7-C6-H19),angle,0.3207185289472294,+,0.01863597010629072,0.578866203893712
28,981.4155753311053,,,mixed mixed-phase cyclic C-C stretching / ring-site C-H out-of-plane bending,delta(C9-C4-H17),angle,0.32067159240472665,-,-0.02931336415497697,0.23393075140123543
28,981.4155753311053,,,mixed mixed-phase cyclic C-C stretching / ring-site C-H out-of-plane bending,delta(C2-C4-C5),angle,0.30073075882220124,-,-0.02449829691048639,0.3140973094435254
28,981.4155753311053,,,mixed mixed-phase cyclic C-C stretching / ring-site C-H out-of-plane bending,"gamma(C4;C2,C3,H13)",oop,0.24551470211786242,-,-0.021009030382804616,0.348677272053292
28,981.4155753311053,,,mixed mixed-phase cyclic C-C stretching / ring-site C-H out-of-plane bending,delta(C2-C1-H12),angle,0.2390904061140625,-,-0.022131457523333453,0.3059850941292659
28,981.4155753311053,,,mixed mixed-phase cyclic C-C stretching / ring-site C-H out-of-plane bending,tau(C1-C2-C3-H16),dihedral,0.18771543031381777,+,0.020705176331307897,0.2744733988296527
28,981.4155753311053,,,mixed mixed-phase cyclic C-C stretching / ring-site C-H out-of-plane bending,delta(C9-C8-H23),angle,0.14472931841758682,-,-0.015288286472258567,0.3881477265434133
28,981.4155753311053,,,mixed mixed-phase cyclic C-C stretching / ring-site C-H out-of-plane bending,delta(C3-C2-C4),angle,0.13432420703101197,-,-0.012700704052828398,0.5219835858024717
28,981.4155753311053,,,mixed mixed-phase cyclic C-C stretching / ring-site C-H out-of-plane bending,delta(C3-C2-H13),angle,0.1257177107868803,-,-0.01811085905458649,0.24025725817088736
28,981.4155753311053,,,mixed mixed-phase cyclic C-C stretching / ring-site C-H out-of-plane bending,tau(H11-C1-C2-C3),dihedral,0.11440387284552375,+,0.02043405888106086,0.17174717389126995
28,981.4155753311053,,,mixed mixed-phase cyclic C-C stretching / ring-site C-H out-of-plane bending,tau(H23-C8-C9-C4),dihedral,0.10498402533874608,+,0.012108195426260652,0.4488720156531896
28,981.4155753311053,,,mixed mixed-phase cyclic C-C stretching / ring-site C-H out-of-plane bending,delta(H23-C8-H24),angle,0.09858913980309823,+,0.01689056782344473,0.21662008978042366
28,981.4155753311053,,,mixed mixed-phase cyclic C-C stretching / ring-site C-H out-of-plane bending,tau(C4-C2-C3-H14),dihedral,0.05467875910475899,-,-0.011086804043777355,0.27884576993327614
28,981.4155753311053,,,mixed mixed-phase cyclic C-C stretching / ring-site C-H out-of-plane bending,delta(H15-C3-H16),angle,0.04280548974609057,+,0.008441039431593344,0.3765873833684418
28,981.4155753311053,,,mixed mixed-phase cyclic C-C stretching / ring-site C-H out-of-plane bending,tau(C3-C2-C4-C5),dihedral,0.03849670611019031,-,-0.031706521503201156,0.024004050308062942
28,981.4155753311053,,,mixed mixed-phase cyclic C-C stretching / ring-site C-H out-of-plane bending,delta(H14-C3-H16),angle,0.025819484570286128,-,-0.006627804987831415,0.36843958035172164
28,981.4155753311053,,,mixed mixed-phase cyclic C-C stretching / ring-site C-H out-of-plane bending,tau(H12-C1-C2-C3),dihedral,0.021320699234973865,-,-0.008641818480527983,0.1789572584353189
28,981.4155753311053,,,mixed mixed-phase cyclic C-C stretching / ring-site C-H out-of-plane bending,delta(C2-C3-H16),angle,0.01800548006220464,+,0.006059828790471248,0.3073563220041683
28,981.4155753311053,,,mixed mixed-phase cyclic C-C stretching / ring-site C-H out-of-plane bending,nu(C6-H20),bond,0.001126394625830155,+,0.0014655207726483438,0.3287492466493157
28,981.4155753311053,,,mixed mixed-phase cyclic C-C stretching / ring-site C-H out-of-plane bending,nu(C8-H24),bond,0.001122004416605612,-,-0.0014625482606354762,0.3288003785530708
28,981.4155753311053,,,mixed mixed-phase cyclic C-C stretching / ring-site C-H out-of-plane bending,"gamma(H11;C1,H10,H12)",oop,0.0005986859492964326,-,-0.0013148241471478762,0.21708103153869004
28,981.4155753311053,,,mixed mixed-phase cyclic C-C stretching / ring-site C-H out-of-plane bending,nu(C9-H25),bond,0.0002754478333302051,+,0.0007033533316031703,0.34902008220261893
28,981.4155753311053,,,mixed mixed-phase cyclic C-C stretching / ring-site C-H out-of-plane bending,nu(C5-H18),bond,0.0002716247287537635,-,-0.0006984456766986024,0.34902954612114734
28,981.4155753311053,,,mixed mixed-phase cyclic C-C stretching / ring-site C-H out-of-plane bending,delta(H14-C3-H15),angle,0.00018899741789669128,-,-0.0005658078757268032,0.3700633261945618
28,981.4155753311053,,,mixed mixed-phase cyclic C-C stretching / ring-site C-H out-of-plane bending,nu(C3-H15),bond,0.00013220391520833756,-,-0.0005008789997834544,0.33032148604472367
28,981.4155753311053,,,mixed mixed-phase cyclic C-C stretching / ring-site C-H out-of-plane bending,delta(H10-C1-H12),angle,0.00012969678129490762,+,0.0005586518913647812,0.2604982470330432
28,981.4155753311053,,,mixed mixed-phase cyclic C-C stretching / ring-site C-H out-of-plane bending,nu(C1-H12),bond,0.00012468522334061223,+,0.00048641402922178434,0.3303398418047025
28,981.4155753311053,,,mixed mixed-phase cyclic C-C stretching / ring-site C-H out-of-plane bending,nu(C6-H19),bond,4.986303342451772e-05,-,-0.00030858105814915573,0.32824515254734715
28,981.4155753311053,,,mixed mixed-phase cyclic C-C stretching / ring-site C-H out-of-plane bending,nu(C8-H23),bond,4.93836896592241e-05,+,0.0003070996265350222,0.3282336573619821
28,981.4155753311053,,,mixed mixed-phase cyclic C-C stretching / ring-site C-H out-of-plane bending,nu(C1-H11),bond,2.929541937218342e-05,-,-0.00023389875093600122,0.33566191504728254
28,981.4155753311053,,,mixed mixed-phase cyclic C-C stretching / ring-site C-H out-of-plane bending,nu(C3-H16),bond,2.815353483411744e-05,+,0.0002293011043637017,0.3356439255063405
28,981.4155753311053,,,mixed mixed-phase cyclic C-C stretching / ring-site C-H out-of-plane bending,nu(C2-C4),bond,1.4109036314975847e-05,-,-0.00017955017345006394,0.27433666012197316
28,981.4155753311053,,,mixed mixed-phase cyclic C-C stretching / ring-site C-H out-of-plane bending,nu(C3-H14),bond,6.811721521398426e-06,+,0.00011328757334893333,0.3326982298069487
28,981.4155753311053,,,mixed mixed-phase cyclic C-C stretching / ring-site C-H out-of-plane bending,nu(C1-H10),bond,6.007023352656537e-06,-,-0.00010638524444033453,0.33270144145954433
28,981.4155753311053,,,mixed mixed-phase cyclic C-C stretching / ring-site C-H out-of-plane bending,delta(C6-C7-C8),angle,5.86454621675185e-06,+,6.0232711176687556e-05,1.013275969219078
28,981.4155753311053,,,mixed mixed-phase cyclic C-C stretching / ring-site C-H out-of-plane bending,delta(C1-C2-C3),angle,9.157311425864028e-07,-,-4.017797318013111e-05,0.3555904501026593
28,981.4155753311053,,,mixed mixed-phase cyclic C-C stretching / ring-site C-H out-of-plane bending,nu(C2-H13),bond,3.2760879809182397e-07,+,2.480620324800219e-05,0.3337283603614742
28,981.4155753311053,,,mixed mixed-phase cyclic C-C stretching / ring-site C-H out-of-plane bending,nu(C7-H21),bond,3.0865705747267145e-08,+,7.625131445416563e-06,0.3327665744893832
28,981.4155753311053,,,mixed mixed-phase cyclic C-C stretching / ring-site C-H out-of-plane bending,nu(C7-H22),bond,7.136247008783383e-09,+,3.653296316936114e-06,0.3351646674336103
28,981.4155753311053,,,mixed mixed-phase cyclic C-C stretching / ring-site C-H out-of-plane bending,nu(C4-H17),bond,1.7622153466818799e-09,+,1.809803029757453e-06,0.3372519822787753
28,981.4155753311053,,,mixed mixed-phase cyclic C-C stretching / ring-site C-H out-of-plane bending,delta(H21-C7-H22),angle,3.5294246401421304e-12,-,-8.958682227439695e-08,0.2756600324984054
29,996.3011563802462,,,mixed ring-site C-H out-of-plane bending / cyclic-ring out-of-plane deformation,tau(H17-C4-C9-H25),dihedral,31.489281829880337,+,0.26797651192417227,0.5966838523581202
29,996.3011563802462,,,mixed ring-site C-H out-of-plane bending / cyclic-ring out-of-plane deformation,"gamma(C5;C9,C4,H25)",oop,21.18512002474355,-,-0.10809082155829328,2.4673359249773874
29,996.3011563802462,,,mixed ring-site C-H out-of-plane bending / cyclic-ring out-of-plane deformation,tau(C2-C4-C5-H18),dihedral,8.643392964017648,-,-0.18128162307218001,0.35789174837591814
29,996.3011563802462,,,mixed ring-site C-H out-of-plane bending / cyclic-ring out-of-plane deformation,"gamma(C4;C5,C6,H18)",oop,7.984445164994457,-,-0.16901503247309924,0.38033742786902636
29,996.3011563802462,,,mixed ring-site C-H out-of-plane bending / cyclic-ring out-of-plane deformation,delta(C2-C1-H10),angle,4.267010155656834,-,-0.12409614943188105,0.3770353350204659
29,996.3011563802462,,,mixed ring-site C-H out-of-plane bending / cyclic-ring out-of-plane deformation,nu(C8-C9),bond,2.9164572005529865,+,0.11262802909950033,0.3128510577221663
29,996.3011563802462,,,mixed ring-site C-H out-of-plane bending / cyclic-ring out-of-plane deformation,nu(C5-C6),bond,2.7887770098551696,+,0.11308747837447013,0.29672882571093184
29,996.3011563802462,,,mixed ring-site C-H out-of-plane bending / cyclic-ring out-of-plane deformation,delta(C2-C3-H15),angle,2.4749992919183113,+,0.08874584002899197,0.4276161102640135
29,996.3011563802462,,,mixed ring-site C-H out-of-plane bending / cyclic-ring out-of-plane deformation,delta(C2-C1-H12),angle,1.7669034151895433,+,0.08864286090035114,0.3059850941292659
29,996.3011563802462,,,mixed ring-site C-H out-of-plane bending / cyclic-ring out-of-plane deformation,"gamma(C4;C2,C3,H13)",oop,1.3293042398139896,+,0.0720257633321407,0.348677272053292
29,996.3011563802462,,,mixed ring-site C-H out-of-plane bending / cyclic-ring out-of-plane deformation,"gamma(H19;C6,C5,H20)",oop,1.2793709372441653,-,-0.05850113634628685,0.5086778952751276
29,996.3011563802462,,,mixed ring-site C-H out-of-plane bending / cyclic-ring out-of-plane deformation,delta(C6-C7-C8),angle,1.2627722569634665,+,0.04117998071150204,1.013275969219078
29,996.3011563802462,,,mixed ring-site C-H out-of-plane bending / cyclic-ring out-of-plane deformation,delta(C6-C5-H18),angle,1.1882009714660478,+,0.07782363853699378,0.26695731673582873
29,996.3011563802462,,,mixed ring-site C-H out-of-plane bending / cyclic-ring out-of-plane deformation,delta(C4-C9-C8),angle,1.168988126425474,-,-0.04581678304441257,0.7577673759020244
29,996.3011563802462,,,mixed ring-site C-H out-of-plane bending / cyclic-ring out-of-plane deformation,"gamma(C7;C8,H23,H24)",oop,1.1642937022725068,-,-0.07258988253729932,0.300666713145669
29,996.3011563802462,,,mixed ring-site C-H out-of-plane bending / cyclic-ring out-of-plane deformation,delta(C9-C4-H17),angle,0.9006981296626032,+,0.07238248133158053,0.23393075140123543
29,996.3011563802462,,,mixed ring-site C-H out-of-plane bending / cyclic-ring out-of-plane deformation,tau(H12-C1-C2-C3),dihedral,0.7218824122447092,+,0.07408769203772213,0.1789572584353189
29,996.3011563802462,,,mixed ring-site C-H out-of-plane bending / cyclic-ring out-of-plane deformation,nu(C2-C4),bond,0.7187745453055315,-,-0.05970929112378517,0.27433666012197316
29,996.3011563802462,,,mixed ring-site C-H out-of-plane bending / cyclic-ring out-of-plane deformation,tau(H17-C4-C9-C8),dihedral,0.710959448830655,+,0.045445131388593886,0.4684304222796268
29,996.3011563802462,,,mixed ring-site C-H out-of-plane bending / cyclic-ring out-of-plane deformation,nu(C7-C8),bond,0.5766926361023845,-,-0.052314708983978137,0.28672909715516987
29,996.3011563802462,,,mixed ring-site C-H out-of-plane bending / cyclic-ring out-of-plane deformation,nu(C6-C7),bond,0.5681217805936386,-,-0.0513253022643648,0.2934630298225203
29,996.3011563802462,,,mixed ring-site C-H out-of-plane bending / cyclic-ring out-of-plane deformation,delta(C9-C8-H23),angle,0.5105180062779435,+,0.04230527313544749,0.3881477265434133
29,996.3011563802462,,,mixed ring-site C-H out-of-plane bending / cyclic-ring out-of-plane deformation,tau(C9-C5-C6-H20),dihedral,0.504395317346858,+,0.03706037876839849,0.49971953559980403
29,996.3011563802462,,,mixed ring-site C-H out-of-plane bending / cyclic-ring out-of-plane deformation,delta(C4-C9-H25),angle,0.4368246543402995,+,0.05190404706084614,0.22063768235437067
29,996.3011563802462,,,mixed ring-site C-H out-of-plane bending / cyclic-ring out-of-plane deformation,tau(C1-C2-C3-H16),dihedral,0.39769866504118173,+,0.04440321650444293,0.2744733988296527
29,996.3011563802462,,,mixed ring-site C-H out-of-plane bending / cyclic-ring out-of-plane deformation,tau(H23-C8-C9-C4),dihedral,0.31783620408112484,+,0.031040443070582357,0.4488720156531896
29,996.3011563802462,,,mixed ring-site C-H out-of-plane bending / cyclic-ring out-of-plane deformation,delta(H15-C3-H16),angle,0.2689683286353681,+,0.031174908222619514,0.3765873833684418
29,996.3011563802462,,,mixed ring-site C-H out-of-plane bending / cyclic-ring out-of-plane deformation,delta(C7-C8-H23),angle,0.25652577316567626,-,-0.019558159900504152,0.9125360055785439
29,996.3011563802462,,,mixed ring-site C-H out-of-plane bending / cyclic-ring out-of-plane deformation,tau(H11-C1-C2-C3),dihedral,0.24705165700769569,-,-0.04424218630781056,0.17174717389126995
29,996.3011563802462,,,mixed ring-site C-H out-of-plane bending / cyclic-ring out-of-plane deformation,delta(C3-C2-H13),angle,0.23404055732256368,-,-0.036407830279664204,0.24025725817088736
29,996.3011563802462,,,mixed ring-site C-H out-of-plane bending / cyclic-ring out-of-plane deformation,delta(C2-C3-H16),angle,0.21025237441651334,+,0.030509625283514672,0.3073563220041683
29,996.3011563802462,,,mixed ring-site C-H out-of-plane bending / cyclic-ring out-of-plane deformation,tau(H20-C6-C7-C8),dihedral,0.1961784279003497,+,0.03271552301737166,0.24941266534876505
29,996.3011563802462,,,mixed ring-site C-H out-of-plane bending / cyclic-ring out-of-plane deformation,delta(C7-C6-H19),angle,0.1676482750737139,-,-0.019851710890275237,0.578866203893712
29,996.3011563802462,,,mixed ring-site C-H out-of-plane bending / cyclic-ring out-of-plane deformation,delta(C2-C4-C5),angle,0.16186123478420464,+,0.02648053840039451,0.3140973094435254
29,996.3011563802462,,,mixed ring-site C-H out-of-plane bending / cyclic-ring out-of-plane deformation,nu(C1-C2),bond,0.11879536225266714,+,0.024521474937865745,0.26883220687743986
29,996.3011563802462,,,mixed ring-site C-H out-of-plane bending / cyclic-ring out-of-plane deformation,nu(C2-C3),bond,0.1148825141682684,+,0.02411500139928429,0.2688155190040503
29,996.3011563802462,,,mixed ring-site C-H out-of-plane bending / cyclic-ring out-of-plane deformation,delta(C8-C7-H22),angle,0.11210076672232729,+,0.020189869920811822,0.37421098329674723
29,996.3011563802462,,,mixed ring-site C-H out-of-plane bending / cyclic-ring out-of-plane deformation,delta(H14-C3-H16),angle,0.109243466279538,-,-0.020086399254656936,0.36843958035172164
29,996.3011563802462,,,mixed ring-site C-H out-of-plane bending / cyclic-ring out-of-plane deformation,"gamma(C9;C4,C2,C5)",oop,0.10751731854039324,+,0.010610683229155727,1.2994713680163765
29,996.3011563802462,,,mixed ring-site C-H out-of-plane bending / cyclic-ring out-of-plane deformation,delta(C3-C2-C4),angle,0.08166550122018099,-,-0.014590775899338009,0.5219835858024717
29,996.3011563802462,,,mixed ring-site C-H out-of-plane bending / cyclic-ring out-of-plane deformation,"gamma(C6;C7,H21,H22)",oop,0.07305894643771765,-,-0.020307465210297162,0.24106655312168962
29,996.3011563802462,,,mixed ring-site C-H out-of-plane bending / cyclic-ring out-of-plane deformation,tau(H21-C7-C8-C9),dihedral,0.06996577872799446,+,0.02100861028180113,0.21570788048823702
29,996.3011563802462,,,mixed ring-site C-H out-of-plane bending / cyclic-ring out-of-plane deformation,tau(H19-C6-C7-C8),dihedral,0.04163934524275967,-,-0.017609352553135293,0.18272253164280974
29,996.3011563802462,,,mixed ring-site C-H out-of-plane bending / cyclic-ring out-of-plane deformation,tau(C4-C2-C3-H14),dihedral,0.03839935075404694,-,-0.013688863877106319,0.27884576993327614
29,996.3011563802462,,,mixed ring-site C-H out-of-plane bending / cyclic-ring out-of-plane deformation,nu(C4-C5),bond,0.02716900033679014,+,0.008219652282621991,0.5471945412726401
29,996.3011563802462,,,mixed ring-site C-H out-of-plane bending / cyclic-ring out-of-plane deformation,tau(C3-C2-C4-C5),dihedral,0.02450792778069932,-,-0.03727335848397613,0.024004050308062942
29,996.3011563802462,,,mixed ring-site C-H out-of-plane bending / cyclic-ring out-of-plane deformation,nu(C4-C9),bond,0.023152337426209108,+,0.008700737218760532,0.41615750179357514
29,996.3011563802462,,,mixed ring-site C-H out-of-plane bending / cyclic-ring out-of-plane deformation,"gamma(H11;C1,H10,H12)",oop,0.010582077353709982,+,0.008144454887437697,0.21708103153869004
29,996.3011563802462,,,mixed ring-site C-H out-of-plane bending / cyclic-ring out-of-plane deformation,delta(H21-C7-H22),angle,0.006933221356562417,-,-0.005850165144910211,0.2756600324984054
29,996.3011563802462,,,mixed ring-site C-H out-of-plane bending / cyclic-ring out-of-plane deformation,delta(H14-C3-H15),angle,0.005664946135786654,-,-0.004564018150046099,0.3700633261945618
29,996.3011563802462,,,mixed ring-site C-H out-of-plane bending / cyclic-ring out-of-plane deformation,delta(C1-C2-C3),angle,0.0041227753720595225,-,-0.003971982135745077,0.3555904501026593
29,996.3011563802462,,,mixed ring-site C-H out-of-plane bending / cyclic-ring out-of-plane deformation,delta(H10-C1-H12),angle,0.0040350443574645005,-,-0.004591020674714155,0.2604982470330432
29,996.3011563802462,,,mixed ring-site C-H out-of-plane bending / cyclic-ring out-of-plane deformation,delta(H23-C8-H24),angle,0.0020025666838696895,-,-0.0035467585311196215,0.21662008978042366
29,996.3011563802462,,,mixed ring-site C-H out-of-plane bending / cyclic-ring out-of-plane deformation,nu(C2-H13),bond,0.0013204783517221095,+,0.002320366463375507,0.3337283603614742
29,996.3011563802462,,,mixed ring-site C-H out-of-plane bending / cyclic-ring out-of-plane deformation,nu(C3-H15),bond,0.0012811762822376345,-,-0.0022973307606706287,0.33032148604472367
29,996.3011563802462,,,mixed ring-site C-H out-of-plane bending / cyclic-ring out-of-plane deformation,nu(C1-H12),bond,0.001269766135373002,-,-0.002287014332771852,0.3303398418047025
29,996.3011563802462,,,mixed ring-site C-H out-of-plane bending / cyclic-ring out-of-plane deformation,nu(C9-H25),bond,0.0010238422302240918,+,0.001997923272087602,0.34902008220261893
29,996.3011563802462,,,mixed ring-site C-H out-of-plane bending / cyclic-ring out-of-plane deformation,nu(C5-H18),bond,0.001021621405634926,+,0.0019957281823025194,0.34902954612114734
29,996.3011563802462,,,mixed ring-site C-H out-of-plane bending / cyclic-ring out-of-plane deformation,nu(C1-H10),bond,0.0006751074902388352,+,0.0016616770297902795,0.33270144145954433
29,996.3011563802462,,,mixed ring-site C-H out-of-plane bending / cyclic-ring out-of-plane deformation,nu(C3-H14),bond,0.0006749641167899977,+,0.0016615085936780387,0.3326982298069487
29,996.3011563802462,,,mixed ring-site C-H out-of-plane bending / cyclic-ring out-of-plane deformation,nu(C8-H23),bond,0.0003151810648569146,-,-0.001143078345967248,0.3282336573619821
29,996.3011563802462,,,mixed ring-site C-H out-of-plane bending / cyclic-ring out-of-plane deformation,nu(C6-H19),bond,0.000312046909357609,-,-0.0011373608541947746,0.32824515254734715
29,996.3011563802462,,,mixed ring-site C-H out-of-plane bending / cyclic-ring out-of-plane deformation,nu(C7-H21),bond,0.00027374031409771254,+,0.0010580033115043749,0.3327665744893832
29,996.3011563802462,,,mixed ring-site C-H out-of-plane bending / cyclic-ring out-of-plane deformation,nu(C3-H16),bond,4.5491232249436244e-05,-,-0.00042944934935104846,0.3356439255063405
29,996.3011563802462,,,mixed ring-site C-H out-of-plane bending / cyclic-ring out-of-plane deformation,nu(C1-H11),bond,4.4807295679104566e-05,-,-0.0004261974304156322,0.33566191504728254
29,996.3011563802462,,,mixed ring-site C-H out-of-plane bending / cyclic-ring out-of-plane deformation,nu(C7-H22),bond,4.4177397702931365e-05,+,0.0004235049049003975,0.3351646674336103
29,996.3011563802462,,,mixed ring-site C-H out-of-plane bending / cyclic-ring out-of-plane deformation,nu(C4-H17),bond,1.0422894973388669e-05,-,-0.00020507108052870347,0.3372519822787753
29,996.3011563802462,,,mixed ring-site C-H out-of-plane bending / cyclic-ring out-of-plane deformation,nu(C6-H20),bond,2.11368458978864e-06,-,-9.35352264174727e-05,0.3287492466493157
29,996.3011563802462,,,mixed ring-site C-H out-of-plane bending / cyclic-ring out-of-plane deformation,nu(C8-H24),bond,1.0969176822586705e-06,-,-6.737648630135614e-05,0.3288003785530708
30,1010.7284223099775,,,mixed ring-site C-H out-of-plane bending / cyclic-ring out-of-plane deformation,tau(H17-C4-C9-H25),dihedral,28.604870229529883,-,-0.23074201361519334,0.5966838523581202
30,1010.7284223099775,,,mixed ring-site C-H out-of-plane bending / cyclic-ring out-of-plane deformation,"gamma(C4;C5,C6,H18)",oop,19.476171873984487,+,0.23847677859152033,0.38033742786902636
30,1010.7284223099775,,,mixed ring-site C-H out-of-plane bending / cyclic-ring out-of-plane deformation,"gamma(C5;C9,C4,H25)",oop,8.492841118019232,+,0.06182885279812125,2.4673359249773874
30,1010.7284223099775,,,mixed ring-site C-H out-of-plane bending / cyclic-ring out-of-plane deformation,tau(C2-C4-C5-H18),dihedral,6.431438783552775,+,0.141272313496164,0.35789174837591814
30,1010.7284223099775,,,mixed ring-site C-H out-of-plane bending / cyclic-ring out-of-plane deformation,nu(C2-C4),bond,4.967768492293696,-,-0.14181350161922837,0.27433666012197316
30,1010.7284223099775,,,mixed ring-site C-H out-of-plane bending / cyclic-ring out-of-plane deformation,nu(C4-C5),bond,4.222728192841731,+,0.0925773010830169,0.5471945412726401
30,1010.7284223099775,,,mixed ring-site C-H out-of-plane bending / cyclic-ring out-of-plane deformation,delta(C6-C7-C8),angle,3.534726602495393,+,0.0622433376353237,1.013275969219078
30,1010.7284223099775,,,mixed ring-site C-H out-of-plane bending / cyclic-ring out-of-plane deformation,nu(C4-C9),bond,3.210319445073434,+,0.0925601587085428,0.41615750179357514
30,1010.7284223099775,,,mixed ring-site C-H out-of-plane bending / cyclic-ring out-of-plane deformation,"gamma(H19;C6,C5,H20)",oop,2.605073075045747,-,-0.07541666995795206,0.5086778952751276
30,1010.7284223099775,,,mixed ring-site C-H out-of-plane bending / cyclic-ring out-of-plane deformation,delta(C4-C9-H25),angle,2.567129195746699,-,-0.11367444679352913,0.22063768235437067
30,1010.7284223099775,,,mixed ring-site C-H out-of-plane bending / cyclic-ring out-of-plane deformation,"gamma(C9;C4,C2,C5)",oop,2.2174335212076604,+,0.043533218502493656,1.2994713680163765
30,1010.7284223099775,,,mixed ring-site C-H out-of-plane bending / cyclic-ring out-of-plane deformation,delta(C9-C8-H23),angle,2.1236751841605566,+,0.07795147773171894,0.3881477265434133
30,1010.7284223099775,,,mixed ring-site C-H out-of-plane bending / cyclic-ring out-of-plane deformation,tau(H23-C8-C9-C4),dihedral,1.4529705970459146,-,-0.05995783979520225,0.4488720156531896
30,1010.7284223099775,,,mixed ring-site C-H out-of-plane bending / cyclic-ring out-of-plane deformation,delta(C8-C7-H22),angle,1.2554732743493233,+,0.061041374017876994,0.37421098329674723
30,1010.7284223099775,,,mixed ring-site C-H out-of-plane bending / cyclic-ring out-of-plane deformation,tau(H21-C7-C8-C9),dihedral,1.0152597700747164,+,0.07229935332612453,0.21570788048823702
30,1010.7284223099775,,,mixed ring-site C-H out-of-plane bending / cyclic-ring out-of-plane deformation,nu(C8-C9),bond,1.0133404282450704,+,0.0599774090475845,0.3128510577221663
30,1010.7284223099775,,,mixed ring-site C-H out-of-plane bending / cyclic-ring out-of-plane deformation,nu(C5-C6),bond,0.9590145001381499,+,0.059911686869294795,0.29672882571093184
30,1010.7284223099775,,,mixed ring-site C-H out-of-plane bending / cyclic-ring out-of-plane deformation,delta(C2-C3-H16),angle,0.6651219242014017,+,0.04902395967126143,0.3073563220041683
30,1010.7284223099775,,,mixed ring-site C-H out-of-plane bending / cyclic-ring out-of-plane deformation,tau(C4-C2-C3-H14),dihedral,0.6271219734971123,+,0.049977302150979654,0.27884576993327614
30,1010.7284223099775,,,mixed ring-site C-H out-of-plane bending / cyclic-ring out-of-plane deformation,nu(C6-C7),bond,0.5829814755706149,-,-0.046970967832298115,0.2934630298225203
30,1010.7284223099775,,,mixed ring-site C-H out-of-plane bending / cyclic-ring out-of-plane deformation,nu(C7-C8),bond,0.5655378367671839,-,-0.0468030094617492,0.28672909715516987
30,1010.7284223099775,,,mixed ring-site C-H out-of-plane bending / cyclic-ring out-of-plane deformation,tau(H20-C6-C7-C8),dihedral,0.40566796646504316,-,-0.04250156633069389,0.24941266534876505
30,1010.7284223099775,,,mixed ring-site C-H out-of-plane bending / cyclic-ring out-of-plane deformation,tau(H17-C4-C9-C8),dihedral,0.3909540675426668,+,0.030445222442180727,0.4684304222796268
30,1010.7284223099775,,,mixed ring-site C-H out-of-plane bending / cyclic-ring out-of-plane deformation,delta(C2-C3-H15),angle,0.2995648523305382,-,-0.027893128578666798,0.4276161102640135
30,1010.7284223099775,,,mixed ring-site C-H out-of-plane bending / cyclic-ring out-of-plane deformation,"gamma(C7;C8,H23,H24)",oop,0.29268159998380766,+,0.032880155675740215,0.300666713145669
30,1010.7284223099775,,,mixed ring-site C-H out-of-plane bending / cyclic-ring out-of-plane deformation,tau(C9-C5-C6-H20),dihedral,0.2816223716891459,+,0.02501780722722759,0.49971953559980403
30,1010.7284223099775,,,mixed ring-site C-H out-of-plane bending / cyclic-ring out-of-plane deformation,"gamma(C4;C2,C3,H13)",oop,0.26819892389027006,-,-0.029227759530000265,0.348677272053292
30,1010.7284223099775,,,mixed ring-site C-H out-of-plane bending / cyclic-ring out-of-plane deformation,delta(C2-C1-H12),angle,0.2174191579739267,-,-0.02809167266817718,0.3059850941292659
30,1010.7284223099775,,,mixed ring-site C-H out-of-plane bending / cyclic-ring out-of-plane deformation,"gamma(C6;C7,H21,H22)",oop,0.21226432006603385,-,-0.031271509837916704,0.24106655312168962
30,1010.7284223099775,,,mixed ring-site C-H out-of-plane bending / cyclic-ring out-of-plane deformation,delta(C2-C1-H10),angle,0.16986092069594683,-,-0.022368380411906575,0.3770353350204659
30,1010.7284223099775,,,mixed ring-site C-H out-of-plane bending / cyclic-ring out-of-plane deformation,nu(C2-C3),bond,0.15164240785032265,+,0.025030066129161584,0.2688155190040503
30,1010.7284223099775,,,mixed ring-site C-H out-of-plane bending / cyclic-ring out-of-plane deformation,nu(C1-C2),bond,0.1481748560330298,+,0.02474146651209494,0.26883220687743986
30,1010.7284223099775,,,mixed ring-site C-H out-of-plane bending / cyclic-ring out-of-plane deformation,delta(C3-C2-H13),angle,0.11117101079767362,+,0.022669208073850006,0.24025725817088736
30,1010.7284223099775,,,mixed ring-site C-H out-of-plane bending / cyclic-ring out-of-plane deformation,tau(C3-C2-C4-C5),dihedral,0.10516972997769007,+,0.06975606041150828,0.024004050308062942
30,1010.7284223099775,,,mixed ring-site C-H out-of-plane bending / cyclic-ring out-of-plane deformation,delta(C4-C9-C8),angle,0.05624904047113734,+,0.00907963598022283,0.7577673759020244
30,1010.7284223099775,,,mixed ring-site C-H out-of-plane bending / cyclic-ring out-of-plane deformation,delta(H23-C8-H24),angle,0.046593517949924466,+,0.015455825833931756,0.21662008978042366
30,1010.7284223099775,,,mixed ring-site C-H out-of-plane bending / cyclic-ring out-of-plane deformation,delta(H14-C3-H15),angle,0.04609885755733136,-,-0.011762127617848976,0.3700633261945618
30,1010.7284223099775,,,mixed ring-site C-H out-of-plane bending / cyclic-ring out-of-plane deformation,tau(C1-C2-C3-H16),dihedral,0.043859720904981844,+,0.01332176080655375,0.2744733988296527
30,1010.7284223099775,,,mixed ring-site C-H out-of-plane bending / cyclic-ring out-of-plane deformation,delta(H10-C1-H12),angle,0.03272896633549913,-,-0.011812520411292604,0.2604982470330432
30,1010.7284223099775,,,mixed ring-site C-H out-of-plane bending / cyclic-ring out-of-plane deformation,delta(H14-C3-H16),angle,0.027464080174622367,+,0.009098676402215466,0.36843958035172164
30,1010.7284223099775,,,mixed ring-site C-H out-of-plane bending / cyclic-ring out-of-plane deformation,tau(H11-C1-C2-C3),dihedral,0.027010200884545657,-,-0.013215936315175073,0.17174717389126995
30,1010.7284223099775,,,mixed ring-site C-H out-of-plane bending / cyclic-ring out-of-plane deformation,delta(H21-C7-H22),angle,0.020844595727213734,-,-0.009164075670048106,0.2756600324984054
30,1010.7284223099775,,,mixed ring-site C-H out-of-plane bending / cyclic-ring out-of-plane deformation,"gamma(H11;C1,H10,H12)",oop,0.010299597955633658,+,0.007259020580611834,0.21708103153869004
30,1010.7284223099775,,,mixed ring-site C-H out-of-plane bending / cyclic-ring out-of-plane deformation,tau(H19-C6-C7-C8),dihedral,0.008671743587812971,-,-0.007259989487784904,0.18272253164280974
30,1010.7284223099775,,,mixed ring-site C-H out-of-plane bending / cyclic-ring out-of-plane deformation,delta(C3-C2-C4),angle,0.006158936180107893,-,-0.0036199557228763068,0.5219835858024717
30,1010.7284223099775,,,mixed ring-site C-H out-of-plane bending / cyclic-ring out-of-plane deformation,delta(C9-C4-H17),angle,0.0052924074962048965,-,-0.005012585689285108,0.23393075140123543
30,1010.7284223099775,,,mixed ring-site C-H out-of-plane bending / cyclic-ring out-of-plane deformation,delta(H15-C3-H16),angle,0.004453076341819125,+,0.0036238984324503585,0.3765873833684418
30,1010.7284223099775,,,mixed ring-site C-H out-of-plane bending / cyclic-ring out-of-plane deformation,tau(H12-C1-C2-C3),dihedral,0.004106673266876879,+,0.005048347555430542,0.1789572584353189
30,1010.7284223099775,,,mixed ring-site C-H out-of-plane bending / cyclic-ring out-of-plane deformation,nu(C2-H13),bond,0.0025323407273810934,-,-0.0029029753113529407,0.3337283603614742
30,1010.7284223099775,,,mixed ring-site C-H out-of-plane bending / cyclic-ring out-of-plane deformation,delta(C2-C4-C5),angle,0.0023332983791692265,+,0.002872313645207519,0.3140973094435254
30,1010.7284223099775,,,mixed ring-site C-H out-of-plane bending / cyclic-ring out-of-plane deformation,nu(C6-H20),bond,0.0017646100799958275,-,-0.0024415792452435916,0.3287492466493157
30,1010.7284223099775,,,mixed ring-site C-H out-of-plane bending / cyclic-ring out-of-plane deformation,nu(C8-H24),bond,0.0017465275171073917,-,-0.0024288483053913033,0.3288003785530708
30,1010.7284223099775,,,mixed ring-site C-H out-of-plane bending / cyclic-ring out-of-plane deformation,delta(C6-C5-H18),angle,0.0017249536428434772,-,-0.00267883910284606,0.26695731673582873
30,1010.7284223099775,,,mixed ring-site C-H out-of-plane bending / cyclic-ring out-of-plane deformation,nu(C7-H21),bond,0.0011462525623453952,-,-0.0019559112358979707,0.3327665744893832
30,1010.7284223099775,,,mixed ring-site C-H out-of-plane bending / cyclic-ring out-of-plane deformation,nu(C7-H22),bond,0.001038238332847402,-,-0.001854804943447997,0.3351646674336103
30,1010.7284223099775,,,mixed ring-site C-H out-of-plane bending / cyclic-ring out-of-plane deformation,nu(C4-H17),bond,0.0007855571720951696,+,0.0016083867005731666,0.3372519822787753
30,1010.7284223099775,,,mixed ring-site C-H out-of-plane bending / cyclic-ring out-of-plane deformation,nu(C9-H25),bond,0.0003758027796166947,-,-0.0010935373363099802,0.34902008220261893
30,1010.7284223099775,,,mixed ring-site C-H out-of-plane bending / cyclic-ring out-of-plane deformation,nu(C5-H18),bond,0.00037145159642569753,-,-0.0010871734757535144,0.34902954612114734
30,1010.7284223099775,,,mixed ring-site C-H out-of-plane bending / cyclic-ring out-of-plane deformation,nu(C1-H12),bond,0.0003005328329445136,+,0.0010051811001484216,0.3303398418047025
30,1010.7284223099775,,,mixed ring-site C-H out-of-plane bending / cyclic-ring out-of-plane deformation,nu(C3-H15),bond,0.00029669737670529495,+,0.0009987740986948737,0.33032148604472367
30,1010.7284223099775,,,mixed ring-site C-H out-of-plane bending / cyclic-ring out-of-plane deformation,nu(C1-H11),bond,0.0001498136788754478,-,-0.0007040500444387431,0.33566191504728254
30,1010.7284223099775,,,mixed ring-site C-H out-of-plane bending / cyclic-ring out-of-plane deformation,nu(C3-H16),bond,0.000142770799525132,-,-0.0006873202347811029,0.3356439255063405
30,1010.7284223099775,,,mixed ring-site C-H out-of-plane bending / cyclic-ring out-of-plane deformation,delta(C7-C6-H19),angle,3.8634520334440435e-05,+,0.00027225602207819335,0.578866203893712
30,1010.7284223099775,,,mixed ring-site C-H out-of-plane bending / cyclic-ring out-of-plane deformation,delta(C7-C8-H23),angle,1.8894287875482986e-05,+,0.00015164185528195056,0.9125360055785439
30,1010.7284223099775,,,mixed ring-site C-H out-of-plane bending / cyclic-ring out-of-plane deformation,nu(C6-H19),bond,4.374542800258717e-06,-,-0.00012165949354459391,0.32824515254734715
30,1010.7284223099775,,,mixed ring-site C-H out-of-plane bending / cyclic-ring out-of-plane deformation,nu(C8-H23),bond,3.824243136863392e-06,-,-0.00011375225685215973,0.3282336573619821
30,1010.7284223099775,,,mixed ring-site C-H out-of-plane bending / cyclic-ring out-of-plane deformation,delta(C1-C2-C3),angle,3.0167816050224842e-06,-,-9.706791944378054e-05,0.3555904501026593
30,1010.7284223099775,,,mixed ring-site C-H out-of-plane bending / cyclic-ring out-of-plane deformation,nu(C3-H14),bond,7.622528593176421e-07,+,5.04432564987981e-05,0.3326982298069487
30,1010.7284223099775,,,mixed ring-site C-H out-of-plane bending / cyclic-ring out-of-plane deformation,nu(C1-H10),bond,5.519229734758718e-07,+,4.292306484593044e-05,0.33270144145954433
31,1031.5576789358522,,,mixed ring-site C-H out-of-plane bending / cyclic-ring out-of-plane deformation / ring-site C-H in-plane bending,"gamma(C5;C9,C4,H25)",oop,21.117385237592476,-,-0.11527579990023716,2.4673359249773874
31,1031.5576789358522,,,mixed ring-site C-H out-of-plane bending / cyclic-ring out-of-plane deformation / ring-site C-H in-plane bending,tau(H17-C4-C9-C8),dihedral,16.40751361245169,-,-0.23320134695210015,0.4684304222796268
31,1031.5576789358522,,,mixed ring-site C-H out-of-plane bending / cyclic-ring out-of-plane deformation / ring-site C-H in-plane bending,delta(C7-C8-H23),angle,8.512072282017655,+,0.12034411598085644,0.9125360055785439
31,1031.5576789358522,,,mixed ring-site C-H out-of-plane bending / cyclic-ring out-of-plane deformation / ring-site C-H in-plane bending,tau(H17-C4-C9-H25),dihedral,8.499245892338372,-,-0.14871345678984713,0.5966838523581202
31,1031.5576789358522,,,mixed ring-site C-H out-of-plane bending / cyclic-ring out-of-plane deformation / ring-site C-H in-plane bending,nu(C4-C5),bond,6.388754777664836,+,0.13463855608996017,0.5471945412726401
31,1031.5576789358522,,,mixed ring-site C-H out-of-plane bending / cyclic-ring out-of-plane deformation / ring-site C-H in-plane bending,delta(C7-C6-H19),angle,5.422657019319642,-,-0.12060052129361908,0.578866203893712
31,1031.5576789358522,,,mixed ring-site C-H out-of-plane bending / cyclic-ring out-of-plane deformation / ring-site C-H in-plane bending,nu(C4-C9),bond,4.859865550158676,-,-0.134652827581031,0.41615750179357514
31,1031.5576789358522,,,mixed ring-site C-H out-of-plane bending / cyclic-ring out-of-plane deformation / ring-site C-H in-plane bending,tau(H23-C8-C9-C4),dihedral,4.038513245589039,-,-0.11819026453540651,0.4488720156531896
31,1031.5576789358522,,,mixed ring-site C-H out-of-plane bending / cyclic-ring out-of-plane deformation / ring-site C-H in-plane bending,tau(C2-C4-C5-H18),dihedral,3.7481339085505856,+,0.12751577677349318,0.35789174837591814
31,1031.5576789358522,,,mixed ring-site C-H out-of-plane bending / cyclic-ring out-of-plane deformation / ring-site C-H in-plane bending,"gamma(C4;C5,C6,H18)",oop,3.2908610559336973,+,0.11590507566012204,0.38033742786902636
31,1031.5576789358522,,,mixed ring-site C-H out-of-plane bending / cyclic-ring out-of-plane deformation / ring-site C-H in-plane bending,delta(C9-C4-H17),angle,3.2165052873299986,+,0.1461102524578617,0.23393075140123543
31,1031.5576789358522,,,mixed ring-site C-H out-of-plane bending / cyclic-ring out-of-plane deformation / ring-site C-H in-plane bending,delta(C4-C9-H25),angle,1.4847938623372487,+,0.10221754652901596,0.22063768235437067
31,1031.5576789358522,,,mixed ring-site C-H out-of-plane bending / cyclic-ring out-of-plane deformation / ring-site C-H in-plane bending,delta(C8-C7-H22),angle,1.4843654300731552,-,-0.07847735638938197,0.37421098329674723
31,1031.5576789358522,,,mixed ring-site C-H out-of-plane bending / cyclic-ring out-of-plane deformation / ring-site C-H in-plane bending,nu(C8-C9),bond,1.3769782410919447,+,0.08266600295406451,0.3128510577221663
31,1031.5576789358522,,,mixed ring-site C-H out-of-plane bending / cyclic-ring out-of-plane deformation / ring-site C-H in-plane bending,nu(C5-C6),bond,1.3093647505856034,-,-0.08277185110523153,0.29672882571093184
31,1031.5576789358522,,,mixed ring-site C-H out-of-plane bending / cyclic-ring out-of-plane deformation / ring-site C-H in-plane bending,delta(C6-C5-H18),angle,1.2368953414811097,+,0.08481599805731248,0.26695731673582873
31,1031.5576789358522,,,mixed ring-site C-H out-of-plane bending / cyclic-ring out-of-plane deformation / ring-site C-H in-plane bending,nu(C6-C7),bond,1.1881377031000826,+,0.07928461186980246,0.2934630298225203
31,1031.5576789358522,,,mixed ring-site C-H out-of-plane bending / cyclic-ring out-of-plane deformation / ring-site C-H in-plane bending,nu(C7-C8),bond,1.1589340656163587,-,-0.07921833221731149,0.28672909715516987
31,1031.5576789358522,,,mixed ring-site C-H out-of-plane bending / cyclic-ring out-of-plane deformation / ring-site C-H in-plane bending,nu(C1-C2),bond,0.8957503250595452,+,0.07192585826019725,0.26883220687743986
31,1031.5576789358522,,,mixed ring-site C-H out-of-plane bending / cyclic-ring out-of-plane deformation / ring-site C-H in-plane bending,nu(C2-C3),bond,0.894379051623698,-,-0.07187301356819024,0.2688155190040503
31,1031.5576789358522,,,mixed ring-site C-H out-of-plane bending / cyclic-ring out-of-plane deformation / ring-site C-H in-plane bending,delta(C9-C8-H23),angle,0.8705676268927462,-,-0.05901126812649314,0.3881477265434133
31,1031.5576789358522,,,mixed ring-site C-H out-of-plane bending / cyclic-ring out-of-plane deformation / ring-site C-H in-plane bending,"gamma(H19;C6,C5,H20)",oop,0.7712648577437369,-,-0.04851907952751868,0.5086778952751276
31,1031.5576789358522,,,mixed ring-site C-H out-of-plane bending / cyclic-ring out-of-plane deformation / ring-site C-H in-plane bending,"gamma(C7;C8,H23,H24)",oop,0.46334907237026074,+,0.04891518362789035,0.300666713145669
31,1031.5576789358522,,,mixed ring-site C-H out-of-plane bending / cyclic-ring out-of-plane deformation / ring-site C-H in-plane bending,delta(C4-C9-C8),angle,0.339720972465938,+,0.026383076800872773,0.7577673759020244
31,1031.5576789358522,,,mixed ring-site C-H out-of-plane bending / cyclic-ring out-of-plane deformation / ring-site C-H in-plane bending,"gamma(C9;C4,C2,C5)",oop,0.2889903169996728,+,0.018581916427283306,1.2994713680163765
31,1031.5576789358522,,,mixed ring-site C-H out-of-plane bending / cyclic-ring out-of-plane deformation / ring-site C-H in-plane bending,tau(H19-C6-C7-C8),dihedral,0.15024963164779062,-,-0.035730810720452415,0.18272253164280974
31,1031.5576789358522,,,mixed ring-site C-H out-of-plane bending / cyclic-ring out-of-plane deformation / ring-site C-H in-plane bending,delta(C2-C3-H16),angle,0.1064312941507009,-,-0.023187066654588136,0.3073563220041683
31,1031.5576789358522,,,mixed ring-site C-H out-of-plane bending / cyclic-ring out-of-plane deformation / ring-site C-H in-plane bending,delta(C2-C4-C5),angle,0.07915722353127654,-,-0.01978086971416614,0.3140973094435254
31,1031.5576789358522,,,mixed ring-site C-H out-of-plane bending / cyclic-ring out-of-plane deformation / ring-site C-H in-plane bending,tau(H21-C7-C8-C9),dihedral,0.061268540214183057,+,0.02099993618255125,0.21570788048823702
31,1031.5576789358522,,,mixed ring-site C-H out-of-plane bending / cyclic-ring out-of-plane deformation / ring-site C-H in-plane bending,tau(C4-C2-C3-H14),dihedral,0.05243152577472659,-,-0.017086237229188055,0.27884576993327614
31,1031.5576789358522,,,mixed ring-site C-H out-of-plane bending / cyclic-ring out-of-plane deformation / ring-site C-H in-plane bending,"gamma(C4;C2,C3,H13)",oop,0.050304376514514415,-,-0.014966604410925224,0.348677272053292
31,1031.5576789358522,,,mixed ring-site C-H out-of-plane bending / cyclic-ring out-of-plane deformation / ring-site C-H in-plane bending,tau(C3-C2-C4-C5),dihedral,0.03831259424853559,-,-0.049780669163821414,0.024004050308062942
31,1031.5576789358522,,,mixed ring-site C-H out-of-plane bending / cyclic-ring out-of-plane deformation / ring-site C-H in-plane bending,delta(C2-C1-H10),angle,0.035112376481584016,-,-0.012024618311821061,0.3770353350204659
31,1031.5576789358522,,,mixed ring-site C-H out-of-plane bending / cyclic-ring out-of-plane deformation / ring-site C-H in-plane bending,delta(C3-C2-C4),angle,0.032209710764112894,-,-0.009788073085731808,0.5219835858024717
31,1031.5576789358522,,,mixed ring-site C-H out-of-plane bending / cyclic-ring out-of-plane deformation / ring-site C-H in-plane bending,delta(H14-C3-H15),angle,0.02660041629643523,+,0.010564243597917184,0.3700633261945618
31,1031.5576789358522,,,mixed ring-site C-H out-of-plane bending / cyclic-ring out-of-plane deformation / ring-site C-H in-plane bending,tau(H12-C1-C2-C3),dihedral,0.0206809151553465,+,0.013394991172644755,0.1789572584353189
31,1031.5576789358522,,,mixed ring-site C-H out-of-plane bending / cyclic-ring out-of-plane deformation / ring-site C-H in-plane bending,delta(H10-C1-H12),angle,0.018696221822489516,-,-0.010556178801458213,0.2604982470330432
31,1031.5576789358522,,,mixed ring-site C-H out-of-plane bending / cyclic-ring out-of-plane deformation / ring-site C-H in-plane bending,delta(C3-C2-H13),angle,0.01779128903539149,-,-0.010722539717066673,0.24025725817088736
31,1031.5576789358522,,,mixed ring-site C-H out-of-plane bending / cyclic-ring out-of-plane deformation / ring-site C-H in-plane bending,tau(C9-C5-C6-H20),dihedral,0.009796881212110243,-,-0.005517126876853224,0.49971953559980403
31,1031.5576789358522,,,mixed ring-site C-H out-of-plane bending / cyclic-ring out-of-plane deformation / ring-site C-H in-plane bending,delta(C2-C3-H15),angle,0.008312253958966353,+,0.00549369553266509,0.4276161102640135
31,1031.5576789358522,,,mixed ring-site C-H out-of-plane bending / cyclic-ring out-of-plane deformation / ring-site C-H in-plane bending,"gamma(C6;C7,H21,H22)",oop,0.006241366647775625,+,0.006340209128260777,0.24106655312168962
31,1031.5576789358522,,,mixed ring-site C-H out-of-plane bending / cyclic-ring out-of-plane deformation / ring-site C-H in-plane bending,delta(C2-C1-H12),angle,0.005852087804013826,-,-0.005449259571963272,0.3059850941292659
31,1031.5576789358522,,,mixed ring-site C-H out-of-plane bending / cyclic-ring out-of-plane deformation / ring-site C-H in-plane bending,delta(H15-C3-H16),angle,0.004019943654624577,-,-0.004071076976782823,0.3765873833684418
31,1031.5576789358522,,,mixed ring-site C-H out-of-plane bending / cyclic-ring out-of-plane deformation / ring-site C-H in-plane bending,nu(C6-H19),bond,0.0019169376395932948,+,0.003011182280345608,0.32824515254734715
31,1031.5576789358522,,,mixed ring-site C-H out-of-plane bending / cyclic-ring out-of-plane deformation / ring-site C-H in-plane bending,nu(C8-H23),bond,0.001909511578787937,-,-0.0030053967079656787,0.3282336573619821
31,1031.5576789358522,,,mixed ring-site C-H out-of-plane bending / cyclic-ring out-of-plane deformation / ring-site C-H in-plane bending,delta(H23-C8-H24),angle,0.0018271249730082658,+,0.0036188199451603555,0.21662008978042366
31,1031.5576789358522,,,mixed ring-site C-H out-of-plane bending / cyclic-ring out-of-plane deformation / ring-site C-H in-plane bending,tau(C1-C2-C3-H16),dihedral,0.0018208564095550585,-,-0.003209371071913324,0.2744733988296527
31,1031.5576789358522,,,mixed ring-site C-H out-of-plane bending / cyclic-ring out-of-plane deformation / ring-site C-H in-plane bending,tau(H20-C6-C7-C8),dihedral,0.0015771050192417244,+,0.003133309312410847,0.24941266534876505
31,1031.5576789358522,,,mixed ring-site C-H out-of-plane bending / cyclic-ring out-of-plane deformation / ring-site C-H in-plane bending,tau(H11-C1-C2-C3),dihedral,0.0010922871019676324,-,-0.003142359126938226,0.17174717389126995
31,1031.5576789358522,,,mixed ring-site C-H out-of-plane bending / cyclic-ring out-of-plane deformation / ring-site C-H in-plane bending,nu(C6-H20),bond,0.00032137246869055295,+,0.0012319814411229017,0.3287492466493157
31,1031.5576789358522,,,mixed ring-site C-H out-of-plane bending / cyclic-ring out-of-plane deformation / ring-site C-H in-plane bending,nu(C8-H24),bond,0.0003170238232355266,-,-0.0012235226384683514,0.3288003785530708
31,1031.5576789358522,,,mixed ring-site C-H out-of-plane bending / cyclic-ring out-of-plane deformation / ring-site C-H in-plane bending,nu(C1-H12),bond,0.000206698701146314,+,0.000985645196672556,0.3303398418047025
31,1031.5576789358522,,,mixed ring-site C-H out-of-plane bending / cyclic-ring out-of-plane deformation / ring-site C-H in-plane bending,nu(C3-H15),bond,0.00020623474944496097,-,-0.000984565750379067,0.33032148604472367
31,1031.5576789358522,,,mixed ring-site C-H out-of-plane bending / cyclic-ring out-of-plane deformation / ring-site C-H in-plane bending,delta(H14-C3-H16),angle,7.777643460750543e-05,-,-0.0005724968349483185,0.36843958035172164
31,1031.5576789358522,,,mixed ring-site C-H out-of-plane bending / cyclic-ring out-of-plane deformation / ring-site C-H in-plane bending,nu(C1-H11),bond,7.514089742481757e-05,-,-0.0005895482696733951,0.33566191504728254
31,1031.5576789358522,,,mixed ring-site C-H out-of-plane bending / cyclic-ring out-of-plane deformation / ring-site C-H in-plane bending,nu(C3-H16),bond,7.359353189289373e-05,+,0.0005834620873840116,0.3356439255063405
31,1031.5576789358522,,,mixed ring-site C-H out-of-plane bending / cyclic-ring out-of-plane deformation / ring-site C-H in-plane bending,nu(C3-H14),bond,3.412422549497227e-05,-,-0.0003990601585351385,0.3326982298069487
31,1031.5576789358522,,,mixed ring-site C-H out-of-plane bending / cyclic-ring out-of-plane deformation / ring-site C-H in-plane bending,nu(C1-H10),bond,3.315767267846403e-05,+,0.0003933660664739573,0.33270144145954433
31,1031.5576789358522,,,mixed ring-site C-H out-of-plane bending / cyclic-ring out-of-plane deformation / ring-site C-H in-plane bending,nu(C9-H25),bond,2.0559619944195935e-05,+,0.0003024228119069073,0.34902008220261893
31,1031.5576789358522,,,mixed ring-site C-H out-of-plane bending / cyclic-ring out-of-plane deformation / ring-site C-H in-plane bending,nu(C5-H18),bond,2.0284008025177732e-05,-,-0.0003003848359782669,0.34902954612114734
31,1031.5576789358522,,,mixed ring-site C-H out-of-plane bending / cyclic-ring out-of-plane deformation / ring-site C-H in-plane bending,delta(H21-C7-H22),angle,1.082446952707315e-06,+,7.808158557420723e-05,0.2756600324984054
31,1031.5576789358522,,,mixed ring-site C-H out-of-plane bending / cyclic-ring out-of-plane deformation / ring-site C-H in-plane bending,delta(C1-C2-C3),angle,5.003773446293852e-07,-,-4.674185984676198e-05,0.3555904501026593
31,1031.5576789358522,,,mixed ring-site C-H out-of-plane bending / cyclic-ring out-of-plane deformation / ring-site C-H in-plane bending,"gamma(H11;C1,H10,H12)",oop,2.2232809712754226e-07,-,-3.987663024982248e-05,0.21708103153869004
31,1031.5576789358522,,,mixed ring-site C-H out-of-plane bending / cyclic-ring out-of-plane deformation / ring-site C-H in-plane bending,delta(C6-C7-C8),angle,1.1680586843866581e-07,-,-1.337829209988817e-05,1.013275969219078
31,1031.5576789358522,,,mixed ring-site C-H out-of-plane bending / cyclic-ring out-of-plane deformation / ring-site C-H in-plane bending,nu(C4-H17),bond,7.457889150083405e-08,-,-1.8529466730777136e-05,0.3372519822787753
31,1031.5576789358522,,,mixed ring-site C-H out-of-plane bending / cyclic-ring out-of-plane deformation / ring-site C-H in-plane bending,nu(C2-C4),bond,6.58588591876989e-08,+,1.9306226298747697e-05,0.27433666012197316
31,1031.5576789358522,,,mixed ring-site C-H out-of-plane bending / cyclic-ring out-of-plane deformation / ring-site C-H in-plane bending,nu(C7-H22),bond,8.787762719486034e-09,-,-6.380317052719885e-06,0.3351646674336103
31,1031.5576789358522,,,mixed ring-site C-H out-of-plane bending / cyclic-ring out-of-plane deformation / ring-site C-H in-plane bending,nu(C7-H21),bond,4.622488419802126e-09,-,-4.644086306184684e-06,0.3327665744893832
31,1031.5576789358522,,,mixed ring-site C-H out-of-plane bending / cyclic-ring out-of-plane deformation / ring-site C-H in-plane bending,nu(C2-H13),bond,3.663204128810362e-11,-,-4.128252160727604e-07,0.3337283603614742
32,1084.4464306814648,,,mixed ring-site C-H out-of-plane bending / cyclic-ring out-of-plane deformation / ring-site C-H in-plane bending,"gamma(C4;C5,C6,H18)",oop,13.384384673195097,+,0.18944882484649753,0.38033742786902636
32,1084.4464306814648,,,mixed ring-site C-H out-of-plane bending / cyclic-ring out-of-plane deformation / ring-site C-H in-plane bending,tau(H17-C4-C9-H25),dihedral,11.166480236664242,-,-0.13815393254116293,0.5966838523581202
32,1084.4464306814648,,,mixed ring-site C-H out-of-plane bending / cyclic-ring out-of-plane deformation / ring-site C-H in-plane bending,"gamma(C5;C9,C4,H25)",oop,10.966976019468284,+,0.06732967979870923,2.4673359249773874
32,1084.4464306814648,,,mixed ring-site C-H out-of-plane bending / cyclic-ring out-of-plane deformation / ring-site C-H in-plane bending,delta(C9-C8-H23),angle,10.16200021460067,-,-0.16340612066580118,0.3881477265434133
32,1084.4464306814648,,,mixed ring-site C-H out-of-plane bending / cyclic-ring out-of-plane deformation / ring-site C-H in-plane bending,tau(C2-C4-C5-H18),dihedral,6.8256635286921155,+,0.13946776412363018,0.35789174837591814
32,1084.4464306814648,,,mixed ring-site C-H out-of-plane bending / cyclic-ring out-of-plane deformation / ring-site C-H in-plane bending,"gamma(H19;C6,C5,H20)",oop,5.443004584234691,+,0.1044660468066856,0.5086778952751276
32,1084.4464306814648,,,mixed ring-site C-H out-of-plane bending / cyclic-ring out-of-plane deformation / ring-site C-H in-plane bending,tau(C9-C5-C6-H20),dihedral,4.836842000468913,-,-0.09935621302045021,0.49971953559980403
32,1084.4464306814648,,,mixed ring-site C-H out-of-plane bending / cyclic-ring out-of-plane deformation / ring-site C-H in-plane bending,delta(C8-C7-H22),angle,4.833668724883722,-,-0.11477767404777939,0.37421098329674723
32,1084.4464306814648,,,mixed ring-site C-H out-of-plane bending / cyclic-ring out-of-plane deformation / ring-site C-H in-plane bending,tau(H17-C4-C9-C8),dihedral,4.404985809193052,+,0.09793252538313507,0.4684304222796268
32,1084.4464306814648,,,mixed ring-site C-H out-of-plane bending / cyclic-ring out-of-plane deformation / ring-site C-H in-plane bending,delta(C7-C8-H23),angle,3.2395616251928763,-,-0.06017212673591177,0.9125360055785439
32,1084.4464306814648,,,mixed ring-site C-H out-of-plane bending / cyclic-ring out-of-plane deformation / ring-site C-H in-plane bending,delta(C6-C7-C8),angle,2.271752166010799,+,0.047818268597416023,1.013275969219078
32,1084.4464306814648,,,mixed ring-site C-H out-of-plane bending / cyclic-ring out-of-plane deformation / ring-site C-H in-plane bending,delta(C2-C3-H15),angle,2.167273987052799,+,0.07189639638849721,0.4276161102640135
32,1084.4464306814648,,,mixed ring-site C-H out-of-plane bending / cyclic-ring out-of-plane deformation / ring-site C-H in-plane bending,delta(C2-C1-H10),angle,2.103709739250663,-,-0.07543608225213155,0.3770353350204659
32,1084.4464306814648,,,mixed ring-site C-H out-of-plane bending / cyclic-ring out-of-plane deformation / ring-site C-H in-plane bending,delta(C7-C6-H19),angle,2.0256253283719903,-,-0.059740342105648506,0.578866203893712
32,1084.4464306814648,,,mixed ring-site C-H out-of-plane bending / cyclic-ring out-of-plane deformation / ring-site C-H in-plane bending,tau(H19-C6-C7-C8),dihedral,1.5937525565535628,+,0.09431736054249383,0.18272253164280974
32,1084.4464306814648,,,mixed ring-site C-H out-of-plane bending / cyclic-ring out-of-plane deformation / ring-site C-H in-plane bending,delta(C2-C1-H12),angle,1.5545981014841583,+,0.07198403292566612,0.3059850941292659
32,1084.4464306814648,,,mixed ring-site C-H out-of-plane bending / cyclic-ring out-of-plane deformation / ring-site C-H in-plane bending,delta(C4-C9-C8),angle,1.4144524515434806,-,-0.04363183394898574,0.7577673759020244
32,1084.4464306814648,,,mixed ring-site C-H out-of-plane bending / cyclic-ring out-of-plane deformation / ring-site C-H in-plane bending,"gamma(C4;C2,C3,H13)",oop,1.3401531489529186,+,0.06260984650839574,0.348677272053292
32,1084.4464306814648,,,mixed ring-site C-H out-of-plane bending / cyclic-ring out-of-plane deformation / ring-site C-H in-plane bending,tau(H20-C6-C7-C8),dihedral,1.307252013823666,+,0.07311351294426036,0.24941266534876505
32,1084.4464306814648,,,mixed ring-site C-H out-of-plane bending / cyclic-ring out-of-plane deformation / ring-site C-H in-plane bending,delta(C6-C5-H18),angle,1.1469460644983367,-,-0.0661954024381252,0.26695731673582873
32,1084.4464306814648,,,mixed ring-site C-H out-of-plane bending / cyclic-ring out-of-plane deformation / ring-site C-H in-plane bending,nu(C4-C5),bond,0.9867919845199064,+,0.042886358505217305,0.5471945412726401
32,1084.4464306814648,,,mixed ring-site C-H out-of-plane bending / cyclic-ring out-of-plane deformation / ring-site C-H in-plane bending,delta(C9-C4-H17),angle,0.9434581608058528,+,0.06413497179593228,0.23393075140123543
32,1084.4464306814648,,,mixed ring-site C-H out-of-plane bending / cyclic-ring out-of-plane deformation / ring-site C-H in-plane bending,nu(C4-C9),bond,0.7495807617771555,+,0.04286053573978344,0.41615750179357514
32,1084.4464306814648,,,mixed ring-site C-H out-of-plane bending / cyclic-ring out-of-plane deformation / ring-site C-H in-plane bending,tau(H21-C7-C8-C9),dihedral,0.6581988264638672,-,-0.055785687455612645,0.21570788048823702
32,1084.4464306814648,,,mixed ring-site C-H out-of-plane bending / cyclic-ring out-of-plane deformation / ring-site C-H in-plane bending,"gamma(C9;C4,C2,C5)",oop,0.6512889670857428,+,0.022608968379369262,1.2994713680163765
32,1084.4464306814648,,,mixed ring-site C-H out-of-plane bending / cyclic-ring out-of-plane deformation / ring-site C-H in-plane bending,tau(H12-C1-C2-C3),dihedral,0.6115460252907812,+,0.05903603183327655,0.1789572584353189
32,1084.4464306814648,,,mixed ring-site C-H out-of-plane bending / cyclic-ring out-of-plane deformation / ring-site C-H in-plane bending,tau(H23-C8-C9-C4),dihedral,0.5091171361746467,+,0.034011425562875786,0.4488720156531896
32,1084.4464306814648,,,mixed ring-site C-H out-of-plane bending / cyclic-ring out-of-plane deformation / ring-site C-H in-plane bending,nu(C8-C9),bond,0.4740634442592129,+,0.03931213795917144,0.3128510577221663
32,1084.4464306814648,,,mixed ring-site C-H out-of-plane bending / cyclic-ring out-of-plane deformation / ring-site C-H in-plane bending,nu(C5-C6),bond,0.4323573930059839,+,0.038549506178631954,0.29672882571093184
32,1084.4464306814648,,,mixed ring-site C-H out-of-plane bending / cyclic-ring out-of-plane deformation / ring-site C-H in-plane bending,"gamma(C7;C8,H23,H24)",oop,0.34715492655619834,+,0.03431596646181786,0.300666713145669
32,1084.4464306814648,,,mixed ring-site C-H out-of-plane bending / cyclic-ring out-of-plane deformation / ring-site C-H in-plane bending,delta(C3-C2-C4),angle,0.34206352469679835,-,-0.02585247955099304,0.5219835858024717
32,1084.4464306814648,,,mixed ring-site C-H out-of-plane bending / cyclic-ring out-of-plane deformation / ring-site C-H in-plane bending,delta(H15-C3-H16),angle,0.188189765568873,+,0.02257575903399569,0.3765873833684418
32,1084.4464306814648,,,mixed ring-site C-H out-of-plane bending / cyclic-ring out-of-plane deformation / ring-site C-H in-plane bending,delta(H14-C3-H16),angle,0.16411160779625722,-,-0.021313940738421206,0.36843958035172164
32,1084.4464306814648,,,mixed ring-site C-H out-of-plane bending / cyclic-ring out-of-plane deformation / ring-site C-H in-plane bending,"gamma(C6;C7,H21,H22)",oop,0.13151014780436482,-,-0.023587852160098025,0.24106655312168962
32,1084.4464306814648,,,mixed ring-site C-H out-of-plane bending / cyclic-ring out-of-plane deformation / ring-site C-H in-plane bending,delta(C3-C2-H13),angle,0.10860749862368907,-,-0.021471821627862524,0.24025725817088736
32,1084.4464306814648,,,mixed ring-site C-H out-of-plane bending / cyclic-ring out-of-plane deformation / ring-site C-H in-plane bending,tau(C1-C2-C3-H16),dihedral,0.10318425021381714,+,0.019580952753294113,0.2744733988296527
32,1084.4464306814648,,,mixed ring-site C-H out-of-plane bending / cyclic-ring out-of-plane deformation / ring-site C-H in-plane bending,nu(C7-C8),bond,0.08809350806745722,-,-0.017701632169263168,0.28672909715516987
32,1084.4464306814648,,,mixed ring-site C-H out-of-plane bending / cyclic-ring out-of-plane deformation / ring-site C-H in-plane bending,nu(C6-C7),bond,0.08127969066020088,-,-0.016807052852837387,0.2934630298225203
32,1084.4464306814648,,,mixed ring-site C-H out-of-plane bending / cyclic-ring out-of-plane deformation / ring-site C-H in-plane bending,delta(C4-C9-H25),angle,0.0658741312598859,+,0.017449976653479447,0.22063768235437067
32,1084.4464306814648,,,mixed ring-site C-H out-of-plane bending / cyclic-ring out-of-plane deformation / ring-site C-H in-plane bending,tau(H11-C1-C2-C3),dihedral,0.06537642869109807,-,-0.01970348465167055,0.17174717389126995
32,1084.4464306814648,,,mixed ring-site C-H out-of-plane bending / cyclic-ring out-of-plane deformation / ring-site C-H in-plane bending,delta(H21-C7-H22),angle,0.01884692735834005,-,-0.008350464231411846,0.2756600324984054
32,1084.4464306814648,,,mixed ring-site C-H out-of-plane bending / cyclic-ring out-of-plane deformation / ring-site C-H in-plane bending,nu(C2-C4),bond,0.018428966954891626,+,0.008277245099640567,0.27433666012197316
32,1084.4464306814648,,,mixed ring-site C-H out-of-plane bending / cyclic-ring out-of-plane deformation / ring-site C-H in-plane bending,nu(C1-C2),bond,0.015697623387836812,+,0.007717089683064997,0.26883220687743986
32,1084.4464306814648,,,mixed ring-site C-H out-of-plane bending / cyclic-ring out-of-plane deformation / ring-site C-H in-plane bending,nu(C2-C3),bond,0.014419727448862456,+,0.007396539833574088,0.2688155190040503
32,1084.4464306814648,,,mixed ring-site C-H out-of-plane bending / cyclic-ring out-of-plane deformation / ring-site C-H in-plane bending,tau(C3-C2-C4-C5),dihedral,0.006550612984808949,+,0.01668306915322263,0.024004050308062942
32,1084.4464306814648,,,mixed ring-site C-H out-of-plane bending / cyclic-ring out-of-plane deformation / ring-site C-H in-plane bending,delta(C1-C2-C3),angle,0.00621254517584525,-,-0.004221210198821139,0.3555904501026593
32,1084.4464306814648,,,mixed ring-site C-H out-of-plane bending / cyclic-ring out-of-plane deformation / ring-site C-H in-plane bending,nu(C6-H19),bond,0.005203033005115448,+,0.004020743542017276,0.32824515254734715
32,1084.4464306814648,,,mixed ring-site C-H out-of-plane bending / cyclic-ring out-of-plane deformation / ring-site C-H in-plane bending,nu(C8-H23),bond,0.005200169662685002,+,0.004019707424312838,0.3282336573619821
32,1084.4464306814648,,,mixed ring-site C-H out-of-plane bending / cyclic-ring out-of-plane deformation / ring-site C-H in-plane bending,delta(C2-C3-H16),angle,0.003067991987534737,+,0.003190680209135556,0.3073563220041683
32,1084.4464306814648,,,mixed ring-site C-H out-of-plane bending / cyclic-ring out-of-plane deformation / ring-site C-H in-plane bending,tau(C4-C2-C3-H14),dihedral,0.0020520232167345947,-,-0.0027395948932890405,0.27884576993327614
32,1084.4464306814648,,,mixed ring-site C-H out-of-plane bending / cyclic-ring out-of-plane deformation / ring-site C-H in-plane bending,nu(C5-H18),bond,0.0016688104304159695,+,0.002208257172868985,0.34902954612114734
32,1084.4464306814648,,,mixed ring-site C-H out-of-plane bending / cyclic-ring out-of-plane deformation / ring-site C-H in-plane bending,nu(C9-H25),bond,0.001661537073747751,+,0.002203469548844218,0.34902008220261893
32,1084.4464306814648,,,mixed ring-site C-H out-of-plane bending / cyclic-ring out-of-plane deformation / ring-site C-H in-plane bending,nu(C1-H12),bond,0.0015473298686790925,-,-0.0021856882598892337,0.3303398418047025
32,1084.4464306814648,,,mixed ring-site C-H out-of-plane bending / cyclic-ring out-of-plane deformation / ring-site C-H in-plane bending,nu(C3-H15),bond,0.0015462990563523957,-,-0.0021850208067321812,0.33032148604472367
32,1084.4464306814648,,,mixed ring-site C-H out-of-plane bending / cyclic-ring out-of-plane deformation / ring-site C-H in-plane bending,nu(C1-H10),bond,0.0015330370744039872,+,0.0021678350358234244,0.33270144145954433
32,1084.4464306814648,,,mixed ring-site C-H out-of-plane bending / cyclic-ring out-of-plane deformation / ring-site C-H in-plane bending,nu(C3-H14),bond,0.0015157787319665386,+,0.002155608576207626,0.3326982298069487
32,1084.4464306814648,,,mixed ring-site C-H out-of-plane bending / cyclic-ring out-of-plane deformation / ring-site C-H in-plane bending,delta(C2-C4-C5),angle,0.0009152155771188195,+,0.0017238792286224931,0.3140973094435254
32,1084.4464306814648,,,mixed ring-site C-H out-of-plane bending / cyclic-ring out-of-plane deformation / ring-site C-H in-plane bending,nu(C2-H13),bond,0.0008946010165881425,+,0.0016534664210256045,0.3337283603614742
32,1084.4464306814648,,,mixed ring-site C-H out-of-plane bending / cyclic-ring out-of-plane deformation / ring-site C-H in-plane bending,nu(C8-H24),bond,0.0007814797636470312,-,-0.0015569331191765878,0.3288003785530708
32,1084.4464306814648,,,mixed ring-site C-H out-of-plane bending / cyclic-ring out-of-plane deformation / ring-site C-H in-plane bending,nu(C6-H20),bond,0.0007787000656638017,-,-0.0015542825306877305,0.3287492466493157
32,1084.4464306814648,,,mixed ring-site C-H out-of-plane bending / cyclic-ring out-of-plane deformation / ring-site C-H in-plane bending,nu(C4-H17),bond,0.0001928178611575768,+,0.0007636135362212561,0.3372519822787753
32,1084.4464306814648,,,mixed ring-site C-H out-of-plane bending / cyclic-ring out-of-plane deformation / ring-site C-H in-plane bending,"gamma(H11;C1,H10,H12)",oop,0.00013605022833042954,+,0.0007994953505534334,0.21708103153869004
32,1084.4464306814648,,,mixed ring-site C-H out-of-plane bending / cyclic-ring out-of-plane deformation / ring-site C-H in-plane bending,nu(C7-H21),bond,0.00012315134149255507,+,0.0006143657108357553,0.3327665744893832
32,1084.4464306814648,,,mixed ring-site C-H out-of-plane bending / cyclic-ring out-of-plane deformation / ring-site C-H in-plane bending,nu(C1-H11),bond,2.1106233119835594e-05,+,0.00025323957418112316,0.33566191504728254
32,1084.4464306814648,,,mixed ring-site C-H out-of-plane bending / cyclic-ring out-of-plane deformation / ring-site C-H in-plane bending,delta(H10-C1-H12),angle,2.0377445782990635e-05,-,-0.0002824552906293016,0.2604982470330432
32,1084.4464306814648,,,mixed ring-site C-H out-of-plane bending / cyclic-ring out-of-plane deformation / ring-site C-H in-plane bending,nu(C3-H16),bond,1.9149962839833463e-05,+,0.0002412247223499648,0.3356439255063405
32,1084.4464306814648,,,mixed ring-site C-H out-of-plane bending / cyclic-ring out-of-plane deformation / ring-site C-H in-plane bending,delta(H14-C3-H15),angle,1.855578282829391e-05,-,-0.0002261407664503755,0.3700633261945618
32,1084.4464306814648,,,mixed ring-site C-H out-of-plane bending / cyclic-ring out-of-plane deformation / ring-site C-H in-plane bending,nu(C7-H22),bond,1.3861055995663338e-05,+,0.0002053743904332551,0.3351646674336103
32,1084.4464306814648,,,mixed ring-site C-H out-of-plane bending / cyclic-ring out-of-plane deformation / ring-site C-H in-plane bending,delta(H23-C8-H24),angle,1.366789376656349e-06,-,-8.021926432344344e-05,0.21662008978042366
33,1097.1051286784848,,,mixed mixed-phase cyclic C-C stretching / ring-site C-H in-plane bending,nu(C8-C9),bond,10.223145183128555,+,0.14257303124200713,0.3128510577221663
33,1097.1051286784848,,,mixed mixed-phase cyclic C-C stretching / ring-site C-H in-plane bending,nu(C5-C6),bond,9.715193471440946,-,-0.14271176939745617,0.29672882571093184
33,1097.1051286784848,,,mixed mixed-phase cyclic C-C stretching / ring-site C-H in-plane bending,delta(C6-C5-H18),angle,9.357906643860382,-,-0.14766663308465874,0.26695731673582873
33,1097.1051286784848,,,mixed mixed-phase cyclic C-C stretching / ring-site C-H in-plane bending,nu(C6-C7),bond,7.046293019719166,+,0.12221305036503749,0.2934630298225203
33,1097.1051286784848,,,mixed mixed-phase cyclic C-C stretching / ring-site C-H in-plane bending,nu(C7-C8),bond,6.8777968513685215,-,-0.12215260165971656,0.28672909715516987
33,1097.1051286784848,,,mixed mixed-phase cyclic C-C stretching / ring-site C-H in-plane bending,delta(C4-C9-H25),angle,6.79446516227444,-,-0.13840498336664062,0.22063768235437067
33,1097.1051286784848,,,mixed mixed-phase cyclic C-C stretching / ring-site C-H in-plane bending,"gamma(C7;C8,H23,H24)",oop,6.076533096014737,-,-0.1121241572125032,0.300666713145669
33,1097.1051286784848,,,mixed mixed-phase cyclic C-C stretching / ring-site C-H in-plane bending,"gamma(H19;C6,C5,H20)",oop,5.928710593712967,+,0.08514764199985371,0.5086778952751276
33,1097.1051286784848,,,mixed mixed-phase cyclic C-C stretching / ring-site C-H in-plane bending,delta(C7-C8-H23),angle,5.657718558922333,-,-0.062102573588453766,0.9125360055785439
33,1097.1051286784848,,,mixed mixed-phase cyclic C-C stretching / ring-site C-H in-plane bending,"gamma(C4;C5,C6,H18)",oop,5.214134264178486,-,-0.09234651388189372,0.38033742786902636
33,1097.1051286784848,,,mixed mixed-phase cyclic C-C stretching / ring-site C-H in-plane bending,delta(C7-C6-H19),angle,3.6404903805526794,+,0.06254675448918418,0.578866203893712
33,1097.1051286784848,,,mixed mixed-phase cyclic C-C stretching / ring-site C-H in-plane bending,delta(C9-C8-H23),angle,3.10751644210087,+,0.07057032654938208,0.3881477265434133
33,1097.1051286784848,,,mixed mixed-phase cyclic C-C stretching / ring-site C-H in-plane bending,nu(C4-C5),bond,2.7618665341973903,+,0.056033067524845576,0.5471945412726401
33,1097.1051286784848,,,mixed mixed-phase cyclic C-C stretching / ring-site C-H in-plane bending,nu(C4-C9),bond,2.1302767111439898,-,-0.05642909415849664,0.41615750179357514
33,1097.1051286784848,,,mixed mixed-phase cyclic C-C stretching / ring-site C-H in-plane bending,tau(H17-C4-C9-C8),dihedral,1.7151972900931833,+,0.047725273669555944,0.4684304222796268
33,1097.1051286784848,,,mixed mixed-phase cyclic C-C stretching / ring-site C-H in-plane bending,delta(C4-C9-C8),angle,1.6563747840941905,-,-0.036874427486026366,0.7577673759020244
33,1097.1051286784848,,,mixed mixed-phase cyclic C-C stretching / ring-site C-H in-plane bending,"gamma(C9;C4,C2,C5)",oop,1.554619783143718,+,0.027279893490685127,1.2994713680163765
33,1097.1051286784848,,,mixed mixed-phase cyclic C-C stretching / ring-site C-H in-plane bending,delta(C9-C4-H17),angle,1.4985938524082278,-,-0.06312657811185139,0.23393075140123543
33,1097.1051286784848,,,mixed mixed-phase cyclic C-C stretching / ring-site C-H in-plane bending,"gamma(C5;C9,C4,H25)",oop,1.3146296770437038,+,0.018205453751166386,2.4673359249773874
33,1097.1051286784848,,,mixed mixed-phase cyclic C-C stretching / ring-site C-H in-plane bending,tau(H19-C6-C7-C8),dihedral,1.1328963722013636,+,0.062103056324106946,0.18272253164280974
33,1097.1051286784848,,,mixed mixed-phase cyclic C-C stretching / ring-site C-H in-plane bending,tau(C2-C4-C5-H18),dihedral,0.9564937426732962,-,-0.04077360926874083,0.35789174837591814
33,1097.1051286784848,,,mixed mixed-phase cyclic C-C stretching / ring-site C-H in-plane bending,tau(C9-C5-C6-H20),dihedral,0.7422691018727223,-,-0.03039705157353792,0.49971953559980403
33,1097.1051286784848,,,mixed mixed-phase cyclic C-C stretching / ring-site C-H in-plane bending,tau(H23-C8-C9-C4),dihedral,0.7148015490986741,+,0.03147352672761961,0.4488720156531896
33,1097.1051286784848,,,mixed mixed-phase cyclic C-C stretching / ring-site C-H in-plane bending,delta(C8-C7-H22),angle,0.6656345920788567,+,0.03326393394124372,0.37421098329674723
33,1097.1051286784848,,,mixed mixed-phase cyclic C-C stretching / ring-site C-H in-plane bending,tau(H21-C7-C8-C9),dihedral,0.585442673571603,-,-0.041088767541595496,0.21570788048823702
33,1097.1051286784848,,,mixed mixed-phase cyclic C-C stretching / ring-site C-H in-plane bending,nu(C1-C2),bond,0.4932233085472052,+,0.033782756296067196,0.26883220687743986
33,1097.1051286784848,,,mixed mixed-phase cyclic C-C stretching / ring-site C-H in-plane bending,nu(C2-C3),bond,0.49196637891579453,-,-0.033740730121945825,0.2688155190040503
33,1097.1051286784848,,,mixed mixed-phase cyclic C-C stretching / ring-site C-H in-plane bending,"gamma(C6;C7,H21,H22)",oop,0.4699654872570017,+,0.03482398256309622,0.24106655312168962
33,1097.1051286784848,,,mixed mixed-phase cyclic C-C stretching / ring-site C-H in-plane bending,delta(C2-C4-C5),angle,0.4252846865111979,-,-0.029021623070449625,0.3140973094435254
33,1097.1051286784848,,,mixed mixed-phase cyclic C-C stretching / ring-site C-H in-plane bending,tau(H17-C4-C9-H25),dihedral,0.37846530217184526,+,0.019863456563837412,0.5966838523581202
33,1097.1051286784848,,,mixed mixed-phase cyclic C-C stretching / ring-site C-H in-plane bending,delta(C2-C1-H10),angle,0.2522601665668831,-,-0.020400802206859376,0.3770353350204659
33,1097.1051286784848,,,mixed mixed-phase cyclic C-C stretching / ring-site C-H in-plane bending,delta(C2-C3-H16),angle,0.1640009572557355,-,-0.01821864397557416,0.3073563220041683
33,1097.1051286784848,,,mixed mixed-phase cyclic C-C stretching / ring-site C-H in-plane bending,tau(H20-C6-C7-C8),dihedral,0.0679310875250233,-,-0.013016342412083425,0.24941266534876505
33,1097.1051286784848,,,mixed mixed-phase cyclic C-C stretching / ring-site C-H in-plane bending,tau(C1-C2-C3-H16),dihedral,0.03424937491883245,-,-0.00881028845028844,0.2744733988296527
33,1097.1051286784848,,,mixed mixed-phase cyclic C-C stretching / ring-site C-H in-plane bending,tau(H12-C1-C2-C3),dihedral,0.03141782188642495,+,0.010450265168322792,0.1789572584353189
33,1097.1051286784848,,,mixed mixed-phase cyclic C-C stretching / ring-site C-H in-plane bending,tau(H11-C1-C2-C3),dihedral,0.020633560557137026,-,-0.008644825307048812,0.17174717389126995
33,1097.1051286784848,,,mixed mixed-phase cyclic C-C stretching / ring-site C-H in-plane bending,delta(C2-C3-H15),angle,0.01878251374071755,-,-0.005227135534579673,0.4276161102640135
33,1097.1051286784848,,,mixed mixed-phase cyclic C-C stretching / ring-site C-H in-plane bending,delta(C3-C2-H13),angle,0.015419131460911463,-,-0.006318378376835378,0.24025725817088736
33,1097.1051286784848,,,mixed mixed-phase cyclic C-C stretching / ring-site C-H in-plane bending,delta(C3-C2-C4),angle,0.015136690820988988,+,0.004247183055570897,0.5219835858024717
33,1097.1051286784848,,,mixed mixed-phase cyclic C-C stretching / ring-site C-H in-plane bending,delta(H14-C3-H15),angle,0.013324758267799759,+,0.004732662974463904,0.3700633261945618
33,1097.1051286784848,,,mixed mixed-phase cyclic C-C stretching / ring-site C-H in-plane bending,delta(C2-C1-H12),angle,0.009775559258807845,+,0.00445794395112961,0.3059850941292659
33,1097.1051286784848,,,mixed mixed-phase cyclic C-C stretching / ring-site C-H in-plane bending,delta(H10-C1-H12),angle,0.00915934882758531,-,-0.004676746499153469,0.2604982470330432
33,1097.1051286784848,,,mixed mixed-phase cyclic C-C stretching / ring-site C-H in-plane bending,delta(H15-C3-H16),angle,0.00763791629584187,-,-0.003551963523191984,0.3765873833684418
33,1097.1051286784848,,,mixed mixed-phase cyclic C-C stretching / ring-site C-H in-plane bending,tau(C4-C2-C3-H14),dihedral,0.004598262225667523,-,-0.0032027922547602644,0.27884576993327614
33,1097.1051286784848,,,mixed mixed-phase cyclic C-C stretching / ring-site C-H in-plane bending,nu(C8-H23),bond,0.0017462828838701427,-,-0.00181919676689557,0.3282336573619821
33,1097.1051286784848,,,mixed mixed-phase cyclic C-C stretching / ring-site C-H in-plane bending,nu(C6-H19),bond,0.001701756820475275,+,0.0017958229696548825,0.32824515254734715
33,1097.1051286784848,,,mixed mixed-phase cyclic C-C stretching / ring-site C-H in-plane bending,delta(H14-C3-H16),angle,0.0008772817882172225,+,0.0012170273838560746,0.36843958035172164
33,1097.1051286784848,,,mixed mixed-phase cyclic C-C stretching / ring-site C-H in-plane bending,delta(H23-C8-H24),angle,0.0006861850893987744,-,-0.0014037352486236724,0.21662008978042366
33,1097.1051286784848,,,mixed mixed-phase cyclic C-C stretching / ring-site C-H in-plane bending,nu(C5-H18),bond,0.000618492336680268,-,-0.0010499049856528503,0.34902954612114734
33,1097.1051286784848,,,mixed mixed-phase cyclic C-C stretching / ring-site C-H in-plane bending,nu(C9-H25),bond,0.0005820742975655515,+,0.0010185396405028551,0.34902008220261893
33,1097.1051286784848,,,mixed mixed-phase cyclic C-C stretching / ring-site C-H in-plane bending,tau(C3-C2-C4-C5),dihedral,0.0003564032522776672,-,-0.003039082556992958,0.024004050308062942
33,1097.1051286784848,,,mixed mixed-phase cyclic C-C stretching / ring-site C-H in-plane bending,nu(C3-H14),bond,0.0003233884835343839,-,-0.0007775905297112108,0.3326982298069487
33,1097.1051286784848,,,mixed mixed-phase cyclic C-C stretching / ring-site C-H in-plane bending,nu(C1-H10),bond,0.00029975783429987625,+,0.0007486379916368369,0.33270144145954433
33,1097.1051286784848,,,mixed mixed-phase cyclic C-C stretching / ring-site C-H in-plane bending,"gamma(C4;C2,C3,H13)",oop,0.0001633082581709082,+,0.0005397668223255594,0.348677272053292
33,1097.1051286784848,,,mixed mixed-phase cyclic C-C stretching / ring-site C-H in-plane bending,nu(C1-H11),bond,0.00014696817209236847,-,-0.0005218846762720294,0.33566191504728254
33,1097.1051286784848,,,mixed mixed-phase cyclic C-C stretching / ring-site C-H in-plane bending,nu(C3-H16),bond,0.0001412114324458062,+,0.000511575180582336,0.3356439255063405
33,1097.1051286784848,,,mixed mixed-phase cyclic C-C stretching / ring-site C-H in-plane bending,delta(C6-C7-C8),angle,4.1309632183063636e-05,-,-0.00015924863751423757,1.013275969219078
33,1097.1051286784848,,,mixed mixed-phase cyclic C-C stretching / ring-site C-H in-plane bending,"gamma(H11;C1,H10,H12)",oop,3.293988922775176e-05,+,0.00030723031185829247,0.21708103153869004
33,1097.1051286784848,,,mixed mixed-phase cyclic C-C stretching / ring-site C-H in-plane bending,nu(C2-C4),bond,2.255639271404025e-05,-,-0.000226155332751537,0.27433666012197316
33,1097.1051286784848,,,mixed mixed-phase cyclic C-C stretching / ring-site C-H in-plane bending,nu(C6-H20),bond,1.1489780103804489e-05,+,0.00014744749823614493,0.3287492466493157
33,1097.1051286784848,,,mixed mixed-phase cyclic C-C stretching / ring-site C-H in-plane bending,nu(C8-H24),bond,8.201182279373783e-06,-,-0.0001245621256064816,0.3288003785530708
33,1097.1051286784848,,,mixed mixed-phase cyclic C-C stretching / ring-site C-H in-plane bending,nu(C3-H15),bond,4.566738822136494e-06,+,9.273605311698648e-05,0.33032148604472367
33,1097.1051286784848,,,mixed mixed-phase cyclic C-C stretching / ring-site C-H in-plane bending,nu(C1-H12),bond,2.6997780476865664e-06,-,-7.130130611511627e-05,0.3303398418047025
33,1097.1051286784848,,,mixed mixed-phase cyclic C-C stretching / ring-site C-H in-plane bending,nu(C2-H13),bond,2.938693836319111e-07,-,-2.340424019053731e-05,0.3337283603614742
33,1097.1051286784848,,,mixed mixed-phase cyclic C-C stretching / ring-site C-H in-plane bending,delta(H21-C7-H22),angle,7.224430031349148e-08,+,1.276817498498283e-05,0.2756600324984054
33,1097.1051286784848,,,mixed mixed-phase cyclic C-C stretching / ring-site C-H in-plane bending,delta(C1-C2-C3),angle,6.769020319765584e-08,-,-1.0881826501785798e-05,0.3555904501026593
33,1097.1051286784848,,,mixed mixed-phase cyclic C-C stretching / ring-site C-H in-plane bending,nu(C7-H22),bond,2.517490038594046e-08,+,6.835474986035333e-06,0.3351646674336103
33,1097.1051286784848,,,mixed mixed-phase cyclic C-C stretching / ring-site C-H in-plane bending,nu(C7-H21),bond,2.2714545864380476e-08,-,-6.516225633196758e-06,0.3327665744893832
33,1097.1051286784848,,,mixed mixed-phase cyclic C-C stretching / ring-site C-H in-plane bending,nu(C4-H17),bond,3.578386671632447e-10,-,-8.12419447870425e-07,0.3372519822787753
34,1116.6130363446418,,,mixed ring-site C-H out-of-plane bending / cyclic-ring out-of-plane deformation,tau(H17-C4-C9-H25),dihedral,50.76390947342759,+,0.50730372492398,0.5966838523581202
34,1116.6130363446418,,,mixed ring-site C-H out-of-plane bending / cyclic-ring out-of-plane deformation,"gamma(C5;C9,C4,H25)",oop,18.043111883565796,-,-0.14873194014222194,2.4673359249773874
34,1116.6130363446418,,,mixed ring-site C-H out-of-plane bending / cyclic-ring out-of-plane deformation,"gamma(C4;C5,C6,H18)",oop,9.34593808414931,+,0.2726400045862223,0.38033742786902636
34,1116.6130363446418,,,mixed ring-site C-H out-of-plane bending / cyclic-ring out-of-plane deformation,tau(C2-C4-C5-H18),dihedral,8.877095487010182,+,0.2739190685730323,0.35789174837591814
34,1116.6130363446418,,,mixed ring-site C-H out-of-plane bending / cyclic-ring out-of-plane deformation,tau(H17-C4-C9-C8),dihedral,5.643756053163215,+,0.1909080464703838,0.4684304222796268
34,1116.6130363446418,,,mixed ring-site C-H out-of-plane bending / cyclic-ring out-of-plane deformation,delta(C9-C4-H17),angle,1.4324634338042128,-,-0.13610083121651478,0.23393075140123543
34,1116.6130363446418,,,mixed ring-site C-H out-of-plane bending / cyclic-ring out-of-plane deformation,nu(C2-C3),bond,0.9083316149485283,+,0.1011015257381776,0.2688155190040503
34,1116.6130363446418,,,mixed ring-site C-H out-of-plane bending / cyclic-ring out-of-plane deformation,nu(C1-C2),bond,0.9060844890209312,-,-0.10097325639821131,0.26883220687743986
34,1116.6130363446418,,,mixed ring-site C-H out-of-plane bending / cyclic-ring out-of-plane deformation,delta(C2-C1-H10),angle,0.6290037219801292,+,0.07103922978974392,0.3770353350204659
34,1116.6130363446418,,,mixed ring-site C-H out-of-plane bending / cyclic-ring out-of-plane deformation,delta(C4-C9-H25),angle,0.4444387293988641,+,0.07806003980492056,0.22063768235437067
34,1116.6130363446418,,,mixed ring-site C-H out-of-plane bending / cyclic-ring out-of-plane deformation,"gamma(C6;C7,H21,H22)",oop,0.36759969444950835,+,0.0679175099352827,0.24106655312168962
34,1116.6130363446418,,,mixed ring-site C-H out-of-plane bending / cyclic-ring out-of-plane deformation,"gamma(C7;C8,H23,H24)",oop,0.3469904851472574,-,-0.059085208346079665,0.300666713145669
34,1116.6130363446418,,,mixed ring-site C-H out-of-plane bending / cyclic-ring out-of-plane deformation,delta(C2-C3-H16),angle,0.27301353407668005,+,0.05183626200486871,0.3073563220041683
34,1116.6130363446418,,,mixed ring-site C-H out-of-plane bending / cyclic-ring out-of-plane deformation,tau(H20-C6-C7-C8),dihedral,0.20578586505422558,-,-0.04995870609507469,0.24941266534876505
34,1116.6130363446418,,,mixed ring-site C-H out-of-plane bending / cyclic-ring out-of-plane deformation,delta(C3-C2-C4),angle,0.16376565041847838,-,-0.030806733181918147,0.5219835858024717
34,1116.6130363446418,,,mixed ring-site C-H out-of-plane bending / cyclic-ring out-of-plane deformation,tau(C1-C2-C3-H16),dihedral,0.15906811740287877,+,0.04187011017160676,0.2744733988296527
34,1116.6130363446418,,,mixed ring-site C-H out-of-plane bending / cyclic-ring out-of-plane deformation,delta(C6-C5-H18),angle,0.15009062592240577,-,-0.04123998829383797,0.26695731673582873
34,1116.6130363446418,,,mixed ring-site C-H out-of-plane bending / cyclic-ring out-of-plane deformation,delta(C2-C3-H15),angle,0.14455637579654695,+,0.03197821805116999,0.4276161102640135
34,1116.6130363446418,,,mixed ring-site C-H out-of-plane bending / cyclic-ring out-of-plane deformation,delta(C8-C7-H22),angle,0.14220810188957575,-,-0.033905220100010514,0.37421098329674723
34,1116.6130363446418,,,mixed ring-site C-H out-of-plane bending / cyclic-ring out-of-plane deformation,tau(H23-C8-C9-C4),dihedral,0.11154243051369252,+,0.027417095803686946,0.4488720156531896
34,1116.6130363446418,,,mixed ring-site C-H out-of-plane bending / cyclic-ring out-of-plane deformation,delta(C2-C1-H12),angle,0.10546978825387024,-,-0.032290633465881055,0.3059850941292659
34,1116.6130363446418,,,mixed ring-site C-H out-of-plane bending / cyclic-ring out-of-plane deformation,tau(H21-C7-C8-C9),dihedral,0.10420550564302569,-,-0.03822742017149687,0.21570788048823702
34,1116.6130363446418,,,mixed ring-site C-H out-of-plane bending / cyclic-ring out-of-plane deformation,tau(H11-C1-C2-C3),dihedral,0.0995712928459877,+,0.04187790395303137,0.17174717389126995
34,1116.6130363446418,,,mixed ring-site C-H out-of-plane bending / cyclic-ring out-of-plane deformation,tau(H12-C1-C2-C3),dihedral,0.09215131091576027,-,-0.039467422342697345,0.1789572584353189
34,1116.6130363446418,,,mixed ring-site C-H out-of-plane bending / cyclic-ring out-of-plane deformation,delta(H14-C3-H15),angle,0.0644807233556502,-,-0.02295829275764755,0.3700633261945618
34,1116.6130363446418,,,mixed ring-site C-H out-of-plane bending / cyclic-ring out-of-plane deformation,delta(C3-C2-H13),angle,0.06296232676487008,+,0.028155600176301154,0.24025725817088736
34,1116.6130363446418,,,mixed ring-site C-H out-of-plane bending / cyclic-ring out-of-plane deformation,delta(C7-C8-H23),angle,0.05766106711620184,+,0.013825441098802701,0.9125360055785439
34,1116.6130363446418,,,mixed ring-site C-H out-of-plane bending / cyclic-ring out-of-plane deformation,delta(H15-C3-H16),angle,0.050969758462122615,+,0.02023420138010742,0.3765873833684418
34,1116.6130363446418,,,mixed ring-site C-H out-of-plane bending / cyclic-ring out-of-plane deformation,delta(H10-C1-H12),angle,0.04572666255801933,+,0.023043317990681458,0.2604982470330432
34,1116.6130363446418,,,mixed ring-site C-H out-of-plane bending / cyclic-ring out-of-plane deformation,"gamma(H19;C6,C5,H20)",oop,0.044572950239411005,+,0.016280844211595404,0.5086778952751276
34,1116.6130363446418,,,mixed ring-site C-H out-of-plane bending / cyclic-ring out-of-plane deformation,delta(C7-C6-H19),angle,0.036859192838359284,-,-0.013878626111918493,0.578866203893712
34,1116.6130363446418,,,mixed ring-site C-H out-of-plane bending / cyclic-ring out-of-plane deformation,"gamma(C4;C2,C3,H13)",oop,0.0319493215944132,-,-0.016648751223936175,0.348677272053292
34,1116.6130363446418,,,mixed ring-site C-H out-of-plane bending / cyclic-ring out-of-plane deformation,nu(C6-C7),bond,0.02524197975245508,+,0.016130494138342593,0.2934630298225203
34,1116.6130363446418,,,mixed ring-site C-H out-of-plane bending / cyclic-ring out-of-plane deformation,nu(C7-C8),bond,0.024606653904911627,-,-0.016112133810972804,0.28672909715516987
34,1116.6130363446418,,,mixed ring-site C-H out-of-plane bending / cyclic-ring out-of-plane deformation,tau(C9-C5-C6-H20),dihedral,0.01646204307386988,-,-0.009982547059018293,0.49971953559980403
34,1116.6130363446418,,,mixed ring-site C-H out-of-plane bending / cyclic-ring out-of-plane deformation,delta(H14-C3-H16),angle,0.014158168342080795,-,-0.010781596133560964,0.36843958035172164
34,1116.6130363446418,,,mixed ring-site C-H out-of-plane bending / cyclic-ring out-of-plane deformation,delta(C9-C8-H23),angle,0.01220086355423108,-,-0.00975123055688316,0.3881477265434133
34,1116.6130363446418,,,mixed ring-site C-H out-of-plane bending / cyclic-ring out-of-plane deformation,tau(C3-C2-C4-C5),dihedral,0.011939545784313955,+,0.03878951072930967,0.024004050308062942
34,1116.6130363446418,,,mixed ring-site C-H out-of-plane bending / cyclic-ring out-of-plane deformation,delta(C4-C9-C8),angle,0.011239117110698084,+,0.006698241622979037,0.7577673759020244
34,1116.6130363446418,,,mixed ring-site C-H out-of-plane bending / cyclic-ring out-of-plane deformation,tau(H19-C6-C7-C8),dihedral,0.007907976734973515,-,-0.01144193042878361,0.18272253164280974
34,1116.6130363446418,,,mixed ring-site C-H out-of-plane bending / cyclic-ring out-of-plane deformation,nu(C8-C9),bond,0.00583819052583303,+,0.007513338943675224,0.3128510577221663
34,1116.6130363446418,,,mixed ring-site C-H out-of-plane bending / cyclic-ring out-of-plane deformation,nu(C5-C6),bond,0.005461643242221357,-,-0.007461814673597128,0.29672882571093184
34,1116.6130363446418,,,mixed ring-site C-H out-of-plane bending / cyclic-ring out-of-plane deformation,"gamma(C9;C4,C2,C5)",oop,0.004276134433570749,-,-0.003155040807568383,1.2994713680163765
34,1116.6130363446418,,,mixed ring-site C-H out-of-plane bending / cyclic-ring out-of-plane deformation,delta(C2-C4-C5),angle,0.0012544793512887732,+,0.0034758603039436514,0.3140973094435254
34,1116.6130363446418,,,mixed ring-site C-H out-of-plane bending / cyclic-ring out-of-plane deformation,tau(C4-C2-C3-H14),dihedral,0.0007734264294203708,-,-0.00289661074373313,0.27884576993327614
34,1116.6130363446418,,,mixed ring-site C-H out-of-plane bending / cyclic-ring out-of-plane deformation,nu(C4-C5),bond,0.0006460606643194805,+,0.0018898547861745565,0.5471945412726401
34,1116.6130363446418,,,mixed ring-site C-H out-of-plane bending / cyclic-ring out-of-plane deformation,nu(C4-C9),bond,0.0005826974677261293,-,-0.0020580473604865507,0.41615750179357514
34,1116.6130363446418,,,mixed ring-site C-H out-of-plane bending / cyclic-ring out-of-plane deformation,nu(C1-H10),bond,0.0005779224194604986,-,-0.00229229281515624,0.33270144145954433
34,1116.6130363446418,,,mixed ring-site C-H out-of-plane bending / cyclic-ring out-of-plane deformation,nu(C3-H14),bond,0.0005726977329966081,+,0.002281918609452276,0.3326982298069487
34,1116.6130363446418,,,mixed ring-site C-H out-of-plane bending / cyclic-ring out-of-plane deformation,nu(C1-H11),bond,0.00010321785786666338,+,0.0009644707253868854,0.33566191504728254
34,1116.6130363446418,,,mixed ring-site C-H out-of-plane bending / cyclic-ring out-of-plane deformation,nu(C3-H16),bond,0.00010293938056903593,-,-0.0009631946077737364,0.3356439255063405
34,1116.6130363446418,,,mixed ring-site C-H out-of-plane bending / cyclic-ring out-of-plane deformation,nu(C8-H23),bond,0.00010073790359806061,-,-0.0009635351481080337,0.3282336573619821
34,1116.6130363446418,,,mixed ring-site C-H out-of-plane bending / cyclic-ring out-of-plane deformation,nu(C6-H19),bond,9.859179170145269e-05,+,0.0009531996673451159,0.32824515254734715
34,1116.6130363446418,,,mixed ring-site C-H out-of-plane bending / cyclic-ring out-of-plane deformation,delta(H23-C8-H24),angle,7.708666483364927e-05,-,-0.0010375354050227359,0.21662008978042366
34,1116.6130363446418,,,mixed ring-site C-H out-of-plane bending / cyclic-ring out-of-plane deformation,nu(C5-H18),bond,6.847393583528109e-05,+,0.0007703608660031926,0.34902954612114734
34,1116.6130363446418,,,mixed ring-site C-H out-of-plane bending / cyclic-ring out-of-plane deformation,nu(C9-H25),bond,6.761752205000132e-05,-,-0.0007655385771273927,0.34902008220261893
34,1116.6130363446418,,,mixed ring-site C-H out-of-plane bending / cyclic-ring out-of-plane deformation,nu(C3-H15),bond,6.218843715335805e-05,+,0.0007546560754593288,0.33032148604472367
34,1116.6130363446418,,,mixed ring-site C-H out-of-plane bending / cyclic-ring out-of-plane deformation,nu(C1-H12),bond,6.155663785940319e-05,-,-0.0007507919899392497,0.3303398418047025
34,1116.6130363446418,,,mixed ring-site C-H out-of-plane bending / cyclic-ring out-of-plane deformation,nu(C6-H20),bond,6.069799720624381e-05,+,0.0007473386801545223,0.3287492466493157
34,1116.6130363446418,,,mixed ring-site C-H out-of-plane bending / cyclic-ring out-of-plane deformation,nu(C8-H24),bond,6.0670336654261746e-05,-,-0.0007471102781956048,0.3288003785530708
34,1116.6130363446418,,,mixed ring-site C-H out-of-plane bending / cyclic-ring out-of-plane deformation,"gamma(H11;C1,H10,H12)",oop,6.048335715162969e-05,+,0.0009180570484902406,0.21708103153869004
34,1116.6130363446418,,,mixed ring-site C-H out-of-plane bending / cyclic-ring out-of-plane deformation,nu(C2-C4),bond,1.907923949784006e-06,-,-0.00014504450140750646,0.27433666012197316
34,1116.6130363446418,,,mixed ring-site C-H out-of-plane bending / cyclic-ring out-of-plane deformation,delta(C6-C7-C8),angle,2.0581995410573173e-07,-,-2.478805951286607e-05,1.013275969219078
34,1116.6130363446418,,,mixed ring-site C-H out-of-plane bending / cyclic-ring out-of-plane deformation,delta(C1-C2-C3),angle,1.0496212453888659e-07,-,-2.9881605311008925e-05,0.3555904501026593
34,1116.6130363446418,,,mixed ring-site C-H out-of-plane bending / cyclic-ring out-of-plane deformation,nu(C2-H13),bond,8.756193821797625e-08,-,-2.8172396299805744e-05,0.3337283603614742
34,1116.6130363446418,,,mixed ring-site C-H out-of-plane bending / cyclic-ring out-of-plane deformation,delta(H21-C7-H22),angle,6.769083410871955e-08,+,2.725465534984885e-05,0.2756600324984054
34,1116.6130363446418,,,mixed ring-site C-H out-of-plane bending / cyclic-ring out-of-plane deformation,nu(C4-H17),bond,9.595802598527076e-09,+,9.277395267431617e-06,0.3372519822787753
34,1116.6130363446418,,,mixed ring-site C-H out-of-plane bending / cyclic-ring out-of-plane deformation,nu(C7-H22),bond,2.2116052351768367e-09,-,-4.467734461019373e-06,0.3351646674336103
34,1116.6130363446418,,,mixed ring-site C-H out-of-plane bending / cyclic-ring out-of-plane deformation,nu(C7-H21),bond,1.5923914172691503e-10,-,-1.2031443313607e-06,0.3327665744893832
35,1139.8569246310694,,,mixed ring-site C-H out-of-plane bending / opposite-phase C-C stretching,tau(H17-C4-C9-H25),dihedral,39.05460232229403,-,-0.30267803722726633,0.5966838523581202
35,1139.8569246310694,,,mixed ring-site C-H out-of-plane bending / opposite-phase C-C stretching,tau(H17-C4-C9-C8),dihedral,9.963803555126391,-,-0.1725468254612078,0.4684304222796268
35,1139.8569246310694,,,mixed ring-site C-H out-of-plane bending / opposite-phase C-C stretching,nu(C2-C3),bond,6.0189318538907255,+,0.17703106662851956,0.2688155190040503
35,1139.8569246310694,,,mixed ring-site C-H out-of-plane bending / opposite-phase C-C stretching,nu(C1-C2),bond,6.010601270884966,-,-0.17690302218175813,0.26883220687743986
35,1139.8569246310694,,,mixed ring-site C-H out-of-plane bending / opposite-phase C-C stretching,delta(C2-C1-H10),angle,5.323115097334939,+,0.1405752431065746,0.3770353350204659
35,1139.8569246310694,,,mixed ring-site C-H out-of-plane bending / opposite-phase C-C stretching,delta(C3-C2-C4),angle,4.520412902626228,-,-0.11009752884350134,0.5219835858024717
35,1139.8569246310694,,,mixed ring-site C-H out-of-plane bending / opposite-phase C-C stretching,"gamma(C9;C4,C2,C5)",oop,4.495546000428954,+,0.06958647016683228,1.2994713680163765
35,1139.8569246310694,,,mixed ring-site C-H out-of-plane bending / opposite-phase C-C stretching,"gamma(C4;C5,C6,H18)",oop,3.818318217474596,-,-0.11854096784536265,0.38033742786902636
35,1139.8569246310694,,,mixed ring-site C-H out-of-plane bending / opposite-phase C-C stretching,delta(C2-C3-H16),angle,2.366662619073271,+,0.10381594031190663,0.3073563220041683
35,1139.8569246310694,,,mixed ring-site C-H out-of-plane bending / opposite-phase C-C stretching,delta(C9-C4-H17),angle,2.103337602276394,+,0.11218318777190946,0.23393075140123543
35,1139.8569246310694,,,mixed ring-site C-H out-of-plane bending / opposite-phase C-C stretching,"gamma(C5;C9,C4,H25)",oop,1.8163810975383998,+,0.032100092754719256,2.4673359249773874
35,1139.8569246310694,,,mixed ring-site C-H out-of-plane bending / opposite-phase C-C stretching,"gamma(C4;C2,C3,H13)",oop,1.7744117493296798,-,-0.08439803282320268,0.348677272053292
35,1139.8569246310694,,,mixed ring-site C-H out-of-plane bending / opposite-phase C-C stretching,nu(C4-C5),bond,1.3554217807237647,+,0.05888210041145122,0.5471945412726401
35,1139.8569246310694,,,mixed ring-site C-H out-of-plane bending / opposite-phase C-C stretching,tau(C1-C2-C3-H16),dihedral,1.353458031813693,+,0.08307860743669622,0.2744733988296527
35,1139.8569246310694,,,mixed ring-site C-H out-of-plane bending / opposite-phase C-C stretching,delta(C2-C4-C5),angle,1.2273809886889084,-,-0.07395618999465002,0.3140973094435254
35,1139.8569246310694,,,mixed ring-site C-H out-of-plane bending / opposite-phase C-C stretching,delta(C2-C3-H15),angle,1.0962281515423526,+,0.05990187100653906,0.4276161102640135
35,1139.8569246310694,,,mixed ring-site C-H out-of-plane bending / opposite-phase C-C stretching,nu(C4-C9),bond,1.0377550761637744,-,-0.05907932311939628,0.41615750179357514
35,1139.8569246310694,,,mixed ring-site C-H out-of-plane bending / opposite-phase C-C stretching,tau(H11-C1-C2-C3),dihedral,0.8486699008888484,+,0.08316518188759335,0.17174717389126995
35,1139.8569246310694,,,mixed ring-site C-H out-of-plane bending / opposite-phase C-C stretching,delta(C2-C1-H12),angle,0.789575022250698,-,-0.06009848260720351,0.3059850941292659
35,1139.8569246310694,,,mixed ring-site C-H out-of-plane bending / opposite-phase C-C stretching,tau(H12-C1-C2-C3),dihedral,0.7252696119195285,-,-0.07531682835799659,0.1789572584353189
35,1139.8569246310694,,,mixed ring-site C-H out-of-plane bending / opposite-phase C-C stretching,delta(C3-C2-H13),angle,0.4294478172198786,+,0.05001887080323866,0.24025725817088736
35,1139.8569246310694,,,mixed ring-site C-H out-of-plane bending / opposite-phase C-C stretching,delta(H15-C3-H16),angle,0.4089074991924869,+,0.03898491541752381,0.3765873833684418
35,1139.8569246310694,,,mixed ring-site C-H out-of-plane bending / opposite-phase C-C stretching,delta(H14-C3-H15),angle,0.3832043273361432,-,-0.03807098557692868,0.3700633261945618
35,1139.8569246310694,,,mixed ring-site C-H out-of-plane bending / opposite-phase C-C stretching,tau(H23-C8-C9-C4),dihedral,0.37020107756934495,-,-0.03397617739399834,0.4488720156531896
35,1139.8569246310694,,,mixed ring-site C-H out-of-plane bending / opposite-phase C-C stretching,nu(C8-C9),bond,0.34833970517086754,+,0.03947749777458074,0.3128510577221663
35,1139.8569246310694,,,mixed ring-site C-H out-of-plane bending / opposite-phase C-C stretching,nu(C5-C6),bond,0.32222988571561834,-,-0.03898701465115171,0.29672882571093184
35,1139.8569246310694,,,mixed ring-site C-H out-of-plane bending / opposite-phase C-C stretching,tau(C4-C2-C3-H14),dihedral,0.29538823762001226,-,-0.038506275176182,0.27884576993327614
35,1139.8569246310694,,,mixed ring-site C-H out-of-plane bending / opposite-phase C-C stretching,delta(H10-C1-H12),angle,0.2721750866752994,+,0.03824183505430119,0.2604982470330432
35,1139.8569246310694,,,mixed ring-site C-H out-of-plane bending / opposite-phase C-C stretching,delta(C4-C9-H25),angle,0.25828243975549964,-,-0.040478511892326645,0.22063768235437067
35,1139.8569246310694,,,mixed ring-site C-H out-of-plane bending / opposite-phase C-C stretching,"gamma(C7;C8,H23,H24)",oop,0.20895793627420947,+,0.03118916168736891,0.300666713145669
35,1139.8569246310694,,,mixed ring-site C-H out-of-plane bending / opposite-phase C-C stretching,delta(H14-C3-H16),angle,0.17565766150567927,-,-0.025832554272259042,0.36843958035172164
35,1139.8569246310694,,,mixed ring-site C-H out-of-plane bending / opposite-phase C-C stretching,"gamma(C6;C7,H21,H22)",oop,0.17277789906542942,-,-0.03167324476055515,0.24106655312168962
35,1139.8569246310694,,,mixed ring-site C-H out-of-plane bending / opposite-phase C-C stretching,tau(H20-C6-C7-C8),dihedral,0.16792216566123905,+,0.030698114608342316,0.24941266534876505
35,1139.8569246310694,,,mixed ring-site C-H out-of-plane bending / opposite-phase C-C stretching,nu(C6-C7),bond,0.07944801868904976,+,0.01946622678058193,0.2934630298225203
35,1139.8569246310694,,,mixed ring-site C-H out-of-plane bending / opposite-phase C-C stretching,nu(C7-C8),bond,0.07922767006881695,-,-0.019666156919759353,0.28672909715516987
35,1139.8569246310694,,,mixed ring-site C-H out-of-plane bending / opposite-phase C-C stretching,delta(C4-C9-C8),angle,0.056516976444940734,-,-0.01021735421256646,0.7577673759020244
35,1139.8569246310694,,,mixed ring-site C-H out-of-plane bending / opposite-phase C-C stretching,tau(H21-C7-C8-C9),dihedral,0.050288656886970345,+,0.0180642091991247,0.21570788048823702
35,1139.8569246310694,,,mixed ring-site C-H out-of-plane bending / opposite-phase C-C stretching,tau(C9-C5-C6-H20),dihedral,0.04355941799329854,+,0.01104573988719475,0.49971953559980403
35,1139.8569246310694,,,mixed ring-site C-H out-of-plane bending / opposite-phase C-C stretching,delta(C7-C8-H23),angle,0.04177956572427095,-,-0.008005231537575921,0.9125360055785439
35,1139.8569246310694,,,mixed ring-site C-H out-of-plane bending / opposite-phase C-C stretching,tau(C3-C2-C4-C5),dihedral,0.03796287281464093,-,-0.04704941332157162,0.024004050308062942
35,1139.8569246310694,,,mixed ring-site C-H out-of-plane bending / opposite-phase C-C stretching,delta(C8-C7-H22),angle,0.032375626131779925,+,0.011004435383443336,0.37421098329674723
35,1139.8569246310694,,,mixed ring-site C-H out-of-plane bending / opposite-phase C-C stretching,delta(C7-C6-H19),angle,0.02253811908444604,+,0.007382214819045023,0.578866203893712
35,1139.8569246310694,,,mixed ring-site C-H out-of-plane bending / opposite-phase C-C stretching,delta(H23-C8-H24),angle,0.008854344619199692,+,0.0075639001367191075,0.21662008978042366
35,1139.8569246310694,,,mixed ring-site C-H out-of-plane bending / opposite-phase C-C stretching,delta(C9-C8-H23),angle,0.006731347062264703,+,0.004926850788276629,0.3881477265434133
35,1139.8569246310694,,,mixed ring-site C-H out-of-plane bending / opposite-phase C-C stretching,"gamma(H19;C6,C5,H20)",oop,0.0061472673408771075,-,-0.004112790229295608,0.5086778952751276
35,1139.8569246310694,,,mixed ring-site C-H out-of-plane bending / opposite-phase C-C stretching,nu(C1-H10),bond,0.005723102823003385,-,-0.004906879292884981,0.33270144145954433
35,1139.8569246310694,,,mixed ring-site C-H out-of-plane bending / opposite-phase C-C stretching,nu(C3-H14),bond,0.005673241944909877,+,0.004885481230482008,0.3326982298069487
35,1139.8569246310694,,,mixed ring-site C-H out-of-plane bending / opposite-phase C-C stretching,delta(C6-C5-H18),angle,0.002564645545131503,+,0.0036669898058845182,0.26695731673582873
35,1139.8569246310694,,,mixed ring-site C-H out-of-plane bending / opposite-phase C-C stretching,"gamma(H11;C1,H10,H12)",oop,0.001988859387463523,+,0.003581030690373921,0.21708103153869004
35,1139.8569246310694,,,mixed ring-site C-H out-of-plane bending / opposite-phase C-C stretching,tau(H19-C6-C7-C8),dihedral,0.0015822189610321003,+,0.003481402060569689,0.18272253164280974
35,1139.8569246310694,,,mixed ring-site C-H out-of-plane bending / opposite-phase C-C stretching,nu(C1-H11),bond,0.0007173599165914498,+,0.0017295553326350703,0.33566191504728254
35,1139.8569246310694,,,mixed ring-site C-H out-of-plane bending / opposite-phase C-C stretching,nu(C3-H16),bond,0.000698846799761911,-,-0.001707137632354401,0.3356439255063405
35,1139.8569246310694,,,mixed ring-site C-H out-of-plane bending / opposite-phase C-C stretching,nu(C5-H18),bond,0.00044837021794887435,-,-0.001340924186257552,0.34902954612114734
35,1139.8569246310694,,,mixed ring-site C-H out-of-plane bending / opposite-phase C-C stretching,nu(C9-H25),bond,0.0004430569042234067,+,0.001332973414335883,0.34902008220261893
35,1139.8569246310694,,,mixed ring-site C-H out-of-plane bending / opposite-phase C-C stretching,nu(C6-H20),bond,0.00037358354473049344,+,0.0012611839282267658,0.3287492466493157
35,1139.8569246310694,,,mixed ring-site C-H out-of-plane bending / opposite-phase C-C stretching,nu(C8-H24),bond,0.00036556144960945376,-,-0.0012474725057109641,0.3288003785530708
35,1139.8569246310694,,,mixed ring-site C-H out-of-plane bending / opposite-phase C-C stretching,tau(C2-C4-C5-H18),dihedral,0.00024370355335797146,+,0.0009762746885269751,0.35789174837591814
35,1139.8569246310694,,,mixed ring-site C-H out-of-plane bending / opposite-phase C-C stretching,nu(C6-H19),bond,0.00016558377643641615,+,0.0008402851191719166,0.32824515254734715
35,1139.8569246310694,,,mixed ring-site C-H out-of-plane bending / opposite-phase C-C stretching,nu(C8-H23),bond,0.00016352741309973216,-,-0.0008350657448199833,0.3282336573619821
35,1139.8569246310694,,,mixed ring-site C-H out-of-plane bending / opposite-phase C-C stretching,nu(C2-C4),bond,2.005772161970162e-05,-,-0.00031990116212586475,0.27433666012197316
35,1139.8569246310694,,,mixed ring-site C-H out-of-plane bending / opposite-phase C-C stretching,delta(C6-C7-C8),angle,9.28987977903943e-06,+,0.0001132812720024,1.013275969219078
35,1139.8569246310694,,,mixed ring-site C-H out-of-plane bending / opposite-phase C-C stretching,delta(C1-C2-C3),angle,4.616180751620851e-06,-,-0.00013479795388375207,0.3555904501026593
35,1139.8569246310694,,,mixed ring-site C-H out-of-plane bending / opposite-phase C-C stretching,nu(C3-H15),bond,4.415915479177115e-06,+,0.00013679143513553422,0.33032148604472367
35,1139.8569246310694,,,mixed ring-site C-H out-of-plane bending / opposite-phase C-C stretching,nu(C1-H12),bond,3.95850116361803e-06,-,-0.00012950956713328175,0.3303398418047025
35,1139.8569246310694,,,mixed ring-site C-H out-of-plane bending / opposite-phase C-C stretching,nu(C2-H13),bond,6.595739358572601e-07,-,-5.259592857609672e-05,0.3337283603614742
35,1139.8569246310694,,,mixed ring-site C-H out-of-plane bending / opposite-phase C-C stretching,delta(H21-C7-H22),angle,6.130543020173246e-07,-,-5.5792974065542435e-05,0.2756600324984054
35,1139.8569246310694,,,mixed ring-site C-H out-of-plane bending / opposite-phase C-C stretching,nu(C4-H17),bond,2.491849392845451e-07,-,-3.2158855265572806e-05,0.3372519822787753
35,1139.8569246310694,,,mixed ring-site C-H out-of-plane bending / opposite-phase C-C stretching,nu(C7-H21),bond,2.0728798109510883e-09,+,2.9528008308215844e-06,0.3327665744893832
35,1139.8569246310694,,,mixed ring-site C-H out-of-plane bending / opposite-phase C-C stretching,nu(C7-H22),bond,1.7854283058785069e-09,+,2.730605964954018e-06,0.3351646674336103
36,1152.2090372139473,,,mixed ring-site C-H in-plane bending / C-H bending,delta(C6-C5-H18),angle,10.236051735507637,-,-0.1645591181389603,0.26695731673582873
36,1152.2090372139473,,,mixed ring-site C-H in-plane bending / C-H bending,delta(C2-C1-H10),angle,8.875929899605708,-,-0.12894144549874756,0.3770353350204659
36,1152.2090372139473,,,mixed ring-site C-H in-plane bending / C-H bending,"gamma(C5;C9,C4,H25)",oop,8.51555816623657,+,0.04937067309569858,2.4673359249773874
36,1152.2090372139473,,,mixed ring-site C-H in-plane bending / C-H bending,delta(C2-C3-H15),angle,6.066727721886782,+,0.10009833464121472,0.4276161102640135
36,1152.2090372139473,,,mixed ring-site C-H in-plane bending / C-H bending,delta(C7-C8-H23),angle,6.036826242772657,+,0.06835274539008583,0.9125360055785439
36,1152.2090372139473,,,mixed ring-site C-H in-plane bending / C-H bending,delta(C2-C1-H12),angle,4.315456380042708,+,0.09980214138112543,0.3059850941292659
36,1152.2090372139473,,,mixed ring-site C-H in-plane bending / C-H bending,"gamma(C9;C4,C2,C5)",oop,4.293172188539757,-,-0.04830392547655929,1.2994713680163765
36,1152.2090372139473,,,mixed ring-site C-H in-plane bending / C-H bending,tau(H12-C1-C2-C3),dihedral,3.8988802687453803,+,0.12404290249182068,0.1789572584353189
36,1152.2090372139473,,,mixed ring-site C-H in-plane bending / C-H bending,delta(C7-C6-H19),angle,3.867256368085612,+,0.06868928783775995,0.578866203893712
36,1152.2090372139473,,,mixed ring-site C-H in-plane bending / C-H bending,delta(C4-C9-C8),angle,3.616159209161776,+,0.058054040167266285,0.7577673759020244
36,1152.2090372139473,,,mixed ring-site C-H in-plane bending / C-H bending,delta(C4-C9-H25),angle,3.520618710125754,+,0.10615642447211687,0.22063768235437067
36,1152.2090372139473,,,mixed ring-site C-H in-plane bending / C-H bending,nu(C2-C4),bond,3.2140499808564598,+,0.09096221326808403,0.27433666012197316
36,1152.2090372139473,,,mixed ring-site C-H in-plane bending / C-H bending,nu(C4-C5),bond,3.0869097005695014,+,0.0631201052051983,0.5471945412726401
36,1152.2090372139473,,,mixed ring-site C-H in-plane bending / C-H bending,delta(C3-C2-C4),angle,2.9208166402317843,-,-0.06286375997950683,0.5219835858024717
36,1152.2090372139473,,,mixed ring-site C-H in-plane bending / C-H bending,delta(C9-C4-H17),angle,2.713782817414659,+,0.09051499165567273,0.23393075140123543
36,1152.2090372139473,,,mixed ring-site C-H in-plane bending / C-H bending,delta(C2-C4-C5),angle,2.517578143592656,-,-0.07523778494229308,0.3140973094435254
36,1152.2090372139473,,,mixed ring-site C-H in-plane bending / C-H bending,nu(C4-C9),bond,2.2813362309498277,+,0.06222177763166331,0.41615750179357514
36,1152.2090372139473,,,mixed ring-site C-H in-plane bending / C-H bending,"gamma(C4;C2,C3,H13)",oop,2.126874142261788,+,0.06563503260459373,0.348677272053292
36,1152.2090372139473,,,mixed ring-site C-H in-plane bending / C-H bending,nu(C8-C9),bond,2.088292083087043,-,-0.06865994269843838,0.3128510577221663
36,1152.2090372139473,,,mixed ring-site C-H in-plane bending / C-H bending,nu(C5-C6),bond,2.023197504851808,-,-0.06939303795415301,0.29672882571093184
36,1152.2090372139473,,,mixed ring-site C-H in-plane bending / C-H bending,"gamma(C7;C8,H23,H24)",oop,1.8764482115917458,+,0.0663899353651158,0.300666713145669
36,1152.2090372139473,,,mixed ring-site C-H in-plane bending / C-H bending,tau(H23-C8-C9-C4),dihedral,1.8682595274685976,-,-0.05421681073343789,0.4488720156531896
36,1152.2090372139473,,,mixed ring-site C-H in-plane bending / C-H bending,delta(C8-C7-H22),angle,1.6727136735928083,+,0.05618613623619835,0.37421098329674723
36,1152.2090372139473,,,mixed ring-site C-H in-plane bending / C-H bending,tau(H20-C6-C7-C8),dihedral,1.2057556336854622,-,-0.058431498966381716,0.24941266534876505
36,1152.2090372139473,,,mixed ring-site C-H in-plane bending / C-H bending,delta(H15-C3-H16),angle,1.0643207391446232,+,0.044676589100707445,0.3765873833684418
36,1152.2090372139473,,,mixed ring-site C-H in-plane bending / C-H bending,delta(C9-C8-H23),angle,0.8638348312887101,+,0.03964546005201841,0.3881477265434133
36,1152.2090372139473,,,mixed ring-site C-H in-plane bending / C-H bending,delta(C6-C7-C8),angle,0.7516013386984413,-,-0.022887930728355373,1.013275969219078
36,1152.2090372139473,,,mixed ring-site C-H in-plane bending / C-H bending,delta(H14-C3-H16),angle,0.7266137103858982,-,-0.03732031356916952,0.36843958035172164
36,1152.2090372139473,,,mixed ring-site C-H in-plane bending / C-H bending,"gamma(C4;C5,C6,H18)",oop,0.6465747762829273,-,-0.034649859342578825,0.38033742786902636
36,1152.2090372139473,,,mixed ring-site C-H in-plane bending / C-H bending,delta(C2-C3-H16),angle,0.5070239649611477,+,0.03413263351766739,0.3073563220041683
36,1152.2090372139473,,,mixed ring-site C-H in-plane bending / C-H bending,tau(H17-C4-C9-H25),dihedral,0.42983884417810037,-,-0.022555752308379824,0.5966838523581202
36,1152.2090372139473,,,mixed ring-site C-H in-plane bending / C-H bending,tau(H17-C4-C9-C8),dihedral,0.24140448440434428,+,0.019077732273174008,0.4684304222796268
36,1152.2090372139473,,,mixed ring-site C-H in-plane bending / C-H bending,tau(H21-C7-C8-C9),dihedral,0.21909747729071388,+,0.026783190616792674,0.21570788048823702
36,1152.2090372139473,,,mixed ring-site C-H in-plane bending / C-H bending,tau(C9-C5-C6-H20),dihedral,0.21066602217032168,+,0.01725483112044876,0.49971953559980403
36,1152.2090372139473,,,mixed ring-site C-H in-plane bending / C-H bending,tau(C4-C2-C3-H14),dihedral,0.1983847280920548,+,0.022415514798013857,0.27884576993327614
36,1152.2090372139473,,,mixed ring-site C-H in-plane bending / C-H bending,tau(C1-C2-C3-H16),dihedral,0.17283988405386935,+,0.021088635597588272,0.2744733988296527
36,1152.2090372139473,,,mixed ring-site C-H in-plane bending / C-H bending,tau(C2-C4-C5-H18),dihedral,0.16472021995670091,+,0.018029108134887537,0.35789174837591814
36,1152.2090372139473,,,mixed ring-site C-H in-plane bending / C-H bending,nu(C6-C7),bond,0.16166890442868,+,0.019724825896625477,0.2934630298225203
36,1152.2090372139473,,,mixed ring-site C-H in-plane bending / C-H bending,nu(C7-C8),bond,0.1493748360340464,+,0.019181363103699473,0.28672909715516987
36,1152.2090372139473,,,mixed ring-site C-H in-plane bending / C-H bending,"gamma(H19;C6,C5,H20)",oop,0.14638178736191274,+,0.014256033901301075,0.5086778952751276
36,1152.2090372139473,,,mixed ring-site C-H in-plane bending / C-H bending,tau(H11-C1-C2-C3),dihedral,0.10321442358767746,-,-0.0206016509859775,0.17174717389126995
36,1152.2090372139473,,,mixed ring-site C-H in-plane bending / C-H bending,delta(C1-C2-C3),angle,0.07903490773422983,+,0.012528845689868449,0.3555904501026593
36,1152.2090372139473,,,mixed ring-site C-H in-plane bending / C-H bending,delta(H14-C3-H15),angle,0.0645797230806473,-,-0.011101628613426317,0.3700633261945618
36,1152.2090372139473,,,mixed ring-site C-H in-plane bending / C-H bending,tau(H19-C6-C7-C8),dihedral,0.0623584925258907,-,-0.015524884629225567,0.18272253164280974
36,1152.2090372139473,,,mixed ring-site C-H in-plane bending / C-H bending,delta(H10-C1-H12),angle,0.043369347308365475,-,-0.010843404776576398,0.2604982470330432
36,1152.2090372139473,,,mixed ring-site C-H in-plane bending / C-H bending,"gamma(C6;C7,H21,H22)",oop,0.04316422875362408,+,0.011245276621583375,0.24106655312168962
36,1152.2090372139473,,,mixed ring-site C-H in-plane bending / C-H bending,delta(C3-C2-H13),angle,0.025290708717787727,-,-0.008622215455694911,0.24025725817088736
36,1152.2090372139473,,,mixed ring-site C-H in-plane bending / C-H bending,nu(C1-C2),bond,0.016229694073126678,-,-0.006529668712466138,0.26883220687743986
36,1152.2090372139473,,,mixed ring-site C-H in-plane bending / C-H bending,nu(C2-C3),bond,0.011103700416801518,-,-0.005401113809931721,0.2688155190040503
36,1152.2090372139473,,,mixed ring-site C-H in-plane bending / C-H bending,delta(H21-C7-H22),angle,0.010779801066090352,+,0.005255270815624033,0.2756600324984054
36,1152.2090372139473,,,mixed ring-site C-H in-plane bending / C-H bending,nu(C3-H14),bond,0.007872110714779989,+,0.004087869105215529,0.3326982298069487
36,1152.2090372139473,,,mixed ring-site C-H in-plane bending / C-H bending,nu(C1-H10),bond,0.007726295657623653,+,0.0040498128093847275,0.33270144145954433
36,1152.2090372139473,,,mixed ring-site C-H in-plane bending / C-H bending,nu(C3-H15),bond,0.0062001636236421005,-,-0.0036409087365326513,0.33032148604472367
36,1152.2090372139473,,,mixed ring-site C-H in-plane bending / C-H bending,nu(C1-H12),bond,0.0062000373952778125,-,-0.0036407705176649025,0.3303398418047025
36,1152.2090372139473,,,mixed ring-site C-H in-plane bending / C-H bending,nu(C9-H25),bond,0.00411315399247581,+,0.0028849540868971088,0.34902008220261893
36,1152.2090372139473,,,mixed ring-site C-H in-plane bending / C-H bending,nu(C5-H18),bond,0.004076118722259663,+,0.0028718975665588697,0.34902954612114734
36,1152.2090372139473,,,mixed ring-site C-H in-plane bending / C-H bending,nu(C4-H17),bond,0.003012665495169714,+,0.002511740860294148,0.3372519822787753
36,1152.2090372139473,,,mixed ring-site C-H in-plane bending / C-H bending,nu(C6-H20),bond,0.002060790076107652,+,0.002104074550469869,0.3287492466493157
36,1152.2090372139473,,,mixed ring-site C-H in-plane bending / C-H bending,nu(C8-H24),bond,0.0020166345574405145,+,0.0020812491694277725,0.3288003785530708
36,1152.2090372139473,,,mixed ring-site C-H in-plane bending / C-H bending,"gamma(H11;C1,H10,H12)",oop,0.0013610571678040362,+,0.0021042816821342995,0.21708103153869004
36,1152.2090372139473,,,mixed ring-site C-H in-plane bending / C-H bending,delta(H23-C8-H24),angle,0.0008823759601804978,-,-0.0016961103231553816,0.21662008978042366
36,1152.2090372139473,,,mixed ring-site C-H in-plane bending / C-H bending,nu(C2-H13),bond,0.000861710195486605,+,0.001350394584964468,0.3337283603614742
36,1152.2090372139473,,,mixed ring-site C-H in-plane bending / C-H bending,nu(C7-H22),bond,0.000567351594715703,-,-0.001093386367027106,0.3351646674336103
36,1152.2090372139473,,,mixed ring-site C-H in-plane bending / C-H bending,nu(C7-H21),bond,0.000384445131907622,-,-0.0009032832653656359,0.3327665744893832
36,1152.2090372139473,,,mixed ring-site C-H in-plane bending / C-H bending,tau(C3-C2-C4-C5),dihedral,0.0003707418743416536,+,0.003302708057012075,0.024004050308062942
36,1152.2090372139473,,,mixed ring-site C-H in-plane bending / C-H bending,nu(C1-H11),bond,7.726290227623897e-05,-,-0.00040319125537238926,0.33566191504728254
36,1152.2090372139473,,,mixed ring-site C-H in-plane bending / C-H bending,nu(C3-H16),bond,7.292291397171591e-05,-,-0.0003917141327658738,0.3356439255063405
36,1152.2090372139473,,,mixed ring-site C-H in-plane bending / C-H bending,nu(C6-H19),bond,1.319039789039766e-05,+,0.00016846373181466794,0.32824515254734715
36,1152.2090372139473,,,mixed ring-site C-H in-plane bending / C-H bending,nu(C8-H23),bond,8.214765416956767e-06,+,0.00013294825962837807,0.3282336573619821
37,1186.425530228653,,,mixed C-H bending / C-C-C bending,delta(C2-C3-H16),angle,21.126051975228997,+,0.23162511599127408,0.3073563220041683
37,1186.425530228653,,,mixed C-H bending / C-C-C bending,delta(C2-C3-H15),angle,17.627705518392727,-,-0.1793776859516727,0.4276161102640135
37,1186.425530228653,,,mixed C-H bending / C-C-C bending,delta(C2-C1-H12),angle,12.612141278541323,-,-0.17936670547760136,0.3059850941292659
37,1186.425530228653,,,mixed C-H bending / C-C-C bending,delta(C1-C2-C3),angle,9.494560383379111,+,0.14436434313137333,0.3555904501026593
37,1186.425530228653,,,mixed C-H bending / C-C-C bending,nu(C1-C2),bond,4.2756049010038915,-,-0.11141808445185682,0.26883220687743986
37,1186.425530228653,,,mixed C-H bending / C-C-C bending,nu(C2-C3),bond,4.263808241876867,-,-0.11126772713144795,0.2688155190040503
37,1186.425530228653,,,mixed C-H bending / C-C-C bending,delta(H14-C3-H15),angle,3.17022839954334,-,-0.08177203487381154,0.3700633261945618
37,1186.425530228653,,,mixed C-H bending / C-C-C bending,delta(C2-C1-H10),angle,3.0860629267032107,-,-0.0799298347539737,0.3770353350204659
37,1186.425530228653,,,mixed C-H bending / C-C-C bending,tau(C4-C2-C3-H14),dihedral,2.5972331323436437,+,0.08526503801109014,0.27884576993327614
37,1186.425530228653,,,mixed C-H bending / C-C-C bending,delta(H14-C3-H16),angle,2.5388790908849694,+,0.07333907416363056,0.36843958035172164
37,1186.425530228653,,,mixed C-H bending / C-C-C bending,delta(H10-C1-H12),angle,2.2231023656006106,-,-0.08161592008485952,0.2604982470330432
37,1186.425530228653,,,mixed C-H bending / C-C-C bending,"gamma(C4;C2,C3,H13)",oop,2.08990941513611,-,-0.06839895468200621,0.348677272053292
37,1186.425530228653,,,mixed C-H bending / C-C-C bending,tau(H12-C1-C2-C3),dihedral,1.9427345312958513,+,0.09205123593849032,0.1789572584353189
37,1186.425530228653,,,mixed C-H bending / C-C-C bending,"gamma(H11;C1,H10,H12)",oop,1.3108160761413885,+,0.06865267981508638,0.21708103153869004
37,1186.425530228653,,,mixed C-H bending / C-C-C bending,"gamma(C9;C4,C2,C5)",oop,1.2472548068252356,+,0.02737107085124713,1.2994713680163765
37,1186.425530228653,,,mixed C-H bending / C-C-C bending,delta(C9-C4-H17),angle,1.0152936356369806,-,-0.05820358388134471,0.23393075140123543
37,1186.425530228653,,,mixed C-H bending / C-C-C bending,delta(C2-C4-C5),angle,0.8837418611295927,+,0.0468627918992572,0.3140973094435254
37,1186.425530228653,,,mixed C-H bending / C-C-C bending,delta(C3-C2-H13),angle,0.8075952646455113,-,-0.051221958120383784,0.24025725817088736
37,1186.425530228653,,,mixed C-H bending / C-C-C bending,delta(C7-C8-H23),angle,0.7919120752078065,-,-0.026026216076657702,0.9125360055785439
37,1186.425530228653,,,mixed C-H bending / C-C-C bending,tau(H17-C4-C9-C8),dihedral,0.7859243506906003,-,-0.03618806646330061,0.4684304222796268
37,1186.425530228653,,,mixed C-H bending / C-C-C bending,nu(C2-C4),bond,0.7316760144669107,+,0.045626277629839534,0.27433666012197316
37,1186.425530228653,,,mixed C-H bending / C-C-C bending,delta(H15-C3-H16),angle,0.6036509727702408,+,0.03537183761183105,0.3765873833684418
37,1186.425530228653,,,mixed C-H bending / C-C-C bending,nu(C4-C5),bond,0.5808278331984815,+,0.028783949545563493,0.5471945412726401
37,1186.425530228653,,,mixed C-H bending / C-C-C bending,delta(C7-C6-H19),angle,0.5057554916589297,-,-0.026114322269832967,0.578866203893712
37,1186.425530228653,,,mixed C-H bending / C-C-C bending,delta(C4-C9-H25),angle,0.45849709692463086,+,0.04027411490093269,0.22063768235437067
37,1186.425530228653,,,mixed C-H bending / C-C-C bending,delta(C4-C9-C8),angle,0.4427274866825469,-,-0.021354914858101728,0.7577673759020244
37,1186.425530228653,,,mixed C-H bending / C-C-C bending,nu(C4-C9),bond,0.4370219885352879,+,0.028629933128990568,0.41615750179357514
37,1186.425530228653,,,mixed C-H bending / C-C-C bending,tau(C2-C4-C5-H18),dihedral,0.38474926555901134,+,0.028967472957217463,0.35789174837591814
37,1186.425530228653,,,mixed C-H bending / C-C-C bending,tau(H17-C4-C9-H25),dihedral,0.33408301088893455,-,-0.02090511717444318,0.5966838523581202
37,1186.425530228653,,,mixed C-H bending / C-C-C bending,"gamma(C5;C9,C4,H25)",oop,0.26796133675707523,-,-0.00920702833764138,2.4673359249773874
37,1186.425530228653,,,mixed C-H bending / C-C-C bending,tau(H23-C8-C9-C4),dihedral,0.2358986568158433,+,0.020253450449077167,0.4488720156531896
37,1186.425530228653,,,mixed C-H bending / C-C-C bending,tau(C9-C5-C6-H20),dihedral,0.18392340382416517,-,-0.016949343726864873,0.49971953559980403
37,1186.425530228653,,,mixed C-H bending / C-C-C bending,"gamma(C4;C5,C6,H18)",oop,0.16624253146944817,-,-0.018470731375591343,0.38033742786902636
37,1186.425530228653,,,mixed C-H bending / C-C-C bending,delta(C8-C7-H22),angle,0.14234544268959182,-,-0.01723102338171326,0.37421098329674723
37,1186.425530228653,,,mixed C-H bending / C-C-C bending,tau(C3-C2-C4-C5),dihedral,0.11520032832736322,+,0.0612043299002689,0.024004050308062942
37,1186.425530228653,,,mixed C-H bending / C-C-C bending,"gamma(C7;C8,H23,H24)",oop,0.10163348232339424,-,-0.016243263191437596,0.300666713145669
37,1186.425530228653,,,mixed C-H bending / C-C-C bending,tau(C1-C2-C3-H16),dihedral,0.07084950915483312,-,-0.014194360987054693,0.2744733988296527
37,1186.425530228653,,,mixed C-H bending / C-C-C bending,delta(C6-C5-H18),angle,0.04606307849739953,-,-0.01160521307462824,0.26695731673582873
37,1186.425530228653,,,mixed C-H bending / C-C-C bending,tau(H11-C1-C2-C3),dihedral,0.044560641611644164,+,0.014230772344353269,0.17174717389126995
37,1186.425530228653,,,mixed C-H bending / C-C-C bending,nu(C3-H16),bond,0.031057659480314904,-,-0.008498504706334823,0.3356439255063405
37,1186.425530228653,,,mixed C-H bending / C-C-C bending,nu(C1-H11),bond,0.030996069790700267,-,-0.008489846422964829,0.33566191504728254
37,1186.425530228653,,,mixed C-H bending / C-C-C bending,delta(H21-C7-H22),angle,0.030422407386443515,+,0.00928127071798615,0.2756600324984054
37,1186.425530228653,,,mixed C-H bending / C-C-C bending,tau(H20-C6-C7-C8),dihedral,0.025847689601936535,+,0.008993923023354344,0.24941266534876505
37,1186.425530228653,,,mixed C-H bending / C-C-C bending,delta(C9-C8-H23),angle,0.023827377727406753,-,-0.006922088611872916,0.3881477265434133
37,1186.425530228653,,,mixed C-H bending / C-C-C bending,"gamma(H19;C6,C5,H20)",oop,0.020717594249708992,+,0.00563826886787891,0.5086778952751276
37,1186.425530228653,,,mixed C-H bending / C-C-C bending,nu(C3-H15),bond,0.012667191788966362,+,0.005471032747730318,0.33032148604472367
37,1186.425530228653,,,mixed C-H bending / C-C-C bending,nu(C1-H12),bond,0.012657910537107792,+,0.0054688761185996485,0.3303398418047025
37,1186.425530228653,,,mixed C-H bending / C-C-C bending,tau(H19-C6-C7-C8),dihedral,0.012414358630358373,-,-0.0072822174810245515,0.18272253164280974
37,1186.425530228653,,,mixed C-H bending / C-C-C bending,delta(C6-C7-C8),angle,0.007489865058018888,-,-0.002401987141674807,1.013275969219078
37,1186.425530228653,,,mixed C-H bending / C-C-C bending,delta(H23-C8-H24),angle,0.007337556402999254,-,-0.005141903403766439,0.21662008978042366
37,1186.425530228653,,,mixed C-H bending / C-C-C bending,nu(C6-C7),bond,0.0061824421284788055,+,0.004055093613093209,0.2934630298225203
37,1186.425530228653,,,mixed C-H bending / C-C-C bending,nu(C4-H17),bond,0.00588001960962389,+,0.0036890087456449344,0.3372519822787753
37,1186.425530228653,,,mixed C-H bending / C-C-C bending,nu(C7-C8),bond,0.005598714436851528,+,0.003903964213090737,0.28672909715516987
37,1186.425530228653,,,mixed C-H bending / C-C-C bending,nu(C5-C6),bond,0.004556756901912838,-,-0.0034621478806793034,0.29672882571093184
37,1186.425530228653,,,mixed C-H bending / C-C-C bending,nu(C8-C9),bond,0.004301622338071701,-,-0.003276007434541226,0.3128510577221663
37,1186.425530228653,,,mixed C-H bending / C-C-C bending,nu(C9-H25),bond,0.0032354277811728932,+,0.0026899127906247163,0.34902008220261893
37,1186.425530228653,,,mixed C-H bending / C-C-C bending,nu(C5-H18),bond,0.003222662553593546,+,0.002684564687548926,0.34902954612114734
37,1186.425530228653,,,mixed C-H bending / C-C-C bending,nu(C2-H13),bond,0.002974542686577232,+,0.002637613145504873,0.3337283603614742
37,1186.425530228653,,,mixed C-H bending / C-C-C bending,delta(C3-C2-C4),angle,0.001221239266961877,-,-0.0013513551772343906,0.5219835858024717
37,1186.425530228653,,,mixed C-H bending / C-C-C bending,nu(C3-H14),bond,0.0008769260612598584,+,0.001434345570464267,0.3326982298069487
37,1186.425530228653,,,mixed C-H bending / C-C-C bending,nu(C1-H10),bond,0.000870714243555237,+,0.0014292494584379127,0.33270144145954433
37,1186.425530228653,,,mixed C-H bending / C-C-C bending,"gamma(C6;C7,H21,H22)",oop,0.0004098153949335376,+,0.0011519223599924034,0.24106655312168962
37,1186.425530228653,,,mixed C-H bending / C-C-C bending,nu(C6-H19),bond,0.0003278683010989177,+,0.000882974390563521,0.32824515254734715
37,1186.425530228653,,,mixed C-H bending / C-C-C bending,nu(C8-H23),bond,0.0003236660631580868,+,0.0008773130304687995,0.3282336573619821
37,1186.425530228653,,,mixed C-H bending / C-C-C bending,nu(C8-H24),bond,0.00011978415372664282,+,0.0005332502689298196,0.3288003785530708
37,1186.425530228653,,,mixed C-H bending / C-C-C bending,nu(C6-H20),bond,0.0001122271728581975,+,0.0005161954608803689,0.3287492466493157
37,1186.425530228653,,,mixed C-H bending / C-C-C bending,nu(C7-H21),bond,6.762401781647757e-05,+,0.00039827054674217594,0.3327665744893832
37,1186.425530228653,,,mixed C-H bending / C-C-C bending,nu(C7-H22),bond,5.041248508313445e-05,+,0.00034263955040523045,0.3351646674336103
37,1186.425530228653,,,mixed C-H bending / C-C-C bending,tau(H21-C7-C8-C9),dihedral,4.05138576539244e-06,+,0.0001210783088277969,0.21570788048823702
38,1191.6086003141352,,,mixed cyclic-ring out-of-plane deformation / ring-site C-H out-of-plane bending / ring-site C-H in-plane bending,"gamma(C5;C9,C4,H25)",oop,27.82908099928154,-,-0.11798330683675727,2.4673359249773874
38,1191.6086003141352,,,mixed cyclic-ring out-of-plane deformation / ring-site C-H out-of-plane bending / ring-site C-H in-plane bending,"gamma(C4;C5,C6,H18)",oop,10.142600578646721,+,0.181415922722152,0.38033742786902636
38,1191.6086003141352,,,mixed cyclic-ring out-of-plane deformation / ring-site C-H out-of-plane bending / ring-site C-H in-plane bending,delta(C9-C8-H23),angle,9.570671954770031,+,0.17444477463152175,0.3881477265434133
38,1191.6086003141352,,,mixed cyclic-ring out-of-plane deformation / ring-site C-H out-of-plane bending / ring-site C-H in-plane bending,tau(H20-C6-C7-C8),dihedral,7.888230420761872,+,0.19756764151300982,0.24941266534876505
38,1191.6086003141352,,,mixed cyclic-ring out-of-plane deformation / ring-site C-H out-of-plane bending / ring-site C-H in-plane bending,delta(C8-C7-H22),angle,6.756451321700261,+,0.1492747436713981,0.37421098329674723
38,1191.6086003141352,,,mixed cyclic-ring out-of-plane deformation / ring-site C-H out-of-plane bending / ring-site C-H in-plane bending,tau(C2-C4-C5-H18),dihedral,5.766873387586665,+,0.14101965202590833,0.35789174837591814
38,1191.6086003141352,,,mixed cyclic-ring out-of-plane deformation / ring-site C-H out-of-plane bending / ring-site C-H in-plane bending,tau(H17-C4-C9-H25),dihedral,4.926187466709891,+,0.10094123130900341,0.5966838523581202
38,1191.6086003141352,,,mixed cyclic-ring out-of-plane deformation / ring-site C-H out-of-plane bending / ring-site C-H in-plane bending,tau(C9-C5-C6-H20),dihedral,4.675231273140837,+,0.1074542652504285,0.49971953559980403
38,1191.6086003141352,,,mixed cyclic-ring out-of-plane deformation / ring-site C-H out-of-plane bending / ring-site C-H in-plane bending,tau(H17-C4-C9-C8),dihedral,3.119745217071484,-,-0.0906613727320558,0.4684304222796268
38,1191.6086003141352,,,mixed cyclic-ring out-of-plane deformation / ring-site C-H out-of-plane bending / ring-site C-H in-plane bending,tau(H19-C6-C7-C8),dihedral,2.7319213610613255,+,0.13583863791586134,0.18272253164280974
38,1191.6086003141352,,,mixed cyclic-ring out-of-plane deformation / ring-site C-H out-of-plane bending / ring-site C-H in-plane bending,delta(C7-C8-H23),angle,2.514505290766932,-,-0.05831584129197739,0.9125360055785439
38,1191.6086003141352,,,mixed cyclic-ring out-of-plane deformation / ring-site C-H out-of-plane bending / ring-site C-H in-plane bending,"gamma(H19;C6,C5,H20)",oop,2.1284273656751793,+,0.07186100014418498,0.5086778952751276
38,1191.6086003141352,,,mixed cyclic-ring out-of-plane deformation / ring-site C-H out-of-plane bending / ring-site C-H in-plane bending,delta(C4-C9-C8),angle,1.5801656496889067,+,0.05073044005747143,0.7577673759020244
38,1191.6086003141352,,,mixed cyclic-ring out-of-plane deformation / ring-site C-H out-of-plane bending / ring-site C-H in-plane bending,nu(C4-C5),bond,1.5754640077008937,+,0.05960993358059883,0.5471945412726401
38,1191.6086003141352,,,mixed cyclic-ring out-of-plane deformation / ring-site C-H out-of-plane bending / ring-site C-H in-plane bending,delta(C7-C6-H19),angle,1.5689035139591487,+,0.05783547324162523,0.578866203893712
38,1191.6086003141352,,,mixed cyclic-ring out-of-plane deformation / ring-site C-H out-of-plane bending / ring-site C-H in-plane bending,"gamma(C7;C8,H23,H24)",oop,1.4655108128859644,+,0.07755987700007197,0.300666713145669
38,1191.6086003141352,,,mixed cyclic-ring out-of-plane deformation / ring-site C-H out-of-plane bending / ring-site C-H in-plane bending,tau(H21-C7-C8-C9),dihedral,1.4450192473452124,-,-0.09092620876671355,0.21570788048823702
38,1191.6086003141352,,,mixed cyclic-ring out-of-plane deformation / ring-site C-H out-of-plane bending / ring-site C-H in-plane bending,nu(C4-C9),bond,1.1993944800355387,-,-0.05963997216447108,0.41615750179357514
38,1191.6086003141352,,,mixed cyclic-ring out-of-plane deformation / ring-site C-H out-of-plane bending / ring-site C-H in-plane bending,"gamma(C6;C7,H21,H22)",oop,0.9127020381222979,-,-0.06835673394905716,0.24106655312168962
38,1191.6086003141352,,,mixed cyclic-ring out-of-plane deformation / ring-site C-H out-of-plane bending / ring-site C-H in-plane bending,tau(H23-C8-C9-C4),dihedral,0.7755298063596981,+,0.04617673845878367,0.4488720156531896
38,1191.6086003141352,,,mixed cyclic-ring out-of-plane deformation / ring-site C-H out-of-plane bending / ring-site C-H in-plane bending,delta(C9-C4-H17),angle,0.31246248747173755,+,0.040601357846337116,0.23393075140123543
38,1191.6086003141352,,,mixed cyclic-ring out-of-plane deformation / ring-site C-H out-of-plane bending / ring-site C-H in-plane bending,"gamma(C9;C4,C2,C5)",oop,0.2931402137463765,-,-0.016685515000216956,1.2994713680163765
38,1191.6086003141352,,,mixed cyclic-ring out-of-plane deformation / ring-site C-H out-of-plane bending / ring-site C-H in-plane bending,delta(C4-C9-H25),angle,0.26153417503097937,+,0.03824808123032607,0.22063768235437067
38,1191.6086003141352,,,mixed cyclic-ring out-of-plane deformation / ring-site C-H out-of-plane bending / ring-site C-H in-plane bending,delta(C2-C4-C5),angle,0.08316881869288005,+,0.018077294424859044,0.3140973094435254
38,1191.6086003141352,,,mixed cyclic-ring out-of-plane deformation / ring-site C-H out-of-plane bending / ring-site C-H in-plane bending,nu(C7-C8),bond,0.07765020080285102,-,-0.018281872721717683,0.28672909715516987
38,1191.6086003141352,,,mixed cyclic-ring out-of-plane deformation / ring-site C-H out-of-plane bending / ring-site C-H in-plane bending,nu(C6-C7),bond,0.07749338104063724,+,0.018052646554999354,0.2934630298225203
38,1191.6086003141352,,,mixed cyclic-ring out-of-plane deformation / ring-site C-H out-of-plane bending / ring-site C-H in-plane bending,delta(C3-C2-H13),angle,0.04769529439411744,-,-0.015652538536564953,0.24025725817088736
38,1191.6086003141352,,,mixed cyclic-ring out-of-plane deformation / ring-site C-H out-of-plane bending / ring-site C-H in-plane bending,delta(H23-C8-H24),angle,0.037482978563154176,+,0.014613456617140433,0.21662008978042366
38,1191.6086003141352,,,mixed cyclic-ring out-of-plane deformation / ring-site C-H out-of-plane bending / ring-site C-H in-plane bending,nu(C2-C3),bond,0.02985014777659243,-,-0.011706615306542142,0.2688155190040503
38,1191.6086003141352,,,mixed cyclic-ring out-of-plane deformation / ring-site C-H out-of-plane bending / ring-site C-H in-plane bending,nu(C1-C2),bond,0.029117299485436496,+,0.011561659400689862,0.26883220687743986
38,1191.6086003141352,,,mixed cyclic-ring out-of-plane deformation / ring-site C-H out-of-plane bending / ring-site C-H in-plane bending,delta(C2-C1-H10),angle,0.028872456447567266,-,-0.009721563423924263,0.3770353350204659
38,1191.6086003141352,,,mixed cyclic-ring out-of-plane deformation / ring-site C-H out-of-plane bending / ring-site C-H in-plane bending,nu(C8-C9),bond,0.01964649061265281,+,0.008803572635486116,0.3128510577221663
38,1191.6086003141352,,,mixed cyclic-ring out-of-plane deformation / ring-site C-H out-of-plane bending / ring-site C-H in-plane bending,delta(C6-C5-H18),angle,0.019464224378572474,+,0.009485995407579833,0.26695731673582873
38,1191.6086003141352,,,mixed cyclic-ring out-of-plane deformation / ring-site C-H out-of-plane bending / ring-site C-H in-plane bending,nu(C5-C6),bond,0.017053024861096406,-,-0.00842182313699184,0.29672882571093184
38,1191.6086003141352,,,mixed cyclic-ring out-of-plane deformation / ring-site C-H out-of-plane bending / ring-site C-H in-plane bending,delta(C2-C3-H15),angle,0.015999570048570912,-,-0.006795358910602177,0.4276161102640135
38,1191.6086003141352,,,mixed cyclic-ring out-of-plane deformation / ring-site C-H out-of-plane bending / ring-site C-H in-plane bending,"gamma(C4;C2,C3,H13)",oop,0.01269577700897312,-,-0.00670352288301792,0.348677272053292
38,1191.6086003141352,,,mixed cyclic-ring out-of-plane deformation / ring-site C-H out-of-plane bending / ring-site C-H in-plane bending,delta(C2-C1-H12),angle,0.010734869824390748,+,0.006580115684357097,0.3059850941292659
38,1191.6086003141352,,,mixed cyclic-ring out-of-plane deformation / ring-site C-H out-of-plane bending / ring-site C-H in-plane bending,tau(C1-C2-C3-H16),dihedral,0.010076993124957993,-,-0.006731326000444729,0.2744733988296527
38,1191.6086003141352,,,mixed cyclic-ring out-of-plane deformation / ring-site C-H out-of-plane bending / ring-site C-H in-plane bending,delta(H15-C3-H16),angle,0.009715550183888052,-,-0.005642688678607249,0.3765873833684418
38,1191.6086003141352,,,mixed cyclic-ring out-of-plane deformation / ring-site C-H out-of-plane bending / ring-site C-H in-plane bending,tau(H11-C1-C2-C3),dihedral,0.006289178338689026,-,-0.006722602433090043,0.17174717389126995
38,1191.6086003141352,,,mixed cyclic-ring out-of-plane deformation / ring-site C-H out-of-plane bending / ring-site C-H in-plane bending,delta(H14-C3-H15),angle,0.0045488771330779625,+,0.00389492726861931,0.3700633261945618
38,1191.6086003141352,,,mixed cyclic-ring out-of-plane deformation / ring-site C-H out-of-plane bending / ring-site C-H in-plane bending,tau(H12-C1-C2-C3),dihedral,0.004112540488528774,+,0.005325565217576247,0.1789572584353189
38,1191.6086003141352,,,mixed cyclic-ring out-of-plane deformation / ring-site C-H out-of-plane bending / ring-site C-H in-plane bending,nu(C8-H23),bond,0.003863678878276501,-,-0.0038114851233049204,0.3282336573619821
38,1191.6086003141352,,,mixed cyclic-ring out-of-plane deformation / ring-site C-H out-of-plane bending / ring-site C-H in-plane bending,nu(C6-H19),bond,0.0038627124743209865,+,0.003810941687431867,0.32824515254734715
38,1191.6086003141352,,,mixed cyclic-ring out-of-plane deformation / ring-site C-H out-of-plane bending / ring-site C-H in-plane bending,"gamma(H11;C1,H10,H12)",oop,0.0032676515411423795,+,0.004310148204125157,0.21708103153869004
38,1191.6086003141352,,,mixed cyclic-ring out-of-plane deformation / ring-site C-H out-of-plane bending / ring-site C-H in-plane bending,delta(H10-C1-H12),angle,0.0032064323461272947,-,-0.0038975698850461224,0.2604982470330432
38,1191.6086003141352,,,mixed cyclic-ring out-of-plane deformation / ring-site C-H out-of-plane bending / ring-site C-H in-plane bending,tau(C3-C2-C4-C5),dihedral,0.0019155469381462902,+,0.009924060612075286,0.024004050308062942
38,1191.6086003141352,,,mixed cyclic-ring out-of-plane deformation / ring-site C-H out-of-plane bending / ring-site C-H in-plane bending,delta(C3-C2-C4),angle,0.000767213237242919,+,0.0013468365498235004,0.5219835858024717
38,1191.6086003141352,,,mixed cyclic-ring out-of-plane deformation / ring-site C-H out-of-plane bending / ring-site C-H in-plane bending,nu(C5-H18),bond,0.0003344708766502531,+,0.0010875101801883953,0.34902954612114734
38,1191.6086003141352,,,mixed cyclic-ring out-of-plane deformation / ring-site C-H out-of-plane bending / ring-site C-H in-plane bending,nu(C9-H25),bond,0.00032623315958377127,-,-0.0010740490517292612,0.34902008220261893
38,1191.6086003141352,,,mixed cyclic-ring out-of-plane deformation / ring-site C-H out-of-plane bending / ring-site C-H in-plane bending,delta(C2-C3-H16),angle,0.00022731858267759466,-,-0.0009553921478843056,0.3073563220041683
38,1191.6086003141352,,,mixed cyclic-ring out-of-plane deformation / ring-site C-H out-of-plane bending / ring-site C-H in-plane bending,tau(C4-C2-C3-H14),dihedral,0.00019979751085705545,-,-0.0009403689471670482,0.27884576993327614
38,1191.6086003141352,,,mixed cyclic-ring out-of-plane deformation / ring-site C-H out-of-plane bending / ring-site C-H in-plane bending,delta(H14-C3-H16),angle,0.00019126606027672105,-,-0.0008004258203161712,0.36843958035172164
38,1191.6086003141352,,,mixed cyclic-ring out-of-plane deformation / ring-site C-H out-of-plane bending / ring-site C-H in-plane bending,nu(C8-H24),bond,0.0001166038341212833,-,-0.0006615695901567939,0.3288003785530708
38,1191.6086003141352,,,mixed cyclic-ring out-of-plane deformation / ring-site C-H out-of-plane bending / ring-site C-H in-plane bending,nu(C6-H20),bond,0.0001143601076120147,+,0.000655224559649286,0.3287492466493157
38,1191.6086003141352,,,mixed cyclic-ring out-of-plane deformation / ring-site C-H out-of-plane bending / ring-site C-H in-plane bending,nu(C3-H16),bond,6.10024511516821e-05,+,0.0004736085348414734,0.3356439255063405
38,1191.6086003141352,,,mixed cyclic-ring out-of-plane deformation / ring-site C-H out-of-plane bending / ring-site C-H in-plane bending,nu(C1-H11),bond,5.501311807162971e-05,-,-0.0004497460622088904,0.33566191504728254
38,1191.6086003141352,,,mixed cyclic-ring out-of-plane deformation / ring-site C-H out-of-plane bending / ring-site C-H in-plane bending,nu(C1-H12),bond,2.2431222500731597e-05,+,0.0002894884670278458,0.3303398418047025
38,1191.6086003141352,,,mixed cyclic-ring out-of-plane deformation / ring-site C-H out-of-plane bending / ring-site C-H in-plane bending,nu(C3-H15),bond,2.093558640831006e-05,-,-0.0002796787218985108,0.33032148604472367
38,1191.6086003141352,,,mixed cyclic-ring out-of-plane deformation / ring-site C-H out-of-plane bending / ring-site C-H in-plane bending,delta(C6-C7-C8),angle,1.1823632996890983e-05,+,0.00012000431768266922,1.013275969219078
38,1191.6086003141352,,,mixed cyclic-ring out-of-plane deformation / ring-site C-H out-of-plane bending / ring-site C-H in-plane bending,delta(H21-C7-H22),angle,7.790157714399705e-06,-,-0.00018675468120902972,0.2756600324984054
38,1191.6086003141352,,,mixed cyclic-ring out-of-plane deformation / ring-site C-H out-of-plane bending / ring-site C-H in-plane bending,nu(C2-C4),bond,3.6440405658082747e-06,-,-0.00012803684117458178,0.27433666012197316
38,1191.6086003141352,,,mixed cyclic-ring out-of-plane deformation / ring-site C-H out-of-plane bending / ring-site C-H in-plane bending,nu(C3-H14),bond,1.5376624658208573e-06,-,-7.552496535795741e-05,0.3326982298069487
38,1191.6086003141352,,,mixed cyclic-ring out-of-plane deformation / ring-site C-H out-of-plane bending / ring-site C-H in-plane bending,nu(C1-H10),bond,1.3439073656034916e-06,+,7.060616104570721e-05,0.33270144145954433
38,1191.6086003141352,,,mixed cyclic-ring out-of-plane deformation / ring-site C-H out-of-plane bending / ring-site C-H in-plane bending,nu(C2-H13),bond,2.3523260458482764e-07,+,2.9494257963422473e-05,0.3337283603614742
38,1191.6086003141352,,,mixed cyclic-ring out-of-plane deformation / ring-site C-H out-of-plane bending / ring-site C-H in-plane bending,delta(C1-C2-C3),angle,1.7367708753132248e-07,+,2.455169568789049e-05,0.3555904501026593
38,1191.6086003141352,,,mixed cyclic-ring out-of-plane deformation / ring-site C-H out-of-plane bending / ring-site C-H in-plane bending,nu(C7-H21),bond,2.2733648763196737e-08,+,9.18226871309406e-06,0.3327665744893832
38,1191.6086003141352,,,mixed cyclic-ring out-of-plane deformation / ring-site C-H out-of-plane bending / ring-site C-H in-plane bending,nu(C4-H17),bond,1.5641500769349115e-08,-,-7.565667099330868e-06,0.3372519822787753
38,1191.6086003141352,,,mixed cyclic-ring out-of-plane deformation / ring-site C-H out-of-plane bending / ring-site C-H in-plane bending,nu(C7-H22),bond,2.6627676730772972e-09,+,3.1312864318531324e-06,0.3351646674336103
39,1229.3618875190612,,,mixed ring-site C-H out-of-plane bending / C-C out-of-plane bending,"gamma(C6;C7,H21,H22)",oop,19.993810560681933,-,-0.26713545809580846,0.24106655312168962
39,1229.3618875190612,,,mixed ring-site C-H out-of-plane bending / C-C out-of-plane bending,"gamma(H19;C6,C5,H20)",oop,12.316453323280037,-,-0.14433565592474557,0.5086778952751276
39,1229.3618875190612,,,mixed ring-site C-H out-of-plane bending / C-C out-of-plane bending,tau(H21-C7-C8-C9),dihedral,10.925596081922777,+,0.2087573594737714,0.21570788048823702
39,1229.3618875190612,,,mixed ring-site C-H out-of-plane bending / C-C out-of-plane bending,tau(C9-C5-C6-H20),dihedral,9.36831105759192,+,0.12700467796892753,0.49971953559980403
39,1229.3618875190612,,,mixed ring-site C-H out-of-plane bending / C-C out-of-plane bending,"gamma(C7;C8,H23,H24)",oop,8.815165380477442,+,0.1588271663271028,0.300666713145669
39,1229.3618875190612,,,mixed ring-site C-H out-of-plane bending / C-C out-of-plane bending,tau(H17-C4-C9-H25),dihedral,8.615852950998288,+,0.1114626147965564,0.5966838523581202
39,1229.3618875190612,,,mixed ring-site C-H out-of-plane bending / C-C out-of-plane bending,nu(C6-C7),bond,4.99911942573966,+,0.12106602624612242,0.2934630298225203
39,1229.3618875190612,,,mixed ring-site C-H out-of-plane bending / C-C out-of-plane bending,nu(C7-C8),bond,4.905048630531927,-,-0.12132156544804779,0.28672909715516987
39,1229.3618875190612,,,mixed ring-site C-H out-of-plane bending / C-C out-of-plane bending,tau(H17-C4-C9-C8),dihedral,4.375407807890811,+,0.08964765892005574,0.4684304222796268
39,1229.3618875190612,,,mixed ring-site C-H out-of-plane bending / C-C out-of-plane bending,delta(C9-C4-H17),angle,2.2099285226725693,-,-0.09015663340169454,0.23393075140123543
39,1229.3618875190612,,,mixed ring-site C-H out-of-plane bending / C-C out-of-plane bending,nu(C8-C9),bond,1.8875570073146128,+,0.07204991204766056,0.3128510577221663
39,1229.3618875190612,,,mixed ring-site C-H out-of-plane bending / C-C out-of-plane bending,delta(C9-C8-H23),angle,1.8788671458921757,-,-0.06453595530534244,0.3881477265434133
39,1229.3618875190612,,,mixed ring-site C-H out-of-plane bending / C-C out-of-plane bending,nu(C5-C6),bond,1.7892692035648652,-,-0.07202946763308068,0.29672882571093184
39,1229.3618875190612,,,mixed ring-site C-H out-of-plane bending / C-C out-of-plane bending,delta(C4-C9-C8),angle,1.6558946175830431,-,-0.04336113342245557,0.7577673759020244
39,1229.3618875190612,,,mixed ring-site C-H out-of-plane bending / C-C out-of-plane bending,"gamma(C5;C9,C4,H25)",oop,1.593355723598598,+,0.02357189303268171,2.4673359249773874
39,1229.3618875190612,,,mixed ring-site C-H out-of-plane bending / C-C out-of-plane bending,delta(C4-C9-H25),angle,0.975981698232045,+,0.06169262131923987,0.22063768235437067
39,1229.3618875190612,,,mixed ring-site C-H out-of-plane bending / C-C out-of-plane bending,delta(C8-C7-H22),angle,0.951339230387418,-,-0.046769385993249785,0.37421098329674723
39,1229.3618875190612,,,mixed ring-site C-H out-of-plane bending / C-C out-of-plane bending,tau(H20-C6-C7-C8),dihedral,0.6888964705794296,+,0.04874947673996953,0.24941266534876505
39,1229.3618875190612,,,mixed ring-site C-H out-of-plane bending / C-C out-of-plane bending,tau(H23-C8-C9-C4),dihedral,0.524883983021427,+,0.03171922920551411,0.4488720156531896
39,1229.3618875190612,,,mixed ring-site C-H out-of-plane bending / C-C out-of-plane bending,tau(C2-C4-C5-H18),dihedral,0.5116584948565914,-,-0.03507248047887131,0.35789174837591814
39,1229.3618875190612,,,mixed ring-site C-H out-of-plane bending / C-C out-of-plane bending,tau(H19-C6-C7-C8),dihedral,0.4684396305429882,-,-0.04696593723135921,0.18272253164280974
39,1229.3618875190612,,,mixed ring-site C-H out-of-plane bending / C-C out-of-plane bending,"gamma(C4;C5,C6,H18)",oop,0.212634286394014,+,0.021932308437240484,0.38033742786902636
39,1229.3618875190612,,,mixed ring-site C-H out-of-plane bending / C-C out-of-plane bending,"gamma(C4;C2,C3,H13)",oop,0.07290772866752329,+,0.013413039233611727,0.348677272053292
39,1229.3618875190612,,,mixed ring-site C-H out-of-plane bending / C-C out-of-plane bending,delta(C3-C2-C4),angle,0.05526769808214203,+,0.009544638743244575,0.5219835858024717
39,1229.3618875190612,,,mixed ring-site C-H out-of-plane bending / C-C out-of-plane bending,tau(C3-C2-C4-C5),dihedral,0.024265944898234318,+,0.029492295029080764,0.024004050308062942
39,1229.3618875190612,,,mixed ring-site C-H out-of-plane bending / C-C out-of-plane bending,delta(C6-C5-H18),angle,0.023718561163526948,+,0.008743302133062411,0.26695731673582873
39,1229.3618875190612,,,mixed ring-site C-H out-of-plane bending / C-C out-of-plane bending,delta(C3-C2-H13),angle,0.022864693187804656,+,0.009048918175545356,0.24025725817088736
39,1229.3618875190612,,,mixed ring-site C-H out-of-plane bending / C-C out-of-plane bending,nu(C4-C5),bond,0.015810485787576208,-,-0.004986019346325597,0.5471945412726401
39,1229.3618875190612,,,mixed ring-site C-H out-of-plane bending / C-C out-of-plane bending,"gamma(C9;C4,C2,C5)",oop,0.014499005594160974,+,0.0030984035504163948,1.2994713680163765
39,1229.3618875190612,,,mixed ring-site C-H out-of-plane bending / C-C out-of-plane bending,delta(H23-C8-H24),angle,0.013592248437963587,-,-0.007347650943342587,0.21662008978042366
39,1229.3618875190612,,,mixed ring-site C-H out-of-plane bending / C-C out-of-plane bending,nu(C4-C9),bond,0.013580600916951303,+,0.00529886506055364,0.41615750179357514
39,1229.3618875190612,,,mixed ring-site C-H out-of-plane bending / C-C out-of-plane bending,delta(C2-C3-H15),angle,0.012466961877190031,+,0.0050084750739458565,0.4276161102640135
39,1229.3618875190612,,,mixed ring-site C-H out-of-plane bending / C-C out-of-plane bending,delta(C2-C1-H12),angle,0.008674950205346942,-,-0.00493896092654346,0.3059850941292659
39,1229.3618875190612,,,mixed ring-site C-H out-of-plane bending / C-C out-of-plane bending,delta(C2-C1-H10),angle,0.008370869220520178,-,-0.00437065455293487,0.3770353350204659
39,1229.3618875190612,,,mixed ring-site C-H out-of-plane bending / C-C out-of-plane bending,"gamma(H11;C1,H10,H12)",oop,0.00820173534264282,+,0.005701566153019061,0.21708103153869004
39,1229.3618875190612,,,mixed ring-site C-H out-of-plane bending / C-C out-of-plane bending,delta(H14-C3-H16),angle,0.007171329139780877,-,-0.004092313710623988,0.36843958035172164
39,1229.3618875190612,,,mixed ring-site C-H out-of-plane bending / C-C out-of-plane bending,nu(C9-H25),bond,0.005351467325396172,+,0.0036321473699180325,0.34902008220261893
39,1229.3618875190612,,,mixed ring-site C-H out-of-plane bending / C-C out-of-plane bending,nu(C5-H18),bond,0.0052999313729403565,-,-0.0036145668158674097,0.34902954612114734
39,1229.3618875190612,,,mixed ring-site C-H out-of-plane bending / C-C out-of-plane bending,nu(C1-C2),bond,0.004308925275191956,+,0.00371360803758882,0.26883220687743986
39,1229.3618875190612,,,mixed ring-site C-H out-of-plane bending / C-C out-of-plane bending,nu(C2-C3),bond,0.004074513351050136,-,-0.003611294731289811,0.2688155190040503
39,1229.3618875190612,,,mixed ring-site C-H out-of-plane bending / C-C out-of-plane bending,delta(C2-C4-C5),angle,0.0037643047924330224,-,-0.0032111641937504543,0.3140973094435254
39,1229.3618875190612,,,mixed ring-site C-H out-of-plane bending / C-C out-of-plane bending,delta(C2-C3-H16),angle,0.00290915764366547,-,-0.0028537424990643556,0.3073563220041683
39,1229.3618875190612,,,mixed ring-site C-H out-of-plane bending / C-C out-of-plane bending,tau(C4-C2-C3-H14),dihedral,0.0024146027694893326,+,0.0027295625267194654,0.27884576993327614
39,1229.3618875190612,,,mixed ring-site C-H out-of-plane bending / C-C out-of-plane bending,delta(H14-C3-H15),angle,0.0013707015773504394,-,-0.0017851950034197931,0.3700633261945618
39,1229.3618875190612,,,mixed ring-site C-H out-of-plane bending / C-C out-of-plane bending,delta(H10-C1-H12),angle,0.0011712030990852938,+,0.001966825970649852,0.2604982470330432
39,1229.3618875190612,,,mixed ring-site C-H out-of-plane bending / C-C out-of-plane bending,delta(H15-C3-H16),angle,0.0006710388750887951,-,-0.0012382068085792291,0.3765873833684418
39,1229.3618875190612,,,mixed ring-site C-H out-of-plane bending / C-C out-of-plane bending,nu(C6-H20),bond,0.0006068030805637542,+,0.0012602123625252881,0.3287492466493157
39,1229.3618875190612,,,mixed ring-site C-H out-of-plane bending / C-C out-of-plane bending,nu(C8-H24),bond,0.000606387548448713,-,-0.001259682840441395,0.3288003785530708
39,1229.3618875190612,,,mixed ring-site C-H out-of-plane bending / C-C out-of-plane bending,tau(C1-C2-C3-H16),dihedral,0.0005252898722194483,+,0.001283221460171455,0.2744733988296527
39,1229.3618875190612,,,mixed ring-site C-H out-of-plane bending / C-C out-of-plane bending,nu(C6-H19),bond,0.00048615110567306675,+,0.0011288564236893815,0.32824515254734715
39,1229.3618875190612,,,mixed ring-site C-H out-of-plane bending / C-C out-of-plane bending,nu(C8-H23),bond,0.00047903778689286746,-,-0.0011205869500699507,0.3282336573619821
39,1229.3618875190612,,,mixed ring-site C-H out-of-plane bending / C-C out-of-plane bending,tau(H11-C1-C2-C3),dihedral,0.0002882635139015529,+,0.0012017171767385456,0.17174717389126995
39,1229.3618875190612,,,mixed ring-site C-H out-of-plane bending / C-C out-of-plane bending,tau(H12-C1-C2-C3),dihedral,0.00025893515283792094,+,0.0011157658845676187,0.1789572584353189
39,1229.3618875190612,,,mixed ring-site C-H out-of-plane bending / C-C out-of-plane bending,delta(C7-C6-H19),angle,0.00021877937644188182,-,-0.0005702513512882901,0.578866203893712
39,1229.3618875190612,,,mixed ring-site C-H out-of-plane bending / C-C out-of-plane bending,delta(C7-C8-H23),angle,9.705861416340562e-05,-,-0.000302513157604594,0.9125360055785439
39,1229.3618875190612,,,mixed ring-site C-H out-of-plane bending / C-C out-of-plane bending,nu(C3-H16),bond,4.9009754345527244e-05,+,0.0003544492790575522,0.3356439255063405
39,1229.3618875190612,,,mixed ring-site C-H out-of-plane bending / C-C out-of-plane bending,nu(C1-H11),bond,4.3899386103147556e-05,-,-0.0003354520265252826,0.33566191504728254
39,1229.3618875190612,,,mixed ring-site C-H out-of-plane bending / C-C out-of-plane bending,nu(C1-H12),bond,4.0253924593143376e-05,-,-0.0003237992708726774,0.3303398418047025
39,1229.3618875190612,,,mixed ring-site C-H out-of-plane bending / C-C out-of-plane bending,nu(C3-H15),bond,3.929044549933789e-05,+,0.0003199096164284181,0.33032148604472367
39,1229.3618875190612,,,mixed ring-site C-H out-of-plane bending / C-C out-of-plane bending,nu(C2-C4),bond,3.2361750795369286e-05,-,-0.0003185857243808502,0.27433666012197316
39,1229.3618875190612,,,mixed ring-site C-H out-of-plane bending / C-C out-of-plane bending,delta(C6-C7-C8),angle,9.063996839354213e-06,+,8.773002063967048e-05,1.013275969219078
39,1229.3618875190612,,,mixed ring-site C-H out-of-plane bending / C-C out-of-plane bending,nu(C3-H14),bond,8.938539260790727e-06,-,-0.00015204084034377887,0.3326982298069487
39,1229.3618875190612,,,mixed ring-site C-H out-of-plane bending / C-C out-of-plane bending,nu(C1-H10),bond,7.645597035888207e-06,+,0.00014061465687233553,0.33270144145954433
39,1229.3618875190612,,,mixed ring-site C-H out-of-plane bending / C-C out-of-plane bending,delta(C1-C2-C3),angle,2.638993053332122e-06,-,-7.990911290308377e-05,0.3555904501026593
39,1229.3618875190612,,,mixed ring-site C-H out-of-plane bending / C-C out-of-plane bending,nu(C2-H13),bond,1.357205593692744e-07,-,-1.8705895052554243e-05,0.3337283603614742
39,1229.3618875190612,,,mixed ring-site C-H out-of-plane bending / C-C out-of-plane bending,nu(C7-H21),bond,5.50160522991059e-08,-,-1.1926886720148394e-05,0.3327665744893832
39,1229.3618875190612,,,mixed ring-site C-H out-of-plane bending / C-C out-of-plane bending,delta(H21-C7-H22),angle,4.161711263042993e-08,+,1.1397282202859879e-05,0.2756600324984054
39,1229.3618875190612,,,mixed ring-site C-H out-of-plane bending / C-C out-of-plane bending,nu(C7-H22),bond,3.6452645346849296e-08,+,9.673589200707335e-06,0.3351646674336103
39,1229.3618875190612,,,mixed ring-site C-H out-of-plane bending / C-C out-of-plane bending,nu(C4-H17),bond,3.039734542820949e-08,+,8.80628637251057e-06,0.3372519822787753
40,1248.9178541072044,,,mixed ring-site C-H in-plane bending / ring-site C-H out-of-plane bending,delta(C7-C8-H23),angle,14.9137215136206,-,-0.11310758167913232,0.9125360055785439
40,1248.9178541072044,,,mixed ring-site C-H in-plane bending / ring-site C-H out-of-plane bending,nu(C2-C4),bond,10.943510405765718,-,-0.17670958667650824,0.27433666012197316
40,1248.9178541072044,,,mixed ring-site C-H in-plane bending / ring-site C-H out-of-plane bending,delta(C7-C6-H19),angle,9.517415221075234,-,-0.1134472879201964,0.578866203893712
40,1248.9178541072044,,,mixed ring-site C-H in-plane bending / ring-site C-H out-of-plane bending,delta(C4-C9-H25),angle,7.654529496230398,+,0.16479465213870745,0.22063768235437067
40,1248.9178541072044,,,mixed ring-site C-H in-plane bending / ring-site C-H out-of-plane bending,tau(C9-C5-C6-H20),dihedral,6.8188350518661665,-,-0.10335122667300659,0.49971953559980403
40,1248.9178541072044,,,mixed ring-site C-H in-plane bending / ring-site C-H out-of-plane bending,tau(H17-C4-C9-H25),dihedral,5.899055620376972,+,0.08797166464883616,0.5966838523581202
40,1248.9178541072044,,,mixed ring-site C-H in-plane bending / ring-site C-H out-of-plane bending,nu(C4-C5),bond,5.044211131049684,+,0.08494727600164341,0.5471945412726401
40,1248.9178541072044,,,mixed ring-site C-H in-plane bending / ring-site C-H out-of-plane bending,nu(C4-C9),bond,3.8541500946983254,+,0.08514500100443992,0.41615750179357514
40,1248.9178541072044,,,mixed ring-site C-H in-plane bending / ring-site C-H out-of-plane bending,tau(H23-C8-C9-C4),dihedral,3.680824843088314,+,0.08011890726770804,0.4488720156531896
40,1248.9178541072044,,,mixed ring-site C-H in-plane bending / ring-site C-H out-of-plane bending,"gamma(C4;C5,C6,H18)",oop,3.0450502244845357,-,-0.07916558120175889,0.38033742786902636
40,1248.9178541072044,,,mixed ring-site C-H in-plane bending / ring-site C-H out-of-plane bending,delta(C6-C5-H18),angle,2.8532754427120985,-,-0.09146914973526314,0.26695731673582873
40,1248.9178541072044,,,mixed ring-site C-H in-plane bending / ring-site C-H out-of-plane bending,"gamma(C4;C2,C3,H13)",oop,2.1669706175749557,-,-0.0697490663461363,0.348677272053292
40,1248.9178541072044,,,mixed ring-site C-H in-plane bending / ring-site C-H out-of-plane bending,delta(C2-C1-H10),angle,2.1113720089127006,+,0.06620869992711612,0.3770353350204659
40,1248.9178541072044,,,mixed ring-site C-H in-plane bending / ring-site C-H out-of-plane bending,delta(C4-C9-C8),angle,2.08609107338478,-,-0.04642184396697835,0.7577673759020244
40,1248.9178541072044,,,mixed ring-site C-H in-plane bending / ring-site C-H out-of-plane bending,tau(H12-C1-C2-C3),dihedral,1.9315638144442482,-,-0.0919186375485045,0.1789572584353189
40,1248.9178541072044,,,mixed ring-site C-H in-plane bending / ring-site C-H out-of-plane bending,tau(H20-C6-C7-C8),dihedral,1.8239339789975928,-,-0.07566046608449971,0.24941266534876505
40,1248.9178541072044,,,mixed ring-site C-H in-plane bending / ring-site C-H out-of-plane bending,delta(C9-C8-H23),angle,1.6593109254043403,+,0.05784809609778819,0.3881477265434133
40,1248.9178541072044,,,mixed ring-site C-H in-plane bending / ring-site C-H out-of-plane bending,delta(C8-C7-H22),angle,1.2777739013068699,-,-0.05170022684080465,0.37421098329674723
40,1248.9178541072044,,,mixed ring-site C-H in-plane bending / ring-site C-H out-of-plane bending,delta(C9-C4-H17),angle,1.1951371162360283,+,0.06323957114545646,0.23393075140123543
40,1248.9178541072044,,,mixed ring-site C-H in-plane bending / ring-site C-H out-of-plane bending,tau(H17-C4-C9-C8),dihedral,1.1113962466761007,+,0.043095867131911436,0.4684304222796268
40,1248.9178541072044,,,mixed ring-site C-H in-plane bending / ring-site C-H out-of-plane bending,"gamma(C5;C9,C4,H25)",oop,1.0536541234503285,-,-0.018283469071218167,2.4673359249773874
40,1248.9178541072044,,,mixed ring-site C-H in-plane bending / ring-site C-H out-of-plane bending,tau(H19-C6-C7-C8),dihedral,1.0417911277672376,-,-0.06680638658902868,0.18272253164280974
40,1248.9178541072044,,,mixed ring-site C-H in-plane bending / ring-site C-H out-of-plane bending,delta(C3-C2-C4),angle,1.03665234949831,+,0.03942864495496221,0.5219835858024717
40,1248.9178541072044,,,mixed ring-site C-H in-plane bending / ring-site C-H out-of-plane bending,delta(C2-C3-H15),angle,0.9027752757862166,-,-0.04065242955696341,0.4276161102640135
40,1248.9178541072044,,,mixed ring-site C-H in-plane bending / ring-site C-H out-of-plane bending,tau(H21-C7-C8-C9),dihedral,0.8416621790745654,-,-0.05526620037838139,0.21570788048823702
40,1248.9178541072044,,,mixed ring-site C-H in-plane bending / ring-site C-H out-of-plane bending,delta(C2-C1-H12),angle,0.6431456370304637,-,-0.04056282890034818,0.3059850941292659
40,1248.9178541072044,,,mixed ring-site C-H in-plane bending / ring-site C-H out-of-plane bending,"gamma(C9;C4,C2,C5)",oop,0.597972337417099,+,0.01897933084441459,1.2994713680163765
40,1248.9178541072044,,,mixed ring-site C-H in-plane bending / ring-site C-H out-of-plane bending,delta(H15-C3-H16),angle,0.5835600615622134,-,-0.03482840650370309,0.3765873833684418
40,1248.9178541072044,,,mixed ring-site C-H in-plane bending / ring-site C-H out-of-plane bending,delta(C2-C4-C5),angle,0.5763836190833688,+,0.03790071592739594,0.3140973094435254
40,1248.9178541072044,,,mixed ring-site C-H in-plane bending / ring-site C-H out-of-plane bending,delta(C2-C3-H16),angle,0.4716464046518232,-,-0.03465859042182486,0.3073563220041683
40,1248.9178541072044,,,mixed ring-site C-H in-plane bending / ring-site C-H out-of-plane bending,"gamma(C7;C8,H23,H24)",oop,0.4392339258679166,+,0.033816524477393174,0.300666713145669
40,1248.9178541072044,,,mixed ring-site C-H in-plane bending / ring-site C-H out-of-plane bending,delta(C3-C2-H13),angle,0.34315296172767673,+,0.033437155470980535,0.24025725817088736
40,1248.9178541072044,,,mixed ring-site C-H in-plane bending / ring-site C-H out-of-plane bending,delta(H14-C3-H16),angle,0.29137780707312116,+,0.024881055658007044,0.36843958035172164
40,1248.9178541072044,,,mixed ring-site C-H in-plane bending / ring-site C-H out-of-plane bending,delta(C1-C2-C3),angle,0.1943610501658734,-,-0.020684893112553164,0.3555904501026593
40,1248.9178541072044,,,mixed ring-site C-H in-plane bending / ring-site C-H out-of-plane bending,delta(C6-C7-C8),angle,0.18666750144532893,+,0.012008650151490554,1.013275969219078
40,1248.9178541072044,,,mixed ring-site C-H in-plane bending / ring-site C-H out-of-plane bending,delta(H14-C3-H15),angle,0.1709176421038551,+,0.01901424692182513,0.3700633261945618
40,1248.9178541072044,,,mixed ring-site C-H in-plane bending / ring-site C-H out-of-plane bending,nu(C6-C7),bond,0.14131798916287142,-,-0.019415372758952963,0.2934630298225203
40,1248.9178541072044,,,mixed ring-site C-H in-plane bending / ring-site C-H out-of-plane bending,nu(C7-C8),bond,0.1298816600852553,-,-0.018830495100931197,0.28672909715516987
40,1248.9178541072044,,,mixed ring-site C-H in-plane bending / ring-site C-H out-of-plane bending,delta(H10-C1-H12),angle,0.117837582196088,+,0.018817555947560637,0.2604982470330432
40,1248.9178541072044,,,mixed ring-site C-H in-plane bending / ring-site C-H out-of-plane bending,nu(C8-C9),bond,0.11302544018619423,-,-0.016816785964415323,0.3128510577221663
40,1248.9178541072044,,,mixed ring-site C-H in-plane bending / ring-site C-H out-of-plane bending,nu(C1-C2),bond,0.10855391824440698,+,0.017778937790909975,0.26883220687743986
40,1248.9178541072044,,,mixed ring-site C-H in-plane bending / ring-site C-H out-of-plane bending,nu(C2-C3),bond,0.10829545244427717,+,0.017758310625862785,0.2688155190040503
40,1248.9178541072044,,,mixed ring-site C-H in-plane bending / ring-site C-H out-of-plane bending,nu(C5-C6),bond,0.1033766788685361,-,-0.016514108205509748,0.29672882571093184
40,1248.9178541072044,,,mixed ring-site C-H in-plane bending / ring-site C-H out-of-plane bending,tau(C4-C2-C3-H14),dihedral,0.05022793650817266,-,-0.011874473017157354,0.27884576993327614
40,1248.9178541072044,,,mixed ring-site C-H in-plane bending / ring-site C-H out-of-plane bending,delta(H21-C7-H22),angle,0.04455749924282431,-,-0.011248567264864975,0.2756600324984054
40,1248.9178541072044,,,mixed ring-site C-H in-plane bending / ring-site C-H out-of-plane bending,delta(H23-C8-H24),angle,0.029718463949236756,-,-0.010363048255492299,0.21662008978042366
40,1248.9178541072044,,,mixed ring-site C-H in-plane bending / ring-site C-H out-of-plane bending,"gamma(H19;C6,C5,H20)",oop,0.02006405716556694,+,0.005556632214727806,0.5086778952751276
40,1248.9178541072044,,,mixed ring-site C-H in-plane bending / ring-site C-H out-of-plane bending,nu(C5-H18),bond,0.010210680768425597,+,0.004785418893966241,0.34902954612114734
40,1248.9178541072044,,,mixed ring-site C-H in-plane bending / ring-site C-H out-of-plane bending,nu(C9-H25),bond,0.010143775433636862,+,0.0047697796000200484,0.34902008220261893
40,1248.9178541072044,,,mixed ring-site C-H in-plane bending / ring-site C-H out-of-plane bending,"gamma(C6;C7,H21,H22)",oop,0.00836269746287502,-,-0.005211088162191701,0.24106655312168962
40,1248.9178541072044,,,mixed ring-site C-H in-plane bending / ring-site C-H out-of-plane bending,nu(C3-H14),bond,0.00788441089231356,-,-0.0043070814688695525,0.3326982298069487
40,1248.9178541072044,,,mixed ring-site C-H in-plane bending / ring-site C-H out-of-plane bending,nu(C1-H10),bond,0.007876279897084356,-,-0.004304839225422533,0.33270144145954433
40,1248.9178541072044,,,mixed ring-site C-H in-plane bending / ring-site C-H out-of-plane bending,tau(C3-C2-C4-C5),dihedral,0.007117456680515999,-,-0.015235049131777603,0.024004050308062942
40,1248.9178541072044,,,mixed ring-site C-H in-plane bending / ring-site C-H out-of-plane bending,nu(C2-H13),bond,0.006098502675936638,-,-0.0037821500873347507,0.3337283603614742
40,1248.9178541072044,,,mixed ring-site C-H in-plane bending / ring-site C-H out-of-plane bending,nu(C1-H12),bond,0.002598805510428473,+,0.00248159050189026,0.3303398418047025
40,1248.9178541072044,,,mixed ring-site C-H in-plane bending / ring-site C-H out-of-plane bending,nu(C3-H15),bond,0.0025712934605349965,+,0.002468488554060009,0.33032148604472367
40,1248.9178541072044,,,mixed ring-site C-H in-plane bending / ring-site C-H out-of-plane bending,nu(C4-H17),bond,0.002002776036018272,+,0.0021560689468288216,0.3372519822787753
40,1248.9178541072044,,,mixed ring-site C-H in-plane bending / ring-site C-H out-of-plane bending,tau(C1-C2-C3-H16),dihedral,0.0012338838501930551,-,-0.001875904463909243,0.2744733988296527
40,1248.9178541072044,,,mixed ring-site C-H in-plane bending / ring-site C-H out-of-plane bending,tau(C2-C4-C5-H18),dihedral,0.0011569516086400184,+,0.0015907629282605777,0.35789174837591814
40,1248.9178541072044,,,mixed ring-site C-H in-plane bending / ring-site C-H out-of-plane bending,tau(H11-C1-C2-C3),dihedral,0.0007298063560033533,+,0.0018238231668303514,0.17174717389126995
40,1248.9178541072044,,,mixed ring-site C-H in-plane bending / ring-site C-H out-of-plane bending,nu(C8-H24),bond,0.0006044276325956702,+,0.00119958135775455,0.3288003785530708
40,1248.9178541072044,,,mixed ring-site C-H in-plane bending / ring-site C-H out-of-plane bending,nu(C6-H20),bond,0.0006028348800505422,+,0.0011980929432582042,0.3287492466493157
40,1248.9178541072044,,,mixed ring-site C-H in-plane bending / ring-site C-H out-of-plane bending,"gamma(H11;C1,H10,H12)",oop,0.0003580909576750982,-,-0.001136343013044109,0.21708103153869004
40,1248.9178541072044,,,mixed ring-site C-H in-plane bending / ring-site C-H out-of-plane bending,nu(C7-H22),bond,0.0002480231371805648,-,-0.0007610981922167784,0.3351646674336103
40,1248.9178541072044,,,mixed ring-site C-H in-plane bending / ring-site C-H out-of-plane bending,nu(C3-H16),bond,8.980925597530913e-05,+,0.0004576620065751194,0.3356439255063405
40,1248.9178541072044,,,mixed ring-site C-H in-plane bending / ring-site C-H out-of-plane bending,nu(C1-H11),bond,8.243935134976973e-05,+,0.0004384700722706631,0.33566191504728254
40,1248.9178541072044,,,mixed ring-site C-H in-plane bending / ring-site C-H out-of-plane bending,nu(C8-H23),bond,3.4016824928644905e-05,+,0.00028482561151247976,0.3282336573619821
40,1248.9178541072044,,,mixed ring-site C-H in-plane bending / ring-site C-H out-of-plane bending,nu(C6-H19),bond,3.088999828416229e-05,+,0.0002714147767620215,0.32824515254734715
40,1248.9178541072044,,,mixed ring-site C-H in-plane bending / ring-site C-H out-of-plane bending,nu(C7-H21),bond,2.273766485550664e-05,-,-0.0002312739880633226,0.3327665744893832
41,1264.704723004217,,,mixed ring-site C-H in-plane bending / ring-site C-H out-of-plane bending,delta(C7-C8-H23),angle,26.682095008064202,+,0.17517367566204145,0.9125360055785439
41,1264.704723004217,,,mixed ring-site C-H in-plane bending / ring-site C-H out-of-plane bending,delta(C7-C6-H19),angle,17.003799418646054,+,0.1755770604131649,0.578866203893712
41,1264.704723004217,,,mixed ring-site C-H in-plane bending / ring-site C-H out-of-plane bending,tau(H23-C8-C9-C4),dihedral,6.722640456590763,-,-0.12536969270582143,0.4488720156531896
41,1264.704723004217,,,mixed ring-site C-H in-plane bending / ring-site C-H out-of-plane bending,tau(C9-C5-C6-H20),dihedral,6.099949524864382,+,0.11318368805800158,0.49971953559980403
41,1264.704723004217,,,mixed ring-site C-H in-plane bending / ring-site C-H out-of-plane bending,delta(C9-C8-H23),angle,5.909897584577044,-,-0.1264082265452352,0.3881477265434133
41,1264.704723004217,,,mixed ring-site C-H in-plane bending / ring-site C-H out-of-plane bending,nu(C2-C4),bond,4.021642968643055,-,-0.12403484749898656,0.27433666012197316
41,1264.704723004217,,,mixed ring-site C-H in-plane bending / ring-site C-H out-of-plane bending,tau(H20-C6-C7-C8),dihedral,3.4328128910659297,+,0.12018484254240883,0.24941266534876505
41,1264.704723004217,,,mixed ring-site C-H in-plane bending / ring-site C-H out-of-plane bending,tau(H17-C4-C9-C8),dihedral,2.200004890062466,+,0.07020582725276864,0.4684304222796268
41,1264.704723004217,,,mixed ring-site C-H in-plane bending / ring-site C-H out-of-plane bending,nu(C4-C5),bond,2.138762437540652,+,0.06404633465038899,0.5471945412726401
41,1264.704723004217,,,mixed ring-site C-H in-plane bending / ring-site C-H out-of-plane bending,delta(C4-C9-H25),angle,2.085475494486336,+,0.09959707552849582,0.22063768235437067
41,1264.704723004217,,,mixed ring-site C-H in-plane bending / ring-site C-H out-of-plane bending,delta(C6-C5-H18),angle,1.9892183845691007,-,-0.0884309320239964,0.26695731673582873
41,1264.704723004217,,,mixed ring-site C-H in-plane bending / ring-site C-H out-of-plane bending,"gamma(H19;C6,C5,H20)",oop,1.9804701733156216,+,0.06392144802730923,0.5086778952751276
41,1264.704723004217,,,mixed ring-site C-H in-plane bending / ring-site C-H out-of-plane bending,tau(C2-C4-C5-H18),dihedral,1.7248101953433717,+,0.07111786280935842,0.35789174837591814
41,1264.704723004217,,,mixed ring-site C-H in-plane bending / ring-site C-H out-of-plane bending,tau(H19-C6-C7-C8),dihedral,1.6454092010761048,+,0.09721310017414561,0.18272253164280974
41,1264.704723004217,,,mixed ring-site C-H in-plane bending / ring-site C-H out-of-plane bending,delta(C8-C7-H22),angle,1.6305148604797715,+,0.06762199821806494,0.37421098329674723
41,1264.704723004217,,,mixed ring-site C-H in-plane bending / ring-site C-H out-of-plane bending,nu(C4-C9),bond,1.628557024521872,+,0.06408501724815394,0.41615750179357514
41,1264.704723004217,,,mixed ring-site C-H in-plane bending / ring-site C-H out-of-plane bending,"gamma(C9;C4,C2,C5)",oop,1.4935176451189847,+,0.034730073776431634,1.2994713680163765
41,1264.704723004217,,,mixed ring-site C-H in-plane bending / ring-site C-H out-of-plane bending,tau(H21-C7-C8-C9),dihedral,1.2217547243957327,+,0.07709796093802741,0.21570788048823702
41,1264.704723004217,,,mixed ring-site C-H in-plane bending / ring-site C-H out-of-plane bending,delta(C9-C4-H17),angle,1.0938602777703084,+,0.07005209892837963,0.23393075140123543
41,1264.704723004217,,,mixed ring-site C-H in-plane bending / ring-site C-H out-of-plane bending,delta(C2-C3-H15),angle,1.013061746780534,-,-0.04986258772042681,0.4276161102640135
41,1264.704723004217,,,mixed ring-site C-H in-plane bending / ring-site C-H out-of-plane bending,delta(C6-C7-C8),angle,0.8533121374227204,-,-0.029728566920063364,1.013275969219078
41,1264.704723004217,,,mixed ring-site C-H in-plane bending / ring-site C-H out-of-plane bending,delta(C2-C1-H10),angle,0.8421458484989303,+,0.048415733265331946,0.3770353350204659
41,1264.704723004217,,,mixed ring-site C-H in-plane bending / ring-site C-H out-of-plane bending,tau(H12-C1-C2-C3),dihedral,0.7949249194689427,-,-0.06827666209189019,0.1789572584353189
41,1264.704723004217,,,mixed ring-site C-H in-plane bending / ring-site C-H out-of-plane bending,delta(C2-C1-H12),angle,0.7280559281451867,-,-0.049970779057940035,0.3059850941292659
41,1264.704723004217,,,mixed ring-site C-H in-plane bending / ring-site C-H out-of-plane bending,delta(C4-C9-C8),angle,0.6928947099237877,-,-0.030977727514319733,0.7577673759020244
41,1264.704723004217,,,mixed ring-site C-H in-plane bending / ring-site C-H out-of-plane bending,delta(C3-C2-C4),angle,0.5566617116305643,+,0.03345423755334712,0.5219835858024717
41,1264.704723004217,,,mixed ring-site C-H in-plane bending / ring-site C-H out-of-plane bending,delta(C2-C4-C5),angle,0.5327913481998714,+,0.0421920238715754,0.3140973094435254
41,1264.704723004217,,,mixed ring-site C-H in-plane bending / ring-site C-H out-of-plane bending,nu(C6-C7),bond,0.4507663083410906,+,0.04014975595974297,0.2934630298225203
41,1264.704723004217,,,mixed ring-site C-H in-plane bending / ring-site C-H out-of-plane bending,nu(C7-C8),bond,0.43846897399833185,+,0.04006059864079465,0.28672909715516987
41,1264.704723004217,,,mixed ring-site C-H in-plane bending / ring-site C-H out-of-plane bending,delta(H14-C3-H16),angle,0.41114215246065716,+,0.03422131922378881,0.36843958035172164
41,1264.704723004217,,,mixed ring-site C-H in-plane bending / ring-site C-H out-of-plane bending,"gamma(C5;C9,C4,H25)",oop,0.39231507783187375,+,0.012917760939658726,2.4673359249773874
41,1264.704723004217,,,mixed ring-site C-H in-plane bending / ring-site C-H out-of-plane bending,"gamma(C4;C2,C3,H13)",oop,0.2901413147638454,-,-0.029551317768021945,0.348677272053292
41,1264.704723004217,,,mixed ring-site C-H in-plane bending / ring-site C-H out-of-plane bending,"gamma(C4;C5,C6,H18)",oop,0.27697805702424494,+,0.02764534626697208,0.38033742786902636
41,1264.704723004217,,,mixed ring-site C-H in-plane bending / ring-site C-H out-of-plane bending,"gamma(C7;C8,H23,H24)",oop,0.255661996183972,-,-0.02987268759769027,0.300666713145669
41,1264.704723004217,,,mixed ring-site C-H in-plane bending / ring-site C-H out-of-plane bending,delta(H15-C3-H16),angle,0.2198284490423385,-,-0.02475101134838511,0.3765873833684418
41,1264.704723004217,,,mixed ring-site C-H in-plane bending / ring-site C-H out-of-plane bending,nu(C8-C9),bond,0.13522138553156307,-,-0.02129794794992182,0.3128510577221663
41,1264.704723004217,,,mixed ring-site C-H in-plane bending / ring-site C-H out-of-plane bending,nu(C5-C6),bond,0.12707941671037284,-,-0.021200281217317492,0.29672882571093184
41,1264.704723004217,,,mixed ring-site C-H in-plane bending / ring-site C-H out-of-plane bending,delta(C2-C3-H16),angle,0.06173103142464184,-,-0.014518260203303126,0.3073563220041683
41,1264.704723004217,,,mixed ring-site C-H in-plane bending / ring-site C-H out-of-plane bending,"gamma(C6;C7,H21,H22)",oop,0.0476878550331433,+,0.014408517541116012,0.24106655312168962
41,1264.704723004217,,,mixed ring-site C-H in-plane bending / ring-site C-H out-of-plane bending,"gamma(H11;C1,H10,H12)",oop,0.029366414923156357,+,0.011915119748078722,0.21708103153869004
41,1264.704723004217,,,mixed ring-site C-H in-plane bending / ring-site C-H out-of-plane bending,delta(H23-C8-H24),angle,0.02092282181133131,-,-0.010068033381262309,0.21662008978042366
41,1264.704723004217,,,mixed ring-site C-H in-plane bending / ring-site C-H out-of-plane bending,delta(H14-C3-H15),angle,0.017538800026719915,+,0.00705254390569205,0.3700633261945618
41,1264.704723004217,,,mixed ring-site C-H in-plane bending / ring-site C-H out-of-plane bending,nu(C1-C2),bond,0.01361148803091287,+,0.007289471436613835,0.26883220687743986
41,1264.704723004217,,,mixed ring-site C-H in-plane bending / ring-site C-H out-of-plane bending,delta(C1-C2-C3),angle,0.01326353810476297,-,-0.006256602078794831,0.3555904501026593
41,1264.704723004217,,,mixed ring-site C-H in-plane bending / ring-site C-H out-of-plane bending,nu(C2-C3),bond,0.013255004344927676,+,0.007193606089866561,0.2688155190040503
41,1264.704723004217,,,mixed ring-site C-H in-plane bending / ring-site C-H out-of-plane bending,delta(H10-C1-H12),angle,0.01154448334371411,+,0.0068197543660581394,0.2604982470330432
41,1264.704723004217,,,mixed ring-site C-H in-plane bending / ring-site C-H out-of-plane bending,delta(H21-C7-H22),angle,0.008541430929986318,+,0.0057024606816864516,0.2756600324984054
41,1264.704723004217,,,mixed ring-site C-H in-plane bending / ring-site C-H out-of-plane bending,tau(C1-C2-C3-H16),dihedral,0.008276126955268656,-,-0.005625321213186856,0.2744733988296527
41,1264.704723004217,,,mixed ring-site C-H in-plane bending / ring-site C-H out-of-plane bending,tau(H11-C1-C2-C3),dihedral,0.005208417394055942,+,0.005641465998073743,0.17174717389126995
41,1264.704723004217,,,mixed ring-site C-H in-plane bending / ring-site C-H out-of-plane bending,nu(C9-H25),bond,0.0037268589901796718,+,0.0033475737728724943,0.34902008220261893
41,1264.704723004217,,,mixed ring-site C-H in-plane bending / ring-site C-H out-of-plane bending,nu(C5-H18),bond,0.003716440471429978,+,0.003342846067516359,0.34902954612114734
41,1264.704723004217,,,mixed ring-site C-H in-plane bending / ring-site C-H out-of-plane bending,nu(C7-H22),bond,0.003472416170389753,+,0.0032973925661493302,0.3351646674336103
41,1264.704723004217,,,mixed ring-site C-H in-plane bending / ring-site C-H out-of-plane bending,nu(C3-H14),bond,0.0029893973487691104,-,-0.003070792433360402,0.3326982298069487
41,1264.704723004217,,,mixed ring-site C-H in-plane bending / ring-site C-H out-of-plane bending,nu(C1-H10),bond,0.002956707504847636,-,-0.003053941579403065,0.33270144145954433
41,1264.704723004217,,,mixed ring-site C-H in-plane bending / ring-site C-H out-of-plane bending,tau(C3-C2-C4-C5),dihedral,0.00262038164725406,+,0.0107034527130287,0.024004050308062942
41,1264.704723004217,,,mixed ring-site C-H in-plane bending / ring-site C-H out-of-plane bending,nu(C2-H13),bond,0.0024535267301824407,-,-0.0027776832752733445,0.3337283603614742
41,1264.704723004217,,,mixed ring-site C-H in-plane bending / ring-site C-H out-of-plane bending,nu(C1-H12),bond,0.00241587236101063,+,0.0027703867328564198,0.3303398418047025
41,1264.704723004217,,,mixed ring-site C-H in-plane bending / ring-site C-H out-of-plane bending,nu(C3-H15),bond,0.0023884052348455494,+,0.002754669368227923,0.33032148604472367
41,1264.704723004217,,,mixed ring-site C-H in-plane bending / ring-site C-H out-of-plane bending,nu(C6-H19),bond,0.0016608291746365359,+,0.0023043434366995467,0.32824515254734715
41,1264.704723004217,,,mixed ring-site C-H in-plane bending / ring-site C-H out-of-plane bending,nu(C8-H23),bond,0.0016557003113002937,+,0.002300822912548954,0.3282336573619821
41,1264.704723004217,,,mixed ring-site C-H in-plane bending / ring-site C-H out-of-plane bending,nu(C4-H17),bond,0.0011298035959790564,+,0.001875029501206588,0.3372519822787753
41,1264.704723004217,,,mixed ring-site C-H in-plane bending / ring-site C-H out-of-plane bending,nu(C7-H21),bond,0.00042024879408495027,+,0.001151243720283566,0.3327665744893832
41,1264.704723004217,,,mixed ring-site C-H in-plane bending / ring-site C-H out-of-plane bending,nu(C8-H24),bond,0.00019640569940929852,+,0.0007917622164742705,0.3288003785530708
41,1264.704723004217,,,mixed ring-site C-H in-plane bending / ring-site C-H out-of-plane bending,nu(C6-H20),bond,0.00019170148861429295,+,0.0007822836327616537,0.3287492466493157
41,1264.704723004217,,,mixed ring-site C-H in-plane bending / ring-site C-H out-of-plane bending,tau(H17-C4-C9-H25),dihedral,0.00018781452822057138,-,-0.000574746497944578,0.5966838523581202
41,1264.704723004217,,,mixed ring-site C-H in-plane bending / ring-site C-H out-of-plane bending,delta(C3-C2-H13),angle,8.087638556521973e-05,+,0.0005943694692416616,0.24025725817088736
41,1264.704723004217,,,mixed ring-site C-H in-plane bending / ring-site C-H out-of-plane bending,tau(C4-C2-C3-H14),dihedral,5.784788610737468e-05,-,-0.000466600930742321,0.27884576993327614
41,1264.704723004217,,,mixed ring-site C-H in-plane bending / ring-site C-H out-of-plane bending,nu(C3-H16),bond,4.50123408927604e-05,-,-0.00037515461050143184,0.3356439255063405
41,1264.704723004217,,,mixed ring-site C-H in-plane bending / ring-site C-H out-of-plane bending,nu(C1-H11),bond,4.169792307003454e-05,-,-0.00036106888282025216,0.33566191504728254
42,1312.2428666705512,,,mixed ring-site C-H in-plane bending / C-C out-of-plane bending / ring-site C-H out-of-plane bending,"gamma(C7;C8,H23,H24)",oop,17.062835196193593,-,-0.313316420608688,0.300666713145669
42,1312.2428666705512,,,mixed ring-site C-H in-plane bending / C-C out-of-plane bending / ring-site C-H out-of-plane bending,delta(C7-C8-H23),angle,13.450981401299106,-,-0.15968062169930705,0.9125360055785439
42,1312.2428666705512,,,mixed ring-site C-H in-plane bending / C-C out-of-plane bending / ring-site C-H out-of-plane bending,"gamma(H19;C6,C5,H20)",oop,12.358588656781798,-,-0.20500442682932232,0.5086778952751276
42,1312.2428666705512,,,mixed ring-site C-H in-plane bending / C-C out-of-plane bending / ring-site C-H out-of-plane bending,delta(C7-C6-H19),angle,8.86165656770733,-,-0.16273036309621128,0.578866203893712
42,1312.2428666705512,,,mixed ring-site C-H in-plane bending / C-C out-of-plane bending / ring-site C-H out-of-plane bending,"gamma(C4;C2,C3,H13)",oop,6.754201747783647,-,-0.1830524003063049,0.348677272053292
42,1312.2428666705512,,,mixed ring-site C-H in-plane bending / C-C out-of-plane bending / ring-site C-H out-of-plane bending,delta(C9-C8-H23),angle,3.744406527093143,+,0.12917938326638848,0.3881477265434133
42,1312.2428666705512,,,mixed ring-site C-H in-plane bending / C-C out-of-plane bending / ring-site C-H out-of-plane bending,nu(C4-C5),bond,3.621455019766916,+,0.10699682800811797,0.5471945412726401
42,1312.2428666705512,,,mixed ring-site C-H in-plane bending / C-C out-of-plane bending / ring-site C-H out-of-plane bending,delta(C3-C2-H13),angle,3.013250293931162,+,0.1472921423098848,0.24025725817088736
42,1312.2428666705512,,,mixed ring-site C-H in-plane bending / C-C out-of-plane bending / ring-site C-H out-of-plane bending,nu(C4-C9),bond,2.7662986265321363,+,0.1072311343024679,0.41615750179357514
42,1312.2428666705512,,,mixed ring-site C-H in-plane bending / C-C out-of-plane bending / ring-site C-H out-of-plane bending,nu(C8-C9),bond,2.6193803153145105,-,-0.12034573377952638,0.3128510577221663
42,1312.2428666705512,,,mixed ring-site C-H in-plane bending / C-C out-of-plane bending / ring-site C-H out-of-plane bending,nu(C5-C6),bond,2.527823067614136,-,-0.12139301577216408,0.29672882571093184
42,1312.2428666705512,,,mixed ring-site C-H in-plane bending / C-C out-of-plane bending / ring-site C-H out-of-plane bending,tau(H17-C4-C9-H25),dihedral,2.232849602020332,-,-0.08045588688032813,0.5966838523581202
42,1312.2428666705512,,,mixed ring-site C-H in-plane bending / C-C out-of-plane bending / ring-site C-H out-of-plane bending,delta(C6-C7-C8),angle,2.061641208850986,-,-0.059325704613875804,1.013275969219078
42,1312.2428666705512,,,mixed ring-site C-H in-plane bending / C-C out-of-plane bending / ring-site C-H out-of-plane bending,delta(C2-C1-H10),angle,1.739126917021412,-,-0.08932537438409127,0.3770353350204659
42,1312.2428666705512,,,mixed ring-site C-H in-plane bending / C-C out-of-plane bending / ring-site C-H out-of-plane bending,tau(C9-C5-C6-H20),dihedral,1.734044862027986,+,0.07747600776918095,0.49971953559980403
42,1312.2428666705512,,,mixed ring-site C-H in-plane bending / C-C out-of-plane bending / ring-site C-H out-of-plane bending,delta(C9-C4-H17),angle,1.732373227298497,-,-0.113181985198511,0.23393075140123543
42,1312.2428666705512,,,mixed ring-site C-H in-plane bending / C-C out-of-plane bending / ring-site C-H out-of-plane bending,tau(H19-C6-C7-C8),dihedral,1.6692042052074407,-,-0.12570684209360802,0.18272253164280974
42,1312.2428666705512,,,mixed ring-site C-H in-plane bending / C-C out-of-plane bending / ring-site C-H out-of-plane bending,tau(H23-C8-C9-C4),dihedral,1.4968135388790915,+,0.07594913280007992,0.4488720156531896
42,1312.2428666705512,,,mixed ring-site C-H in-plane bending / C-C out-of-plane bending / ring-site C-H out-of-plane bending,tau(H20-C6-C7-C8),dihedral,1.4135055659114704,+,0.09901243543196064,0.24941266534876505
42,1312.2428666705512,,,mixed ring-site C-H in-plane bending / C-C out-of-plane bending / ring-site C-H out-of-plane bending,tau(H17-C4-C9-C8),dihedral,1.165771353477296,-,-0.06561216624740322,0.4684304222796268
42,1312.2428666705512,,,mixed ring-site C-H in-plane bending / C-C out-of-plane bending / ring-site C-H out-of-plane bending,delta(C2-C3-H15),angle,1.0585674760936257,+,0.06543837063506439,0.4276161102640135
42,1312.2428666705512,,,mixed ring-site C-H in-plane bending / C-C out-of-plane bending / ring-site C-H out-of-plane bending,nu(C6-C7),bond,0.9801416175782368,+,0.07600951298110747,0.2934630298225203
42,1312.2428666705512,,,mixed ring-site C-H in-plane bending / C-C out-of-plane bending / ring-site C-H out-of-plane bending,nu(C7-C8),bond,0.9371726834104828,+,0.07519243696728428,0.28672909715516987
42,1312.2428666705512,,,mixed ring-site C-H in-plane bending / C-C out-of-plane bending / ring-site C-H out-of-plane bending,tau(H12-C1-C2-C3),dihedral,0.9242350732441929,+,0.09451849483054654,0.1789572584353189
42,1312.2428666705512,,,mixed ring-site C-H in-plane bending / C-C out-of-plane bending / ring-site C-H out-of-plane bending,delta(H15-C3-H16),angle,0.7946297698188934,+,0.060415693640631964,0.3765873833684418
42,1312.2428666705512,,,mixed ring-site C-H in-plane bending / C-C out-of-plane bending / ring-site C-H out-of-plane bending,delta(C2-C1-H12),angle,0.7555644469215532,+,0.06535605883353464,0.3059850941292659
42,1312.2428666705512,,,mixed ring-site C-H in-plane bending / C-C out-of-plane bending / ring-site C-H out-of-plane bending,delta(C3-C2-C4),angle,0.5762768018717567,-,-0.04370059788708938,0.5219835858024717
42,1312.2428666705512,,,mixed ring-site C-H in-plane bending / C-C out-of-plane bending / ring-site C-H out-of-plane bending,delta(C6-C5-H18),angle,0.31173912650036656,+,0.04494433678635739,0.26695731673582873
42,1312.2428666705512,,,mixed ring-site C-H in-plane bending / C-C out-of-plane bending / ring-site C-H out-of-plane bending,delta(C4-C9-H25),angle,0.27322381794472866,-,-0.04628280457350897,0.22063768235437067
42,1312.2428666705512,,,mixed ring-site C-H in-plane bending / C-C out-of-plane bending / ring-site C-H out-of-plane bending,delta(H14-C3-H16),angle,0.24255383619676824,-,-0.03374591185140357,0.36843958035172164
42,1312.2428666705512,,,mixed ring-site C-H in-plane bending / C-C out-of-plane bending / ring-site C-H out-of-plane bending,"gamma(C4;C5,C6,H18)",oop,0.23841825327129648,+,0.03292952390475753,0.38033742786902636
42,1312.2428666705512,,,mixed ring-site C-H in-plane bending / C-C out-of-plane bending / ring-site C-H out-of-plane bending,tau(C2-C4-C5-H18),dihedral,0.11871765468773728,-,-0.02395422060673198,0.35789174837591814
42,1312.2428666705512,,,mixed ring-site C-H in-plane bending / C-C out-of-plane bending / ring-site C-H out-of-plane bending,"gamma(C6;C7,H21,H22)",oop,0.11179728461021489,+,0.02832353018365601,0.24106655312168962
42,1312.2428666705512,,,mixed ring-site C-H in-plane bending / C-C out-of-plane bending / ring-site C-H out-of-plane bending,"gamma(C5;C9,C4,H25)",oop,0.10699845894640954,-,-0.008661135911191083,2.4673359249773874
42,1312.2428666705512,,,mixed ring-site C-H in-plane bending / C-C out-of-plane bending / ring-site C-H out-of-plane bending,tau(C1-C2-C3-H16),dihedral,0.08629022915985046,+,0.023320127169928522,0.2744733988296527
42,1312.2428666705512,,,mixed ring-site C-H in-plane bending / C-C out-of-plane bending / ring-site C-H out-of-plane bending,"gamma(H11;C1,H10,H12)",oop,0.08581918135853142,+,0.026150589220299003,0.21708103153869004
42,1312.2428666705512,,,mixed ring-site C-H in-plane bending / C-C out-of-plane bending / ring-site C-H out-of-plane bending,delta(C1-C2-C3),angle,0.05694631352760787,+,0.01664401108520317,0.3555904501026593
42,1312.2428666705512,,,mixed ring-site C-H in-plane bending / C-C out-of-plane bending / ring-site C-H out-of-plane bending,tau(H11-C1-C2-C3),dihedral,0.05457499693797267,-,-0.023445111022018145,0.17174717389126995
42,1312.2428666705512,,,mixed ring-site C-H in-plane bending / C-C out-of-plane bending / ring-site C-H out-of-plane bending,delta(H23-C8-H24),angle,0.0348032827068034,-,-0.016670973926178657,0.21662008978042366
42,1312.2428666705512,,,mixed ring-site C-H in-plane bending / C-C out-of-plane bending / ring-site C-H out-of-plane bending,delta(C4-C9-C8),angle,0.032421001147442494,-,-0.008602912233830166,0.7577673759020244
42,1312.2428666705512,,,mixed ring-site C-H in-plane bending / C-C out-of-plane bending / ring-site C-H out-of-plane bending,nu(C2-C3),bond,0.026101948470342223,-,-0.012960135096539288,0.2688155190040503
42,1312.2428666705512,,,mixed ring-site C-H in-plane bending / C-C out-of-plane bending / ring-site C-H out-of-plane bending,delta(H21-C7-H22),angle,0.02582776435930955,-,-0.012730830606965195,0.2756600324984054
42,1312.2428666705512,,,mixed ring-site C-H in-plane bending / C-C out-of-plane bending / ring-site C-H out-of-plane bending,nu(C1-C2),bond,0.02580062274111649,-,-0.012884710913588908,0.26883220687743986
42,1312.2428666705512,,,mixed ring-site C-H in-plane bending / C-C out-of-plane bending / ring-site C-H out-of-plane bending,delta(C8-C7-H22),angle,0.0227575261491432,-,-0.010256625383909155,0.37421098329674723
42,1312.2428666705512,,,mixed ring-site C-H in-plane bending / C-C out-of-plane bending / ring-site C-H out-of-plane bending,tau(H21-C7-C8-C9),dihedral,0.019254938743413934,-,-0.012426198825034344,0.21570788048823702
42,1312.2428666705512,,,mixed ring-site C-H in-plane bending / C-C out-of-plane bending / ring-site C-H out-of-plane bending,delta(C2-C4-C5),angle,0.018774013714951396,-,-0.010168261126996819,0.3140973094435254
42,1312.2428666705512,,,mixed ring-site C-H in-plane bending / C-C out-of-plane bending / ring-site C-H out-of-plane bending,nu(C2-C4),bond,0.015797623475743934,+,0.009980543436591636,0.27433666012197316
42,1312.2428666705512,,,mixed ring-site C-H in-plane bending / C-C out-of-plane bending / ring-site C-H out-of-plane bending,tau(C4-C2-C3-H14),dihedral,0.009788536605929732,-,-0.007792504965094365,0.27884576993327614
42,1312.2428666705512,,,mixed ring-site C-H in-plane bending / C-C out-of-plane bending / ring-site C-H out-of-plane bending,nu(C2-H13),bond,0.004303239226179649,-,-0.004722820297311906,0.3337283603614742
42,1312.2428666705512,,,mixed ring-site C-H in-plane bending / C-C out-of-plane bending / ring-site C-H out-of-plane bending,nu(C1-H12),bond,0.004257502908390957,-,-0.004721687406647591,0.3303398418047025
42,1312.2428666705512,,,mixed ring-site C-H in-plane bending / C-C out-of-plane bending / ring-site C-H out-of-plane bending,nu(C3-H15),bond,0.004209794642468833,-,-0.004695288441647922,0.33032148604472367
42,1312.2428666705512,,,mixed ring-site C-H in-plane bending / C-C out-of-plane bending / ring-site C-H out-of-plane bending,nu(C7-H22),bond,0.0028358471083491116,+,0.0038257142166840427,0.3351646674336103
42,1312.2428666705512,,,mixed ring-site C-H in-plane bending / C-C out-of-plane bending / ring-site C-H out-of-plane bending,delta(C2-C3-H16),angle,0.0016067385110668207,-,-0.003007126928209264,0.3073563220041683
42,1312.2428666705512,,,mixed ring-site C-H in-plane bending / C-C out-of-plane bending / ring-site C-H out-of-plane bending,nu(C3-H14),bond,0.0014646264816782213,+,0.0027595510295564535,0.3326982298069487
42,1312.2428666705512,,,mixed ring-site C-H in-plane bending / C-C out-of-plane bending / ring-site C-H out-of-plane bending,nu(C1-H10),bond,0.0014612059924100774,+,0.0027563135139154118,0.33270144145954433
42,1312.2428666705512,,,mixed ring-site C-H in-plane bending / C-C out-of-plane bending / ring-site C-H out-of-plane bending,delta(H14-C3-H15),angle,0.0013753368292750742,+,0.0025355182788064485,0.3700633261945618
42,1312.2428666705512,,,mixed ring-site C-H in-plane bending / C-C out-of-plane bending / ring-site C-H out-of-plane bending,"gamma(C9;C4,C2,C5)",oop,0.001350651172630264,+,0.0013408755627559216,1.2994713680163765
42,1312.2428666705512,,,mixed ring-site C-H in-plane bending / C-C out-of-plane bending / ring-site C-H out-of-plane bending,delta(H10-C1-H12),angle,0.0011476623674021274,+,0.002760609011453816,0.2604982470330432
42,1312.2428666705512,,,mixed ring-site C-H in-plane bending / C-C out-of-plane bending / ring-site C-H out-of-plane bending,nu(C7-H21),bond,0.001093365492752406,+,0.0023840374148917176,0.3327665744893832
42,1312.2428666705512,,,mixed ring-site C-H in-plane bending / C-C out-of-plane bending / ring-site C-H out-of-plane bending,nu(C1-H11),bond,0.0010609900301050466,-,-0.002338324881093555,0.33566191504728254
42,1312.2428666705512,,,mixed ring-site C-H in-plane bending / C-C out-of-plane bending / ring-site C-H out-of-plane bending,nu(C3-H16),bond,0.0010593469202006627,-,-0.0023365761619817027,0.3356439255063405
42,1312.2428666705512,,,mixed ring-site C-H in-plane bending / C-C out-of-plane bending / ring-site C-H out-of-plane bending,nu(C4-H17),bond,0.0009066565053166724,-,-0.002156474707547773,0.3372519822787753
42,1312.2428666705512,,,mixed ring-site C-H in-plane bending / C-C out-of-plane bending / ring-site C-H out-of-plane bending,nu(C8-H24),bond,0.0002448937138846919,+,0.001135070659329526,0.3288003785530708
42,1312.2428666705512,,,mixed ring-site C-H in-plane bending / C-C out-of-plane bending / ring-site C-H out-of-plane bending,nu(C6-H20),bond,0.00024094458837330222,+,0.00112596901218105,0.3287492466493157
42,1312.2428666705512,,,mixed ring-site C-H in-plane bending / C-C out-of-plane bending / ring-site C-H out-of-plane bending,nu(C9-H25),bond,7.888376360031487e-05,+,0.0006252717918112604,0.34902008220261893
42,1312.2428666705512,,,mixed ring-site C-H in-plane bending / C-C out-of-plane bending / ring-site C-H out-of-plane bending,nu(C5-H18),bond,6.508996859916532e-05,+,0.0005679710084509437,0.34902954612114734
42,1312.2428666705512,,,mixed ring-site C-H in-plane bending / C-C out-of-plane bending / ring-site C-H out-of-plane bending,nu(C6-H19),bond,1.9824441851635164e-05,-,-0.00032322247922919535,0.32824515254734715
42,1312.2428666705512,,,mixed ring-site C-H in-plane bending / C-C out-of-plane bending / ring-site C-H out-of-plane bending,nu(C8-H23),bond,1.4492801537745115e-05,-,-0.0002763661509044771,0.3282336573619821
42,1312.2428666705512,,,mixed ring-site C-H in-plane bending / C-C out-of-plane bending / ring-site C-H out-of-plane bending,tau(C3-C2-C4-C5),dihedral,7.256275224408985e-07,-,-0.0002286729753677874,0.024004050308062942
43,1315.6712835547257,,,mixed ring-site C-H in-plane bending / C-C out-of-plane bending,delta(C8-C7-H22),angle,29.432238593087096,-,-0.3435430698620245,0.37421098329674723
43,1315.6712835547257,,,mixed ring-site C-H in-plane bending / C-C out-of-plane bending,"gamma(C6;C7,H21,H22)",oop,22.332583443506717,+,0.372845420377787,0.24106655312168962
43,1315.6712835547257,,,mixed ring-site C-H in-plane bending / C-C out-of-plane bending,delta(C7-C8-H23),angle,10.866481841395874,-,-0.13367410473570357,0.9125360055785439
43,1315.6712835547257,,,mixed ring-site C-H in-plane bending / C-C out-of-plane bending,delta(C7-C6-H19),angle,6.715959365597835,+,0.13194494061480253,0.578866203893712
43,1315.6712835547257,,,mixed ring-site C-H in-plane bending / C-C out-of-plane bending,"gamma(C5;C9,C4,H25)",oop,6.235518616404094,-,-0.061581456784614595,2.4673359249773874
43,1315.6712835547257,,,mixed ring-site C-H in-plane bending / C-C out-of-plane bending,delta(C6-C5-H18),angle,4.055260040768043,-,-0.15097889739990022,0.26695731673582873
43,1315.6712835547257,,,mixed ring-site C-H in-plane bending / C-C out-of-plane bending,tau(H23-C8-C9-C4),dihedral,3.1999896132135563,+,0.10342864341378942,0.4488720156531896
43,1315.6712835547257,,,mixed ring-site C-H in-plane bending / C-C out-of-plane bending,delta(C4-C9-H25),angle,2.8450662120947676,-,-0.13910225006705462,0.22063768235437067
43,1315.6712835547257,,,mixed ring-site C-H in-plane bending / C-C out-of-plane bending,tau(C2-C4-C5-H18),dihedral,2.667128993809511,+,0.10574844187535645,0.35789174837591814
43,1315.6712835547257,,,mixed ring-site C-H in-plane bending / C-C out-of-plane bending,"gamma(H19;C6,C5,H20)",oop,1.8365028256640235,+,0.07360412887812606,0.5086778952751276
43,1315.6712835547257,,,mixed ring-site C-H in-plane bending / C-C out-of-plane bending,tau(H17-C4-C9-C8),dihedral,1.1715123716328613,-,-0.061260241253526034,0.4684304222796268
43,1315.6712835547257,,,mixed ring-site C-H in-plane bending / C-C out-of-plane bending,tau(C9-C5-C6-H20),dihedral,1.1622864275920965,+,0.05907738029027815,0.49971953559980403
43,1315.6712835547257,,,mixed ring-site C-H in-plane bending / C-C out-of-plane bending,nu(C8-C9),bond,1.0432148328351074,-,-0.07073687542996158,0.3128510577221663
43,1315.6712835547257,,,mixed ring-site C-H in-plane bending / C-C out-of-plane bending,nu(C7-C8),bond,1.02466727975245,+,0.07322904324596803,0.28672909715516987
43,1315.6712835547257,,,mixed ring-site C-H in-plane bending / C-C out-of-plane bending,nu(C6-C7),bond,1.0231881760569694,-,-0.07233173247501834,0.2934630298225203
43,1315.6712835547257,,,mixed ring-site C-H in-plane bending / C-C out-of-plane bending,delta(C9-C8-H23),angle,1.0194455182658861,+,0.06277855231530602,0.3881477265434133
43,1315.6712835547257,,,mixed ring-site C-H in-plane bending / C-C out-of-plane bending,nu(C5-C6),bond,0.9526153089690952,+,0.06940755066932677,0.29672882571093184
43,1315.6712835547257,,,mixed ring-site C-H in-plane bending / C-C out-of-plane bending,delta(C9-C4-H17),angle,0.551461431711923,+,0.05947599600073696,0.23393075140123543
43,1315.6712835547257,,,mixed ring-site C-H in-plane bending / C-C out-of-plane bending,tau(H17-C4-C9-H25),dihedral,0.3933387444313697,+,0.03145133109587783,0.5966838523581202
43,1315.6712835547257,,,mixed ring-site C-H in-plane bending / C-C out-of-plane bending,"gamma(C7;C8,H23,H24)",oop,0.34546127092040857,-,-0.041522626580836004,0.300666713145669
43,1315.6712835547257,,,mixed ring-site C-H in-plane bending / C-C out-of-plane bending,"gamma(C9;C4,C2,C5)",oop,0.2259255466458401,-,-0.016152030384695256,1.2994713680163765
43,1315.6712835547257,,,mixed ring-site C-H in-plane bending / C-C out-of-plane bending,nu(C4-C5),bond,0.11307656111998211,-,-0.017609346025567022,0.5471945412726401
43,1315.6712835547257,,,mixed ring-site C-H in-plane bending / C-C out-of-plane bending,"gamma(C4;C5,C6,H18)",oop,0.10135777333535977,+,0.019997320516936732,0.38033742786902636
43,1315.6712835547257,,,mixed ring-site C-H in-plane bending / C-C out-of-plane bending,nu(C4-C9),bond,0.0991259315115767,+,0.018905692348083338,0.41615750179357514
43,1315.6712835547257,,,mixed ring-site C-H in-plane bending / C-C out-of-plane bending,delta(C3-C2-H13),angle,0.08299578331707647,+,0.022767616383472442,0.24025725817088736
43,1315.6712835547257,,,mixed ring-site C-H in-plane bending / C-C out-of-plane bending,tau(H21-C7-C8-C9),dihedral,0.06333310764213974,-,-0.020989891952288824,0.21570788048823702
43,1315.6712835547257,,,mixed ring-site C-H in-plane bending / C-C out-of-plane bending,delta(C2-C4-C5),angle,0.062056239412284366,+,0.017218226968118765,0.3140973094435254
43,1315.6712835547257,,,mixed ring-site C-H in-plane bending / C-C out-of-plane bending,delta(C4-C9-C8),angle,0.052381753879803906,+,0.010184738330787303,0.7577673759020244
43,1315.6712835547257,,,mixed ring-site C-H in-plane bending / C-C out-of-plane bending,delta(H23-C8-H24),angle,0.0523346356925938,+,0.019040267536450276,0.21662008978042366
43,1315.6712835547257,,,mixed ring-site C-H in-plane bending / C-C out-of-plane bending,nu(C2-C3),bond,0.04166949637443186,-,-0.015251401932765515,0.2688155190040503
43,1315.6712835547257,,,mixed ring-site C-H in-plane bending / C-C out-of-plane bending,nu(C1-C2),bond,0.040761997151951175,+,0.015083943187932155,0.26883220687743986
43,1315.6712835547257,,,mixed ring-site C-H in-plane bending / C-C out-of-plane bending,"gamma(C4;C2,C3,H13)",oop,0.03742087855816225,+,0.01269033186496072,0.348677272053292
43,1315.6712835547257,,,mixed ring-site C-H in-plane bending / C-C out-of-plane bending,delta(H14-C3-H15),angle,0.03189030124126901,+,0.011371535102465696,0.3700633261945618
43,1315.6712835547257,,,mixed ring-site C-H in-plane bending / C-C out-of-plane bending,delta(H10-C1-H12),angle,0.022468812850087255,-,-0.011376678108507997,0.2604982470330432
43,1315.6712835547257,,,mixed ring-site C-H in-plane bending / C-C out-of-plane bending,delta(C2-C3-H16),angle,0.015119707817382245,-,-0.008591686732777363,0.3073563220041683
43,1315.6712835547257,,,mixed ring-site C-H in-plane bending / C-C out-of-plane bending,tau(H20-C6-C7-C8),dihedral,0.014371684916352118,-,-0.009298703529817012,0.24941266534876505
43,1315.6712835547257,,,mixed ring-site C-H in-plane bending / C-C out-of-plane bending,tau(H12-C1-C2-C3),dihedral,0.012858589089071582,+,0.010383644467493921,0.1789572584353189
43,1315.6712835547257,,,mixed ring-site C-H in-plane bending / C-C out-of-plane bending,delta(C2-C3-H15),angle,0.00955908108414197,+,0.0057917372711771085,0.4276161102640135
43,1315.6712835547257,,,mixed ring-site C-H in-plane bending / C-C out-of-plane bending,delta(H15-C3-H16),angle,0.009063377606910766,-,-0.006009522474227644,0.3765873833684418
43,1315.6712835547257,,,mixed ring-site C-H in-plane bending / C-C out-of-plane bending,tau(C4-C2-C3-H14),dihedral,0.008987052803920306,-,-0.006954316079662895,0.27884576993327614
43,1315.6712835547257,,,mixed ring-site C-H in-plane bending / C-C out-of-plane bending,delta(C2-C1-H12),angle,0.005056699039331819,-,-0.004979792277464088,0.3059850941292659
43,1315.6712835547257,,,mixed ring-site C-H in-plane bending / C-C out-of-plane bending,nu(C5-H18),bond,0.005032405168698625,+,0.004651408831220449,0.34902954612114734
43,1315.6712835547257,,,mixed ring-site C-H in-plane bending / C-C out-of-plane bending,nu(C9-H25),bond,0.004998776907687568,-,-0.004635904476590801,0.34902008220261893
43,1315.6712835547257,,,mixed ring-site C-H in-plane bending / C-C out-of-plane bending,delta(C3-C2-C4),angle,0.002908939101538148,+,0.002891789662922642,0.5219835858024717
43,1315.6712835547257,,,mixed ring-site C-H in-plane bending / C-C out-of-plane bending,tau(C3-C2-C4-C5),dihedral,0.0025501258945878507,-,-0.012626016598726985,0.024004050308062942
43,1315.6712835547257,,,mixed ring-site C-H in-plane bending / C-C out-of-plane bending,"gamma(H11;C1,H10,H12)",oop,0.0020791780630084423,+,0.0037910779422731986,0.21708103153869004
43,1315.6712835547257,,,mixed ring-site C-H in-plane bending / C-C out-of-plane bending,delta(H14-C3-H16),angle,0.0020252064606748207,-,-0.0028719661845452342,0.36843958035172164
43,1315.6712835547257,,,mixed ring-site C-H in-plane bending / C-C out-of-plane bending,nu(C8-H23),bond,0.0013634098662375852,-,-0.002496602894709293,0.3282336573619821
43,1315.6712835547257,,,mixed ring-site C-H in-plane bending / C-C out-of-plane bending,nu(C6-H19),bond,0.0013471965556439915,+,0.002481670571730796,0.32824515254734715
43,1315.6712835547257,,,mixed ring-site C-H in-plane bending / C-C out-of-plane bending,delta(C2-C1-H10),angle,0.0005620867807773339,-,-0.0014956792500491593,0.3770353350204659
43,1315.6712835547257,,,mixed ring-site C-H in-plane bending / C-C out-of-plane bending,tau(H19-C6-C7-C8),dihedral,0.0003233523562904823,+,0.0016295578120011174,0.18272253164280974
43,1315.6712835547257,,,mixed ring-site C-H in-plane bending / C-C out-of-plane bending,nu(C8-H24),bond,0.00022623796437619238,-,-0.0010161185908813277,0.3288003785530708
43,1315.6712835547257,,,mixed ring-site C-H in-plane bending / C-C out-of-plane bending,nu(C6-H20),bond,0.00022445590631716992,+,0.0010121874431031047,0.3287492466493157
43,1315.6712835547257,,,mixed ring-site C-H in-plane bending / C-C out-of-plane bending,nu(C3-H15),bond,0.00011377929434177397,-,-0.0007189372988405015,0.33032148604472367
43,1315.6712835547257,,,mixed ring-site C-H in-plane bending / C-C out-of-plane bending,nu(C1-H12),bond,9.742600039704741e-05,+,0.0006652498238292912,0.3303398418047025
43,1315.6712835547257,,,mixed ring-site C-H in-plane bending / C-C out-of-plane bending,delta(C6-C7-C8),angle,8.73628037238227e-05,-,-0.0003596890523214445,1.013275969219078
43,1315.6712835547257,,,mixed ring-site C-H in-plane bending / C-C out-of-plane bending,nu(C1-H11),bond,7.556240800595443e-05,-,-0.0005812054394978444,0.33566191504728254
43,1315.6712835547257,,,mixed ring-site C-H in-plane bending / C-C out-of-plane bending,nu(C3-H16),bond,6.882876901744948e-05,+,0.0005547194769545305,0.3356439255063405
43,1315.6712835547257,,,mixed ring-site C-H in-plane bending / C-C out-of-plane bending,nu(C1-H10),bond,6.250623379532841e-05,+,0.0005309604029786085,0.33270144145954433
43,1315.6712835547257,,,mixed ring-site C-H in-plane bending / C-C out-of-plane bending,nu(C3-H14),bond,5.4684396258789663e-05,-,-0.0004966315148991112,0.3326982298069487
43,1315.6712835547257,,,mixed ring-site C-H in-plane bending / C-C out-of-plane bending,delta(H21-C7-H22),angle,4.3491017510687007e-05,+,0.0004865648056499236,0.2756600324984054
43,1315.6712835547257,,,mixed ring-site C-H in-plane bending / C-C out-of-plane bending,tau(H11-C1-C2-C3),dihedral,1.514132355762671e-05,-,-0.0003637181134368911,0.17174717389126995
43,1315.6712835547257,,,mixed ring-site C-H in-plane bending / C-C out-of-plane bending,delta(C1-C2-C3),angle,1.8398106732748734e-06,+,8.811286691658247e-05,0.3555904501026593
43,1315.6712835547257,,,mixed ring-site C-H in-plane bending / C-C out-of-plane bending,tau(C1-C2-C3-H16),dihedral,1.3657742718170544e-06,-,-8.641062433252965e-05,0.2744733988296527
43,1315.6712835547257,,,mixed ring-site C-H in-plane bending / C-C out-of-plane bending,nu(C2-C4),bond,3.4007037136427406e-07,+,4.3129088898664255e-05,0.27433666012197316
43,1315.6712835547257,,,mixed ring-site C-H in-plane bending / C-C out-of-plane bending,nu(C2-H13),bond,2.709720695696889e-07,-,-3.4905472100469874e-05,0.3337283603614742
43,1315.6712835547257,,,mixed ring-site C-H in-plane bending / C-C out-of-plane bending,nu(C4-H17),bond,7.843791742654305e-08,-,-1.868157901604732e-05,0.3372519822787753
43,1315.6712835547257,,,mixed ring-site C-H in-plane bending / C-C out-of-plane bending,nu(C7-H22),bond,2.016448433640819e-08,-,-9.501501796474284e-06,0.3351646674336103
43,1315.6712835547257,,,mixed ring-site C-H in-plane bending / C-C out-of-plane bending,nu(C7-H21),bond,1.2698415740059268e-08,-,-7.567156784032949e-06,0.3327665744893832
44,1330.3357144531221,,,mixed ring-site C-H in-plane bending / ring-site C-H out-of-plane bending / C-C out-of-plane bending,"gamma(H19;C6,C5,H20)",oop,22.991508614554924,-,-0.3384470746979422,0.5086778952751276
44,1330.3357144531221,,,mixed ring-site C-H in-plane bending / ring-site C-H out-of-plane bending / C-C out-of-plane bending,delta(C7-C8-H23),angle,20.09880621601508,+,0.23625912430142415,0.9125360055785439
44,1330.3357144531221,,,mixed ring-site C-H in-plane bending / ring-site C-H out-of-plane bending / C-C out-of-plane bending,"gamma(C7;C8,H23,H24)",oop,16.75042150132455,+,0.3757497134471992,0.300666713145669
44,1330.3357144531221,,,mixed ring-site C-H in-plane bending / ring-site C-H out-of-plane bending / C-C out-of-plane bending,delta(C7-C6-H19),angle,12.656199594740633,-,-0.23539163383257697,0.578866203893712
44,1330.3357144531221,,,mixed ring-site C-H in-plane bending / ring-site C-H out-of-plane bending / C-C out-of-plane bending,delta(C9-C8-H23),angle,9.004648301272255,-,-0.24247296170254168,0.3881477265434133
44,1330.3357144531221,,,mixed ring-site C-H in-plane bending / ring-site C-H out-of-plane bending / C-C out-of-plane bending,tau(H23-C8-C9-C4),dihedral,3.4935245797805865,-,-0.1404426770947548,0.4488720156531896
44,1330.3357144531221,,,mixed ring-site C-H in-plane bending / ring-site C-H out-of-plane bending / C-C out-of-plane bending,"gamma(C6;C7,H21,H22)",oop,2.9475589702514835,+,0.1760318427258308,0.24106655312168962
44,1330.3357144531221,,,mixed ring-site C-H in-plane bending / ring-site C-H out-of-plane bending / C-C out-of-plane bending,delta(C6-C5-H18),angle,2.72404753715315,-,-0.16081068056774184,0.26695731673582873
44,1330.3357144531221,,,mixed ring-site C-H in-plane bending / ring-site C-H out-of-plane bending / C-C out-of-plane bending,tau(H19-C6-C7-C8),dihedral,1.5947844623149132,-,-0.14872480529907497,0.18272253164280974
44,1330.3357144531221,,,mixed ring-site C-H in-plane bending / ring-site C-H out-of-plane bending / C-C out-of-plane bending,tau(C9-C5-C6-H20),dihedral,1.3450106436384355,+,0.08259013191382238,0.49971953559980403
44,1330.3357144531221,,,mixed ring-site C-H in-plane bending / ring-site C-H out-of-plane bending / C-C out-of-plane bending,delta(C4-C9-H25),angle,1.2728628897933678,-,-0.12091479170034466,0.22063768235437067
44,1330.3357144531221,,,mixed ring-site C-H in-plane bending / ring-site C-H out-of-plane bending / C-C out-of-plane bending,tau(H17-C4-C9-H25),dihedral,0.8656914150375652,+,0.06063702364812952,0.5966838523581202
44,1330.3357144531221,,,mixed ring-site C-H in-plane bending / ring-site C-H out-of-plane bending / C-C out-of-plane bending,tau(H20-C6-C7-C8),dihedral,0.7358884211441649,+,0.0864719387299097,0.24941266534876505
44,1330.3357144531221,,,mixed ring-site C-H in-plane bending / ring-site C-H out-of-plane bending / C-C out-of-plane bending,tau(H21-C7-C8-C9),dihedral,0.6895828626571424,-,-0.09000957006719047,0.21570788048823702
44,1330.3357144531221,,,mixed ring-site C-H in-plane bending / ring-site C-H out-of-plane bending / C-C out-of-plane bending,tau(C2-C4-C5-H18),dihedral,0.47041802085496187,+,0.05771578349629457,0.35789174837591814
44,1330.3357144531221,,,mixed ring-site C-H in-plane bending / ring-site C-H out-of-plane bending / C-C out-of-plane bending,nu(C4-C5),bond,0.3770877282948627,-,-0.041790617134444374,0.5471945412726401
44,1330.3357144531221,,,mixed ring-site C-H in-plane bending / ring-site C-H out-of-plane bending / C-C out-of-plane bending,nu(C4-C9),bond,0.27963333215531166,+,0.041266160986794004,0.41615750179357514
44,1330.3357144531221,,,mixed ring-site C-H in-plane bending / ring-site C-H out-of-plane bending / C-C out-of-plane bending,nu(C8-C9),bond,0.27627070394955777,+,0.04730718065920072,0.3128510577221663
44,1330.3357144531221,,,mixed ring-site C-H in-plane bending / ring-site C-H out-of-plane bending / C-C out-of-plane bending,nu(C5-C6),bond,0.2594329567382967,-,-0.047071839124500005,0.29672882571093184
44,1330.3357144531221,,,mixed ring-site C-H in-plane bending / ring-site C-H out-of-plane bending / C-C out-of-plane bending,delta(C3-C2-H13),angle,0.2107255163662467,-,-0.047146425143935,0.24025725817088736
44,1330.3357144531221,,,mixed ring-site C-H in-plane bending / ring-site C-H out-of-plane bending / C-C out-of-plane bending,nu(C6-C7),bond,0.15993824552231997,+,0.03716446868371272,0.2934630298225203
44,1330.3357144531221,,,mixed ring-site C-H in-plane bending / ring-site C-H out-of-plane bending / C-C out-of-plane bending,nu(C7-C8),bond,0.15766859287906357,-,-0.03733061763119693,0.28672909715516987
44,1330.3357144531221,,,mixed ring-site C-H in-plane bending / ring-site C-H out-of-plane bending / C-C out-of-plane bending,delta(C4-C9-C8),angle,0.15177091911557664,-,-0.022529668071008497,0.7577673759020244
44,1330.3357144531221,,,mixed ring-site C-H in-plane bending / ring-site C-H out-of-plane bending / C-C out-of-plane bending,"gamma(C5;C9,C4,H25)",oop,0.10668352300347113,-,-0.010467982704904332,2.4673359249773874
44,1330.3357144531221,,,mixed ring-site C-H in-plane bending / ring-site C-H out-of-plane bending / C-C out-of-plane bending,tau(H17-C4-C9-C8),dihedral,0.09563992101830031,-,-0.02274707298926832,0.4684304222796268
44,1330.3357144531221,,,mixed ring-site C-H in-plane bending / ring-site C-H out-of-plane bending / C-C out-of-plane bending,"gamma(C4;C2,C3,H13)",oop,0.08491898061831589,-,-0.024843857491410198,0.348677272053292
44,1330.3357144531221,,,mixed ring-site C-H in-plane bending / ring-site C-H out-of-plane bending / C-C out-of-plane bending,delta(C8-C7-H22),angle,0.05334669119762035,-,-0.019007453725575982,0.37421098329674723
44,1330.3357144531221,,,mixed ring-site C-H in-plane bending / ring-site C-H out-of-plane bending / C-C out-of-plane bending,delta(C2-C3-H15),angle,0.021437359382038945,-,-0.011271639181378563,0.4276161102640135
44,1330.3357144531221,,,mixed ring-site C-H in-plane bending / ring-site C-H out-of-plane bending / C-C out-of-plane bending,delta(H23-C8-H24),angle,0.019027746273555517,-,-0.014920135701820615,0.21662008978042366
44,1330.3357144531221,,,mixed ring-site C-H in-plane bending / ring-site C-H out-of-plane bending / C-C out-of-plane bending,delta(C2-C3-H16),angle,0.013868510833102393,+,0.0106935598106399,0.3073563220041683
44,1330.3357144531221,,,mixed ring-site C-H in-plane bending / ring-site C-H out-of-plane bending / C-C out-of-plane bending,delta(C2-C1-H12),angle,0.013853538121323795,+,0.01071170687712137,0.3059850941292659
44,1330.3357144531221,,,mixed ring-site C-H in-plane bending / ring-site C-H out-of-plane bending / C-C out-of-plane bending,nu(C2-C3),bond,0.012854646357851437,+,0.011008581476191303,0.2688155190040503
44,1330.3357144531221,,,mixed ring-site C-H in-plane bending / ring-site C-H out-of-plane bending / C-C out-of-plane bending,nu(C1-C2),bond,0.012723476001866307,-,-0.010951931075402977,0.26883220687743986
44,1330.3357144531221,,,mixed ring-site C-H in-plane bending / ring-site C-H out-of-plane bending / C-C out-of-plane bending,delta(H14-C3-H15),angle,0.008402880959923448,-,-0.007585855131101509,0.3700633261945618
44,1330.3357144531221,,,mixed ring-site C-H in-plane bending / ring-site C-H out-of-plane bending / C-C out-of-plane bending,tau(C1-C2-C3-H16),dihedral,0.007033175369981383,-,-0.008058497141841512,0.2744733988296527
44,1330.3357144531221,,,mixed ring-site C-H in-plane bending / ring-site C-H out-of-plane bending / C-C out-of-plane bending,delta(H10-C1-H12),angle,0.005719564204574892,+,0.0074594624179623965,0.2604982470330432
44,1330.3357144531221,,,mixed ring-site C-H in-plane bending / ring-site C-H out-of-plane bending / C-C out-of-plane bending,tau(C4-C2-C3-H14),dihedral,0.00530450102596134,+,0.0069433443069553515,0.27884576993327614
44,1330.3357144531221,,,mixed ring-site C-H in-plane bending / ring-site C-H out-of-plane bending / C-C out-of-plane bending,"gamma(C4;C5,C6,H18)",oop,0.0052642002787002306,+,0.005922569045196029,0.38033742786902636
44,1330.3357144531221,,,mixed ring-site C-H in-plane bending / ring-site C-H out-of-plane bending / C-C out-of-plane bending,tau(H11-C1-C2-C3),dihedral,0.004173878738788357,-,-0.007847902107726894,0.17174717389126995
44,1330.3357144531221,,,mixed ring-site C-H in-plane bending / ring-site C-H out-of-plane bending / C-C out-of-plane bending,delta(H14-C3-H16),angle,0.0033445816047869004,+,0.004796409141029736,0.36843958035172164
44,1330.3357144531221,,,mixed ring-site C-H in-plane bending / ring-site C-H out-of-plane bending / C-C out-of-plane bending,delta(C2-C1-H10),angle,0.003190316533110408,-,-0.004630781862987754,0.3770353350204659
44,1330.3357144531221,,,mixed ring-site C-H in-plane bending / ring-site C-H out-of-plane bending / C-C out-of-plane bending,delta(C3-C2-C4),angle,0.002058778184195831,-,-0.003161584681269287,0.5219835858024717
44,1330.3357144531221,,,mixed ring-site C-H in-plane bending / ring-site C-H out-of-plane bending / C-C out-of-plane bending,nu(C6-H19),bond,0.0017723802615579344,-,-0.003699199509703948,0.32824515254734715
44,1330.3357144531221,,,mixed ring-site C-H in-plane bending / ring-site C-H out-of-plane bending / C-C out-of-plane bending,nu(C8-H23),bond,0.0017718430038512645,+,0.003698703567220961,0.3282336573619821
44,1330.3357144531221,,,mixed ring-site C-H in-plane bending / ring-site C-H out-of-plane bending / C-C out-of-plane bending,tau(H12-C1-C2-C3),dihedral,0.0017537822002265308,-,-0.004983582281711336,0.1789572584353189
44,1330.3357144531221,,,mixed ring-site C-H in-plane bending / ring-site C-H out-of-plane bending / C-C out-of-plane bending,delta(H15-C3-H16),angle,0.00122539318100094,-,-0.0028716619234351115,0.3765873833684418
44,1330.3357144531221,,,mixed ring-site C-H in-plane bending / ring-site C-H out-of-plane bending / C-C out-of-plane bending,tau(C3-C2-C4-C5),dihedral,0.0007747665444421437,+,0.009044230629723541,0.024004050308062942
44,1330.3357144531221,,,mixed ring-site C-H in-plane bending / ring-site C-H out-of-plane bending / C-C out-of-plane bending,nu(C6-H20),bond,6.380044704233711e-05,-,-0.0007013066238266487,0.3287492466493157
44,1330.3357144531221,,,mixed ring-site C-H in-plane bending / ring-site C-H out-of-plane bending / C-C out-of-plane bending,nu(C8-H24),bond,5.8941739620101056e-05,+,0.0006740215519850676,0.3288003785530708
44,1330.3357144531221,,,mixed ring-site C-H in-plane bending / ring-site C-H out-of-plane bending / C-C out-of-plane bending,nu(C3-H15),bond,4.644164082353618e-05,+,0.000596916836818333,0.33032148604472367
44,1330.3357144531221,,,mixed ring-site C-H in-plane bending / ring-site C-H out-of-plane bending / C-C out-of-plane bending,"gamma(H11;C1,H10,H12)",oop,3.9363662930088485e-05,+,0.0006778994427544218,0.21708103153869004
44,1330.3357144531221,,,mixed ring-site C-H in-plane bending / ring-site C-H out-of-plane bending / C-C out-of-plane bending,nu(C1-H12),bond,3.767511559949257e-05,-,-0.0005376198329729271,0.3303398418047025
44,1330.3357144531221,,,mixed ring-site C-H in-plane bending / ring-site C-H out-of-plane bending / C-C out-of-plane bending,nu(C5-H18),bond,3.023404648008963e-05,-,-0.0004685387396937378,0.34902954612114734
44,1330.3357144531221,,,mixed ring-site C-H in-plane bending / ring-site C-H out-of-plane bending / C-C out-of-plane bending,nu(C9-H25),bond,2.7512474490484843e-05,+,0.00044695940609806617,0.34902008220261893
44,1330.3357144531221,,,mixed ring-site C-H in-plane bending / ring-site C-H out-of-plane bending / C-C out-of-plane bending,delta(C9-C4-H17),angle,2.7024539287845372e-05,-,-0.0005410830813875944,0.23393075140123543
44,1330.3357144531221,,,mixed ring-site C-H in-plane bending / ring-site C-H out-of-plane bending / C-C out-of-plane bending,nu(C1-H10),bond,1.130200887240704e-05,-,-0.00029341272429990234,0.33270144145954433
44,1330.3357144531221,,,mixed ring-site C-H in-plane bending / ring-site C-H out-of-plane bending / C-C out-of-plane bending,nu(C3-H14),bond,9.863268908845361e-06,+,0.0002741029154624196,0.3326982298069487
44,1330.3357144531221,,,mixed ring-site C-H in-plane bending / ring-site C-H out-of-plane bending / C-C out-of-plane bending,delta(C2-C4-C5),angle,6.401298549893096e-06,-,-0.0002272638691848499,0.3140973094435254
44,1330.3357144531221,,,mixed ring-site C-H in-plane bending / ring-site C-H out-of-plane bending / C-C out-of-plane bending,"gamma(C9;C4,C2,C5)",oop,5.74754715868254e-06,+,0.00010587328228711131,1.2994713680163765
44,1330.3357144531221,,,mixed ring-site C-H in-plane bending / ring-site C-H out-of-plane bending / C-C out-of-plane bending,delta(H21-C7-H22),angle,4.924966324624751e-06,+,0.00021278607031996377,0.2756600324984054
44,1330.3357144531221,,,mixed ring-site C-H in-plane bending / ring-site C-H out-of-plane bending / C-C out-of-plane bending,delta(C6-C7-C8),angle,1.4701220832513906e-06,+,6.0637500637502695e-05,1.013275969219078
44,1330.3357144531221,,,mixed ring-site C-H in-plane bending / ring-site C-H out-of-plane bending / C-C out-of-plane bending,delta(C1-C2-C3),angle,1.1381468961513824e-06,-,-9.006427924014435e-05,0.3555904501026593
44,1330.3357144531221,,,mixed ring-site C-H in-plane bending / ring-site C-H out-of-plane bending / C-C out-of-plane bending,nu(C1-H11),bond,8.816442213888467e-07,+,8.158759130599729e-05,0.33566191504728254
44,1330.3357144531221,,,mixed ring-site C-H in-plane bending / ring-site C-H out-of-plane bending / C-C out-of-plane bending,nu(C2-C4),bond,3.2139132695573987e-07,-,-5.44883448537872e-05,0.27433666012197316
44,1330.3357144531221,,,mixed ring-site C-H in-plane bending / ring-site C-H out-of-plane bending / C-C out-of-plane bending,nu(C2-H13),bond,2.5883634378443666e-07,+,4.433477757437546e-05,0.3337283603614742
44,1330.3357144531221,,,mixed ring-site C-H in-plane bending / ring-site C-H out-of-plane bending / C-C out-of-plane bending,nu(C3-H16),bond,1.7284846220205753e-07,-,-3.612616217882101e-05,0.3356439255063405
44,1330.3357144531221,,,mixed ring-site C-H in-plane bending / ring-site C-H out-of-plane bending / C-C out-of-plane bending,nu(C4-H17),bond,4.425301241280069e-08,+,1.8235707912109277e-05,0.3372519822787753
44,1330.3357144531221,,,mixed ring-site C-H in-plane bending / ring-site C-H out-of-plane bending / C-C out-of-plane bending,nu(C7-H22),bond,9.915391983803574e-09,-,-8.658731886303569e-06,0.3351646674336103
44,1330.3357144531221,,,mixed ring-site C-H in-plane bending / ring-site C-H out-of-plane bending / C-C out-of-plane bending,nu(C7-H21),bond,9.633184013280138e-09,-,-8.565319020396168e-06,0.3327665744893832
45,1337.4190325444683,,,mixed ring-site C-H in-plane bending / ring-site C-H out-of-plane bending / C-C out-of-plane bending,delta(C7-C8-H23),angle,11.560081450985125,-,-0.1440632605066862,0.9125360055785439
45,1337.4190325444683,,,mixed ring-site C-H in-plane bending / ring-site C-H out-of-plane bending / C-C out-of-plane bending,"gamma(C4;C2,C3,H13)",oop,10.433949270696305,+,0.22141668175702825,0.348677272053292
45,1337.4190325444683,,,mixed ring-site C-H in-plane bending / ring-site C-H out-of-plane bending / C-C out-of-plane bending,"gamma(H19;C6,C5,H20)",oop,10.374166227315294,-,-0.1827902242773765,0.5086778952751276
45,1337.4190325444683,,,mixed ring-site C-H in-plane bending / ring-site C-H out-of-plane bending / C-C out-of-plane bending,"gamma(C7;C8,H23,H24)",oop,9.892560083009085,-,-0.23217180118505376,0.300666713145669
45,1337.4190325444683,,,mixed ring-site C-H in-plane bending / ring-site C-H out-of-plane bending / C-C out-of-plane bending,delta(C7-C6-H19),angle,7.242036545332006,-,-0.14316572468099328,0.578866203893712
45,1337.4190325444683,,,mixed ring-site C-H in-plane bending / ring-site C-H out-of-plane bending / C-C out-of-plane bending,delta(C9-C4-H17),angle,5.8604912426078695,+,0.20259146736904007,0.23393075140123543
45,1337.4190325444683,,,mixed ring-site C-H in-plane bending / ring-site C-H out-of-plane bending / C-C out-of-plane bending,tau(H17-C4-C9-H25),dihedral,5.015213593369256,+,0.11734656241622099,0.5966838523581202
45,1337.4190325444683,,,mixed ring-site C-H in-plane bending / ring-site C-H out-of-plane bending / C-C out-of-plane bending,tau(H17-C4-C9-C8),dihedral,4.760064501661076,+,0.1290273179508458,0.4684304222796268
45,1337.4190325444683,,,mixed ring-site C-H in-plane bending / ring-site C-H out-of-plane bending / C-C out-of-plane bending,delta(C9-C8-H23),angle,3.7289960664140738,+,0.12545709772845226,0.3881477265434133
45,1337.4190325444683,,,mixed ring-site C-H in-plane bending / ring-site C-H out-of-plane bending / C-C out-of-plane bending,delta(C3-C2-H13),angle,3.5125909050163555,-,-0.1547652042676046,0.24025725817088736
45,1337.4190325444683,,,mixed ring-site C-H in-plane bending / ring-site C-H out-of-plane bending / C-C out-of-plane bending,nu(C8-C9),bond,3.0161001003726633,-,-0.12567585804346115,0.3128510577221663
45,1337.4190325444683,,,mixed ring-site C-H in-plane bending / ring-site C-H out-of-plane bending / C-C out-of-plane bending,nu(C5-C6),bond,2.8750998439687048,-,-0.12599241308548878,0.29672882571093184
45,1337.4190325444683,,,mixed ring-site C-H in-plane bending / ring-site C-H out-of-plane bending / C-C out-of-plane bending,delta(C4-C9-H25),angle,2.707033248101744,-,-0.14177666255479446,0.22063768235437067
45,1337.4190325444683,,,mixed ring-site C-H in-plane bending / ring-site C-H out-of-plane bending / C-C out-of-plane bending,tau(H23-C8-C9-C4),dihedral,1.7569154322465526,+,0.08007776820819396,0.4488720156531896
45,1337.4190325444683,,,mixed ring-site C-H in-plane bending / ring-site C-H out-of-plane bending / C-C out-of-plane bending,delta(C6-C7-C8),angle,1.6003775345257263,-,-0.05086805695757704,1.013275969219078
45,1337.4190325444683,,,mixed ring-site C-H in-plane bending / ring-site C-H out-of-plane bending / C-C out-of-plane bending,delta(C2-C1-H10),angle,1.4993219039515011,+,0.08071499301020153,0.3770353350204659
45,1337.4190325444683,,,mixed ring-site C-H in-plane bending / ring-site C-H out-of-plane bending / C-C out-of-plane bending,delta(C6-C5-H18),angle,1.3279888788344587,+,0.09027637296548603,0.26695731673582873
45,1337.4190325444683,,,mixed ring-site C-H in-plane bending / ring-site C-H out-of-plane bending / C-C out-of-plane bending,tau(H19-C6-C7-C8),dihedral,1.216259023996347,-,-0.10442747644850747,0.18272253164280974
45,1337.4190325444683,,,mixed ring-site C-H in-plane bending / ring-site C-H out-of-plane bending / C-C out-of-plane bending,tau(C9-C5-C6-H20),dihedral,1.0781010784486487,+,0.05945171314861742,0.49971953559980403
45,1337.4190325444683,,,mixed ring-site C-H in-plane bending / ring-site C-H out-of-plane bending / C-C out-of-plane bending,delta(H15-C3-H16),angle,0.8816215197472919,-,-0.06193070238008966,0.3765873833684418
45,1337.4190325444683,,,mixed ring-site C-H in-plane bending / ring-site C-H out-of-plane bending / C-C out-of-plane bending,tau(H12-C1-C2-C3),dihedral,0.8545056572748078,-,-0.08844649140529418,0.1789572584353189
45,1337.4190325444683,,,mixed ring-site C-H in-plane bending / ring-site C-H out-of-plane bending / C-C out-of-plane bending,nu(C4-C5),bond,0.718595799332212,+,0.04638411302028934,0.5471945412726401
45,1337.4190325444683,,,mixed ring-site C-H in-plane bending / ring-site C-H out-of-plane bending / C-C out-of-plane bending,delta(C4-C9-C8),angle,0.7182182757230038,+,0.03940561150940243,0.7577673759020244
45,1337.4190325444683,,,mixed ring-site C-H in-plane bending / ring-site C-H out-of-plane bending / C-C out-of-plane bending,nu(C6-C7),bond,0.6319142964934628,+,0.05939504138415027,0.2934630298225203
45,1337.4190325444683,,,mixed ring-site C-H in-plane bending / ring-site C-H out-of-plane bending / C-C out-of-plane bending,delta(C2-C3-H15),angle,0.6318692332012941,-,-0.04920218307383923,0.4276161102640135
45,1337.4190325444683,,,mixed ring-site C-H in-plane bending / ring-site C-H out-of-plane bending / C-C out-of-plane bending,nu(C7-C8),bond,0.6249290081943975,+,0.05975541348189477,0.28672909715516987
45,1337.4190325444683,,,mixed ring-site C-H in-plane bending / ring-site C-H out-of-plane bending / C-C out-of-plane bending,delta(H21-C7-H22),angle,0.5670475557291726,+,0.05805246123802481,0.2756600324984054
45,1337.4190325444683,,,mixed ring-site C-H in-plane bending / ring-site C-H out-of-plane bending / C-C out-of-plane bending,"gamma(C9;C4,C2,C5)",oop,0.5554871938155947,-,-0.02646375489168297,1.2994713680163765
45,1337.4190325444683,,,mixed ring-site C-H in-plane bending / ring-site C-H out-of-plane bending / C-C out-of-plane bending,nu(C4-C9),bond,0.537196628537767,+,0.04598705227169636,0.41615750179357514
45,1337.4190325444683,,,mixed ring-site C-H in-plane bending / ring-site C-H out-of-plane bending / C-C out-of-plane bending,"gamma(C4;C5,C6,H18)",oop,0.5285024435411575,+,0.04771300444277293,0.38033742786902636
45,1337.4190325444683,,,mixed ring-site C-H in-plane bending / ring-site C-H out-of-plane bending / C-C out-of-plane bending,delta(C2-C1-H12),angle,0.4657860687028489,-,-0.049939122793686806,0.3059850941292659
45,1337.4190325444683,,,mixed ring-site C-H in-plane bending / ring-site C-H out-of-plane bending / C-C out-of-plane bending,delta(C2-C4-C5),angle,0.3680648554983636,-,-0.04381550934979935,0.3140973094435254
45,1337.4190325444683,,,mixed ring-site C-H in-plane bending / ring-site C-H out-of-plane bending / C-C out-of-plane bending,delta(H14-C3-H16),angle,0.2898384744423157,+,0.03589985342204537,0.36843958035172164
45,1337.4190325444683,,,mixed ring-site C-H in-plane bending / ring-site C-H out-of-plane bending / C-C out-of-plane bending,nu(C2-C4),bond,0.2649240115480995,-,-0.03977558127356197,0.27433666012197316
45,1337.4190325444683,,,mixed ring-site C-H in-plane bending / ring-site C-H out-of-plane bending / C-C out-of-plane bending,delta(C3-C2-C4),angle,0.2575770497289485,+,0.028433017759859347,0.5219835858024717
45,1337.4190325444683,,,mixed ring-site C-H in-plane bending / ring-site C-H out-of-plane bending / C-C out-of-plane bending,tau(H20-C6-C7-C8),dihedral,0.2505692003680214,+,0.040569755379005416,0.24941266534876505
45,1337.4190325444683,,,mixed ring-site C-H in-plane bending / ring-site C-H out-of-plane bending / C-C out-of-plane bending,tau(C4-C2-C3-H14),dihedral,0.2315793480635564,+,0.03688634980142234,0.27884576993327614
45,1337.4190325444683,,,mixed ring-site C-H in-plane bending / ring-site C-H out-of-plane bending / C-C out-of-plane bending,"gamma(C5;C9,C4,H25)",oop,0.22919877692962123,+,0.012336438671904305,2.4673359249773874
45,1337.4190325444683,,,mixed ring-site C-H in-plane bending / ring-site C-H out-of-plane bending / C-C out-of-plane bending,delta(C1-C2-C3),angle,0.12264562927577718,-,-0.02377107327664593,0.3555904501026593
45,1337.4190325444683,,,mixed ring-site C-H in-plane bending / ring-site C-H out-of-plane bending / C-C out-of-plane bending,delta(C8-C7-H22),angle,0.11044371109109204,-,-0.02198923030194479,0.37421098329674723
45,1337.4190325444683,,,mixed ring-site C-H in-plane bending / ring-site C-H out-of-plane bending / C-C out-of-plane bending,tau(C2-C4-C5-H18),dihedral,0.1002561319734302,-,-0.021422858886122408,0.35789174837591814
45,1337.4190325444683,,,mixed ring-site C-H in-plane bending / ring-site C-H out-of-plane bending / C-C out-of-plane bending,"gamma(H11;C1,H10,H12)",oop,0.09747123051164035,-,-0.027122210568762416,0.21708103153869004
45,1337.4190325444683,,,mixed ring-site C-H in-plane bending / ring-site C-H out-of-plane bending / C-C out-of-plane bending,"gamma(C6;C7,H21,H22)",oop,0.0968110375031638,+,0.025650259040903258,0.24106655312168962
45,1337.4190325444683,,,mixed ring-site C-H in-plane bending / ring-site C-H out-of-plane bending / C-C out-of-plane bending,tau(C1-C2-C3-H16),dihedral,0.08943092095081648,-,-0.023104231034673028,0.2744733988296527
45,1337.4190325444683,,,mixed ring-site C-H in-plane bending / ring-site C-H out-of-plane bending / C-C out-of-plane bending,nu(C1-C2),bond,0.06815806470862124,+,0.02038054408725101,0.26883220687743986
45,1337.4190325444683,,,mixed ring-site C-H in-plane bending / ring-site C-H out-of-plane bending / C-C out-of-plane bending,nu(C2-C3),bond,0.06246034485665215,+,0.019510698485268138,0.2688155190040503
45,1337.4190325444683,,,mixed ring-site C-H in-plane bending / ring-site C-H out-of-plane bending / C-C out-of-plane bending,tau(H11-C1-C2-C3),dihedral,0.059371156764481285,+,0.023798016038758397,0.17174717389126995
45,1337.4190325444683,,,mixed ring-site C-H in-plane bending / ring-site C-H out-of-plane bending / C-C out-of-plane bending,tau(H21-C7-C8-C9),dihedral,0.053921425391559585,+,0.020236969333313513,0.21570788048823702
45,1337.4190325444683,,,mixed ring-site C-H in-plane bending / ring-site C-H out-of-plane bending / C-C out-of-plane bending,tau(C3-C2-C4-C5),dihedral,0.013422144208352332,+,0.03026679835887009,0.024004050308062942
45,1337.4190325444683,,,mixed ring-site C-H in-plane bending / ring-site C-H out-of-plane bending / C-C out-of-plane bending,delta(H23-C8-H24),angle,0.011947631998300144,+,0.009505814831711487,0.21662008978042366
45,1337.4190325444683,,,mixed ring-site C-H in-plane bending / ring-site C-H out-of-plane bending / C-C out-of-plane bending,delta(H10-C1-H12),angle,0.007005649253446315,-,-0.0066377301055126365,0.2604982470330432
45,1337.4190325444683,,,mixed ring-site C-H in-plane bending / ring-site C-H out-of-plane bending / C-C out-of-plane bending,delta(H14-C3-H15),angle,0.006909534479873571,-,-0.005530751776066061,0.3700633261945618
45,1337.4190325444683,,,mixed ring-site C-H in-plane bending / ring-site C-H out-of-plane bending / C-C out-of-plane bending,nu(C1-H12),bond,0.005277011028281109,+,0.005115773641794052,0.3303398418047025
45,1337.4190325444683,,,mixed ring-site C-H in-plane bending / ring-site C-H out-of-plane bending / C-C out-of-plane bending,nu(C3-H15),bond,0.005119450009452517,+,0.005038961483444854,0.33032148604472367
45,1337.4190325444683,,,mixed ring-site C-H in-plane bending / ring-site C-H out-of-plane bending / C-C out-of-plane bending,nu(C2-H13),bond,0.004032889079958508,+,0.004449481225610163,0.3337283603614742
45,1337.4190325444683,,,mixed ring-site C-H in-plane bending / ring-site C-H out-of-plane bending / C-C out-of-plane bending,nu(C4-H17),bond,0.003814162362467045,+,0.004304474406383037,0.3372519822787753
45,1337.4190325444683,,,mixed ring-site C-H in-plane bending / ring-site C-H out-of-plane bending / C-C out-of-plane bending,nu(C5-H18),bond,0.0033560721099917448,-,-0.0039690113687076084,0.34902954612114734
45,1337.4190325444683,,,mixed ring-site C-H in-plane bending / ring-site C-H out-of-plane bending / C-C out-of-plane bending,nu(C9-H25),bond,0.0033135433178903134,-,-0.003943836620292899,0.34902008220261893
45,1337.4190325444683,,,mixed ring-site C-H in-plane bending / ring-site C-H out-of-plane bending / C-C out-of-plane bending,nu(C7-H22),bond,0.00225077536159833,-,-0.003316918179774817,0.3351646674336103
45,1337.4190325444683,,,mixed ring-site C-H in-plane bending / ring-site C-H out-of-plane bending / C-C out-of-plane bending,nu(C3-H14),bond,0.0013074877861590838,-,-0.0025374142384690535,0.3326982298069487
45,1337.4190325444683,,,mixed ring-site C-H in-plane bending / ring-site C-H out-of-plane bending / C-C out-of-plane bending,nu(C1-H11),bond,0.0012509801412402739,+,0.0024709955941261998,0.33566191504728254
45,1337.4190325444683,,,mixed ring-site C-H in-plane bending / ring-site C-H out-of-plane bending / C-C out-of-plane bending,nu(C1-H10),bond,0.0012480196078508024,-,-0.0024790264493201636,0.33270144145954433
45,1337.4190325444683,,,mixed ring-site C-H in-plane bending / ring-site C-H out-of-plane bending / C-C out-of-plane bending,nu(C3-H16),bond,0.0012302510971734253,+,0.0024505032449734033,0.3356439255063405
45,1337.4190325444683,,,mixed ring-site C-H in-plane bending / ring-site C-H out-of-plane bending / C-C out-of-plane bending,delta(C2-C3-H16),angle,0.0005866469025585259,-,-0.0017683373215802763,0.3073563220041683
45,1337.4190325444683,,,mixed ring-site C-H in-plane bending / ring-site C-H out-of-plane bending / C-C out-of-plane bending,nu(C8-H23),bond,0.0005253186390760132,-,-0.001619263947643111,0.3282336573619821
45,1337.4190325444683,,,mixed ring-site C-H in-plane bending / ring-site C-H out-of-plane bending / C-C out-of-plane bending,nu(C6-H19),bond,0.0005118787743248707,-,-0.0015983879519999048,0.32824515254734715
45,1337.4190325444683,,,mixed ring-site C-H in-plane bending / ring-site C-H out-of-plane bending / C-C out-of-plane bending,nu(C8-H24),bond,0.0005011911201589424,-,-0.001580277391152535,0.3288003785530708
45,1337.4190325444683,,,mixed ring-site C-H in-plane bending / ring-site C-H out-of-plane bending / C-C out-of-plane bending,nu(C6-H20),bond,0.0004929923583216088,-,-0.0015674204472216936,0.3287492466493157
45,1337.4190325444683,,,mixed ring-site C-H in-plane bending / ring-site C-H out-of-plane bending / C-C out-of-plane bending,nu(C7-H21),bond,0.00015438961161054365,-,-0.0008718403935179232,0.3327665744893832
46,1344.0997708647026,,,mixed C-H bending / C-C out-of-plane bending,delta(C3-C2-H13),angle,41.45874705247816,+,0.405466274780752,0.24025725817088736
46,1344.0997708647026,,,mixed C-H bending / C-C out-of-plane bending,"gamma(C4;C2,C3,H13)",oop,22.456908902838524,+,0.2477125885891627,0.348677272053292
46,1344.0997708647026,,,mixed C-H bending / C-C out-of-plane bending,nu(C1-C2),bond,3.3338107356253364,+,0.10869629238366586,0.26883220687743986
46,1344.0997708647026,,,mixed C-H bending / C-C out-of-plane bending,nu(C2-C3),bond,3.324863053387817,-,-0.10855369759793203,0.2688155190040503
46,1344.0997708647026,,,mixed C-H bending / C-C out-of-plane bending,delta(C2-C3-H15),angle,3.285885141861776,+,0.08556261885965441,0.4276161102640135
46,1344.0997708647026,,,mixed C-H bending / C-C out-of-plane bending,delta(C2-C3-H16),angle,3.1792656135397244,-,-0.09927210707207962,0.3073563220041683
46,1344.0997708647026,,,mixed C-H bending / C-C out-of-plane bending,delta(H14-C3-H15),angle,2.432232353324569,+,0.07913150313176039,0.3700633261945618
46,1344.0997708647026,,,mixed C-H bending / C-C out-of-plane bending,delta(C2-C1-H12),angle,2.3400324085998503,-,-0.08535829068269317,0.3059850941292659
46,1344.0997708647026,,,mixed C-H bending / C-C out-of-plane bending,tau(C2-C4-C5-H18),dihedral,2.109423056105818,-,-0.0749360695768774,0.35789174837591814
46,1344.0997708647026,,,mixed C-H bending / C-C out-of-plane bending,delta(H10-C1-H12),angle,1.7012869657581455,-,-0.07888079765669127,0.2604982470330432
46,1344.0997708647026,,,mixed C-H bending / C-C out-of-plane bending,delta(C3-C2-C4),angle,1.4544838125002573,+,0.05152416136437122,0.5219835858024717
46,1344.0997708647026,,,mixed C-H bending / C-C out-of-plane bending,"gamma(C7;C8,H23,H24)",oop,1.1610709510153736,+,0.06065569923644428,0.300666713145669
46,1344.0997708647026,,,mixed C-H bending / C-C out-of-plane bending,tau(C1-C2-C3-H16),dihedral,1.0543812754836548,+,0.06049696966700242,0.2744733988296527
46,1344.0997708647026,,,mixed C-H bending / C-C out-of-plane bending,"gamma(C6;C7,H21,H22)",oop,1.0362932076910185,+,0.0639967258542432,0.24106655312168962
46,1344.0997708647026,,,mixed C-H bending / C-C out-of-plane bending,"gamma(C9;C4,C2,C5)",oop,1.0010413605754134,-,-0.02709115757263367,1.2994713680163765
46,1344.0997708647026,,,mixed C-H bending / C-C out-of-plane bending,delta(C7-C8-H23),angle,0.9656412533595705,+,0.03175176047583251,0.9125360055785439
46,1344.0997708647026,,,mixed C-H bending / C-C out-of-plane bending,tau(C4-C2-C3-H14),dihedral,0.9369191367391837,-,-0.05657882620980246,0.27884576993327614
46,1344.0997708647026,,,mixed C-H bending / C-C out-of-plane bending,delta(H14-C3-H16),angle,0.8702768213577624,-,-0.047438448610650955,0.36843958035172164
46,1344.0997708647026,,,mixed C-H bending / C-C out-of-plane bending,tau(H11-C1-C2-C3),dihedral,0.6558300283222718,+,0.06031644795874885,0.17174717389126995
46,1344.0997708647026,,,mixed C-H bending / C-C out-of-plane bending,"gamma(C5;C9,C4,H25)",oop,0.596561897057192,+,0.015177439951719721,2.4673359249773874
46,1344.0997708647026,,,mixed C-H bending / C-C out-of-plane bending,"gamma(H19;C6,C5,H20)",oop,0.592981322497503,-,-0.03332606086626713,0.5086778952751276
46,1344.0997708647026,,,mixed C-H bending / C-C out-of-plane bending,delta(C7-C6-H19),angle,0.5613305713366452,-,-0.0303952107664965,0.578866203893712
46,1344.0997708647026,,,mixed C-H bending / C-C out-of-plane bending,tau(H12-C1-C2-C3),dihedral,0.5030726382529835,+,0.051751816520359865,0.1789572584353189
46,1344.0997708647026,,,mixed C-H bending / C-C out-of-plane bending,tau(H21-C7-C8-C9),dihedral,0.3376565672568815,-,-0.03861797557674754,0.21570788048823702
46,1344.0997708647026,,,mixed C-H bending / C-C out-of-plane bending,delta(C2-C1-H10),angle,0.2959049003211742,+,0.027344498376534333,0.3770353350204659
46,1344.0997708647026,,,mixed C-H bending / C-C out-of-plane bending,nu(C8-C9),bond,0.28518340957830224,+,0.02946987023598118,0.3128510577221663
46,1344.0997708647026,,,mixed C-H bending / C-C out-of-plane bending,delta(C2-C4-C5),angle,0.2836870896136327,+,0.02933408773856407,0.3140973094435254
46,1344.0997708647026,,,mixed C-H bending / C-C out-of-plane bending,delta(C6-C5-H18),angle,0.2602411412548037,+,0.030475579461248365,0.26695731673582873
46,1344.0997708647026,,,mixed C-H bending / C-C out-of-plane bending,nu(C5-C6),bond,0.2438662426485231,-,-0.02798213731051136,0.29672882571093184
46,1344.0997708647026,,,mixed C-H bending / C-C out-of-plane bending,delta(C9-C8-H23),angle,0.22650818990105312,-,-0.023579160585122813,0.3881477265434133
46,1344.0997708647026,,,mixed C-H bending / C-C out-of-plane bending,tau(H20-C6-C7-C8),dihedral,0.19809743849024197,+,0.02750838456107805,0.24941266534876505
46,1344.0997708647026,,,mixed C-H bending / C-C out-of-plane bending,tau(H17-C4-C9-C8),dihedral,0.1913190971413673,+,0.019726113329394376,0.4684304222796268
46,1344.0997708647026,,,mixed C-H bending / C-C out-of-plane bending,delta(C4-C9-H25),angle,0.18293006490035502,+,0.02810526015155653,0.22063768235437067
46,1344.0997708647026,,,mixed C-H bending / C-C out-of-plane bending,delta(C9-C4-H17),angle,0.08958786468301418,-,-0.019101428343592516,0.23393075140123543
46,1344.0997708647026,,,mixed C-H bending / C-C out-of-plane bending,delta(H15-C3-H16),angle,0.07948837314059692,+,0.014180901163131162,0.3765873833684418
46,1344.0997708647026,,,mixed C-H bending / C-C out-of-plane bending,tau(H23-C8-C9-C4),dihedral,0.07933542461087502,-,-0.012976489471687468,0.4488720156531896
46,1344.0997708647026,,,mixed C-H bending / C-C out-of-plane bending,tau(C9-C5-C6-H20),dihedral,0.06541703241476385,+,0.011167788085929477,0.49971953559980403
46,1344.0997708647026,,,mixed C-H bending / C-C out-of-plane bending,tau(H19-C6-C7-C8),dihedral,0.05062265670972552,-,-0.016246556442016287,0.18272253164280974
46,1344.0997708647026,,,mixed C-H bending / C-C out-of-plane bending,nu(C6-C7),bond,0.027031679630815392,-,-0.009367953496079872,0.2934630298225203
46,1344.0997708647026,,,mixed C-H bending / C-C out-of-plane bending,nu(C7-C8),bond,0.022785430741135416,+,0.008701169858148996,0.28672909715516987
46,1344.0997708647026,,,mixed C-H bending / C-C out-of-plane bending,delta(C8-C7-H22),angle,0.011799381936012715,-,-0.0054809554657221,0.37421098329674723
46,1344.0997708647026,,,mixed C-H bending / C-C out-of-plane bending,"gamma(C4;C5,C6,H18)",oop,0.010682869131877496,-,-0.005173022059253938,0.38033742786902636
46,1344.0997708647026,,,mixed C-H bending / C-C out-of-plane bending,nu(C3-H15),bond,0.007708886321828684,-,-0.00471533245063526,0.33032148604472367
46,1344.0997708647026,,,mixed C-H bending / C-C out-of-plane bending,nu(C1-H12),bond,0.00753634451973095,+,0.004662134542558739,0.3303398418047025
46,1344.0997708647026,,,mixed C-H bending / C-C out-of-plane bending,nu(C1-H10),bond,0.006461807631340944,+,0.004301645132098112,0.33270144145954433
46,1344.0997708647026,,,mixed C-H bending / C-C out-of-plane bending,nu(C3-H14),bond,0.0064589990194250145,-,-0.004300730937796902,0.3326982298069487
46,1344.0997708647026,,,mixed C-H bending / C-C out-of-plane bending,delta(H23-C8-H24),angle,0.005870396234403345,+,0.005081234650405891,0.21662008978042366
46,1344.0997708647026,,,mixed C-H bending / C-C out-of-plane bending,tau(C3-C2-C4-C5),dihedral,0.005857348218085807,-,-0.015247307760724926,0.024004050308062942
46,1344.0997708647026,,,mixed C-H bending / C-C out-of-plane bending,nu(C4-C9),bond,0.0011695156915024695,-,-0.0016362854609632662,0.41615750179357514
46,1344.0997708647026,,,mixed C-H bending / C-C out-of-plane bending,delta(C4-C9-C8),angle,0.0010048791129048356,-,-0.0011240195542503305,0.7577673759020244
46,1344.0997708647026,,,mixed C-H bending / C-C out-of-plane bending,nu(C9-H25),bond,0.0006560522748191136,+,0.0013382243362351906,0.34902008220261893
46,1344.0997708647026,,,mixed C-H bending / C-C out-of-plane bending,nu(C5-H18),bond,0.0006227900937971282,-,-0.001303841081163252,0.34902954612114734
46,1344.0997708647026,,,mixed C-H bending / C-C out-of-plane bending,nu(C4-C5),bond,0.0004742150684463733,+,0.0009086606175308131,0.5471945412726401
46,1344.0997708647026,,,mixed C-H bending / C-C out-of-plane bending,nu(C8-H23),bond,0.0003785942469725299,+,0.0010482873812079799,0.3282336573619821
46,1344.0997708647026,,,mixed C-H bending / C-C out-of-plane bending,nu(C6-H19),bond,0.00036109944490579047,-,-0.001023762361267383,0.32824515254734715
46,1344.0997708647026,,,mixed C-H bending / C-C out-of-plane bending,nu(C1-H11),bond,0.0003247302533514714,-,-0.0009600530916510892,0.33566191504728254
46,1344.0997708647026,,,mixed C-H bending / C-C out-of-plane bending,nu(C3-H16),bond,0.00029438419968982736,+,0.0009141190535566058,0.3356439255063405
46,1344.0997708647026,,,mixed C-H bending / C-C out-of-plane bending,tau(H17-C4-C9-H25),dihedral,0.00012674281156147688,-,-0.00044985695038814817,0.5966838523581202
46,1344.0997708647026,,,mixed C-H bending / C-C out-of-plane bending,delta(C6-C7-C8),angle,9.072610869937108e-05,+,0.0002920701537997107,1.013275969219078
46,1344.0997708647026,,,mixed C-H bending / C-C out-of-plane bending,"gamma(H11;C1,H10,H12)",oop,6.461671941179127e-05,-,-0.0005325328746723674,0.21708103153869004
46,1344.0997708647026,,,mixed C-H bending / C-C out-of-plane bending,delta(H21-C7-H22),angle,3.760760154583598e-05,-,-0.0003605253654506008,0.2756600324984054
46,1344.0997708647026,,,mixed C-H bending / C-C out-of-plane bending,nu(C2-H13),bond,1.081292958230486e-05,-,-0.00017569525749391087,0.3337283603614742
46,1344.0997708647026,,,mixed C-H bending / C-C out-of-plane bending,nu(C6-H20),bond,2.7879530609136023e-06,+,8.988666231987565e-05,0.3287492466493157
46,1344.0997708647026,,,mixed C-H bending / C-C out-of-plane bending,nu(C8-H24),bond,1.8500011121073236e-06,-,-7.321578938498196e-05,0.3288003785530708
46,1344.0997708647026,,,mixed C-H bending / C-C out-of-plane bending,nu(C4-H17),bond,2.274453715885647e-07,-,-2.5348146303599046e-05,0.3372519822787753
46,1344.0997708647026,,,mixed C-H bending / C-C out-of-plane bending,nu(C2-C4),bond,1.5737590731686047e-07,+,2.337825593450704e-05,0.27433666012197316
46,1344.0997708647026,,,mixed C-H bending / C-C out-of-plane bending,delta(C1-C2-C3),angle,1.0082011790386713e-08,+,5.197367961064432e-06,0.3555904501026593
46,1344.0997708647026,,,mixed C-H bending / C-C out-of-plane bending,nu(C7-H21),bond,2.4360165044083964e-09,+,2.6409195648085393e-06,0.3327665744893832
46,1344.0997708647026,,,mixed C-H bending / C-C out-of-plane bending,nu(C7-H22),bond,2.39079823991936e-09,-,-2.606917321484116e-06,0.3351646674336103
47,1365.679556441819,,,mixed ring-site C-H in-plane bending / C-C out-of-plane bending,"gamma(C6;C7,H21,H22)",oop,26.8976714831553,-,-0.3848317295531525,0.24106655312168962
47,1365.679556441819,,,mixed ring-site C-H in-plane bending / C-C out-of-plane bending,delta(C6-C5-H18),angle,11.454012664635089,-,-0.2386381779725807,0.26695731673582873
47,1365.679556441819,,,mixed ring-site C-H in-plane bending / C-C out-of-plane bending,delta(C8-C7-H22),angle,10.314147731316696,+,0.19126716378207356,0.37421098329674723
47,1365.679556441819,,,mixed ring-site C-H in-plane bending / C-C out-of-plane bending,"gamma(C5;C9,C4,H25)",oop,9.963262143708299,-,-0.07320970329027304,2.4673359249773874
47,1365.679556441819,,,mixed ring-site C-H in-plane bending / C-C out-of-plane bending,delta(C4-C9-H25),angle,7.83678430673132,-,-0.2171256405360788,0.22063768235437067
47,1365.679556441819,,,mixed ring-site C-H in-plane bending / C-C out-of-plane bending,tau(C2-C4-C5-H18),dihedral,5.690144903697264,+,0.14526728829861213,0.35789174837591814
47,1365.679556441819,,,mixed ring-site C-H in-plane bending / C-C out-of-plane bending,nu(C8-C9),bond,4.494821623238362,-,-0.13809228825379344,0.3128510577221663
47,1365.679556441819,,,mixed ring-site C-H in-plane bending / C-C out-of-plane bending,nu(C5-C6),bond,4.241522345462539,+,0.137740932856688,0.29672882571093184
47,1365.679556441819,,,mixed ring-site C-H in-plane bending / C-C out-of-plane bending,tau(H17-C4-C9-C8),dihedral,2.946813313600439,-,-0.09137676412531123,0.4684304222796268
47,1365.679556441819,,,mixed ring-site C-H in-plane bending / C-C out-of-plane bending,tau(H21-C7-C8-C9),dihedral,2.615054730676442,+,0.12684968549563513,0.21570788048823702
47,1365.679556441819,,,mixed ring-site C-H in-plane bending / C-C out-of-plane bending,"gamma(C7;C8,H23,H24)",oop,1.7345868756900555,-,-0.08750590531821671,0.300666713145669
47,1365.679556441819,,,mixed ring-site C-H in-plane bending / C-C out-of-plane bending,tau(H17-C4-C9-H25),dihedral,1.7028150716507815,+,0.061545118108791506,0.5966838523581202
47,1365.679556441819,,,mixed ring-site C-H in-plane bending / C-C out-of-plane bending,nu(C6-C7),bond,1.2649254111465287,+,0.07563760508399586,0.2934630298225203
47,1365.679556441819,,,mixed ring-site C-H in-plane bending / C-C out-of-plane bending,nu(C7-C8),bond,1.2356679247818765,-,-0.07563050710436288,0.28672909715516987
47,1365.679556441819,,,mixed ring-site C-H in-plane bending / C-C out-of-plane bending,nu(C4-C5),bond,1.1653184957696332,-,-0.05316593437417813,0.5471945412726401
47,1365.679556441819,,,mixed ring-site C-H in-plane bending / C-C out-of-plane bending,delta(C9-C4-H17),angle,0.9901136315983325,+,0.07495159361438192,0.23393075140123543
47,1365.679556441819,,,mixed ring-site C-H in-plane bending / C-C out-of-plane bending,nu(C4-C9),bond,0.8958840956501753,+,0.05345385838118774,0.41615750179357514
47,1365.679556441819,,,mixed ring-site C-H in-plane bending / C-C out-of-plane bending,delta(C3-C2-H13),angle,0.7721990283065056,+,0.06531431498401685,0.24025725817088736
47,1365.679556441819,,,mixed ring-site C-H in-plane bending / C-C out-of-plane bending,"gamma(C9;C4,C2,C5)",oop,0.6017438086158687,-,-0.024791594911147182,1.2994713680163765
47,1365.679556441819,,,mixed ring-site C-H in-plane bending / C-C out-of-plane bending,tau(C9-C5-C6-H20),dihedral,0.5439836028922839,-,-0.03801121484252004,0.49971953559980403
47,1365.679556441819,,,mixed ring-site C-H in-plane bending / C-C out-of-plane bending,tau(H20-C6-C7-C8),dihedral,0.5428760302374849,-,-0.05374933442248524,0.24941266534876505
47,1365.679556441819,,,mixed ring-site C-H in-plane bending / C-C out-of-plane bending,"gamma(C4;C5,C6,H18)",oop,0.39555110956948647,+,0.03715341855729508,0.38033742786902636
47,1365.679556441819,,,mixed ring-site C-H in-plane bending / C-C out-of-plane bending,"gamma(C4;C2,C3,H13)",oop,0.39086491316593014,+,0.03857301026633387,0.348677272053292
47,1365.679556441819,,,mixed ring-site C-H in-plane bending / C-C out-of-plane bending,delta(H14-C3-H15),angle,0.22648187853129628,+,0.028501040449114376,0.3700633261945618
47,1365.679556441819,,,mixed ring-site C-H in-plane bending / C-C out-of-plane bending,delta(C2-C4-C5),angle,0.164557023895176,+,0.02636987755727895,0.3140973094435254
47,1365.679556441819,,,mixed ring-site C-H in-plane bending / C-C out-of-plane bending,delta(H10-C1-H12),angle,0.16146101495266524,-,-0.02868226511350622,0.2604982470330432
47,1365.679556441819,,,mixed ring-site C-H in-plane bending / C-C out-of-plane bending,delta(C4-C9-C8),angle,0.15526324261368324,+,0.01649105284509768,0.7577673759020244
47,1365.679556441819,,,mixed ring-site C-H in-plane bending / C-C out-of-plane bending,delta(C2-C3-H16),angle,0.11027208926814358,-,-0.021821958999225063,0.3073563220041683
47,1365.679556441819,,,mixed ring-site C-H in-plane bending / C-C out-of-plane bending,nu(C2-C3),bond,0.07132159579788376,-,-0.018765725808590535,0.2688155190040503
47,1365.679556441819,,,mixed ring-site C-H in-plane bending / C-C out-of-plane bending,nu(C1-C2),bond,0.07108575362894443,+,0.018734091912560563,0.26883220687743986
47,1365.679556441819,,,mixed ring-site C-H in-plane bending / C-C out-of-plane bending,"gamma(H19;C6,C5,H20)",oop,0.05091472184459405,+,0.011526096840392994,0.5086778952751276
47,1365.679556441819,,,mixed ring-site C-H in-plane bending / C-C out-of-plane bending,delta(C9-C8-H23),angle,0.044476343117972404,-,-0.012332411905468724,0.3881477265434133
47,1365.679556441819,,,mixed ring-site C-H in-plane bending / C-C out-of-plane bending,tau(C4-C2-C3-H14),dihedral,0.04066743689287409,-,-0.013913083116105061,0.27884576993327614
47,1365.679556441819,,,mixed ring-site C-H in-plane bending / C-C out-of-plane bending,delta(C2-C1-H10),angle,0.03164395886651709,+,0.01055446898917858,0.3770353350204659
47,1365.679556441819,,,mixed ring-site C-H in-plane bending / C-C out-of-plane bending,tau(H12-C1-C2-C3),dihedral,0.02919576612984103,+,0.014715237921560794,0.1789572584353189
47,1365.679556441819,,,mixed ring-site C-H in-plane bending / C-C out-of-plane bending,"gamma(H11;C1,H10,H12)",oop,0.024740103691529527,-,-0.012299057408426123,0.21708103153869004
47,1365.679556441819,,,mixed ring-site C-H in-plane bending / C-C out-of-plane bending,delta(C3-C2-C4),angle,0.01730056225086804,+,0.006632598291801285,0.5219835858024717
47,1365.679556441819,,,mixed ring-site C-H in-plane bending / C-C out-of-plane bending,nu(C9-H25),bond,0.01627819344374582,-,-0.007867919422972526,0.34902008220261893
47,1365.679556441819,,,mixed ring-site C-H in-plane bending / C-C out-of-plane bending,nu(C5-H18),bond,0.01626380039683957,+,0.007864333655731174,0.34902954612114734
47,1365.679556441819,,,mixed ring-site C-H in-plane bending / C-C out-of-plane bending,delta(C7-C8-H23),angle,0.012200926697976235,-,-0.004212630944066696,0.9125360055785439
47,1365.679556441819,,,mixed ring-site C-H in-plane bending / C-C out-of-plane bending,tau(C1-C2-C3-H16),dihedral,0.009348507522610423,+,0.006723617827137062,0.2744733988296527
47,1365.679556441819,,,mixed ring-site C-H in-plane bending / C-C out-of-plane bending,delta(C2-C3-H15),angle,0.009127656030055688,+,0.005322732155739487,0.4276161102640135
47,1365.679556441819,,,mixed ring-site C-H in-plane bending / C-C out-of-plane bending,delta(C7-C6-H19),angle,0.0073656873323678235,+,0.004109599989066788,0.578866203893712
47,1365.679556441819,,,mixed ring-site C-H in-plane bending / C-C out-of-plane bending,delta(C2-C1-H12),angle,0.006379941161816517,-,-0.005260659717906266,0.3059850941292659
47,1365.679556441819,,,mixed ring-site C-H in-plane bending / C-C out-of-plane bending,tau(H11-C1-C2-C3),dihedral,0.005994606605539746,+,0.006806401335716039,0.17174717389126995
47,1365.679556441819,,,mixed ring-site C-H in-plane bending / C-C out-of-plane bending,tau(H19-C6-C7-C8),dihedral,0.005163146119765322,+,0.0061241125735452045,0.18272253164280974
47,1365.679556441819,,,mixed ring-site C-H in-plane bending / C-C out-of-plane bending,tau(H23-C8-C9-C4),dihedral,0.004737745178338298,-,-0.0037428859426263026,0.4488720156531896
47,1365.679556441819,,,mixed ring-site C-H in-plane bending / C-C out-of-plane bending,tau(C3-C2-C4-C5),dihedral,0.004536938557932551,-,-0.01583876057839851,0.024004050308062942
47,1365.679556441819,,,mixed ring-site C-H in-plane bending / C-C out-of-plane bending,delta(H23-C8-H24),angle,0.0019369348458056403,-,-0.003445007324474373,0.21662008978042366
47,1365.679556441819,,,mixed ring-site C-H in-plane bending / C-C out-of-plane bending,nu(C8-H24),bond,0.0016918221039449264,-,-0.0026133236706546155,0.3288003785530708
47,1365.679556441819,,,mixed ring-site C-H in-plane bending / C-C out-of-plane bending,nu(C6-H20),bond,0.00166108756912455,+,0.0025896787322884337,0.3287492466493157
47,1365.679556441819,,,mixed ring-site C-H in-plane bending / C-C out-of-plane bending,delta(H15-C3-H16),angle,0.0014182995396890823,+,0.002235800800003643,0.3765873833684418
47,1365.679556441819,,,mixed ring-site C-H in-plane bending / C-C out-of-plane bending,nu(C8-H23),bond,0.001233326054516429,-,-0.00223320919003887,0.3282336573619821
47,1365.679556441819,,,mixed ring-site C-H in-plane bending / C-C out-of-plane bending,nu(C6-H19),bond,0.0012299317943641793,+,0.0022300949938659476,0.32824515254734715
47,1365.679556441819,,,mixed ring-site C-H in-plane bending / C-C out-of-plane bending,delta(H14-C3-H16),angle,0.00105622089370316,-,-0.0019506360529121458,0.36843958035172164
47,1365.679556441819,,,mixed ring-site C-H in-plane bending / C-C out-of-plane bending,nu(C1-H12),bond,0.0006136631708968106,+,0.0015702418967053911,0.3303398418047025
47,1365.679556441819,,,mixed ring-site C-H in-plane bending / C-C out-of-plane bending,nu(C3-H15),bond,0.0006006532324822989,-,-0.00155355097082953,0.33032148604472367
47,1365.679556441819,,,mixed ring-site C-H in-plane bending / C-C out-of-plane bending,nu(C1-H10),bond,0.00048073126068141957,+,0.0013848599318555016,0.33270144145954433
47,1365.679556441819,,,mixed ring-site C-H in-plane bending / C-C out-of-plane bending,nu(C3-H14),bond,0.00047923147029806166,-,-0.001382704667943167,0.3326982298069487
47,1365.679556441819,,,mixed ring-site C-H in-plane bending / C-C out-of-plane bending,delta(H21-C7-H22),angle,4.483882179059074e-05,-,-0.0004646460011557293,0.2756600324984054
47,1365.679556441819,,,mixed ring-site C-H in-plane bending / C-C out-of-plane bending,nu(C1-H11),bond,4.524914191270644e-06,-,-0.00013376304579441005,0.33566191504728254
47,1365.679556441819,,,mixed ring-site C-H in-plane bending / C-C out-of-plane bending,nu(C3-H16),bond,4.211762550476608e-06,+,0.0001290549160667634,0.3356439255063405
47,1365.679556441819,,,mixed ring-site C-H in-plane bending / C-C out-of-plane bending,delta(C6-C7-C8),angle,3.050566860750046e-07,-,-1.9989798285054557e-05,1.013275969219078
47,1365.679556441819,,,mixed ring-site C-H in-plane bending / C-C out-of-plane bending,nu(C7-H22),bond,1.195624823888012e-07,+,2.1759572367058e-05,0.3351646674336103
47,1365.679556441819,,,mixed ring-site C-H in-plane bending / C-C out-of-plane bending,nu(C2-H13),bond,8.091035878338861e-08,-,-1.793855743064564e-05,0.3337283603614742
47,1365.679556441819,,,mixed ring-site C-H in-plane bending / C-C out-of-plane bending,nu(C7-H21),bond,6.947454168513247e-08,+,1.664657939307342e-05,0.3327665744893832
47,1365.679556441819,,,mixed ring-site C-H in-plane bending / C-C out-of-plane bending,nu(C2-C4),bond,6.116374534299419e-08,+,1.7202323929115728e-05,0.27433666012197316
47,1365.679556441819,,,mixed ring-site C-H in-plane bending / C-C out-of-plane bending,delta(C1-C2-C3),angle,4.933443706721743e-10,+,1.3570068918191742e-06,0.3555904501026593
47,1365.679556441819,,,mixed ring-site C-H in-plane bending / C-C out-of-plane bending,nu(C4-H17),bond,7.915435926573939e-11,+,5.581387463734049e-07,0.3372519822787753
48,1392.6896275393815,,,mixed ring-site C-H in-plane bending / ring-site C-H out-of-plane bending,tau(H17-C4-C9-H25),dihedral,16.336495064276814,+,0.20409928982069359,0.5966838523581202
48,1392.6896275393815,,,mixed ring-site C-H in-plane bending / ring-site C-H out-of-plane bending,"gamma(H19;C6,C5,H20)",oop,10.90964593828838,+,0.18064173189810304,0.5086778952751276
48,1392.6896275393815,,,mixed ring-site C-H in-plane bending / ring-site C-H out-of-plane bending,delta(C6-C5-H18),angle,10.521389567716493,+,0.2448780337797256,0.26695731673582873
48,1392.6896275393815,,,mixed ring-site C-H in-plane bending / ring-site C-H out-of-plane bending,delta(C4-C9-H25),angle,7.274142802300125,-,-0.22396763341464443,0.22063768235437067
48,1392.6896275393815,,,mixed ring-site C-H in-plane bending / ring-site C-H out-of-plane bending,"gamma(C7;C8,H23,H24)",oop,6.124885803261972,+,0.1760518187564806,0.300666713145669
48,1392.6896275393815,,,mixed ring-site C-H in-plane bending / ring-site C-H out-of-plane bending,delta(C7-C8-H23),angle,6.082367279445436,+,0.10070371892358217,0.9125360055785439
48,1392.6896275393815,,,mixed ring-site C-H in-plane bending / ring-site C-H out-of-plane bending,delta(C9-C4-H17),angle,5.727934460063801,+,0.19301433072215013,0.23393075140123543
48,1392.6896275393815,,,mixed ring-site C-H in-plane bending / ring-site C-H out-of-plane bending,"gamma(C4;C2,C3,H13)",oop,5.090273247492972,-,-0.14903659553791665,0.348677272053292
48,1392.6896275393815,,,mixed ring-site C-H in-plane bending / ring-site C-H out-of-plane bending,delta(C9-C8-H23),angle,4.472311601794627,-,-0.13240418034077894,0.3881477265434133
48,1392.6896275393815,,,mixed ring-site C-H in-plane bending / ring-site C-H out-of-plane bending,delta(C7-C6-H19),angle,3.872676139535583,+,0.10089059553694306,0.578866203893712
48,1392.6896275393815,,,mixed ring-site C-H in-plane bending / ring-site C-H out-of-plane bending,tau(H17-C4-C9-C8),dihedral,2.837035893348195,+,0.09599399407784336,0.4684304222796268
48,1392.6896275393815,,,mixed ring-site C-H in-plane bending / ring-site C-H out-of-plane bending,nu(C4-C5),bond,1.959605153666262,+,0.0738155060498087,0.5471945412726401
48,1392.6896275393815,,,mixed ring-site C-H in-plane bending / ring-site C-H out-of-plane bending,nu(C2-C4),bond,1.516477433376999,+,0.09170863841108745,0.27433666012197316
48,1392.6896275393815,,,mixed ring-site C-H in-plane bending / ring-site C-H out-of-plane bending,nu(C4-C9),bond,1.4842821660554517,+,0.07366540212060908,0.41615750179357514
48,1392.6896275393815,,,mixed ring-site C-H in-plane bending / ring-site C-H out-of-plane bending,delta(C3-C2-H13),angle,1.4279395890744138,+,0.0950935043235923,0.24025725817088736
48,1392.6896275393815,,,mixed ring-site C-H in-plane bending / ring-site C-H out-of-plane bending,tau(C2-C4-C5-H18),dihedral,1.385475262574737,-,-0.07674635150228674,0.35789174837591814
48,1392.6896275393815,,,mixed ring-site C-H in-plane bending / ring-site C-H out-of-plane bending,tau(C9-C5-C6-H20),dihedral,1.30034151505369,-,-0.06292159794397287,0.49971953559980403
48,1392.6896275393815,,,mixed ring-site C-H in-plane bending / ring-site C-H out-of-plane bending,delta(H14-C3-H15),angle,1.09527212992789,-,-0.06710535643943799,0.3700633261945618
48,1392.6896275393815,,,mixed ring-site C-H in-plane bending / ring-site C-H out-of-plane bending,"gamma(C5;C9,C4,H25)",oop,0.8419728883013571,-,-0.022786053129780263,2.4673359249773874
48,1392.6896275393815,,,mixed ring-site C-H in-plane bending / ring-site C-H out-of-plane bending,nu(C8-C9),bond,0.8155671652327809,-,-0.06297892534305691,0.3128510577221663
48,1392.6896275393815,,,mixed ring-site C-H in-plane bending / ring-site C-H out-of-plane bending,nu(C5-C6),bond,0.7839779493462667,-,-0.06340248032865435,0.29672882571093184
48,1392.6896275393815,,,mixed ring-site C-H in-plane bending / ring-site C-H out-of-plane bending,delta(H10-C1-H12),angle,0.77291891561776,-,-0.06718908990425963,0.2604982470330432
48,1392.6896275393815,,,mixed ring-site C-H in-plane bending / ring-site C-H out-of-plane bending,tau(H19-C6-C7-C8),dihedral,0.678090576410234,+,0.07514186945335698,0.18272253164280974
48,1392.6896275393815,,,mixed ring-site C-H in-plane bending / ring-site C-H out-of-plane bending,"gamma(C9;C4,C2,C5)",oop,0.6247336406562916,-,-0.02704570345716661,1.2994713680163765
48,1392.6896275393815,,,mixed ring-site C-H in-plane bending / ring-site C-H out-of-plane bending,tau(H12-C1-C2-C3),dihedral,0.6187374550865429,+,0.07252917500139378,0.1789572584353189
48,1392.6896275393815,,,mixed ring-site C-H in-plane bending / ring-site C-H out-of-plane bending,delta(C2-C3-H15),angle,0.6044746199151746,+,0.04637631093845363,0.4276161102640135
48,1392.6896275393815,,,mixed ring-site C-H in-plane bending / ring-site C-H out-of-plane bending,tau(H23-C8-C9-C4),dihedral,0.5943775539705319,-,-0.044885299558398095,0.4488720156531896
48,1392.6896275393815,,,mixed ring-site C-H in-plane bending / ring-site C-H out-of-plane bending,nu(C6-C7),bond,0.45341173864003714,-,-0.04848460640736739,0.2934630298225203
48,1392.6896275393815,,,mixed ring-site C-H in-plane bending / ring-site C-H out-of-plane bending,nu(C7-C8),bond,0.4384512569228322,-,-0.04823463197065404,0.28672909715516987
48,1392.6896275393815,,,mixed ring-site C-H in-plane bending / ring-site C-H out-of-plane bending,delta(C2-C3-H16),angle,0.4370768002848491,+,0.04651488969106103,0.3073563220041683
48,1392.6896275393815,,,mixed ring-site C-H in-plane bending / ring-site C-H out-of-plane bending,delta(C2-C1-H12),angle,0.42441941755094,+,0.04593901513434031,0.3059850941292659
48,1392.6896275393815,,,mixed ring-site C-H in-plane bending / ring-site C-H out-of-plane bending,nu(C2-C3),bond,0.3498769146272325,-,-0.04450047723038851,0.2688155190040503
48,1392.6896275393815,,,mixed ring-site C-H in-plane bending / ring-site C-H out-of-plane bending,nu(C1-C2),bond,0.3445754015968701,-,-0.044160672659583344,0.26883220687743986
48,1392.6896275393815,,,mixed ring-site C-H in-plane bending / ring-site C-H out-of-plane bending,delta(H14-C3-H16),angle,0.33390404449345706,-,-0.03713315867714832,0.36843958035172164
48,1392.6896275393815,,,mixed ring-site C-H in-plane bending / ring-site C-H out-of-plane bending,delta(C1-C2-C3),angle,0.30717408698007653,+,0.03625362487865019,0.3555904501026593
48,1392.6896275393815,,,mixed ring-site C-H in-plane bending / ring-site C-H out-of-plane bending,"gamma(H11;C1,H10,H12)",oop,0.2677401477445493,-,-0.043319157756196415,0.21708103153869004
48,1392.6896275393815,,,mixed ring-site C-H in-plane bending / ring-site C-H out-of-plane bending,tau(H20-C6-C7-C8),dihedral,0.2507312462187637,-,-0.039109221494769586,0.24941266534876505
48,1392.6896275393815,,,mixed ring-site C-H in-plane bending / ring-site C-H out-of-plane bending,delta(C3-C2-C4),angle,0.16890924070589583,-,-0.02218873148931662,0.5219835858024717
48,1392.6896275393815,,,mixed ring-site C-H in-plane bending / ring-site C-H out-of-plane bending,delta(C2-C4-C5),angle,0.1625047520985459,-,-0.02805660498906538,0.3140973094435254
48,1392.6896275393815,,,mixed ring-site C-H in-plane bending / ring-site C-H out-of-plane bending,delta(H15-C3-H16),angle,0.09906885659158136,+,0.020006443199254213,0.3765873833684418
48,1392.6896275393815,,,mixed ring-site C-H in-plane bending / ring-site C-H out-of-plane bending,delta(C2-C1-H10),angle,0.045375680212034926,-,-0.013531774150463746,0.3770353350204659
48,1392.6896275393815,,,mixed ring-site C-H in-plane bending / ring-site C-H out-of-plane bending,tau(C1-C2-C3-H16),dihedral,0.038147675235359495,+,0.014541797790784476,0.2744733988296527
48,1392.6896275393815,,,mixed ring-site C-H in-plane bending / ring-site C-H out-of-plane bending,delta(C6-C7-C8),angle,0.02959855814188803,+,0.0066666184407167565,1.013275969219078
48,1392.6896275393815,,,mixed ring-site C-H in-plane bending / ring-site C-H out-of-plane bending,tau(H11-C1-C2-C3),dihedral,0.022930902597329487,-,-0.014252792686968854,0.17174717389126995
48,1392.6896275393815,,,mixed ring-site C-H in-plane bending / ring-site C-H out-of-plane bending,tau(H21-C7-C8-C9),dihedral,0.020216166130387108,+,0.011941271872948626,0.21570788048823702
48,1392.6896275393815,,,mixed ring-site C-H in-plane bending / ring-site C-H out-of-plane bending,tau(C4-C2-C3-H14),dihedral,0.014311322709388312,+,0.008836739452547607,0.27884576993327614
48,1392.6896275393815,,,mixed ring-site C-H in-plane bending / ring-site C-H out-of-plane bending,"gamma(C4;C5,C6,H18)",oop,0.011041621026952516,+,0.006646087872632348,0.38033742786902636
48,1392.6896275393815,,,mixed ring-site C-H in-plane bending / ring-site C-H out-of-plane bending,nu(C4-H17),bond,0.007918951564153372,+,0.005977103565251483,0.3372519822787753
48,1392.6896275393815,,,mixed ring-site C-H in-plane bending / ring-site C-H out-of-plane bending,nu(C3-H14),bond,0.004512204502376035,+,0.004542587853705146,0.3326982298069487
48,1392.6896275393815,,,mixed ring-site C-H in-plane bending / ring-site C-H out-of-plane bending,nu(C1-H10),bond,0.004483319670898068,+,0.004528002989804206,0.33270144145954433
48,1392.6896275393815,,,mixed ring-site C-H in-plane bending / ring-site C-H out-of-plane bending,nu(C2-H13),bond,0.0019040389716989607,-,-0.002946290411378789,0.3337283603614742
48,1392.6896275393815,,,mixed ring-site C-H in-plane bending / ring-site C-H out-of-plane bending,"gamma(C6;C7,H21,H22)",oop,0.0014363244104490724,-,-0.003010869863331232,0.24106655312168962
48,1392.6896275393815,,,mixed ring-site C-H in-plane bending / ring-site C-H out-of-plane bending,nu(C7-H21),bond,0.0013650673865073142,-,-0.0024982816063752566,0.3327665744893832
48,1392.6896275393815,,,mixed ring-site C-H in-plane bending / ring-site C-H out-of-plane bending,nu(C1-H12),bond,0.0007389605878677393,+,0.0018448639857691629,0.3303398418047025
48,1392.6896275393815,,,mixed ring-site C-H in-plane bending / ring-site C-H out-of-plane bending,nu(C3-H15),bond,0.0007295692955356679,+,0.0018331544412069783,0.33032148604472367
48,1392.6896275393815,,,mixed ring-site C-H in-plane bending / ring-site C-H out-of-plane bending,delta(H23-C8-H24),angle,0.0006809392198471506,-,-0.002186950744526614,0.21662008978042366
48,1392.6896275393815,,,mixed ring-site C-H in-plane bending / ring-site C-H out-of-plane bending,tau(C3-C2-C4-C5),dihedral,0.0006252383586306557,+,0.006295275430975433,0.024004050308062942
48,1392.6896275393815,,,mixed ring-site C-H in-plane bending / ring-site C-H out-of-plane bending,nu(C7-H22),bond,0.0004861056834810167,-,-0.00148549237758114,0.3351646674336103
48,1392.6896275393815,,,mixed ring-site C-H in-plane bending / ring-site C-H out-of-plane bending,nu(C8-H24),bond,0.00043282616206209663,-,-0.001415222714782957,0.3288003785530708
48,1392.6896275393815,,,mixed ring-site C-H in-plane bending / ring-site C-H out-of-plane bending,nu(C6-H20),bond,0.00041886494711934033,-,-0.0013923192217376525,0.3287492466493157
48,1392.6896275393815,,,mixed ring-site C-H in-plane bending / ring-site C-H out-of-plane bending,nu(C1-H11),bond,0.0004069476850687421,-,-0.0013581647366464342,0.33566191504728254
48,1392.6896275393815,,,mixed ring-site C-H in-plane bending / ring-site C-H out-of-plane bending,nu(C3-H16),bond,0.00038008057105991353,-,-0.0013126007020800128,0.3356439255063405
48,1392.6896275393815,,,mixed ring-site C-H in-plane bending / ring-site C-H out-of-plane bending,delta(C8-C7-H22),angle,0.0003399199106424254,-,-0.0011756125942844126,0.37421098329674723
48,1392.6896275393815,,,mixed ring-site C-H in-plane bending / ring-site C-H out-of-plane bending,delta(C4-C9-C8),angle,0.0002495729368149601,-,-0.0007078887102335925,0.7577673759020244
48,1392.6896275393815,,,mixed ring-site C-H in-plane bending / ring-site C-H out-of-plane bending,delta(H21-C7-H22),angle,1.1876438670534579e-05,+,0.00025602973506041955,0.2756600324984054
48,1392.6896275393815,,,mixed ring-site C-H in-plane bending / ring-site C-H out-of-plane bending,nu(C5-H18),bond,6.565277235974036e-06,-,-0.00016917244725573737,0.34902954612114734
48,1392.6896275393815,,,mixed ring-site C-H in-plane bending / ring-site C-H out-of-plane bending,nu(C9-H25),bond,4.5447657785037875e-06,-,-0.0001407552938975469,0.34902008220261893
48,1392.6896275393815,,,mixed ring-site C-H in-plane bending / ring-site C-H out-of-plane bending,nu(C8-H23),bond,2.561238858803513e-07,-,-3.4456223695712124e-05,0.3282336573619821
48,1392.6896275393815,,,mixed ring-site C-H in-plane bending / ring-site C-H out-of-plane bending,nu(C6-H19),bond,1.8323049870457539e-07,-,-2.9142977050820573e-05,0.32824515254734715
49,1401.890667051787,,,mixed C-H bending / C-H out-of-plane bending,"gamma(H11;C1,H10,H12)",oop,30.6997909797882,+,0.540335586915402,0.21708103153869004
49,1401.890667051787,,,mixed C-H bending / C-H out-of-plane bending,delta(H14-C3-H16),angle,10.841952702317421,-,-0.24647757652328256,0.36843958035172164
49,1401.890667051787,,,mixed C-H bending / C-H out-of-plane bending,delta(C2-C3-H15),angle,9.962296979420413,+,0.2193105444901617,0.4276161102640135
49,1401.890667051787,,,mixed C-H bending / C-H out-of-plane bending,delta(H15-C3-H16),angle,9.93005837281177,-,-0.23331884518437812,0.3765873833684418
49,1401.890667051787,,,mixed C-H bending / C-H out-of-plane bending,delta(C2-C1-H10),angle,8.72862843943434,-,-0.21861943984524457,0.3770353350204659
49,1401.890667051787,,,mixed C-H bending / C-H out-of-plane bending,delta(H14-C3-H15),angle,7.477601384987123,-,-0.20424429356909177,0.3700633261945618
49,1401.890667051787,,,mixed C-H bending / C-H out-of-plane bending,delta(C2-C1-H12),angle,7.2039936441952905,-,-0.22046686454276596,0.3059850941292659
49,1401.890667051787,,,mixed C-H bending / C-H out-of-plane bending,delta(C2-C3-H16),angle,6.529806235131949,+,0.20942854347418305,0.3073563220041683
49,1401.890667051787,,,mixed C-H bending / C-H out-of-plane bending,delta(H10-C1-H12),angle,5.31977436053875,+,0.20532933654875363,0.2604982470330432
49,1401.890667051787,,,mixed C-H bending / C-H out-of-plane bending,nu(C1-C2),bond,1.3962267100801937,+,0.10354857407765676,0.26883220687743986
49,1401.890667051787,,,mixed C-H bending / C-H out-of-plane bending,nu(C2-C3),bond,1.3779829309227816,-,-0.10287303453227482,0.2688155190040503
49,1401.890667051787,,,mixed C-H bending / C-H out-of-plane bending,"gamma(C4;C2,C3,H13)",oop,0.0672144745026835,+,0.019949241347195362,0.348677272053292
49,1401.890667051787,,,mixed C-H bending / C-H out-of-plane bending,delta(C3-C2-H13),angle,0.060945035191450204,+,0.02288430399285812,0.24025725817088736
49,1401.890667051787,,,mixed C-H bending / C-H out-of-plane bending,"gamma(H19;C6,C5,H20)",oop,0.030988291151189548,+,0.011214610164561,0.5086778952751276
49,1401.890667051787,,,mixed C-H bending / C-H out-of-plane bending,nu(C1-H11),bond,0.027150358117450424,-,-0.01292241093729585,0.33566191504728254
49,1401.890667051787,,,mixed C-H bending / C-H out-of-plane bending,nu(C3-H16),bond,0.02698241100784616,+,0.012882726335715381,0.3356439255063405
49,1401.890667051787,,,mixed C-H bending / C-H out-of-plane bending,nu(C1-H10),bond,0.026546865137854193,-,-0.012834710613161781,0.33270144145954433
49,1401.890667051787,,,mixed C-H bending / C-H out-of-plane bending,tau(C9-C5-C6-H20),dihedral,0.02637691383994106,-,-0.010438921385649263,0.49971953559980403
49,1401.890667051787,,,mixed C-H bending / C-H out-of-plane bending,nu(C3-H14),bond,0.026240218202944143,+,0.012760429030992426,0.3326982298069487
49,1401.890667051787,,,mixed C-H bending / C-H out-of-plane bending,delta(H23-C8-H24),angle,0.025744595251651292,+,0.015663920451004437,0.21662008978042366
49,1401.890667051787,,,mixed C-H bending / C-H out-of-plane bending,nu(C1-H12),bond,0.025365338449931343,-,-0.012590606558991229,0.3303398418047025
49,1401.890667051787,,,mixed C-H bending / C-H out-of-plane bending,nu(C3-H15),bond,0.02525551300295114,+,0.01256366899620286,0.33032148604472367
49,1401.890667051787,,,mixed C-H bending / C-H out-of-plane bending,tau(C4-C2-C3-H14),dihedral,0.02272712583147152,-,-0.012971703951605577,0.27884576993327614
49,1401.890667051787,,,mixed C-H bending / C-H out-of-plane bending,"gamma(C9;C4,C2,C5)",oop,0.01775126269148815,-,-0.005310532468970469,1.2994713680163765
49,1401.890667051787,,,mixed C-H bending / C-H out-of-plane bending,delta(C3-C2-C4),angle,0.017276512095594398,+,0.00826620956847705,0.5219835858024717
49,1401.890667051787,,,mixed C-H bending / C-H out-of-plane bending,tau(H12-C1-C2-C3),dihedral,0.015606231653154706,+,0.013417795424539252,0.1789572584353189
49,1401.890667051787,,,mixed C-H bending / C-H out-of-plane bending,tau(H23-C8-C9-C4),dihedral,0.012575066908835352,+,0.007605025723460003,0.4488720156531896
49,1401.890667051787,,,mixed C-H bending / C-H out-of-plane bending,"gamma(C6;C7,H21,H22)",oop,0.009053876207398557,-,-0.00880553195467726,0.24106655312168962
49,1401.890667051787,,,mixed C-H bending / C-H out-of-plane bending,delta(C8-C7-H22),angle,0.008163842613066147,+,0.006711133023363497,0.37421098329674723
49,1401.890667051787,,,mixed C-H bending / C-H out-of-plane bending,delta(C7-C8-H23),angle,0.004984259555035475,-,-0.003358011049831099,0.9125360055785439
49,1401.890667051787,,,mixed C-H bending / C-H out-of-plane bending,delta(C4-C9-H25),angle,0.004872595404822129,-,-0.006752228530865683,0.22063768235437067
49,1401.890667051787,,,mixed C-H bending / C-H out-of-plane bending,delta(C2-C4-C5),angle,0.004833130403366095,+,0.0056362331358999025,0.3140973094435254
49,1401.890667051787,,,mixed C-H bending / C-H out-of-plane bending,delta(C6-C5-H18),angle,0.004596325506968839,-,-0.005961990434838849,0.26695731673582873
49,1401.890667051787,,,mixed C-H bending / C-H out-of-plane bending,tau(H19-C6-C7-C8),dihedral,0.004552009327792133,-,-0.007171538268501758,0.18272253164280974
49,1401.890667051787,,,mixed C-H bending / C-H out-of-plane bending,delta(C9-C8-H23),angle,0.0043491275940205675,-,-0.00480960434937144,0.3881477265434133
49,1401.890667051787,,,mixed C-H bending / C-H out-of-plane bending,nu(C4-C5),bond,0.003937195801024988,-,-0.003854157241292626,0.5471945412726401
49,1401.890667051787,,,mixed C-H bending / C-H out-of-plane bending,nu(C4-C9),bond,0.0035223331727248916,+,0.004180162385688223,0.41615750179357514
49,1401.890667051787,,,mixed C-H bending / C-H out-of-plane bending,tau(C2-C4-C5-H18),dihedral,0.0031161648451206066,-,-0.0042397589896525706,0.35789174837591814
49,1401.890667051787,,,mixed C-H bending / C-H out-of-plane bending,delta(C7-C6-H19),angle,0.002971009921231024,+,0.0032551406166921753,0.578866203893712
49,1401.890667051787,,,mixed C-H bending / C-H out-of-plane bending,nu(C8-C9),bond,0.0028101863977066733,-,-0.0043063125777727,0.3128510577221663
49,1401.890667051787,,,mixed C-H bending / C-H out-of-plane bending,nu(C5-C6),bond,0.0026131369582000673,+,0.004263909885955879,0.29672882571093184
49,1401.890667051787,,,mixed C-H bending / C-H out-of-plane bending,tau(C1-C2-C3-H16),dihedral,0.002571915898663757,+,0.0043983020601677525,0.2744733988296527
49,1401.890667051787,,,mixed C-H bending / C-H out-of-plane bending,"gamma(C7;C8,H23,H24)",oop,0.002527404706195795,-,-0.00416582978136658,0.300666713145669
49,1401.890667051787,,,mixed C-H bending / C-H out-of-plane bending,tau(H20-C6-C7-C8),dihedral,0.0021112630650647573,+,0.004180408516068748,0.24941266534876505
49,1401.890667051787,,,mixed C-H bending / C-H out-of-plane bending,tau(H11-C1-C2-C3),dihedral,0.0017658968074100076,+,0.004607280581732715,0.17174717389126995
49,1401.890667051787,,,mixed C-H bending / C-H out-of-plane bending,tau(H17-C4-C9-C8),dihedral,0.001216090775642162,-,-0.0023150866535638186,0.4684304222796268
49,1401.890667051787,,,mixed C-H bending / C-H out-of-plane bending,delta(C4-C9-C8),angle,0.0006374428935379077,+,0.001317830305298648,0.7577673759020244
49,1401.890667051787,,,mixed C-H bending / C-H out-of-plane bending,delta(C9-C4-H17),angle,0.0005185953290829153,+,0.002139328333120797,0.23393075140123543
49,1401.890667051787,,,mixed C-H bending / C-H out-of-plane bending,"gamma(C5;C9,C4,H25)",oop,0.00037415791752697596,-,-0.000559525815939838,2.4673359249773874
49,1401.890667051787,,,mixed C-H bending / C-H out-of-plane bending,tau(H21-C7-C8-C9),dihedral,0.0002696683824657222,+,0.0016065298886116033,0.21570788048823702
49,1401.890667051787,,,mixed C-H bending / C-H out-of-plane bending,nu(C6-H20),bond,0.00025755514272136714,+,0.0012717727943364777,0.3287492466493157
49,1401.890667051787,,,mixed C-H bending / C-H out-of-plane bending,nu(C8-H24),bond,0.0002438467681716172,-,-0.0012373687625849682,0.3288003785530708
49,1401.890667051787,,,mixed C-H bending / C-H out-of-plane bending,tau(H17-C4-C9-H25),dihedral,0.00014786248555644787,+,0.0007152595401696423,0.5966838523581202
49,1401.890667051787,,,mixed C-H bending / C-H out-of-plane bending,tau(C3-C2-C4-C5),dihedral,2.2376280649765974e-05,-,-0.0013872619882856262,0.024004050308062942
49,1401.890667051787,,,mixed C-H bending / C-H out-of-plane bending,nu(C5-H18),bond,2.1935689154459796e-05,+,0.00036020633439227755,0.34902954612114734
49,1401.890667051787,,,mixed C-H bending / C-H out-of-plane bending,nu(C9-H25),bond,2.03484322433891e-05,-,-0.00034693416460226863,0.34902008220261893
49,1401.890667051787,,,mixed C-H bending / C-H out-of-plane bending,nu(C8-H23),bond,1.8775454288010376e-05,-,-0.00034364534983193556,0.3282336573619821
49,1401.890667051787,,,mixed C-H bending / C-H out-of-plane bending,nu(C6-H19),bond,1.7772033781046637e-05,+,0.0003343306593989822,0.32824515254734715
49,1401.890667051787,,,mixed C-H bending / C-H out-of-plane bending,nu(C2-C4),bond,1.293495707454467e-05,-,-0.0003119948123032491,0.27433666012197316
49,1401.890667051787,,,mixed C-H bending / C-H out-of-plane bending,"gamma(C4;C5,C6,H18)",oop,6.508024757597448e-06,+,0.00018795196307877803,0.38033742786902636
49,1401.890667051787,,,mixed C-H bending / C-H out-of-plane bending,delta(C1-C2-C3),angle,2.1685968428303397e-06,-,-0.00011220731405222451,0.3555904501026593
49,1401.890667051787,,,mixed C-H bending / C-H out-of-plane bending,delta(H21-C7-H22),angle,8.484847567901664e-07,+,7.971534338519801e-05,0.2756600324984054
49,1401.890667051787,,,mixed C-H bending / C-H out-of-plane bending,nu(C6-C7),bond,3.8080220266372233e-07,+,5.1758279064832144e-05,0.2934630298225203
49,1401.890667051787,,,mixed C-H bending / C-H out-of-plane bending,nu(C2-H13),bond,8.139264621234705e-08,+,2.2438965316150918e-05,0.3337283603614742
49,1401.890667051787,,,mixed C-H bending / C-H out-of-plane bending,delta(C6-C7-C8),angle,1.1672989385618591e-08,-,-4.876789095419632e-06,1.013275969219078
49,1401.890667051787,,,mixed C-H bending / C-H out-of-plane bending,nu(C7-H22),bond,9.36221337242654e-09,-,-7.5939363559142654e-06,0.3351646674336103
49,1401.890667051787,,,mixed C-H bending / C-H out-of-plane bending,nu(C4-H17),bond,2.1749583799642024e-09,-,-3.648841681565066e-06,0.3372519822787753
49,1401.890667051787,,,mixed C-H bending / C-H out-of-plane bending,nu(C7-H21),bond,8.027604667968584e-11,-,-7.057159625579679e-07,0.3327665744893832
49,1401.890667051787,,,mixed C-H bending / C-H out-of-plane bending,nu(C7-C8),bond,1.5956256653774275e-11,-,-3.389506128482128e-07,0.28672909715516987
50,1420.6201808480223,,,mixed C-H bending / C-H out-of-plane bending,"gamma(H11;C1,H10,H12)",oop,26.009332081567035,-,-0.4923849143483444,0.21708103153869004
50,1420.6201808480223,,,mixed C-H bending / C-H out-of-plane bending,delta(H14-C3-H15),angle,10.869693399318079,-,-0.24379326299414694,0.3700633261945618
50,1420.6201808480223,,,mixed C-H bending / C-H out-of-plane bending,delta(C2-C3-H15),angle,9.000418048109093,+,0.20637419328698203,0.4276161102640135
50,1420.6201808480223,,,mixed C-H bending / C-H out-of-plane bending,delta(H14-C3-H16),angle,8.688830248191731,-,-0.218448262048856,0.36843958035172164
50,1420.6201808480223,,,mixed C-H bending / C-H out-of-plane bending,delta(C2-C1-H10),angle,7.647156953963832,+,0.20258629053900315,0.3770353350204659
50,1420.6201808480223,,,mixed C-H bending / C-H out-of-plane bending,delta(H10-C1-H12),angle,7.57140493994939,-,-0.24251405396215578,0.2604982470330432
50,1420.6201808480223,,,mixed C-H bending / C-H out-of-plane bending,delta(H15-C3-H16),angle,7.34411464401445,-,-0.1986497020186389,0.3765873833684418
50,1420.6201808480223,,,mixed C-H bending / C-H out-of-plane bending,delta(C2-C3-H16),angle,6.975861436305204,+,0.2143033324913607,0.3073563220041683
50,1420.6201808480223,,,mixed C-H bending / C-H out-of-plane bending,delta(C2-C1-H12),angle,6.36391469968327,+,0.20514602989460862,0.3059850941292659
50,1420.6201808480223,,,mixed C-H bending / C-H out-of-plane bending,nu(C2-C3),bond,1.2878502722914984,-,-0.09845926635816625,0.2688155190040503
50,1420.6201808480223,,,mixed C-H bending / C-H out-of-plane bending,nu(C1-C2),bond,1.2720375768129761,-,-0.0978499028611121,0.26883220687743986
50,1420.6201808480223,,,mixed C-H bending / C-H out-of-plane bending,"gamma(H19;C6,C5,H20)",oop,1.1251250177596432,-,-0.06690060342495197,0.5086778952751276
50,1420.6201808480223,,,mixed C-H bending / C-H out-of-plane bending,nu(C4-C5),bond,0.7841302627190321,-,-0.053848586354160975,0.5471945412726401
50,1420.6201808480223,,,mixed C-H bending / C-H out-of-plane bending,nu(C4-C9),bond,0.5965949025879195,-,-0.05385945845240689,0.41615750179357514
50,1420.6201808480223,,,mixed C-H bending / C-H out-of-plane bending,delta(C6-C5-H18),angle,0.5831891193908821,-,-0.06648671400260296,0.26695731673582873
50,1420.6201808480223,,,mixed C-H bending / C-H out-of-plane bending,delta(C7-C8-H23),angle,0.48334213895641714,-,-0.03273809482213204,0.9125360055785439
50,1420.6201808480223,,,mixed C-H bending / C-H out-of-plane bending,"gamma(C7;C8,H23,H24)",oop,0.3816491098750916,-,-0.05068045776933148,0.300666713145669
50,1420.6201808480223,,,mixed C-H bending / C-H out-of-plane bending,"gamma(C4;C2,C3,H13)",oop,0.3545799745943568,-,-0.045362435068783104,0.348677272053292
50,1420.6201808480223,,,mixed C-H bending / C-H out-of-plane bending,delta(C4-C9-H25),angle,0.3188006373760063,+,0.054071799630604184,0.22063768235437067
50,1420.6201808480223,,,mixed C-H bending / C-H out-of-plane bending,delta(C7-C6-H19),angle,0.3013055572522748,-,-0.03245379963655942,0.578866203893712
50,1420.6201808480223,,,mixed C-H bending / C-H out-of-plane bending,delta(C9-C8-H23),angle,0.23067093881280173,+,0.034677597003782056,0.3881477265434133
50,1420.6201808480223,,,mixed C-H bending / C-H out-of-plane bending,tau(C9-C5-C6-H20),dihedral,0.21667926108606134,+,0.029620786520053944,0.49971953559980403
50,1420.6201808480223,,,mixed C-H bending / C-H out-of-plane bending,tau(H17-C4-C9-C8),dihedral,0.21586781110148315,+,0.030536726166968824,0.4684304222796268
50,1420.6201808480223,,,mixed C-H bending / C-H out-of-plane bending,tau(C2-C4-C5-H18),dihedral,0.20540852110501043,+,0.034078813223040294,0.35789174837591814
50,1420.6201808480223,,,mixed C-H bending / C-H out-of-plane bending,nu(C2-C4),bond,0.14397067089893475,+,0.032587134096745296,0.27433666012197316
50,1420.6201808480223,,,mixed C-H bending / C-H out-of-plane bending,"gamma(C5;C9,C4,H25)",oop,0.1435345223145956,+,0.010849634801725563,2.4673359249773874
50,1420.6201808480223,,,mixed C-H bending / C-H out-of-plane bending,tau(H23-C8-C9-C4),dihedral,0.1398348151038686,+,0.02510715293188535,0.4488720156531896
50,1420.6201808480223,,,mixed C-H bending / C-H out-of-plane bending,delta(C9-C4-H17),angle,0.09033024060462336,+,0.027952715392706468,0.23393075140123543
50,1420.6201808480223,,,mixed C-H bending / C-H out-of-plane bending,delta(H21-C7-H22),angle,0.06787589524868014,-,-0.022321427282491806,0.2756600324984054
50,1420.6201808480223,,,mixed C-H bending / C-H out-of-plane bending,tau(H12-C1-C2-C3),dihedral,0.052065422224513346,+,0.024263369690887323,0.1789572584353189
50,1420.6201808480223,,,mixed C-H bending / C-H out-of-plane bending,nu(C8-C9),bond,0.05196289620890957,+,0.01833280578933184,0.3128510577221663
50,1420.6201808480223,,,mixed C-H bending / C-H out-of-plane bending,delta(C3-C2-H13),angle,0.05127270044944882,+,0.02078049625168933,0.24025725817088736
50,1420.6201808480223,,,mixed C-H bending / C-H out-of-plane bending,nu(C5-C6),bond,0.04910539497737952,+,0.018299356266628757,0.29672882571093184
50,1420.6201808480223,,,mixed C-H bending / C-H out-of-plane bending,delta(H23-C8-H24),angle,0.04670274706033806,+,0.020886848881543102,0.21662008978042366
50,1420.6201808480223,,,mixed C-H bending / C-H out-of-plane bending,"gamma(C9;C4,C2,C5)",oop,0.04062707222369239,+,0.007953814950584252,1.2994713680163765
50,1420.6201808480223,,,mixed C-H bending / C-H out-of-plane bending,delta(C1-C2-C3),angle,0.03870210047723257,+,0.01484032119591319,0.3555904501026593
50,1420.6201808480223,,,mixed C-H bending / C-H out-of-plane bending,delta(C2-C4-C5),angle,0.02968526063139475,+,0.01382895623124891,0.3140973094435254
50,1420.6201808480223,,,mixed C-H bending / C-H out-of-plane bending,nu(C6-C7),bond,0.026594420555912067,+,0.013541589506712692,0.2934630298225203
50,1420.6201808480223,,,mixed C-H bending / C-H out-of-plane bending,nu(C7-C8),bond,0.026233496788351678,+,0.013606401600758414,0.28672909715516987
50,1420.6201808480223,,,mixed C-H bending / C-H out-of-plane bending,tau(H21-C7-C8-C9),dihedral,0.02323916036378495,-,-0.014764824450810668,0.21570788048823702
50,1420.6201808480223,,,mixed C-H bending / C-H out-of-plane bending,nu(C3-H14),bond,0.01959821976564359,+,0.01091777509558519,0.3326982298069487
50,1420.6201808480223,,,mixed C-H bending / C-H out-of-plane bending,nu(C1-H10),bond,0.019404064455255575,+,0.010863508039399696,0.33270144145954433
50,1420.6201808480223,,,mixed C-H bending / C-H out-of-plane bending,nu(C3-H15),bond,0.017131557025476803,+,0.010244271581132986,0.33032148604472367
50,1420.6201808480223,,,mixed C-H bending / C-H out-of-plane bending,nu(C1-H12),bond,0.016847151780195597,+,0.010158599602219393,0.3303398418047025
50,1420.6201808480223,,,mixed C-H bending / C-H out-of-plane bending,delta(C4-C9-C8),angle,0.016815275457883694,+,0.00670093057169722,0.7577673759020244
50,1420.6201808480223,,,mixed C-H bending / C-H out-of-plane bending,nu(C3-H16),bond,0.014397199223225588,+,0.009316454951786301,0.3356439255063405
50,1420.6201808480223,,,mixed C-H bending / C-H out-of-plane bending,nu(C1-H11),bond,0.014194752230052508,+,0.009250473241023079,0.33566191504728254
50,1420.6201808480223,,,mixed C-H bending / C-H out-of-plane bending,tau(H19-C6-C7-C8),dihedral,0.01321721122186287,-,-0.012098316461365355,0.18272253164280974
50,1420.6201808480223,,,mixed C-H bending / C-H out-of-plane bending,delta(C8-C7-H22),angle,0.006874089165066112,+,0.006096778155498582,0.37421098329674723
50,1420.6201808480223,,,mixed C-H bending / C-H out-of-plane bending,tau(C1-C2-C3-H16),dihedral,0.002870812968530185,+,0.004600482644426909,0.2744733988296527
50,1420.6201808480223,,,mixed C-H bending / C-H out-of-plane bending,nu(C4-H17),bond,0.0025955562490328297,-,-0.003946290427836948,0.3372519822787753
50,1420.6201808480223,,,mixed C-H bending / C-H out-of-plane bending,tau(H11-C1-C2-C3),dihedral,0.0018723245000158073,-,-0.004696743439821242,0.17174717389126995
50,1420.6201808480223,,,mixed C-H bending / C-H out-of-plane bending,tau(H20-C6-C7-C8),dihedral,0.0010398976237633959,+,0.0029046052514673693,0.24941266534876505
50,1420.6201808480223,,,mixed C-H bending / C-H out-of-plane bending,nu(C7-H22),bond,0.0008787921319486645,+,0.0023033770860410403,0.3351646674336103
50,1420.6201808480223,,,mixed C-H bending / C-H out-of-plane bending,nu(C2-H13),bond,0.0006215373793029817,-,-0.00194127984607681,0.3337283603614742
50,1420.6201808480223,,,mixed C-H bending / C-H out-of-plane bending,nu(C7-H21),bond,0.0003461918140493363,+,0.0014509071678548196,0.3327665744893832
50,1420.6201808480223,,,mixed C-H bending / C-H out-of-plane bending,delta(C3-C2-C4),angle,0.0002860495366601007,+,0.0010530361443367416,0.5219835858024717
50,1420.6201808480223,,,mixed C-H bending / C-H out-of-plane bending,nu(C5-H18),bond,0.00026338355947440675,-,-0.0012357036005357042,0.34902954612114734
50,1420.6201808480223,,,mixed C-H bending / C-H out-of-plane bending,nu(C9-H25),bond,0.00026286157256223,-,-0.0012344952399252823,0.34902008220261893
50,1420.6201808480223,,,mixed C-H bending / C-H out-of-plane bending,nu(C6-H20),bond,0.00017733778870362453,-,-0.0010447667396319246,0.3287492466493157
50,1420.6201808480223,,,mixed C-H bending / C-H out-of-plane bending,nu(C8-H24),bond,0.00017191252421260367,-,-0.0010285814344744065,0.3288003785530708
50,1420.6201808480223,,,mixed C-H bending / C-H out-of-plane bending,"gamma(C4;C5,C6,H18)",oop,0.00014842006532225262,-,-0.0008886133912184993,0.38033742786902636
50,1420.6201808480223,,,mixed C-H bending / C-H out-of-plane bending,nu(C8-H23),bond,0.000123397215125417,-,-0.000872192203744055,0.3282336573619821
50,1420.6201808480223,,,mixed C-H bending / C-H out-of-plane bending,nu(C6-H19),bond,0.00011639594292647675,-,-0.0008470729977037908,0.32824515254734715
50,1420.6201808480223,,,mixed C-H bending / C-H out-of-plane bending,tau(C3-C2-C4-C5),dihedral,2.1625071149568842e-05,+,0.0013501672997306906,0.024004050308062942
50,1420.6201808480223,,,mixed C-H bending / C-H out-of-plane bending,tau(C4-C2-C3-H14),dihedral,1.476164869295882e-05,-,-0.0003272928210625812,0.27884576993327614
50,1420.6201808480223,,,mixed C-H bending / C-H out-of-plane bending,tau(H17-C4-C9-H25),dihedral,1.4334091065913098e-05,-,-0.000220477367197354,0.5966838523581202
50,1420.6201808480223,,,mixed C-H bending / C-H out-of-plane bending,delta(C6-C7-C8),angle,3.377233530658392e-07,+,2.5969748976395198e-05,1.013275969219078
50,1420.6201808480223,,,mixed C-H bending / C-H out-of-plane bending,"gamma(C6;C7,H21,H22)",oop,1.8131422934441256e-07,-,-3.901202933893846e-05,0.24106655312168962
51,1451.389429794273,,,mixed ring-site C-H out-of-plane bending / in-phase cyclic C-C stretching / ring-site C-H in-plane bending,nu(C4-C5),bond,12.794272131936596,+,0.20019103583636358,0.5471945412726401
51,1451.389429794273,,,mixed ring-site C-H out-of-plane bending / in-phase cyclic C-C stretching / ring-site C-H in-plane bending,tau(H17-C4-C9-C8),dihedral,10.20850681559993,-,-0.19327081505736282,0.4684304222796268
51,1451.389429794273,,,mixed ring-site C-H out-of-plane bending / in-phase cyclic C-C stretching / ring-site C-H in-plane bending,nu(C4-C9),bond,9.730342287832174,+,0.20019024357508838,0.41615750179357514
51,1451.389429794273,,,mixed ring-site C-H out-of-plane bending / in-phase cyclic C-C stretching / ring-site C-H in-plane bending,delta(C9-C4-H17),angle,9.218280317041438,-,-0.25988966554407994,0.23393075140123543
51,1451.389429794273,,,mixed ring-site C-H out-of-plane bending / in-phase cyclic C-C stretching / ring-site C-H in-plane bending,"gamma(H19;C6,C5,H20)",oop,7.821673174624871,+,0.16234395152855816,0.5086778952751276
51,1451.389429794273,,,mixed ring-site C-H out-of-plane bending / in-phase cyclic C-C stretching / ring-site C-H in-plane bending,tau(H17-C4-C9-H25),dihedral,5.654456838698371,-,-0.12744741088512926,0.5966838523581202
51,1451.389429794273,,,mixed ring-site C-H out-of-plane bending / in-phase cyclic C-C stretching / ring-site C-H in-plane bending,nu(C2-C4),bond,5.433346558042264,-,-0.18424660442895777,0.27433666012197316
51,1451.389429794273,,,mixed ring-site C-H out-of-plane bending / in-phase cyclic C-C stretching / ring-site C-H in-plane bending,"gamma(C4;C2,C3,H13)",oop,5.366142068076101,+,0.16241531410279758,0.348677272053292
51,1451.389429794273,,,mixed ring-site C-H out-of-plane bending / in-phase cyclic C-C stretching / ring-site C-H in-plane bending,"gamma(H11;C1,H10,H12)",oop,3.8645565776434028,-,-0.1746813781098044,0.21708103153869004
51,1451.389429794273,,,mixed ring-site C-H out-of-plane bending / in-phase cyclic C-C stretching / ring-site C-H in-plane bending,delta(H15-C3-H16),angle,3.7718774715248813,-,-0.1310248339937301,0.3765873833684418
51,1451.389429794273,,,mixed ring-site C-H out-of-plane bending / in-phase cyclic C-C stretching / ring-site C-H in-plane bending,delta(C7-C8-H23),angle,3.0653834117726113,+,0.07587961344002273,0.9125360055785439
51,1451.389429794273,,,mixed ring-site C-H out-of-plane bending / in-phase cyclic C-C stretching / ring-site C-H in-plane bending,"gamma(C5;C9,C4,H25)",oop,2.5422882285944626,-,-0.04202482998277135,2.4673359249773874
51,1451.389429794273,,,mixed ring-site C-H out-of-plane bending / in-phase cyclic C-C stretching / ring-site C-H in-plane bending,delta(C6-C5-H18),angle,2.193308410622864,+,0.11866882732141605,0.26695731673582873
51,1451.389429794273,,,mixed ring-site C-H out-of-plane bending / in-phase cyclic C-C stretching / ring-site C-H in-plane bending,delta(C7-C6-H19),angle,1.9344098309893212,+,0.07568204539938786,0.578866203893712
51,1451.389429794273,,,mixed ring-site C-H out-of-plane bending / in-phase cyclic C-C stretching / ring-site C-H in-plane bending,tau(C2-C4-C5-H18),dihedral,1.54762023535224,-,-0.08609225235914249,0.35789174837591814
51,1451.389429794273,,,mixed ring-site C-H out-of-plane bending / in-phase cyclic C-C stretching / ring-site C-H in-plane bending,"gamma(C7;C8,H23,H24)",oop,1.510970452724613,+,0.09280962626552684,0.300666713145669
51,1451.389429794273,,,mixed ring-site C-H out-of-plane bending / in-phase cyclic C-C stretching / ring-site C-H in-plane bending,delta(C9-C8-H23),angle,1.5099314213546102,-,-0.0816559434411686,0.3881477265434133
51,1451.389429794273,,,mixed ring-site C-H out-of-plane bending / in-phase cyclic C-C stretching / ring-site C-H in-plane bending,tau(H23-C8-C9-C4),dihedral,1.448963190788213,-,-0.07438324556496191,0.4488720156531896
51,1451.389429794273,,,mixed ring-site C-H out-of-plane bending / in-phase cyclic C-C stretching / ring-site C-H in-plane bending,tau(C9-C5-C6-H20),dihedral,1.413004558913218,-,-0.06961716451182036,0.49971953559980403
51,1451.389429794273,,,mixed ring-site C-H out-of-plane bending / in-phase cyclic C-C stretching / ring-site C-H in-plane bending,delta(C3-C2-H13),angle,0.9991805130334139,-,-0.08442895858398487,0.24025725817088736
51,1451.389429794273,,,mixed ring-site C-H out-of-plane bending / in-phase cyclic C-C stretching / ring-site C-H in-plane bending,delta(C2-C1-H10),angle,0.9853078329091572,+,0.06692719967616555,0.3770353350204659
51,1451.389429794273,,,mixed ring-site C-H out-of-plane bending / in-phase cyclic C-C stretching / ring-site C-H in-plane bending,delta(C4-C9-C8),angle,0.9557031577299734,-,-0.04649446679936794,0.7577673759020244
51,1451.389429794273,,,mixed ring-site C-H out-of-plane bending / in-phase cyclic C-C stretching / ring-site C-H in-plane bending,delta(H14-C3-H16),angle,0.865881979995641,-,-0.0634678701053805,0.36843958035172164
51,1451.389429794273,,,mixed ring-site C-H out-of-plane bending / in-phase cyclic C-C stretching / ring-site C-H in-plane bending,tau(H12-C1-C2-C3),dihedral,0.7140302793351782,-,-0.08269730724506476,0.1789572584353189
51,1451.389429794273,,,mixed ring-site C-H out-of-plane bending / in-phase cyclic C-C stretching / ring-site C-H in-plane bending,delta(C2-C3-H15),angle,0.6286022789564769,+,0.05019594782072473,0.4276161102640135
51,1451.389429794273,,,mixed ring-site C-H out-of-plane bending / in-phase cyclic C-C stretching / ring-site C-H in-plane bending,delta(H23-C8-H24),angle,0.583078604710403,-,-0.06792378836028212,0.21662008978042366
51,1451.389429794273,,,mixed ring-site C-H out-of-plane bending / in-phase cyclic C-C stretching / ring-site C-H in-plane bending,delta(C2-C1-H12),angle,0.4507547345797646,+,0.05024903504060582,0.3059850941292659
51,1451.389429794273,,,mixed ring-site C-H out-of-plane bending / in-phase cyclic C-C stretching / ring-site C-H in-plane bending,delta(C4-C9-H25),angle,0.42398850061121945,-,-0.05739114751747288,0.22063768235437067
51,1451.389429794273,,,mixed ring-site C-H out-of-plane bending / in-phase cyclic C-C stretching / ring-site C-H in-plane bending,delta(C2-C3-H16),angle,0.39082237276623877,+,0.04668489068438074,0.3073563220041683
51,1451.389429794273,,,mixed ring-site C-H out-of-plane bending / in-phase cyclic C-C stretching / ring-site C-H in-plane bending,delta(C1-C2-C3),angle,0.3637199892963276,-,-0.041871281533503,0.3555904501026593
51,1451.389429794273,,,mixed ring-site C-H out-of-plane bending / in-phase cyclic C-C stretching / ring-site C-H in-plane bending,delta(H21-C7-H22),angle,0.26369427322928396,+,0.04049218016195475,0.2756600324984054
51,1451.389429794273,,,mixed ring-site C-H out-of-plane bending / in-phase cyclic C-C stretching / ring-site C-H in-plane bending,nu(C8-C9),bond,0.20688544701718992,-,-0.03366695745448171,0.3128510577221663
51,1451.389429794273,,,mixed ring-site C-H out-of-plane bending / in-phase cyclic C-C stretching / ring-site C-H in-plane bending,nu(C5-C6),bond,0.19769480103769435,-,-0.033792900392733895,0.29672882571093184
51,1451.389429794273,,,mixed ring-site C-H out-of-plane bending / in-phase cyclic C-C stretching / ring-site C-H in-plane bending,tau(H21-C7-C8-C9),dihedral,0.1543716102274071,+,0.03502340968337763,0.21570788048823702
51,1451.389429794273,,,mixed ring-site C-H out-of-plane bending / in-phase cyclic C-C stretching / ring-site C-H in-plane bending,nu(C6-C7),bond,0.12350414062850464,-,-0.02685788274442538,0.2934630298225203
51,1451.389429794273,,,mixed ring-site C-H out-of-plane bending / in-phase cyclic C-C stretching / ring-site C-H in-plane bending,nu(C7-C8),bond,0.12117031372675405,-,-0.026913485479613006,0.28672909715516987
51,1451.389429794273,,,mixed ring-site C-H out-of-plane bending / in-phase cyclic C-C stretching / ring-site C-H in-plane bending,delta(H14-C3-H15),angle,0.09975659773794825,+,0.021495151149901078,0.3700633261945618
51,1451.389429794273,,,mixed ring-site C-H out-of-plane bending / in-phase cyclic C-C stretching / ring-site C-H in-plane bending,delta(H10-C1-H12),angle,0.07000557268511909,+,0.021462070479740594,0.2604982470330432
51,1451.389429794273,,,mixed ring-site C-H out-of-plane bending / in-phase cyclic C-C stretching / ring-site C-H in-plane bending,tau(H20-C6-C7-C8),dihedral,0.05305571741789338,+,0.019094775510257695,0.24941266534876505
51,1451.389429794273,,,mixed ring-site C-H out-of-plane bending / in-phase cyclic C-C stretching / ring-site C-H in-plane bending,tau(C1-C2-C3-H16),dihedral,0.05240244850062659,-,-0.01808978364605207,0.2744733988296527
51,1451.389429794273,,,mixed ring-site C-H out-of-plane bending / in-phase cyclic C-C stretching / ring-site C-H in-plane bending,tau(H19-C6-C7-C8),dihedral,0.037119697254167874,+,0.01866009600238796,0.18272253164280974
51,1451.389429794273,,,mixed ring-site C-H out-of-plane bending / in-phase cyclic C-C stretching / ring-site C-H in-plane bending,nu(C1-C2),bond,0.03341889580239204,+,0.01459698334265592,0.26883220687743986
51,1451.389429794273,,,mixed ring-site C-H out-of-plane bending / in-phase cyclic C-C stretching / ring-site C-H in-plane bending,nu(C2-C3),bond,0.03337785589394713,+,0.014588470512714396,0.2688155190040503
51,1451.389429794273,,,mixed ring-site C-H out-of-plane bending / in-phase cyclic C-C stretching / ring-site C-H in-plane bending,tau(H11-C1-C2-C3),dihedral,0.03192982433899445,+,0.01785094360056551,0.17174717389126995
51,1451.389429794273,,,mixed ring-site C-H out-of-plane bending / in-phase cyclic C-C stretching / ring-site C-H in-plane bending,delta(C8-C7-H22),angle,0.02893748708200678,-,-0.011512770705700061,0.37421098329674723
51,1451.389429794273,,,mixed ring-site C-H out-of-plane bending / in-phase cyclic C-C stretching / ring-site C-H in-plane bending,delta(C2-C4-C5),angle,0.025147828024251393,-,-0.011714556347133103,0.3140973094435254
51,1451.389429794273,,,mixed ring-site C-H out-of-plane bending / in-phase cyclic C-C stretching / ring-site C-H in-plane bending,"gamma(C4;C5,C6,H18)",oop,0.011951454490411151,-,-0.007338943790310377,0.38033742786902636
51,1451.389429794273,,,mixed ring-site C-H out-of-plane bending / in-phase cyclic C-C stretching / ring-site C-H in-plane bending,nu(C9-H25),bond,0.010096953334865055,+,0.007041702602596459,0.34902008220261893
51,1451.389429794273,,,mixed ring-site C-H out-of-plane bending / in-phase cyclic C-C stretching / ring-site C-H in-plane bending,nu(C5-H18),bond,0.010071305304172072,+,0.0070326579895438,0.34902954612114734
51,1451.389429794273,,,mixed ring-site C-H out-of-plane bending / in-phase cyclic C-C stretching / ring-site C-H in-plane bending,nu(C1-H11),bond,0.008687203060997923,+,0.006660344074863757,0.33566191504728254
51,1451.389429794273,,,mixed ring-site C-H out-of-plane bending / in-phase cyclic C-C stretching / ring-site C-H in-plane bending,nu(C3-H16),bond,0.008630669244188111,+,0.006638814803675292,0.3356439255063405
51,1451.389429794273,,,mixed ring-site C-H out-of-plane bending / in-phase cyclic C-C stretching / ring-site C-H in-plane bending,"gamma(C9;C4,C2,C5)",oop,0.0074479134005480205,+,0.0031343079528712084,1.2994713680163765
51,1451.389429794273,,,mixed ring-site C-H out-of-plane bending / in-phase cyclic C-C stretching / ring-site C-H in-plane bending,tau(C4-C2-C3-H14),dihedral,0.0043179044184667266,+,0.005151837961150342,0.27884576993327614
51,1451.389429794273,,,mixed ring-site C-H out-of-plane bending / in-phase cyclic C-C stretching / ring-site C-H in-plane bending,nu(C8-H23),bond,0.0027887454196697955,+,0.003816107426701316,0.3282336573619821
51,1451.389429794273,,,mixed ring-site C-H out-of-plane bending / in-phase cyclic C-C stretching / ring-site C-H in-plane bending,nu(C6-H19),bond,0.0027678482332253876,+,0.003801716160304415,0.32824515254734715
51,1451.389429794273,,,mixed ring-site C-H out-of-plane bending / in-phase cyclic C-C stretching / ring-site C-H in-plane bending,delta(C6-C7-C8),angle,0.0018771016727104069,-,-0.0017819181020758156,1.013275969219078
51,1451.389429794273,,,mixed ring-site C-H out-of-plane bending / in-phase cyclic C-C stretching / ring-site C-H in-plane bending,nu(C8-H24),bond,0.0015653756392127254,+,0.0028566092882225456,0.3288003785530708
51,1451.389429794273,,,mixed ring-site C-H out-of-plane bending / in-phase cyclic C-C stretching / ring-site C-H in-plane bending,nu(C6-H20),bond,0.0015468783949366474,+,0.002839902412644919,0.3287492466493157
51,1451.389429794273,,,mixed ring-site C-H out-of-plane bending / in-phase cyclic C-C stretching / ring-site C-H in-plane bending,nu(C7-H22),bond,0.001409430686771782,-,-0.0026847290343121957,0.3351646674336103
51,1451.389429794273,,,mixed ring-site C-H out-of-plane bending / in-phase cyclic C-C stretching / ring-site C-H in-plane bending,nu(C7-H21),bond,0.0012804660023709746,-,-0.0025681588971254565,0.3327665744893832
51,1451.389429794273,,,mixed ring-site C-H out-of-plane bending / in-phase cyclic C-C stretching / ring-site C-H in-plane bending,nu(C2-H13),bond,0.0010889727809771294,+,0.002364937500522009,0.3337283603614742
51,1451.389429794273,,,mixed ring-site C-H out-of-plane bending / in-phase cyclic C-C stretching / ring-site C-H in-plane bending,nu(C4-H17),bond,0.0008220040681324019,-,-0.002043936695977558,0.3372519822787753
51,1451.389429794273,,,mixed ring-site C-H out-of-plane bending / in-phase cyclic C-C stretching / ring-site C-H in-plane bending,delta(C3-C2-C4),angle,0.00040634721375742673,+,0.0011551222060712876,0.5219835858024717
51,1451.389429794273,,,mixed ring-site C-H out-of-plane bending / in-phase cyclic C-C stretching / ring-site C-H in-plane bending,nu(C3-H14),bond,0.0001267696770015765,-,-0.0008081466179447297,0.3326982298069487
51,1451.389429794273,,,mixed ring-site C-H out-of-plane bending / in-phase cyclic C-C stretching / ring-site C-H in-plane bending,nu(C1-H10),bond,0.00012022023518856796,-,-0.0007869898991457789,0.33270144145954433
51,1451.389429794273,,,mixed ring-site C-H out-of-plane bending / in-phase cyclic C-C stretching / ring-site C-H in-plane bending,"gamma(C6;C7,H21,H22)",oop,0.00011122769961589101,+,0.0008892947153323508,0.24106655312168962
51,1451.389429794273,,,mixed ring-site C-H out-of-plane bending / in-phase cyclic C-C stretching / ring-site C-H in-plane bending,tau(C3-C2-C4-C5),dihedral,8.372931427798371e-06,-,-0.000773222024529641,0.024004050308062942
51,1451.389429794273,,,mixed ring-site C-H out-of-plane bending / in-phase cyclic C-C stretching / ring-site C-H in-plane bending,nu(C3-H15),bond,9.851112600092371e-08,+,2.2609030654310636e-05,0.33032148604472367
51,1451.389429794273,,,mixed ring-site C-H out-of-plane bending / in-phase cyclic C-C stretching / ring-site C-H in-plane bending,nu(C1-H12),bond,9.200519837449642e-10,-,-2.1849093225887093e-06,0.3303398418047025
52,1490.7284517608796,,,mixed C-H bending / C-C torsion,delta(H15-C3-H16),angle,33.013612832651035,-,-0.38654634489359446,0.3765873833684418
52,1490.7284517608796,,,mixed C-H bending / C-C torsion,delta(H14-C3-H16),angle,31.092996215919705,+,0.3792591563338427,0.36843958035172164
52,1490.7284517608796,,,mixed C-H bending / C-C torsion,tau(C1-C2-C3-H16),dihedral,13.548929836230082,-,-0.29006163714885475,0.2744733988296527
52,1490.7284517608796,,,mixed C-H bending / C-C torsion,tau(H11-C1-C2-C3),dihedral,8.308127441069738,-,-0.2871406652538196,0.17174717389126995
52,1490.7284517608796,,,mixed C-H bending / C-C torsion,tau(C4-C2-C3-H14),dihedral,2.9653940401570145,+,0.13463162940749926,0.27884576993327614
52,1490.7284517608796,,,mixed C-H bending / C-C torsion,delta(C2-C3-H15),angle,2.318989880784084,+,0.0961413739966196,0.4276161102640135
52,1490.7284517608796,,,mixed C-H bending / C-C torsion,delta(C2-C1-H10),angle,1.8558312784729707,+,0.09159381440374945,0.3770353350204659
52,1490.7284517608796,,,mixed C-H bending / C-C torsion,tau(H12-C1-C2-C3),dihedral,1.833407952280479,+,0.13214259267316994,0.1789572584353189
52,1490.7284517608796,,,mixed C-H bending / C-C torsion,delta(C2-C1-H12),angle,1.6215669267961175,-,-0.09503973808493879,0.3059850941292659
52,1490.7284517608796,,,mixed C-H bending / C-C torsion,delta(H23-C8-H24),angle,0.8436039632650394,+,0.08147190421705279,0.21662008978042366
52,1490.7284517608796,,,mixed C-H bending / C-C torsion,"gamma(H19;C6,C5,H20)",oop,0.7366580037468416,+,0.04968204343448,0.5086778952751276
52,1490.7284517608796,,,mixed C-H bending / C-C torsion,tau(C9-C5-C6-H20),dihedral,0.4697498117388261,-,-0.0400274635407516,0.49971953559980403
52,1490.7284517608796,,,mixed C-H bending / C-C torsion,tau(H23-C8-C9-C4),dihedral,0.2969598829624659,+,0.03357960269980978,0.4488720156531896
52,1490.7284517608796,,,mixed C-H bending / C-C torsion,tau(H20-C6-C7-C8),dihedral,0.23344196793996203,+,0.03994092726782604,0.24941266534876505
52,1490.7284517608796,,,mixed C-H bending / C-C torsion,tau(H19-C6-C7-C8),dihedral,0.16285030171732137,-,-0.03897500315063465,0.18272253164280974
52,1490.7284517608796,,,mixed C-H bending / C-C torsion,delta(C7-C8-H23),angle,0.15905660657797535,-,-0.017236091019390474,0.9125360055785439
52,1490.7284517608796,,,mixed C-H bending / C-C torsion,delta(C9-C8-H23),angle,0.1210383871131148,-,-0.02305424837263175,0.3881477265434133
52,1490.7284517608796,,,mixed C-H bending / C-C torsion,delta(C7-C6-H19),angle,0.10273948477144101,+,0.017392720640922184,0.578866203893712
52,1490.7284517608796,,,mixed C-H bending / C-C torsion,nu(C3-H15),bond,0.043853036692681174,+,0.015042476837938825,0.33032148604472367
52,1490.7284517608796,,,mixed C-H bending / C-C torsion,nu(C1-H12),bond,0.043097451384836304,-,-0.014911908943586941,0.3303398418047025
52,1490.7284517608796,,,mixed C-H bending / C-C torsion,nu(C3-H14),bond,0.041355355316313035,-,-0.014555547984550605,0.3326982298069487
52,1490.7284517608796,,,mixed C-H bending / C-C torsion,nu(C1-H10),bond,0.040627597311844156,+,0.014426838012233541,0.33270144145954433
52,1490.7284517608796,,,mixed C-H bending / C-C torsion,delta(C3-C2-C4),angle,0.03931266113745358,+,0.011329890833075774,0.5219835858024717
52,1490.7284517608796,,,mixed C-H bending / C-C torsion,"gamma(C4;C2,C3,H13)",oop,0.03681332759400906,+,0.013414628349665053,0.348677272053292
52,1490.7284517608796,,,mixed C-H bending / C-C torsion,nu(C8-C9),bond,0.011767397551951107,+,0.008006806375025025,0.3128510577221663
52,1490.7284517608796,,,mixed C-H bending / C-C torsion,nu(C5-C6),bond,0.011109404835435483,-,-0.007988283230575011,0.29672882571093184
52,1490.7284517608796,,,mixed C-H bending / C-C torsion,tau(H17-C4-C9-C8),dihedral,0.0055033266194369525,+,0.004474845292218916,0.4684304222796268
52,1490.7284517608796,,,mixed C-H bending / C-C torsion,"gamma(C7;C8,H23,H24)",oop,0.005493122048736527,+,0.0055802656787718,0.300666713145669
52,1490.7284517608796,,,mixed C-H bending / C-C torsion,"gamma(C5;C9,C4,H25)",oop,0.004388497732058805,+,0.0017411321110658074,2.4673359249773874
52,1490.7284517608796,,,mixed C-H bending / C-C torsion,delta(C3-C2-H13),angle,0.004068645215986621,+,0.005372477179545436,0.24025725817088736
52,1490.7284517608796,,,mixed C-H bending / C-C torsion,delta(C6-C5-H18),angle,0.0027618300640773704,+,0.004199189649755451,0.26695731673582873
52,1490.7284517608796,,,mixed C-H bending / C-C torsion,nu(C6-C7),bond,0.002607470905748764,-,-0.0038915352098140934,0.2934630298225203
52,1490.7284517608796,,,mixed C-H bending / C-C torsion,nu(C7-C8),bond,0.00241938221228219,+,0.003792313963605629,0.28672909715516987
52,1490.7284517608796,,,mixed C-H bending / C-C torsion,"gamma(C4;C5,C6,H18)",oop,0.002385950554376716,-,-0.003269897311223727,0.38033742786902636
52,1490.7284517608796,,,mixed C-H bending / C-C torsion,nu(C6-H20),bond,0.00205781204523909,+,0.003266317490500025,0.3287492466493157
52,1490.7284517608796,,,mixed C-H bending / C-C torsion,nu(C8-H24),bond,0.0020438819509590953,-,-0.0032549901369015167,0.3288003785530708
52,1490.7284517608796,,,mixed C-H bending / C-C torsion,delta(C8-C7-H22),angle,0.0018586548645048789,+,0.002909571529072985,0.37421098329674723
52,1490.7284517608796,,,mixed C-H bending / C-C torsion,tau(C2-C4-C5-H18),dihedral,0.0016046315447129018,-,-0.0027643927621999274,0.35789174837591814
52,1490.7284517608796,,,mixed C-H bending / C-C torsion,delta(H14-C3-H15),angle,0.0013236118938792858,+,0.0024690519831579065,0.3700633261945618
52,1490.7284517608796,,,mixed C-H bending / C-C torsion,nu(C6-H19),bond,0.001310895720036623,+,0.0026089925516901186,0.32824515254734715
52,1490.7284517608796,,,mixed C-H bending / C-C torsion,nu(C8-H23),bond,0.0012951489962356297,-,-0.002593320766740788,0.3282336573619821
52,1490.7284517608796,,,mixed C-H bending / C-C torsion,"gamma(H11;C1,H10,H12)",oop,0.0010304293942618493,+,0.0028443701235392094,0.21708103153869004
52,1490.7284517608796,,,mixed C-H bending / C-C torsion,delta(H10-C1-H12),angle,0.0007189164668066328,-,-0.0021688261458702417,0.2604982470330432
52,1490.7284517608796,,,mixed C-H bending / C-C torsion,tau(C3-C2-C4-C5),dihedral,0.0005788908445150298,+,0.006411269064109812,0.024004050308062942
52,1490.7284517608796,,,mixed C-H bending / C-C torsion,"gamma(C9;C4,C2,C5)",oop,0.0005169709307292428,+,0.0008234507536519795,1.2994713680163765
52,1490.7284517608796,,,mixed C-H bending / C-C torsion,tau(H17-C4-C9-H25),dihedral,0.00041514638934914567,-,-0.0010889712577352106,0.5966838523581202
52,1490.7284517608796,,,mixed C-H bending / C-C torsion,nu(C4-C9),bond,0.00038312921311046196,-,-0.0012526556368654543,0.41615750179357514
52,1490.7284517608796,,,mixed C-H bending / C-C torsion,delta(C9-C4-H17),angle,0.00034411360769814154,-,-0.0015834165962664295,0.23393075140123543
52,1490.7284517608796,,,mixed C-H bending / C-C torsion,delta(C4-C9-H25),angle,0.0003210329256118973,+,0.0015747908108428074,0.22063768235437067
52,1490.7284517608796,,,mixed C-H bending / C-C torsion,nu(C4-C5),bond,0.0002708540977352176,+,0.0009185118299476409,0.5471945412726401
52,1490.7284517608796,,,mixed C-H bending / C-C torsion,nu(C1-H11),bond,0.00025942737715051027,-,-0.0011477433774652623,0.33566191504728254
52,1490.7284517608796,,,mixed C-H bending / C-C torsion,delta(C4-C9-C8),angle,0.00024982029742934823,+,0.0007496073492826691,0.7577673759020244
52,1490.7284517608796,,,mixed C-H bending / C-C torsion,nu(C3-H16),bond,0.00023816080177603745,+,0.001099723924162199,0.3356439255063405
52,1490.7284517608796,,,mixed C-H bending / C-C torsion,delta(C2-C4-C5),angle,0.0001768848383513003,-,-0.0009797180817694127,0.3140973094435254
52,1490.7284517608796,,,mixed C-H bending / C-C torsion,delta(C2-C3-H16),angle,0.0001048610159871008,-,-0.0007625597573159706,0.3073563220041683
52,1490.7284517608796,,,mixed C-H bending / C-C torsion,nu(C5-H18),bond,9.786877245267383e-05,-,-0.0006913196500015195,0.34902954612114734
52,1490.7284517608796,,,mixed C-H bending / C-C torsion,nu(C9-H25),bond,9.279946514268246e-05,+,0.0006731865888774551,0.34902008220261893
52,1490.7284517608796,,,mixed C-H bending / C-C torsion,tau(H21-C7-C8-C9),dihedral,7.32878339078509e-05,-,-0.0007609758322635632,0.21570788048823702
52,1490.7284517608796,,,mixed C-H bending / C-C torsion,"gamma(C6;C7,H21,H22)",oop,6.73804580439692e-05,-,-0.0006902182328840783,0.24106655312168962
52,1490.7284517608796,,,mixed C-H bending / C-C torsion,nu(C2-C4),bond,2.616090087745282e-05,+,0.00040315527927891834,0.27433666012197316
52,1490.7284517608796,,,mixed C-H bending / C-C torsion,nu(C2-C3),bond,1.0031418137210441e-05,-,-0.0002521981666229697,0.2688155190040503
52,1490.7284517608796,,,mixed C-H bending / C-C torsion,nu(C1-C2),bond,7.928572211899973e-06,+,0.00022420473047625136,0.26883220687743986
52,1490.7284517608796,,,mixed C-H bending / C-C torsion,delta(H21-C7-H22),angle,1.1308902064998294e-06,-,-8.362020870330555e-05,0.2756600324984054
52,1490.7284517608796,,,mixed C-H bending / C-C torsion,delta(C1-C2-C3),angle,7.728411424482046e-07,+,6.0863650855828695e-05,0.3555904501026593
52,1490.7284517608796,,,mixed C-H bending / C-C torsion,nu(C2-H13),bond,7.341258192203513e-08,+,1.9363177160356064e-05,0.3337283603614742
52,1490.7284517608796,,,mixed C-H bending / C-C torsion,delta(C6-C7-C8),angle,1.608735911718369e-08,+,5.201953118577596e-06,1.013275969219078
52,1490.7284517608796,,,mixed C-H bending / C-C torsion,nu(C4-H17),bond,2.314435342765924e-09,-,-3.4200558476496066e-06,0.3372519822787753
52,1490.7284517608796,,,mixed C-H bending / C-C torsion,nu(C7-H21),bond,4.3158624337574016e-10,-,-1.4867976832591653e-06,0.3327665744893832
52,1490.7284517608796,,,mixed C-H bending / C-C torsion,nu(C7-H22),bond,1.4433689566200936e-11,+,2.7092400839211323e-07,0.3351646674336103
53,1494.1997823937652,,,C-H bending,delta(H14-C3-H15),angle,34.619145917117834,-,-0.44182460015366193,0.3700633261945618
53,1494.1997823937652,,,C-H bending,delta(H10-C1-H12),angle,23.882482009088637,+,0.4373882072543947,0.2604982470330432
53,1494.1997823937652,,,C-H bending,delta(H14-C3-H16),angle,8.54052058679183,+,0.21993217791833788,0.36843958035172164
53,1494.1997823937652,,,C-H bending,tau(C4-C2-C3-H14),dihedral,7.868779734298546,+,0.2426617953413911,0.27884576993327614
53,1494.1997823937652,,,C-H bending,delta(H15-C3-H16),angle,6.633155829172804,+,0.19171538212163816,0.3765873833684418
53,1494.1997823937652,,,C-H bending,tau(H12-C1-C2-C3),dihedral,4.416222005704335,-,-0.22692405328189325,0.1789572584353189
53,1494.1997823937652,,,C-H bending,"gamma(H11;C1,H10,H12)",oop,4.264629548545305,-,-0.20246942990469358,0.21708103153869004
53,1494.1997823937652,,,C-H bending,delta(C2-C3-H16),angle,1.587873151454724,-,-0.10382849763471558,0.3073563220041683
53,1494.1997823937652,,,C-H bending,delta(H23-C8-H24),angle,1.4530920841638082,-,-0.11831149581447183,0.21662008978042366
53,1494.1997823937652,,,C-H bending,delta(C2-C3-H15),angle,1.109875141172163,+,0.07359355378559557,0.4276161102640135
53,1494.1997823937652,,,C-H bending,"gamma(H19;C6,C5,H20)",oop,1.0481128879265442,-,-0.06557108051491325,0.5086778952751276
53,1494.1997823937652,,,C-H bending,delta(C2-C1-H12),angle,0.7870334156550596,-,-0.07326156523188257,0.3059850941292659
53,1494.1997823937652,,,C-H bending,tau(C9-C5-C6-H20),dihedral,0.7237253268138776,+,0.054973509627605124,0.49971953559980403
53,1494.1997823937652,,,C-H bending,delta(C2-C1-H10),angle,0.5626277630947953,-,-0.055801939665112564,0.3770353350204659
53,1494.1997823937652,,,C-H bending,tau(H23-C8-C9-C4),dihedral,0.5341585878705827,-,-0.049831456904224775,0.4488720156531896
53,1494.1997823937652,,,C-H bending,tau(H20-C6-C7-C8),dihedral,0.3069223729020561,-,-0.05067395067211295,0.24941266534876505
53,1494.1997823937652,,,C-H bending,delta(C7-C8-H23),angle,0.2813444029467055,+,0.025364358198446735,0.9125360055785439
53,1494.1997823937652,,,C-H bending,tau(H19-C6-C7-C8),dihedral,0.2373731709258903,+,0.05206543560025658,0.18272253164280974
53,1494.1997823937652,,,C-H bending,delta(C9-C8-H23),angle,0.22472176261522317,+,0.034757920488516114,0.3881477265434133
53,1494.1997823937652,,,C-H bending,delta(C3-C2-H13),angle,0.17670412629003973,+,0.03917552540009692,0.24025725817088736
53,1494.1997823937652,,,C-H bending,delta(C7-C6-H19),angle,0.1458026714928619,-,-0.02292574121668737,0.578866203893712
53,1494.1997823937652,,,C-H bending,nu(C1-C2),bond,0.10541890285009523,+,0.028605420734398063,0.26883220687743986
53,1494.1997823937652,,,C-H bending,nu(C2-C3),bond,0.10370203987939501,-,-0.02837240976264221,0.2688155190040503
53,1494.1997823937652,,,C-H bending,"gamma(C4;C2,C3,H13)",oop,0.091203823581395,+,0.023362776032317744,0.348677272053292
53,1494.1997823937652,,,C-H bending,nu(C3-H16),bond,0.0332504854031031,-,-0.014377697481279018,0.3356439255063405
53,1494.1997823937652,,,C-H bending,nu(C1-H11),bond,0.03240149827843813,+,0.014192576862661857,0.33566191504728254
53,1494.1997823937652,,,C-H bending,"gamma(C9;C4,C2,C5)",oop,0.029639021354053177,-,-0.006898875615891618,1.2994713680163765
53,1494.1997823937652,,,C-H bending,nu(C8-C9),bond,0.02277788140479321,-,-0.01232587026745724,0.3128510577221663
53,1494.1997823937652,,,C-H bending,nu(C5-C6),bond,0.01974262517308029,+,0.011782903574502067,0.29672882571093184
53,1494.1997823937652,,,C-H bending,tau(H17-C4-C9-C8),dihedral,0.01941059497762969,-,-0.009298793856152511,0.4684304222796268
53,1494.1997823937652,,,C-H bending,"gamma(C5;C9,C4,H25)",oop,0.017122846840117854,-,-0.003805428683704041,2.4673359249773874
53,1494.1997823937652,,,C-H bending,nu(C3-H15),bond,0.01117783223598961,+,0.008403111461900268,0.33032148604472367
53,1494.1997823937652,,,C-H bending,nu(C1-H12),bond,0.011066150693123097,-,-0.008360794599279797,0.3303398418047025
53,1494.1997823937652,,,C-H bending,delta(C6-C5-H18),angle,0.009572824608516982,-,-0.008650254383204097,0.26695731673582873
53,1494.1997823937652,,,C-H bending,nu(C3-H14),bond,0.00831394785925985,+,0.007221179584704998,0.3326982298069487
53,1494.1997823937652,,,C-H bending,delta(C2-C4-C5),angle,0.00810654311994213,+,0.007338638296391532,0.3140973094435254
53,1494.1997823937652,,,C-H bending,nu(C1-H10),bond,0.008021185717683066,-,-0.0070928648896317215,0.33270144145954433
53,1494.1997823937652,,,C-H bending,tau(C1-C2-C3-H16),dihedral,0.007534496919969768,-,-0.007568446445298634,0.2744733988296527
53,1494.1997823937652,,,C-H bending,tau(H11-C1-C2-C3),dihedral,0.005897375558649256,-,-0.008464753887350088,0.17174717389126995
53,1494.1997823937652,,,C-H bending,nu(C7-C8),bond,0.005230972719729919,-,-0.006169998897476113,0.28672909715516987
53,1494.1997823937652,,,C-H bending,nu(C6-C7),bond,0.004933132125608329,+,0.0059226274845068615,0.2934630298225203
53,1494.1997823937652,,,C-H bending,delta(C3-C2-C4),angle,0.004893162255930299,+,0.004422788052890194,0.5219835858024717
53,1494.1997823937652,,,C-H bending,delta(C4-C9-H25),angle,0.004869048348958153,-,-0.006785970112570095,0.22063768235437067
53,1494.1997823937652,,,C-H bending,"gamma(C7;C8,H23,H24)",oop,0.004577323589165343,-,-0.005636284092332058,0.300666713145669
53,1494.1997823937652,,,C-H bending,nu(C8-H24),bond,0.0037018944683370842,+,0.004847028853534539,0.3288003785530708
53,1494.1997823937652,,,C-H bending,tau(C2-C4-C5-H18),dihedral,0.0035118914674156006,-,-0.004525061048623605,0.35789174837591814
53,1494.1997823937652,,,C-H bending,delta(C9-C4-H17),angle,0.0034097191285786884,+,0.005514998359189479,0.23393075140123543
53,1494.1997823937652,,,C-H bending,nu(C6-H20),bond,0.0031850025061377803,-,-0.0044962686116634875,0.3287492466493157
53,1494.1997823937652,,,C-H bending,nu(C8-H23),bond,0.002160494919101873,+,0.003706080182026848,0.3282336573619821
53,1494.1997823937652,,,C-H bending,delta(H21-C7-H22),angle,0.001991788433929384,+,0.0038829736555506247,0.2756600324984054
53,1494.1997823937652,,,C-H bending,nu(C6-H19),bond,0.0018242096333826899,-,-0.0034053986088042904,0.32824515254734715
53,1494.1997823937652,,,C-H bending,"gamma(C4;C5,C6,H18)",oop,0.0018065524644686652,+,0.003148259330605914,0.38033742786902636
53,1494.1997823937652,,,C-H bending,"gamma(C6;C7,H21,H22)",oop,0.0017000977451509648,-,-0.003836173218397178,0.24106655312168962
53,1494.1997823937652,,,C-H bending,tau(C3-C2-C4-C5),dihedral,0.0011415832328847675,+,0.009961879153101512,0.024004050308062942
53,1494.1997823937652,,,C-H bending,tau(H17-C4-C9-H25),dihedral,0.0009109209477524579,-,-0.0017848344695014548,0.5966838523581202
53,1494.1997823937652,,,C-H bending,tau(H21-C7-C8-C9),dihedral,0.0008553323414884383,+,0.0028764987097543004,0.21570788048823702
53,1494.1997823937652,,,C-H bending,delta(C8-C7-H22),angle,0.0001521826682127717,-,-0.0009212003081280372,0.37421098329674723
53,1494.1997823937652,,,C-H bending,nu(C9-H25),bond,0.00011187514339850623,-,-0.0008178456286453706,0.34902008220261893
53,1494.1997823937652,,,C-H bending,delta(C6-C7-C8),angle,0.00010917326000306207,-,-0.0004741590131816465,1.013275969219078
53,1494.1997823937652,,,C-H bending,nu(C4-C9),bond,9.650281309034839e-05,-,-0.0006956180862822986,0.41615750179357514
53,1494.1997823937652,,,C-H bending,nu(C5-H18),bond,9.391796266699002e-05,+,0.0007493297540622684,0.34902954612114734
53,1494.1997823937652,,,C-H bending,delta(C4-C9-C8),angle,3.729100410306634e-05,+,0.00032045262193683817,0.7577673759020244
53,1494.1997823937652,,,C-H bending,nu(C4-C5),bond,2.3439207074214618e-05,+,0.0002989718661363697,0.5471945412726401
53,1494.1997823937652,,,C-H bending,nu(C7-H21),bond,5.310304249861989e-06,-,-0.0001824818169927274,0.3327665744893832
53,1494.1997823937652,,,C-H bending,nu(C7-H22),bond,3.7906789871451794e-06,-,-0.00015362402216005034,0.3351646674336103
53,1494.1997823937652,,,C-H bending,nu(C2-H13),bond,4.792239398867042e-07,-,-5.473970313065573e-05,0.3337283603614742
53,1494.1997823937652,,,C-H bending,delta(C1-C2-C3),angle,1.6221980918043403e-07,+,3.0853656572930137e-05,0.3555904501026593
53,1494.1997823937652,,,C-H bending,nu(C4-H17),bond,1.235527994954429e-07,-,-2.764895884557446e-05,0.3372519822787753
53,1494.1997823937652,,,C-H bending,nu(C2-C4),bond,5.313477979723398e-08,-,-2.0103758634926377e-05,0.27433666012197316
54,1499.5062330505375,,,mixed C-H bending / ring-site C-H out-of-plane bending,delta(H21-C7-H22),angle,23.054562442673674,-,-0.406613419126843,0.2756600324984054
54,1499.5062330505375,,,mixed C-H bending / ring-site C-H out-of-plane bending,delta(H23-C8-H24),angle,17.410029153376385,+,0.39860298816121864,0.21662008978042366
54,1499.5062330505375,,,mixed C-H bending / ring-site C-H out-of-plane bending,"gamma(H19;C6,C5,H20)",oop,12.40315454000254,-,-0.21955069251225823,0.5086778952751276
54,1499.5062330505375,,,mixed C-H bending / ring-site C-H out-of-plane bending,tau(C9-C5-C6-H20),dihedral,7.395064038091896,+,0.17104011205952074,0.49971953559980403
54,1499.5062330505375,,,mixed C-H bending / ring-site C-H out-of-plane bending,tau(H23-C8-C9-C4),dihedral,6.873920025842307,+,0.1739927446093824,0.4488720156531896
54,1499.5062330505375,,,mixed C-H bending / ring-site C-H out-of-plane bending,tau(H21-C7-C8-C9),dihedral,3.9637966456231526,-,-0.1905955882859245,0.21570788048823702
54,1499.5062330505375,,,mixed C-H bending / ring-site C-H out-of-plane bending,delta(C7-C8-H23),angle,3.9160610092549426,-,-0.09210641664699643,0.9125360055785439
54,1499.5062330505375,,,mixed C-H bending / ring-site C-H out-of-plane bending,tau(H20-C6-C7-C8),dihedral,3.3888352033497613,-,-0.1638913904886699,0.24941266534876505
54,1499.5062330505375,,,mixed C-H bending / ring-site C-H out-of-plane bending,delta(H14-C3-H15),angle,3.094939679631294,+,0.12858142579195972,0.3700633261945618
54,1499.5062330505375,,,mixed C-H bending / ring-site C-H out-of-plane bending,tau(H19-C6-C7-C8),dihedral,2.925915442158842,+,0.17792009438137563,0.18272253164280974
54,1499.5062330505375,,,mixed C-H bending / ring-site C-H out-of-plane bending,delta(H10-C1-H12),angle,2.903680488808216,+,0.14844383896280225,0.2604982470330432
54,1499.5062330505375,,,mixed C-H bending / ring-site C-H out-of-plane bending,delta(C9-C8-H23),angle,2.3893117300381106,-,-0.11031334427057264,0.3881477265434133
54,1499.5062330505375,,,mixed C-H bending / ring-site C-H out-of-plane bending,delta(H15-C3-H16),angle,2.2262440513876256,-,-0.10810447442721138,0.3765873833684418
54,1499.5062330505375,,,mixed C-H bending / ring-site C-H out-of-plane bending,delta(C7-C6-H19),angle,1.9892716709954703,-,-0.08242294315909028,0.578866203893712
54,1499.5062330505375,,,mixed C-H bending / ring-site C-H out-of-plane bending,delta(C8-C7-H22),angle,1.830439548869613,+,0.09833533393772932,0.37421098329674723
54,1499.5062330505375,,,mixed C-H bending / ring-site C-H out-of-plane bending,tau(H12-C1-C2-C3),dihedral,0.8911145043234,-,-0.0992161256512271,0.1789572584353189
54,1499.5062330505375,,,mixed C-H bending / ring-site C-H out-of-plane bending,delta(C6-C7-C8),angle,0.8691191605529345,+,0.04117806713846456,1.013275969219078
54,1499.5062330505375,,,mixed C-H bending / ring-site C-H out-of-plane bending,"gamma(H11;C1,H10,H12)",oop,0.5779668190376153,-,-0.07254887487285826,0.21708103153869004
54,1499.5062330505375,,,mixed C-H bending / ring-site C-H out-of-plane bending,tau(C4-C2-C3-H14),dihedral,0.3493752032363623,-,-0.04976845688563608,0.27884576993327614
54,1499.5062330505375,,,mixed C-H bending / ring-site C-H out-of-plane bending,delta(C2-C1-H10),angle,0.2350113986972206,-,-0.035102949043183396,0.3770353350204659
54,1499.5062330505375,,,mixed C-H bending / ring-site C-H out-of-plane bending,delta(C2-C3-H16),angle,0.17674884198129545,+,0.03371687997524145,0.3073563220041683
54,1499.5062330505375,,,mixed C-H bending / ring-site C-H out-of-plane bending,tau(C1-C2-C3-H16),dihedral,0.15319518071533345,-,-0.03321716686694819,0.2744733988296527
54,1499.5062330505375,,,mixed C-H bending / ring-site C-H out-of-plane bending,nu(C4-C5),bond,0.1323031941786532,+,0.02186273311506153,0.5471945412726401
54,1499.5062330505375,,,mixed C-H bending / ring-site C-H out-of-plane bending,tau(H11-C1-C2-C3),dihedral,0.121989239051591,+,0.03747193569254931,0.17174717389126995
54,1499.5062330505375,,,mixed C-H bending / ring-site C-H out-of-plane bending,nu(C4-C9),bond,0.10645201266052245,+,0.022487348023124142,0.41615750179357514
54,1499.5062330505375,,,mixed C-H bending / ring-site C-H out-of-plane bending,"gamma(C7;C8,H23,H24)",oop,0.0966216753286058,+,0.02520488808568709,0.300666713145669
54,1499.5062330505375,,,mixed C-H bending / ring-site C-H out-of-plane bending,nu(C7-H21),bond,0.055232472093198995,+,0.018114133307550698,0.3327665744893832
54,1499.5062330505375,,,mixed C-H bending / ring-site C-H out-of-plane bending,"gamma(C6;C7,H21,H22)",oop,0.04896616780730012,-,-0.02003870933796395,0.24106655312168962
54,1499.5062330505375,,,mixed C-H bending / ring-site C-H out-of-plane bending,nu(C7-H22),bond,0.04379565856993022,+,0.016072246424011498,0.3351646674336103
54,1499.5062330505375,,,mixed C-H bending / ring-site C-H out-of-plane bending,nu(C8-H24),bond,0.040459377842376076,-,-0.015596732094592964,0.3288003785530708
54,1499.5062330505375,,,mixed C-H bending / ring-site C-H out-of-plane bending,nu(C8-C9),bond,0.03948350707754613,+,0.015795348543203813,0.3128510577221663
54,1499.5062330505375,,,mixed C-H bending / ring-site C-H out-of-plane bending,delta(H14-C3-H16),angle,0.03447472346507092,-,-0.013600579794534296,0.36843958035172164
54,1499.5062330505375,,,mixed C-H bending / ring-site C-H out-of-plane bending,nu(C6-H20),bond,0.0326412410931495,-,-0.014010096128585146,0.3287492466493157
54,1499.5062330505375,,,mixed C-H bending / ring-site C-H out-of-plane bending,"gamma(C5;C9,C4,H25)",oop,0.024381773450905607,-,-0.004419861609709977,2.4673359249773874
54,1499.5062330505375,,,mixed C-H bending / ring-site C-H out-of-plane bending,nu(C5-C6),bond,0.024327177797337816,+,0.012730813686231947,0.29672882571093184
54,1499.5062330505375,,,mixed C-H bending / ring-site C-H out-of-plane bending,nu(C8-H23),bond,0.023272642423854024,-,-0.011839175517804449,0.3282336573619821
54,1499.5062330505375,,,mixed C-H bending / ring-site C-H out-of-plane bending,delta(C9-C4-H17),angle,0.02284970742653947,-,-0.013895904814702955,0.23393075140123543
54,1499.5062330505375,,,mixed C-H bending / ring-site C-H out-of-plane bending,tau(C2-C4-C5-H18),dihedral,0.018733134833421098,-,-0.010172309220835833,0.35789174837591814
54,1499.5062330505375,,,mixed C-H bending / ring-site C-H out-of-plane bending,nu(C6-H19),bond,0.017997122280223665,-,-0.010411002236648585,0.32824515254734715
54,1499.5062330505375,,,mixed C-H bending / ring-site C-H out-of-plane bending,delta(C2-C3-H15),angle,0.01503798320469946,-,-0.008337924054074637,0.4276161102640135
54,1499.5062330505375,,,mixed C-H bending / ring-site C-H out-of-plane bending,"gamma(C4;C2,C3,H13)",oop,0.013624918424682969,+,0.00878911814290988,0.348677272053292
54,1499.5062330505375,,,mixed C-H bending / ring-site C-H out-of-plane bending,delta(C2-C1-H12),angle,0.013561366391790133,-,-0.009360342846299581,0.3059850941292659
54,1499.5062330505375,,,mixed C-H bending / ring-site C-H out-of-plane bending,delta(C4-C9-H25),angle,0.01149964688695659,-,-0.010150620138356931,0.22063768235437067
54,1499.5062330505375,,,mixed C-H bending / ring-site C-H out-of-plane bending,delta(C6-C5-H18),angle,0.00807277250769659,+,0.007731799964483517,0.26695731673582873
54,1499.5062330505375,,,mixed C-H bending / ring-site C-H out-of-plane bending,delta(C4-C9-C8),angle,0.004764092158486457,+,0.0035254315909852515,0.7577673759020244
54,1499.5062330505375,,,mixed C-H bending / ring-site C-H out-of-plane bending,nu(C1-H11),bond,0.004678498211146517,+,0.005249190891299356,0.33566191504728254
54,1499.5062330505375,,,mixed C-H bending / ring-site C-H out-of-plane bending,nu(C3-H16),bond,0.0035813667718298673,+,0.004592775009504666,0.3356439255063405
54,1499.5062330505375,,,mixed C-H bending / ring-site C-H out-of-plane bending,nu(C2-C3),bond,0.0034938116305139105,-,-0.005068888533923884,0.2688155190040503
54,1499.5062330505375,,,mixed C-H bending / ring-site C-H out-of-plane bending,nu(C1-H10),bond,0.0034518878024125538,-,-0.004528883624521931,0.33270144145954433
54,1499.5062330505375,,,mixed C-H bending / ring-site C-H out-of-plane bending,nu(C3-H14),bond,0.002707445031064185,-,-0.004010926887540181,0.3326982298069487
54,1499.5062330505375,,,mixed C-H bending / ring-site C-H out-of-plane bending,nu(C1-C2),bond,0.002252280707697287,-,-0.004069684822097525,0.26883220687743986
54,1499.5062330505375,,,mixed C-H bending / ring-site C-H out-of-plane bending,delta(C3-C2-H13),angle,0.0020237534917871003,-,-0.004080662847082551,0.24025725817088736
54,1499.5062330505375,,,mixed C-H bending / ring-site C-H out-of-plane bending,nu(C2-C4),bond,0.0020042464169328154,-,-0.00380035179817669,0.27433666012197316
54,1499.5062330505375,,,mixed C-H bending / ring-site C-H out-of-plane bending,delta(C1-C2-C3),angle,0.0018706383030337485,-,-0.0032248538228849912,0.3555904501026593
54,1499.5062330505375,,,mixed C-H bending / ring-site C-H out-of-plane bending,nu(C9-H25),bond,0.0010381408400205333,+,0.002424895885448292,0.34902008220261893
54,1499.5062330505375,,,mixed C-H bending / ring-site C-H out-of-plane bending,nu(C5-H18),bond,0.0009248717633366613,+,0.0022887577646613978,0.34902954612114734
54,1499.5062330505375,,,mixed C-H bending / ring-site C-H out-of-plane bending,delta(C3-C2-C4),angle,0.0006288029343079568,+,0.00154318866001391,0.5219835858024717
54,1499.5062330505375,,,mixed C-H bending / ring-site C-H out-of-plane bending,nu(C2-H13),bond,0.0005948374475522447,+,0.0018771231251643384,0.3337283603614742
54,1499.5062330505375,,,mixed C-H bending / ring-site C-H out-of-plane bending,nu(C4-H17),bond,0.0005404350871293582,+,0.0017798552331361778,0.3372519822787753
54,1499.5062330505375,,,mixed C-H bending / ring-site C-H out-of-plane bending,"gamma(C9;C4,C2,C5)",oop,0.0004987865779441436,-,-0.0008710923272516279,1.2994713680163765
54,1499.5062330505375,,,mixed C-H bending / ring-site C-H out-of-plane bending,nu(C7-C8),bond,0.0004104190082582612,+,0.0016821627681596382,0.28672909715516987
54,1499.5062330505375,,,mixed C-H bending / ring-site C-H out-of-plane bending,tau(H17-C4-C9-C8),dihedral,0.000317977489114141,-,-0.0011584193630745341,0.4684304222796268
54,1499.5062330505375,,,mixed C-H bending / ring-site C-H out-of-plane bending,nu(C1-H12),bond,0.00024656001883825257,-,-0.0012147055498015447,0.3303398418047025
54,1499.5062330505375,,,mixed C-H bending / ring-site C-H out-of-plane bending,nu(C3-H15),bond,0.00021224199603423556,-,-0.0011270350318167332,0.33032148604472367
54,1499.5062330505375,,,mixed C-H bending / ring-site C-H out-of-plane bending,"gamma(C4;C5,C6,H18)",oop,7.984152441112991e-05,+,0.0006441989969556517,0.38033742786902636
54,1499.5062330505375,,,mixed C-H bending / ring-site C-H out-of-plane bending,nu(C6-C7),bond,6.948800219687983e-05,-,-0.000684176859196451,0.2934630298225203
54,1499.5062330505375,,,mixed C-H bending / ring-site C-H out-of-plane bending,delta(C2-C4-C5),angle,3.3207341051785726e-05,-,-0.0004571672483768127,0.3140973094435254
54,1499.5062330505375,,,mixed C-H bending / ring-site C-H out-of-plane bending,tau(H17-C4-C9-H25),dihedral,3.206257441132865e-05,+,0.00032592465866202944,0.5966838523581202
54,1499.5062330505375,,,mixed C-H bending / ring-site C-H out-of-plane bending,tau(C3-C2-C4-C5),dihedral,1.0013426424926703e-05,-,-0.0009081116727768203,0.024004050308062942
55,1502.1194300104614,,,mixed ring-site C-H out-of-plane bending / C-H bending,"gamma(H19;C6,C5,H20)",oop,23.053782813329395,+,0.3092544869594706,0.5086778952751276
55,1502.1194300104614,,,mixed ring-site C-H out-of-plane bending / C-H bending,delta(H23-C8-H24),angle,22.57310939245151,+,0.4689350243233761,0.21662008978042366
55,1502.1194300104614,,,mixed ring-site C-H out-of-plane bending / C-H bending,tau(C9-C5-C6-H20),dihedral,14.530564237121569,-,-0.24771050183469245,0.49971953559980403
55,1502.1194300104614,,,mixed ring-site C-H out-of-plane bending / C-H bending,tau(H23-C8-C9-C4),dihedral,8.60710806544513,+,0.20115633120947643,0.4488720156531896
55,1502.1194300104614,,,mixed ring-site C-H out-of-plane bending / C-H bending,tau(H20-C6-C7-C8),dihedral,6.856944471982677,+,0.24086428496207898,0.24941266534876505
55,1502.1194300104614,,,mixed ring-site C-H out-of-plane bending / C-H bending,tau(H19-C6-C7-C8),dihedral,4.824316409246333,-,-0.23604140098254275,0.18272253164280974
55,1502.1194300104614,,,mixed ring-site C-H out-of-plane bending / C-H bending,delta(C7-C8-H23),angle,4.674711268473683,-,-0.10397255946557102,0.9125360055785439
55,1502.1194300104614,,,mixed ring-site C-H out-of-plane bending / C-H bending,delta(C7-C6-H19),angle,3.402304040572122,+,0.1113688683540384,0.578866203893712
55,1502.1194300104614,,,mixed ring-site C-H out-of-plane bending / C-H bending,delta(C9-C8-H23),angle,3.0933056033414714,-,-0.12968186104833915,0.3881477265434133
55,1502.1194300104614,,,mixed ring-site C-H out-of-plane bending / C-H bending,delta(H15-C3-H16),angle,2.7593828953799924,+,0.12434818327126888,0.3765873833684418
55,1502.1194300104614,,,mixed ring-site C-H out-of-plane bending / C-H bending,delta(H14-C3-H15),angle,1.7638502967996454,-,-0.10029035783474506,0.3700633261945618
55,1502.1194300104614,,,mixed ring-site C-H out-of-plane bending / C-H bending,delta(H10-C1-H12),angle,1.0755510653391607,+,0.09334250644676818,0.2604982470330432
55,1502.1194300104614,,,mixed ring-site C-H out-of-plane bending / C-H bending,tau(H12-C1-C2-C3),dihedral,0.43414494916316565,-,-0.07154990493865289,0.1789572584353189
55,1502.1194300104614,,,mixed ring-site C-H out-of-plane bending / C-H bending,"gamma(H11;C1,H10,H12)",oop,0.41147957426237036,-,-0.0632454877536494,0.21708103153869004
55,1502.1194300104614,,,mixed ring-site C-H out-of-plane bending / C-H bending,tau(C1-C2-C3-H16),dihedral,0.32743926800043865,+,0.05017433138790514,0.2744733988296527
55,1502.1194300104614,,,mixed ring-site C-H out-of-plane bending / C-H bending,nu(C5-C6),bond,0.16407852949138113,-,-0.03415956662529874,0.29672882571093184
55,1502.1194300104614,,,mixed ring-site C-H out-of-plane bending / C-H bending,nu(C8-C9),bond,0.1637593197129833,+,0.03323537187973862,0.3128510577221663
55,1502.1194300104614,,,mixed ring-site C-H out-of-plane bending / C-H bending,tau(C4-C2-C3-H14),dihedral,0.15951368423043075,+,0.034744277596038785,0.27884576993327614
55,1502.1194300104614,,,mixed ring-site C-H out-of-plane bending / C-H bending,delta(C2-C3-H16),angle,0.15019253170388883,-,-0.032112153960649474,0.3073563220041683
55,1502.1194300104614,,,mixed ring-site C-H out-of-plane bending / C-H bending,tau(H11-C1-C2-C3),dihedral,0.13614412670689316,+,0.04089978256308354,0.17174717389126995
55,1502.1194300104614,,,mixed ring-site C-H out-of-plane bending / C-H bending,nu(C7-C8),bond,0.08738930001349242,+,0.025360603863842892,0.28672909715516987
55,1502.1194300104614,,,mixed ring-site C-H out-of-plane bending / C-H bending,nu(C6-C7),bond,0.08518232150017023,-,-0.024749383259853576,0.2934630298225203
55,1502.1194300104614,,,mixed ring-site C-H out-of-plane bending / C-H bending,delta(C2-C1-H10),angle,0.075236034022567,-,-0.0205205153802973,0.3770353350204659
55,1502.1194300104614,,,mixed ring-site C-H out-of-plane bending / C-H bending,tau(H17-C4-C9-C8),dihedral,0.0727284829325239,+,0.01810072880564873,0.4684304222796268
55,1502.1194300104614,,,mixed ring-site C-H out-of-plane bending / C-H bending,"gamma(C7;C8,H23,H24)",oop,0.07159588739435854,+,0.022416494932513287,0.300666713145669
55,1502.1194300104614,,,mixed ring-site C-H out-of-plane bending / C-H bending,delta(H21-C7-H22),angle,0.0660927157063126,+,0.0224934587491391,0.2756600324984054
55,1502.1194300104614,,,mixed ring-site C-H out-of-plane bending / C-H bending,nu(C6-H20),bond,0.056736150751676796,+,0.019083757726130905,0.3287492466493157
55,1502.1194300104614,,,mixed ring-site C-H out-of-plane bending / C-H bending,"gamma(C5;C9,C4,H25)",oop,0.04964337858359324,+,0.006516026889795373,2.4673359249773874
55,1502.1194300104614,,,mixed ring-site C-H out-of-plane bending / C-H bending,nu(C8-H24),bond,0.04917335405069577,-,-0.01776499563746399,0.3288003785530708
55,1502.1194300104614,,,mixed ring-site C-H out-of-plane bending / C-H bending,nu(C6-H19),bond,0.04291153868157131,+,0.016609410802237233,0.32824515254734715
55,1502.1194300104614,,,mixed ring-site C-H out-of-plane bending / C-H bending,nu(C8-H23),bond,0.03809047122967737,-,-0.01564886919532842,0.3282336573619821
55,1502.1194300104614,,,mixed ring-site C-H out-of-plane bending / C-H bending,nu(C4-C5),bond,0.02023816778720798,-,-0.008834481417373412,0.5471945412726401
55,1502.1194300104614,,,mixed ring-site C-H out-of-plane bending / C-H bending,delta(C6-C5-H18),angle,0.017436868606220755,+,0.011740313038410269,0.26695731673582873
55,1502.1194300104614,,,mixed ring-site C-H out-of-plane bending / C-H bending,delta(C4-C9-C8),angle,0.014052212645595669,+,0.006255625601578448,0.7577673759020244
55,1502.1194300104614,,,mixed ring-site C-H out-of-plane bending / C-H bending,delta(C2-C3-H15),angle,0.01294439501565838,-,-0.007992454876960405,0.4276161102640135
55,1502.1194300104614,,,mixed ring-site C-H out-of-plane bending / C-H bending,delta(H14-C3-H16),angle,0.012655273312348166,-,-0.008513712269358459,0.36843958035172164
55,1502.1194300104614,,,mixed ring-site C-H out-of-plane bending / C-H bending,"gamma(C4;C5,C6,H18)",oop,0.012123229299669074,-,-0.008201456217820797,0.38033742786902636
55,1502.1194300104614,,,mixed ring-site C-H out-of-plane bending / C-H bending,tau(C2-C4-C5-H18),dihedral,0.009088526878536394,-,-0.00732044107095463,0.35789174837591814
55,1502.1194300104614,,,mixed ring-site C-H out-of-plane bending / C-H bending,nu(C4-C9),bond,0.009046833580372098,+,0.006773073374229046,0.41615750179357514
55,1502.1194300104614,,,mixed ring-site C-H out-of-plane bending / C-H bending,tau(H21-C7-C8-C9),dihedral,0.0067137609717659846,+,0.00810431430031653,0.21570788048823702
55,1502.1194300104614,,,mixed ring-site C-H out-of-plane bending / C-H bending,"gamma(C6;C7,H21,H22)",oop,0.004122349273694461,+,0.006007174630930116,0.24106655312168962
55,1502.1194300104614,,,mixed ring-site C-H out-of-plane bending / C-H bending,delta(C2-C1-H12),angle,0.00397563248854163,+,0.005236237345537531,0.3059850941292659
55,1502.1194300104614,,,mixed ring-site C-H out-of-plane bending / C-H bending,tau(H17-C4-C9-H25),dihedral,0.0026369629455969584,+,0.003053839545863019,0.5966838523581202
55,1502.1194300104614,,,mixed ring-site C-H out-of-plane bending / C-H bending,nu(C3-H14),bond,0.0024293661628200427,+,0.003925433167364087,0.3326982298069487
55,1502.1194300104614,,,mixed ring-site C-H out-of-plane bending / C-H bending,delta(C6-C7-C8),angle,0.0019598931368679687,-,-0.0020203130454442214,1.013275969219078
55,1502.1194300104614,,,mixed ring-site C-H out-of-plane bending / C-H bending,delta(C9-C4-H17),angle,0.001869221797207335,-,-0.004106322966656074,0.23393075140123543
55,1502.1194300104614,,,mixed ring-site C-H out-of-plane bending / C-H bending,nu(C3-H16),bond,0.0018265219800355915,-,-0.00338874897459409,0.3356439255063405
55,1502.1194300104614,,,mixed ring-site C-H out-of-plane bending / C-H bending,nu(C1-H10),bond,0.0018227510078247101,-,-0.003400186008211026,0.33270144145954433
55,1502.1194300104614,,,mixed ring-site C-H out-of-plane bending / C-H bending,"gamma(C9;C4,C2,C5)",oop,0.0017374132023349768,-,-0.0016797109170171758,1.2994713680163765
55,1502.1194300104614,,,mixed ring-site C-H out-of-plane bending / C-H bending,nu(C1-H11),bond,0.0015578333570700103,+,0.0031295061480882858,0.33566191504728254
55,1502.1194300104614,,,mixed ring-site C-H out-of-plane bending / C-H bending,nu(C1-C2),bond,0.0014349602542920957,+,0.0033561829831525065,0.26883220687743986
55,1502.1194300104614,,,mixed ring-site C-H out-of-plane bending / C-H bending,nu(C2-C3),bond,0.001124270145745662,-,-0.00297080751708171,0.2688155190040503
55,1502.1194300104614,,,mixed ring-site C-H out-of-plane bending / C-H bending,delta(C2-C4-C5),angle,0.0006608914480014626,+,0.002107168675374074,0.3140973094435254
55,1502.1194300104614,,,mixed ring-site C-H out-of-plane bending / C-H bending,nu(C5-H18),bond,0.00046040980859078613,-,-0.0016684282356701525,0.34902954612114734
55,1502.1194300104614,,,mixed ring-site C-H out-of-plane bending / C-H bending,nu(C9-H25),bond,0.0003631106458042712,+,0.0014817011786402896,0.34902008220261893
55,1502.1194300104614,,,mixed ring-site C-H out-of-plane bending / C-H bending,delta(C4-C9-H25),angle,0.00027383151567064604,+,0.0016183342119834466,0.22063768235437067
55,1502.1194300104614,,,mixed ring-site C-H out-of-plane bending / C-H bending,nu(C3-H15),bond,0.00026036880444977077,-,-0.0012897110067990906,0.33032148604472367
55,1502.1194300104614,,,mixed ring-site C-H out-of-plane bending / C-H bending,tau(C3-C2-C4-C5),dihedral,0.00023067589798360212,+,0.004503240997092921,0.024004050308062942
55,1502.1194300104614,,,mixed ring-site C-H out-of-plane bending / C-H bending,nu(C1-H12),bond,0.00016180638411931292,+,0.0010166786224645127,0.3303398418047025
55,1502.1194300104614,,,mixed ring-site C-H out-of-plane bending / C-H bending,nu(C7-H21),bond,0.00015022545958714298,-,-0.000976041460813145,0.3327665744893832
55,1502.1194300104614,,,mixed ring-site C-H out-of-plane bending / C-H bending,nu(C7-H22),bond,0.00012955309827701356,-,-0.0009031525877320408,0.3351646674336103
55,1502.1194300104614,,,mixed ring-site C-H out-of-plane bending / C-H bending,delta(C3-C2-H13),angle,2.8827627842771313e-05,+,0.0005031906222417253,0.24025725817088736
55,1502.1194300104614,,,mixed ring-site C-H out-of-plane bending / C-H bending,"gamma(C4;C2,C3,H13)",oop,9.96495308638518e-06,+,0.0002455795239082926,0.348677272053292
55,1502.1194300104614,,,mixed ring-site C-H out-of-plane bending / C-H bending,nu(C2-C4),bond,5.473903215205781e-06,-,-0.00020519793089057448,0.27433666012197316
55,1502.1194300104614,,,mixed ring-site C-H out-of-plane bending / C-H bending,delta(C3-C2-C4),angle,2.864069454057593e-06,+,0.00010760431647872044,0.5219835858024717
55,1502.1194300104614,,,mixed ring-site C-H out-of-plane bending / C-H bending,nu(C2-H13),bond,2.4440361566061996e-06,-,-0.00012431501866459608,0.3337283603614742
55,1502.1194300104614,,,mixed ring-site C-H out-of-plane bending / C-H bending,nu(C4-H17),bond,4.860756637536838e-07,-,-5.514942986581778e-05,0.3372519822787753
55,1502.1194300104614,,,mixed ring-site C-H out-of-plane bending / C-H bending,delta(C8-C7-H22),angle,3.328776052249979e-07,+,4.332617681770441e-05,0.37421098329674723
55,1502.1194300104614,,,mixed ring-site C-H out-of-plane bending / C-H bending,delta(C1-C2-C3),angle,1.11924183182743e-07,+,2.5772305218993004e-05,0.3555904501026593
56,1506.2245076846862,,,C-H bending,delta(H14-C3-H16),angle,27.63055922204852,+,0.38383575965547406,0.36843958035172164
56,1506.2245076846862,,,C-H bending,delta(H14-C3-H15),angle,23.51882727752976,-,-0.3533487361495348,0.3700633261945618
56,1506.2245076846862,,,C-H bending,delta(H10-C1-H12),angle,16.456185952947468,-,-0.3522864388478404,0.2604982470330432
56,1506.2245076846862,,,C-H bending,tau(C4-C2-C3-H14),dihedral,10.762408786866224,+,0.2753635465396692,0.27884576993327614
56,1506.2245076846862,,,C-H bending,"gamma(H11;C1,H10,H12)",oop,4.136476272690931,+,0.19348088507942277,0.21708103153869004
56,1506.2245076846862,,,C-H bending,tau(C1-C2-C3-H16),dihedral,2.812353820324457,-,-0.14187915193641681,0.2744733988296527
56,1506.2245076846862,,,C-H bending,delta(H21-C7-H22),angle,2.657439809795518,-,-0.13761904881145548,0.2756600324984054
56,1506.2245076846862,,,C-H bending,delta(C2-C3-H15),angle,2.535725977511651,+,0.10793389893562191,0.4276161102640135
56,1506.2245076846862,,,C-H bending,delta(C2-C1-H12),angle,1.8493199183986087,+,0.10896565237665183,0.3059850941292659
56,1506.2245076846862,,,C-H bending,tau(H11-C1-C2-C3),dihedral,1.8258401640529287,+,0.1445174578201826,0.17174717389126995
56,1506.2245076846862,,,C-H bending,delta(C2-C3-H16),angle,1.806461449254318,-,-0.10745509406215378,0.3073563220041683
56,1506.2245076846862,,,C-H bending,tau(H12-C1-C2-C3),dihedral,1.1322224275793322,+,0.11148718572342302,0.1789572584353189
56,1506.2245076846862,,,C-H bending,tau(H21-C7-C8-C9),dihedral,0.45005653518563654,-,-0.0640227412607039,0.21570788048823702
56,1506.2245076846862,,,C-H bending,delta(H23-C8-H24),angle,0.258476452210853,+,0.048416663866240356,0.21662008978042366
56,1506.2245076846862,,,C-H bending,delta(C9-C4-H17),angle,0.2201333162688249,-,-0.04299648619587796,0.23393075140123543
56,1506.2245076846862,,,C-H bending,tau(H17-C4-C9-C8),dihedral,0.20795711420635188,-,-0.029532354959850404,0.4684304222796268
56,1506.2245076846862,,,C-H bending,delta(C8-C7-H22),angle,0.20779550886823833,+,0.03302885727303561,0.37421098329674723
56,1506.2245076846862,,,C-H bending,tau(H17-C4-C9-H25),dihedral,0.19178392252872456,-,-0.025128565150256556,0.5966838523581202
56,1506.2245076846862,,,C-H bending,nu(C4-C5),bond,0.1217118565128486,+,0.020903995358001082,0.5471945412726401
56,1506.2245076846862,,,C-H bending,delta(H15-C3-H16),angle,0.10462031423961983,-,-0.023361937732495498,0.3765873833684418
56,1506.2245076846862,,,C-H bending,nu(C4-C9),bond,0.09433293865945279,+,0.021102628474350477,0.41615750179357514
56,1506.2245076846862,,,C-H bending,"gamma(C4;C2,C3,H13)",oop,0.0841323433534222,+,0.021772254788248326,0.348677272053292
56,1506.2245076846862,,,C-H bending,delta(C9-C8-H23),angle,0.07469430441091576,-,-0.01944370195003536,0.3881477265434133
56,1506.2245076846862,,,C-H bending,tau(H23-C8-C9-C4),dihedral,0.07068887560719175,+,0.017589277734667133,0.4488720156531896
56,1506.2245076846862,,,C-H bending,nu(C2-C4),bond,0.06834808661735627,-,-0.02212355895527308,0.27433666012197316
56,1506.2245076846862,,,C-H bending,nu(C2-C3),bond,0.05751434863032598,+,0.02050192635134417,0.2688155190040503
56,1506.2245076846862,,,C-H bending,nu(C1-C2),bond,0.056755213437523475,+,0.020365541730828624,0.26883220687743986
56,1506.2245076846862,,,C-H bending,delta(C6-C7-C8),angle,0.05587659173933564,+,0.01040842021214538,1.013275969219078
56,1506.2245076846862,,,C-H bending,"gamma(H19;C6,C5,H20)",oop,0.05414197810012576,-,-0.01446036853783236,0.5086778952751276
56,1506.2245076846862,,,C-H bending,tau(C9-C5-C6-H20),dihedral,0.0516013748038138,+,0.014242991247310939,0.49971953559980403
56,1506.2245076846862,,,C-H bending,tau(H20-C6-C7-C8),dihedral,0.05016308778034825,-,-0.01987772206978014,0.24941266534876505
56,1506.2245076846862,,,C-H bending,tau(C2-C4-C5-H18),dihedral,0.047488772505175504,-,-0.016145569347399982,0.35789174837591814
56,1506.2245076846862,,,C-H bending,tau(H19-C6-C7-C8),dihedral,0.04684873213361447,+,0.022443294282911277,0.18272253164280974
56,1506.2245076846862,,,C-H bending,"gamma(C7;C8,H23,H24)",oop,0.027263117832629715,+,0.01334685124948588,0.300666713145669
56,1506.2245076846862,,,C-H bending,nu(C1-H12),bond,0.026364897612019236,+,0.012521786690293062,0.3303398418047025
56,1506.2245076846862,,,C-H bending,nu(C3-H15),bond,0.025836967792024258,+,0.012396129227579865,0.33032148604472367
56,1506.2245076846862,,,C-H bending,delta(C7-C8-H23),angle,0.024674281335025656,-,-0.007288379643210417,0.9125360055785439
56,1506.2245076846862,,,C-H bending,nu(C3-H16),bond,0.023021886118254863,-,-0.011608197532854086,0.3356439255063405
56,1506.2245076846862,,,C-H bending,nu(C1-H11),bond,0.022631428961746917,-,-0.011509029126729756,0.33566191504728254
56,1506.2245076846862,,,C-H bending,delta(C2-C1-H10),angle,0.02173690473956469,-,-0.010642448551133688,0.3770353350204659
56,1506.2245076846862,,,C-H bending,"gamma(C5;C9,C4,H25)",oop,0.02049948311822285,-,-0.0040400900868500815,2.4673359249773874
56,1506.2245076846862,,,C-H bending,delta(C3-C2-H13),angle,0.01994511275626357,-,-0.012770671233024148,0.24025725817088736
56,1506.2245076846862,,,C-H bending,delta(C2-C4-C5),angle,0.012662407678077596,-,-0.008899380439140873,0.3140973094435254
56,1506.2245076846862,,,C-H bending,"gamma(C9;C4,C2,C5)",oop,0.011215224966406267,-,-0.004117696870140972,1.2994713680163765
56,1506.2245076846862,,,C-H bending,nu(C6-C7),bond,0.009861906600952723,-,-0.008125263969274005,0.2934630298225203
56,1506.2245076846862,,,C-H bending,nu(C7-C8),bond,0.008209086781023037,-,-0.00749972389074589,0.28672909715516987
56,1506.2245076846862,,,C-H bending,delta(C3-C2-C4),angle,0.007972994425338432,-,-0.005477924496037641,0.5219835858024717
56,1506.2245076846862,,,C-H bending,delta(C7-C6-H19),angle,0.006787170437575025,-,-0.004799422853668782,0.578866203893712
56,1506.2245076846862,,,C-H bending,delta(C6-C5-H18),angle,0.0063713496799872775,+,0.0068474448223450265,0.26695731673582873
56,1506.2245076846862,,,C-H bending,nu(C7-H21),bond,0.005012437173110229,+,0.0054398679553465295,0.3327665744893832
56,1506.2245076846862,,,C-H bending,nu(C7-H22),bond,0.004608529851913795,+,0.005197396176689821,0.3351646674336103
56,1506.2245076846862,,,C-H bending,delta(C4-C9-C8),angle,0.004037594556623686,-,-0.0032353937054245864,0.7577673759020244
56,1506.2245076846862,,,C-H bending,nu(C2-H13),bond,0.003647880863458031,+,0.004634015698510688,0.3337283603614742
56,1506.2245076846862,,,C-H bending,"gamma(C6;C7,H21,H22)",oop,0.0030514607066969737,-,-0.004986767803587602,0.24106655312168962
56,1506.2245076846862,,,C-H bending,nu(C4-H17),bond,0.0021244280664700237,-,-0.0035178514361749037,0.3372519822787753
56,1506.2245076846862,,,C-H bending,delta(C1-C2-C3),angle,0.0007780711187848677,+,0.002073329552717869,0.3555904501026593
56,1506.2245076846862,,,C-H bending,delta(C4-C9-H25),angle,0.0005322424859542743,-,-0.002176951035857039,0.22063768235437067
56,1506.2245076846862,,,C-H bending,nu(C8-H24),bond,0.0004810856418437051,-,-0.0016954257630204432,0.3288003785530708
56,1506.2245076846862,,,C-H bending,tau(C3-C2-C4-C5),dihedral,0.0003205230617679167,+,0.005121782266775435,0.024004050308062942
56,1506.2245076846862,,,C-H bending,"gamma(C4;C5,C6,H18)",oop,0.00031874395588336814,-,-0.0012831285892173786,0.38033742786902636
56,1506.2245076846862,,,C-H bending,nu(C8-H23),bond,0.0003014457504601794,-,-0.0013432188009002246,0.3282336573619821
56,1506.2245076846862,,,C-H bending,nu(C6-H20),bond,0.00025391978395994565,-,-0.0012318267241813498,0.3287492466493157
56,1506.2245076846862,,,C-H bending,nu(C6-H19),bond,0.00015630142471602715,-,-0.000967199454015854,0.32824515254734715
56,1506.2245076846862,,,C-H bending,nu(C9-H25),bond,0.00011078817135406338,+,0.000789687427547179,0.34902008220261893
56,1506.2245076846862,,,C-H bending,nu(C5-H18),bond,0.00010040949935777925,+,0.000751778739437031,0.34902954612114734
56,1506.2245076846862,,,C-H bending,nu(C8-C9),bond,7.793551869481571e-05,+,0.0006995723503280616,0.3128510577221663
56,1506.2245076846862,,,C-H bending,nu(C3-H14),bond,5.5314248005531814e-05,+,0.0005715141614589695,0.3326982298069487
56,1506.2245076846862,,,C-H bending,nu(C1-H10),bond,3.054195290953231e-05,+,0.0004246731419505434,0.33270144145954433
56,1506.2245076846862,,,C-H bending,nu(C5-C6),bond,3.378533522664222e-06,-,-0.00014956086981175948,0.29672882571093184
57,1513.791902112591,,,C-H bending,delta(H15-C3-H16),angle,38.143503860997654,+,0.4109261119146298,0.3765873833684418
57,1513.791902112591,,,C-H bending,delta(H14-C3-H16),angle,9.401349827050907,-,-0.20625206084596517,0.36843958035172164
57,1513.791902112591,,,C-H bending,delta(H14-C3-H15),angle,8.565573379710688,-,-0.19643846214255364,0.3700633261945618
57,1513.791902112591,,,C-H bending,tau(C1-C2-C3-H16),dihedral,8.21701702001502,+,0.22340520777148867,0.2744733988296527
57,1513.791902112591,,,C-H bending,delta(H10-C1-H12),angle,6.143762629930644,-,-0.198290149840805,0.2604982470330432
57,1513.791902112591,,,C-H bending,tau(H11-C1-C2-C3),dihedral,5.295869418927461,-,-0.22673061386724033,0.17174717389126995
57,1513.791902112591,,,C-H bending,tau(H12-C1-C2-C3),dihedral,4.53878882720217,+,0.20562771955972528,0.1789572584353189
57,1513.791902112591,,,C-H bending,delta(C2-C1-H10),angle,3.945565205377604,+,0.1320839096305081,0.3770353350204659
57,1513.791902112591,,,C-H bending,delta(H21-C7-H22),angle,3.2165045480347723,-,-0.1394734401237823,0.2756600324984054
57,1513.791902112591,,,C-H bending,"gamma(H11;C1,H10,H12)",oop,1.5679519512903706,+,0.10973414046046406,0.21708103153869004
57,1513.791902112591,,,C-H bending,delta(C2-C3-H15),angle,1.3182478406439246,-,-0.07168987687353641,0.4276161102640135
57,1513.791902112591,,,C-H bending,nu(C2-C4),bond,1.0127926386788588,-,-0.07845211821089264,0.27433666012197316
57,1513.791902112591,,,C-H bending,delta(C2-C1-H12),angle,0.9665820293966487,-,-0.07256973755754739,0.3059850941292659
57,1513.791902112591,,,C-H bending,"gamma(C4;C2,C3,H13)",oop,0.9271378855448763,+,0.06658044197400236,0.348677272053292
57,1513.791902112591,,,C-H bending,delta(H23-C8-H24),angle,0.8848094007770441,+,0.08252049565941982,0.21662008978042366
57,1513.791902112591,,,C-H bending,delta(C2-C3-H16),angle,0.8053572175138394,-,-0.06609361888361205,0.3073563220041683
57,1513.791902112591,,,C-H bending,"gamma(H19;C6,C5,H20)",oop,0.6274291520886078,-,-0.04534686242820751,0.5086778952751276
57,1513.791902112591,,,C-H bending,tau(H21-C7-C8-C9),dihedral,0.5172140054075389,-,-0.06322494525813334,0.21570788048823702
57,1513.791902112591,,,C-H bending,tau(C9-C5-C6-H20),dihedral,0.4653797014620629,+,0.039402781830152625,0.49971953559980403
57,1513.791902112591,,,C-H bending,nu(C4-C5),bond,0.3816469186534004,+,0.034099368136623114,0.5471945412726401
57,1513.791902112591,,,C-H bending,nu(C4-C9),bond,0.28823620148166734,+,0.03398065364067947,0.41615750179357514
57,1513.791902112591,,,C-H bending,delta(C3-C2-H13),angle,0.2763991427395529,-,-0.0437941818225856,0.24025725817088736
57,1513.791902112591,,,C-H bending,tau(H23-C8-C9-C4),dihedral,0.26764446960223887,+,0.03152856474837009,0.4488720156531896
57,1513.791902112591,,,C-H bending,tau(H20-C6-C7-C8),dihedral,0.2584193421512705,-,-0.04156134427562166,0.24941266534876505
57,1513.791902112591,,,C-H bending,delta(C8-C7-H22),angle,0.25777575096199773,+,0.033888246296217436,0.37421098329674723
57,1513.791902112591,,,C-H bending,tau(H19-C6-C7-C8),dihedral,0.24034293415003882,+,0.0468280374547132,0.18272253164280974
57,1513.791902112591,,,C-H bending,delta(C9-C8-H23),angle,0.20895290978864406,-,-0.02995794491098006,0.3881477265434133
57,1513.791902112591,,,C-H bending,delta(C9-C4-H17),angle,0.2011165511315554,-,-0.03785877680660636,0.23393075140123543
57,1513.791902112591,,,C-H bending,tau(H17-C4-C9-C8),dihedral,0.15951615659783178,-,-0.023826822076746225,0.4684304222796268
57,1513.791902112591,,,C-H bending,delta(C7-C8-H23),angle,0.1323251176603121,-,-0.015548284165198935,0.9125360055785439
57,1513.791902112591,,,C-H bending,tau(H17-C4-C9-H25),dihedral,0.12368319928133449,-,-0.01858957848316237,0.5966838523581202
57,1513.791902112591,,,C-H bending,delta(C7-C6-H19),angle,0.09519182851290994,-,-0.016557587802596464,0.578866203893712
57,1513.791902112591,,,C-H bending,delta(C6-C7-C8),angle,0.0881310884468083,+,0.012041678419462815,1.013275969219078
57,1513.791902112591,,,C-H bending,"gamma(C5;C9,C4,H25)",oop,0.07579964520680041,-,-0.007156584028165865,2.4673359249773874
57,1513.791902112591,,,C-H bending,nu(C2-C3),bond,0.07160292475481357,+,0.021072911437875444,0.2688155190040503
57,1513.791902112591,,,C-H bending,nu(C1-C2),bond,0.07117710279398416,+,0.021009505673490463,0.26883220687743986
57,1513.791902112591,,,C-H bending,nu(C1-H10),bond,0.03259429118859942,+,0.012779967778154908,0.33270144145954433
57,1513.791902112591,,,C-H bending,nu(C3-H14),bond,0.03158546011048513,+,0.01258069658397076,0.3326982298069487
57,1513.791902112591,,,C-H bending,"gamma(C7;C8,H23,H24)",oop,0.026987856023474803,+,0.012232855533144571,0.300666713145669
57,1513.791902112591,,,C-H bending,delta(C4-C9-C8),angle,0.02628887819654592,-,-0.007605090820673379,0.7577673759020244
57,1513.791902112591,,,C-H bending,tau(C2-C4-C5-H18),dihedral,0.0214935853543008,-,-0.010006101871034298,0.35789174837591814
57,1513.791902112591,,,C-H bending,delta(C1-C2-C3),angle,0.012307231302059544,-,-0.007596113871597824,0.3555904501026593
57,1513.791902112591,,,C-H bending,"gamma(C9;C4,C2,C5)",oop,0.010269588029499404,+,0.0036297731442491024,1.2994713680163765
57,1513.791902112591,,,C-H bending,nu(C1-H11),bond,0.009375964257455504,-,-0.006824066762885262,0.33566191504728254
57,1513.791902112591,,,C-H bending,nu(C3-H16),bond,0.009080089466179405,-,-0.006715710981716766,0.3356439255063405
57,1513.791902112591,,,C-H bending,nu(C1-H12),bond,0.007231468843358895,-,-0.006041142929917063,0.3303398418047025
57,1513.791902112591,,,C-H bending,nu(C7-H21),bond,0.007225307792423315,+,0.006016510205517611,0.3327665744893832
57,1513.791902112591,,,C-H bending,nu(C3-H15),bond,0.006956241041636331,-,-0.005925230216390597,0.33032148604472367
57,1513.791902112591,,,C-H bending,delta(C6-C5-H18),angle,0.0059889744167275025,+,0.0061156362221886675,0.26695731673582873
57,1513.791902112591,,,C-H bending,nu(C7-H22),bond,0.005666758240971437,+,0.005309144638888649,0.3351646674336103
57,1513.791902112591,,,C-H bending,delta(C3-C2-C4),angle,0.005166114635124288,+,0.0040620000623605625,0.5219835858024717
57,1513.791902112591,,,C-H bending,"gamma(C6;C7,H21,H22)",oop,0.005142056199588389,-,-0.0059632945302023075,0.24106655312168962
57,1513.791902112591,,,C-H bending,nu(C7-C8),bond,0.0033007105294152,-,-0.0043808074522414505,0.28672909715516987
57,1513.791902112591,,,C-H bending,nu(C6-C7),bond,0.0030654194330647488,-,-0.004173059568904853,0.2934630298225203
57,1513.791902112591,,,C-H bending,nu(C6-H20),bond,0.002051137818636207,-,-0.0032251607623321283,0.3287492466493157
57,1513.791902112591,,,C-H bending,nu(C8-H24),bond,0.0018361798020451263,-,-0.0030512498988570476,0.3288003785530708
57,1513.791902112591,,,C-H bending,tau(C4-C2-C3-H14),dihedral,0.0013683226713855673,+,0.0028602142140658083,0.27884576993327614
57,1513.791902112591,,,C-H bending,nu(C6-H19),bond,0.0011244221080270902,-,-0.002389746624887954,0.32824515254734715
57,1513.791902112591,,,C-H bending,delta(C4-C9-H25),angle,0.0011216265078596813,+,0.0029111904533374706,0.22063768235437067
57,1513.791902112591,,,C-H bending,delta(C2-C4-C5),angle,0.0010282751184347463,+,0.002336193896630231,0.3140973094435254
57,1513.791902112591,,,C-H bending,nu(C8-H23),bond,0.0009800213972614839,-,-0.002231066691789562,0.3282336573619821
57,1513.791902112591,,,C-H bending,"gamma(C4;C5,C6,H18)",oop,0.0007717727422785462,-,-0.0018392743525890087,0.38033742786902636
57,1513.791902112591,,,C-H bending,nu(C5-H18),bond,0.00033102129998129726,+,0.0012574282211807557,0.34902954612114734
57,1513.791902112591,,,C-H bending,nu(C9-H25),bond,0.00032702303580286644,+,0.0012498281273565731,0.34902008220261893
57,1513.791902112591,,,C-H bending,nu(C4-H17),bond,0.00021815517921765248,-,-0.0010384649383341567,0.3372519822787753
57,1513.791902112591,,,C-H bending,nu(C2-H13),bond,0.000190671920816785,-,-0.0009759625273590627,0.3337283603614742
57,1513.791902112591,,,C-H bending,nu(C5-C6),bond,8.896894868157947e-05,+,0.0007070102171779651,0.29672882571093184
57,1513.791902112591,,,C-H bending,nu(C8-C9),bond,3.637417063364501e-05,+,0.00044026490282494013,0.3128510577221663
57,1513.791902112591,,,C-H bending,tau(C3-C2-C4-C5),dihedral,2.208252169190108e-06,+,0.000391623187818022,0.024004050308062942
58,1524.924503433683,,,mixed C-H bending / ring-site C-H out-of-plane bending,delta(H21-C7-H22),angle,43.972928035437285,-,-0.5527414268511862,0.2756600324984054
58,1524.924503433683,,,mixed C-H bending / ring-site C-H out-of-plane bending,delta(H23-C8-H24),angle,11.063198192930992,-,-0.3127571196837411,0.21662008978042366
58,1524.924503433683,,,mixed C-H bending / ring-site C-H out-of-plane bending,"gamma(H19;C6,C5,H20)",oop,9.817812449644661,+,0.1922658521679927,0.5086778952751276
58,1524.924503433683,,,mixed C-H bending / ring-site C-H out-of-plane bending,tau(H21-C7-C8-C9),dihedral,7.342026957390936,-,-0.2553237449995899,0.21570788048823702
58,1524.924503433683,,,mixed C-H bending / ring-site C-H out-of-plane bending,tau(C9-C5-C6-H20),dihedral,5.890758203091042,-,-0.15025836496994982,0.49971953559980403
58,1524.924503433683,,,mixed C-H bending / ring-site C-H out-of-plane bending,tau(H23-C8-C9-C4),dihedral,4.289001880425376,-,-0.13527983884989375,0.4488720156531896
58,1524.924503433683,,,mixed C-H bending / ring-site C-H out-of-plane bending,delta(C8-C7-H22),angle,3.734772443445649,+,0.1382579241935126,0.37421098329674723
58,1524.924503433683,,,mixed C-H bending / ring-site C-H out-of-plane bending,tau(H20-C6-C7-C8),dihedral,2.6074595083374184,+,0.14150303635522002,0.24941266534876505
58,1524.924503433683,,,mixed C-H bending / ring-site C-H out-of-plane bending,delta(C7-C8-H23),angle,2.573984728014767,+,0.07350116158364257,0.9125360055785439
58,1524.924503433683,,,mixed C-H bending / ring-site C-H out-of-plane bending,tau(H19-C6-C7-C8),dihedral,2.22940340558156,-,-0.15286726744317256,0.18272253164280974
58,1524.924503433683,,,mixed C-H bending / ring-site C-H out-of-plane bending,delta(C7-C6-H19),angle,1.6798677154003534,+,0.07455292183267469,0.578866203893712
58,1524.924503433683,,,mixed C-H bending / ring-site C-H out-of-plane bending,delta(C9-C8-H23),angle,1.601082874540007,+,0.08888420800502518,0.3881477265434133
58,1524.924503433683,,,mixed C-H bending / ring-site C-H out-of-plane bending,nu(C6-C7),bond,0.5037862249453653,-,-0.05734065769083567,0.2934630298225203
58,1524.924503433683,,,mixed C-H bending / ring-site C-H out-of-plane bending,nu(C7-C8),bond,0.4858198878686856,-,-0.05696629642311715,0.28672909715516987
58,1524.924503433683,,,mixed C-H bending / ring-site C-H out-of-plane bending,delta(H14-C3-H15),angle,0.390003144933866,+,0.044927500204231655,0.3700633261945618
58,1524.924503433683,,,mixed C-H bending / ring-site C-H out-of-plane bending,delta(H10-C1-H12),angle,0.2705287196390252,+,0.04459852650437784,0.2604982470330432
58,1524.924503433683,,,mixed C-H bending / ring-site C-H out-of-plane bending,nu(C8-C9),bond,0.1282416086445162,-,-0.028019597283249723,0.3128510577221663
58,1524.924503433683,,,mixed C-H bending / ring-site C-H out-of-plane bending,nu(C5-C6),bond,0.12452617684256725,-,-0.028350889070326766,0.29672882571093184
58,1524.924503433683,,,mixed C-H bending / ring-site C-H out-of-plane bending,delta(C9-C4-H17),angle,0.11595422909756259,+,0.03081171434207478,0.23393075140123543
58,1524.924503433683,,,mixed C-H bending / ring-site C-H out-of-plane bending,delta(H14-C3-H16),angle,0.1013555768562224,-,-0.022953922429794417,0.36843958035172164
58,1524.924503433683,,,mixed C-H bending / ring-site C-H out-of-plane bending,tau(C4-C2-C3-H14),dihedral,0.09627061749082066,-,-0.025714676947347262,0.27884576993327614
58,1524.924503433683,,,mixed C-H bending / ring-site C-H out-of-plane bending,nu(C7-H22),bond,0.08970321152218295,+,0.022640765435436413,0.3351646674336103
58,1524.924503433683,,,mixed C-H bending / ring-site C-H out-of-plane bending,delta(C6-C7-C8),angle,0.08665974436376477,+,0.012798558401570986,1.013275969219078
58,1524.924503433683,,,mixed C-H bending / ring-site C-H out-of-plane bending,delta(H15-C3-H16),angle,0.07993840921937652,-,-0.02016327586828792,0.3765873833684418
58,1524.924503433683,,,mixed C-H bending / ring-site C-H out-of-plane bending,tau(H12-C1-C2-C3),dihedral,0.06876360486317902,-,-0.02712819405257246,0.1789572584353189
58,1524.924503433683,,,mixed C-H bending / ring-site C-H out-of-plane bending,nu(C7-H21),bond,0.06863885884255781,+,0.019876110544874693,0.3327665744893832
58,1524.924503433683,,,mixed C-H bending / ring-site C-H out-of-plane bending,tau(H17-C4-C9-H25),dihedral,0.05999605745086139,+,0.013877314729297804,0.5966838523581202
58,1524.924503433683,,,mixed C-H bending / ring-site C-H out-of-plane bending,nu(C4-C5),bond,0.05373338686431928,-,-0.013714104481781323,0.5471945412726401
58,1524.924503433683,,,mixed C-H bending / ring-site C-H out-of-plane bending,"gamma(H11;C1,H10,H12)",oop,0.052699909989643946,-,-0.02156305162654136,0.21708103153869004
58,1524.924503433683,,,mixed C-H bending / ring-site C-H out-of-plane bending,delta(C2-C3-H15),angle,0.050717586809011554,-,-0.015071916712149996,0.4276161102640135
58,1524.924503433683,,,mixed C-H bending / ring-site C-H out-of-plane bending,nu(C4-C9),bond,0.04032181672425138,-,-0.013622518489435733,0.41615750179357514
58,1524.924503433683,,,mixed C-H bending / ring-site C-H out-of-plane bending,delta(C2-C3-H16),angle,0.03607740769120178,+,0.014993837891638355,0.3073563220041683
58,1524.924503433683,,,mixed C-H bending / ring-site C-H out-of-plane bending,delta(C2-C1-H12),angle,0.0349592349455509,-,-0.014792686347607376,0.3059850941292659
58,1524.924503433683,,,mixed C-H bending / ring-site C-H out-of-plane bending,tau(H17-C4-C9-C8),dihedral,0.03436511629908608,+,0.011853663297128909,0.4684304222796268
58,1524.924503433683,,,mixed C-H bending / ring-site C-H out-of-plane bending,"gamma(C4;C2,C3,H13)",oop,0.028309849067099786,+,0.012470193184271873,0.348677272053292
58,1524.924503433683,,,mixed C-H bending / ring-site C-H out-of-plane bending,"gamma(C5;C9,C4,H25)",oop,0.023143473504563566,+,0.004238540659551476,2.4673359249773874
58,1524.924503433683,,,mixed C-H bending / ring-site C-H out-of-plane bending,nu(C2-C4),bond,0.02263989776826363,+,0.012572207244573507,0.27433666012197316
58,1524.924503433683,,,mixed C-H bending / ring-site C-H out-of-plane bending,delta(C4-C9-H25),angle,0.01844018688416911,-,-0.012651995824196514,0.22063768235437067
58,1524.924503433683,,,mixed C-H bending / ring-site C-H out-of-plane bending,nu(C6-H19),bond,0.01806794824187428,+,0.010267660080491323,0.32824515254734715
58,1524.924503433683,,,mixed C-H bending / ring-site C-H out-of-plane bending,delta(C6-C5-H18),angle,0.01800947088484075,+,0.011366998084433767,0.26695731673582873
58,1524.924503433683,,,mixed C-H bending / ring-site C-H out-of-plane bending,delta(C3-C2-H13),angle,0.017969639505375685,-,-0.01196871838100719,0.24025725817088736
58,1524.924503433683,,,mixed C-H bending / ring-site C-H out-of-plane bending,nu(C8-H23),bond,0.017553887594887494,+,0.010120718019491798,0.3282336573619821
58,1524.924503433683,,,mixed C-H bending / ring-site C-H out-of-plane bending,nu(C6-H20),bond,0.01527063449514801,+,0.00943218656444764,0.3287492466493157
58,1524.924503433683,,,mixed C-H bending / ring-site C-H out-of-plane bending,nu(C8-H24),bond,0.014659183457704174,+,0.009240701888888269,0.3288003785530708
58,1524.924503433683,,,mixed C-H bending / ring-site C-H out-of-plane bending,tau(C2-C4-C5-H18),dihedral,0.007174174446124611,+,0.006196213133959849,0.35789174837591814
58,1524.924503433683,,,mixed C-H bending / ring-site C-H out-of-plane bending,"gamma(C6;C7,H21,H22)",oop,0.004485800239830232,-,-0.005969908985055803,0.24106655312168962
58,1524.924503433683,,,mixed C-H bending / ring-site C-H out-of-plane bending,delta(C3-C2-C4),angle,0.0029957600967672744,+,0.003315441099846426,0.5219835858024717
58,1524.924503433683,,,mixed C-H bending / ring-site C-H out-of-plane bending,nu(C5-H18),bond,0.002532384696598369,-,-0.003727777375658775,0.34902954612114734
58,1524.924503433683,,,mixed C-H bending / ring-site C-H out-of-plane bending,nu(C9-H25),bond,0.0025103262918663143,-,-0.0037115567333365976,0.34902008220261893
58,1524.924503433683,,,mixed C-H bending / ring-site C-H out-of-plane bending,"gamma(C7;C8,H23,H24)",oop,0.0023304238817662606,-,-0.0038529290381290717,0.300666713145669
58,1524.924503433683,,,mixed C-H bending / ring-site C-H out-of-plane bending,"gamma(C4;C5,C6,H18)",oop,0.0016736024598505315,+,0.0029030722501797853,0.38033742786902636
58,1524.924503433683,,,mixed C-H bending / ring-site C-H out-of-plane bending,nu(C1-C2),bond,0.0013303181166072142,-,-0.003078600449055385,0.26883220687743986
58,1524.924503433683,,,mixed C-H bending / ring-site C-H out-of-plane bending,nu(C2-C3),bond,0.0012687656780714803,-,-0.0030066284768803277,0.2688155190040503
58,1524.924503433683,,,mixed C-H bending / ring-site C-H out-of-plane bending,"gamma(C9;C4,C2,C5)",oop,0.000917844422335683,-,-0.0011631009310588665,1.2994713680163765
58,1524.924503433683,,,mixed C-H bending / ring-site C-H out-of-plane bending,delta(C2-C1-H10),angle,0.0005885745085182693,-,-0.0017291231365849358,0.3770353350204659
58,1524.924503433683,,,mixed C-H bending / ring-site C-H out-of-plane bending,delta(C2-C4-C5),angle,0.00046474725726106103,-,-0.0016834201989655757,0.3140973094435254
58,1524.924503433683,,,mixed C-H bending / ring-site C-H out-of-plane bending,delta(C4-C9-C8),angle,0.00046281751194390255,+,0.0010815663429277768,0.7577673759020244
58,1524.924503433683,,,mixed C-H bending / ring-site C-H out-of-plane bending,nu(C3-H16),bond,0.00041259097701661036,+,0.0015343932929921444,0.3356439255063405
58,1524.924503433683,,,mixed C-H bending / ring-site C-H out-of-plane bending,nu(C1-H11),bond,0.00040608488361972543,+,0.001522206604553395,0.33566191504728254
58,1524.924503433683,,,mixed C-H bending / ring-site C-H out-of-plane bending,tau(C1-C2-C3-H16),dihedral,0.00030082952100128336,+,0.0014488596584566631,0.2744733988296527
58,1524.924503433683,,,mixed C-H bending / ring-site C-H out-of-plane bending,tau(C3-C2-C4-C5),dihedral,0.00015566471377062005,+,0.003524268992362233,0.024004050308062942
58,1524.924503433683,,,mixed C-H bending / ring-site C-H out-of-plane bending,nu(C4-H17),bond,0.00013444074391186705,+,0.0008737846724345741,0.3372519822787753
58,1524.924503433683,,,mixed C-H bending / ring-site C-H out-of-plane bending,delta(C1-C2-C3),angle,0.0001306114597361017,+,0.0008387486254871092,0.3555904501026593
58,1524.924503433683,,,mixed C-H bending / ring-site C-H out-of-plane bending,nu(C1-H10),bond,0.0001247666417484534,-,-0.0008474969147484802,0.33270144145954433
58,1524.924503433683,,,mixed C-H bending / ring-site C-H out-of-plane bending,nu(C3-H14),bond,0.0001142957106069351,-,-0.0008111589143165146,0.3326982298069487
58,1524.924503433683,,,mixed C-H bending / ring-site C-H out-of-plane bending,tau(H11-C1-C2-C3),dihedral,5.022481685929162e-05,-,-0.0007483945314880896,0.17174717389126995
58,1524.924503433683,,,mixed C-H bending / ring-site C-H out-of-plane bending,nu(C1-H12),bond,7.173638503587346e-06,+,0.00020394144397493818,0.3303398418047025
58,1524.924503433683,,,mixed C-H bending / ring-site C-H out-of-plane bending,nu(C3-H15),bond,4.542136139035087e-06,+,0.00016228481543204394,0.33032148604472367
58,1524.924503433683,,,mixed C-H bending / ring-site C-H out-of-plane bending,nu(C2-H13),bond,2.1376019566525597e-06,-,-0.00011076003545032727,0.3337283603614742
59,3017.552931456676,,,mixed-phase C-H stretching,nu(C3-H15),bond,23.832665199903914,-,-0.49648808728624255,0.33032148604472367
59,3017.552931456676,,,mixed-phase C-H stretching,nu(C1-H12),bond,23.260924444210193,+,0.49048298410595115,0.3303398418047025
59,3017.552931456676,,,mixed-phase C-H stretching,nu(C3-H14),bond,16.124372942616642,-,-0.4069181960072382,0.3326982298069487
59,3017.552931456676,,,mixed-phase C-H stretching,nu(C1-H10),bond,15.793378065064939,+,0.4027180663266853,0.33270144145954433
59,3017.552931456676,,,mixed-phase C-H stretching,nu(C3-H16),bond,10.444623020919174,-,-0.326060302572109,0.3356439255063405
59,3017.552931456676,,,mixed-phase C-H stretching,nu(C1-H11),bond,10.1989022197415,+,0.3221933840533108,0.33566191504728254
59,3017.552931456676,,,mixed-phase C-H stretching,nu(C2-C3),bond,0.093276593998598,+,0.034431037496162595,0.2688155190040503
59,3017.552931456676,,,mixed-phase C-H stretching,nu(C1-C2),bond,0.09112245345856647,-,-0.034030081715600895,0.26883220687743986
59,3017.552931456676,,,mixed-phase C-H stretching,"gamma(H11;C1,H10,H12)",oop,0.027509772287274605,-,-0.020807672214605902,0.21708103153869004
59,3017.552931456676,,,mixed-phase C-H stretching,delta(H14-C3-H15),angle,0.02016220683453535,+,0.013643379111028437,0.3700633261945618
59,3017.552931456676,,,mixed-phase C-H stretching,nu(C8-H24),bond,0.0193071843033647,+,0.01416394576117687,0.3288003785530708
59,3017.552931456676,,,mixed-phase C-H stretching,nu(C6-H20),bond,0.01767724238832874,-,-0.013553947953622705,0.3287492466493157
59,3017.552931456676,,,mixed-phase C-H stretching,delta(C2-C3-H16),angle,0.01656220419692129,-,-0.013568409129492311,0.3073563220041683
59,3017.552931456676,,,mixed-phase C-H stretching,delta(H10-C1-H12),angle,0.013858952199745138,-,-0.013481981726505563,0.2604982470330432
59,3017.552931456676,,,mixed-phase C-H stretching,delta(C2-C1-H10),angle,0.010397740559097783,+,0.009706650666903786,0.3770353350204659
59,3017.552931456676,,,mixed-phase C-H stretching,delta(H15-C3-H16),angle,0.010355734019767622,+,0.00969278320179266,0.3765873833684418
59,3017.552931456676,,,mixed-phase C-H stretching,nu(C8-H23),bond,0.005440064938057659,+,0.0075249119800158346,0.3282336573619821
59,3017.552931456676,,,mixed-phase C-H stretching,nu(C6-H19),bond,0.0048301738883480315,-,-0.00709043957979756,0.32824515254734715
59,3017.552931456676,,,mixed-phase C-H stretching,delta(H14-C3-H16),angle,0.004777326083265158,+,0.006655799667261038,0.36843958035172164
59,3017.552931456676,,,mixed-phase C-H stretching,delta(C2-C3-H15),angle,0.0029214153059786306,-,-0.004831261656544644,0.4276161102640135
59,3017.552931456676,,,mixed-phase C-H stretching,delta(C2-C1-H12),angle,0.0020582894672192503,+,0.004793955836209183,0.3059850941292659
59,3017.552931456676,,,mixed-phase C-H stretching,tau(C4-C2-C3-H14),dihedral,0.0012827043597836234,-,-0.003964351856709994,0.27884576993327614
59,3017.552931456676,,,mixed-phase C-H stretching,tau(C1-C2-C3-H16),dihedral,0.0011618589736644474,+,0.00380292286342812,0.2744733988296527
59,3017.552931456676,,,mixed-phase C-H stretching,tau(H12-C1-C2-C3),dihedral,0.0007622781257594786,+,0.0038148108405621542,0.1789572584353189
59,3017.552931456676,,,mixed-phase C-H stretching,tau(H11-C1-C2-C3),dihedral,0.0007226604807979823,+,0.0037915194780109686,0.17174717389126995
59,3017.552931456676,,,mixed-phase C-H stretching,nu(C5-H18),bond,0.00017709531109337908,-,-0.0013166288689268914,0.34902954612114734
59,3017.552931456676,,,mixed-phase C-H stretching,nu(C9-H25),bond,0.00016255871219869795,+,0.0012614523644206913,0.34902008220261893
59,3017.552931456676,,,mixed-phase C-H stretching,delta(C3-C2-H13),angle,0.00016078750880764222,+,0.0015120941501331872,0.24025725817088736
59,3017.552931456676,,,mixed-phase C-H stretching,tau(C3-C2-C4-C5),dihedral,0.0001030413264728616,-,-0.0038296086424298346,0.024004050308062942
59,3017.552931456676,,,mixed-phase C-H stretching,delta(C3-C2-C4),angle,4.00815257962898e-05,-,-0.0005121941782809407,0.5219835858024717
59,3017.552931456676,,,mixed-phase C-H stretching,nu(C7-C8),bond,3.35887848408011e-05,-,-0.0006326335224571169,0.28672909715516987
59,3017.552931456676,,,mixed-phase C-H stretching,nu(C6-C7),bond,3.2002176701480795e-05,+,0.0006103852062788864,0.2934630298225203
59,3017.552931456676,,,mixed-phase C-H stretching,nu(C8-C9),bond,2.751597043484298e-05,-,-0.0005481690881549013,0.3128510577221663
59,3017.552931456676,,,mixed-phase C-H stretching,"gamma(C9;C4,C2,C5)",oop,2.7502014919611863e-05,+,0.00026889940269526,1.2994713680163765
59,3017.552931456676,,,mixed-phase C-H stretching,tau(C2-C4-C5-H18),dihedral,2.6291070875212433e-05,+,0.0005009786678785012,0.35789174837591814
59,3017.552931456676,,,mixed-phase C-H stretching,nu(C5-C6),bond,2.352588694383854e-05,+,0.0005204560630113415,0.29672882571093184
59,3017.552931456676,,,mixed-phase C-H stretching,nu(C4-H17),bond,1.3110600882950495e-05,+,0.00036443911314830435,0.3372519822787753
59,3017.552931456676,,,mixed-phase C-H stretching,"gamma(H19;C6,C5,H20)",oop,1.051200110433921e-05,-,-0.00026571263389396426,0.5086778952751276
59,3017.552931456676,,,mixed-phase C-H stretching,tau(H23-C8-C9-C4),dihedral,8.390432855996222e-06,-,-0.0002527096673710673,0.4488720156531896
59,3017.552931456676,,,mixed-phase C-H stretching,"gamma(C7;C8,H23,H24)",oop,8.278800012016075e-06,-,-0.0003067128412646183,0.300666713145669
59,3017.552931456676,,,mixed-phase C-H stretching,"gamma(C5;C9,C4,H25)",oop,8.224444321300406e-06,-,-0.00010671613299558178,2.4673359249773874
59,3017.552931456676,,,mixed-phase C-H stretching,tau(H19-C6-C7-C8),dihedral,8.063928817208586e-06,+,0.000388300749775794,0.18272253164280974
59,3017.552931456676,,,mixed-phase C-H stretching,"gamma(C6;C7,H21,H22)",oop,7.930939422768668e-06,-,-0.00033526234283352564,0.24106655312168962
59,3017.552931456676,,,mixed-phase C-H stretching,tau(H17-C4-C9-C8),dihedral,7.82567652493562e-06,-,-0.00023890725488776696,0.4684304222796268
59,3017.552931456676,,,mixed-phase C-H stretching,"gamma(C4;C5,C6,H18)",oop,7.5794071087902425e-06,+,0.00026093000530624366,0.38033742786902636
59,3017.552931456676,,,mixed-phase C-H stretching,delta(H23-C8-H24),angle,6.985559740897597e-06,-,-0.0003319266922748076,0.21662008978042366
59,3017.552931456676,,,mixed-phase C-H stretching,delta(C2-C4-C5),angle,6.8385543061807315e-06,-,-0.0002727350664562809,0.3140973094435254
59,3017.552931456676,,,mixed-phase C-H stretching,"gamma(C4;C2,C3,H13)",oop,5.564676549732037e-06,+,0.00023350655759423578,0.348677272053292
59,3017.552931456676,,,mixed-phase C-H stretching,delta(C7-C8-H23),angle,4.739055870234268e-06,+,0.00013320233809666554,0.9125360055785439
59,3017.552931456676,,,mixed-phase C-H stretching,nu(C2-H13),bond,3.987923857768968e-06,-,-0.00020205416623545277,0.3337283603614742
59,3017.552931456676,,,mixed-phase C-H stretching,nu(C4-C9),bond,3.976416580203358e-06,-,-0.00018067913903239166,0.41615750179357514
59,3017.552931456676,,,mixed-phase C-H stretching,nu(C4-C5),bond,3.787078888755137e-06,+,0.00015377022016286357,0.5471945412726401
59,3017.552931456676,,,mixed-phase C-H stretching,delta(C7-C6-H19),angle,2.819990330068889e-06,-,-0.00012901067587483438,0.578866203893712
59,3017.552931456676,,,mixed-phase C-H stretching,tau(C9-C5-C6-H20),dihedral,2.6815532868524125e-06,+,0.00013540072513739778,0.49971953559980403
59,3017.552931456676,,,mixed-phase C-H stretching,tau(H17-C4-C9-H25),dihedral,2.5933619531222857e-06,+,0.00012185696670333784,0.5966838523581202
59,3017.552931456676,,,mixed-phase C-H stretching,delta(C8-C7-H22),angle,2.5858483015964176e-06,+,0.0001536505768174095,0.37421098329674723
59,3017.552931456676,,,mixed-phase C-H stretching,delta(C9-C8-H23),angle,2.559530486284049e-06,+,0.00015009719224493863,0.3881477265434133
59,3017.552931456676,,,mixed-phase C-H stretching,delta(C6-C5-H18),angle,1.1948548056779633e-06,-,-0.00012365952996569438,0.26695731673582873
59,3017.552931456676,,,mixed-phase C-H stretching,nu(C7-H22),bond,7.890144752846071e-07,-,-8.96817984534189e-05,0.3351646674336103
59,3017.552931456676,,,mixed-phase C-H stretching,delta(C4-C9-C8),angle,7.770107751164766e-07,-,-5.918838732579372e-05,0.7577673759020244
59,3017.552931456676,,,mixed-phase C-H stretching,tau(H20-C6-C7-C8),dihedral,6.358481700177315e-07,-,-9.332723504728164e-05,0.24941266534876505
59,3017.552931456676,,,mixed-phase C-H stretching,nu(C7-H21),bond,2.381847683869514e-07,-,-4.945134212536966e-05,0.3327665744893832
59,3017.552931456676,,,mixed-phase C-H stretching,delta(C4-C9-H25),angle,2.0061740484536076e-07,+,5.5735948845569885e-05,0.22063768235437067
59,3017.552931456676,,,mixed-phase C-H stretching,delta(C9-C4-H17),angle,1.521811187019469e-07,-,-4.714413444076302e-05,0.23393075140123543
59,3017.552931456676,,,mixed-phase C-H stretching,delta(C1-C2-C3),angle,1.2329798849559684e-07,-,-3.4418654565175955e-05,0.3555904501026593
59,3017.552931456676,,,mixed-phase C-H stretching,delta(C6-C7-C8),angle,8.475424401243769e-08,-,-1.6904712690778425e-05,1.013275969219078
59,3017.552931456676,,,mixed-phase C-H stretching,tau(H21-C7-C8-C9),dihedral,2.8498193330908363e-08,-,-2.1245482404800806e-05,0.21570788048823702
59,3017.552931456676,,,mixed-phase C-H stretching,nu(C2-C4),bond,1.2157029617491876e-09,-,-3.891013630250867e-06,0.27433666012197316
59,3017.552931456676,,,mixed-phase C-H stretching,delta(H21-C7-H22),angle,1.2663660792486173e-10,-,-1.2528055576442637e-06,0.2756600324984054
60,3021.878317063282,,,C-H stretching,nu(C1-H12),bond,24.504211511366474,-,-0.5037330232833999,0.3303398418047025
60,3021.878317063282,,,C-H stretching,nu(C3-H15),bond,23.97751041678843,-,-0.4983037634622346,0.33032148604472367
60,3021.878317063282,,,C-H stretching,nu(C1-H10),bond,14.896013955556613,-,-0.39135260489460705,0.33270144145954433
60,3021.878317063282,,,C-H stretching,nu(C3-H14),bond,14.510100303824693,-,-0.38625178291472456,0.3326982298069487
60,3021.878317063282,,,C-H stretching,nu(C1-H11),bond,10.561453766717529,-,-0.3280736511870128,0.33566191504728254
60,3021.878317063282,,,C-H stretching,nu(C3-H16),bond,10.321689970917465,-,-0.3243370364301619,0.3356439255063405
60,3021.878317063282,,,C-H stretching,nu(C2-H13),bond,0.4144248400240154,-,-0.06517587445759192,0.3337283603614742
60,3021.878317063282,,,C-H stretching,nu(C4-H17),bond,0.10463432360515965,+,0.032577695896934336,0.3372519822787753
60,3021.878317063282,,,C-H stretching,nu(C1-C2),bond,0.09804897494441812,+,0.035321685157904445,0.26883220687743986
60,3021.878317063282,,,C-H stretching,nu(C2-C3),bond,0.0958639042701121,+,0.034926970911312576,0.2688155190040503
60,3021.878317063282,,,C-H stretching,nu(C8-H24),bond,0.09134861018667727,+,0.030828000158358022,0.3288003785530708
60,3021.878317063282,,,C-H stretching,nu(C6-H20),bond,0.09023665358969449,+,0.030642178795862132,0.3287492466493157
60,3021.878317063282,,,C-H stretching,nu(C8-H23),bond,0.08781410193850807,+,0.03025179237168189,0.3282336573619821
60,3021.878317063282,,,C-H stretching,nu(C6-H19),bond,0.08668598529039383,+,0.030056320920197273,0.32824515254734715
60,3021.878317063282,,,C-H stretching,"gamma(H11;C1,H10,H12)",oop,0.038410300242359564,+,0.024602171835686925,0.21708103153869004
60,3021.878317063282,,,C-H stretching,delta(C2-C3-H16),angle,0.022596315706176272,-,-0.01585836014682171,0.3073563220041683
60,3021.878317063282,,,C-H stretching,delta(H14-C3-H15),angle,0.02121203023195295,+,0.014002759493104503,0.3700633261945618
60,3021.878317063282,,,C-H stretching,delta(H15-C3-H16),angle,0.015990954773646798,+,0.012052158912706149,0.3765873833684418
60,3021.878317063282,,,C-H stretching,delta(C2-C1-H10),angle,0.015876898461941524,-,-0.012001964610957315,0.3770353350204659
60,3021.878317063282,,,C-H stretching,delta(H10-C1-H12),angle,0.015266603200563276,+,0.014158894351540205,0.2604982470330432
60,3021.878317063282,,,C-H stretching,delta(H14-C3-H16),angle,0.00623251138422417,+,0.0076069215185845755,0.36843958035172164
60,3021.878317063282,,,C-H stretching,delta(C1-C2-C3),angle,0.005121376854215017,-,-0.0070190584290154455,0.3555904501026593
60,3021.878317063282,,,C-H stretching,nu(C7-H22),bond,0.004049871167470272,-,-0.006429127283279937,0.3351646674336103
60,3021.878317063282,,,C-H stretching,nu(C7-H21),bond,0.0031328360531091104,-,-0.005674917089437156,0.3327665744893832
60,3021.878317063282,,,C-H stretching,delta(C2-C3-H15),angle,0.0019399425554421164,-,-0.003939380588138545,0.4276161102640135
60,3021.878317063282,,,C-H stretching,delta(C2-C1-H12),angle,0.0014420377350672165,-,-0.004015121687598126,0.3059850941292659
60,3021.878317063282,,,C-H stretching,delta(C3-C2-H13),angle,0.0013599493533905398,+,0.004400313754951041,0.24025725817088736
60,3021.878317063282,,,C-H stretching,delta(C6-C7-C8),angle,0.0008660976762467229,-,-0.0017099369616364473,1.013275969219078
60,3021.878317063282,,,C-H stretching,tau(C4-C2-C3-H14),dihedral,0.0007360883799554796,-,-0.0030049931441640254,0.27884576993327614
60,3021.878317063282,,,C-H stretching,tau(H12-C1-C2-C3),dihedral,0.0007004602004359565,+,0.0036591280518459197,0.1789572584353189
60,3021.878317063282,,,C-H stretching,"gamma(C4;C2,C3,H13)",oop,0.0005142554735450208,+,0.002246147005718867,0.348677272053292
60,3021.878317063282,,,C-H stretching,nu(C9-H25),bond,0.0004001286662504349,-,-0.001980319025472817,0.34902008220261893
60,3021.878317063282,,,C-H stretching,nu(C5-H18),bond,0.0003777464478727552,-,-0.001924108832521412,0.34902954612114734
60,3021.878317063282,,,C-H stretching,delta(C3-C2-C4),angle,0.00036499644276139344,-,-0.0015465943795079954,0.5219835858024717
60,3021.878317063282,,,C-H stretching,nu(C4-C5),bond,0.0003301520776867299,-,-0.0014366357653352042,0.5471945412726401
60,3021.878317063282,,,C-H stretching,"gamma(H19;C6,C5,H20)",oop,0.0002913849538858768,+,0.0013998215119725896,0.5086778952751276
60,3021.878317063282,,,C-H stretching,delta(C4-C9-C8),angle,0.0002636263711397086,-,-0.001090905192216764,0.7577673759020244
60,3021.878317063282,,,C-H stretching,nu(C8-C9),bond,0.000262237507029003,-,-0.0016933203390527619,0.3128510577221663
60,3021.878317063282,,,C-H stretching,nu(C4-C9),bond,0.00024958090473454537,-,-0.0014323110694858387,0.41615750179357514
60,3021.878317063282,,,C-H stretching,nu(C5-C6),bond,0.00024579046039303236,-,-0.0016833064109794827,0.29672882571093184
60,3021.878317063282,,,C-H stretching,tau(C3-C2-C4-C5),dihedral,0.00023721534918246111,-,-0.005814195948933804,0.024004050308062942
60,3021.878317063282,,,C-H stretching,tau(C1-C2-C3-H16),dihedral,0.0002087835907023711,-,-0.0016130899519254298,0.2744733988296527
60,3021.878317063282,,,C-H stretching,nu(C6-C7),bond,0.00016947537438447068,-,-0.0014055203479449462,0.2934630298225203
60,3021.878317063282,,,C-H stretching,nu(C7-C8),bond,0.0001679293479654312,-,-0.0014154285526093192,0.28672909715516987
60,3021.878317063282,,,C-H stretching,tau(H11-C1-C2-C3),dihedral,0.00013129213535761133,+,0.0016170933496336016,0.17174717389126995
60,3021.878317063282,,,C-H stretching,nu(C2-C4),bond,0.00011333332171468184,+,0.0011887688602590252,0.27433666012197316
60,3021.878317063282,,,C-H stretching,delta(H23-C8-H24),angle,0.00010554576801369026,-,-0.0012910158712336106,0.21662008978042366
60,3021.878317063282,,,C-H stretching,tau(C9-C5-C6-H20),dihedral,0.00010079404467631523,-,-0.0008306437611889726,0.49971953559980403
60,3021.878317063282,,,C-H stretching,tau(H19-C6-C7-C8),dihedral,8.408501073701857e-05,-,-0.0012546534205577688,0.18272253164280974
60,3021.878317063282,,,C-H stretching,tau(H17-C4-C9-H25),dihedral,8.268530452877837e-05,+,0.0006884978010053129,0.5966838523581202
60,3021.878317063282,,,C-H stretching,delta(C6-C5-H18),angle,7.951215492580062e-05,+,0.001009383921464445,0.26695731673582873
60,3021.878317063282,,,C-H stretching,"gamma(C7;C8,H23,H24)",oop,6.948830123151308e-05,-,-0.0008891472860840442,0.300666713145669
60,3021.878317063282,,,C-H stretching,"gamma(C6;C7,H21,H22)",oop,5.116061663111524e-05,+,0.0008520399161162503,0.24106655312168962
60,3021.878317063282,,,C-H stretching,"gamma(C9;C4,C2,C5)",oop,2.6315585380730425e-05,-,-0.00026319867282586265,1.2994713680163765
60,3021.878317063282,,,C-H stretching,delta(C9-C4-H17),angle,2.559709947580445e-05,+,0.0006118039196817786,0.23393075140123543
60,3021.878317063282,,,C-H stretching,tau(H20-C6-C7-C8),dihedral,1.9713080349393106e-05,+,0.0005199702893977353,0.24941266534876505
60,3021.878317063282,,,C-H stretching,"gamma(C5;C9,C4,H25)",oop,1.7311963797550802e-05,+,0.00015492430672490006,2.4673359249773874
60,3021.878317063282,,,C-H stretching,delta(C8-C7-H22),angle,1.5288650038622278e-05,+,0.00037384092245157754,0.37421098329674723
60,3021.878317063282,,,C-H stretching,delta(H21-C7-H22),angle,1.0415580288970177e-05,-,-0.0003595136372387349,0.2756600324984054
60,3021.878317063282,,,C-H stretching,tau(H21-C7-C8-C9),dihedral,3.4475947688008518e-06,+,0.0002338221425154424,0.21570788048823702
60,3021.878317063282,,,C-H stretching,delta(C4-C9-H25),angle,3.3404792642949693e-06,+,0.00022757527780740134,0.22063768235437067
60,3021.878317063282,,,C-H stretching,"gamma(C4;C5,C6,H18)",oop,1.2740567866400822e-06,-,-0.00010704598804645156,0.38033742786902636
60,3021.878317063282,,,C-H stretching,delta(C7-C8-H23),angle,1.14312454424663e-06,-,-6.546095020838244e-05,0.9125360055785439
60,3021.878317063282,,,C-H stretching,tau(C2-C4-C5-H18),dihedral,9.879481655293264e-07,+,9.717437852278846e-05,0.35789174837591814
60,3021.878317063282,,,C-H stretching,delta(C7-C6-H19),angle,6.903099207383056e-07,-,-6.38694968543651e-05,0.578866203893712
60,3021.878317063282,,,C-H stretching,delta(C2-C4-C5),angle,6.284909845405706e-07,-,-8.273284383410969e-05,0.3140973094435254
60,3021.878317063282,,,C-H stretching,tau(H23-C8-C9-C4),dihedral,6.006370889887984e-07,-,-6.765584811052182e-05,0.4488720156531896
60,3021.878317063282,,,C-H stretching,tau(H17-C4-C9-C8),dihedral,2.9365224666609287e-07,+,4.6307853693853695e-05,0.4684304222796268
60,3021.878317063282,,,C-H stretching,delta(C9-C8-H23),angle,1.5912514439346672e-07,-,-3.7448240467145604e-05,0.3881477265434133
61,3029.8221802159965,,,mixed-phase ring-site C-H stretching,nu(C6-H19),bond,29.49604901825418,-,-0.5582757991501616,0.32824515254734715
61,3029.8221802159965,,,mixed-phase ring-site C-H stretching,nu(C6-H20),bond,25.482174361226377,-,-0.5185037452631794,0.3287492466493157
61,3029.8221802159965,,,mixed-phase ring-site C-H stretching,nu(C8-H23),bond,23.792042846340053,+,0.5014069507181728,0.3282336573619821
61,3029.8221802159965,,,mixed-phase ring-site C-H stretching,nu(C8-H24),bond,20.41130368196645,+,0.46401845856181595,0.3288003785530708
61,3029.8221802159965,,,mixed-phase ring-site C-H stretching,nu(C5-H18),bond,0.11747766162507314,+,0.034167451750037624,0.34902954612114734
61,3029.8221802159965,,,mixed-phase ring-site C-H stretching,nu(C9-H25),bond,0.09023496568541499,-,-0.029945271837880868,0.34902008220261893
61,3029.8221802159965,,,mixed-phase ring-site C-H stretching,"gamma(H19;C6,C5,H20)",oop,0.08377699436798838,-,-0.023900500422098344,0.5086778952751276
61,3029.8221802159965,,,mixed-phase ring-site C-H stretching,nu(C6-C7),bond,0.07443573638533633,+,0.029660610473653523,0.2934630298225203
61,3029.8221802159965,,,mixed-phase ring-site C-H stretching,nu(C5-C6),bond,0.06473640443213104,+,0.027508091329210657,0.29672882571093184
61,3029.8221802159965,,,mixed-phase ring-site C-H stretching,nu(C7-C8),bond,0.0634314419204356,-,-0.027700170847610315,0.28672909715516987
61,3029.8221802159965,,,mixed-phase ring-site C-H stretching,nu(C8-C9),bond,0.05484669036808906,-,-0.02465882840756131,0.3128510577221663
61,3029.8221802159965,,,mixed-phase ring-site C-H stretching,nu(C1-H12),bond,0.02572818678202792,-,-0.016435773630981802,0.3303398418047025
61,3029.8221802159965,,,mixed-phase ring-site C-H stretching,tau(C9-C5-C6-H20),dihedral,0.024784099663311035,+,0.013115638832558433,0.49971953559980403
61,3029.8221802159965,,,mixed-phase ring-site C-H stretching,tau(H20-C6-C7-C8),dihedral,0.023061315504754463,-,-0.017908071775128032,0.24941266534876505
61,3029.8221802159965,,,mixed-phase ring-site C-H stretching,delta(H23-C8-H24),angle,0.021345502748383753,-,-0.018487145858170753,0.21662008978042366
61,3029.8221802159965,,,mixed-phase ring-site C-H stretching,tau(H17-C4-C9-C8),dihedral,0.02052951086452929,-,-0.012329140282033408,0.4684304222796268
61,3029.8221802159965,,,mixed-phase ring-site C-H stretching,delta(C4-C9-C8),angle,0.020412190961833755,-,-0.009665913377538188,0.7577673759020244
61,3029.8221802159965,,,mixed-phase ring-site C-H stretching,nu(C7-H21),bond,0.019556515202265246,+,0.014277163278121414,0.3327665744893832
61,3029.8221802159965,,,mixed-phase ring-site C-H stretching,delta(C6-C5-H18),angle,0.01654714101707809,-,-0.014662452194634672,0.26695731673582873
61,3029.8221802159965,,,mixed-phase ring-site C-H stretching,nu(C3-H15),bond,0.01539749922164986,+,0.01271518615921553,0.33032148604472367
61,3029.8221802159965,,,mixed-phase ring-site C-H stretching,"gamma(C6;C7,H21,H22)",oop,0.015281967475866125,-,-0.014828157686877645,0.24106655312168962
61,3029.8221802159965,,,mixed-phase ring-site C-H stretching,"gamma(C7;C8,H23,H24)",oop,0.014034920158605193,-,-0.012724137031927475,0.300666713145669
61,3029.8221802159965,,,mixed-phase ring-site C-H stretching,nu(C1-H10),bond,0.013865671318208313,-,-0.012022897613638152,0.33270144145954433
61,3029.8221802159965,,,mixed-phase ring-site C-H stretching,nu(C3-H14),bond,0.009418824712647588,+,0.009909212723347919,0.3326982298069487
61,3029.8221802159965,,,mixed-phase ring-site C-H stretching,tau(H19-C6-C7-C8),dihedral,0.006326680256976991,+,0.010958672055007392,0.18272253164280974
61,3029.8221802159965,,,mixed-phase ring-site C-H stretching,"gamma(C4;C5,C6,H18)",oop,0.00449030766370896,+,0.0063991097117733625,0.38033742786902636
61,3029.8221802159965,,,mixed-phase ring-site C-H stretching,tau(H23-C8-C9-C4),dihedral,0.0035916470139056096,-,-0.00526807073775777,0.4488720156531896
61,3029.8221802159965,,,mixed-phase ring-site C-H stretching,nu(C7-H22),bond,0.0035831686502618212,+,0.006089344566770641,0.3351646674336103
61,3029.8221802159965,,,mixed-phase ring-site C-H stretching,tau(H21-C7-C8-C9),dihedral,0.0024195750055490883,+,0.0062373853855572795,0.21570788048823702
61,3029.8221802159965,,,mixed-phase ring-site C-H stretching,delta(C7-C8-H23),angle,0.00202131888963838,-,-0.002771778055151293,0.9125360055785439
61,3029.8221802159965,,,mixed-phase ring-site C-H stretching,delta(C7-C6-H19),angle,0.001979066524306905,+,0.003443555908007738,0.578866203893712
61,3029.8221802159965,,,mixed-phase ring-site C-H stretching,nu(C3-H16),bond,0.0016417117284717073,-,-0.004118841632995143,0.3356439255063405
61,3029.8221802159965,,,mixed-phase ring-site C-H stretching,delta(C6-C7-C8),angle,0.0009398652383141503,+,0.0017936386818530297,1.013275969219078
61,3029.8221802159965,,,mixed-phase ring-site C-H stretching,nu(C1-H11),bond,0.0008462239830077918,+,0.00295704320606441,0.33566191504728254
61,3029.8221802159965,,,mixed-phase ring-site C-H stretching,delta(C9-C8-H23),angle,0.00040915190527503084,-,-0.0019120964928693459,0.3881477265434133
61,3029.8221802159965,,,mixed-phase ring-site C-H stretching,tau(C2-C4-C5-H18),dihedral,0.0003171880694309073,+,0.0017532692603752509,0.35789174837591814
61,3029.8221802159965,,,mixed-phase ring-site C-H stretching,delta(C8-C7-H22),angle,0.00020562469258645735,+,0.0013805285970957888,0.37421098329674723
61,3029.8221802159965,,,mixed-phase ring-site C-H stretching,"gamma(C9;C4,C2,C5)",oop,0.0001719213485620584,+,0.0006774037343760467,1.2994713680163765
61,3029.8221802159965,,,mixed-phase ring-site C-H stretching,nu(C2-H13),bond,0.00010442105116101048,-,-0.001041750007777432,0.3337283603614742
61,3029.8221802159965,,,mixed-phase ring-site C-H stretching,delta(C2-C3-H16),angle,6.367870364474902e-05,+,0.0008476997808312952,0.3073563220041683
61,3029.8221802159965,,,mixed-phase ring-site C-H stretching,tau(H17-C4-C9-H25),dihedral,6.055888640470172e-05,+,0.0005933115968239908,0.5966838523581202
61,3029.8221802159965,,,mixed-phase ring-site C-H stretching,delta(C2-C4-C5),angle,5.743142706816108e-05,-,-0.0007963587113601452,0.3140973094435254
61,3029.8221802159965,,,mixed-phase ring-site C-H stretching,nu(C1-C2),bond,4.0687913829462885e-05,+,0.0007245328855408636,0.26883220687743986
61,3029.8221802159965,,,mixed-phase ring-site C-H stretching,delta(H14-C3-H15),angle,3.8441295712691306e-05,-,-0.0006002428896463407,0.3700633261945618
61,3029.8221802159965,,,mixed-phase ring-site C-H stretching,delta(H10-C1-H12),angle,3.721439580341763e-05,+,0.0007039132221498261,0.2604982470330432
61,3029.8221802159965,,,mixed-phase ring-site C-H stretching,nu(C4-C5),bond,3.3700055514281864e-05,-,-0.0004621792775324515,0.5471945412726401
61,3029.8221802159965,,,mixed-phase ring-site C-H stretching,delta(C3-C2-C4),angle,2.630561095741237e-05,-,-0.00041808232983940065,0.5219835858024717
61,3029.8221802159965,,,mixed-phase ring-site C-H stretching,nu(C2-C3),bond,1.7495187832402543e-05,-,-0.0004751143803156384,0.2688155190040503
61,3029.8221802159965,,,mixed-phase ring-site C-H stretching,"gamma(C4;C2,C3,H13)",oop,1.5643325840834606e-05,-,-0.0003944743464637723,0.348677272053292
61,3029.8221802159965,,,mixed-phase ring-site C-H stretching,"gamma(H11;C1,H10,H12)",oop,1.5412287653217256e-05,+,0.0004962364417525317,0.21708103153869004
61,3029.8221802159965,,,mixed-phase ring-site C-H stretching,nu(C4-C9),bond,1.3649745828494854e-05,+,0.00033728688749771086,0.41615750179357514
61,3029.8221802159965,,,mixed-phase ring-site C-H stretching,delta(C4-C9-H25),angle,1.1540910953432792e-05,+,0.0004259378564770197,0.22063768235437067
61,3029.8221802159965,,,mixed-phase ring-site C-H stretching,tau(H12-C1-C2-C3),dihedral,9.071112912411297e-06,-,-0.00041929691477584805,0.1789572584353189
61,3029.8221802159965,,,mixed-phase ring-site C-H stretching,"gamma(C5;C9,C4,H25)",oop,7.84452064280906e-06,-,-0.0001050110747501874,2.4673359249773874
61,3029.8221802159965,,,mixed-phase ring-site C-H stretching,delta(H21-C7-H22),angle,7.527285690624418e-06,-,-0.00030775019560176376,0.2756600324984054
61,3029.8221802159965,,,mixed-phase ring-site C-H stretching,tau(C3-C2-C4-C5),dihedral,5.104528820174758e-06,+,0.0008588189235981081,0.024004050308062942
61,3029.8221802159965,,,mixed-phase ring-site C-H stretching,tau(C4-C2-C3-H14),dihedral,4.98979600643857e-06,+,0.00024912964236790036,0.27884576993327614
61,3029.8221802159965,,,mixed-phase ring-site C-H stretching,delta(C2-C1-H12),angle,3.3288379718641223e-06,+,0.0001942505389584708,0.3059850941292659
61,3029.8221802159965,,,mixed-phase ring-site C-H stretching,tau(C1-C2-C3-H16),dihedral,2.5598841453641236e-06,-,-0.00017985646964666942,0.2744733988296527
61,3029.8221802159965,,,mixed-phase ring-site C-H stretching,nu(C4-H17),bond,2.0637689748859024e-06,+,0.00014568650458136748,0.3372519822787753
61,3029.8221802159965,,,mixed-phase ring-site C-H stretching,delta(C2-C3-H15),angle,2.0195484784911853e-06,-,-0.00012798708604785404,0.4276161102640135
61,3029.8221802159965,,,mixed-phase ring-site C-H stretching,delta(H15-C3-H16),angle,1.0074380698542535e-06,-,-9.632573588885592e-05,0.3765873833684418
61,3029.8221802159965,,,mixed-phase ring-site C-H stretching,tau(H11-C1-C2-C3),dihedral,7.748024883530383e-07,-,-0.00012508831518658701,0.17174717389126995
61,3029.8221802159965,,,mixed-phase ring-site C-H stretching,delta(C1-C2-C3),angle,4.3355485264665474e-07,-,-6.502989019598945e-05,0.3555904501026593
61,3029.8221802159965,,,mixed-phase ring-site C-H stretching,delta(C3-C2-H13),angle,2.7722165036227064e-07,-,-6.326177211679584e-05,0.24025725817088736
61,3029.8221802159965,,,mixed-phase ring-site C-H stretching,delta(H14-C3-H16),angle,1.0825127522780239e-07,+,3.192268485009991e-05,0.36843958035172164
61,3029.8221802159965,,,mixed-phase ring-site C-H stretching,delta(C2-C1-H10),angle,7.033303970414182e-08,-,-2.5436344977694253e-05,0.3770353350204659
61,3029.8221802159965,,,mixed-phase ring-site C-H stretching,delta(C9-C4-H17),angle,3.044599167842328e-08,-,-2.1246502249950362e-05,0.23393075140123543
61,3029.8221802159965,,,mixed-phase ring-site C-H stretching,nu(C2-C4),bond,8.698132465522275e-09,+,1.048665847928277e-05,0.27433666012197316
62,3030.474804769933,,,mixed-phase ring-site C-H stretching,nu(C8-H23),bond,29.24311508846455,-,-0.5570232868716343,0.3282336573619821
62,3030.474804769933,,,mixed-phase ring-site C-H stretching,nu(C6-H19),bond,23.074886337913007,-,-0.49479319206926814,0.32824515254734715
62,3030.474804769933,,,mixed-phase ring-site C-H stretching,nu(C8-H24),bond,21.74842442442615,-,-0.47995534916289956,0.3288003785530708
62,3030.474804769933,,,mixed-phase ring-site C-H stretching,nu(C6-H20),bond,17.197633951821757,-,-0.4268301195859505,0.3287492466493157
62,3030.474804769933,,,mixed-phase ring-site C-H stretching,nu(C7-H21),bond,6.487771287639852,+,0.26057395724767374,0.3327665744893832
62,3030.474804769933,,,mixed-phase ring-site C-H stretching,nu(C7-H22),bond,0.8371543943589003,+,0.09326673135525904,0.3351646674336103
62,3030.474804769933,,,mixed-phase ring-site C-H stretching,delta(C6-C7-C8),angle,0.2736751387754946,+,0.030669513913035115,1.013275969219078
62,3030.474804769933,,,mixed-phase ring-site C-H stretching,nu(C9-H25),bond,0.16508965597266245,+,0.04058708059498557,0.34902008220261893
62,3030.474804769933,,,mixed-phase ring-site C-H stretching,nu(C5-H18),bond,0.13550829456832583,+,0.036770957121064006,0.34902954612114734
62,3030.474804769933,,,mixed-phase ring-site C-H stretching,nu(C3-H15),bond,0.1273632095204707,-,-0.036644320789201094,0.33032148604472367
62,3030.474804769933,,,mixed-phase ring-site C-H stretching,nu(C1-H12),bond,0.11450210691801645,-,-0.03474396282466133,0.3303398418047025
62,3030.474804769933,,,mixed-phase ring-site C-H stretching,"gamma(H19;C6,C5,H20)",oop,0.06881807181020876,-,-0.02170615540893471,0.5086778952751276
62,3030.474804769933,,,mixed-phase ring-site C-H stretching,nu(C8-C9),bond,0.062468760538729726,+,0.02637033953134569,0.3128510577221663
62,3030.474804769933,,,mixed-phase ring-site C-H stretching,nu(C5-C6),bond,0.04680282912625675,+,0.023437391518953264,0.29672882571093184
62,3030.474804769933,,,mixed-phase ring-site C-H stretching,nu(C3-H14),bond,0.046573536905833435,-,-0.022079917994906918,0.3326982298069487
62,3030.474804769933,,,mixed-phase ring-site C-H stretching,nu(C1-H10),bond,0.04103898061210947,-,-0.020726407470693795,0.33270144145954433
62,3030.474804769933,,,mixed-phase ring-site C-H stretching,tau(H19-C6-C7-C8),dihedral,0.03568787568707203,+,0.02608058854813174,0.18272253164280974
62,3030.474804769933,,,mixed-phase ring-site C-H stretching,"gamma(C7;C8,H23,H24)",oop,0.032957358862757885,+,0.01953829292228456,0.300666713145669
62,3030.474804769933,,,mixed-phase ring-site C-H stretching,nu(C7-C8),bond,0.029290845348631533,+,0.01886180107045823,0.28672909715516987
62,3030.474804769933,,,mixed-phase ring-site C-H stretching,delta(C4-C9-C8),angle,0.028159520115835248,+,0.011376214280056165,0.7577673759020244
62,3030.474804769933,,,mixed-phase ring-site C-H stretching,delta(H23-C8-H24),angle,0.026889428357554198,+,0.020791915904997803,0.21662008978042366
62,3030.474804769933,,,mixed-phase ring-site C-H stretching,tau(C9-C5-C6-H20),dihedral,0.023074485763307485,+,0.012681071247149261,0.49971953559980403
62,3030.474804769933,,,mixed-phase ring-site C-H stretching,nu(C6-C7),bond,0.020587725934785073,+,0.015630777514879374,0.2934630298225203
62,3030.474804769933,,,mixed-phase ring-site C-H stretching,nu(C2-H13),bond,0.019882995645263274,-,-0.014404475266364528,0.3337283603614742
62,3030.474804769933,,,mixed-phase ring-site C-H stretching,delta(C7-C8-H23),angle,0.017223601447800295,+,0.0081075581068819,0.9125360055785439
62,3030.474804769933,,,mixed-phase ring-site C-H stretching,tau(H17-C4-C9-C8),dihedral,0.016492569711402668,+,0.011073239895893906,0.4684304222796268
62,3030.474804769933,,,mixed-phase ring-site C-H stretching,"gamma(C6;C7,H21,H22)",oop,0.014697268771791686,-,-0.014571455351445804,0.24106655312168962
62,3030.474804769933,,,mixed-phase ring-site C-H stretching,delta(C6-C5-H18),angle,0.013048104544511777,-,-0.013046856644723392,0.26695731673582873
62,3030.474804769933,,,mixed-phase ring-site C-H stretching,nu(C1-H11),bond,0.012311110479592663,-,-0.011301879464473436,0.33566191504728254
62,3030.474804769933,,,mixed-phase ring-site C-H stretching,nu(C3-H16),bond,0.011342137112257338,-,-0.010848286382068176,0.3356439255063405
62,3030.474804769933,,,mixed-phase ring-site C-H stretching,delta(C7-C6-H19),angle,0.009662591321270775,+,0.007624490001125203,0.578866203893712
62,3030.474804769933,,,mixed-phase ring-site C-H stretching,tau(H23-C8-C9-C4),dihedral,0.003928808269122738,+,0.005521057155670793,0.4488720156531896
62,3030.474804769933,,,mixed-phase ring-site C-H stretching,tau(H21-C7-C8-C9),dihedral,0.0038262759283510207,-,-0.007859740869728083,0.21570788048823702
62,3030.474804769933,,,mixed-phase ring-site C-H stretching,delta(H21-C7-H22),angle,0.002393392211422418,-,-0.005498865866203354,0.2756600324984054
62,3030.474804769933,,,mixed-phase ring-site C-H stretching,"gamma(C4;C5,C6,H18)",oop,0.0016567437281695217,+,0.003894899229438781,0.38033742786902636
62,3030.474804769933,,,mixed-phase ring-site C-H stretching,delta(C9-C8-H23),angle,0.0011899173056651037,+,0.0032674801497058555,0.3881477265434133
62,3030.474804769933,,,mixed-phase ring-site C-H stretching,delta(C8-C7-H22),angle,0.0011092578346067646,+,0.0032130026089595694,0.37421098329674723
62,3030.474804769933,,,mixed-phase ring-site C-H stretching,tau(H20-C6-C7-C8),dihedral,0.0006221801570775486,-,-0.0029474871285755863,0.24941266534876505
62,3030.474804769933,,,mixed-phase ring-site C-H stretching,nu(C4-H17),bond,0.0004902734848902746,+,0.002250064866674787,0.3372519822787753
62,3030.474804769933,,,mixed-phase ring-site C-H stretching,nu(C2-C3),bond,0.0004117287736150701,+,0.002309572136998241,0.2688155190040503
62,3030.474804769933,,,mixed-phase ring-site C-H stretching,nu(C1-C2),bond,0.0003853589830093436,+,0.002234319036983819,0.26883220687743986
62,3030.474804769933,,,mixed-phase ring-site C-H stretching,tau(H17-C4-C9-H25),dihedral,0.00024340299855503213,-,-0.0011919112266821701,0.5966838523581202
62,3030.474804769933,,,mixed-phase ring-site C-H stretching,delta(C2-C3-H16),angle,0.00019587709464591357,-,-0.0014897858411754496,0.3073563220041683
62,3030.474804769933,,,mixed-phase ring-site C-H stretching,nu(C4-C5),bond,0.0001868197344938911,-,-0.0010904194462676077,0.5471945412726401
62,3030.474804769933,,,mixed-phase ring-site C-H stretching,nu(C4-C9),bond,0.00015629389193769731,-,-0.0011436555184538974,0.41615750179357514
62,3030.474804769933,,,mixed-phase ring-site C-H stretching,delta(C1-C2-C3),angle,0.0001355690936579018,-,-0.0011522809785076383,0.3555904501026593
62,3030.474804769933,,,mixed-phase ring-site C-H stretching,"gamma(H11;C1,H10,H12)",oop,0.000130504990060701,+,0.001446957287762233,0.21708103153869004
62,3030.474804769933,,,mixed-phase ring-site C-H stretching,delta(H14-C3-H15),angle,0.00012662384628800555,+,0.0010916233520725292,0.3700633261945618
62,3030.474804769933,,,mixed-phase ring-site C-H stretching,delta(C2-C1-H10),angle,0.00011502491871525567,-,-0.0010307611270763478,0.3770353350204659
62,3030.474804769933,,,mixed-phase ring-site C-H stretching,"gamma(C5;C9,C4,H25)",oop,0.00011340259559797382,+,0.0004000833216501645,2.4673359249773874
62,3030.474804769933,,,mixed-phase ring-site C-H stretching,delta(H15-C3-H16),angle,8.098302705215119e-05,+,0.0008654006378679086,0.3765873833684418
62,3030.474804769933,,,mixed-phase ring-site C-H stretching,delta(H10-C1-H12),angle,7.576665203505787e-05,+,0.0010064442821175197,0.2604982470330432
62,3030.474804769933,,,mixed-phase ring-site C-H stretching,delta(C2-C4-C5),angle,5.422796200814509e-05,-,-0.0007754121903155645,0.3140973094435254
62,3030.474804769933,,,mixed-phase ring-site C-H stretching,"gamma(C9;C4,C2,C5)",oop,3.835848012633433e-05,-,-0.0003206272490547815,1.2994713680163765
62,3030.474804769933,,,mixed-phase ring-site C-H stretching,delta(C3-C2-H13),angle,3.463787179115454e-05,+,0.0007085825171336833,0.24025725817088736
62,3030.474804769933,,,mixed-phase ring-site C-H stretching,tau(H12-C1-C2-C3),dihedral,3.46161688840628e-05,+,0.0008207633065728953,0.1789572584353189
62,3030.474804769933,,,mixed-phase ring-site C-H stretching,"gamma(C4;C2,C3,H13)",oop,3.344368393607795e-05,+,0.0005779607238424663,0.348677272053292
62,3030.474804769933,,,mixed-phase ring-site C-H stretching,delta(C2-C3-H15),angle,2.908697866289834e-05,+,0.0004867157136330635,0.4276161102640135
62,3030.474804769933,,,mixed-phase ring-site C-H stretching,delta(C3-C2-C4),angle,2.1025448893887217e-05,-,-0.0003745392237147184,0.5219835858024717
62,3030.474804769933,,,mixed-phase ring-site C-H stretching,delta(C2-C1-H12),angle,1.865943650082548e-05,+,0.0004608421750436947,0.3059850941292659
62,3030.474804769933,,,mixed-phase ring-site C-H stretching,tau(C1-C2-C3-H16),dihedral,8.392040436347908e-06,-,-0.0003263147797071953,0.2744733988296527
62,3030.474804769933,,,mixed-phase ring-site C-H stretching,tau(H11-C1-C2-C3),dihedral,6.213263147067784e-06,+,0.00035495080451921723,0.17174717389126995
62,3030.474804769933,,,mixed-phase ring-site C-H stretching,delta(H14-C3-H16),angle,4.563305505152601e-06,+,0.000207687196452217,0.36843958035172164
62,3030.474804769933,,,mixed-phase ring-site C-H stretching,delta(C9-C4-H17),angle,3.216666624393077e-06,+,0.0002188328212478488,0.23393075140123543
62,3030.474804769933,,,mixed-phase ring-site C-H stretching,tau(C4-C2-C3-H14),dihedral,2.9523612444865657e-06,-,-0.0001920241310004717,0.27884576993327614
62,3030.474804769933,,,mixed-phase ring-site C-H stretching,delta(C4-C9-H25),angle,1.960567468259641e-06,-,-0.0001759155147579721,0.22063768235437067
62,3030.474804769933,,,mixed-phase ring-site C-H stretching,tau(C2-C4-C5-H18),dihedral,4.163400000819672e-07,-,-6.365042637209731e-05,0.35789174837591814
62,3030.474804769933,,,mixed-phase ring-site C-H stretching,tau(C3-C2-C4-C5),dihedral,2.7540568546425396e-07,-,-0.0001998928580372541,0.024004050308062942
62,3030.474804769933,,,mixed-phase ring-site C-H stretching,nu(C2-C4),bond,6.002394209208288e-08,+,2.7604089355543085e-05,0.27433666012197316
63,3050.8156947488724,,,mixed-phase ring-site C-H stretching,nu(C7-H22),bond,24.562610674795827,-,-0.5167699866234968,0.3351646674336103
63,3050.8156947488724,,,mixed-phase ring-site C-H stretching,nu(C2-H13),bond,14.953126485232165,+,0.40407183610117725,0.3337283603614742
63,3050.8156947488724,,,mixed-phase ring-site C-H stretching,nu(C6-H19),bond,14.074979064199834,-,-0.39528820271636866,0.32824515254734715
63,3050.8156947488724,,,mixed-phase ring-site C-H stretching,nu(C8-H23),bond,13.668179785520485,-,-0.38954077176517554,0.3282336573619821
63,3050.8156947488724,,,mixed-phase ring-site C-H stretching,nu(C6-H20),bond,13.408744703330639,+,0.38552346164168033,0.3287492466493157
63,3050.8156947488724,,,mixed-phase ring-site C-H stretching,nu(C8-H24),bond,13.352208018607627,+,0.38467992739789414,0.3288003785530708
63,3050.8156947488724,,,mixed-phase ring-site C-H stretching,nu(C3-H15),bond,0.9520266153590158,+,0.10248145154096809,0.33032148604472367
63,3050.8156947488724,,,mixed-phase ring-site C-H stretching,nu(C1-H12),bond,0.9399968975477957,+,0.10182909097369926,0.3303398418047025
63,3050.8156947488724,,,mixed-phase ring-site C-H stretching,nu(C3-H14),bond,0.7076004088506548,-,-0.08803551871787621,0.3326982298069487
63,3050.8156947488724,,,mixed-phase ring-site C-H stretching,nu(C1-H10),bond,0.7062145285484315,-,-0.08794884038941901,0.33270144145954433
63,3050.8156947488724,,,mixed-phase ring-site C-H stretching,nu(C3-H16),bond,0.5750603864382613,-,-0.07901443974018725,0.3356439255063405
63,3050.8156947488724,,,mixed-phase ring-site C-H stretching,nu(C1-H11),bond,0.569452950952233,-,-0.07862615259228273,0.33566191504728254
63,3050.8156947488724,,,mixed-phase ring-site C-H stretching,nu(C4-H17),bond,0.32893322088014876,+,0.059616400154318065,0.3372519822787753
63,3050.8156947488724,,,mixed-phase ring-site C-H stretching,delta(C7-C8-H23),angle,0.22592587670951225,+,0.030036347381972913,0.9125360055785439
63,3050.8156947488724,,,mixed-phase ring-site C-H stretching,delta(C6-C7-C8),angle,0.1678274120845378,-,-0.02456725944774817,1.013275969219078
63,3050.8156947488724,,,mixed-phase ring-site C-H stretching,delta(C7-C6-H19),angle,0.14508440895392755,+,0.030221109887341745,0.578866203893712
63,3050.8156947488724,,,mixed-phase ring-site C-H stretching,delta(C8-C7-H22),angle,0.09636802480751758,+,0.030633551434823176,0.37421098329674723
63,3050.8156947488724,,,mixed-phase ring-site C-H stretching,delta(C9-C8-H23),angle,0.04380374544181866,+,0.020278985973547457,0.3881477265434133
63,3050.8156947488724,,,mixed-phase ring-site C-H stretching,delta(C2-C3-H15),angle,0.03603090815198806,-,-0.017522646914127943,0.4276161102640135
63,3050.8156947488724,,,mixed-phase ring-site C-H stretching,nu(C7-H21),bond,0.035371348930899986,-,-0.019680906503307772,0.3327665744893832
63,3050.8156947488724,,,mixed-phase ring-site C-H stretching,nu(C5-H18),bond,0.031573845956241686,+,0.018156067204699762,0.34902954612114734
63,3050.8156947488724,,,mixed-phase ring-site C-H stretching,delta(C4-C9-C8),angle,0.03097154386912773,+,0.012204011562255328,0.7577673759020244
63,3050.8156947488724,,,mixed-phase ring-site C-H stretching,nu(C9-H25),bond,0.03057609285779581,+,0.017867135090949136,0.34902008220261893
63,3050.8156947488724,,,mixed-phase ring-site C-H stretching,delta(C2-C1-H12),angle,0.02568727727409481,-,-0.017490331322399248,0.3059850941292659
63,3050.8156947488724,,,mixed-phase ring-site C-H stretching,delta(C3-C2-C4),angle,0.023169165479334813,+,0.012717914688975002,0.5219835858024717
63,3050.8156947488724,,,mixed-phase ring-site C-H stretching,"gamma(H19;C6,C5,H20)",oop,0.02247549914099726,-,-0.012688853255062481,0.5086778952751276
63,3050.8156947488724,,,mixed-phase ring-site C-H stretching,tau(H20-C6-C7-C8),dihedral,0.020757636734364524,+,0.01741481386431129,0.24941266534876505
63,3050.8156947488724,,,mixed-phase ring-site C-H stretching,"gamma(C4;C5,C6,H18)",oop,0.018456949839246357,-,-0.013297946101856632,0.38033742786902636
63,3050.8156947488724,,,mixed-phase ring-site C-H stretching,tau(H12-C1-C2-C3),dihedral,0.018127922489361625,-,-0.019212704086666366,0.1789572584353189
63,3050.8156947488724,,,mixed-phase ring-site C-H stretching,tau(C9-C5-C6-H20),dihedral,0.01760223805054672,+,0.011329478410051053,0.49971953559980403
63,3050.8156947488724,,,mixed-phase ring-site C-H stretching,delta(C1-C2-C3),angle,0.016693817127834527,+,0.013079523316659283,0.3555904501026593
63,3050.8156947488724,,,mixed-phase ring-site C-H stretching,nu(C6-C7),bond,0.016091737207079813,+,0.014135588768325982,0.2934630298225203
63,3050.8156947488724,,,mixed-phase ring-site C-H stretching,tau(H17-C4-C9-C8),dihedral,0.015762127524055806,-,-0.011073222004856803,0.4684304222796268
63,3050.8156947488724,,,mixed-phase ring-site C-H stretching,nu(C7-C8),bond,0.015397986782876455,+,0.01398895337315409,0.28672909715516987
63,3050.8156947488724,,,mixed-phase ring-site C-H stretching,tau(H19-C6-C7-C8),dihedral,0.014691911795535348,+,0.01711718085208779,0.18272253164280974
63,3050.8156947488724,,,mixed-phase ring-site C-H stretching,"gamma(C9;C4,C2,C5)",oop,0.013248901502174752,+,0.006095308807297773,1.2994713680163765
63,3050.8156947488724,,,mixed-phase ring-site C-H stretching,delta(C3-C2-H13),angle,0.011796502336888752,-,-0.013376038364643763,0.24025725817088736
63,3050.8156947488724,,,mixed-phase ring-site C-H stretching,nu(C2-C4),bond,0.01136621213867286,-,-0.012287261190108796,0.27433666012197316
63,3050.8156947488724,,,mixed-phase ring-site C-H stretching,"gamma(C6;C7,H21,H22)",oop,0.009957852465686926,+,0.012268839911151384,0.24106655312168962
63,3050.8156947488724,,,mixed-phase ring-site C-H stretching,tau(C2-C4-C5-H18),dihedral,0.009535602621472117,+,0.009853428385465247,0.35789174837591814
63,3050.8156947488724,,,mixed-phase ring-site C-H stretching,tau(H23-C8-C9-C4),dihedral,0.008704132337588185,-,-0.008406023742581576,0.4488720156531896
63,3050.8156947488724,,,mixed-phase ring-site C-H stretching,delta(C2-C4-C5),angle,0.008469428536885709,+,0.009912520096203532,0.3140973094435254
63,3050.8156947488724,,,mixed-phase ring-site C-H stretching,delta(C2-C1-H10),angle,0.007822401648157883,+,0.008694971523666408,0.3770353350204659
63,3050.8156947488724,,,mixed-phase ring-site C-H stretching,tau(C1-C2-C3-H16),dihedral,0.006725665533746684,+,0.009449452317928894,0.2744733988296527
63,3050.8156947488724,,,mixed-phase ring-site C-H stretching,delta(C2-C3-H16),angle,0.005319968448949948,+,0.007941866601911124,0.3073563220041683
63,3050.8156947488724,,,mixed-phase ring-site C-H stretching,delta(C6-C5-H18),angle,0.005032699181581558,-,-0.008288361921960372,0.26695731673582873
63,3050.8156947488724,,,mixed-phase ring-site C-H stretching,"gamma(C4;C2,C3,H13)",oop,0.004830363964526701,-,-0.007105051710888938,0.348677272053292
63,3050.8156947488724,,,mixed-phase ring-site C-H stretching,delta(H21-C7-H22),angle,0.0047784039026280275,+,0.007947740190226184,0.2756600324984054
63,3050.8156947488724,,,mixed-phase ring-site C-H stretching,tau(H11-C1-C2-C3),dihedral,0.00423695862039741,-,-0.009481377679385056,0.17174717389126995
63,3050.8156947488724,,,mixed-phase ring-site C-H stretching,nu(C2-C3),bond,0.00399541394113795,-,-0.0073594075943121,0.2688155190040503
63,3050.8156947488724,,,mixed-phase ring-site C-H stretching,nu(C1-C2),bond,0.003989052790714833,-,-0.007353318515590252,0.26883220687743986
63,3050.8156947488724,,,mixed-phase ring-site C-H stretching,tau(C4-C2-C3-H14),dihedral,0.003308107126175051,-,-0.0065750171060678046,0.27884576993327614
63,3050.8156947488724,,,mixed-phase ring-site C-H stretching,delta(H14-C3-H16),angle,0.0027610786379895073,+,0.005225710944434692,0.36843958035172164
63,3050.8156947488724,,,mixed-phase ring-site C-H stretching,tau(H21-C7-C8-C9),dihedral,0.001016140054176028,-,-0.0041431715377690664,0.21570788048823702
63,3050.8156947488724,,,mixed-phase ring-site C-H stretching,tau(C3-C2-C4-C5),dihedral,0.0008533525988423261,+,0.01138180468055163,0.024004050308062942
63,3050.8156947488724,,,mixed-phase ring-site C-H stretching,"gamma(C7;C8,H23,H24)",oop,0.0007168738308185277,-,-0.002947595083511772,0.300666713145669
63,3050.8156947488724,,,mixed-phase ring-site C-H stretching,delta(H15-C3-H16),angle,0.0007087747662833768,-,-0.002618848502659996,0.3765873833684418
63,3050.8156947488724,,,mixed-phase ring-site C-H stretching,nu(C8-C9),bond,0.0006371871115451154,-,-0.0027242929875725052,0.3128510577221663
63,3050.8156947488724,,,mixed-phase ring-site C-H stretching,nu(C5-C6),bond,0.0005591893092254606,-,-0.002620527345309413,0.29672882571093184
63,3050.8156947488724,,,mixed-phase ring-site C-H stretching,nu(C4-C5),bond,0.0005448681541865712,-,-0.0019048639799827242,0.5471945412726401
63,3050.8156947488724,,,mixed-phase ring-site C-H stretching,nu(C4-C9),bond,0.0004102808656521592,-,-0.0018954001151270756,0.41615750179357514
63,3050.8156947488724,,,mixed-phase ring-site C-H stretching,delta(H14-C3-H15),angle,0.00036116421873945073,-,-0.001885834035617838,0.3700633261945618
63,3050.8156947488724,,,mixed-phase ring-site C-H stretching,delta(H10-C1-H12),angle,0.0002476135083961337,-,-0.0018611179560943305,0.2604982470330432
63,3050.8156947488724,,,mixed-phase ring-site C-H stretching,"gamma(H11;C1,H10,H12)",oop,0.00016647967762485087,+,0.0016717017988147084,0.21708103153869004
63,3050.8156947488724,,,mixed-phase ring-site C-H stretching,tau(H17-C4-C9-H25),dihedral,0.00016068323474172482,-,-0.000990609013939917,0.5966838523581202
63,3050.8156947488724,,,mixed-phase ring-site C-H stretching,delta(C9-C4-H17),angle,7.4844756150248e-05,-,-0.0010797573423985372,0.23393075140123543
63,3050.8156947488724,,,mixed-phase ring-site C-H stretching,delta(C4-C9-H25),angle,6.395980201584625e-05,+,0.0010277863532243828,0.22063768235437067
63,3050.8156947488724,,,mixed-phase ring-site C-H stretching,delta(H23-C8-H24),angle,1.6372159636180365e-05,+,0.0005247987047723139,0.21662008978042366
63,3050.8156947488724,,,mixed-phase ring-site C-H stretching,"gamma(C5;C9,C4,H25)",oop,2.2527447682514013e-06,-,-5.768076195872342e-05,2.4673359249773874
64,3055.6456510790426,,,mixed mixed-phase C-H stretching / mixed-phase ring-site C-H stretching,nu(C2-H13),bond,44.9183361159094,-,-0.6996105201871523,0.3337283603614742
64,3055.6456510790426,,,mixed mixed-phase C-H stretching / mixed-phase ring-site C-H stretching,nu(C6-H20),bond,10.53234012072346,+,0.34132736890804954,0.3287492466493157
64,3055.6456510790426,,,mixed mixed-phase C-H stretching / mixed-phase ring-site C-H stretching,nu(C8-H24),bond,9.837809023155806,+,0.3298557794721769,0.3288003785530708
64,3055.6456510790426,,,mixed mixed-phase C-H stretching / mixed-phase ring-site C-H stretching,nu(C7-H21),bond,6.819559114618762,+,0.27299164759895833,0.3327665744893832
64,3055.6456510790426,,,mixed mixed-phase C-H stretching / mixed-phase ring-site C-H stretching,nu(C6-H19),bond,4.189407612257766,-,-0.21543596513069446,0.32824515254734715
64,3055.6456510790426,,,mixed mixed-phase C-H stretching / mixed-phase ring-site C-H stretching,nu(C8-H23),bond,3.6838331119928642,-,-0.20202237673549173,0.3282336573619821
64,3055.6456510790426,,,mixed mixed-phase C-H stretching / mixed-phase ring-site C-H stretching,nu(C3-H14),bond,3.5157091766583948,+,0.19602988481997696,0.3326982298069487
64,3055.6456510790426,,,mixed mixed-phase C-H stretching / mixed-phase ring-site C-H stretching,nu(C1-H10),bond,3.5003135927874336,+,0.19559925419159138,0.33270144145954433
64,3055.6456510790426,,,mixed mixed-phase C-H stretching / mixed-phase ring-site C-H stretching,nu(C3-H15),bond,3.347821434527464,-,-0.19197902844292003,0.33032148604472367
64,3055.6456510790426,,,mixed mixed-phase C-H stretching / mixed-phase ring-site C-H stretching,nu(C1-H12),bond,3.3083108144594484,-,-0.1908375061388146,0.3303398418047025
64,3055.6456510790426,,,mixed mixed-phase C-H stretching / mixed-phase ring-site C-H stretching,nu(C4-H17),bond,2.354457884032123,-,-0.1593342961202167,0.3372519822787753
64,3055.6456510790426,,,mixed mixed-phase C-H stretching / mixed-phase ring-site C-H stretching,nu(C3-H16),bond,1.3859149034659093,+,0.12253776226214863,0.3356439255063405
64,3055.6456510790426,,,mixed mixed-phase C-H stretching / mixed-phase ring-site C-H stretching,nu(C1-H11),bond,1.3641874860139098,+,0.12157017872539502,0.33566191504728254
64,3055.6456510790426,,,mixed mixed-phase C-H stretching / mixed-phase ring-site C-H stretching,nu(C7-H22),bond,0.1612192692194108,+,0.04182350422265657,0.3351646674336103
64,3055.6456510790426,,,mixed mixed-phase C-H stretching / mixed-phase ring-site C-H stretching,delta(C2-C3-H15),angle,0.11645954533687632,+,0.031470350095012166,0.4276161102640135
64,3055.6456510790426,,,mixed mixed-phase C-H stretching / mixed-phase ring-site C-H stretching,delta(C7-C8-H23),angle,0.09332994420537727,+,0.019285307011412154,0.9125360055785439
64,3055.6456510790426,,,mixed mixed-phase C-H stretching / mixed-phase ring-site C-H stretching,delta(C2-C1-H12),angle,0.08299034461006966,+,0.03140542733081157,0.3059850941292659
64,3055.6456510790426,,,mixed mixed-phase C-H stretching / mixed-phase ring-site C-H stretching,delta(C3-C2-C4),angle,0.08270837466952524,-,-0.02400420784304489,0.5219835858024717
64,3055.6456510790426,,,mixed mixed-phase C-H stretching / mixed-phase ring-site C-H stretching,tau(H12-C1-C2-C3),dihedral,0.064605688847043,+,0.03623279028234939,0.1789572584353189
64,3055.6456510790426,,,mixed mixed-phase C-H stretching / mixed-phase ring-site C-H stretching,delta(C7-C6-H19),angle,0.06343904874654722,+,0.01996320618232977,0.578866203893712
64,3055.6456510790426,,,mixed mixed-phase C-H stretching / mixed-phase ring-site C-H stretching,delta(C1-C2-C3),angle,0.04276305351276856,-,-0.020912231040662796,0.3555904501026593
64,3055.6456510790426,,,mixed mixed-phase C-H stretching / mixed-phase ring-site C-H stretching,"gamma(C9;C4,C2,C5)",oop,0.04259099440655154,-,-0.010917333848158435,1.2994713680163765
64,3055.6456510790426,,,mixed mixed-phase C-H stretching / mixed-phase ring-site C-H stretching,nu(C2-C4),bond,0.03773115014218381,+,0.022363983176521753,0.27433666012197316
64,3055.6456510790426,,,mixed mixed-phase C-H stretching / mixed-phase ring-site C-H stretching,delta(C3-C2-H13),angle,0.03724443496525123,+,0.023742885340842762,0.24025725817088736
64,3055.6456510790426,,,mixed mixed-phase C-H stretching / mixed-phase ring-site C-H stretching,delta(C2-C4-C5),angle,0.033652704473054185,-,-0.01973871771637169,0.3140973094435254
64,3055.6456510790426,,,mixed mixed-phase C-H stretching / mixed-phase ring-site C-H stretching,tau(C2-C4-C5-H18),dihedral,0.03305911225001767,-,-0.018327819935232623,0.35789174837591814
64,3055.6456510790426,,,mixed mixed-phase C-H stretching / mixed-phase ring-site C-H stretching,delta(C8-C7-H22),angle,0.0307675726258811,+,0.017291370268509063,0.37421098329674723
64,3055.6456510790426,,,mixed mixed-phase C-H stretching / mixed-phase ring-site C-H stretching,delta(C4-C9-C8),angle,0.030064912008613626,+,0.012011661233374533,0.7577673759020244
64,3055.6456510790426,,,mixed mixed-phase C-H stretching / mixed-phase ring-site C-H stretching,delta(C2-C1-H10),angle,0.02902175446366724,-,-0.016730613386075503,0.3770353350204659
64,3055.6456510790426,,,mixed mixed-phase C-H stretching / mixed-phase ring-site C-H stretching,delta(C9-C8-H23),angle,0.0200004134643267,+,0.01368869421313821,0.3881477265434133
64,3055.6456510790426,,,mixed mixed-phase C-H stretching / mixed-phase ring-site C-H stretching,tau(C1-C2-C3-H16),dihedral,0.01951996927555448,-,-0.016081645828090577,0.2744733988296527
64,3055.6456510790426,,,mixed mixed-phase C-H stretching / mixed-phase ring-site C-H stretching,nu(C5-H18),bond,0.01673663461944649,+,0.013205171010162288,0.34902954612114734
64,3055.6456510790426,,,mixed mixed-phase C-H stretching / mixed-phase ring-site C-H stretching,nu(C6-C7),bond,0.014409454845813244,-,-0.013362512829905311,0.2934630298225203
64,3055.6456510790426,,,mixed mixed-phase C-H stretching / mixed-phase ring-site C-H stretching,nu(C9-H25),bond,0.01434853824981828,+,0.012226993467425225,0.34902008220261893
64,3055.6456510790426,,,mixed mixed-phase C-H stretching / mixed-phase ring-site C-H stretching,nu(C7-C8),bond,0.01415350610304605,-,-0.013397914228103916,0.28672909715516987
64,3055.6456510790426,,,mixed mixed-phase C-H stretching / mixed-phase ring-site C-H stretching,"gamma(C4;C2,C3,H13)",oop,0.013356540154606725,+,0.011802560241962185,0.348677272053292
64,3055.6456510790426,,,mixed mixed-phase C-H stretching / mixed-phase ring-site C-H stretching,tau(H11-C1-C2-C3),dihedral,0.012304580250579223,+,0.01614097111528246,0.17174717389126995
64,3055.6456510790426,,,mixed mixed-phase C-H stretching / mixed-phase ring-site C-H stretching,delta(C2-C3-H16),angle,0.012242261309933854,-,-0.01203513055706268,0.3073563220041683
64,3055.6456510790426,,,mixed mixed-phase C-H stretching / mixed-phase ring-site C-H stretching,tau(C4-C2-C3-H14),dihedral,0.011769580028348478,+,0.012389092951026305,0.27884576993327614
64,3055.6456510790426,,,mixed mixed-phase C-H stretching / mixed-phase ring-site C-H stretching,delta(H14-C3-H16),angle,0.011425384109541347,-,-0.010619237251747226,0.36843958035172164
64,3055.6456510790426,,,mixed mixed-phase C-H stretching / mixed-phase ring-site C-H stretching,nu(C1-C2),bond,0.010440027221305683,+,0.011883687570703672,0.26883220687743986
64,3055.6456510790426,,,mixed mixed-phase C-H stretching / mixed-phase ring-site C-H stretching,nu(C2-C3),bond,0.010434595143610637,+,0.011880964315940887,0.2688155190040503
64,3055.6456510790426,,,mixed mixed-phase C-H stretching / mixed-phase ring-site C-H stretching,"gamma(C4;C5,C6,H18)",oop,0.009552752191771369,-,-0.00955698230425938,0.38033742786902636
64,3055.6456510790426,,,mixed mixed-phase C-H stretching / mixed-phase ring-site C-H stretching,tau(H23-C8-C9-C4),dihedral,0.00879366395305987,-,-0.008440432979482777,0.4488720156531896
64,3055.6456510790426,,,mixed mixed-phase C-H stretching / mixed-phase ring-site C-H stretching,tau(H17-C4-C9-C8),dihedral,0.007887026658182859,-,-0.007824834605336005,0.4684304222796268
64,3055.6456510790426,,,mixed mixed-phase C-H stretching / mixed-phase ring-site C-H stretching,tau(H21-C7-C8-C9),dihedral,0.00723757510616324,-,-0.011045988697709438,0.21570788048823702
64,3055.6456510790426,,,mixed mixed-phase C-H stretching / mixed-phase ring-site C-H stretching,tau(C9-C5-C6-H20),dihedral,0.0050702963531423,+,0.006074276635265536,0.49971953559980403
64,3055.6456510790426,,,mixed mixed-phase C-H stretching / mixed-phase ring-site C-H stretching,"gamma(H19;C6,C5,H20)",oop,0.004459211467647434,-,-0.0056461012218182215,0.5086778952751276
64,3055.6456510790426,,,mixed mixed-phase C-H stretching / mixed-phase ring-site C-H stretching,delta(H21-C7-H22),angle,0.003964790515134323,-,-0.007232097623253313,0.2756600324984054
64,3055.6456510790426,,,mixed mixed-phase C-H stretching / mixed-phase ring-site C-H stretching,tau(H19-C6-C7-C8),dihedral,0.00364668708575417,+,0.00851911059201007,0.18272253164280974
64,3055.6456510790426,,,mixed mixed-phase C-H stretching / mixed-phase ring-site C-H stretching,delta(H15-C3-H16),angle,0.0032622219152814913,+,0.005612610779187222,0.3765873833684418
64,3055.6456510790426,,,mixed mixed-phase C-H stretching / mixed-phase ring-site C-H stretching,tau(H20-C6-C7-C8),dihedral,0.0031596883731494713,+,0.006787407637852308,0.24941266534876505
64,3055.6456510790426,,,mixed mixed-phase C-H stretching / mixed-phase ring-site C-H stretching,nu(C4-C5),bond,0.0027366108472353435,+,0.004264584286985954,0.5471945412726401
64,3055.6456510790426,,,mixed mixed-phase C-H stretching / mixed-phase ring-site C-H stretching,nu(C8-C9),bond,0.0026418065071553126,-,-0.005541441431872387,0.3128510577221663
64,3055.6456510790426,,,mixed mixed-phase C-H stretching / mixed-phase ring-site C-H stretching,nu(C5-C6),bond,0.002547556259203733,-,-0.005587571343479426,0.29672882571093184
64,3055.6456510790426,,,mixed mixed-phase C-H stretching / mixed-phase ring-site C-H stretching,delta(C6-C7-C8),angle,0.0021452799873817197,-,-0.0027747200838607487,1.013275969219078
64,3055.6456510790426,,,mixed mixed-phase C-H stretching / mixed-phase ring-site C-H stretching,nu(C4-C9),bond,0.002104571978284598,+,0.004288388141725128,0.41615750179357514
64,3055.6456510790426,,,mixed mixed-phase C-H stretching / mixed-phase ring-site C-H stretching,tau(C3-C2-C4-C5),dihedral,0.001768200567534442,-,-0.016366829461011024,0.024004050308062942
64,3055.6456510790426,,,mixed mixed-phase C-H stretching / mixed-phase ring-site C-H stretching,delta(C9-C4-H17),angle,0.0016465930749598738,+,0.005059301287022213,0.23393075140123543
64,3055.6456510790426,,,mixed mixed-phase C-H stretching / mixed-phase ring-site C-H stretching,"gamma(C7;C8,H23,H24)",oop,0.0016339414272906363,+,0.004445459168273201,0.300666713145669
64,3055.6456510790426,,,mixed mixed-phase C-H stretching / mixed-phase ring-site C-H stretching,delta(C4-C9-H25),angle,0.0016245487412622198,-,-0.00517449042987857,0.22063768235437067
64,3055.6456510790426,,,mixed mixed-phase C-H stretching / mixed-phase ring-site C-H stretching,delta(C6-C5-H18),angle,0.0008479614402297748,-,-0.003398663725131357,0.26695731673582873
64,3055.6456510790426,,,mixed mixed-phase C-H stretching / mixed-phase ring-site C-H stretching,"gamma(H11;C1,H10,H12)",oop,0.0008310661907105726,-,-0.0037311948352788406,0.21708103153869004
64,3055.6456510790426,,,mixed mixed-phase C-H stretching / mixed-phase ring-site C-H stretching,delta(H14-C3-H15),angle,0.0006555298145567087,+,0.0025380446552028878,0.3700633261945618
64,3055.6456510790426,,,mixed mixed-phase C-H stretching / mixed-phase ring-site C-H stretching,delta(H10-C1-H12),angle,0.00044725427662532465,+,0.0024987102993859556,0.2604982470330432
64,3055.6456510790426,,,mixed mixed-phase C-H stretching / mixed-phase ring-site C-H stretching,delta(H23-C8-H24),angle,0.00023754762038967616,-,-0.0019969492819552673,0.21662008978042366
64,3055.6456510790426,,,mixed mixed-phase C-H stretching / mixed-phase ring-site C-H stretching,"gamma(C5;C9,C4,H25)",oop,0.00015863139699360534,+,0.00048352784824802085,2.4673359249773874
64,3055.6456510790426,,,mixed mixed-phase C-H stretching / mixed-phase ring-site C-H stretching,"gamma(C6;C7,H21,H22)",oop,0.00014279797236760962,+,0.0014676875147721885,0.24106655312168962
64,3055.6456510790426,,,mixed mixed-phase C-H stretching / mixed-phase ring-site C-H stretching,tau(H17-C4-C9-H25),dihedral,6.408417095290168e-06,+,0.0001976261004104244,0.5966838523581202
65,3057.9523828871793,,,mixed-phase ring-site C-H stretching,nu(C8-H24),bond,26.87023598385163,+,0.5455516189402873,0.3288003785530708
65,3057.9523828871793,,,mixed-phase ring-site C-H stretching,nu(C6-H20),bond,26.19791897627422,-,-0.5387251828406237,0.3287492466493157
65,3057.9523828871793,,,mixed-phase ring-site C-H stretching,nu(C8-H23),bond,23.14340235093521,-,-0.5067436437693063,0.3282336573619821
65,3057.9523828871793,,,mixed-phase ring-site C-H stretching,nu(C6-H19),bond,22.515376747134262,+,0.499812037631363,0.32824515254734715
65,3057.9523828871793,,,mixed-phase ring-site C-H stretching,delta(C7-C8-H23),angle,0.19863496514676712,+,0.028155880135735622,0.9125360055785439
65,3057.9523828871793,,,mixed-phase ring-site C-H stretching,delta(C7-C6-H19),angle,0.12372304658079204,-,-0.027899888552557373,0.578866203893712
65,3057.9523828871793,,,mixed-phase ring-site C-H stretching,nu(C9-H25),bond,0.0907037766288532,+,0.030764774764862467,0.34902008220261893
65,3057.9523828871793,,,mixed-phase ring-site C-H stretching,nu(C5-H18),bond,0.08567648645677545,-,-0.029899642167028725,0.34902954612114734
65,3057.9523828871793,,,mixed-phase ring-site C-H stretching,tau(H20-C6-C7-C8),dihedral,0.08516959076756325,+,0.03526543876048795,0.24941266534876505
65,3057.9523828871793,,,mixed-phase ring-site C-H stretching,delta(C9-C8-H23),angle,0.07958141236209706,+,0.027325842504373463,0.3881477265434133
65,3057.9523828871793,,,mixed-phase ring-site C-H stretching,nu(C1-H11),bond,0.0738383547120777,+,0.02830454869109279,0.33566191504728254
65,3057.9523828871793,,,mixed-phase ring-site C-H stretching,delta(C4-C9-C8),angle,0.07106922068308226,+,0.018481579627440806,0.7577673759020244
65,3057.9523828871793,,,mixed-phase ring-site C-H stretching,tau(H19-C6-C7-C8),dihedral,0.05716512220209819,+,0.03375481866518118,0.18272253164280974
65,3057.9523828871793,,,mixed-phase ring-site C-H stretching,nu(C3-H16),bond,0.053877592318935526,-,-0.0241785892279985,0.3356439255063405
65,3057.9523828871793,,,mixed-phase ring-site C-H stretching,delta(C8-C7-H22),angle,0.051123780806598476,+,0.02230588609003514,0.37421098329674723
65,3057.9523828871793,,,mixed-phase ring-site C-H stretching,nu(C1-H12),bond,0.05018098940151533,-,-0.023520979032069605,0.3303398418047025
65,3057.9523828871793,,,mixed-phase ring-site C-H stretching,"gamma(C4;C5,C6,H18)",oop,0.03660468599287241,+,0.01872190655767101,0.38033742786902636
65,3057.9523828871793,,,mixed-phase ring-site C-H stretching,"gamma(H19;C6,C5,H20)",oop,0.03329076848270562,+,0.015438558240462212,0.5086778952751276
65,3057.9523828871793,,,mixed-phase ring-site C-H stretching,tau(H21-C7-C8-C9),dihedral,0.03042270818753388,-,-0.022663772034334433,0.21570788048823702
65,3057.9523828871793,,,mixed-phase ring-site C-H stretching,tau(H17-C4-C9-C8),dihedral,0.030270304173537346,-,-0.01534094487016558,0.4684304222796268
65,3057.9523828871793,,,mixed-phase ring-site C-H stretching,tau(C9-C5-C6-H20),dihedral,0.024579103807298455,-,-0.013384005951798707,0.49971953559980403
65,3057.9523828871793,,,mixed-phase ring-site C-H stretching,nu(C3-H15),bond,0.024163014539644322,+,0.016322001326798875,0.33032148604472367
65,3057.9523828871793,,,mixed-phase ring-site C-H stretching,tau(H23-C8-C9-C4),dihedral,0.01713090491884083,-,-0.01178949357226194,0.4488720156531896
65,3057.9523828871793,,,mixed-phase ring-site C-H stretching,nu(C2-H13),bond,0.01258893552784877,-,-0.01172098770470465,0.3337283603614742
65,3057.9523828871793,,,mixed-phase ring-site C-H stretching,nu(C3-H14),bond,0.00949687043117493,+,0.010196033985641171,0.3326982298069487
65,3057.9523828871793,,,mixed-phase ring-site C-H stretching,nu(C7-H21),bond,0.0073711070957183135,-,-0.00898178749378729,0.3327665744893832
65,3057.9523828871793,,,mixed-phase ring-site C-H stretching,delta(C6-C5-H18),angle,0.007090937315003534,+,0.009835516513744626,0.26695731673582873
65,3057.9523828871793,,,mixed-phase ring-site C-H stretching,nu(C7-H22),bond,0.006434821505847162,-,-0.00836190829825043,0.3351646674336103
65,3057.9523828871793,,,mixed-phase ring-site C-H stretching,"gamma(C6;C7,H21,H22)",oop,0.0046951551766345094,-,-0.008422145872282917,0.24106655312168962
65,3057.9523828871793,,,mixed-phase ring-site C-H stretching,nu(C8-C9),bond,0.00230542441687066,-,-0.00518051449837263,0.3128510577221663
65,3057.9523828871793,,,mixed-phase ring-site C-H stretching,nu(C5-C6),bond,0.0021250916754525645,+,0.005107110200784115,0.29672882571093184
65,3057.9523828871793,,,mixed-phase ring-site C-H stretching,nu(C4-H17),bond,0.0007086934262749004,-,-0.0027664205987891896,0.3372519822787753
65,3057.9523828871793,,,mixed-phase ring-site C-H stretching,nu(C1-H10),bond,0.0006047191616830329,-,-0.0025728578189897684,0.33270144145954433
65,3057.9523828871793,,,mixed-phase ring-site C-H stretching,"gamma(C5;C9,C4,H25)",oop,0.0004588727452128014,-,-0.0008229970029738188,2.4673359249773874
65,3057.9523828871793,,,mixed-phase ring-site C-H stretching,nu(C6-C7),bond,0.00040284656295004655,+,0.00223593614113597,0.2934630298225203
65,3057.9523828871793,,,mixed-phase ring-site C-H stretching,delta(C2-C3-H16),angle,0.00020890920785401928,+,0.0015733450529699837,0.3073563220041683
65,3057.9523828871793,,,mixed-phase ring-site C-H stretching,delta(C2-C1-H12),angle,0.00020208296968846494,+,0.0015508899633456953,0.3059850941292659
65,3057.9523828871793,,,mixed-phase ring-site C-H stretching,"gamma(C9;C4,C2,C5)",oop,0.0001824254165422724,-,-0.0007150321655745906,1.2994713680163765
65,3057.9523828871793,,,mixed-phase ring-site C-H stretching,nu(C7-C8),bond,0.00012855951080889053,-,-0.0012778576729104262,0.28672909715516987
65,3057.9523828871793,,,mixed-phase ring-site C-H stretching,tau(C4-C2-C3-H14),dihedral,0.00012518641684137064,+,0.0012786828407148456,0.27884576993327614
65,3057.9523828871793,,,mixed-phase ring-site C-H stretching,delta(H14-C3-H15),angle,0.00012027380920054813,-,-0.0010879621132055702,0.3700633261945618
65,3057.9523828871793,,,mixed-phase ring-site C-H stretching,delta(H10-C1-H12),angle,9.70288945936784e-05,+,0.0011647008765281817,0.2604982470330432
65,3057.9523828871793,,,mixed-phase ring-site C-H stretching,delta(C6-C7-C8),angle,8.194175042508415e-05,-,-0.0005426939874529568,1.013275969219078
65,3057.9523828871793,,,mixed-phase ring-site C-H stretching,delta(C4-C9-H25),angle,6.820014137656022e-05,-,-0.001061008973734658,0.22063768235437067
65,3057.9523828871793,,,mixed-phase ring-site C-H stretching,tau(C1-C2-C3-H16),dihedral,6.462102328913407e-05,-,-0.0009259830741183648,0.2744733988296527
65,3057.9523828871793,,,mixed-phase ring-site C-H stretching,nu(C4-C5),bond,5.4343150545962426e-05,+,0.0006014060482619547,0.5471945412726401
65,3057.9523828871793,,,mixed-phase ring-site C-H stretching,delta(C3-C2-C4),angle,5.121224944463335e-05,-,-0.0005977571311713751,0.5219835858024717
65,3057.9523828871793,,,mixed-phase ring-site C-H stretching,delta(C9-C4-H17),angle,4.177966662553957e-05,+,0.000806501334377639,0.23393075140123543
65,3057.9523828871793,,,mixed-phase ring-site C-H stretching,nu(C4-C9),bond,2.587037209055097e-05,-,-0.0004758156658564215,0.41615750179357514
65,3057.9523828871793,,,mixed-phase ring-site C-H stretching,delta(H14-C3-H16),angle,2.4336804548738885e-05,+,0.000490472769324337,0.36843958035172164
65,3057.9523828871793,,,mixed-phase ring-site C-H stretching,delta(C2-C3-H15),angle,2.359195070403071e-05,-,-0.0004482508891751238,0.4276161102640135
65,3057.9523828871793,,,mixed-phase ring-site C-H stretching,delta(C1-C2-C3),angle,1.1523713819843132e-05,-,-0.00034354802077215743,0.3555904501026593
65,3057.9523828871793,,,mixed-phase ring-site C-H stretching,tau(H12-C1-C2-C3),dihedral,1.1059872108682932e-05,-,-0.00047442400628230224,0.1789572584353189
65,3057.9523828871793,,,mixed-phase ring-site C-H stretching,nu(C2-C4),bond,1.0791524021981087e-05,+,0.00037849986628964817,0.27433666012197316
65,3057.9523828871793,,,mixed-phase ring-site C-H stretching,delta(H23-C8-H24),angle,1.0002277886110854e-05,+,0.0004100778910288072,0.21662008978042366
65,3057.9523828871793,,,mixed-phase ring-site C-H stretching,tau(H11-C1-C2-C3),dihedral,7.201532484045497e-06,-,-0.0003907814367780297,0.17174717389126995
65,3057.9523828871793,,,mixed-phase ring-site C-H stretching,delta(H21-C7-H22),angle,5.816730652424043e-06,+,0.0002772163483931086,0.2756600324984054
65,3057.9523828871793,,,mixed-phase ring-site C-H stretching,delta(C2-C4-C5),angle,4.584673615855407e-06,+,0.0002305623376178808,0.3140973094435254
65,3057.9523828871793,,,mixed-phase ring-site C-H stretching,nu(C2-C3),bond,3.4484864681437166e-06,+,0.00021614906310513595,0.2688155190040503
65,3057.9523828871793,,,mixed-phase ring-site C-H stretching,"gamma(H11;C1,H10,H12)",oop,2.3298465596286993e-06,-,-0.00019770560630812857,0.21708103153869004
65,3057.9523828871793,,,mixed-phase ring-site C-H stretching,tau(H17-C4-C9-H25),dihedral,2.213394219231974e-06,-,-0.00011623140999372008,0.5966838523581202
65,3057.9523828871793,,,mixed-phase ring-site C-H stretching,nu(C1-C2),bond,2.0893024833385407e-06,+,0.00016823884364682568,0.26883220687743986
65,3057.9523828871793,,,mixed-phase ring-site C-H stretching,"gamma(C4;C2,C3,H13)",oop,1.417827042839228e-06,-,-0.00012169313268413465,0.348677272053292
65,3057.9523828871793,,,mixed-phase ring-site C-H stretching,delta(C3-C2-H13),angle,1.3828502666243502e-06,+,0.00014478233738017974,0.24025725817088736
65,3057.9523828871793,,,mixed-phase ring-site C-H stretching,tau(C2-C4-C5-H18),dihedral,1.223166606913004e-06,-,-0.00011156635089431614,0.35789174837591814
65,3057.9523828871793,,,mixed-phase ring-site C-H stretching,delta(H15-C3-H16),angle,8.125039679692418e-07,+,8.864334282662692e-05,0.3765873833684418
65,3057.9523828871793,,,mixed-phase ring-site C-H stretching,delta(C2-C1-H10),angle,1.9304773669697848e-07,+,4.3182481289396704e-05,0.3770353350204659
65,3057.9523828871793,,,mixed-phase ring-site C-H stretching,tau(C3-C2-C4-C5),dihedral,1.2134326631736132e-07,+,0.0001356850001448199,0.024004050308062942
65,3057.9523828871793,,,mixed-phase ring-site C-H stretching,"gamma(C7;C8,H23,H24)",oop,6.316668391549384e-08,-,-2.7660984108262355e-05,0.300666713145669
66,3059.9117295824644,,,ring-site C-H stretching,nu(C7-H21),bond,59.051275007497814,+,0.7940764513886425,0.3327665744893832
66,3059.9117295824644,,,ring-site C-H stretching,nu(C7-H22),bond,18.425219294023417,+,0.4419719865854375,0.3351646674336103
66,3059.9117295824644,,,ring-site C-H stretching,nu(C2-H13),bond,8.413586438477695,+,0.2993033299042818,0.3337283603614742
66,3059.9117295824644,,,ring-site C-H stretching,nu(C8-H24),bond,3.155894641291849,+,0.18467691838905329,0.3288003785530708
66,3059.9117295824644,,,ring-site C-H stretching,nu(C6-H20),bond,2.6141853360505154,+,0.16809443257861748,0.3287492466493157
66,3059.9117295824644,,,ring-site C-H stretching,nu(C3-H15),bond,1.4278393552693562,+,0.12393352083988644,0.33032148604472367
66,3059.9117295824644,,,ring-site C-H stretching,nu(C1-H12),bond,1.3952966440456724,+,0.12250965649247218,0.3303398418047025
66,3059.9117295824644,,,ring-site C-H stretching,nu(C3-H14),bond,1.1162115552166996,-,-0.10918564337755515,0.3326982298069487
66,3059.9117295824644,,,ring-site C-H stretching,nu(C1-H10),bond,1.1116768199188742,-,-0.10896310223582985,0.33270144145954433
66,3059.9117295824644,,,ring-site C-H stretching,nu(C6-H19),bond,0.6193763315300138,+,0.08188336235059863,0.32824515254734715
66,3059.9117295824644,,,ring-site C-H stretching,nu(C3-H16),bond,0.4502794331874058,-,-0.06904292549003739,0.3356439255063405
66,3059.9117295824644,,,ring-site C-H stretching,nu(C4-H17),bond,0.4447824729229449,+,0.06845640724450099,0.3372519822787753
66,3059.9117295824644,,,ring-site C-H stretching,nu(C1-H11),bond,0.43230151985732834,-,-0.06764876503583227,0.33566191504728254
66,3059.9117295824644,,,ring-site C-H stretching,nu(C8-H23),bond,0.41777978575717856,+,0.06725114470234873,0.3282336573619821
66,3059.9117295824644,,,ring-site C-H stretching,delta(C6-C7-C8),angle,0.16701879845047185,+,0.024201168280701457,1.013275969219078
66,3059.9117295824644,,,ring-site C-H stretching,nu(C6-C7),bond,0.14670123281213518,-,-0.0421461306160254,0.2934630298225203
66,3059.9117295824644,,,ring-site C-H stretching,nu(C7-C8),bond,0.14384628765775884,-,-0.042221238740662366,0.28672909715516987
66,3059.9117295824644,,,ring-site C-H stretching,nu(C5-H18),bond,0.061165098383530084,-,-0.02495389070538585,0.34902954612114734
66,3059.9117295824644,,,ring-site C-H stretching,nu(C9-H25),bond,0.05686621680126786,-,-0.024061322024831376,0.34902008220261893
66,3059.9117295824644,,,ring-site C-H stretching,delta(C7-C8-H23),angle,0.04393487097710602,+,0.013079682399443092,0.9125360055785439
66,3059.9117295824644,,,ring-site C-H stretching,delta(H21-C7-H22),angle,0.036906175152864214,-,-0.02181122929037423,0.2756600324984054
66,3059.9117295824644,,,ring-site C-H stretching,delta(C2-C3-H15),angle,0.029626195023692355,-,-0.0156901983881256,0.4276161102640135
66,3059.9117295824644,,,ring-site C-H stretching,delta(C7-C6-H19),angle,0.024442370682431578,+,0.012248984673129697,0.578866203893712
66,3059.9117295824644,,,ring-site C-H stretching,delta(C2-C1-H12),angle,0.020980705158740585,-,-0.015609084460143493,0.3059850941292659
66,3059.9117295824644,,,ring-site C-H stretching,"gamma(C7;C8,H23,H24)",oop,0.020215472649448535,+,0.015456700808666336,0.300666713145669
66,3059.9117295824644,,,ring-site C-H stretching,delta(C3-C2-C4),angle,0.017955767501166425,+,0.011055823300211308,0.5219835858024717
66,3059.9117295824644,,,ring-site C-H stretching,tau(H12-C1-C2-C3),dihedral,0.0161621171905525,-,-0.01791397617714347,0.1789572584353189
66,3059.9117295824644,,,ring-site C-H stretching,delta(C8-C7-H22),angle,0.010361836901314826,+,0.009919222600323234,0.37421098329674723
66,3059.9117295824644,,,ring-site C-H stretching,"gamma(C6;C7,H21,H22)",oop,0.010149947439452382,-,-0.012231534457194456,0.24106655312168962
66,3059.9117295824644,,,ring-site C-H stretching,delta(C1-C2-C3),angle,0.009696940812268644,+,0.00984373363605097,0.3555904501026593
66,3059.9117295824644,,,ring-site C-H stretching,delta(C3-C2-H13),angle,0.009231754152346752,-,-0.011684802668034712,0.24025725817088736
66,3059.9117295824644,,,ring-site C-H stretching,"gamma(C9;C4,C2,C5)",oop,0.008244980478504525,+,0.004748199784249545,1.2994713680163765
66,3059.9117295824644,,,ring-site C-H stretching,delta(C2-C1-H10),angle,0.007921715589192753,+,0.008640445234581823,0.3770353350204659
66,3059.9117295824644,,,ring-site C-H stretching,nu(C2-C4),bond,0.0070490905518390086,-,-0.009555252035101927,0.27433666012197316
66,3059.9117295824644,,,ring-site C-H stretching,tau(C2-C4-C5-H18),dihedral,0.006518739036223418,+,0.008044952431780255,0.35789174837591814
66,3059.9117295824644,,,ring-site C-H stretching,delta(C2-C4-C5),angle,0.006418811205030219,+,0.008521434663015134,0.3140973094435254
66,3059.9117295824644,,,ring-site C-H stretching,tau(H21-C7-C8-C9),dihedral,0.006247009027561823,-,-0.010144265016903414,0.21570788048823702
66,3059.9117295824644,,,ring-site C-H stretching,tau(H19-C6-C7-C8),dihedral,0.005966309539321486,+,0.010771454823113931,0.18272253164280974
66,3059.9117295824644,,,ring-site C-H stretching,"gamma(H19;C6,C5,H20)",oop,0.005725454182744694,+,0.0063241340151324885,0.5086778952751276
66,3059.9117295824644,,,ring-site C-H stretching,delta(H14-C3-H16),angle,0.0044206631640960805,+,0.006529472519820159,0.36843958035172164
66,3059.9117295824644,,,ring-site C-H stretching,tau(H17-C4-C9-C8),dihedral,0.0038235123015693405,-,-0.0053855024168423665,0.4684304222796268
66,3059.9117295824644,,,ring-site C-H stretching,nu(C8-C9),bond,0.003651829539960587,-,-0.006440268300867002,0.3128510577221663
66,3059.9117295824644,,,ring-site C-H stretching,tau(C1-C2-C3-H16),dihedral,0.003320257279964947,+,0.006556216164293778,0.2744733988296527
66,3059.9117295824644,,,ring-site C-H stretching,nu(C5-C6),bond,0.0032794710680431305,-,-0.006266709435579999,0.29672882571093184
66,3059.9117295824644,,,ring-site C-H stretching,delta(C2-C3-H16),angle,0.0030377376626108724,+,0.005926135579161032,0.3073563220041683
66,3059.9117295824644,,,ring-site C-H stretching,tau(H20-C6-C7-C8),dihedral,0.002535986493303266,+,0.0060107925835127095,0.24941266534876505
66,3059.9117295824644,,,ring-site C-H stretching,delta(H23-C8-H24),angle,0.002237114072564241,-,-0.006057762252241666,0.21662008978042366
66,3059.9117295824644,,,ring-site C-H stretching,tau(H11-C1-C2-C3),dihedral,0.002123693918081737,-,-0.006628552303060832,0.17174717389126995
66,3059.9117295824644,,,ring-site C-H stretching,"gamma(C4;C2,C3,H13)",oop,0.0020582334016798014,-,-0.00457986858662383,0.348677272053292
66,3059.9117295824644,,,ring-site C-H stretching,nu(C1-C2),bond,0.0018245076964585826,-,-0.004910771500691411,0.26883220687743986
66,3059.9117295824644,,,ring-site C-H stretching,nu(C2-C3),bond,0.0018206607612676494,-,-0.004905743906293046,0.2688155190040503
66,3059.9117295824644,,,ring-site C-H stretching,delta(C4-C9-C8),angle,0.0015535324241314804,-,-0.0026990425715369046,0.7577673759020244
66,3059.9117295824644,,,ring-site C-H stretching,tau(C9-C5-C6-H20),dihedral,0.0015215991650985178,-,-0.00328930762916984,0.49971953559980403
66,3059.9117295824644,,,ring-site C-H stretching,delta(H15-C3-H16),angle,0.0015039957563003346,-,-0.0037671069306691647,0.3765873833684418
66,3059.9117295824644,,,ring-site C-H stretching,tau(C4-C2-C3-H14),dihedral,0.001087294899154619,-,-0.003722281128646021,0.27884576993327614
66,3059.9117295824644,,,ring-site C-H stretching,tau(H23-C8-C9-C4),dihedral,0.001065834996972618,-,-0.0029046997566426536,0.4488720156531896
66,3059.9117295824644,,,ring-site C-H stretching,delta(C6-C5-H18),angle,0.0008654172211355261,+,0.0033939807741905047,0.26695731673582873
66,3059.9117295824644,,,ring-site C-H stretching,"gamma(C4;C5,C6,H18)",oop,0.0007942005157375293,-,-0.0027239433754463844,0.38033742786902636
66,3059.9117295824644,,,ring-site C-H stretching,delta(C9-C8-H23),angle,0.0006408903380315775,+,0.002422204821607623,0.3881477265434133
66,3059.9117295824644,,,ring-site C-H stretching,tau(C3-C2-C4-C5),dihedral,0.00044932217204855134,+,0.008155567493737234,0.024004050308062942
66,3059.9117295824644,,,ring-site C-H stretching,delta(H14-C3-H15),angle,0.00032938284214515534,-,-0.0017784022036746198,0.3700633261945618
66,3059.9117295824644,,,ring-site C-H stretching,delta(C9-C4-H17),angle,0.0002793267992745884,-,-0.0020598242660441178,0.23393075140123543
66,3059.9117295824644,,,ring-site C-H stretching,delta(H10-C1-H12),angle,0.0002166860588845416,-,-0.0017192166491804429,0.2604982470330432
66,3059.9117295824644,,,ring-site C-H stretching,"gamma(H11;C1,H10,H12)",oop,0.00021448308813815537,+,0.0018737131909502722,0.21708103153869004
66,3059.9117295824644,,,ring-site C-H stretching,delta(C4-C9-H25),angle,0.00011778051794648313,+,0.0013772551721594475,0.22063768235437067
66,3059.9117295824644,,,ring-site C-H stretching,nu(C4-C5),bond,7.922626143579492e-05,-,-0.0007172676250791985,0.5471945412726401
66,3059.9117295824644,,,ring-site C-H stretching,nu(C4-C9),bond,6.297116455476335e-05,-,-0.0007332625826721576,0.41615750179357514
66,3059.9117295824644,,,ring-site C-H stretching,"gamma(C5;C9,C4,H25)",oop,1.7179011135901886e-05,-,-0.00015729048987737172,2.4673359249773874
66,3059.9117295824644,,,ring-site C-H stretching,tau(H17-C4-C9-H25),dihedral,8.677004579021424e-06,-,-0.00022731615233924582,0.5966838523581202
67,3074.683198563621,,,mixed-phase C-H stretching,nu(C3-H15),bond,24.238586980647515,+,0.5190077030947833,0.33032148604472367
67,3074.683198563621,,,mixed-phase C-H stretching,nu(C1-H12),bond,24.078393924238323,-,-0.5172754243651987,0.3303398418047025
67,3074.683198563621,,,mixed-phase C-H stretching,nu(C3-H14),bond,23.803675326031243,-,-0.5124899228378853,0.3326982298069487
67,3074.683198563621,,,mixed-phase C-H stretching,nu(C1-H10),bond,23.61141180334911,+,0.5104135591327266,0.33270144145954433
67,3074.683198563621,,,mixed-phase C-H stretching,nu(C3-H16),bond,1.7529138913449949,-,-0.13846163696729988,0.3356439255063405
67,3074.683198563621,,,mixed-phase C-H stretching,nu(C1-H11),bond,1.7266467021447272,+,0.1374166237636367,0.33566191504728254
67,3074.683198563621,,,mixed-phase C-H stretching,tau(C1-C2-C3-H16),dihedral,0.16262764098413907,-,-0.04663753815051337,0.2744733988296527
67,3074.683198563621,,,mixed-phase C-H stretching,delta(C2-C3-H15),angle,0.1253846574855192,-,-0.032808300632999776,0.4276161102640135
67,3074.683198563621,,,mixed-phase C-H stretching,tau(H11-C1-C2-C3),dihedral,0.10134287301733055,-,-0.04654149961836816,0.17174717389126995
67,3074.683198563621,,,mixed-phase C-H stretching,delta(C2-C1-H12),angle,0.08946226639449406,+,0.032761092733904366,0.3059850941292659
67,3074.683198563621,,,mixed-phase C-H stretching,delta(H14-C3-H16),angle,0.06777979327934067,+,0.025986964117877015,0.36843958035172164
67,3074.683198563621,,,mixed-phase C-H stretching,delta(C2-C1-H10),angle,0.06502190764828274,-,-0.02516097076117985,0.3770353350204659
67,3074.683198563621,,,mixed-phase C-H stretching,delta(H15-C3-H16),angle,0.03813942575131394,-,-0.01928158619571624,0.3765873833684418
67,3074.683198563621,,,mixed-phase C-H stretching,delta(C3-C2-C4),angle,0.03690798648105792,+,0.016110919196243485,0.5219835858024717
67,3074.683198563621,,,mixed-phase C-H stretching,delta(C3-C2-H13),angle,0.02990659596121845,-,-0.02137636220886037,0.24025725817088736
67,3074.683198563621,,,mixed-phase C-H stretching,tau(C4-C2-C3-H14),dihedral,0.01885164117229718,+,0.01575364730811308,0.27884576993327614
67,3074.683198563621,,,mixed-phase C-H stretching,nu(C8-H24),bond,0.01456430006181531,-,-0.012751674571433613,0.3288003785530708
67,3074.683198563621,,,mixed-phase C-H stretching,nu(C6-H20),bond,0.014336861310873437,+,0.012652700416015687,0.3287492466493157
67,3074.683198563621,,,mixed-phase C-H stretching,nu(C6-H19),bond,0.00517731862958951,-,-0.0076092499921871564,0.32824515254734715
67,3074.683198563621,,,mixed-phase C-H stretching,nu(C8-H23),bond,0.004674894136248285,+,0.0072307425806917075,0.3282336573619821
67,3074.683198563621,,,mixed-phase C-H stretching,"gamma(C4;C2,C3,H13)",oop,0.0028900972887781085,+,0.0055161107580028665,0.348677272053292
67,3074.683198563621,,,mixed-phase C-H stretching,"gamma(H11;C1,H10,H12)",oop,0.0015242996239538836,-,-0.00507706588424173,0.21708103153869004
67,3074.683198563621,,,mixed-phase C-H stretching,nu(C2-C3),bond,0.001422729379696642,+,0.004407806769194058,0.2688155190040503
67,3074.683198563621,,,mixed-phase C-H stretching,tau(C3-C2-C4-C5),dihedral,0.0014178465910515432,+,0.014725190562165025,0.024004050308062942
67,3074.683198563621,,,mixed-phase C-H stretching,nu(C1-C2),bond,0.0013407917285524471,-,-0.004278864942649489,0.26883220687743986
67,3074.683198563621,,,mixed-phase C-H stretching,delta(C2-C3-H16),angle,0.001323366813934782,+,0.0039756451201367355,0.3073563220041683
67,3074.683198563621,,,mixed-phase C-H stretching,delta(H14-C3-H15),angle,0.0011197479227971563,-,-0.003332810915559821,0.3700633261945618
67,3074.683198563621,,,mixed-phase C-H stretching,delta(H10-C1-H12),angle,0.0007833550208638436,+,0.003322503746820673,0.2604982470330432
67,3074.683198563621,,,mixed-phase C-H stretching,tau(H12-C1-C2-C3),dihedral,0.00046444321186911615,-,-0.003086599043106249,0.1789572584353189
67,3074.683198563621,,,mixed-phase C-H stretching,nu(C4-H17),bond,0.0004591424063677879,-,-0.0022355532228658147,0.3372519822787753
67,3074.683198563621,,,mixed-phase C-H stretching,nu(C5-H18),bond,0.00039908041531205255,+,0.0020487439201810377,0.34902954612114734
67,3074.683198563621,,,mixed-phase C-H stretching,nu(C2-H13),bond,0.00032018078681274775,-,-0.0018766774806236782,0.3337283603614742
67,3074.683198563621,,,mixed-phase C-H stretching,nu(C9-H25),bond,0.0002618085601837681,-,-0.0016594160227908715,0.34902008220261893
67,3074.683198563621,,,mixed-phase C-H stretching,delta(C7-C8-H23),angle,9.663652400405608e-05,-,-0.0006234967753233836,0.9125360055785439
67,3074.683198563621,,,mixed-phase C-H stretching,tau(H17-C4-C9-H25),dihedral,5.5260509171515744e-05,-,-0.0005830742534226993,0.5966838523581202
67,3074.683198563621,,,mixed-phase C-H stretching,delta(C7-C6-H19),angle,5.433107580428786e-05,+,0.0005869804287848874,0.578866203893712
67,3074.683198563621,,,mixed-phase C-H stretching,nu(C7-H21),bond,4.685138971190333e-05,-,-0.0007189189924501309,0.3327665744893832
67,3074.683198563621,,,mixed-phase C-H stretching,delta(C8-C7-H22),angle,2.8116140293043892e-05,-,-0.000525179967587054,0.37421098329674723
67,3074.683198563621,,,mixed-phase C-H stretching,tau(H19-C6-C7-C8),dihedral,2.6347424299999524e-05,-,-0.0007275479093217557,0.18272253164280974
67,3074.683198563621,,,mixed-phase C-H stretching,delta(C9-C8-H23),angle,2.420238899256305e-05,-,-0.0004784308339393347,0.3881477265434133
67,3074.683198563621,,,mixed-phase C-H stretching,tau(H20-C6-C7-C8),dihedral,1.6583148508824023e-05,-,-0.0004940407923266385,0.24941266534876505
67,3074.683198563621,,,mixed-phase C-H stretching,tau(H17-C4-C9-C8),dihedral,1.4653391643271999e-05,-,-0.00033887154176011705,0.4684304222796268
67,3074.683198563621,,,mixed-phase C-H stretching,delta(C9-C4-H17),angle,1.3709448995136872e-05,+,0.00046382580654522434,0.23393075140123543
67,3074.683198563621,,,mixed-phase C-H stretching,delta(C4-C9-C8),angle,1.2453688864160461e-05,-,-0.00024562333291522576,0.7577673759020244
67,3074.683198563621,,,mixed-phase C-H stretching,tau(H23-C8-C9-C4),dihedral,1.2060572060820285e-05,+,0.00031405900820521217,0.4488720156531896
67,3074.683198563621,,,mixed-phase C-H stretching,tau(H21-C7-C8-C9),dihedral,8.909683680217e-06,+,0.0003893917117746908,0.21570788048823702
67,3074.683198563621,,,mixed-phase C-H stretching,nu(C7-H22),bond,8.551439640977105e-06,+,0.00030604061693218,0.3351646674336103
67,3074.683198563621,,,mixed-phase C-H stretching,"gamma(C4;C5,C6,H18)",oop,8.10097663295327e-06,-,-0.00027962289222318996,0.38033742786902636
67,3074.683198563621,,,mixed-phase C-H stretching,"gamma(C6;C7,H21,H22)",oop,5.571967308396839e-06,+,0.0002912891894283519,0.24106655312168962
67,3074.683198563621,,,mixed-phase C-H stretching,delta(C2-C4-C5),angle,5.529001928220243e-06,-,-0.000254202506708814,0.3140973094435254
67,3074.683198563621,,,mixed-phase C-H stretching,nu(C8-C9),bond,4.786398043324298e-06,+,0.00023698680099530582,0.3128510577221663
67,3074.683198563621,,,mixed-phase C-H stretching,nu(C5-C6),bond,4.6363339637925e-06,-,-0.00023949478057220296,0.29672882571093184
67,3074.683198563621,,,mixed-phase C-H stretching,delta(H23-C8-H24),angle,4.409171744098474e-06,+,0.0002733491377695137,0.21662008978042366
67,3074.683198563621,,,mixed-phase C-H stretching,nu(C7-C8),bond,2.9210780008790505e-06,+,0.000193385656738928,0.28672909715516987
67,3074.683198563621,,,mixed-phase C-H stretching,tau(C2-C4-C5-H18),dihedral,2.2376231334198106e-06,+,0.0001514977543203373,0.35789174837591814
67,3074.683198563621,,,mixed-phase C-H stretching,nu(C6-C7),bond,1.9785525099396145e-06,-,-0.0001573206231980376,0.2934630298225203
67,3074.683198563621,,,mixed-phase C-H stretching,delta(C6-C5-H18),angle,1.6142673212175247e-06,-,-0.00014898940288550646,0.26695731673582873
67,3074.683198563621,,,mixed-phase C-H stretching,tau(C9-C5-C6-H20),dihedral,1.511134368322057e-06,+,0.00010536028674855354,0.49971953559980403
67,3074.683198563621,,,mixed-phase C-H stretching,"gamma(C5;C9,C4,H25)",oop,1.1356004733455436e-06,-,-4.1104295359540683e-05,2.4673359249773874
67,3074.683198563621,,,mixed-phase C-H stretching,nu(C2-C4),bond,9.89953305855168e-07,+,0.00011509434822576043,0.27433666012197316
67,3074.683198563621,,,mixed-phase C-H stretching,nu(C4-C5),bond,9.839789307422273e-07,+,8.124760873762777e-05,0.5471945412726401
67,3074.683198563621,,,mixed-phase C-H stretching,"gamma(C9;C4,C2,C5)",oop,8.946331957362857e-07,+,5.027217940709349e-05,1.2994713680163765
67,3074.683198563621,,,mixed-phase C-H stretching,"gamma(H19;C6,C5,H20)",oop,1.7423060997774898e-07,-,-3.545923500934733e-05,0.5086778952751276
67,3074.683198563621,,,mixed-phase C-H stretching,nu(C4-C9),bond,1.3870369454490595e-07,+,3.497870421257447e-05,0.41615750179357514
67,3074.683198563621,,,mixed-phase C-H stretching,delta(C6-C7-C8),angle,1.4063173973324061e-08,-,-7.1378327804417476e-06,1.013275969219078
67,3074.683198563621,,,mixed-phase C-H stretching,delta(C1-C2-C3),angle,1.252699447170988e-08,-,-1.1372002977608413e-05,0.3555904501026593
67,3074.683198563621,,,mixed-phase C-H stretching,"gamma(C7;C8,H23,H24)",oop,7.658937387092135e-09,+,9.670081867318337e-06,0.300666713145669
67,3074.683198563621,,,mixed-phase C-H stretching,delta(C4-C9-H25),angle,2.9769989282685285e-09,-,-7.0378184912129916e-06,0.22063768235437067
67,3074.683198563621,,,mixed-phase C-H stretching,delta(H21-C7-H22),angle,2.523499169223056e-09,+,5.796999298436573e-06,0.2756600324984054
68,3082.645862360067,,,mixed mixed-phase C-H stretching / ring-site C-H stretching,nu(C4-H17),bond,38.999907559332364,-,-0.6509353568820495,0.3372519822787753
68,3082.645862360067,,,mixed mixed-phase C-H stretching / ring-site C-H stretching,nu(C1-H10),bond,12.739591355078222,-,-0.37457064251638605,0.33270144145954433
68,3082.645862360067,,,mixed mixed-phase C-H stretching / ring-site C-H stretching,nu(C3-H14),bond,12.49471383549198,-,-0.3709550095814858,0.3326982298069487
68,3082.645862360067,,,mixed mixed-phase C-H stretching / ring-site C-H stretching,nu(C1-H12),bond,11.552474956553347,+,0.3579648372011363,0.3303398418047025
68,3082.645862360067,,,mixed mixed-phase C-H stretching / ring-site C-H stretching,nu(C3-H15),bond,11.323181317276768,+,0.3544044345874372,0.33032148604472367
68,3082.645862360067,,,mixed mixed-phase C-H stretching / ring-site C-H stretching,nu(C2-H13),bond,6.953255977758055,-,-0.2762999968853364,0.3337283603614742
68,3082.645862360067,,,mixed mixed-phase C-H stretching / ring-site C-H stretching,nu(C7-H21),bond,1.3230099777106152,-,-0.12069660108365124,0.3327665744893832
68,3082.645862360067,,,mixed mixed-phase C-H stretching / ring-site C-H stretching,nu(C7-H22),bond,0.9455057118843995,+,0.10166847095533514,0.3351646674336103
68,3082.645862360067,,,mixed mixed-phase C-H stretching / ring-site C-H stretching,nu(C3-H16),bond,0.8978829626523205,-,-0.09900424085945785,0.3356439255063405
68,3082.645862360067,,,mixed mixed-phase C-H stretching / ring-site C-H stretching,nu(C1-H11),bond,0.8951422628830015,-,-0.09885037599472196,0.33566191504728254
68,3082.645862360067,,,mixed mixed-phase C-H stretching / ring-site C-H stretching,nu(C5-H18),bond,0.3473955351781438,+,0.060389905283845066,0.34902954612114734
68,3082.645862360067,,,mixed mixed-phase C-H stretching / ring-site C-H stretching,nu(C9-H25),bond,0.34712867027666544,+,0.06036752387961832,0.34902008220261893
68,3082.645862360067,,,mixed mixed-phase C-H stretching / ring-site C-H stretching,nu(C6-H19),bond,0.13450026718924055,-,-0.03874768329710605,0.32824515254734715
68,3082.645862360067,,,mixed mixed-phase C-H stretching / ring-site C-H stretching,nu(C8-H23),bond,0.13443189908251224,-,-0.03873851240779586,0.3282336573619821
68,3082.645862360067,,,mixed mixed-phase C-H stretching / ring-site C-H stretching,"gamma(C9;C4,C2,C5)",oop,0.09233171604394035,-,-0.01613523981646549,1.2994713680163765
68,3082.645862360067,,,mixed mixed-phase C-H stretching / ring-site C-H stretching,delta(C2-C4-C5),angle,0.09005059850387556,-,-0.03241115607323545,0.3140973094435254
68,3082.645862360067,,,mixed mixed-phase C-H stretching / ring-site C-H stretching,tau(C4-C2-C3-H14),dihedral,0.0820091724266807,+,0.03282709959768761,0.27884576993327614
68,3082.645862360067,,,mixed mixed-phase C-H stretching / ring-site C-H stretching,delta(C4-C9-C8),angle,0.07906929603177089,+,0.019553266194960187,0.7577673759020244
68,3082.645862360067,,,mixed mixed-phase C-H stretching / ring-site C-H stretching,tau(C2-C4-C5-H18),dihedral,0.07260877652411243,-,-0.027264782983580628,0.35789174837591814
68,3082.645862360067,,,mixed mixed-phase C-H stretching / ring-site C-H stretching,nu(C2-C4),bond,0.05379090695852834,+,0.02680376726816247,0.27433666012197316
68,3082.645862360067,,,mixed mixed-phase C-H stretching / ring-site C-H stretching,nu(C4-C5),bond,0.04357761393890179,+,0.017082214614162053,0.5471945412726401
68,3082.645862360067,,,mixed mixed-phase C-H stretching / ring-site C-H stretching,nu(C8-H24),bond,0.04283191349517579,+,0.02184745796329941,0.3288003785530708
68,3082.645862360067,,,mixed mixed-phase C-H stretching / ring-site C-H stretching,nu(C6-H20),bond,0.04275633059335667,+,0.0218298704569947,0.3287492466493157
68,3082.645862360067,,,mixed mixed-phase C-H stretching / ring-site C-H stretching,delta(H14-C3-H16),angle,0.040811762924895724,+,0.020146187266625884,0.36843958035172164
68,3082.645862360067,,,mixed mixed-phase C-H stretching / ring-site C-H stretching,nu(C4-C9),bond,0.03314692662552378,+,0.01708347034217979,0.41615750179357514
68,3082.645862360067,,,mixed mixed-phase C-H stretching / ring-site C-H stretching,"gamma(C4;C2,C3,H13)",oop,0.02809152347459708,+,0.01718142398666996,0.348677272053292
68,3082.645862360067,,,mixed mixed-phase C-H stretching / ring-site C-H stretching,delta(C2-C3-H15),angle,0.028032423582583465,-,-0.015498391332351761,0.4276161102640135
68,3082.645862360067,,,mixed mixed-phase C-H stretching / ring-site C-H stretching,delta(C9-C4-H17),angle,0.02289455382979763,+,0.01893676382399452,0.23393075140123543
68,3082.645862360067,,,mixed mixed-phase C-H stretching / ring-site C-H stretching,delta(H15-C3-H16),angle,0.022278801315326852,-,-0.014723001478648839,0.3765873833684418
68,3082.645862360067,,,mixed mixed-phase C-H stretching / ring-site C-H stretching,tau(H12-C1-C2-C3),dihedral,0.02185414282214388,-,-0.021153174789668605,0.1789572584353189
68,3082.645862360067,,,mixed mixed-phase C-H stretching / ring-site C-H stretching,delta(C4-C9-H25),angle,0.02177580389678873,-,-0.01901649981055425,0.22063768235437067
68,3082.645862360067,,,mixed mixed-phase C-H stretching / ring-site C-H stretching,delta(C2-C1-H12),angle,0.020542956028616603,-,-0.01568428269423815,0.3059850941292659
68,3082.645862360067,,,mixed mixed-phase C-H stretching / ring-site C-H stretching,delta(C2-C1-H10),angle,0.01580798051378123,+,0.012394542407633142,0.3770353350204659
68,3082.645862360067,,,mixed mixed-phase C-H stretching / ring-site C-H stretching,nu(C2-C3),bond,0.0067792141208766,+,0.009612709886511047,0.2688155190040503
68,3082.645862360067,,,mixed mixed-phase C-H stretching / ring-site C-H stretching,nu(C1-C2),bond,0.006778138634837498,+,0.009611649016291378,0.26883220687743986
68,3082.645862360067,,,mixed mixed-phase C-H stretching / ring-site C-H stretching,tau(H23-C8-C9-C4),dihedral,0.006265973470213832,-,-0.007151816106657449,0.4488720156531896
68,3082.645862360067,,,mixed mixed-phase C-H stretching / ring-site C-H stretching,tau(C1-C2-C3-H16),dihedral,0.005585914454017282,-,-0.008635357831108172,0.2744733988296527
68,3082.645862360067,,,mixed mixed-phase C-H stretching / ring-site C-H stretching,delta(C3-C2-H13),angle,0.0037948368258914423,-,-0.007607494085580276,0.24025725817088736
68,3082.645862360067,,,mixed mixed-phase C-H stretching / ring-site C-H stretching,tau(H11-C1-C2-C3),dihedral,0.003766627867386869,+,0.00896426912320186,0.17174717389126995
68,3082.645862360067,,,mixed mixed-phase C-H stretching / ring-site C-H stretching,tau(C3-C2-C4-C5),dihedral,0.0029289367171761098,+,0.02114443371706193,0.024004050308062942
68,3082.645862360067,,,mixed mixed-phase C-H stretching / ring-site C-H stretching,delta(C8-C7-H22),angle,0.0021652352555983152,-,-0.004604448378468546,0.37421098329674723
68,3082.645862360067,,,mixed mixed-phase C-H stretching / ring-site C-H stretching,"gamma(C5;C9,C4,H25)",oop,0.0021528923761861556,+,0.001788052833792002,2.4673359249773874
68,3082.645862360067,,,mixed mixed-phase C-H stretching / ring-site C-H stretching,delta(C7-C8-H23),angle,0.002135041546054864,-,-0.002927935390224303,0.9125360055785439
68,3082.645862360067,,,mixed mixed-phase C-H stretching / ring-site C-H stretching,tau(H17-C4-C9-C8),dihedral,0.0018973026083250824,+,0.0038523796853013924,0.4684304222796268
68,3082.645862360067,,,mixed mixed-phase C-H stretching / ring-site C-H stretching,delta(C3-C2-C4),angle,0.0017044382877429373,-,-0.003458960049076115,0.5219835858024717
68,3082.645862360067,,,mixed mixed-phase C-H stretching / ring-site C-H stretching,tau(H20-C6-C7-C8),dihedral,0.001642472639031374,-,-0.004912167286874189,0.24941266534876505
68,3082.645862360067,,,mixed mixed-phase C-H stretching / ring-site C-H stretching,tau(H21-C7-C8-C9),dihedral,0.0014961080050872545,-,-0.005041175257552167,0.21570788048823702
68,3082.645862360067,,,mixed mixed-phase C-H stretching / ring-site C-H stretching,"gamma(H11;C1,H10,H12)",oop,0.0014387690466818861,+,0.004927968613635537,0.21708103153869004
68,3082.645862360067,,,mixed mixed-phase C-H stretching / ring-site C-H stretching,delta(C7-C6-H19),angle,0.0013538962461887155,-,-0.0029274327233514553,0.578866203893712
68,3082.645862360067,,,mixed mixed-phase C-H stretching / ring-site C-H stretching,tau(H19-C6-C7-C8),dihedral,0.0012103323070600763,-,-0.0049265125054127916,0.18272253164280974
68,3082.645862360067,,,mixed mixed-phase C-H stretching / ring-site C-H stretching,"gamma(H19;C6,C5,H20)",oop,0.0009051456553457609,-,-0.0025534133884878166,0.5086778952751276
68,3082.645862360067,,,mixed mixed-phase C-H stretching / ring-site C-H stretching,delta(C1-C2-C3),angle,0.0006694845117928247,-,-0.002626506930964565,0.3555904501026593
68,3082.645862360067,,,mixed mixed-phase C-H stretching / ring-site C-H stretching,delta(C9-C8-H23),angle,0.0006429977596920785,+,0.0024637097089644333,0.3881477265434133
68,3082.645862360067,,,mixed mixed-phase C-H stretching / ring-site C-H stretching,nu(C8-C9),bond,0.00035159061417070386,-,-0.002029238769516524,0.3128510577221663
68,3082.645862360067,,,mixed mixed-phase C-H stretching / ring-site C-H stretching,nu(C5-C6),bond,0.0003327813954354542,-,-0.0020271364313602493,0.29672882571093184
68,3082.645862360067,,,mixed mixed-phase C-H stretching / ring-site C-H stretching,tau(C9-C5-C6-H20),dihedral,0.0002899422844550697,+,0.0014580618364407657,0.49971953559980403
68,3082.645862360067,,,mixed mixed-phase C-H stretching / ring-site C-H stretching,delta(C6-C7-C8),angle,0.000273947751647533,-,-0.0009952984486540865,1.013275969219078
68,3082.645862360067,,,mixed mixed-phase C-H stretching / ring-site C-H stretching,"gamma(C4;C5,C6,H18)",oop,0.00017896558448472817,+,0.0013130569340255235,0.38033742786902636
68,3082.645862360067,,,mixed mixed-phase C-H stretching / ring-site C-H stretching,tau(H17-C4-C9-H25),dihedral,0.00017075585777700936,+,0.0010239977243752905,0.5966838523581202
68,3082.645862360067,,,mixed mixed-phase C-H stretching / ring-site C-H stretching,delta(C2-C3-H16),angle,0.00014633617117641045,-,-0.001320803153183562,0.3073563220041683
68,3082.645862360067,,,mixed mixed-phase C-H stretching / ring-site C-H stretching,delta(C6-C5-H18),angle,0.00014431241125383617,-,-0.0014073893355096405,0.26695731673582873
68,3082.645862360067,,,mixed mixed-phase C-H stretching / ring-site C-H stretching,"gamma(C7;C8,H23,H24)",oop,0.00011245858029015756,-,-0.0011706766382579158,0.300666713145669
68,3082.645862360067,,,mixed mixed-phase C-H stretching / ring-site C-H stretching,delta(H14-C3-H15),angle,6.45504424277714e-05,-,-0.0007994566439149396,0.3700633261945618
68,3082.645862360067,,,mixed mixed-phase C-H stretching / ring-site C-H stretching,nu(C6-C7),bond,6.269088027747545e-05,+,0.0008847260481325908,0.2934630298225203
68,3082.645862360067,,,mixed mixed-phase C-H stretching / ring-site C-H stretching,nu(C7-C8),bond,6.184119022069371e-05,+,0.000888968484343307,0.28672909715516987
68,3082.645862360067,,,mixed mixed-phase C-H stretching / ring-site C-H stretching,delta(H23-C8-H24),angle,4.865901998060046e-05,+,0.0009072263206902854,0.21662008978042366
68,3082.645862360067,,,mixed mixed-phase C-H stretching / ring-site C-H stretching,delta(H10-C1-H12),angle,4.5428353903906126e-05,-,-0.0007993637065157701,0.2604982470330432
68,3082.645862360067,,,mixed mixed-phase C-H stretching / ring-site C-H stretching,"gamma(C6;C7,H21,H22)",oop,1.6282452850411783e-05,+,0.0004974790129807698,0.24106655312168962
68,3082.645862360067,,,mixed mixed-phase C-H stretching / ring-site C-H stretching,delta(H21-C7-H22),angle,2.107963628964404e-07,+,5.293317978593703e-05,0.2756600324984054
69,3090.6217049081,,,mixed mixed-phase ring-site C-H stretching / mixed-phase C-H stretching,nu(C4-H17),bond,38.76189261535468,-,-0.6489684088664207,0.3372519822787753
69,3090.6217049081,,,mixed mixed-phase ring-site C-H stretching / mixed-phase C-H stretching,nu(C7-H22),bond,14.678066346655864,-,-0.40059325552734854,0.3351646674336103
69,3090.6217049081,,,mixed mixed-phase ring-site C-H stretching / mixed-phase C-H stretching,nu(C7-H21),bond,9.15891606953745,+,0.31757807824990897,0.3327665744893832
69,3090.6217049081,,,mixed mixed-phase ring-site C-H stretching / mixed-phase C-H stretching,nu(C3-H14),bond,7.968574486679563,+,0.2962534373195583,0.3326982298069487
69,3090.6217049081,,,mixed mixed-phase ring-site C-H stretching / mixed-phase C-H stretching,nu(C1-H10),bond,7.715458112478417,+,0.29150891595563094,0.33270144145954433
69,3090.6217049081,,,mixed mixed-phase ring-site C-H stretching / mixed-phase C-H stretching,nu(C2-H13),bond,4.461190889431217,+,0.22132331715317635,0.3337283603614742
69,3090.6217049081,,,mixed mixed-phase ring-site C-H stretching / mixed-phase C-H stretching,nu(C3-H16),bond,3.3741473044666375,-,-0.191929153650406,0.3356439255063405
69,3090.6217049081,,,mixed mixed-phase ring-site C-H stretching / mixed-phase C-H stretching,nu(C1-H11),bond,3.067002265658715,-,-0.18298030163103604,0.33566191504728254
69,3090.6217049081,,,mixed mixed-phase ring-site C-H stretching / mixed-phase C-H stretching,nu(C8-H23),bond,1.8839523919139334,+,0.14502461817682494,0.3282336573619821
69,3090.6217049081,,,mixed mixed-phase ring-site C-H stretching / mixed-phase C-H stretching,nu(C6-H19),bond,1.8757141293961823,+,0.14470465064878282,0.32824515254734715
69,3090.6217049081,,,mixed mixed-phase ring-site C-H stretching / mixed-phase C-H stretching,nu(C1-H12),bond,1.7537324028463246,-,-0.13947600829653464,0.3303398418047025
69,3090.6217049081,,,mixed mixed-phase ring-site C-H stretching / mixed-phase C-H stretching,nu(C3-H15),bond,1.6989279585228154,-,-0.1372832002648687,0.33032148604472367
69,3090.6217049081,,,mixed mixed-phase ring-site C-H stretching / mixed-phase C-H stretching,nu(C8-H24),bond,1.2807543180533418,-,-0.11947171135322525,0.3288003785530708
69,3090.6217049081,,,mixed mixed-phase ring-site C-H stretching / mixed-phase C-H stretching,nu(C6-H20),bond,1.2587091333652392,-,-0.11844824583030832,0.3287492466493157
69,3090.6217049081,,,mixed mixed-phase ring-site C-H stretching / mixed-phase C-H stretching,nu(C9-H25),bond,0.25352833185266604,+,0.05159247542631905,0.34902008220261893
69,3090.6217049081,,,mixed mixed-phase ring-site C-H stretching / mixed-phase C-H stretching,nu(C5-H18),bond,0.25131903523969173,+,0.05136649356561872,0.34902954612114734
69,3090.6217049081,,,mixed mixed-phase ring-site C-H stretching / mixed-phase C-H stretching,nu(C4-C5),bond,0.04367251595975061,+,0.017101395571092262,0.5471945412726401
69,3090.6217049081,,,mixed mixed-phase ring-site C-H stretching / mixed-phase C-H stretching,delta(C2-C4-C5),angle,0.04108997267154056,-,-0.02189445518733306,0.3140973094435254
69,3090.6217049081,,,mixed mixed-phase ring-site C-H stretching / mixed-phase C-H stretching,delta(C4-C9-C8),angle,0.036351749817940975,+,0.01325845849182508,0.7577673759020244
69,3090.6217049081,,,mixed mixed-phase ring-site C-H stretching / mixed-phase C-H stretching,"gamma(C9;C4,C2,C5)",oop,0.03533892571904047,-,-0.009982553326838086,1.2994713680163765
69,3090.6217049081,,,mixed mixed-phase ring-site C-H stretching / mixed-phase C-H stretching,nu(C4-C9),bond,0.03317702571267148,+,0.017091815084760174,0.41615750179357514
69,3090.6217049081,,,mixed mixed-phase ring-site C-H stretching / mixed-phase C-H stretching,delta(C1-C2-C3),angle,0.032640970005186946,+,0.018340231300637253,0.3555904501026593
69,3090.6217049081,,,mixed mixed-phase ring-site C-H stretching / mixed-phase C-H stretching,tau(C2-C4-C5-H18),dihedral,0.02844238585113159,-,-0.01706496861980212,0.35789174837591814
69,3090.6217049081,,,mixed mixed-phase ring-site C-H stretching / mixed-phase C-H stretching,delta(C9-C4-H17),angle,0.025299989503029127,+,0.01990741350088722,0.23393075140123543
69,3090.6217049081,,,mixed mixed-phase ring-site C-H stretching / mixed-phase C-H stretching,delta(C3-C2-C4),angle,0.023572933860912575,-,-0.012864020407820234,0.5219835858024717
69,3090.6217049081,,,mixed mixed-phase ring-site C-H stretching / mixed-phase C-H stretching,delta(H15-C3-H16),angle,0.022716627710264954,+,0.014867480314438413,0.3765873833684418
69,3090.6217049081,,,mixed mixed-phase ring-site C-H stretching / mixed-phase C-H stretching,delta(C8-C7-H22),angle,0.02078004218859366,+,0.01426472068328306,0.37421098329674723
69,3090.6217049081,,,mixed mixed-phase ring-site C-H stretching / mixed-phase C-H stretching,delta(C2-C1-H10),angle,0.02000178416144866,-,-0.013942532527230187,0.3770353350204659
69,3090.6217049081,,,mixed mixed-phase ring-site C-H stretching / mixed-phase C-H stretching,delta(C4-C9-H25),angle,0.019326305858876545,-,-0.01791566386296801,0.22063768235437067
69,3090.6217049081,,,mixed mixed-phase ring-site C-H stretching / mixed-phase C-H stretching,tau(H12-C1-C2-C3),dihedral,0.01838979725235625,+,0.019404932500914795,0.1789572584353189
69,3090.6217049081,,,mixed mixed-phase ring-site C-H stretching / mixed-phase C-H stretching,tau(H21-C7-C8-C9),dihedral,0.01602426274883793,+,0.016498875589153916,0.21570788048823702
69,3090.6217049081,,,mixed mixed-phase ring-site C-H stretching / mixed-phase C-H stretching,delta(C7-C8-H23),angle,0.015636770935954107,+,0.007924043614243368,0.9125360055785439
69,3090.6217049081,,,mixed mixed-phase ring-site C-H stretching / mixed-phase C-H stretching,tau(H20-C6-C7-C8),dihedral,0.01406581024253181,+,0.014375450055313618,0.24941266534876505
69,3090.6217049081,,,mixed mixed-phase ring-site C-H stretching / mixed-phase C-H stretching,delta(C2-C3-H16),angle,0.014051411254656546,+,0.012943067673747135,0.3073563220041683
69,3090.6217049081,,,mixed mixed-phase ring-site C-H stretching / mixed-phase C-H stretching,tau(H19-C6-C7-C8),dihedral,0.012429534387105905,+,0.015788093981947172,0.18272253164280974
69,3090.6217049081,,,mixed mixed-phase ring-site C-H stretching / mixed-phase C-H stretching,tau(H17-C4-C9-C8),dihedral,0.010095224920797221,+,0.0088865620601774,0.4684304222796268
69,3090.6217049081,,,mixed mixed-phase ring-site C-H stretching / mixed-phase C-H stretching,nu(C2-C4),bond,0.010018166522821335,+,0.011567793422240439,0.27433666012197316
69,3090.6217049081,,,mixed mixed-phase ring-site C-H stretching / mixed-phase C-H stretching,delta(C7-C6-H19),angle,0.010008079894868753,+,0.00795947841313671,0.578866203893712
69,3090.6217049081,,,mixed mixed-phase ring-site C-H stretching / mixed-phase C-H stretching,tau(C4-C2-C3-H14),dihedral,0.008607790631247073,+,0.010635603590213389,0.27884576993327614
69,3090.6217049081,,,mixed mixed-phase ring-site C-H stretching / mixed-phase C-H stretching,delta(H14-C3-H15),angle,0.0043481507082546965,-,-0.006561642954703211,0.3700633261945618
69,3090.6217049081,,,mixed mixed-phase ring-site C-H stretching / mixed-phase C-H stretching,"gamma(C4;C5,C6,H18)",oop,0.004172698709985396,+,0.006340482467567231,0.38033742786902636
69,3090.6217049081,,,mixed mixed-phase ring-site C-H stretching / mixed-phase C-H stretching,delta(H14-C3-H16),angle,0.003964315213564122,-,-0.006279127112401162,0.36843958035172164
69,3090.6217049081,,,mixed mixed-phase ring-site C-H stretching / mixed-phase C-H stretching,tau(C1-C2-C3-H16),dihedral,0.0037969213286905257,+,0.007119737700634855,0.2744733988296527
69,3090.6217049081,,,mixed mixed-phase ring-site C-H stretching / mixed-phase C-H stretching,delta(C9-C8-H23),angle,0.003371388345910719,-,-0.005641624699575017,0.3881477265434133
69,3090.6217049081,,,mixed mixed-phase ring-site C-H stretching / mixed-phase C-H stretching,tau(C3-C2-C4-C5),dihedral,0.0030605539440036497,+,0.021615041809612844,0.024004050308062942
69,3090.6217049081,,,mixed mixed-phase ring-site C-H stretching / mixed-phase C-H stretching,delta(H10-C1-H12),angle,0.0027419122015095417,-,-0.006210444632214559,0.2604982470330432
69,3090.6217049081,,,mixed mixed-phase ring-site C-H stretching / mixed-phase C-H stretching,tau(H11-C1-C2-C3),dihedral,0.0022988284981941697,-,-0.007003365803383647,0.17174717389126995
69,3090.6217049081,,,mixed mixed-phase ring-site C-H stretching / mixed-phase C-H stretching,"gamma(H19;C6,C5,H20)",oop,0.0022932236759534933,+,0.00406443423124226,0.5086778952751276
69,3090.6217049081,,,mixed mixed-phase ring-site C-H stretching / mixed-phase C-H stretching,tau(H23-C8-C9-C4),dihedral,0.0022691362557419243,-,-0.004303951283270097,0.4488720156531896
69,3090.6217049081,,,mixed mixed-phase ring-site C-H stretching / mixed-phase C-H stretching,tau(C9-C5-C6-H20),dihedral,0.002170359145312601,-,-0.003989339193591276,0.49971953559980403
69,3090.6217049081,,,mixed mixed-phase ring-site C-H stretching / mixed-phase C-H stretching,"gamma(C5;C9,C4,H25)",oop,0.0018829886388972016,+,0.001672276294810901,2.4673359249773874
69,3090.6217049081,,,mixed mixed-phase ring-site C-H stretching / mixed-phase C-H stretching,"gamma(H11;C1,H10,H12)",oop,0.0015024452616840148,+,0.005036011528834242,0.21708103153869004
69,3090.6217049081,,,mixed mixed-phase ring-site C-H stretching / mixed-phase C-H stretching,nu(C1-C2),bond,0.001348719593731235,-,-0.004287641932133596,0.26883220687743986
69,3090.6217049081,,,mixed mixed-phase ring-site C-H stretching / mixed-phase C-H stretching,"gamma(C4;C2,C3,H13)",oop,0.0013339527362486755,-,-0.0037441800603753733,0.348677272053292
69,3090.6217049081,,,mixed mixed-phase ring-site C-H stretching / mixed-phase C-H stretching,nu(C2-C3),bond,0.0013230218585532103,-,-0.004246730153435347,0.2688155190040503
69,3090.6217049081,,,mixed mixed-phase ring-site C-H stretching / mixed-phase C-H stretching,"gamma(C7;C8,H23,H24)",oop,0.001303886301036965,+,0.003986350772284314,0.300666713145669
69,3090.6217049081,,,mixed mixed-phase ring-site C-H stretching / mixed-phase C-H stretching,tau(H17-C4-C9-H25),dihedral,0.0008825169953820073,+,0.0023280254361689825,0.5966838523581202
69,3090.6217049081,,,mixed mixed-phase ring-site C-H stretching / mixed-phase C-H stretching,delta(C6-C7-C8),angle,0.0006278441444824537,+,0.0015068165352262234,1.013275969219078
69,3090.6217049081,,,mixed mixed-phase ring-site C-H stretching / mixed-phase C-H stretching,nu(C8-C9),bond,0.00035199510911521786,-,-0.0020304758362094735,0.3128510577221663
69,3090.6217049081,,,mixed mixed-phase ring-site C-H stretching / mixed-phase C-H stretching,nu(C5-C6),bond,0.0003400685555719615,-,-0.0020492818527425814,0.29672882571093184
69,3090.6217049081,,,mixed mixed-phase ring-site C-H stretching / mixed-phase C-H stretching,delta(C6-C5-H18),angle,0.0002532909950841247,+,0.0018646068941359447,0.26695731673582873
69,3090.6217049081,,,mixed mixed-phase ring-site C-H stretching / mixed-phase C-H stretching,nu(C6-C7),bond,0.0001610228479513878,+,0.001417964565309538,0.2934630298225203
69,3090.6217049081,,,mixed mixed-phase ring-site C-H stretching / mixed-phase C-H stretching,nu(C7-C8),bond,0.00016031502312763721,+,0.001431362226926829,0.28672909715516987
69,3090.6217049081,,,mixed mixed-phase ring-site C-H stretching / mixed-phase C-H stretching,delta(H21-C7-H22),angle,0.00014950170820913494,+,0.0014097253218960137,0.2756600324984054
69,3090.6217049081,,,mixed mixed-phase ring-site C-H stretching / mixed-phase C-H stretching,delta(H23-C8-H24),angle,0.0001335229171990901,-,-0.0015028888594011826,0.21662008978042366
69,3090.6217049081,,,mixed mixed-phase ring-site C-H stretching / mixed-phase C-H stretching,delta(C3-C2-H13),angle,4.8619859164585345e-05,-,-0.00086112642163313,0.24025725817088736
69,3090.6217049081,,,mixed mixed-phase ring-site C-H stretching / mixed-phase C-H stretching,delta(C2-C3-H15),angle,3.659004115305394e-05,-,-0.0005599545067556091,0.4276161102640135
69,3090.6217049081,,,mixed mixed-phase ring-site C-H stretching / mixed-phase C-H stretching,"gamma(C6;C7,H21,H22)",oop,3.6536449951512725e-05,-,-0.000745234615324808,0.24106655312168962
69,3090.6217049081,,,mixed mixed-phase ring-site C-H stretching / mixed-phase C-H stretching,delta(C2-C1-H12),angle,1.18036720773148e-05,-,-0.0003759730861703257,0.3059850941292659
70,3091.746633908073,,,mixed-phase C-H stretching,nu(C3-H16),bond,38.578941907901765,-,-0.6519583042861092,0.3356439255063405
70,3091.746633908073,,,mixed-phase C-H stretching,nu(C1-H11),bond,36.2770110740463,+,0.632191680081277,0.33566191504728254
70,3091.746633908073,,,mixed-phase C-H stretching,nu(C3-H14),bond,10.321976189169261,+,0.33871953357709733,0.3326982298069487
70,3091.746633908073,,,mixed-phase C-H stretching,nu(C1-H10),bond,9.741232809971908,-,-0.32905135342189035,0.33270144145954433
70,3091.746633908073,,,mixed-phase C-H stretching,nu(C3-H15),bond,2.2807808073549056,+,0.1597928800149154,0.33032148604472367
70,3091.746633908073,,,mixed-phase C-H stretching,nu(C1-H12),bond,2.1017386460681,-,-0.1533885485770409,0.3303398418047025
70,3091.746633908073,,,mixed-phase C-H stretching,nu(C6-H20),bond,0.0878295619529859,+,0.0314320014960513,0.3287492466493157
70,3091.746633908073,,,mixed-phase C-H stretching,delta(C2-C3-H16),angle,0.08635934809168841,+,0.032234256959310634,0.3073563220041683
70,3091.746633908073,,,mixed-phase C-H stretching,delta(H14-C3-H15),angle,0.06827699202586593,-,-0.026120604723012347,0.3700633261945618
70,3091.746633908073,,,mixed-phase C-H stretching,nu(C8-H24),bond,0.06447749228122562,-,-0.026929108484115116,0.3288003785530708
70,3091.746633908073,,,mixed-phase C-H stretching,delta(C2-C1-H10),angle,0.054350960783472915,+,0.023088549366042085,0.3770353350204659
70,3091.746633908073,,,mixed-phase C-H stretching,delta(H10-C1-H12),angle,0.0450948453307669,+,0.02530143244456891,0.2604982470330432
70,3091.746633908073,,,mixed-phase C-H stretching,tau(H12-C1-C2-C3),dihedral,0.03831405805238462,-,-0.028137692473420985,0.1789572584353189
70,3091.746633908073,,,mixed-phase C-H stretching,delta(H15-C3-H16),angle,0.0369349703285439,+,0.01904452106888557,0.3765873833684418
70,3091.746633908073,,,mixed-phase C-H stretching,tau(C4-C2-C3-H14),dihedral,0.030106010755934907,+,0.019981525295351642,0.27884576993327614
70,3091.746633908073,,,mixed-phase C-H stretching,"gamma(C4;C2,C3,H13)",oop,0.026918608343280654,-,-0.016896569667227135,0.348677272053292
70,3091.746633908073,,,mixed-phase C-H stretching,delta(C3-C2-C4),angle,0.02686378217757123,-,-0.013795556261604688,0.5219835858024717
70,3091.746633908073,,,mixed-phase C-H stretching,nu(C6-H19),bond,0.0223371877817127,-,-0.015863504942140838,0.32824515254734715
70,3091.746633908073,,,mixed-phase C-H stretching,delta(C2-C3-H15),angle,0.01993017955502285,-,-0.013128425305481108,0.4276161102640135
70,3091.746633908073,,,mixed-phase C-H stretching,"gamma(H11;C1,H10,H12)",oop,0.018327422371425265,-,-0.017669481975337603,0.21708103153869004
70,3091.746633908073,,,mixed-phase C-H stretching,delta(H14-C3-H16),angle,0.013734223656075368,+,0.011740942995481035,0.36843958035172164
70,3091.746633908073,,,mixed-phase C-H stretching,delta(C2-C1-H12),angle,0.013625846297492838,+,0.012832629889181029,0.3059850941292659
70,3091.746633908073,,,mixed-phase C-H stretching,nu(C7-H22),bond,0.01038029982778529,+,0.010701875526883665,0.3351646674336103
70,3091.746633908073,,,mixed-phase C-H stretching,nu(C8-H23),bond,0.007732162386747741,+,0.009333466830832391,0.3282336573619821
70,3091.746633908073,,,mixed-phase C-H stretching,nu(C7-H21),bond,0.005620386343279055,-,-0.007903096740978456,0.3327665744893832
70,3091.746633908073,,,mixed-phase C-H stretching,nu(C4-H17),bond,0.004107179376024001,+,0.0067108671425261555,0.3372519822787753
70,3091.746633908073,,,mixed-phase C-H stretching,tau(C1-C2-C3-H16),dihedral,0.0038919797350191027,+,0.007241344619325878,0.2744733988296527
70,3091.746633908073,,,mixed-phase C-H stretching,delta(C3-C2-H13),angle,0.0029307505450225113,-,-0.006716379543173088,0.24025725817088736
70,3091.746633908073,,,mixed-phase C-H stretching,tau(H11-C1-C2-C3),dihedral,0.0024946777731568383,+,0.007329029847096218,0.17174717389126995
70,3091.746633908073,,,mixed-phase C-H stretching,tau(C3-C2-C4-C5),dihedral,0.0019047237046057176,+,0.01713001686148735,0.024004050308062942
70,3091.746633908073,,,mixed-phase C-H stretching,nu(C5-H18),bond,0.0010129961086505904,-,-0.0032760977655432637,0.34902954612114734
70,3091.746633908073,,,mixed-phase C-H stretching,nu(C2-C3),bond,0.0009315925257214777,+,0.003579891715411144,0.2688155190040503
70,3091.746633908073,,,mixed-phase C-H stretching,nu(C1-C2),bond,0.0007898699354684632,-,-0.0032962580582552364,0.26883220687743986
70,3091.746633908073,,,mixed-phase C-H stretching,nu(C2-H13),bond,0.0005976340605378742,-,-0.0025733874246415696,0.3337283603614742
70,3091.746633908073,,,mixed-phase C-H stretching,nu(C9-H25),bond,0.0005790357566027851,+,0.002476917517204248,0.34902008220261893
70,3091.746633908073,,,mixed-phase C-H stretching,delta(C7-C8-H23),angle,0.0005030244032181772,-,-0.0014277546519537957,0.9125360055785439
70,3091.746633908073,,,mixed-phase C-H stretching,tau(H19-C6-C7-C8),dihedral,0.0002097200392563801,-,-0.0020601933192416293,0.18272253164280974
70,3091.746633908073,,,mixed-phase C-H stretching,delta(C8-C7-H22),angle,0.00019406546729946274,-,-0.0013848410461099994,0.37421098329674723
70,3091.746633908073,,,mixed-phase C-H stretching,delta(C7-C6-H19),angle,0.00014236950094023953,+,0.0009536816913804876,0.578866203893712
70,3091.746633908073,,,mixed-phase C-H stretching,tau(H17-C4-C9-C8),dihedral,0.00013613855342706096,+,0.0010366975704162358,0.4684304222796268
70,3091.746633908073,,,mixed-phase C-H stretching,"gamma(C4;C5,C6,H18)",oop,0.00011954044337145869,-,-0.0010780948211615209,0.38033742786902636
70,3091.746633908073,,,mixed-phase C-H stretching,tau(H20-C6-C7-C8),dihedral,0.00010674090608759396,-,-0.0012580278398440468,0.24941266534876505
70,3091.746633908073,,,mixed-phase C-H stretching,delta(C9-C8-H23),angle,8.405967386172624e-05,-,-0.0008949100559720911,0.3881477265434133
70,3091.746633908073,,,mixed-phase C-H stretching,tau(H23-C8-C9-C4),dihedral,5.510974701445218e-05,+,0.0006738093057487478,0.4488720156531896
70,3091.746633908073,,,mixed-phase C-H stretching,delta(C4-C9-C8),angle,3.7806186337255484e-05,-,-0.0004295339983431449,0.7577673759020244
70,3091.746633908073,,,mixed-phase C-H stretching,delta(H23-C8-H24),angle,3.3541021989428944e-05,+,0.0007566984444409013,0.21662008978042366
70,3091.746633908073,,,mixed-phase C-H stretching,delta(C1-C2-C3),angle,3.1780311729944786e-05,+,0.0005748944198725281,0.3555904501026593
70,3091.746633908073,,,mixed-phase C-H stretching,tau(C9-C5-C6-H20),dihedral,2.5241424793633592e-05,+,0.000432193101205124,0.49971953559980403
70,3091.746633908073,,,mixed-phase C-H stretching,nu(C6-C7),bond,2.2043306430754454e-05,-,-0.0005270426142648968,0.2934630298225203
70,3091.746633908073,,,mixed-phase C-H stretching,"gamma(C5;C9,C4,H25)",oop,2.083774478529602e-05,-,-0.0001767238960659445,2.4673359249773874
70,3091.746633908073,,,mixed-phase C-H stretching,delta(C2-C4-C5),angle,1.982512624336822e-05,+,0.00048312547014386605,0.3140973094435254
70,3091.746633908073,,,mixed-phase C-H stretching,"gamma(C6;C7,H21,H22)",oop,1.962254636607479e-05,+,0.0005486473225363202,0.24106655312168962
70,3091.746633908073,,,mixed-phase C-H stretching,nu(C8-C9),bond,1.8215168079441483e-05,+,0.00046401480653943816,0.3128510577221663
70,3091.746633908073,,,mixed-phase C-H stretching,nu(C4-C9),bond,1.6565018968788445e-05,-,-0.00038366410228747816,0.41615750179357514
70,3091.746633908073,,,mixed-phase C-H stretching,nu(C7-C8),bond,1.4700574856528365e-05,+,0.0004354269812250603,0.28672909715516987
70,3091.746633908073,,,mixed-phase C-H stretching,nu(C5-C6),bond,1.2922450726408737e-05,-,-0.00040130690717267464,0.29672882571093184
70,3091.746633908073,,,mixed-phase C-H stretching,"gamma(C9;C4,C2,C5)",oop,8.511483204865504e-06,-,-0.00015563358700058886,1.2994713680163765
70,3091.746633908073,,,mixed-phase C-H stretching,tau(H21-C7-C8-C9),dihedral,8.031445262458755e-06,+,0.00037106321865644704,0.21570788048823702
70,3091.746633908073,,,mixed-phase C-H stretching,tau(H17-C4-C9-H25),dihedral,6.148902707073529e-06,+,0.00019521389618544206,0.5966838523581202
70,3091.746633908073,,,mixed-phase C-H stretching,delta(C6-C5-H18),angle,5.6823178165751735e-06,-,-0.0002805600997480575,0.26695731673582873
70,3091.746633908073,,,mixed-phase C-H stretching,delta(C9-C4-H17),angle,4.193439393165896e-06,-,-0.0002574693808640409,0.23393075140123543
70,3091.746633908073,,,mixed-phase C-H stretching,"gamma(C7;C8,H23,H24)",oop,2.9684485826366034e-06,+,0.00019107600462617554,0.300666713145669
70,3091.746633908073,,,mixed-phase C-H stretching,tau(C2-C4-C5-H18),dihedral,1.6868016109614807e-06,-,-0.00013202015008785848,0.35789174837591814
70,3091.746633908073,,,mixed-phase C-H stretching,nu(C2-C4),bond,1.643186297188847e-06,-,-0.00014882830650937207,0.27433666012197316
70,3091.746633908073,,,mixed-phase C-H stretching,delta(C4-C9-H25),angle,5.610658694453821e-07,-,-9.697306961951125e-05,0.22063768235437067
70,3091.746633908073,,,mixed-phase C-H stretching,"gamma(H19;C6,C5,H20)",oop,2.0684281149598009e-07,-,-3.877777126216526e-05,0.5086778952751276
70,3091.746633908073,,,mixed-phase C-H stretching,delta(H21-C7-H22),angle,1.9984826599164777e-07,-,-5.177824807723748e-05,0.2756600324984054
70,3091.746633908073,,,mixed-phase C-H stretching,nu(C4-C5),bond,7.542031965664993e-08,+,2.2576539128076562e-05,0.5471945412726401
70,3091.746633908073,,,mixed-phase C-H stretching,delta(C6-C7-C8),angle,8.805745381857978e-09,+,5.668958158449866e-06,1.013275969219078
71,3093.1662736448284,,,mixed mixed-phase C-H stretching / mixed-phase ring-site C-H stretching,nu(C1-H11),bond,26.965340816883106,-,-0.5448282460826535,0.33566191504728254
71,3093.1662736448284,,,mixed mixed-phase C-H stretching / mixed-phase ring-site C-H stretching,nu(C3-H16),bond,24.391529655945263,-,-0.5181885527342418,0.3356439255063405
71,3093.1662736448284,,,mixed mixed-phase C-H stretching / mixed-phase ring-site C-H stretching,nu(C7-H22),bond,15.861487634543348,+,0.4181677498060998,0.3351646674336103
71,3093.1662736448284,,,mixed mixed-phase C-H stretching / mixed-phase ring-site C-H stretching,nu(C1-H10),bond,9.500554724531685,+,0.32482902824807364,0.33270144145954433
71,3093.1662736448284,,,mixed mixed-phase C-H stretching / mixed-phase ring-site C-H stretching,nu(C3-H14),bond,8.735304048578918,+,0.31147375612620853,0.3326982298069487
71,3093.1662736448284,,,mixed mixed-phase C-H stretching / mixed-phase ring-site C-H stretching,nu(C7-H21),bond,7.714714165254971,-,-0.29268317937521365,0.3327665744893832
71,3093.1662736448284,,,mixed mixed-phase C-H stretching / mixed-phase ring-site C-H stretching,nu(C8-H23),bond,1.2621404793236135,-,-0.11919827872561146,0.3282336573619821
71,3093.1662736448284,,,mixed mixed-phase C-H stretching / mixed-phase ring-site C-H stretching,nu(C6-H19),bond,1.2505839080201309,-,-0.11864923696504553,0.32824515254734715
71,3093.1662736448284,,,mixed mixed-phase C-H stretching / mixed-phase ring-site C-H stretching,nu(C1-H12),bond,1.0588365355396263,+,0.10882825690197581,0.3303398418047025
71,3093.1662736448284,,,mixed mixed-phase C-H stretching / mixed-phase ring-site C-H stretching,nu(C3-H15),bond,0.9329819754207133,+,0.1021588292294065,0.33032148604472367
71,3093.1662736448284,,,mixed mixed-phase C-H stretching / mixed-phase ring-site C-H stretching,nu(C8-H24),bond,0.7324401068632213,+,0.0907251294247846,0.3288003785530708
71,3093.1662736448284,,,mixed mixed-phase C-H stretching / mixed-phase ring-site C-H stretching,nu(C6-H20),bond,0.7114586497117282,+,0.08942318639918466,0.3287492466493157
71,3093.1662736448284,,,mixed mixed-phase C-H stretching / mixed-phase ring-site C-H stretching,nu(C4-H17),bond,0.3016385747781034,+,0.05748756011705878,0.3372519822787753
71,3093.1662736448284,,,mixed mixed-phase C-H stretching / mixed-phase ring-site C-H stretching,delta(C1-C2-C3),angle,0.112365574200125,+,0.034170338848958204,0.3555904501026593
71,3093.1662736448284,,,mixed mixed-phase C-H stretching / mixed-phase ring-site C-H stretching,delta(C2-C3-H16),angle,0.053841978337482235,+,0.02544175823919596,0.3073563220041683
71,3093.1662736448284,,,mixed mixed-phase C-H stretching / mixed-phase ring-site C-H stretching,tau(H12-C1-C2-C3),dihedral,0.051010463559445975,+,0.03245358425530803,0.1789572584353189
71,3093.1662736448284,,,mixed mixed-phase C-H stretching / mixed-phase ring-site C-H stretching,delta(C2-C1-H10),angle,0.04389671533492574,-,-0.02074114261771744,0.3770353350204659
71,3093.1662736448284,,,mixed mixed-phase C-H stretching / mixed-phase ring-site C-H stretching,delta(H14-C3-H15),angle,0.04366227622672991,-,-0.020879632701023942,0.3700633261945618
71,3093.1662736448284,,,mixed mixed-phase C-H stretching / mixed-phase ring-site C-H stretching,delta(H10-C1-H12),angle,0.03395128952601421,-,-0.02194489093152415,0.2604982470330432
71,3093.1662736448284,,,mixed mixed-phase C-H stretching / mixed-phase ring-site C-H stretching,delta(H15-C3-H16),angle,0.027230283971876514,+,0.01634560103560028,0.3765873833684418
71,3093.1662736448284,,,mixed mixed-phase C-H stretching / mixed-phase ring-site C-H stretching,delta(C8-C7-H22),angle,0.023362546927657327,-,-0.015188312371329117,0.37421098329674723
71,3093.1662736448284,,,mixed mixed-phase C-H stretching / mixed-phase ring-site C-H stretching,delta(C3-C2-C4),angle,0.01995472132145487,-,-0.011885079811061353,0.5219835858024717
71,3093.1662736448284,,,mixed mixed-phase C-H stretching / mixed-phase ring-site C-H stretching,delta(C7-C8-H23),angle,0.01993808460334699,-,-0.008985130823627887,0.9125360055785439
71,3093.1662736448284,,,mixed mixed-phase C-H stretching / mixed-phase ring-site C-H stretching,tau(H21-C7-C8-C9),dihedral,0.016559107126176018,-,-0.01684197988408123,0.21570788048823702
71,3093.1662736448284,,,mixed mixed-phase C-H stretching / mixed-phase ring-site C-H stretching,"gamma(C4;C2,C3,H13)",oop,0.01607848454923852,-,-0.013053243174542331,0.348677272053292
71,3093.1662736448284,,,mixed mixed-phase C-H stretching / mixed-phase ring-site C-H stretching,tau(H20-C6-C7-C8),dihedral,0.01464143035914809,-,-0.01472787852718965,0.24941266534876505
71,3093.1662736448284,,,mixed mixed-phase C-H stretching / mixed-phase ring-site C-H stretching,tau(C4-C2-C3-H14),dihedral,0.014638274187258963,+,0.013927417695565089,0.27884576993327614
71,3093.1662736448284,,,mixed mixed-phase C-H stretching / mixed-phase ring-site C-H stretching,delta(C7-C6-H19),angle,0.012795579399607232,-,-0.009037505463314992,0.578866203893712
71,3093.1662736448284,,,mixed mixed-phase C-H stretching / mixed-phase ring-site C-H stretching,tau(H19-C6-C7-C8),dihedral,0.012132058479298326,-,-0.01566314209407062,0.18272253164280974
71,3093.1662736448284,,,mixed mixed-phase C-H stretching / mixed-phase ring-site C-H stretching,"gamma(H11;C1,H10,H12)",oop,0.011498564911984333,+,0.013990027704021529,0.21708103153869004
71,3093.1662736448284,,,mixed mixed-phase C-H stretching / mixed-phase ring-site C-H stretching,nu(C2-H13),bond,0.008917369792654286,-,-0.00993641045635753,0.3337283603614742
71,3093.1662736448284,,,mixed mixed-phase C-H stretching / mixed-phase ring-site C-H stretching,delta(C2-C3-H15),angle,0.00757683703595056,-,-0.008091417977805312,0.4276161102640135
71,3093.1662736448284,,,mixed mixed-phase C-H stretching / mixed-phase ring-site C-H stretching,delta(C2-C1-H12),angle,0.006190959971733435,-,-0.008646424526175247,0.3059850941292659
71,3093.1662736448284,,,mixed mixed-phase C-H stretching / mixed-phase ring-site C-H stretching,delta(H14-C3-H16),angle,0.0047914761589970935,+,0.006932010605645685,0.36843958035172164
71,3093.1662736448284,,,mixed mixed-phase C-H stretching / mixed-phase ring-site C-H stretching,delta(C9-C8-H23),angle,0.0032118946608941093,+,0.005529550332396933,0.3881477265434133
71,3093.1662736448284,,,mixed mixed-phase C-H stretching / mixed-phase ring-site C-H stretching,"gamma(H19;C6,C5,H20)",oop,0.0027121334899360625,-,-0.004438556883930954,0.5086778952751276
71,3093.1662736448284,,,mixed mixed-phase C-H stretching / mixed-phase ring-site C-H stretching,delta(C3-C2-H13),angle,0.0018236485327007442,-,-0.005295902789504655,0.24025725817088736
71,3093.1662736448284,,,mixed mixed-phase C-H stretching / mixed-phase ring-site C-H stretching,nu(C5-H18),bond,0.0017398384159813996,+,0.004291716777369467,0.34902954612114734
71,3093.1662736448284,,,mixed mixed-phase C-H stretching / mixed-phase ring-site C-H stretching,nu(C1-C2),bond,0.0016112804074897545,+,0.004706007410520891,0.26883220687743986
71,3093.1662736448284,,,mixed mixed-phase C-H stretching / mixed-phase ring-site C-H stretching,nu(C9-H25),bond,0.001567368982401149,+,0.0040735036328881005,0.34902008220261893
71,3093.1662736448284,,,mixed mixed-phase C-H stretching / mixed-phase ring-site C-H stretching,tau(C9-C5-C6-H20),dihedral,0.001563915802530558,+,0.0034005660317355923,0.49971953559980403
71,3093.1662736448284,,,mixed mixed-phase C-H stretching / mixed-phase ring-site C-H stretching,nu(C2-C3),bond,0.00150943623030658,+,0.004554995040851546,0.2688155190040503
71,3093.1662736448284,,,mixed mixed-phase C-H stretching / mixed-phase ring-site C-H stretching,delta(C4-C9-C8),angle,0.0013162970457072185,+,0.002533475411538511,0.7577673759020244
71,3093.1662736448284,,,mixed mixed-phase C-H stretching / mixed-phase ring-site C-H stretching,"gamma(C4;C5,C6,H18)",oop,0.0013029370277392242,-,-0.00355782737833915,0.38033742786902636
71,3093.1662736448284,,,mixed mixed-phase C-H stretching / mixed-phase ring-site C-H stretching,tau(H17-C4-C9-C8),dihedral,0.0011772588556458127,-,-0.0030473415194207463,0.4684304222796268
71,3093.1662736448284,,,mixed mixed-phase C-H stretching / mixed-phase ring-site C-H stretching,tau(C3-C2-C4-C5),dihedral,0.0008771734281418788,+,0.011620054412392741,0.024004050308062942
71,3093.1662736448284,,,mixed mixed-phase C-H stretching / mixed-phase ring-site C-H stretching,"gamma(C7;C8,H23,H24)",oop,0.0008057093343260865,-,-0.0031466918460478937,0.300666713145669
71,3093.1662736448284,,,mixed mixed-phase C-H stretching / mixed-phase ring-site C-H stretching,nu(C2-C4),bond,0.000606749296871374,-,-0.0028587120317166937,0.27433666012197316
71,3093.1662736448284,,,mixed mixed-phase C-H stretching / mixed-phase ring-site C-H stretching,nu(C6-C7),bond,0.0005227593935049187,-,-0.0025655584673889317,0.2934630298225203
71,3093.1662736448284,,,mixed mixed-phase C-H stretching / mixed-phase ring-site C-H stretching,nu(C7-C8),bond,0.0005169024998600378,-,-0.0025809294002801368,0.28672909715516987
71,3093.1662736448284,,,mixed mixed-phase C-H stretching / mixed-phase ring-site C-H stretching,delta(C6-C5-H18),angle,0.00044719482165721675,-,-0.0024879128369284104,0.26695731673582873
71,3093.1662736448284,,,mixed mixed-phase C-H stretching / mixed-phase ring-site C-H stretching,nu(C4-C5),bond,0.0004461858679347378,-,-0.0017357801574424668,0.5471945412726401
71,3093.1662736448284,,,mixed mixed-phase C-H stretching / mixed-phase ring-site C-H stretching,delta(H21-C7-H22),angle,0.0004213775164071811,-,-0.002376602065487184,0.2756600324984054
71,3093.1662736448284,,,mixed mixed-phase C-H stretching / mixed-phase ring-site C-H stretching,nu(C4-C9),bond,0.00033469472929040646,-,-0.0017238650505799712,0.41615750179357514
71,3093.1662736448284,,,mixed mixed-phase C-H stretching / mixed-phase ring-site C-H stretching,"gamma(C9;C4,C2,C5)",oop,0.0002553070433175668,+,0.0008520316602558713,1.2994713680163765
71,3093.1662736448284,,,mixed mixed-phase C-H stretching / mixed-phase ring-site C-H stretching,delta(C2-C4-C5),angle,0.00024995783016848694,+,0.0017147821618015455,0.3140973094435254
71,3093.1662736448284,,,mixed mixed-phase C-H stretching / mixed-phase ring-site C-H stretching,tau(C2-C4-C5-H18),dihedral,0.00021577714968035001,+,0.0014925695438466654,0.35789174837591814
71,3093.1662736448284,,,mixed mixed-phase C-H stretching / mixed-phase ring-site C-H stretching,tau(H23-C8-C9-C4),dihedral,0.00015317503776533816,-,-0.0011228983013959408,0.4488720156531896
71,3093.1662736448284,,,mixed mixed-phase C-H stretching / mixed-phase ring-site C-H stretching,delta(C9-C4-H17),angle,0.00013675722483501174,-,-0.0014697354649949772,0.23393075140123543
71,3093.1662736448284,,,mixed mixed-phase C-H stretching / mixed-phase ring-site C-H stretching,delta(H23-C8-H24),angle,0.00012715150962588865,+,0.0014727162770230302,0.21662008978042366
71,3093.1662736448284,,,mixed mixed-phase C-H stretching / mixed-phase ring-site C-H stretching,delta(C4-C9-H25),angle,0.00010567349671906263,+,0.001330303972475703,0.22063768235437067
71,3093.1662736448284,,,mixed mixed-phase C-H stretching / mixed-phase ring-site C-H stretching,delta(C6-C7-C8),angle,7.005407146062492e-05,+,0.0005054294124098174,1.013275969219078
71,3093.1662736448284,,,mixed mixed-phase C-H stretching / mixed-phase ring-site C-H stretching,tau(H11-C1-C2-C3),dihedral,4.595481950880227e-05,-,-0.00099432515099082,0.17174717389126995
71,3093.1662736448284,,,mixed mixed-phase C-H stretching / mixed-phase ring-site C-H stretching,tau(C1-C2-C3-H16),dihedral,4.211876780872653e-05,+,0.0007530007187504716,0.2744733988296527
71,3093.1662736448284,,,mixed mixed-phase C-H stretching / mixed-phase ring-site C-H stretching,tau(H17-C4-C9-H25),dihedral,2.5437590794256518e-05,-,-0.00039689309022263903,0.5966838523581202
71,3093.1662736448284,,,mixed mixed-phase C-H stretching / mixed-phase ring-site C-H stretching,"gamma(C6;C7,H21,H22)",oop,4.4917835786124915e-06,-,-0.00026239081268518774,0.24106655312168962
71,3093.1662736448284,,,mixed mixed-phase C-H stretching / mixed-phase ring-site C-H stretching,"gamma(C5;C9,C4,H25)",oop,2.967114155368882e-06,-,-6.665928926786847e-05,2.4673359249773874
71,3093.1662736448284,,,mixed mixed-phase C-H stretching / mixed-phase ring-site C-H stretching,nu(C5-C6),bond,2.7373250790923864e-06,+,0.0001846252138878437,0.29672882571093184
71,3093.1662736448284,,,mixed mixed-phase C-H stretching / mixed-phase ring-site C-H stretching,nu(C8-C9),bond,2.331520595028206e-06,+,0.00016594283539114266,0.3128510577221663
72,3098.946359031145,,,mixed mixed-phase ring-site C-H stretching / mixed-phase C-H stretching,nu(C7-H22),bond,23.43195094924892,-,-0.5056021612913731,0.3351646674336103
72,3098.946359031145,,,mixed mixed-phase ring-site C-H stretching / mixed-phase C-H stretching,nu(C2-H13),bond,18.474861668290867,-,-0.44991228521666704,0.3337283603614742
72,3098.946359031145,,,mixed mixed-phase ring-site C-H stretching / mixed-phase C-H stretching,nu(C4-H17),bond,15.95719797050057,+,0.4159440084998794,0.3372519822787753
72,3098.946359031145,,,mixed mixed-phase ring-site C-H stretching / mixed-phase C-H stretching,nu(C7-H21),bond,9.015472394111612,+,0.31474454199204305,0.3327665744893832
72,3098.946359031145,,,mixed mixed-phase ring-site C-H stretching / mixed-phase C-H stretching,nu(C1-H11),bond,7.153362854120199,-,-0.27915017561078376,0.33566191504728254
72,3098.946359031145,,,mixed mixed-phase ring-site C-H stretching / mixed-phase C-H stretching,nu(C3-H16),bond,7.054055674808642,-,-0.27721316894602355,0.3356439255063405
72,3098.946359031145,,,mixed mixed-phase ring-site C-H stretching / mixed-phase C-H stretching,nu(C1-H12),bond,5.93241882805556,+,0.2562531636858191,0.3303398418047025
72,3098.946359031145,,,mixed mixed-phase ring-site C-H stretching / mixed-phase C-H stretching,nu(C3-H15),bond,5.8959499355177,+,0.25547140328409906,0.33032148604472367
72,3098.946359031145,,,mixed mixed-phase ring-site C-H stretching / mixed-phase C-H stretching,nu(C8-H23),bond,1.5221255766667314,+,0.13021694362938635,0.3282336573619821
72,3098.946359031145,,,mixed mixed-phase ring-site C-H stretching / mixed-phase C-H stretching,nu(C6-H19),bond,1.5171365426360266,+,0.13000108763118443,0.32824515254734715
72,3098.946359031145,,,mixed mixed-phase ring-site C-H stretching / mixed-phase C-H stretching,nu(C8-H24),bond,1.3705585069733879,-,-0.12345720688198863,0.3288003785530708
72,3098.946359031145,,,mixed mixed-phase ring-site C-H stretching / mixed-phase C-H stretching,nu(C6-H20),bond,1.3513971222280232,-,-0.1226006925828543,0.3287492466493157
72,3098.946359031145,,,mixed mixed-phase ring-site C-H stretching / mixed-phase C-H stretching,nu(C9-H25),bond,0.356556803409302,-,-0.06111853945216686,0.34902008220261893
72,3098.946359031145,,,mixed mixed-phase ring-site C-H stretching / mixed-phase C-H stretching,nu(C5-H18),bond,0.3543858740928381,-,-0.06093136631819464,0.34902954612114734
72,3098.946359031145,,,mixed mixed-phase ring-site C-H stretching / mixed-phase C-H stretching,nu(C3-H14),bond,0.10038436644660455,-,-0.033215562225186006,0.3326982298069487
72,3098.946359031145,,,mixed mixed-phase ring-site C-H stretching / mixed-phase C-H stretching,nu(C1-H10),bond,0.09589790044711073,-,-0.03246467204780349,0.33270144145954433
72,3098.946359031145,,,mixed mixed-phase ring-site C-H stretching / mixed-phase C-H stretching,delta(C4-C9-C8),angle,0.05994691685161031,-,-0.017007844864005268,0.7577673759020244
72,3098.946359031145,,,mixed mixed-phase ring-site C-H stretching / mixed-phase C-H stretching,delta(C8-C7-H22),angle,0.03082647824911827,+,0.01735551489702285,0.37421098329674723
72,3098.946359031145,,,mixed mixed-phase ring-site C-H stretching / mixed-phase C-H stretching,tau(H21-C7-C8-C9),dihedral,0.02635364992890194,+,0.021135921747912647,0.21570788048823702
72,3098.946359031145,,,mixed mixed-phase ring-site C-H stretching / mixed-phase C-H stretching,delta(C7-C8-H23),angle,0.023147280692769574,+,0.00963072088064277,0.9125360055785439
72,3098.946359031145,,,mixed mixed-phase ring-site C-H stretching / mixed-phase C-H stretching,delta(H14-C3-H16),angle,0.019489076893025193,+,0.013907411560639665,0.36843958035172164
72,3098.946359031145,,,mixed mixed-phase ring-site C-H stretching / mixed-phase C-H stretching,tau(H20-C6-C7-C8),dihedral,0.01826489204338867,+,0.01636376051299928,0.24941266534876505
72,3098.946359031145,,,mixed mixed-phase ring-site C-H stretching / mixed-phase C-H stretching,tau(H19-C6-C7-C8),dihedral,0.016987687695575914,+,0.01843762144898183,0.18272253164280974
72,3098.946359031145,,,mixed mixed-phase ring-site C-H stretching / mixed-phase C-H stretching,nu(C4-C5),bond,0.015821832806813898,-,-0.010282325055868204,0.5471945412726401
72,3098.946359031145,,,mixed mixed-phase ring-site C-H stretching / mixed-phase C-H stretching,delta(H14-C3-H15),angle,0.01551634699320267,-,-0.012381992294360194,0.3700633261945618
72,3098.946359031145,,,mixed mixed-phase ring-site C-H stretching / mixed-phase C-H stretching,tau(C4-C2-C3-H14),dihedral,0.014842339184659638,+,0.013950923508413784,0.27884576993327614
72,3098.946359031145,,,mixed mixed-phase ring-site C-H stretching / mixed-phase C-H stretching,delta(C7-C6-H19),angle,0.014768456115715851,+,0.009658557349270956,0.578866203893712
72,3098.946359031145,,,mixed mixed-phase ring-site C-H stretching / mixed-phase C-H stretching,delta(C9-C4-H17),angle,0.013272932396116214,-,-0.014403684338739866,0.23393075140123543
72,3098.946359031145,,,mixed mixed-phase ring-site C-H stretching / mixed-phase C-H stretching,nu(C4-C9),bond,0.012018141172088638,-,-0.010275988238571844,0.41615750179357514
72,3098.946359031145,,,mixed mixed-phase ring-site C-H stretching / mixed-phase C-H stretching,nu(C1-C2),bond,0.0118311978291558,+,0.012685498004297566,0.26883220687743986
72,3098.946359031145,,,mixed mixed-phase ring-site C-H stretching / mixed-phase C-H stretching,nu(C2-C3),bond,0.01182538498317449,+,0.012682774983591135,0.2688155190040503
72,3098.946359031145,,,mixed mixed-phase ring-site C-H stretching / mixed-phase C-H stretching,delta(H10-C1-H12),angle,0.011060725977377015,-,-0.012460148715407038,0.2604982470330432
72,3098.946359031145,,,mixed mixed-phase ring-site C-H stretching / mixed-phase C-H stretching,tau(C1-C2-C3-H16),dihedral,0.010042812721145317,-,-0.01156675039199593,0.2744733988296527
72,3098.946359031145,,,mixed mixed-phase ring-site C-H stretching / mixed-phase C-H stretching,delta(C4-C9-H25),angle,0.009660778328242555,+,0.012653189926518283,0.22063768235437067
72,3098.946359031145,,,mixed mixed-phase ring-site C-H stretching / mixed-phase C-H stretching,tau(H12-C1-C2-C3),dihedral,0.009448309798891717,+,0.013894285396677291,0.1789572584353189
72,3098.946359031145,,,mixed mixed-phase ring-site C-H stretching / mixed-phase C-H stretching,delta(C9-C8-H23),angle,0.006789090722197892,-,-0.007997257769392262,0.3881477265434133
72,3098.946359031145,,,mixed mixed-phase ring-site C-H stretching / mixed-phase C-H stretching,tau(H11-C1-C2-C3),dihedral,0.00630692959624184,+,0.011587720294169348,0.17174717389126995
72,3098.946359031145,,,mixed mixed-phase ring-site C-H stretching / mixed-phase C-H stretching,delta(C2-C4-C5),angle,0.006203684629306744,+,0.008498192405900643,0.3140973094435254
72,3098.946359031145,,,mixed mixed-phase ring-site C-H stretching / mixed-phase C-H stretching,tau(H23-C8-C9-C4),dihedral,0.006155747841353123,+,0.0070812994046238085,0.4488720156531896
72,3098.946359031145,,,mixed mixed-phase ring-site C-H stretching / mixed-phase C-H stretching,delta(C3-C2-C4),angle,0.00499275713348529,-,-0.005913922228513873,0.5219835858024717
72,3098.946359031145,,,mixed mixed-phase ring-site C-H stretching / mixed-phase C-H stretching,delta(C1-C2-C3),angle,0.004944783960929724,+,0.007130704317801207,0.3555904501026593
72,3098.946359031145,,,mixed mixed-phase ring-site C-H stretching / mixed-phase C-H stretching,delta(C2-C3-H16),angle,0.0048941350883921885,+,0.007630459873496213,0.3073563220041683
72,3098.946359031145,,,mixed mixed-phase ring-site C-H stretching / mixed-phase C-H stretching,"gamma(H19;C6,C5,H20)",oop,0.0041206171469824315,+,0.005442438268346394,0.5086778952751276
72,3098.946359031145,,,mixed mixed-phase ring-site C-H stretching / mixed-phase C-H stretching,delta(C2-C1-H10),angle,0.0038154912411736573,-,-0.006083002789323659,0.3770353350204659
72,3098.946359031145,,,mixed mixed-phase ring-site C-H stretching / mixed-phase C-H stretching,"gamma(H11;C1,H10,H12)",oop,0.003004897628349868,+,0.007114390738979467,0.21708103153869004
72,3098.946359031145,,,mixed mixed-phase ring-site C-H stretching / mixed-phase C-H stretching,"gamma(C9;C4,C2,C5)",oop,0.0026997901498198224,+,0.0027562300200499826,1.2994713680163765
72,3098.946359031145,,,mixed mixed-phase ring-site C-H stretching / mixed-phase C-H stretching,tau(C2-C4-C5-H18),dihedral,0.002520192536723113,+,0.005074284693349016,0.35789174837591814
72,3098.946359031145,,,mixed mixed-phase ring-site C-H stretching / mixed-phase C-H stretching,nu(C6-C7),bond,0.0020544056385849493,+,0.005059413933770068,0.2934630298225203
72,3098.946359031145,,,mixed mixed-phase ring-site C-H stretching / mixed-phase C-H stretching,nu(C7-C8),bond,0.002017447152137884,+,0.005072230856549727,0.28672909715516987
72,3098.946359031145,,,mixed mixed-phase ring-site C-H stretching / mixed-phase C-H stretching,tau(C9-C5-C6-H20),dihedral,0.0018200278807476956,-,-0.00364930085133123,0.49971953559980403
72,3098.946359031145,,,mixed mixed-phase ring-site C-H stretching / mixed-phase C-H stretching,delta(H21-C7-H22),angle,0.0009592589194969382,+,0.0035670962944397916,0.2756600324984054
72,3098.946359031145,,,mixed mixed-phase ring-site C-H stretching / mixed-phase C-H stretching,"gamma(C7;C8,H23,H24)",oop,0.000927085694034456,+,0.003357771020507154,0.300666713145669
72,3098.946359031145,,,mixed mixed-phase ring-site C-H stretching / mixed-phase C-H stretching,delta(C6-C5-H18),angle,0.000922259028608812,+,0.0035541794816171084,0.26695731673582873
72,3098.946359031145,,,mixed mixed-phase ring-site C-H stretching / mixed-phase C-H stretching,"gamma(C5;C9,C4,H25)",oop,0.0009136143220016585,-,-0.0011635930543858887,2.4673359249773874
72,3098.946359031145,,,mixed mixed-phase ring-site C-H stretching / mixed-phase C-H stretching,"gamma(C4;C5,C6,H18)",oop,0.000804025805773642,+,0.0027802527131175307,0.38033742786902636
72,3098.946359031145,,,mixed mixed-phase ring-site C-H stretching / mixed-phase C-H stretching,nu(C8-C9),bond,0.0006768546085493592,+,0.002812630572687106,0.3128510577221663
72,3098.946359031145,,,mixed mixed-phase ring-site C-H stretching / mixed-phase C-H stretching,nu(C5-C6),bond,0.000629005981532251,+,0.002784077564505627,0.29672882571093184
72,3098.946359031145,,,mixed mixed-phase ring-site C-H stretching / mixed-phase C-H stretching,delta(C2-C3-H15),angle,0.000563386860277107,-,-0.002194876756402204,0.4276161102640135
72,3098.946359031145,,,mixed mixed-phase ring-site C-H stretching / mixed-phase C-H stretching,tau(C3-C2-C4-C5),dihedral,0.0005058853029836997,-,-0.00877844472537386,0.024004050308062942
72,3098.946359031145,,,mixed mixed-phase ring-site C-H stretching / mixed-phase C-H stretching,"gamma(C4;C2,C3,H13)",oop,0.000500918835778606,-,-0.002291952819526037,0.348677272053292
72,3098.946359031145,,,mixed mixed-phase ring-site C-H stretching / mixed-phase C-H stretching,tau(H17-C4-C9-H25),dihedral,0.0004276620651579291,-,-0.0016188702187736532,0.5966838523581202
72,3098.946359031145,,,mixed mixed-phase ring-site C-H stretching / mixed-phase C-H stretching,delta(C2-C1-H12),angle,0.0004233135070557018,-,-0.0022491309380794845,0.3059850941292659
72,3098.946359031145,,,mixed mixed-phase ring-site C-H stretching / mixed-phase C-H stretching,delta(C6-C7-C8),angle,0.00026549268521132256,-,-0.0009788050926408684,1.013275969219078
72,3098.946359031145,,,mixed mixed-phase ring-site C-H stretching / mixed-phase C-H stretching,delta(H15-C3-H16),angle,0.00011525798336218763,-,-0.0010578800744768775,0.3765873833684418
72,3098.946359031145,,,mixed mixed-phase ring-site C-H stretching / mixed-phase C-H stretching,tau(H17-C4-C9-C8),dihedral,0.00010071211262689585,-,-0.000886649796253832,0.4684304222796268
72,3098.946359031145,,,mixed mixed-phase ring-site C-H stretching / mixed-phase C-H stretching,delta(C3-C2-H13),angle,6.188660713201881e-05,+,0.0009704963141843369,0.24025725817088736
72,3098.946359031145,,,mixed mixed-phase ring-site C-H stretching / mixed-phase C-H stretching,"gamma(C6;C7,H21,H22)",oop,1.5989783815344422e-05,+,0.0004924777667454431,0.24106655312168962
72,3098.946359031145,,,mixed mixed-phase ring-site C-H stretching / mixed-phase C-H stretching,delta(H23-C8-H24),angle,9.173296735525339e-06,-,-0.0003935022021724949,0.21662008978042366
72,3098.946359031145,,,mixed mixed-phase ring-site C-H stretching / mixed-phase C-H stretching,nu(C2-C4),bond,1.003838812699213e-08,+,1.156708374765348e-05,0.27433666012197316
73,3142.7075940103437,,,opposite-phase ring-site C-H stretching,nu(C9-H25),bond,49.35840304472736,+,0.733275263547738,0.34902008220261893
73,3142.7075940103437,,,opposite-phase ring-site C-H stretching,nu(C5-H18),bond,48.97219716254122,-,-0.7303909633451875,0.34902954612114734
73,3142.7075940103437,,,opposite-phase ring-site C-H stretching,"gamma(C5;C9,C4,H25)",oop,0.546943564324061,-,-0.029031455514655864,2.4673359249773874
73,3142.7075940103437,,,opposite-phase ring-site C-H stretching,delta(C4-C9-C8),angle,0.19683613185968632,+,0.031426509848180746,0.7577673759020244
73,3142.7075940103437,,,opposite-phase ring-site C-H stretching,nu(C8-H23),bond,0.16871402072163003,+,0.04420747649490945,0.3282336573619821
73,3142.7075940103437,,,opposite-phase ring-site C-H stretching,nu(C6-H19),bond,0.1672910420880202,-,-0.0440198821506136,0.32824515254734715
73,3142.7075940103437,,,opposite-phase ring-site C-H stretching,nu(C4-C5),bond,0.08943545210259529,+,0.02492847252004688,0.5471945412726401
73,3142.7075940103437,,,opposite-phase ring-site C-H stretching,nu(C8-C9),bond,0.07208401226660337,-,-0.029597999264395776,0.3128510577221663
73,3142.7075940103437,,,opposite-phase ring-site C-H stretching,nu(C4-C9),bond,0.06876113114253517,-,-0.025064228155757644,0.41615750179357514
73,3142.7075940103437,,,opposite-phase ring-site C-H stretching,nu(C5-C6),bond,0.06786650710298354,+,0.029488967912681276,0.29672882571093184
73,3142.7075940103437,,,opposite-phase ring-site C-H stretching,tau(C9-C5-C6-H20),dihedral,0.05704332260523923,+,0.020832957891404935,0.49971953559980403
73,3142.7075940103437,,,opposite-phase ring-site C-H stretching,"gamma(C9;C4,C2,C5)",oop,0.04935828671210443,-,-0.012017340693491365,1.2994713680163765
73,3142.7075940103437,,,opposite-phase ring-site C-H stretching,"gamma(H19;C6,C5,H20)",oop,0.032292666681286455,+,0.01553610740763921,0.5086778952751276
73,3142.7075940103437,,,opposite-phase ring-site C-H stretching,delta(C4-C9-H25),angle,0.025640307527738375,-,-0.021020036429150568,0.22063768235437067
73,3142.7075940103437,,,opposite-phase ring-site C-H stretching,delta(C9-C8-H23),angle,0.02320920173172789,+,0.015077983760547546,0.3881477265434133
73,3142.7075940103437,,,opposite-phase ring-site C-H stretching,delta(C9-C4-H17),angle,0.0219107864010259,+,0.018871091377509145,0.23393075140123543
73,3142.7075940103437,,,opposite-phase ring-site C-H stretching,tau(H17-C4-C9-C8),dihedral,0.01681750242057894,+,0.011683417494765107,0.4684304222796268
73,3142.7075940103437,,,opposite-phase ring-site C-H stretching,tau(C2-C4-C5-H18),dihedral,0.01435977446167937,+,0.012351214375240012,0.35789174837591814
73,3142.7075940103437,,,opposite-phase ring-site C-H stretching,delta(C2-C4-C5),angle,0.01357608388595903,+,0.012819374682068764,0.3140973094435254
73,3142.7075940103437,,,opposite-phase ring-site C-H stretching,tau(H23-C8-C9-C4),dihedral,0.01260101628138532,-,-0.010331258159371786,0.4488720156531896
73,3142.7075940103437,,,opposite-phase ring-site C-H stretching,delta(C6-C5-H18),angle,0.01232669153139629,+,0.013249944000017347,0.26695731673582873
73,3142.7075940103437,,,opposite-phase ring-site C-H stretching,tau(H21-C7-C8-C9),dihedral,0.0030040065275077545,-,-0.00727661040598142,0.21570788048823702
73,3142.7075940103437,,,opposite-phase ring-site C-H stretching,tau(C3-C2-C4-C5),dihedral,0.0016761095353035004,-,-0.016293734191501007,0.024004050308062942
73,3142.7075940103437,,,opposite-phase ring-site C-H stretching,nu(C1-H11),bond,0.001220182277932043,-,-0.003717688648632517,0.33566191504728254
73,3142.7075940103437,,,opposite-phase ring-site C-H stretching,nu(C3-H16),bond,0.00117257070111886,+,0.003644532406257635,0.3356439255063405
73,3142.7075940103437,,,opposite-phase ring-site C-H stretching,"gamma(C4;C5,C6,H18)",oop,0.0009999539801694055,-,-0.0031616745766532375,0.38033742786902636
73,3142.7075940103437,,,opposite-phase ring-site C-H stretching,delta(C7-C8-H23),angle,0.0008521792822710367,-,-0.0018843092242001166,0.9125360055785439
73,3142.7075940103437,,,opposite-phase ring-site C-H stretching,tau(H20-C6-C7-C8),dihedral,0.0006760948817232878,-,-0.003210378699719711,0.24941266534876505
73,3142.7075940103437,,,opposite-phase ring-site C-H stretching,"gamma(C7;C8,H23,H24)",oop,0.0005807604733637596,-,-0.002709989094621712,0.300666713145669
73,3142.7075940103437,,,opposite-phase ring-site C-H stretching,delta(C7-C6-H19),angle,0.0005365605326953397,+,0.001877292554818686,0.578866203893712
73,3142.7075940103437,,,opposite-phase ring-site C-H stretching,nu(C3-H14),bond,0.00024723882022299417,-,-0.0016809112317791317,0.3326982298069487
73,3142.7075940103437,,,opposite-phase ring-site C-H stretching,nu(C1-H10),bond,0.00024273827576160929,+,0.0016655339243317083,0.33270144145954433
73,3142.7075940103437,,,opposite-phase ring-site C-H stretching,delta(H23-C8-H24),angle,0.00022638018775055914,-,-0.001993340703611355,0.21662008978042366
73,3142.7075940103437,,,opposite-phase ring-site C-H stretching,nu(C3-H15),bond,0.0001729444571874613,+,0.0014109012065951095,0.33032148604472367
73,3142.7075940103437,,,opposite-phase ring-site C-H stretching,nu(C1-H12),bond,0.0001528787332735222,-,-0.001326492358420294,0.3303398418047025
73,3142.7075940103437,,,opposite-phase ring-site C-H stretching,nu(C6-C7),bond,9.23922728918058e-05,+,0.0010940894239532348,0.2934630298225203
73,3142.7075940103437,,,opposite-phase ring-site C-H stretching,nu(C7-C8),bond,9.238629366876925e-05,-,-0.0011068265840114293,0.28672909715516987
73,3142.7075940103437,,,opposite-phase ring-site C-H stretching,tau(H17-C4-C9-H25),dihedral,8.61701485303917e-05,+,0.0007409995959819575,0.5966838523581202
73,3142.7075940103437,,,opposite-phase ring-site C-H stretching,nu(C6-H20),bond,6.679489759747393e-05,+,0.0008789232520708926,0.3287492466493157
73,3142.7075940103437,,,opposite-phase ring-site C-H stretching,"gamma(C6;C7,H21,H22)",oop,5.939913139738757e-05,-,-0.0009679061758915025,0.24106655312168962
73,3142.7075940103437,,,opposite-phase ring-site C-H stretching,nu(C8-H24),bond,4.73852813316983e-05,-,-0.0007402310022310784,0.3288003785530708
73,3142.7075940103437,,,opposite-phase ring-site C-H stretching,delta(C8-C7-H22),angle,4.5389019951198275e-05,-,-0.0006790923381708345,0.37421098329674723
73,3142.7075940103437,,,opposite-phase ring-site C-H stretching,delta(C2-C1-H10),angle,1.2709325661822314e-05,-,-0.000357999088022069,0.3770353350204659
73,3142.7075940103437,,,opposite-phase ring-site C-H stretching,nu(C4-H17),bond,1.2630195856530981e-05,+,0.0003773457648276486,0.3372519822787753
73,3142.7075940103437,,,opposite-phase ring-site C-H stretching,delta(C3-C2-C4),angle,1.1431561596911532e-05,+,0.0002885599473582571,0.5219835858024717
73,3142.7075940103437,,,opposite-phase ring-site C-H stretching,tau(H19-C6-C7-C8),dihedral,8.557388658999242e-06,+,0.0004219745605866322,0.18272253164280974
73,3142.7075940103437,,,opposite-phase ring-site C-H stretching,nu(C1-C2),bond,8.3150148649544e-06,+,0.000342927694147539,0.26883220687743986
73,3142.7075940103437,,,opposite-phase ring-site C-H stretching,nu(C2-C3),bond,7.767506080215427e-06,-,-0.00033145557272976973,0.2688155190040503
73,3142.7075940103437,,,opposite-phase ring-site C-H stretching,"gamma(C4;C2,C3,H13)",oop,7.764676141419765e-06,+,0.0002909789325381477,0.348677272053292
73,3142.7075940103437,,,opposite-phase ring-site C-H stretching,nu(C2-H13),bond,4.319628408036723e-06,-,-0.00022183922015724689,0.3337283603614742
73,3142.7075940103437,,,opposite-phase ring-site C-H stretching,delta(C2-C3-H16),angle,3.3637774805517297e-06,-,-0.00020398782484646374,0.3073563220041683
73,3142.7075940103437,,,opposite-phase ring-site C-H stretching,delta(H14-C3-H16),angle,2.3466871313141255e-06,-,-0.00015561668131868216,0.36843958035172164
73,3142.7075940103437,,,opposite-phase ring-site C-H stretching,"gamma(H11;C1,H10,H12)",oop,1.4477166545584278e-06,+,0.00015923646942577548,0.21708103153869004
73,3142.7075940103437,,,opposite-phase ring-site C-H stretching,tau(H12-C1-C2-C3),dihedral,5.463936330036069e-07,+,0.00010774319476497737,0.1789572584353189
73,3142.7075940103437,,,opposite-phase ring-site C-H stretching,tau(C1-C2-C3-H16),dihedral,1.615450151490365e-07,-,-4.730514123742645e-05,0.2744733988296527
73,3142.7075940103437,,,opposite-phase ring-site C-H stretching,nu(C7-H22),bond,1.4368444230059581e-07,+,4.037266809134591e-05,0.3351646674336103
73,3142.7075940103437,,,opposite-phase ring-site C-H stretching,nu(C7-H21),bond,1.1513984474469031e-07,+,3.627059371519874e-05,0.3327665744893832
73,3142.7075940103437,,,opposite-phase ring-site C-H stretching,tau(H11-C1-C2-C3),dihedral,5.587725112505242e-08,-,-3.517097514301134e-05,0.17174717389126995
73,3142.7075940103437,,,opposite-phase ring-site C-H stretching,tau(C4-C2-C3-H14),dihedral,5.0797863229748186e-08,+,2.6317969834207635e-05,0.27884576993327614
73,3142.7075940103437,,,opposite-phase ring-site C-H stretching,delta(C3-C2-H13),angle,2.7314936719171818e-08,+,2.0790911701873382e-05,0.24025725817088736
73,3142.7075940103437,,,opposite-phase ring-site C-H stretching,delta(H15-C3-H16),angle,1.033254845350439e-08,-,-1.0213686776698814e-05,0.3765873833684418
73,3142.7075940103437,,,opposite-phase ring-site C-H stretching,delta(C2-C3-H15),angle,4.8327227485679745e-09,+,6.555119357139964e-06,0.4276161102640135
73,3142.7075940103437,,,opposite-phase ring-site C-H stretching,delta(H10-C1-H12),angle,2.0151420167389596e-09,-,-5.423281151405913e-06,0.2604982470330432
73,3142.7075940103437,,,opposite-phase ring-site C-H stretching,delta(C6-C7-C8),angle,1.7385876139889985e-09,-,-2.5541483128769605e-06,1.013275969219078
73,3142.7075940103437,,,opposite-phase ring-site C-H stretching,delta(C1-C2-C3),angle,1.007851665031699e-09,-,-3.282728437063091e-06,0.3555904501026593
73,3142.7075940103437,,,opposite-phase ring-site C-H stretching,delta(H21-C7-H22),angle,8.097473874898649e-10,-,-3.3419470849126317e-06,0.2756600324984054
73,3142.7075940103437,,,opposite-phase ring-site C-H stretching,delta(C2-C1-H12),angle,9.923448629276769e-11,+,1.1104343060341864e-06,0.3059850941292659
73,3142.7075940103437,,,opposite-phase ring-site C-H stretching,nu(C2-C4),bond,7.019946254638668e-11,-,-9.863627504377136e-07,0.27433666012197316
73,3142.7075940103437,,,opposite-phase ring-site C-H stretching,delta(H14-C3-H15),angle,3.3999048474699436e-11,+,5.910266311411211e-07,0.3700633261945618
74,3153.5713894679243,,,in-phase ring-site C-H stretching,nu(C5-H18),bond,48.70878904747953,+,0.7259262484747813,0.34902954612114734
74,3153.5713894679243,,,in-phase ring-site C-H stretching,nu(C9-H25),bond,48.31416657266762,+,0.7229894632406747,0.34902008220261893
74,3153.5713894679243,,,in-phase ring-site C-H stretching,nu(C4-H17),bond,1.7164722902135126,+,0.13863122886800355,0.3372519822787753
74,3153.5713894679243,,,in-phase ring-site C-H stretching,nu(C6-H19),bond,0.20771047313273944,+,0.04888211258388089,0.32824515254734715
74,3153.5713894679243,,,in-phase ring-site C-H stretching,nu(C8-H23),bond,0.20596855102375733,+,0.04867756338898348,0.3282336573619821
74,3153.5713894679243,,,in-phase ring-site C-H stretching,nu(C4-C5),bond,0.16305134679724806,-,-0.03354372177061319,0.5471945412726401
74,3153.5713894679243,,,in-phase ring-site C-H stretching,delta(C4-C9-C8),angle,0.16125147887784957,+,0.028346786412882633,0.7577673759020244
74,3153.5713894679243,,,in-phase ring-site C-H stretching,nu(C4-C9),bond,0.12322129357687828,-,-0.03343751144688639,0.41615750179357514
74,3153.5713894679243,,,in-phase ring-site C-H stretching,nu(C8-C9),bond,0.06659039705832091,-,-0.028350251666335053,0.3128510577221663
74,3153.5713894679243,,,in-phase ring-site C-H stretching,nu(C5-C6),bond,0.06370080765481836,-,-0.028471643065516923,0.29672882571093184
74,3153.5713894679243,,,in-phase ring-site C-H stretching,nu(C7-H21),bond,0.052056882588268336,+,0.024304638198571444,0.3327665744893832
74,3153.5713894679243,,,in-phase ring-site C-H stretching,"gamma(H19;C6,C5,H20)",oop,0.03168010001499544,-,-0.015335282092666385,0.5086778952751276
74,3153.5713894679243,,,in-phase ring-site C-H stretching,nu(C2-H13),bond,0.027298923965015147,-,-0.01757503251474111,0.3337283603614742
74,3153.5713894679243,,,in-phase ring-site C-H stretching,delta(C9-C8-H23),angle,0.02700451878050618,+,0.016208380670325064,0.3881477265434133
74,3153.5713894679243,,,in-phase ring-site C-H stretching,tau(H17-C4-C9-C8),dihedral,0.021938711671678112,+,0.013298508769256513,0.4684304222796268
74,3153.5713894679243,,,in-phase ring-site C-H stretching,delta(C6-C5-H18),angle,0.016865463965338053,-,-0.0154453645199272,0.26695731673582873
74,3153.5713894679243,,,in-phase ring-site C-H stretching,delta(C9-C4-H17),angle,0.016223286492013267,+,0.016182502805019258,0.23393075140123543
74,3153.5713894679243,,,in-phase ring-site C-H stretching,delta(C4-C9-H25),angle,0.015787535692541165,-,-0.016437556527405875,0.22063768235437067
74,3153.5713894679243,,,in-phase ring-site C-H stretching,tau(H23-C8-C9-C4),dihedral,0.011266584118025275,-,-0.009735422334663114,0.4488720156531896
74,3153.5713894679243,,,in-phase ring-site C-H stretching,nu(C8-H24),bond,0.00994418046737305,+,0.010686568509659775,0.3288003785530708
74,3153.5713894679243,,,in-phase ring-site C-H stretching,nu(C6-H20),bond,0.009794175603958842,+,0.010606485196056885,0.3287492466493157
74,3153.5713894679243,,,in-phase ring-site C-H stretching,delta(C2-C4-C5),angle,0.004491244086013333,-,-0.007348033897902464,0.3140973094435254
74,3153.5713894679243,,,in-phase ring-site C-H stretching,tau(H21-C7-C8-C9),dihedral,0.003908999064561021,-,-0.008272174887631387,0.21570788048823702
74,3153.5713894679243,,,in-phase ring-site C-H stretching,nu(C3-H15),bond,0.0039058205738184176,+,0.006682018329254205,0.33032148604472367
74,3153.5713894679243,,,in-phase ring-site C-H stretching,nu(C1-H12),bond,0.0038778647924621913,+,0.006657877239126317,0.3303398418047025
74,3153.5713894679243,,,in-phase ring-site C-H stretching,tau(C2-C4-C5-H18),dihedral,0.0031508256546572723,-,-0.005765756189401441,0.35789174837591814
74,3153.5713894679243,,,in-phase ring-site C-H stretching,"gamma(C4;C5,C6,H18)",oop,0.0016905162802845755,+,0.004096802956845236,0.38033742786902636
74,3153.5713894679243,,,in-phase ring-site C-H stretching,tau(C3-C2-C4-C5),dihedral,0.0010405317808153893,+,0.012793970370472023,0.024004050308062942
74,3153.5713894679243,,,in-phase ring-site C-H stretching,tau(C9-C5-C6-H20),dihedral,0.0007651077224706346,+,0.0024044627809585105,0.49971953559980403
74,3153.5713894679243,,,in-phase ring-site C-H stretching,nu(C7-H22),bond,0.0007542655125524274,-,-0.002915096531090986,0.3351646674336103
74,3153.5713894679243,,,in-phase ring-site C-H stretching,delta(H23-C8-H24),angle,0.0006363718143704149,-,-0.0033306272604224575,0.21662008978042366
74,3153.5713894679243,,,in-phase ring-site C-H stretching,tau(C4-C2-C3-H14),dihedral,0.0006193340179921938,-,-0.0028960120678767237,0.27884576993327614
74,3153.5713894679243,,,in-phase ring-site C-H stretching,nu(C6-C7),bond,0.0005083097334265389,-,-0.0025574517243257175,0.2934630298225203
74,3153.5713894679243,,,in-phase ring-site C-H stretching,nu(C7-C8),bond,0.0004953281130517557,-,-0.0025540567055795625,0.28672909715516987
74,3153.5713894679243,,,in-phase ring-site C-H stretching,"gamma(C7;C8,H23,H24)",oop,0.000453715979435528,-,-0.0023870927435245604,0.300666713145669
74,3153.5713894679243,,,in-phase ring-site C-H stretching,tau(H19-C6-C7-C8),dihedral,0.0004523721907879269,-,-0.0030575377498925083,0.18272253164280974
74,3153.5713894679243,,,in-phase ring-site C-H stretching,delta(C3-C2-C4),angle,0.0003288134650107991,+,0.0015422909269180915,0.5219835858024717
74,3153.5713894679243,,,in-phase ring-site C-H stretching,delta(C7-C8-H23),angle,0.0002659050992999681,-,-0.0010489583838234335,0.9125360055785439
74,3153.5713894679243,,,in-phase ring-site C-H stretching,nu(C3-H16),bond,0.0002249952195905002,-,-0.0015909890098359952,0.3356439255063405
74,3153.5713894679243,,,in-phase ring-site C-H stretching,"gamma(C4;C2,C3,H13)",oop,0.00022299919340104945,-,-0.0015540312808628959,0.348677272053292
74,3153.5713894679243,,,in-phase ring-site C-H stretching,nu(C1-H11),bond,0.00021601007727045388,-,-0.0015588556529048036,0.33566191504728254
74,3153.5713894679243,,,in-phase ring-site C-H stretching,tau(H20-C6-C7-C8),dihedral,0.0001721093849220483,+,0.001614220857641015,0.24941266534876505
74,3153.5713894679243,,,in-phase ring-site C-H stretching,delta(C7-C6-H19),angle,0.00017137925912401254,-,-0.0010573285597808276,0.578866203893712
74,3153.5713894679243,,,in-phase ring-site C-H stretching,delta(H21-C7-H22),angle,0.00016165944049967122,-,-0.0014881049600797538,0.2756600324984054
74,3153.5713894679243,,,in-phase ring-site C-H stretching,delta(C6-C7-C8),angle,0.0001569219902734754,-,-0.0007647121006068078,1.013275969219078
74,3153.5713894679243,,,in-phase ring-site C-H stretching,nu(C2-C4),bond,0.00014158361749798707,-,-0.0013959970764684168,0.27433666012197316
74,3153.5713894679243,,,in-phase ring-site C-H stretching,nu(C1-H10),bond,5.0191609685831844e-05,+,0.0007547587401358182,0.33270144145954433
74,3153.5713894679243,,,in-phase ring-site C-H stretching,nu(C3-H14),bond,4.964302547199257e-05,+,0.0007506263499147457,0.3326982298069487
74,3153.5713894679243,,,in-phase ring-site C-H stretching,"gamma(C5;C9,C4,H25)",oop,4.7952733297037815e-05,-,-0.00027090216286679275,2.4673359249773874
74,3153.5713894679243,,,in-phase ring-site C-H stretching,tau(H17-C4-C9-H25),dihedral,3.920276365019092e-05,+,0.0004980880584104269,0.5966838523581202
74,3153.5713894679243,,,in-phase ring-site C-H stretching,delta(H14-C3-H15),angle,2.7425295539545462e-05,-,-0.0005290023048089053,0.3700633261945618
74,3153.5713894679243,,,in-phase ring-site C-H stretching,delta(C2-C3-H15),angle,2.5124287659273204e-05,+,0.0004710204676636306,0.4276161102640135
74,3153.5713894679243,,,in-phase ring-site C-H stretching,delta(C1-C2-C3),angle,2.2207237010010934e-05,-,-0.0004856150631017841,0.3555904501026593
74,3153.5713894679243,,,in-phase ring-site C-H stretching,nu(C2-C3),bond,2.013608145703277e-05,+,0.0005318390733646704,0.2688155190040503
74,3153.5713894679243,,,in-phase ring-site C-H stretching,nu(C1-C2),bond,1.9962177954437088e-05,+,0.0005295210666013164,0.26883220687743986
74,3153.5713894679243,,,in-phase ring-site C-H stretching,delta(H10-C1-H12),angle,1.915466560266468e-05,-,-0.0005269322926384878,0.2604982470330432
74,3153.5713894679243,,,in-phase ring-site C-H stretching,delta(C2-C1-H12),angle,1.7974396188181194e-05,+,0.0004709740185902909,0.3059850941292659
74,3153.5713894679243,,,in-phase ring-site C-H stretching,delta(C8-C7-H22),angle,1.0471684504145958e-05,+,0.0003250647966919917,0.37421098329674723
74,3153.5713894679243,,,in-phase ring-site C-H stretching,tau(C1-C2-C3-H16),dihedral,9.450561553565805e-06,-,-0.0003605774868844929,0.2744733988296527
74,3153.5713894679243,,,in-phase ring-site C-H stretching,"gamma(C6;C7,H21,H22)",oop,9.391888159012488e-06,+,0.00038355522834167597,0.24106655312168962
74,3153.5713894679243,,,in-phase ring-site C-H stretching,tau(H12-C1-C2-C3),dihedral,8.088006904105608e-06,+,0.00041311030427064536,0.1789572584353189
74,3153.5713894679243,,,in-phase ring-site C-H stretching,delta(C2-C3-H16),angle,7.974256275244256e-06,-,-0.00031299972013065314,0.3073563220041683
74,3153.5713894679243,,,in-phase ring-site C-H stretching,tau(H11-C1-C2-C3),dihedral,5.800856491887759e-06,+,0.00035712577110400944,0.17174717389126995
74,3153.5713894679243,,,in-phase ring-site C-H stretching,delta(C3-C2-H13),angle,5.13214539761524e-06,+,0.0002840083754698167,0.24025725817088736
74,3153.5713894679243,,,in-phase ring-site C-H stretching,delta(C2-C1-H10),angle,4.3210560609307845e-06,+,0.0002080289867824035,0.3770353350204659
74,3153.5713894679243,,,in-phase ring-site C-H stretching,delta(H14-C3-H16),angle,3.3493016304918894e-06,+,0.00018527376244151516,0.36843958035172164
74,3153.5713894679243,,,in-phase ring-site C-H stretching,"gamma(C9;C4,C2,C5)",oop,8.496048895769818e-07,-,-4.9687262967982094e-05,1.2994713680163765
74,3153.5713894679243,,,in-phase ring-site C-H stretching,"gamma(H11;C1,H10,H12)",oop,4.1262192816011094e-07,-,-8.471984330617981e-05,0.21708103153869004
74,3153.5713894679243,,,in-phase ring-site C-H stretching,delta(H15-C3-H16),angle,1.7783714441562798e-07,-,-4.22277833923118e-05,0.3765873833684418
