mode,harmonic_frequency_cm-1,vpt2_fundamental_cm-1,harmonic_intensity_km_mol,assignment,internal_coordinate,type,percent,phase,D_value,F_diagonal
6,73.42758528047973,,,mixed C-O torsion / cyclic-ring torsional/out-of-plane deformation,tau(C1-O2-C3-C7),dihedral,44.08662752926827,+,0.04883362250784573,1.407164111732383
6,73.42758528047973,,,mixed C-O torsion / cyclic-ring torsional/out-of-plane deformation,tau(C1-O2-C3-C4),dihedral,31.460616609346733,+,0.04134125360489897,1.401121193970568
6,73.42758528047973,,,mixed C-O torsion / cyclic-ring torsional/out-of-plane deformation,tau(C4-C3-C7-O9),dihedral,12.18960285243736,-,-0.0518061966174433,0.3457020006406303
6,73.42758528047973,,,mixed C-O torsion / cyclic-ring torsional/out-of-plane deformation,tau(C3-C4-C5-C7),dihedral,8.001022124818805,-,-0.03741776156341219,0.4349763258740278
6,73.42758528047973,,,mixed C-O torsion / cyclic-ring torsional/out-of-plane deformation,delta(O2-C3-C4),angle,0.8851920631693351,+,0.009808551916315238,0.7003312031404112
6,73.42758528047973,,,mixed C-O torsion / cyclic-ring torsional/out-of-plane deformation,delta(O2-C3-C7),angle,0.7825669298484783,+,0.008364556925078863,0.851356320806506
6,73.42758528047973,,,mixed C-O torsion / cyclic-ring torsional/out-of-plane deformation,tau(C5-C7-C8-H17),dihedral,0.6219750297881393,-,-0.012045072389937857,0.32630961917631934
6,73.42758528047973,,,mixed C-O torsion / cyclic-ring torsional/out-of-plane deformation,"gamma(O6;C5,C4,C7)",oop,0.2891507976855103,-,-0.014173751613088205,0.10955457412425451
6,73.42758528047973,,,mixed C-O torsion / cyclic-ring torsional/out-of-plane deformation,tau(H12-C1-O2-C3),dihedral,0.24853609067829446,-,-0.010239522861876885,0.18042876586366072
6,73.42758528047973,,,mixed C-O torsion / cyclic-ring torsional/out-of-plane deformation,tau(H10-C1-O2-C3),dihedral,0.23677795433712032,-,-0.009780479018912472,0.18840688455367277
6,73.42758528047973,,,mixed C-O torsion / cyclic-ring torsional/out-of-plane deformation,delta(C3-C4-H15),angle,0.22215700294530472,-,-0.008771120281907277,0.2197989584380679
6,73.42758528047973,,,mixed C-O torsion / cyclic-ring torsional/out-of-plane deformation,delta(C7-C3-H13),angle,0.19817876223874842,-,-0.007954422191050005,0.238405127247466
6,73.42758528047973,,,mixed C-O torsion / cyclic-ring torsional/out-of-plane deformation,delta(C5-C4-H14),angle,0.18599376433772696,+,0.007193294070899477,0.27360152237173796
6,73.42758528047973,,,mixed C-O torsion / cyclic-ring torsional/out-of-plane deformation,delta(C4-C3-H13),angle,0.17725823272528757,-,-0.007267104545249131,0.25548143957558495
6,73.42758528047973,,,mixed C-O torsion / cyclic-ring torsional/out-of-plane deformation,tau(C5-C7-O9-C8),dihedral,0.10968727500535574,-,-0.006654578271352048,0.18853454090243024
6,73.42758528047973,,,mixed C-O torsion / cyclic-ring torsional/out-of-plane deformation,delta(C3-C7-O9),angle,0.09586956105287939,+,0.00409351625062876,0.43547522975626995
6,73.42758528047973,,,mixed C-O torsion / cyclic-ring torsional/out-of-plane deformation,delta(C5-C4-H15),angle,0.08310162222124444,-,-0.0055603617265349535,0.20458753359916523
6,73.42758528047973,,,mixed C-O torsion / cyclic-ring torsional/out-of-plane deformation,nu(C7-O9),bond,0.03518066975315175,-,-0.0031281554579687845,0.2736548837890451
6,73.42758528047973,,,mixed C-O torsion / cyclic-ring torsional/out-of-plane deformation,nu(O2-C3),bond,0.024666759129561667,-,-0.002341309737880838,0.34250751572774774
6,73.42758528047973,,,mixed C-O torsion / cyclic-ring torsional/out-of-plane deformation,delta(H14-C4-H15),angle,0.017780295240524005,+,0.002136355697941358,0.29652928958766894
6,73.42758528047973,,,mixed C-O torsion / cyclic-ring torsional/out-of-plane deformation,delta(O6-C5-C7),angle,0.012676941945998476,+,0.001654584567676965,0.3524620139770529
6,73.42758528047973,,,mixed C-O torsion / cyclic-ring torsional/out-of-plane deformation,nu(C3-C7),bond,0.011125165789821145,-,-0.001517809130118072,0.36757665853689414
6,73.42758528047973,,,mixed C-O torsion / cyclic-ring torsional/out-of-plane deformation,nu(C8-O9),bond,0.0049760331683162285,+,0.0011830340363734443,0.2706228995532804
6,73.42758528047973,,,mixed C-O torsion / cyclic-ring torsional/out-of-plane deformation,nu(C4-C5),bond,0.0034129044053108583,+,0.0008882346859918852,0.32926413089158674
6,73.42758528047973,,,mixed C-O torsion / cyclic-ring torsional/out-of-plane deformation,delta(O2-C1-H11),angle,0.0025207275466166365,-,-0.0007493806013373519,0.3416620715716716
6,73.42758528047973,,,mixed C-O torsion / cyclic-ring torsional/out-of-plane deformation,nu(C5-C7),bond,0.002422450124682998,-,-0.0007821375208049913,0.301414651416424
6,73.42758528047973,,,mixed C-O torsion / cyclic-ring torsional/out-of-plane deformation,nu(C4-H14),bond,0.0020357381915094017,-,-0.0006739173664463318,0.3411806434515935
6,73.42758528047973,,,mixed C-O torsion / cyclic-ring torsional/out-of-plane deformation,"gamma(H17;C8,O9,H16)",oop,0.0016708528258197325,+,0.0008004912163027514,0.1984727154023873
6,73.42758528047973,,,mixed C-O torsion / cyclic-ring torsional/out-of-plane deformation,nu(C1-O2),bond,0.0014212423281187898,+,0.0005710007387869999,0.3317955436623933
6,73.42758528047973,,,mixed C-O torsion / cyclic-ring torsional/out-of-plane deformation,nu(C7-C8),bond,0.0011001905363963848,+,0.0004803013775902566,0.3630078327273742
6,73.42758528047973,,,mixed C-O torsion / cyclic-ring torsional/out-of-plane deformation,delta(C1-O2-C3),angle,0.0010864640893830733,+,0.0005732582959175192,0.25164623392653446
6,73.42758528047973,,,mixed C-O torsion / cyclic-ring torsional/out-of-plane deformation,delta(H10-C1-H11),angle,0.0009534632149460039,+,0.0005005917779098549,0.28960914653293446
6,73.42758528047973,,,mixed C-O torsion / cyclic-ring torsional/out-of-plane deformation,"gamma(H17;C8,C7,O9)",oop,0.0009186815600755908,+,0.000490116414495346,0.29110003621150987
6,73.42758528047973,,,mixed C-O torsion / cyclic-ring torsional/out-of-plane deformation,nu(C4-H15),bond,0.0006942717593638133,+,0.0003965379241400418,0.3360746833820311
6,73.42758528047973,,,mixed C-O torsion / cyclic-ring torsional/out-of-plane deformation,nu(C3-H13),bond,0.00044586974985060326,+,0.00032528170718997874,0.32074838839996167
6,73.42758528047973,,,mixed C-O torsion / cyclic-ring torsional/out-of-plane deformation,delta(O9-C8-H16),angle,0.00024128295601597664,-,-0.0002840864621515457,0.22756282881982776
6,73.42758528047973,,,mixed C-O torsion / cyclic-ring torsional/out-of-plane deformation,nu(C5-O6),bond,0.00013335949570781043,+,0.00010741818357304494,0.8797192428027082
6,73.42758528047973,,,mixed C-O torsion / cyclic-ring torsional/out-of-plane deformation,delta(O2-C1-H10),angle,9.47621734394627e-05,+,0.0001614851379252007,0.27659584452157787
6,73.42758528047973,,,mixed C-O torsion / cyclic-ring torsional/out-of-plane deformation,nu(C1-H11),bond,8.103582224320753e-05,-,-0.00013820330532489708,0.3229356113236915
6,73.42758528047973,,,mixed C-O torsion / cyclic-ring torsional/out-of-plane deformation,nu(C8-H17),bond,1.62878197880244e-05,-,-5.935089142806096e-05,0.35195263308227415
6,73.42758528047973,,,mixed C-O torsion / cyclic-ring torsional/out-of-plane deformation,nu(C3-C4),bond,1.4710876904028582e-05,-,-6.184048560333519e-05,0.29279828908400285
6,73.42758528047973,,,mixed C-O torsion / cyclic-ring torsional/out-of-plane deformation,nu(C1-H10),bond,6.0772764572280576e-06,-,-3.780403740171478e-05,0.3236744213946024
6,73.42758528047973,,,mixed C-O torsion / cyclic-ring torsional/out-of-plane deformation,delta(O2-C1-H12),angle,5.679598241432737e-06,-,-4.132332413142582e-05,0.25316453818387624
6,73.42758528047973,,,mixed C-O torsion / cyclic-ring torsional/out-of-plane deformation,nu(C1-H12),bond,3.875050917647293e-06,-,-2.926790204710295e-05,0.3443261315380825
6,73.42758528047973,,,mixed C-O torsion / cyclic-ring torsional/out-of-plane deformation,nu(C8-H16),bond,5.666245570825878e-09,+,1.111808493352084e-06,0.3489081977295606
7,97.51163067975101,,,C-O torsion,tau(C1-O2-C3-C4),dihedral,49.6402969028865,+,0.11545059795609569,1.401121193970568
7,97.51163067975101,,,C-O torsion,tau(C1-O2-C3-C7),dihedral,48.228592548084684,+,0.11355251864930611,1.407164111732383
7,97.51163067975101,,,C-O torsion,tau(C4-C3-C7-O9),dihedral,0.9550266825278498,+,0.03223841331985361,0.3457020006406303
7,97.51163067975101,,,C-O torsion,tau(C3-C4-C5-C7),dihedral,0.6358524156931635,+,0.023451045275190683,0.4349763258740278
7,97.51163067975101,,,C-O torsion,tau(H10-C1-O2-C3),dihedral,0.10990196781067925,+,0.014813961199394385,0.18840688455367277
7,97.51163067975101,,,C-O torsion,delta(C3-C7-O9),angle,0.1009696618208945,-,-0.009339649429893043,0.43547522975626995
7,97.51163067975101,,,C-O torsion,tau(H12-C1-O2-C3),dihedral,0.09983738914434458,+,0.014428147416373908,0.18042876586366072
7,97.51163067975101,,,C-O torsion,delta(O2-C3-C7),angle,0.06157080813124765,-,-0.005216132288529218,0.851356320806506
7,97.51163067975101,,,C-O torsion,"gamma(O6;C5,C4,C7)",oop,0.023975696473851404,+,0.00907375839309384,0.10955457412425451
7,97.51163067975101,,,C-O torsion,tau(C5-C7-O9-C8),dihedral,0.02320479018796365,+,0.006804719250513652,0.18853454090243024
7,97.51163067975101,,,C-O torsion,delta(C5-C4-H15),angle,0.01821873527623085,+,0.0057881047480261485,0.20458753359916523
7,97.51163067975101,,,C-O torsion,delta(C1-O2-C3),angle,0.017604199181395788,+,0.005130146554050243,0.25164623392653446
7,97.51163067975101,,,C-O torsion,delta(C5-C4-H14),angle,0.017159775696428917,-,-0.0048575066206719714,0.27360152237173796
7,97.51163067975101,,,C-O torsion,delta(C4-C3-H13),angle,0.015470889248887607,+,0.004773037142088665,0.25548143957558495
7,97.51163067975101,,,C-O torsion,tau(C5-C7-C8-H17),dihedral,0.014986682805704052,+,0.004156757338754834,0.32630961917631934
7,97.51163067975101,,,C-O torsion,delta(C3-C4-H15),angle,0.006811620904744598,+,0.0034145169459041777,0.2197989584380679
7,97.51163067975101,,,C-O torsion,delta(O6-C5-C7),angle,0.004726071470199158,-,-0.002246005605898383,0.3524620139770529
7,97.51163067975101,,,C-O torsion,delta(O2-C3-C4),angle,0.004247260907828507,-,-0.001510496017187728,0.7003312031404112
7,97.51163067975101,,,C-O torsion,nu(C7-O9),bond,0.0038716599616662544,+,0.002307086376693402,0.2736548837890451
7,97.51163067975101,,,C-O torsion,delta(O2-C1-H10),angle,0.0036520454852360974,+,0.002228753899462906,0.27659584452157787
7,97.51163067975101,,,C-O torsion,nu(C4-C5),bond,0.0032225833087903806,+,0.0019188751475157284,0.32926413089158674
7,97.51163067975101,,,C-O torsion,delta(O2-C1-H11),angle,0.002516306986635651,-,-0.001664563163249204,0.3416620715716716
7,97.51163067975101,,,C-O torsion,nu(O2-C3),bond,0.0017266895584627394,+,0.0013771743684378769,0.34250751572774774
7,97.51163067975101,,,C-O torsion,nu(C3-C7),bond,0.001575322598858104,-,-0.0012697775416847668,0.36757665853689414
7,97.51163067975101,,,C-O torsion,nu(C3-C4),bond,0.001510169363694106,+,0.0013929817067795647,0.29279828908400285
7,97.51163067975101,,,C-O torsion,nu(C3-H13),bond,0.0007135821012179101,-,-0.0009148640986383777,0.32074838839996167
7,97.51163067975101,,,C-O torsion,delta(H14-C4-H15),angle,0.00045602080733345477,-,-0.00076063338588673,0.29652928958766894
7,97.51163067975101,,,C-O torsion,delta(O2-C1-H12),angle,0.0003361973696943092,-,-0.0007068260910450596,0.25316453818387624
7,97.51163067975101,,,C-O torsion,delta(H10-C1-H11),angle,0.0003310833644613323,+,0.0006558120552374196,0.28960914653293446
7,97.51163067975101,,,C-O torsion,nu(C8-O9),bond,0.00031779996154754987,-,-0.00066467830139393,0.2706228995532804
7,97.51163067975101,,,C-O torsion,nu(C7-C8),bond,0.0002883533641758613,-,-0.0005466651216935744,0.3630078327273742
7,97.51163067975101,,,C-O torsion,"gamma(H17;C8,O9,H16)",oop,0.0002870609100064545,-,-0.0007376553142265491,0.1984727154023873
7,97.51163067975101,,,C-O torsion,nu(C5-C7),bond,0.0002516481721465092,+,0.0005604431472341174,0.301414651416424
7,97.51163067975101,,,C-O torsion,nu(C4-H14),bond,0.00022347800252011816,+,0.0004964117482825498,0.3411806434515935
7,97.51163067975101,,,C-O torsion,nu(C4-H15),bond,0.00014337448018785987,-,-0.0004006220802716888,0.3360746833820311
7,97.51163067975101,,,C-O torsion,delta(C7-C3-H13),angle,5.018761934634042e-05,-,-0.0002814215525825182,0.238405127247466
7,97.51163067975101,,,C-O torsion,nu(C1-H10),bond,2.4972009485623893e-05,+,0.00017036854252225404,0.3236744213946024
7,97.51163067975101,,,C-O torsion,nu(C1-H11),bond,1.955848099689879e-05,-,-0.00015094768065603104,0.3229356113236915
7,97.51163067975101,,,C-O torsion,nu(C1-H12),bond,1.0573882534122544e-05,+,0.00010748530711929228,0.3443261315380825
7,97.51163067975101,,,C-O torsion,nu(C5-O6),bond,7.815813901886978e-06,+,5.7813852726763736e-05,0.8797192428027082
7,97.51163067975101,,,C-O torsion,nu(C1-O2),bond,5.6832208459896904e-06,-,-8.027472836239963e-05,0.3317955436623933
7,97.51163067975101,,,C-O torsion,"gamma(H17;C8,C7,O9)",oop,2.0821691933121224e-06,-,-5.187447700422267e-05,0.29110003621150987
7,97.51163067975101,,,C-O torsion,nu(C8-H16),bond,8.749521766027499e-07,-,-3.071520539584762e-05,0.3489081977295606
7,97.51163067975101,,,C-O torsion,nu(C8-H17),bond,5.420105268163273e-07,+,2.4070139319696508e-05,0.35195263308227415
7,97.51163067975101,,,C-O torsion,delta(O9-C8-H16),angle,2.357917452507679e-07,+,1.9743788459068086e-05,0.22756282881982776
8,150.00642878461784,,,mixed cyclic-ring torsional/out-of-plane deformation / O-C-C bending / ring-site C-H out-of-plane bending,tau(C4-C3-C7-O9),dihedral,37.81851243471158,+,0.07714910220764787,0.3457020006406303
8,150.00642878461784,,,mixed cyclic-ring torsional/out-of-plane deformation / O-C-C bending / ring-site C-H out-of-plane bending,tau(C5-C7-C8-H17),dihedral,16.7116861466978,+,0.052786734816622646,0.32630961917631934
8,150.00642878461784,,,mixed cyclic-ring torsional/out-of-plane deformation / O-C-C bending / ring-site C-H out-of-plane bending,delta(O2-C3-C7),angle,16.596941234730185,+,0.03256776439909606,0.851356320806506
8,150.00642878461784,,,mixed cyclic-ring torsional/out-of-plane deformation / O-C-C bending / ring-site C-H out-of-plane bending,tau(H10-C1-O2-C3),dihedral,6.016850043563492,+,0.04168365681343965,0.18840688455367277
8,150.00642878461784,,,mixed cyclic-ring torsional/out-of-plane deformation / O-C-C bending / ring-site C-H out-of-plane bending,tau(H12-C1-O2-C3),dihedral,5.367908917209292,+,0.04023270951985615,0.18042876586366072
8,150.00642878461784,,,mixed cyclic-ring torsional/out-of-plane deformation / O-C-C bending / ring-site C-H out-of-plane bending,tau(C5-C7-O9-C8),dihedral,3.7832877544090406,+,0.03304219008939138,0.18853454090243024
8,150.00642878461784,,,mixed cyclic-ring torsional/out-of-plane deformation / O-C-C bending / ring-site C-H out-of-plane bending,tau(C1-O2-C3-C7),dihedral,2.5977254066344457,+,0.010021987290349534,1.407164111732383
8,150.00642878461784,,,mixed cyclic-ring torsional/out-of-plane deformation / O-C-C bending / ring-site C-H out-of-plane bending,tau(C1-O2-C3-C4),dihedral,2.478822760661172,-,-0.009811027391763242,1.401121193970568
8,150.00642878461784,,,mixed cyclic-ring torsional/out-of-plane deformation / O-C-C bending / ring-site C-H out-of-plane bending,delta(C1-O2-C3),angle,2.0976191448335357,-,-0.02129598358172374,0.25164623392653446
8,150.00642878461784,,,mixed cyclic-ring torsional/out-of-plane deformation / O-C-C bending / ring-site C-H out-of-plane bending,delta(C3-C7-O9),angle,1.639796553249139,-,-0.014313401641694017,0.43547522975626995
8,150.00642878461784,,,mixed cyclic-ring torsional/out-of-plane deformation / O-C-C bending / ring-site C-H out-of-plane bending,delta(C7-C3-H13),angle,1.5929092260181608,-,-0.01906633941814455,0.238405127247466
8,150.00642878461784,,,mixed cyclic-ring torsional/out-of-plane deformation / O-C-C bending / ring-site C-H out-of-plane bending,delta(O2-C3-C4),angle,1.0555516008967543,-,-0.009055607654188636,0.7003312031404112
8,150.00642878461784,,,mixed cyclic-ring torsional/out-of-plane deformation / O-C-C bending / ring-site C-H out-of-plane bending,"gamma(O6;C5,C4,C7)",oop,0.7279487609735633,-,-0.01901361737215643,0.10955457412425451
8,150.00642878461784,,,mixed cyclic-ring torsional/out-of-plane deformation / O-C-C bending / ring-site C-H out-of-plane bending,delta(O6-C5-C7),angle,0.24114550084566758,-,-0.006101168570644383,0.3524620139770529
8,150.00642878461784,,,mixed cyclic-ring torsional/out-of-plane deformation / O-C-C bending / ring-site C-H out-of-plane bending,nu(C3-C7),bond,0.22766303609703883,+,0.0058049956783198745,0.36757665853689414
8,150.00642878461784,,,mixed cyclic-ring torsional/out-of-plane deformation / O-C-C bending / ring-site C-H out-of-plane bending,nu(C4-C5),bond,0.21110194676699234,-,-0.005906136905766532,0.32926413089158674
8,150.00642878461784,,,mixed cyclic-ring torsional/out-of-plane deformation / O-C-C bending / ring-site C-H out-of-plane bending,delta(C3-C4-H15),angle,0.16689914687391816,-,-0.006427526045750656,0.2197989584380679
8,150.00642878461784,,,mixed cyclic-ring torsional/out-of-plane deformation / O-C-C bending / ring-site C-H out-of-plane bending,nu(C7-O9),bond,0.14016418306728398,+,0.005278937562268297,0.2736548837890451
8,150.00642878461784,,,mixed cyclic-ring torsional/out-of-plane deformation / O-C-C bending / ring-site C-H out-of-plane bending,nu(C1-O2),bond,0.09507884653689601,+,0.003948537615822904,0.3317955436623933
8,150.00642878461784,,,mixed cyclic-ring torsional/out-of-plane deformation / O-C-C bending / ring-site C-H out-of-plane bending,"gamma(H17;C8,O9,H16)",oop,0.059680552773839365,+,0.004044786610312195,0.1984727154023873
8,150.00642878461784,,,mixed cyclic-ring torsional/out-of-plane deformation / O-C-C bending / ring-site C-H out-of-plane bending,"gamma(H17;C8,C7,O9)",oop,0.059253183361741686,-,-0.003327854393413452,0.29110003621150987
8,150.00642878461784,,,mixed cyclic-ring torsional/out-of-plane deformation / O-C-C bending / ring-site C-H out-of-plane bending,delta(C4-C3-H13),angle,0.05240139179749652,-,-0.003340575838159847,0.25548143957558495
8,150.00642878461784,,,mixed cyclic-ring torsional/out-of-plane deformation / O-C-C bending / ring-site C-H out-of-plane bending,nu(C8-O9),bond,0.04742586706790899,-,-0.0030878412901322837,0.2706228995532804
8,150.00642878461784,,,mixed cyclic-ring torsional/out-of-plane deformation / O-C-C bending / ring-site C-H out-of-plane bending,delta(C5-C4-H14),angle,0.04277155587432732,+,0.002916405250134485,0.27360152237173796
8,150.00642878461784,,,mixed cyclic-ring torsional/out-of-plane deformation / O-C-C bending / ring-site C-H out-of-plane bending,nu(C5-C7),bond,0.0361759959435673,+,0.0025553928216840373,0.301414651416424
8,150.00642878461784,,,mixed cyclic-ring torsional/out-of-plane deformation / O-C-C bending / ring-site C-H out-of-plane bending,delta(O2-C1-H11),angle,0.03518990360720845,-,-0.002367228907420265,0.3416620715716716
8,150.00642878461784,,,mixed cyclic-ring torsional/out-of-plane deformation / O-C-C bending / ring-site C-H out-of-plane bending,nu(C3-C4),bond,0.030786817324676544,-,-0.0023918158080942714,0.29279828908400285
8,150.00642878461784,,,mixed cyclic-ring torsional/out-of-plane deformation / O-C-C bending / ring-site C-H out-of-plane bending,delta(O2-C1-H12),angle,0.028086869524155834,+,0.0024568567444106636,0.25316453818387624
8,150.00642878461784,,,mixed cyclic-ring torsional/out-of-plane deformation / O-C-C bending / ring-site C-H out-of-plane bending,delta(C5-C4-H15),angle,0.01176814357444092,-,-0.0017690658444809635,0.20458753359916523
8,150.00642878461784,,,mixed cyclic-ring torsional/out-of-plane deformation / O-C-C bending / ring-site C-H out-of-plane bending,delta(O2-C1-H10),angle,0.007011123567989629,-,-0.0011743582064823812,0.27659584452157787
8,150.00642878461784,,,mixed cyclic-ring torsional/out-of-plane deformation / O-C-C bending / ring-site C-H out-of-plane bending,nu(C8-H17),bond,0.004693631141597783,+,0.0008518085027356064,0.35195263308227415
8,150.00642878461784,,,mixed cyclic-ring torsional/out-of-plane deformation / O-C-C bending / ring-site C-H out-of-plane bending,tau(C3-C4-C5-C7),dihedral,0.0036264983419185227,-,-0.0006735045486789689,0.4349763258740278
8,150.00642878461784,,,mixed cyclic-ring torsional/out-of-plane deformation / O-C-C bending / ring-site C-H out-of-plane bending,delta(O9-C8-H16),angle,0.0028164719761883594,+,0.0008206002730451765,0.22756282881982776
8,150.00642878461784,,,mixed cyclic-ring torsional/out-of-plane deformation / O-C-C bending / ring-site C-H out-of-plane bending,nu(C4-H15),bond,0.0024052963358736456,+,0.0006240163913016943,0.3360746833820311
8,150.00642878461784,,,mixed cyclic-ring torsional/out-of-plane deformation / O-C-C bending / ring-site C-H out-of-plane bending,nu(C3-H13),bond,0.002295742601292017,+,0.0006240350123536279,0.32074838839996167
8,150.00642878461784,,,mixed cyclic-ring torsional/out-of-plane deformation / O-C-C bending / ring-site C-H out-of-plane bending,nu(O2-C3),bond,0.0015591725459032707,-,-0.000497670202419895,0.34250751572774774
8,150.00642878461784,,,mixed cyclic-ring torsional/out-of-plane deformation / O-C-C bending / ring-site C-H out-of-plane bending,delta(H10-C1-H11),angle,0.0013432442841857786,-,-0.0005023437063987258,0.28960914653293446
8,150.00642878461784,,,mixed cyclic-ring torsional/out-of-plane deformation / O-C-C bending / ring-site C-H out-of-plane bending,nu(C8-H16),bond,0.001039806036701805,+,0.0004026708415462952,0.3489081977295606
8,150.00642878461784,,,mixed cyclic-ring torsional/out-of-plane deformation / O-C-C bending / ring-site C-H out-of-plane bending,nu(C1-H12),bond,0.0007786568778545468,-,-0.00035076614695805756,0.3443261315380825
8,150.00642878461784,,,mixed cyclic-ring torsional/out-of-plane deformation / O-C-C bending / ring-site C-H out-of-plane bending,delta(H14-C4-H15),angle,0.0006492081662255147,+,0.00034513403617094713,0.29652928958766894
8,150.00642878461784,,,mixed cyclic-ring torsional/out-of-plane deformation / O-C-C bending / ring-site C-H out-of-plane bending,nu(C4-H14),bond,0.00041597796627213554,-,-0.00025755653488768095,0.3411806434515935
8,150.00642878461784,,,mixed cyclic-ring torsional/out-of-plane deformation / O-C-C bending / ring-site C-H out-of-plane bending,nu(C7-C8),bond,0.00016533283201321459,-,-0.00015741682775373186,0.3630078327273742
8,150.00642878461784,,,mixed cyclic-ring torsional/out-of-plane deformation / O-C-C bending / ring-site C-H out-of-plane bending,nu(C1-H10),bond,4.6745021754305355e-05,-,-8.864272426706299e-05,0.3236744213946024
8,150.00642878461784,,,mixed cyclic-ring torsional/out-of-plane deformation / O-C-C bending / ring-site C-H out-of-plane bending,nu(C1-H11),bond,1.585270691710701e-07,+,5.168010027431308e-06,0.3229356113236915
8,150.00642878461784,,,mixed cyclic-ring torsional/out-of-plane deformation / O-C-C bending / ring-site C-H out-of-plane bending,nu(C5-O6),bond,8.151847162682222e-09,-,-7.100445041564846e-07,0.8797192428027082
9,195.85677491066636,,,C-O torsion,tau(H10-C1-O2-C3),dihedral,46.85579237696849,+,0.2579733711238537,0.18840688455367277
9,195.85677491066636,,,C-O torsion,tau(H12-C1-O2-C3),dihedral,46.01190001021467,+,0.26123045939018225,0.18042876586366072
9,195.85677491066636,,,C-O torsion,tau(C1-O2-C3-C7),dihedral,3.0026888403568432,-,-0.02389595597827415,1.407164111732383
9,195.85677491066636,,,C-O torsion,tau(C4-C3-C7-O9),dihedral,1.146937473474855,-,-0.029796176938130334,0.3457020006406303
9,195.85677491066636,,,C-O torsion,delta(O2-C3-C4),angle,0.9902345390591366,-,-0.019451760629558716,0.7003312031404112
9,195.85677491066636,,,C-O torsion,delta(O2-C3-C7),angle,0.38255159707552805,-,-0.01096556332087646,0.851356320806506
9,195.85677491066636,,,C-O torsion,tau(C5-C7-O9-C8),dihedral,0.3544558520802002,+,0.022429894526110515,0.18853454090243024
9,195.85677491066636,,,C-O torsion,tau(C3-C4-C5-C7),dihedral,0.30322705678666323,-,-0.013658178515424866,0.4349763258740278
9,195.85677491066636,,,C-O torsion,"gamma(O6;C5,C4,C7)",oop,0.20508954638976318,-,-0.022381960479170494,0.10955457412425451
9,195.85677491066636,,,C-O torsion,tau(C1-O2-C3-C4),dihedral,0.16204207057465622,-,-0.0055631101682974944,1.401121193970568
9,195.85677491066636,,,C-O torsion,delta(C7-C3-H13),angle,0.10981379726684758,+,0.01110228262585172,0.238405127247466
9,195.85677491066636,,,C-O torsion,delta(C3-C7-O9),angle,0.0891859294554972,+,0.007403005339567267,0.43547522975626995
9,195.85677491066636,,,C-O torsion,delta(C4-C3-H13),angle,0.08858387418950214,+,0.009632505762480821,0.25548143957558495
9,195.85677491066636,,,C-O torsion,delta(C3-C4-H15),angle,0.07785431029719277,-,-0.00973576619084974,0.2197989584380679
9,195.85677491066636,,,C-O torsion,delta(O6-C5-C7),angle,0.06397449275600553,+,0.006969295611913991,0.3524620139770529
9,195.85677491066636,,,C-O torsion,tau(C5-C7-C8-H17),dihedral,0.06286900544326743,-,-0.007180339460445692,0.32630961917631934
9,195.85677491066636,,,C-O torsion,delta(C1-O2-C3),angle,0.02299998104932589,-,-0.0049454992601886145,0.25164623392653446
9,195.85677491066636,,,C-O torsion,"gamma(H17;C8,C7,O9)",oop,0.021500490003425694,+,0.004445746230256726,0.29110003621150987
9,195.85677491066636,,,C-O torsion,nu(C5-C7),bond,0.013367668118004543,+,0.003444984463174796,0.301414651416424
9,195.85677491066636,,,C-O torsion,nu(C3-C4),bond,0.01009809286995547,-,-0.003037924893894584,0.29279828908400285
9,195.85677491066636,,,C-O torsion,nu(C4-C5),bond,0.007416028265702655,-,-0.002455020351907103,0.32926413089158674
9,195.85677491066636,,,C-O torsion,delta(H14-C4-H15),angle,0.0036168880300801757,+,0.0018066555242302817,0.29652928958766894
9,195.85677491066636,,,C-O torsion,nu(C7-O9),bond,0.0031498454230266004,-,-0.0017550303813134362,0.2736548837890451
9,195.85677491066636,,,C-O torsion,nu(O2-C3),bond,0.001860730237499014,+,0.0012057250238526555,0.34250751572774774
9,195.85677491066636,,,C-O torsion,nu(C8-O9),bond,0.0018333154965827427,+,0.00134641193598922,0.2706228995532804
9,195.85677491066636,,,C-O torsion,nu(C1-O2),bond,0.0018171269642342472,-,-0.0012105952954424022,0.3317955436623933
9,195.85677491066636,,,C-O torsion,delta(C5-C4-H15),angle,0.0017682988848735691,-,-0.0015208272057017156,0.20458753359916523
9,195.85677491066636,,,C-O torsion,delta(O9-C8-H16),angle,0.001014125109068592,+,0.0010920354220787499,0.22756282881982776
9,195.85677491066636,,,C-O torsion,nu(C3-H13),bond,0.00043321086108057973,-,-0.0006011862602079811,0.32074838839996167
9,195.85677491066636,,,C-O torsion,delta(O2-C1-H11),angle,0.0004050105179475309,+,0.0005632178180604468,0.3416620715716716
9,195.85677491066636,,,C-O torsion,delta(H10-C1-H11),angle,0.00036742102731603284,+,0.0005826630615030598,0.28960914653293446
9,195.85677491066636,,,C-O torsion,nu(C8-H16),bond,0.0002963282609218796,-,-0.00047673009525398463,0.3489081977295606
9,195.85677491066636,,,C-O torsion,nu(C4-H14),bond,0.00022773410151377154,-,-0.00042263305562342877,0.3411806434515935
9,195.85677491066636,,,C-O torsion,nu(C5-O6),bond,0.00018332334946497111,-,-0.00023614484294461955,0.8797192428027082
9,195.85677491066636,,,C-O torsion,delta(O2-C1-H10),angle,0.00016079934921594687,-,-0.00039442182437551034,0.27659584452157787
9,195.85677491066636,,,C-O torsion,delta(O2-C1-H12),angle,0.00012846792521158294,-,-0.00036850003953444745,0.25316453818387624
9,195.85677491066636,,,C-O torsion,nu(C7-C8),bond,5.223903930981632e-05,-,-0.0001962371430573273,0.3630078327273742
9,195.85677491066636,,,C-O torsion,nu(C4-H15),bond,3.4634359419123486e-05,+,0.0001660646905144942,0.3360746833820311
9,195.85677491066636,,,C-O torsion,nu(C1-H10),bond,3.30132307331727e-05,-,-0.00016520814057206822,0.3236744213946024
9,195.85677491066636,,,C-O torsion,nu(C1-H11),bond,9.239883498077177e-06,+,8.750178206960068e-05,0.3229356113236915
9,195.85677491066636,,,C-O torsion,nu(C1-H12),bond,9.022897728786392e-06,-,-8.373936156910158e-05,0.3443261315380825
9,195.85677491066636,,,C-O torsion,delta(C5-C4-H14),angle,6.184227933698665e-06,-,-7.777232977711078e-05,0.27360152237173796
9,195.85677491066636,,,C-O torsion,nu(C3-C7),bond,6.013025509242731e-06,+,6.616284630420161e-05,0.36757665853689414
9,195.85677491066636,,,C-O torsion,"gamma(H17;C8,O9,H16)",oop,3.9888737415412045e-06,+,7.333585488483816e-05,0.1984727154023873
9,195.85677491066636,,,C-O torsion,nu(C8-H17),bond,6.228561347740439e-09,-,-2.1761728293582183e-06,0.35195263308227415
10,206.89564194406415,,,mixed C-O torsion / cyclic-ring torsional/out-of-plane deformation / cyclic-ring torsional/out-of-plane deformation,tau(C5-C7-O9-C8),dihedral,23.62279070330424,+,0.11642155548531928,0.18853454090243024
10,206.89564194406415,,,mixed C-O torsion / cyclic-ring torsional/out-of-plane deformation / cyclic-ring torsional/out-of-plane deformation,tau(C4-C3-C7-O9),dihedral,18.991994246159955,+,0.07708992069239609,0.3457020006406303
10,206.89564194406415,,,mixed C-O torsion / cyclic-ring torsional/out-of-plane deformation / cyclic-ring torsional/out-of-plane deformation,tau(H10-C1-O2-C3),dihedral,18.039223397443347,-,-0.10177094205443525,0.18840688455367277
10,206.89564194406415,,,mixed C-O torsion / cyclic-ring torsional/out-of-plane deformation / cyclic-ring torsional/out-of-plane deformation,tau(H12-C1-O2-C3),dihedral,17.59318999217397,-,-0.10270289067289495,0.18042876586366072
10,206.89564194406415,,,mixed C-O torsion / cyclic-ring torsional/out-of-plane deformation / cyclic-ring torsional/out-of-plane deformation,tau(C5-C7-C8-H17),dihedral,11.561934359572772,+,0.06191039456123123,0.32630961917631934
10,206.89564194406415,,,mixed C-O torsion / cyclic-ring torsional/out-of-plane deformation / cyclic-ring torsional/out-of-plane deformation,"gamma(O6;C5,C4,C7)",oop,4.779844363781267,-,-0.06869970635413188,0.10955457412425451
10,206.89564194406415,,,mixed C-O torsion / cyclic-ring torsional/out-of-plane deformation / cyclic-ring torsional/out-of-plane deformation,delta(O2-C3-C7),angle,2.893970976182857,-,-0.01917585175352114,0.851356320806506
10,206.89564194406415,,,mixed C-O torsion / cyclic-ring torsional/out-of-plane deformation / cyclic-ring torsional/out-of-plane deformation,delta(C3-C7-O9),angle,1.109544183859033,-,-0.01660174857636392,0.43547522975626995
10,206.89564194406415,,,mixed C-O torsion / cyclic-ring torsional/out-of-plane deformation / cyclic-ring torsional/out-of-plane deformation,tau(C1-O2-C3-C7),dihedral,0.4657034237043615,-,-0.005983366430331916,1.407164111732383
10,206.89564194406415,,,mixed C-O torsion / cyclic-ring torsional/out-of-plane deformation / cyclic-ring torsional/out-of-plane deformation,"gamma(H17;C8,C7,O9)",oop,0.19004755889402236,+,0.00840375298209126,0.29110003621150987
10,206.89564194406415,,,mixed C-O torsion / cyclic-ring torsional/out-of-plane deformation / cyclic-ring torsional/out-of-plane deformation,delta(C7-C3-H13),angle,0.1424247474172377,+,0.008038929011948356,0.238405127247466
10,206.89564194406415,,,mixed C-O torsion / cyclic-ring torsional/out-of-plane deformation / cyclic-ring torsional/out-of-plane deformation,nu(C5-C7),bond,0.12457738951000837,+,0.006686528404487707,0.301414651416424
10,206.89564194406415,,,mixed C-O torsion / cyclic-ring torsional/out-of-plane deformation / cyclic-ring torsional/out-of-plane deformation,delta(C5-C4-H15),angle,0.07476837206119495,+,0.006287567194523982,0.20458753359916523
10,206.89564194406415,,,mixed C-O torsion / cyclic-ring torsional/out-of-plane deformation / cyclic-ring torsional/out-of-plane deformation,delta(C1-O2-C3),angle,0.07455545997706543,+,0.005661190506065432,0.25164623392653446
10,206.89564194406415,,,mixed C-O torsion / cyclic-ring torsional/out-of-plane deformation / cyclic-ring torsional/out-of-plane deformation,delta(C5-C4-H14),angle,0.06798920438541901,-,-0.0051847042141987855,0.27360152237173796
10,206.89564194406415,,,mixed C-O torsion / cyclic-ring torsional/out-of-plane deformation / cyclic-ring torsional/out-of-plane deformation,delta(C4-C3-H13),angle,0.05011419962224971,+,0.004606424763975319,0.25548143957558495
10,206.89564194406415,,,mixed C-O torsion / cyclic-ring torsional/out-of-plane deformation / cyclic-ring torsional/out-of-plane deformation,delta(O9-C8-H16),angle,0.03444406515275593,+,0.004046409200044677,0.22756282881982776
10,206.89564194406415,,,mixed C-O torsion / cyclic-ring torsional/out-of-plane deformation / cyclic-ring torsional/out-of-plane deformation,tau(C1-O2-C3-C4),dihedral,0.03172861461316766,-,-0.0015651319746921646,1.401121193970568
10,206.89564194406415,,,mixed C-O torsion / cyclic-ring torsional/out-of-plane deformation / cyclic-ring torsional/out-of-plane deformation,tau(C3-C4-C5-C7),dihedral,0.028584659960989592,+,0.002666226036707387,0.4349763258740278
10,206.89564194406415,,,mixed C-O torsion / cyclic-ring torsional/out-of-plane deformation / cyclic-ring torsional/out-of-plane deformation,nu(C7-O9),bond,0.024437738689300305,+,0.00310807984460714,0.2736548837890451
10,206.89564194406415,,,mixed C-O torsion / cyclic-ring torsional/out-of-plane deformation / cyclic-ring torsional/out-of-plane deformation,nu(C3-C4),bond,0.021592525670812986,-,-0.0028244293465120923,0.29279828908400285
10,206.89564194406415,,,mixed C-O torsion / cyclic-ring torsional/out-of-plane deformation / cyclic-ring torsional/out-of-plane deformation,nu(C1-O2),bond,0.013626745933905155,-,-0.0021077741079628285,0.3317955436623933
10,206.89564194406415,,,mixed C-O torsion / cyclic-ring torsional/out-of-plane deformation / cyclic-ring torsional/out-of-plane deformation,"gamma(H17;C8,O9,H16)",oop,0.011288557539458722,+,0.0024804591550587588,0.1984727154023873
10,206.89564194406415,,,mixed C-O torsion / cyclic-ring torsional/out-of-plane deformation / cyclic-ring torsional/out-of-plane deformation,nu(C8-O9),bond,0.010576250107092787,-,-0.002056112366125875,0.2706228995532804
10,206.89564194406415,,,mixed C-O torsion / cyclic-ring torsional/out-of-plane deformation / cyclic-ring torsional/out-of-plane deformation,nu(C3-C7),bond,0.009764383519711237,+,0.001695163966244558,0.36757665853689414
10,206.89564194406415,,,mixed C-O torsion / cyclic-ring torsional/out-of-plane deformation / cyclic-ring torsional/out-of-plane deformation,nu(O2-C3),bond,0.00777455677760828,+,0.001566989286498625,0.34250751572774774
10,206.89564194406415,,,mixed C-O torsion / cyclic-ring torsional/out-of-plane deformation / cyclic-ring torsional/out-of-plane deformation,delta(O2-C3-C4),angle,0.006348182068617167,+,0.0009902302950276483,0.7003312031404112
10,206.89564194406415,,,mixed C-O torsion / cyclic-ring torsional/out-of-plane deformation / cyclic-ring torsional/out-of-plane deformation,nu(C4-C5),bond,0.004075028886746452,-,-0.001157061371531786,0.32926413089158674
10,206.89564194406415,,,mixed C-O torsion / cyclic-ring torsional/out-of-plane deformation / cyclic-ring torsional/out-of-plane deformation,delta(O6-C5-C7),angle,0.002671191835087008,-,-0.0009054399244597351,0.3524620139770529
10,206.89564194406415,,,mixed C-O torsion / cyclic-ring torsional/out-of-plane deformation / cyclic-ring torsional/out-of-plane deformation,nu(C8-H17),bond,0.0022958846069833483,+,0.0008400326747086998,0.35195263308227415
10,206.89564194406415,,,mixed C-O torsion / cyclic-ring torsional/out-of-plane deformation / cyclic-ring torsional/out-of-plane deformation,nu(C8-H16),bond,0.0016871266594170706,-,-0.0007232384680432603,0.3489081977295606
10,206.89564194406415,,,mixed C-O torsion / cyclic-ring torsional/out-of-plane deformation / cyclic-ring torsional/out-of-plane deformation,nu(C3-H13),bond,0.0013977839806307588,-,-0.0006865956511355977,0.32074838839996167
10,206.89564194406415,,,mixed C-O torsion / cyclic-ring torsional/out-of-plane deformation / cyclic-ring torsional/out-of-plane deformation,delta(O2-C1-H10),angle,0.0012705485807143484,+,0.0007049138968456061,0.27659584452157787
10,206.89564194406415,,,mixed C-O torsion / cyclic-ring torsional/out-of-plane deformation / cyclic-ring torsional/out-of-plane deformation,delta(H10-C1-H11),angle,0.0009204891758319979,-,-0.0005863628761133314,0.28960914653293446
10,206.89564194406415,,,mixed C-O torsion / cyclic-ring torsional/out-of-plane deformation / cyclic-ring torsional/out-of-plane deformation,delta(C3-C4-H15),angle,0.0008605158737230149,+,0.0006507735426658451,0.2197989584380679
10,206.89564194406415,,,mixed C-O torsion / cyclic-ring torsional/out-of-plane deformation / cyclic-ring torsional/out-of-plane deformation,nu(C5-O6),bond,0.0005835501715256371,-,-0.0002678738471404368,0.8797192428027082
10,206.89564194406415,,,mixed C-O torsion / cyclic-ring torsional/out-of-plane deformation / cyclic-ring torsional/out-of-plane deformation,nu(C7-C8),bond,0.0004983018727193872,-,-0.0003853465915721668,0.3630078327273742
10,206.89564194406415,,,mixed C-O torsion / cyclic-ring torsional/out-of-plane deformation / cyclic-ring torsional/out-of-plane deformation,delta(H14-C4-H15),angle,0.00029997638384453816,+,0.0003308057078984992,0.29652928958766894
10,206.89564194406415,,,mixed C-O torsion / cyclic-ring torsional/out-of-plane deformation / cyclic-ring torsional/out-of-plane deformation,delta(O2-C1-H11),angle,0.00027364552191331214,+,0.0002943466166275152,0.3416620715716716
10,206.89564194406415,,,mixed C-O torsion / cyclic-ring torsional/out-of-plane deformation / cyclic-ring torsional/out-of-plane deformation,nu(C1-H12),bond,0.00011090414091958865,+,0.00018666038173746058,0.3443261315380825
10,206.89564194406415,,,mixed C-O torsion / cyclic-ring torsional/out-of-plane deformation / cyclic-ring torsional/out-of-plane deformation,nu(C1-H10),bond,0.00010539987758313303,+,0.00018768480928133428,0.3236744213946024
10,206.89564194406415,,,mixed C-O torsion / cyclic-ring torsional/out-of-plane deformation / cyclic-ring torsional/out-of-plane deformation,nu(C4-H14),bond,6.852111286442416e-05,+,0.0001473951767593484,0.3411806434515935
10,206.89564194406415,,,mixed C-O torsion / cyclic-ring torsional/out-of-plane deformation / cyclic-ring torsional/out-of-plane deformation,delta(O2-C1-H12),angle,2.2708175440448258e-05,-,-9.850379092365006e-05,0.25316453818387624
10,206.89564194406415,,,mixed C-O torsion / cyclic-ring torsional/out-of-plane deformation / cyclic-ring torsional/out-of-plane deformation,nu(C4-H15),bond,1.8876733734443856e-05,-,-7.79486837779826e-05,0.3360746833820311
10,206.89564194406415,,,mixed C-O torsion / cyclic-ring torsional/out-of-plane deformation / cyclic-ring torsional/out-of-plane deformation,nu(C1-H11),bond,6.883278826690518e-07,+,1.5184586572010335e-05,0.3229356113236915
11,240.7337021906553,,,mixed ring-site C-H out-of-plane bending / cyclic-ring deformation (C-C-O bend),tau(C5-C7-C8-H17),dihedral,32.816167192158126,+,0.07850456075370245,0.32630961917631934
11,240.7337021906553,,,mixed ring-site C-H out-of-plane bending / cyclic-ring deformation (C-C-O bend),delta(C3-C7-O9),angle,21.64381322348817,+,0.05518881366788596,0.43547522975626995
11,240.7337021906553,,,mixed ring-site C-H out-of-plane bending / cyclic-ring deformation (C-C-O bend),delta(O6-C5-C7),angle,7.993976243733048,-,-0.03728131012639528,0.3524620139770529
11,240.7337021906553,,,mixed ring-site C-H out-of-plane bending / cyclic-ring deformation (C-C-O bend),nu(C5-C7),bond,6.998274007924253,-,-0.0377206519377054,0.301414651416424
11,240.7337021906553,,,mixed ring-site C-H out-of-plane bending / cyclic-ring deformation (C-C-O bend),tau(C4-C3-C7-O9),dihedral,6.489564957561758,+,0.033917414886868294,0.3457020006406303
11,240.7337021906553,,,mixed ring-site C-H out-of-plane bending / cyclic-ring deformation (C-C-O bend),tau(C1-O2-C3-C4),dihedral,4.829874089854449,+,0.014534361297647734,1.401121193970568
11,240.7337021906553,,,mixed ring-site C-H out-of-plane bending / cyclic-ring deformation (C-C-O bend),delta(C1-O2-C3),angle,3.770400418990998,+,0.030301520271563402,0.25164623392653446
11,240.7337021906553,,,mixed ring-site C-H out-of-plane bending / cyclic-ring deformation (C-C-O bend),tau(H12-C1-O2-C3),dihedral,2.77057633298949,+,0.030675953381500747,0.18042876586366072
11,240.7337021906553,,,mixed ring-site C-H out-of-plane bending / cyclic-ring deformation (C-C-O bend),tau(H10-C1-O2-C3),dihedral,2.2379678970224086,+,0.026980155005246892,0.18840688455367277
11,240.7337021906553,,,mixed ring-site C-H out-of-plane bending / cyclic-ring deformation (C-C-O bend),delta(O2-C3-C7),angle,1.9178568167708905,-,-0.011749470798668588,0.851356320806506
11,240.7337021906553,,,mixed ring-site C-H out-of-plane bending / cyclic-ring deformation (C-C-O bend),tau(C5-C7-O9-C8),dihedral,1.5595771294568093,-,-0.022515099128024876,0.18853454090243024
11,240.7337021906553,,,mixed ring-site C-H out-of-plane bending / cyclic-ring deformation (C-C-O bend),tau(C1-O2-C3-C7),dihedral,1.5547060237092438,-,-0.008228442976282122,1.407164111732383
11,240.7337021906553,,,mixed ring-site C-H out-of-plane bending / cyclic-ring deformation (C-C-O bend),nu(C3-C7),bond,1.3422065851167921,+,0.01495896748593683,0.36757665853689414
11,240.7337021906553,,,mixed ring-site C-H out-of-plane bending / cyclic-ring deformation (C-C-O bend),nu(C3-C4),bond,1.151223101600072,+,0.0155224896528024,0.29279828908400285
11,240.7337021906553,,,mixed ring-site C-H out-of-plane bending / cyclic-ring deformation (C-C-O bend),"gamma(O6;C5,C4,C7)",oop,1.0216950392536126,-,-0.023906240443996585,0.10955457412425451
11,240.7337021906553,,,mixed ring-site C-H out-of-plane bending / cyclic-ring deformation (C-C-O bend),delta(C7-C3-H13),angle,0.7396558592292738,+,0.013788688280189896,0.238405127247466
11,240.7337021906553,,,mixed ring-site C-H out-of-plane bending / cyclic-ring deformation (C-C-O bend),nu(C4-C5),bond,0.25479845986567656,+,0.006886397480206514,0.32926413089158674
11,240.7337021906553,,,mixed ring-site C-H out-of-plane bending / cyclic-ring deformation (C-C-O bend),tau(C3-C4-C5-C7),dihedral,0.17545669219915225,-,-0.004971850449599086,0.4349763258740278
11,240.7337021906553,,,mixed ring-site C-H out-of-plane bending / cyclic-ring deformation (C-C-O bend),delta(O2-C1-H12),angle,0.16013349120440912,-,-0.0062259488498844365,0.25316453818387624
11,240.7337021906553,,,mixed ring-site C-H out-of-plane bending / cyclic-ring deformation (C-C-O bend),delta(C5-C4-H14),angle,0.12389237971018287,+,0.0052677959132020604,0.27360152237173796
11,240.7337021906553,,,mixed ring-site C-H out-of-plane bending / cyclic-ring deformation (C-C-O bend),delta(O2-C3-C4),angle,0.07712164172511891,+,0.0025977795461196566,0.7003312031404112
11,240.7337021906553,,,mixed ring-site C-H out-of-plane bending / cyclic-ring deformation (C-C-O bend),delta(O2-C1-H11),angle,0.059772550974875625,+,0.003274299554337385,0.3416620715716716
11,240.7337021906553,,,mixed ring-site C-H out-of-plane bending / cyclic-ring deformation (C-C-O bend),nu(O2-C3),bond,0.04721993191388388,+,0.002906655245511328,0.34250751572774774
11,240.7337021906553,,,mixed ring-site C-H out-of-plane bending / cyclic-ring deformation (C-C-O bend),nu(C7-C8),bond,0.04605026682611125,-,-0.0027882003398972924,0.3630078327273742
11,240.7337021906553,,,mixed ring-site C-H out-of-plane bending / cyclic-ring deformation (C-C-O bend),nu(C7-O9),bond,0.04434195128101344,-,-0.003151169011502959,0.2736548837890451
11,240.7337021906553,,,mixed ring-site C-H out-of-plane bending / cyclic-ring deformation (C-C-O bend),delta(C5-C4-H15),angle,0.03616493738097465,+,0.0032913204918012763,0.20458753359916523
11,240.7337021906553,,,mixed ring-site C-H out-of-plane bending / cyclic-ring deformation (C-C-O bend),delta(C3-C4-H15),angle,0.03340340830423691,-,-0.003051746635026715,0.2197989584380679
11,240.7337021906553,,,mixed ring-site C-H out-of-plane bending / cyclic-ring deformation (C-C-O bend),delta(O2-C1-H10),angle,0.032040018350716126,+,0.002664338809370634,0.27659584452157787
11,240.7337021906553,,,mixed ring-site C-H out-of-plane bending / cyclic-ring deformation (C-C-O bend),nu(C5-O6),bond,0.017212342939259308,+,0.001094999315458631,0.8797192428027082
11,240.7337021906553,,,mixed ring-site C-H out-of-plane bending / cyclic-ring deformation (C-C-O bend),delta(O9-C8-H16),angle,0.01587578706668527,+,0.0020676778200346205,0.22756282881982776
11,240.7337021906553,,,mixed ring-site C-H out-of-plane bending / cyclic-ring deformation (C-C-O bend),delta(H10-C1-H11),angle,0.014120803522715502,+,0.0017285799314686082,0.28960914653293446
11,240.7337021906553,,,mixed ring-site C-H out-of-plane bending / cyclic-ring deformation (C-C-O bend),nu(C1-O2),bond,0.012823018852522667,+,0.0015389544450635122,0.3317955436623933
11,240.7337021906553,,,mixed ring-site C-H out-of-plane bending / cyclic-ring deformation (C-C-O bend),delta(H14-C4-H15),angle,0.0053201592872007195,+,0.001048562730858274,0.29652928958766894
11,240.7337021906553,,,mixed ring-site C-H out-of-plane bending / cyclic-ring deformation (C-C-O bend),nu(C3-H13),bond,0.0026801276244658224,-,-0.0007155852736289993,0.32074838839996167
11,240.7337021906553,,,mixed ring-site C-H out-of-plane bending / cyclic-ring deformation (C-C-O bend),"gamma(H17;C8,O9,H16)",oop,0.0014143554459020067,-,-0.0006608376468948614,0.1984727154023873
11,240.7337021906553,,,mixed ring-site C-H out-of-plane bending / cyclic-ring deformation (C-C-O bend),delta(C4-C3-H13),angle,0.0011762260603708815,+,0.0005311676532178345,0.25548143957558495
11,240.7337021906553,,,mixed ring-site C-H out-of-plane bending / cyclic-ring deformation (C-C-O bend),nu(C1-H12),bond,0.000705878031752709,+,0.00035444245803426357,0.3443261315380825
11,240.7337021906553,,,mixed ring-site C-H out-of-plane bending / cyclic-ring deformation (C-C-O bend),nu(C8-O9),bond,0.00030746258142163826,+,0.00026386376894286373,0.2706228995532804
11,240.7337021906553,,,mixed ring-site C-H out-of-plane bending / cyclic-ring deformation (C-C-O bend),nu(C4-H15),bond,0.00012187406698339278,-,-0.00014907459949722111,0.3360746833820311
11,240.7337021906553,,,mixed ring-site C-H out-of-plane bending / cyclic-ring deformation (C-C-O bend),nu(C1-H10),bond,0.00010875487092573258,-,-0.00014349476813299583,0.3236744213946024
11,240.7337021906553,,,mixed ring-site C-H out-of-plane bending / cyclic-ring deformation (C-C-O bend),nu(C1-H11),bond,9.380556470623482e-05,-,-0.00013342039743335874,0.3229356113236915
11,240.7337021906553,,,mixed ring-site C-H out-of-plane bending / cyclic-ring deformation (C-C-O bend),nu(C8-H16),bond,5.386810763586698e-05,+,9.726938527622188e-05,0.3489081977295606
11,240.7337021906553,,,mixed ring-site C-H out-of-plane bending / cyclic-ring deformation (C-C-O bend),nu(C8-H17),bond,5.174202799125752e-05,-,-9.491732982100651e-05,0.35195263308227415
11,240.7337021906553,,,mixed ring-site C-H out-of-plane bending / cyclic-ring deformation (C-C-O bend),"gamma(H17;C8,C7,O9)",oop,3.1230358162465098e-06,+,2.5640899182727332e-05,0.29110003621150987
11,240.7337021906553,,,mixed ring-site C-H out-of-plane bending / cyclic-ring deformation (C-C-O bend),nu(C4-H14),bond,2.231790034813748e-08,+,2.0021673431551797e-06,0.3411806434515935
12,320.3935425147004,,,C-O torsion,tau(C1-O2-C3-C4),dihedral,40.78153339295391,-,-0.11035404226403192,1.401121193970568
12,320.3935425147004,,,C-O torsion,tau(C1-O2-C3-C7),dihedral,20.83690519436242,-,-0.07871156623355557,1.407164111732383
12,320.3935425147004,,,C-O torsion,tau(H12-C1-O2-C3),dihedral,8.382583522559106,+,0.1394217009865996,0.18042876586366072
12,320.3935425147004,,,C-O torsion,tau(H10-C1-O2-C3),dihedral,7.859215073911104,+,0.13210994881881916,0.18840688455367277
12,320.3935425147004,,,C-O torsion,delta(O2-C3-C4),angle,7.380760611656834,+,0.06640383213159876,0.7003312031404112
12,320.3935425147004,,,C-O torsion,delta(C3-C7-O9),angle,6.01424023148735,-,-0.07601564393630246,0.43547522975626995
12,320.3935425147004,,,C-O torsion,tau(C4-C3-C7-O9),dihedral,3.9017765847748547,+,0.0687186428982232,0.3457020006406303
12,320.3935425147004,,,C-O torsion,tau(C5-C7-O9-C8),dihedral,0.7087600790847416,+,0.03965961387814576,0.18853454090243024
12,320.3935425147004,,,C-O torsion,delta(C1-O2-C3),angle,0.6924930372878487,+,0.03393179304345434,0.25164623392653446
12,320.3935425147004,,,C-O torsion,delta(O2-C3-C7),angle,0.5616603732722639,-,-0.01661405069482205,0.851356320806506
12,320.3935425147004,,,C-O torsion,delta(C4-C3-H13),angle,0.4787931328605288,-,-0.028001970946628707,0.25548143957558495
12,320.3935425147004,,,C-O torsion,delta(C7-C3-H13),angle,0.43243648930790357,-,-0.027548483229237503,0.238405127247466
12,320.3935425147004,,,C-O torsion,nu(C3-C7),bond,0.3828510914954538,-,-0.020875423924158244,0.36757665853689414
12,320.3935425147004,,,C-O torsion,tau(C5-C7-C8-H17),dihedral,0.35275833980614485,+,0.021267577709897716,0.32630961917631934
12,320.3935425147004,,,C-O torsion,delta(C3-C4-H15),angle,0.303942675479502,+,0.02405344840778234,0.2197989584380679
12,320.3935425147004,,,C-O torsion,nu(C3-C4),bond,0.2443107538696786,+,0.018684494216372267,0.29279828908400285
12,320.3935425147004,,,C-O torsion,nu(C4-C5),bond,0.20428651978590567,+,0.016111722204907395,0.32926413089158674
12,320.3935425147004,,,C-O torsion,delta(O6-C5-C7),angle,0.12029100918917987,-,-0.011949637930947141,0.3524620139770529
12,320.3935425147004,,,C-O torsion,"gamma(O6;C5,C4,C7)",oop,0.10243333704291813,-,-0.019778790242193568,0.10955457412425451
12,320.3935425147004,,,C-O torsion,tau(C3-C4-C5-C7),dihedral,0.04171988630365728,-,-0.006334802353008577,0.4349763258740278
12,320.3935425147004,,,C-O torsion,delta(O2-C1-H11),angle,0.036133761159153156,+,0.006652004302605485,0.3416620715716716
12,320.3935425147004,,,C-O torsion,nu(O2-C3),bond,0.033777793915760815,-,-0.006423547049890075,0.34250751572774774
12,320.3935425147004,,,C-O torsion,"gamma(H17;C8,C7,O9)",oop,0.032694425768691915,-,-0.006855040876439473,0.29110003621150987
12,320.3935425147004,,,C-O torsion,nu(C7-O9),bond,0.03096862378383576,-,-0.006881033513259245,0.2736548837890451
12,320.3935425147004,,,C-O torsion,delta(O2-C1-H12),angle,0.020646764323488078,-,-0.0058414260853579016,0.25316453818387624
12,320.3935425147004,,,C-O torsion,delta(C5-C4-H15),angle,0.012694326239931886,+,0.005095180407076287,0.20458753359916523
12,320.3935425147004,,,C-O torsion,delta(C5-C4-H14),angle,0.00901912640112266,-,-0.003713789666960535,0.27360152237173796
12,320.3935425147004,,,C-O torsion,nu(C1-O2),bond,0.0087110222056744,-,-0.0033143136661943243,0.3317955436623933
12,320.3935425147004,,,C-O torsion,delta(O9-C8-H16),angle,0.008699674479301327,-,-0.003999402935020606,0.22756282881982776
12,320.3935425147004,,,C-O torsion,nu(C7-C8),bond,0.007935174034405145,+,0.003024228150341025,0.3630078327273742
12,320.3935425147004,,,C-O torsion,nu(C3-H13),bond,0.0042416513792293276,+,0.0023522288138631982,0.32074838839996167
12,320.3935425147004,,,C-O torsion,nu(C8-O9),bond,0.0029605747573127165,-,-0.0021394397769423285,0.2706228995532804
12,320.3935425147004,,,C-O torsion,delta(H10-C1-H11),angle,0.002569361944074458,+,0.0019266411341639115,0.28960914653293446
12,320.3935425147004,,,C-O torsion,nu(C5-O6),bond,0.002065281091052307,+,0.000991087183744636,0.8797192428027082
12,320.3935425147004,,,C-O torsion,delta(O2-C1-H10),angle,0.001245979352638977,-,-0.001372862109410886,0.27659584452157787
12,320.3935425147004,,,C-O torsion,nu(C8-H16),bond,0.0005373886817686054,+,0.0008027549504310843,0.3489081977295606
12,320.3935425147004,,,C-O torsion,nu(C1-H10),bond,0.00034155063684906576,-,-0.000664458224093476,0.3236744213946024
12,320.3935425147004,,,C-O torsion,delta(H14-C4-H15),angle,0.00028644067110281227,-,-0.0006357375505469594,0.29652928958766894
12,320.3935425147004,,,C-O torsion,nu(C1-H11),bond,0.00020238061319057318,+,0.000512059945671514,0.3229356113236915
12,320.3935425147004,,,C-O torsion,"gamma(H17;C8,O9,H16)",oop,0.00015652450969705912,+,0.0005744273264393687,0.1984727154023873
12,320.3935425147004,,,C-O torsion,nu(C1-H12),bond,0.00011499639231499705,+,0.0003738104497562724,0.3443261315380825
12,320.3935425147004,,,C-O torsion,nu(C8-H17),bond,0.00010864375517701493,-,-0.00035938057261264953,0.35195263308227415
12,320.3935425147004,,,C-O torsion,nu(C4-H14),bond,0.00010527006848612107,+,0.00035929782012468877,0.3411806434515935
12,320.3935425147004,,,C-O torsion,nu(C5-C7),bond,2.695122975693788e-05,+,0.00019342002506133203,0.301414651416424
12,320.3935425147004,,,C-O torsion,nu(C4-H15),bond,4.976114678769912e-06,-,-7.870849580980832e-05,0.3360746833820311
13,356.9135163235901,,,mixed C-O-C bending / mixed-phase cyclic C-C stretching,delta(C1-O2-C3),angle,35.74492501900532,-,-0.09227324243682831,0.25164623392653446
13,356.9135163235901,,,mixed C-O-C bending / mixed-phase cyclic C-C stretching,nu(C3-C7),bond,15.782157285536531,-,-0.05073095350332771,0.36757665853689414
13,356.9135163235901,,,mixed C-O-C bending / mixed-phase cyclic C-C stretching,delta(O6-C5-C7),angle,10.74945272228798,-,-0.04275636953528872,0.3524620139770529
13,356.9135163235901,,,mixed C-O-C bending / mixed-phase cyclic C-C stretching,nu(C5-C7),bond,8.749243957091796,-,-0.041712564171451305,0.301414651416424
13,356.9135163235901,,,mixed C-O-C bending / mixed-phase cyclic C-C stretching,tau(C1-O2-C3-C4),dihedral,5.948430447572156,-,-0.015952440995517268,1.401121193970568
13,356.9135163235901,,,mixed C-O-C bending / mixed-phase cyclic C-C stretching,tau(C1-O2-C3-C7),dihedral,2.9521404522990875,-,-0.011213984124311495,1.407164111732383
13,356.9135163235901,,,mixed C-O-C bending / mixed-phase cyclic C-C stretching,nu(C4-C5),bond,2.7754918717607215,+,0.02247820216505941,0.32926413089158674
13,356.9135163235901,,,mixed C-O-C bending / mixed-phase cyclic C-C stretching,delta(O2-C3-C7),angle,2.6234805540110133,-,-0.013590863371231051,0.851356320806506
13,356.9135163235901,,,mixed C-O-C bending / mixed-phase cyclic C-C stretching,delta(O2-C1-H12),angle,1.9796103051779688,+,0.021649716868078286,0.25316453818387624
13,356.9135163235901,,,mixed C-O-C bending / mixed-phase cyclic C-C stretching,tau(C3-C4-C5-C7),dihedral,1.6866404281837812,+,0.015245520171063799,0.4349763258740278
13,356.9135163235901,,,mixed C-O-C bending / mixed-phase cyclic C-C stretching,delta(O2-C3-C4),angle,1.5209276205766498,+,0.011409492817677235,0.7003312031404112
13,356.9135163235901,,,mixed C-O-C bending / mixed-phase cyclic C-C stretching,nu(C7-C8),bond,1.2826600008375313,-,-0.014553303353842001,0.3630078327273742
13,356.9135163235901,,,mixed C-O-C bending / mixed-phase cyclic C-C stretching,nu(C7-O9),bond,1.1743919834058363,-,-0.01603868439751505,0.2736548837890451
13,356.9135163235901,,,mixed C-O-C bending / mixed-phase cyclic C-C stretching,tau(H10-C1-O2-C3),dihedral,0.9277453675508202,+,0.01718026337496089,0.18840688455367277
13,356.9135163235901,,,mixed C-O-C bending / mixed-phase cyclic C-C stretching,delta(C3-C4-H15),angle,0.8847700569871725,+,0.015533388250957536,0.2197989584380679
13,356.9135163235901,,,mixed C-O-C bending / mixed-phase cyclic C-C stretching,nu(C3-C4),bond,0.8846742208343509,+,0.013457711782338268,0.29279828908400285
13,356.9135163235901,,,mixed C-O-C bending / mixed-phase cyclic C-C stretching,delta(O2-C1-H11),angle,0.6604899838849331,-,-0.010764615882113993,0.3416620715716716
13,356.9135163235901,,,mixed C-O-C bending / mixed-phase cyclic C-C stretching,delta(C5-C4-H15),angle,0.5510663877969892,+,0.012706507053605078,0.20458753359916523
13,356.9135163235901,,,mixed C-O-C bending / mixed-phase cyclic C-C stretching,delta(C7-C3-H13),angle,0.5387056450434408,+,0.011638091619351669,0.238405127247466
13,356.9135163235901,,,mixed C-O-C bending / mixed-phase cyclic C-C stretching,delta(O2-C1-H10),angle,0.4956723384132996,-,-0.010364260501325953,0.27659584452157787
13,356.9135163235901,,,mixed C-O-C bending / mixed-phase cyclic C-C stretching,nu(C1-O2),bond,0.45789357702981703,-,-0.009095169678967676,0.3317955436623933
13,356.9135163235901,,,mixed C-O-C bending / mixed-phase cyclic C-C stretching,nu(C8-O9),bond,0.43308114651793106,+,0.009794136933187158,0.2706228995532804
13,356.9135163235901,,,mixed C-O-C bending / mixed-phase cyclic C-C stretching,nu(O2-C3),bond,0.37307393067477257,-,-0.008080276137927776,0.34250751572774774
13,356.9135163235901,,,mixed C-O-C bending / mixed-phase cyclic C-C stretching,delta(C4-C3-H13),angle,0.1455551166425081,-,-0.005843833923697515,0.25548143957558495
13,356.9135163235901,,,mixed C-O-C bending / mixed-phase cyclic C-C stretching,delta(H10-C1-H11),angle,0.12498892020898413,-,-0.005086199904574286,0.28960914653293446
13,356.9135163235901,,,mixed C-O-C bending / mixed-phase cyclic C-C stretching,tau(H12-C1-O2-C3),dihedral,0.11752914592292811,+,0.006248614107768201,0.18042876586366072
13,356.9135163235901,,,mixed C-O-C bending / mixed-phase cyclic C-C stretching,tau(C5-C7-C8-H17),dihedral,0.10357921131507919,+,0.004361995024996471,0.32630961917631934
13,356.9135163235901,,,mixed C-O-C bending / mixed-phase cyclic C-C stretching,"gamma(H17;C8,O9,H16)",oop,0.08751163252341179,-,-0.005140984461902172,0.1984727154023873
13,356.9135163235901,,,mixed C-O-C bending / mixed-phase cyclic C-C stretching,nu(C5-O6),bond,0.058546468210553176,-,-0.001997294513955836,0.8797192428027082
13,356.9135163235901,,,mixed C-O-C bending / mixed-phase cyclic C-C stretching,"gamma(H17;C8,C7,O9)",oop,0.054134923637325576,+,0.0033387310703929906,0.29110003621150987
13,356.9135163235901,,,mixed C-O-C bending / mixed-phase cyclic C-C stretching,delta(C3-C7-O9),angle,0.03929014312198656,-,-0.00232554035991574,0.43547522975626995
13,356.9135163235901,,,mixed C-O-C bending / mixed-phase cyclic C-C stretching,delta(C5-C4-H14),angle,0.021363192004160692,+,0.0021634039649051045,0.27360152237173796
13,356.9135163235901,,,mixed C-O-C bending / mixed-phase cyclic C-C stretching,delta(H14-C4-H15),angle,0.017063737358307768,+,0.0018572359628441066,0.29652928958766894
13,356.9135163235901,,,mixed C-O-C bending / mixed-phase cyclic C-C stretching,tau(C5-C7-O9-C8),dihedral,0.01675396872345436,-,-0.002307954222613424,0.18853454090243024
13,356.9135163235901,,,mixed C-O-C bending / mixed-phase cyclic C-C stretching,nu(C1-H12),bond,0.007248859554977544,-,-0.0011233462898153112,0.3443261315380825
13,356.9135163235901,,,mixed C-O-C bending / mixed-phase cyclic C-C stretching,nu(C8-H16),bond,0.006801016033688352,-,-0.001080923893293865,0.3489081977295606
13,356.9135163235901,,,mixed C-O-C bending / mixed-phase cyclic C-C stretching,nu(C8-H17),bond,0.0065611883264920165,-,-0.001057092390681781,0.35195263308227415
13,356.9135163235901,,,mixed C-O-C bending / mixed-phase cyclic C-C stretching,"gamma(O6;C5,C4,C7)",oop,0.005963372283650286,-,-0.0018063192405584996,0.10955457412425451
13,356.9135163235901,,,mixed C-O-C bending / mixed-phase cyclic C-C stretching,delta(O9-C8-H16),angle,0.004474716490732379,-,-0.0010856651684685841,0.22756282881982776
13,356.9135163235901,,,mixed C-O-C bending / mixed-phase cyclic C-C stretching,nu(C4-H15),bond,0.004205636152560711,-,-0.0008660874664669514,0.3360746833820311
13,356.9135163235901,,,mixed C-O-C bending / mixed-phase cyclic C-C stretching,nu(C1-H11),bond,0.0013918860436166781,+,0.0005082854463834655,0.3229356113236915
13,356.9135163235901,,,mixed C-O-C bending / mixed-phase cyclic C-C stretching,nu(C4-H14),bond,0.00029276413435909426,+,0.00022679347111197878,0.3411806434515935
13,356.9135163235901,,,mixed C-O-C bending / mixed-phase cyclic C-C stretching,nu(C1-H10),bond,9.638880011758676e-06,+,4.2249629132423575e-05,0.3236744213946024
13,356.9135163235901,,,mixed C-O-C bending / mixed-phase cyclic C-C stretching,nu(C3-H13),bond,8.825374963278855e-06,-,-4.0611417267973905e-05,0.32074838839996167
13,356.9135163235901,,,mixed C-O-C bending / mixed-phase cyclic C-C stretching,tau(C4-C3-C7-O9),dihedral,3.345763237946737e-07,-,-7.6165879310969645e-06,0.3457020006406303
14,449.6488563519311,,,mixed C-O torsion / O-C-C bending,tau(C1-O2-C3-C4),dihedral,29.115163976644588,-,-0.0632808747304997,1.401121193970568
14,449.6488563519311,,,mixed C-O torsion / O-C-C bending,delta(O2-C3-C4),angle,22.293448076431048,+,0.07832268892176386,0.7003312031404112
14,449.6488563519311,,,mixed C-O torsion / O-C-C bending,delta(O2-C3-C7),angle,15.603925862150893,+,0.059430852710033934,0.851356320806506
14,449.6488563519311,,,mixed C-O torsion / O-C-C bending,tau(H10-C1-O2-C3),dihedral,4.6050095251170875,+,0.06863056703372032,0.18840688455367277
14,449.6488563519311,,,mixed C-O torsion / O-C-C bending,tau(H12-C1-O2-C3),dihedral,4.452101354656142,+,0.06895731403664479,0.18042876586366072
14,449.6488563519311,,,mixed C-O torsion / O-C-C bending,delta(C4-C3-H13),angle,3.549375445364698,-,-0.05174245108130722,0.25548143957558495
14,449.6488563519311,,,mixed C-O torsion / O-C-C bending,delta(C3-C4-H15),angle,3.429808258285017,+,0.054836889269304134,0.2197989584380679
14,449.6488563519311,,,mixed C-O torsion / O-C-C bending,"gamma(O6;C5,C4,C7)",oop,3.351992225401467,+,0.0767868670822745,0.10955457412425451
14,449.6488563519311,,,mixed C-O torsion / O-C-C bending,nu(O2-C3),bond,2.3995920516487095,+,0.036743824600838804,0.34250751572774774
14,449.6488563519311,,,mixed C-O torsion / O-C-C bending,tau(C5-C7-O9-C8),dihedral,1.3733569714241434,+,0.0374668308066183,0.18853454090243024
14,449.6488563519311,,,mixed C-O torsion / O-C-C bending,tau(C3-C4-C5-C7),dihedral,1.1378199186224707,+,0.022451980721041744,0.4349763258740278
14,449.6488563519311,,,mixed C-O torsion / O-C-C bending,nu(C1-O2),bond,1.0938788315175518,+,0.025205774086764696,0.3317955436623933
14,449.6488563519311,,,mixed C-O torsion / O-C-C bending,nu(C3-C4),bond,1.0876445117389542,+,0.026755306091052155,0.29279828908400285
14,449.6488563519311,,,mixed C-O torsion / O-C-C bending,delta(C1-O2-C3),angle,0.8528921589501153,-,-0.0255565689535749,0.25164623392653446
14,449.6488563519311,,,mixed C-O torsion / O-C-C bending,delta(C3-C7-O9),angle,0.8370938752574851,+,0.019246690317371168,0.43547522975626995
14,449.6488563519311,,,mixed C-O torsion / O-C-C bending,tau(C1-O2-C3-C7),dihedral,0.8368647140022769,-,-0.01070547539959524,1.407164111732383
14,449.6488563519311,,,mixed C-O torsion / O-C-C bending,"gamma(H17;C8,C7,O9)",oop,0.7264946166838531,+,0.021930360726907995,0.29110003621150987
14,449.6488563519311,,,mixed C-O torsion / O-C-C bending,delta(O6-C5-C7),angle,0.45213167923349373,+,0.01572269589028673,0.3524620139770529
14,449.6488563519311,,,mixed C-O torsion / O-C-C bending,tau(C5-C7-C8-H17),dihedral,0.41299188687902266,+,0.015617320631237153,0.32630961917631934
14,449.6488563519311,,,mixed C-O torsion / O-C-C bending,nu(C3-C7),bond,0.396043631135268,+,0.0144094783527098,0.36757665853689414
14,449.6488563519311,,,mixed C-O torsion / O-C-C bending,delta(C7-C3-H13),angle,0.3826428165577237,-,-0.01758691608856251,0.238405127247466
14,449.6488563519311,,,mixed C-O torsion / O-C-C bending,nu(C4-C5),bond,0.2908216109089384,+,0.013046434296219756,0.32926413089158674
14,449.6488563519311,,,mixed C-O torsion / O-C-C bending,nu(C5-C7),bond,0.2782466006107681,+,0.013337777211457066,0.301414651416424
14,449.6488563519311,,,mixed C-O torsion / O-C-C bending,delta(C5-C4-H15),angle,0.2768434815420613,-,-0.016148354416779045,0.20458753359916523
14,449.6488563519311,,,mixed C-O torsion / O-C-C bending,nu(C5-O6),bond,0.2275556042535862,+,0.007060288160616539,0.8797192428027082
14,449.6488563519311,,,mixed C-O torsion / O-C-C bending,delta(H14-C4-H15),angle,0.10427638707376408,-,-0.008232085908442623,0.29652928958766894
14,449.6488563519311,,,mixed C-O torsion / O-C-C bending,nu(C7-C8),bond,0.10323127379906515,-,-0.007402839777975262,0.3630078327273742
14,449.6488563519311,,,mixed C-O torsion / O-C-C bending,delta(O2-C1-H10),angle,0.08409338674618824,-,-0.007654358534394813,0.27659584452157787
14,449.6488563519311,,,mixed C-O torsion / O-C-C bending,tau(C4-C3-C7-O9),dihedral,0.07901581351268487,-,-0.006636769984628181,0.3457020006406303
14,449.6488563519311,,,mixed C-O torsion / O-C-C bending,delta(O9-C8-H16),angle,0.07574589806472828,+,0.008009024135545072,0.22756282881982776
14,449.6488563519311,,,mixed C-O torsion / O-C-C bending,delta(O2-C1-H12),angle,0.028742381564019613,+,0.004677466049750197,0.25316453818387624
14,449.6488563519311,,,mixed C-O torsion / O-C-C bending,nu(C7-O9),bond,0.008207849206772153,+,0.0024041623282006013,0.2736548837890451
14,449.6488563519311,,,mixed C-O torsion / O-C-C bending,nu(C8-O9),bond,0.008142842271084414,+,0.0024079997892788112,0.2706228995532804
14,449.6488563519311,,,mixed C-O torsion / O-C-C bending,nu(C8-H16),bond,0.007795758415168052,-,-0.002075029637815624,0.3489081977295606
14,449.6488563519311,,,mixed C-O torsion / O-C-C bending,delta(C5-C4-H14),angle,0.007303087395538427,+,0.0022680086101024978,0.27360152237173796
14,449.6488563519311,,,mixed C-O torsion / O-C-C bending,"gamma(H17;C8,O9,H16)",oop,0.00726412671778937,-,-0.0026557794422722505,0.1984727154023873
14,449.6488563519311,,,mixed C-O torsion / O-C-C bending,nu(C1-H10),bond,0.0072223415446105235,-,-0.002073650333122978,0.3236744213946024
14,449.6488563519311,,,mixed C-O torsion / O-C-C bending,delta(O2-C1-H11),angle,0.005378220885568786,-,-0.001741693124233872,0.3416620715716716
14,449.6488563519311,,,mixed C-O torsion / O-C-C bending,delta(H10-C1-H11),angle,0.0031463790597449914,+,0.0014469385565336085,0.28960914653293446
14,449.6488563519311,,,mixed C-O torsion / O-C-C bending,nu(C4-H14),bond,0.0028907717137671035,+,0.00127780743592204,0.3411806434515935
14,449.6488563519311,,,mixed C-O torsion / O-C-C bending,nu(C8-H17),bond,0.0023632345301788813,+,0.0011375277689332963,0.35195263308227415
14,449.6488563519311,,,mixed C-O torsion / O-C-C bending,nu(C3-H13),bond,0.000840033095872276,-,-0.0007104224249266382,0.32074838839996167
14,449.6488563519311,,,mixed C-O torsion / O-C-C bending,nu(C1-H11),bond,0.0004981482742285737,-,-0.0005452203414028447,0.3229356113236915
14,449.6488563519311,,,mixed C-O torsion / O-C-C bending,nu(C1-H12),bond,9.78965523488078e-05,-,-0.00023407197083960278,0.3443261315380825
14,449.6488563519311,,,mixed C-O torsion / O-C-C bending,nu(C4-H15),bond,4.484559535899932e-06,+,5.0709893997605374e-05,0.3360746833820311
15,505.2925092405465,,,mixed ring-site C-H in-plane bending / C-O torsion,delta(C5-C4-H14),angle,23.361170714174534,+,0.15161460317308645,0.27360152237173796
15,505.2925092405465,,,mixed ring-site C-H in-plane bending / C-O torsion,delta(C5-C4-H15),angle,15.96017599743917,-,-0.1449213067825289,0.20458753359916523
15,505.2925092405465,,,mixed ring-site C-H in-plane bending / C-O torsion,delta(C3-C4-H15),angle,11.265685014338114,-,-0.11746783753646897,0.2197989584380679
15,505.2925092405465,,,mixed ring-site C-H in-plane bending / C-O torsion,tau(C5-C7-O9-C8),dihedral,7.369371720647171,+,0.10258237617353307,0.18853454090243024
15,505.2925092405465,,,mixed ring-site C-H in-plane bending / C-O torsion,"gamma(O6;C5,C4,C7)",oop,6.839235253226985,+,0.12964073979442695,0.10955457412425451
15,505.2925092405465,,,mixed ring-site C-H in-plane bending / C-O torsion,delta(C3-C7-O9),angle,6.3241427109743045,-,-0.06252764746993414,0.43547522975626995
15,505.2925092405465,,,mixed ring-site C-H in-plane bending / C-O torsion,tau(C3-C4-C5-C7),dihedral,5.641564909578067,-,-0.05909081380538782,0.4349763258740278
15,505.2925092405465,,,mixed ring-site C-H in-plane bending / C-O torsion,tau(C1-O2-C3-C7),dihedral,5.567946506940967,-,-0.0326383457485269,1.407164111732383
15,505.2925092405465,,,mixed ring-site C-H in-plane bending / C-O torsion,delta(O2-C3-C4),angle,4.980970389871989,-,-0.043758077029697605,0.7003312031404112
15,505.2925092405465,,,mixed ring-site C-H in-plane bending / C-O torsion,tau(C5-C7-C8-H17),dihedral,3.230466080159387,+,0.05162625726510161,0.32630961917631934
15,505.2925092405465,,,mixed ring-site C-H in-plane bending / C-O torsion,tau(H10-C1-O2-C3),dihedral,1.3811952491546442,-,-0.044425481198765215,0.18840688455367277
15,505.2925092405465,,,mixed ring-site C-H in-plane bending / C-O torsion,delta(C4-C3-H13),angle,1.3245493537352373,+,0.03736004425692625,0.25548143957558495
15,505.2925092405465,,,mixed ring-site C-H in-plane bending / C-O torsion,tau(H12-C1-O2-C3),dihedral,1.1799035654975727,-,-0.04195882851841456,0.18042876586366072
15,505.2925092405465,,,mixed ring-site C-H in-plane bending / C-O torsion,nu(C3-C4),bond,0.8765402190142515,-,-0.028389297337822725,0.29279828908400285
15,505.2925092405465,,,mixed ring-site C-H in-plane bending / C-O torsion,nu(C4-C5),bond,0.8254377807948959,+,0.025979030932725078,0.32926413089158674
15,505.2925092405465,,,mixed ring-site C-H in-plane bending / C-O torsion,tau(C4-C3-C7-O9),dihedral,0.7434884000024813,+,0.0240624109074873,0.3457020006406303
15,505.2925092405465,,,mixed ring-site C-H in-plane bending / C-O torsion,delta(O6-C5-C7),angle,0.7236654335435362,-,-0.02351070985580605,0.3524620139770529
15,505.2925092405465,,,mixed ring-site C-H in-plane bending / C-O torsion,delta(C1-O2-C3),angle,0.6797145055437229,+,0.026966279914300353,0.25164623392653446
15,505.2925092405465,,,mixed ring-site C-H in-plane bending / C-O torsion,nu(C7-O9),bond,0.4918953858815522,-,-0.021998231070785027,0.2736548837890451
15,505.2925092405465,,,mixed ring-site C-H in-plane bending / C-O torsion,nu(C3-C7),bond,0.34914085343972795,-,-0.01599113753922032,0.36757665853689414
15,505.2925092405465,,,mixed ring-site C-H in-plane bending / C-O torsion,delta(O2-C3-C7),angle,0.2322164784458549,+,0.008569269901639863,0.851356320806506
15,505.2925092405465,,,mixed ring-site C-H in-plane bending / C-O torsion,"gamma(H17;C8,C7,O9)",oop,0.16655387677025846,+,0.01241107014134258,0.29110003621150987
15,505.2925092405465,,,mixed ring-site C-H in-plane bending / C-O torsion,delta(C7-C3-H13),angle,0.1657418009919209,-,-0.013680791306162373,0.238405127247466
15,505.2925092405465,,,mixed ring-site C-H in-plane bending / C-O torsion,tau(C1-O2-C3-C4),dihedral,0.08445848126248687,-,-0.004028438792296805,1.401121193970568
15,505.2925092405465,,,mixed ring-site C-H in-plane bending / C-O torsion,nu(C4-H15),bond,0.0749043532333011,+,0.007746198413378519,0.3360746833820311
15,505.2925092405465,,,mixed ring-site C-H in-plane bending / C-O torsion,delta(O2-C1-H12),angle,0.03997215673471179,-,-0.006519740970599781,0.25316453818387624
15,505.2925092405465,,,mixed ring-site C-H in-plane bending / C-O torsion,nu(C4-H14),bond,0.034930671048030035,-,-0.0052500599098218035,0.3411806434515935
15,505.2925092405465,,,mixed ring-site C-H in-plane bending / C-O torsion,delta(O2-C1-H10),angle,0.021518637329210114,+,0.0045765429689425315,0.27659584452157787
15,505.2925092405465,,,mixed ring-site C-H in-plane bending / C-O torsion,nu(C8-O9),bond,0.017827833284647734,+,0.004211337014167657,0.2706228995532804
15,505.2925092405465,,,mixed ring-site C-H in-plane bending / C-O torsion,nu(C5-O6),bond,0.01762651697372496,+,0.0023225452960834395,0.8797192428027082
15,505.2925092405465,,,mixed ring-site C-H in-plane bending / C-O torsion,delta(O2-C1-H11),angle,0.01654999190219475,+,0.0036112162392966177,0.3416620715716716
15,505.2925092405465,,,mixed ring-site C-H in-plane bending / C-O torsion,delta(H14-C4-H15),angle,0.0021694979171039694,-,-0.0014034560176311205,0.29652928958766894
15,505.2925092405465,,,mixed ring-site C-H in-plane bending / C-O torsion,nu(C8-H16),bond,0.002028483826055184,-,-0.0012510745072024237,0.3489081977295606
15,505.2925092405465,,,mixed ring-site C-H in-plane bending / C-O torsion,nu(O2-C3),bond,0.0012035643543992563,+,0.0009726410443752575,0.34250751572774774
15,505.2925092405465,,,mixed ring-site C-H in-plane bending / C-O torsion,delta(O9-C8-H16),angle,0.0009984702415137743,+,0.0010868506957386031,0.22756282881982776
15,505.2925092405465,,,mixed ring-site C-H in-plane bending / C-O torsion,"gamma(H17;C8,O9,H16)",oop,0.0008901972315251813,+,0.0010988684406701556,0.1984727154023873
15,505.2925092405465,,,mixed ring-site C-H in-plane bending / C-O torsion,delta(H10-C1-H11),angle,0.000850605420107457,+,0.0008892234821142778,0.28960914653293446
15,505.2925092405465,,,mixed ring-site C-H in-plane bending / C-O torsion,nu(C7-C8),bond,0.0008366265197231823,-,-0.0007876999215846575,0.3630078327273742
15,505.2925092405465,,,mixed ring-site C-H in-plane bending / C-O torsion,nu(C1-O2),bond,0.0006711563118753877,-,-0.0007379544430369682,0.3317955436623933
15,505.2925092405465,,,mixed ring-site C-H in-plane bending / C-O torsion,nu(C3-H13),bond,0.0006507828427964028,+,0.0007390754775700892,0.32074838839996167
15,505.2925092405465,,,mixed ring-site C-H in-plane bending / C-O torsion,nu(C8-H17),bond,0.0005912068590800734,+,0.0006724819151516966,0.35195263308227415
15,505.2925092405465,,,mixed ring-site C-H in-plane bending / C-O torsion,nu(C1-H10),bond,0.0002848493069175931,+,0.00048675047072152457,0.3236744213946024
15,505.2925092405465,,,mixed ring-site C-H in-plane bending / C-O torsion,nu(C1-H12),bond,0.00020363049725475953,+,0.00039901516884879986,0.3443261315380825
15,505.2925092405465,,,mixed ring-site C-H in-plane bending / C-O torsion,nu(C1-H11),bond,5.992691630619268e-05,-,-0.00022351464427892049,0.3229356113236915
15,505.2925092405465,,,mixed ring-site C-H in-plane bending / C-O torsion,nu(C5-C7),bond,1.5982069406727105e-07,-,-1.1947782650176131e-05,0.301414651416424
16,572.5700994314326,,,mixed O-C-C bending / ring-site C-H in-plane bending,delta(O2-C3-C4),angle,15.049144513507539,+,0.07117901115154203,0.7003312031404112
16,572.5700994314326,,,mixed O-C-C bending / ring-site C-H in-plane bending,tau(C5-C7-C8-H17),dihedral,13.727766678231884,+,0.09959391134168834,0.32630961917631934
16,572.5700994314326,,,mixed O-C-C bending / ring-site C-H in-plane bending,delta(O2-C3-C7),angle,8.683655026277957,-,-0.04903920047945388,0.851356320806506
16,572.5700994314326,,,mixed O-C-C bending / ring-site C-H in-plane bending,"gamma(O6;C5,C4,C7)",oop,8.167825205161174,+,0.13258235911716487,0.10955457412425451
16,572.5700994314326,,,mixed O-C-C bending / ring-site C-H in-plane bending,delta(C5-C4-H15),angle,7.720574637031807,-,-0.09432634615672487,0.20458753359916523
16,572.5700994314326,,,mixed O-C-C bending / ring-site C-H in-plane bending,delta(C3-C7-O9),angle,6.796933638780775,+,0.06066281629421337,0.43547522975626995
16,572.5700994314326,,,mixed O-C-C bending / ring-site C-H in-plane bending,delta(C5-C4-H14),angle,5.763753699325004,+,0.07047599799637295,0.27360152237173796
16,572.5700994314326,,,mixed O-C-C bending / ring-site C-H in-plane bending,tau(C4-C3-C7-O9),dihedral,4.581012261392863,+,0.05589559235863007,0.3457020006406303
16,572.5700994314326,,,mixed O-C-C bending / ring-site C-H in-plane bending,tau(C1-O2-C3-C7),dihedral,3.9089527065400462,+,0.025592081797832306,1.407164111732383
16,572.5700994314326,,,mixed O-C-C bending / ring-site C-H in-plane bending,nu(C4-C5),bond,3.659002497615326,-,-0.0511866755466434,0.32926413089158674
16,572.5700994314326,,,mixed O-C-C bending / ring-site C-H in-plane bending,delta(C4-C3-H13),angle,3.063132074884187,-,-0.05316807866406843,0.25548143957558495
16,572.5700994314326,,,mixed O-C-C bending / ring-site C-H in-plane bending,tau(H10-C1-O2-C3),dihedral,2.5499287003259137,+,0.05648893887769669,0.18840688455367277
16,572.5700994314326,,,mixed O-C-C bending / ring-site C-H in-plane bending,nu(C7-C8),bond,2.3857310562185576,+,0.03936411812008376,0.3630078327273742
16,572.5700994314326,,,mixed O-C-C bending / ring-site C-H in-plane bending,tau(H12-C1-O2-C3),dihedral,2.155575890311636,+,0.053073356176612616,0.18042876586366072
16,572.5700994314326,,,mixed O-C-C bending / ring-site C-H in-plane bending,tau(C3-C4-C5-C7),dihedral,1.9836273887916576,-,-0.03279027206799724,0.4349763258740278
16,572.5700994314326,,,mixed O-C-C bending / ring-site C-H in-plane bending,tau(C5-C7-O9-C8),dihedral,1.7538415230929036,+,0.04683251624792126,0.18853454090243024
16,572.5700994314326,,,mixed O-C-C bending / ring-site C-H in-plane bending,nu(O2-C3),bond,1.495187072010831,-,-0.03208193068053052,0.34250751572774774
16,572.5700994314326,,,mixed O-C-C bending / ring-site C-H in-plane bending,nu(C8-O9),bond,1.0164026891818692,-,-0.029757635073470005,0.2706228995532804
16,572.5700994314326,,,mixed O-C-C bending / ring-site C-H in-plane bending,nu(C7-O9),bond,0.8601221419851391,+,0.027222389563751035,0.2736548837890451
16,572.5700994314326,,,mixed O-C-C bending / ring-site C-H in-plane bending,nu(C3-C4),bond,0.7281895991379163,+,0.024215071223489055,0.29279828908400285
16,572.5700994314326,,,mixed O-C-C bending / ring-site C-H in-plane bending,delta(C3-C4-H15),angle,0.6409917738580984,+,0.026221721189753928,0.2197989584380679
16,572.5700994314326,,,mixed O-C-C bending / ring-site C-H in-plane bending,delta(C1-O2-C3),angle,0.6196331885932642,-,-0.024094609956776147,0.25164623392653446
16,572.5700994314326,,,mixed O-C-C bending / ring-site C-H in-plane bending,tau(C1-O2-C3-C4),dihedral,0.5973565515197272,-,-0.010025977986135099,1.401121193970568
16,572.5700994314326,,,mixed O-C-C bending / ring-site C-H in-plane bending,nu(C1-O2),bond,0.5632366965603869,-,-0.02000589473246401,0.3317955436623933
16,572.5700994314326,,,mixed O-C-C bending / ring-site C-H in-plane bending,nu(C5-O6),bond,0.3900562172405947,-,-0.010224435481871907,0.8797192428027082
16,572.5700994314326,,,mixed O-C-C bending / ring-site C-H in-plane bending,nu(C3-C7),bond,0.3394983290509254,+,0.01475681525147761,0.36757665853689414
16,572.5700994314326,,,mixed O-C-C bending / ring-site C-H in-plane bending,delta(O6-C5-C7),angle,0.20843795719659158,+,0.011808100129708631,0.3524620139770529
16,572.5700994314326,,,mixed O-C-C bending / ring-site C-H in-plane bending,"gamma(H17;C8,O9,H16)",oop,0.13417170547291846,+,0.012624897088377341,0.1984727154023873
16,572.5700994314326,,,mixed O-C-C bending / ring-site C-H in-plane bending,delta(O2-C1-H12),angle,0.10047926262893594,+,0.009673520713143249,0.25316453818387624
16,572.5700994314326,,,mixed O-C-C bending / ring-site C-H in-plane bending,delta(O9-C8-H16),angle,0.08385886023001138,+,0.009321195098295926,0.22756282881982776
16,572.5700994314326,,,mixed O-C-C bending / ring-site C-H in-plane bending,nu(C5-C7),bond,0.0655935327461599,+,0.007163019174777706,0.301414651416424
16,572.5700994314326,,,mixed O-C-C bending / ring-site C-H in-plane bending,delta(C7-C3-H13),angle,0.04640761095501136,+,0.006774614581176103,0.238405127247466
16,572.5700994314326,,,mixed O-C-C bending / ring-site C-H in-plane bending,delta(O2-C1-H10),angle,0.043961736933632714,-,-0.006121563774383508,0.27659584452157787
16,572.5700994314326,,,mixed O-C-C bending / ring-site C-H in-plane bending,"gamma(H17;C8,C7,O9)",oop,0.02909659153837807,-,-0.004854535835216399,0.29110003621150987
16,572.5700994314326,,,mixed O-C-C bending / ring-site C-H in-plane bending,delta(O2-C1-H11),angle,0.02034365667864527,-,-0.003746829289074224,0.3416620715716716
16,572.5700994314326,,,mixed O-C-C bending / ring-site C-H in-plane bending,nu(C4-H15),bond,0.015996607928344845,+,0.00334999249062116,0.3360746833820311
16,572.5700994314326,,,mixed O-C-C bending / ring-site C-H in-plane bending,nu(C3-H13),bond,0.013146357282574342,+,0.003108624434906696,0.32074838839996167
16,572.5700994314326,,,mixed O-C-C bending / ring-site C-H in-plane bending,delta(H14-C4-H15),angle,0.011417066443574942,+,0.0030129453062462718,0.29652928958766894
16,572.5700994314326,,,mixed O-C-C bending / ring-site C-H in-plane bending,nu(C8-H17),bond,0.009703455035227824,+,0.0025495813395673226,0.35195263308227415
16,572.5700994314326,,,mixed O-C-C bending / ring-site C-H in-plane bending,nu(C8-H16),bond,0.006730622141255763,+,0.0021326510483606893,0.3489081977295606
16,572.5700994314326,,,mixed O-C-C bending / ring-site C-H in-plane bending,nu(C4-H14),bond,0.004039357978818347,-,-0.0016707511240724162,0.3411806434515935
16,572.5700994314326,,,mixed O-C-C bending / ring-site C-H in-plane bending,delta(H10-C1-H11),angle,0.003554648134669002,-,-0.0017011395991452885,0.28960914653293446
16,572.5700994314326,,,mixed O-C-C bending / ring-site C-H in-plane bending,nu(C1-H11),bond,0.0015766605721812966,+,0.0010728991877542236,0.3229356113236915
16,572.5700994314326,,,mixed O-C-C bending / ring-site C-H in-plane bending,nu(C1-H12),bond,0.0003305954695275857,-,-0.000475785540683462,0.3443261315380825
16,572.5700994314326,,,mixed O-C-C bending / ring-site C-H in-plane bending,nu(C1-H10),bond,2.1958005537035435e-05,+,0.00012647073348083382,0.3236744213946024
17,622.5471852291545,,,mixed C-O torsion / cyclic C-C stretching / O-C-C bending,tau(C1-O2-C3-C4),dihedral,23.722142339984472,-,-0.06300857414116731,1.401121193970568
17,622.5471852291545,,,mixed C-O torsion / cyclic C-C stretching / O-C-C bending,nu(C4-C5),bond,18.201971608325085,+,0.11385380632062236,0.32926413089158674
17,622.5471852291545,,,mixed C-O torsion / cyclic C-C stretching / O-C-C bending,delta(O6-C5-C7),angle,15.63346529704427,-,-0.10198399418681013,0.3524620139770529
17,622.5471852291545,,,mixed C-O torsion / cyclic C-C stretching / O-C-C bending,tau(C5-C7-C8-H17),dihedral,10.65451542697432,-,-0.08750088838483767,0.32630961917631934
17,622.5471852291545,,,mixed C-O torsion / cyclic C-C stretching / O-C-C bending,nu(C7-O9),bond,9.698542823979897,+,0.091161653023116,0.2736548837890451
17,622.5471852291545,,,mixed C-O torsion / cyclic C-C stretching / O-C-C bending,tau(C4-C3-C7-O9),dihedral,6.9382194564048,-,-0.06860150114751212,0.3457020006406303
17,622.5471852291545,,,mixed C-O torsion / cyclic C-C stretching / O-C-C bending,nu(C8-O9),bond,3.043554164810578,-,-0.0513533518493877,0.2706228995532804
17,622.5471852291545,,,mixed C-O torsion / cyclic C-C stretching / O-C-C bending,nu(C3-C7),bond,2.0900844249673565,+,0.03651476424900088,0.36757665853689414
17,622.5471852291545,,,mixed C-O torsion / cyclic C-C stretching / O-C-C bending,nu(C7-C8),bond,1.8051001253338554,+,0.03414705070695868,0.3630078327273742
17,622.5471852291545,,,mixed C-O torsion / cyclic C-C stretching / O-C-C bending,delta(C5-C4-H15),angle,1.3531571444844142,+,0.0393817565723605,0.20458753359916523
17,622.5471852291545,,,mixed C-O torsion / cyclic C-C stretching / O-C-C bending,delta(O2-C3-C7),angle,1.3195821253022582,+,0.019064397250974748,0.851356320806506
17,622.5471852291545,,,mixed C-O torsion / cyclic C-C stretching / O-C-C bending,nu(C5-C7),bond,1.2858005310022986,+,0.031627522267271134,0.301414651416424
17,622.5471852291545,,,mixed C-O torsion / cyclic C-C stretching / O-C-C bending,delta(O2-C3-C4),angle,0.8061557648967589,-,-0.016429270985729286,0.7003312031404112
17,622.5471852291545,,,mixed C-O torsion / cyclic C-C stretching / O-C-C bending,delta(C4-C3-H13),angle,0.6004723923006476,-,-0.023476178034742983,0.25548143957558495
17,622.5471852291545,,,mixed C-O torsion / cyclic C-C stretching / O-C-C bending,delta(C3-C4-H15),angle,0.49577925427706027,+,0.02299809741408045,0.2197989584380679
17,622.5471852291545,,,mixed C-O torsion / cyclic C-C stretching / O-C-C bending,tau(C1-O2-C3-C7),dihedral,0.3865959664058933,+,0.00802632670490478,1.407164111732383
17,622.5471852291545,,,mixed C-O torsion / cyclic C-C stretching / O-C-C bending,nu(C3-C4),bond,0.34982823900696136,-,-0.016738005796160624,0.29279828908400285
17,622.5471852291545,,,mixed C-O torsion / cyclic C-C stretching / O-C-C bending,delta(C7-C3-H13),angle,0.3119886672364824,-,-0.017517501489288104,0.238405127247466
17,622.5471852291545,,,mixed C-O torsion / cyclic C-C stretching / O-C-C bending,tau(H12-C1-O2-C3),dihedral,0.30687736542165095,+,0.01997055288783661,0.18042876586366072
17,622.5471852291545,,,mixed C-O torsion / cyclic C-C stretching / O-C-C bending,tau(H10-C1-O2-C3),dihedral,0.2154063330936745,+,0.016373495283151726,0.18840688455367277
17,622.5471852291545,,,mixed C-O torsion / cyclic C-C stretching / O-C-C bending,tau(C5-C7-O9-C8),dihedral,0.19591100707006634,+,0.015609698111621953,0.18853454090243024
17,622.5471852291545,,,mixed C-O torsion / cyclic C-C stretching / O-C-C bending,delta(C1-O2-C3),angle,0.16644740307090883,+,0.012453856106025899,0.25164623392653446
17,622.5471852291545,,,mixed C-O torsion / cyclic C-C stretching / O-C-C bending,delta(C5-C4-H14),angle,0.10028737571961666,+,0.009270954038534628,0.27360152237173796
17,622.5471852291545,,,mixed C-O torsion / cyclic C-C stretching / O-C-C bending,tau(C3-C4-C5-C7),dihedral,0.03681034557780195,+,0.0044546407578539655,0.4349763258740278
17,622.5471852291545,,,mixed C-O torsion / cyclic C-C stretching / O-C-C bending,"gamma(H17;C8,C7,O9)",oop,0.03622280364640294,+,0.0054016998727900115,0.29110003621150987
17,622.5471852291545,,,mixed C-O torsion / cyclic C-C stretching / O-C-C bending,nu(O2-C3),bond,0.03525629156828782,-,-0.004912966592237995,0.34250751572774774
17,622.5471852291545,,,mixed C-O torsion / cyclic C-C stretching / O-C-C bending,delta(O2-C1-H12),angle,0.031818814469146486,-,-0.005428765850383342,0.25316453818387624
17,622.5471852291545,,,mixed C-O torsion / cyclic C-C stretching / O-C-C bending,delta(O9-C8-H16),angle,0.03138181927830667,+,0.005686551097432419,0.22756282881982776
17,622.5471852291545,,,mixed C-O torsion / cyclic C-C stretching / O-C-C bending,nu(C8-H17),bond,0.02625717388372062,+,0.004182562410800149,0.35195263308227415
17,622.5471852291545,,,mixed C-O torsion / cyclic C-C stretching / O-C-C bending,"gamma(H17;C8,O9,H16)",oop,0.019593718498592306,+,0.004811368002947936,0.1984727154023873
17,622.5471852291545,,,mixed C-O torsion / cyclic C-C stretching / O-C-C bending,delta(C3-C7-O9),angle,0.01949560415817078,-,-0.003240016112624704,0.43547522975626995
17,622.5471852291545,,,mixed C-O torsion / cyclic C-C stretching / O-C-C bending,nu(C5-O6),bond,0.013589831691685551,-,-0.0019032487028427763,0.8797192428027082
17,622.5471852291545,,,mixed C-O torsion / cyclic C-C stretching / O-C-C bending,nu(C8-H16),bond,0.012074242760192476,+,0.0028486225917078163,0.3489081977295606
17,622.5471852291545,,,mixed C-O torsion / cyclic C-C stretching / O-C-C bending,delta(O2-C1-H10),angle,0.011084241002182313,+,0.0030654250618822377,0.27659584452157787
17,622.5471852291545,,,mixed C-O torsion / cyclic C-C stretching / O-C-C bending,"gamma(O6;C5,C4,C7)",oop,0.010508028623983945,+,0.004742484448171544,0.10955457412425451
17,622.5471852291545,,,mixed C-O torsion / cyclic C-C stretching / O-C-C bending,delta(O2-C1-H11),angle,0.009976180888127732,+,0.002616642084213965,0.3416620715716716
17,622.5471852291545,,,mixed C-O torsion / cyclic C-C stretching / O-C-C bending,nu(C1-O2),bond,0.009540200460220055,+,0.0025965938555707305,0.3317955436623933
17,622.5471852291545,,,mixed C-O torsion / cyclic C-C stretching / O-C-C bending,delta(H14-C4-H15),angle,0.005317429303588813,+,0.0020505842295998724,0.29652928958766894
17,622.5471852291545,,,mixed C-O torsion / cyclic C-C stretching / O-C-C bending,nu(C3-H13),bond,0.003589600228808028,+,0.0016199490292546504,0.32074838839996167
17,622.5471852291545,,,mixed C-O torsion / cyclic C-C stretching / O-C-C bending,nu(C4-H15),bond,0.0026493288286436175,-,-0.0013595982060327645,0.3360746833820311
17,622.5471852291545,,,mixed C-O torsion / cyclic C-C stretching / O-C-C bending,nu(C4-H14),bond,0.0022661867222711182,+,0.0012480046475949872,0.3411806434515935
17,622.5471852291545,,,mixed C-O torsion / cyclic C-C stretching / O-C-C bending,delta(H10-C1-H11),angle,0.0005714039911475197,+,0.0006801834289521014,0.28960914653293446
17,622.5471852291545,,,mixed C-O torsion / cyclic C-C stretching / O-C-C bending,nu(C1-H10),bond,0.00010847629937287828,+,0.00028033271918552347,0.3236744213946024
17,622.5471852291545,,,mixed C-O torsion / cyclic C-C stretching / O-C-C bending,nu(C1-H12),bond,2.8867867965840606e-06,+,4.4338695631337406e-05,0.3443261315380825
17,622.5471852291545,,,mixed C-O torsion / cyclic C-C stretching / O-C-C bending,nu(C1-H11),bond,1.5421920220577133e-07,+,1.0582098651007598e-05,0.3229356113236915
18,719.3251155784259,,,mixed C-O torsion / cyclic C-C stretching / O-C-C bending,tau(C1-O2-C3-C4),dihedral,18.89948935437371,-,-0.07021805580888213,1.401121193970568
18,719.3251155784259,,,mixed C-O torsion / cyclic C-C stretching / O-C-C bending,delta(O2-C3-C7),angle,16.027408402463912,+,0.08295404848269655,0.851356320806506
18,719.3251155784259,,,mixed C-O torsion / cyclic C-C stretching / O-C-C bending,tau(C5-C7-C8-H17),dihedral,9.012573182552783,-,-0.10047802284873017,0.32630961917631934
18,719.3251155784259,,,mixed C-O torsion / cyclic C-C stretching / O-C-C bending,nu(C5-C7),bond,8.67255158016242,-,-0.10255406583390086,0.301414651416424
18,719.3251155784259,,,mixed C-O torsion / cyclic C-C stretching / O-C-C bending,delta(C3-C4-H15),angle,5.206612854003999,+,0.09305215700966363,0.2197989584380679
18,719.3251155784259,,,mixed C-O torsion / cyclic C-C stretching / O-C-C bending,nu(C4-C5),bond,4.9037765478592625,-,-0.0737827336289138,0.32926413089158674
18,719.3251155784259,,,mixed C-O torsion / cyclic C-C stretching / O-C-C bending,delta(C1-O2-C3),angle,4.827063513696744,+,0.08373516988092644,0.25164623392653446
18,719.3251155784259,,,mixed C-O torsion / cyclic C-C stretching / O-C-C bending,delta(C7-C3-H13),angle,4.151376692190618,-,-0.07978107657488412,0.238405127247466
18,719.3251155784259,,,mixed C-O torsion / cyclic C-C stretching / O-C-C bending,tau(C5-C7-O9-C8),dihedral,3.907509807652706,+,0.0870394606597048,0.18853454090243024
18,719.3251155784259,,,mixed C-O torsion / cyclic C-C stretching / O-C-C bending,nu(C7-C8),bond,3.6305464268978875,-,-0.06046298946486235,0.3630078327273742
18,719.3251155784259,,,mixed C-O torsion / cyclic C-C stretching / O-C-C bending,nu(C8-O9),bond,2.921033397496514,+,0.06281272091509787,0.2706228995532804
18,719.3251155784259,,,mixed C-O torsion / cyclic C-C stretching / O-C-C bending,"gamma(H17;C8,C7,O9)",oop,2.2888891992546663,+,0.05361087208563687,0.29110003621150987
18,719.3251155784259,,,mixed C-O torsion / cyclic C-C stretching / O-C-C bending,nu(O2-C3),bond,2.2704956628558666,-,-0.049225133450148124,0.34250751572774774
18,719.3251155784259,,,mixed C-O torsion / cyclic C-C stretching / O-C-C bending,nu(C3-C4),bond,2.101600716189849,-,-0.051221518972008856,0.29279828908400285
18,719.3251155784259,,,mixed C-O torsion / cyclic C-C stretching / O-C-C bending,delta(C4-C3-H13),angle,1.8867240716913187,-,-0.05195605102508991,0.25548143957558495
18,719.3251155784259,,,mixed C-O torsion / cyclic C-C stretching / O-C-C bending,delta(O6-C5-C7),angle,1.6645050817919673,-,-0.041547798837684065,0.3524620139770529
18,719.3251155784259,,,mixed C-O torsion / cyclic C-C stretching / O-C-C bending,nu(C5-O6),bond,1.3606681923236033,-,-0.0237774724522783,0.8797192428027082
18,719.3251155784259,,,mixed C-O torsion / cyclic C-C stretching / O-C-C bending,tau(C1-O2-C3-C7),dihedral,0.9726227622007264,+,0.01589503381352218,1.407164111732383
18,719.3251155784259,,,mixed C-O torsion / cyclic C-C stretching / O-C-C bending,"gamma(O6;C5,C4,C7)",oop,0.9634692809900768,+,0.056697680909212934,0.10955457412425451
18,719.3251155784259,,,mixed C-O torsion / cyclic C-C stretching / O-C-C bending,delta(O2-C1-H12),angle,0.8453850214578698,-,-0.03493714843467664,0.25316453818387624
18,719.3251155784259,,,mixed C-O torsion / cyclic C-C stretching / O-C-C bending,delta(C3-C7-O9),angle,0.7494097863677136,-,-0.0250806950853019,0.43547522975626995
18,719.3251155784259,,,mixed C-O torsion / cyclic C-C stretching / O-C-C bending,nu(C3-C7),bond,0.6505943496571795,-,-0.025435647494796786,0.36757665853689414
18,719.3251155784259,,,mixed C-O torsion / cyclic C-C stretching / O-C-C bending,delta(C5-C4-H14),angle,0.5395860117608183,-,-0.026849283661540463,0.27360152237173796
18,719.3251155784259,,,mixed C-O torsion / cyclic C-C stretching / O-C-C bending,delta(C5-C4-H15),angle,0.35998904923201425,+,0.025361017767318243,0.20458753359916523
18,719.3251155784259,,,mixed C-O torsion / cyclic C-C stretching / O-C-C bending,nu(C7-O9),bond,0.27112071678669825,-,-0.019030113002041944,0.2736548837890451
18,719.3251155784259,,,mixed C-O torsion / cyclic C-C stretching / O-C-C bending,tau(H12-C1-O2-C3),dihedral,0.230610721007338,+,0.021614663277083196,0.18042876586366072
18,719.3251155784259,,,mixed C-O torsion / cyclic C-C stretching / O-C-C bending,delta(O2-C1-H11),angle,0.1841137860557973,+,0.014034805108066753,0.3416620715716716
18,719.3251155784259,,,mixed C-O torsion / cyclic C-C stretching / O-C-C bending,delta(O2-C1-H10),angle,0.15340057917862282,+,0.014238108262169247,0.27659584452157787
18,719.3251155784259,,,mixed C-O torsion / cyclic C-C stretching / O-C-C bending,delta(O2-C3-C4),angle,0.1275321064554727,+,0.008158675216322185,0.7003312031404112
18,719.3251155784259,,,mixed C-O torsion / cyclic C-C stretching / O-C-C bending,delta(H14-C4-H15),angle,0.05671994343009663,+,0.008361721771454679,0.29652928958766894
18,719.3251155784259,,,mixed C-O torsion / cyclic C-C stretching / O-C-C bending,delta(H10-C1-H11),angle,0.05452317876837721,+,0.008295566779759483,0.28960914653293446
18,719.3251155784259,,,mixed C-O torsion / cyclic C-C stretching / O-C-C bending,nu(C8-H16),bond,0.024579673656622603,-,-0.005074509691207644,0.3489081977295606
18,719.3251155784259,,,mixed C-O torsion / cyclic C-C stretching / O-C-C bending,"gamma(H17;C8,O9,H16)",oop,0.02224724790010085,-,-0.006401022563353399,0.1984727154023873
18,719.3251155784259,,,mixed C-O torsion / cyclic C-C stretching / O-C-C bending,delta(O9-C8-H16),angle,0.018105408309825797,-,-0.0053928099638427445,0.22756282881982776
18,719.3251155784259,,,mixed C-O torsion / cyclic C-C stretching / O-C-C bending,tau(H10-C1-O2-C3),dihedral,0.013404113966698319,+,0.005099555098182085,0.18840688455367277
18,719.3251155784259,,,mixed C-O torsion / cyclic C-C stretching / O-C-C bending,nu(C3-H13),bond,0.010247475991182425,+,0.0034173371672145385,0.32074838839996167
18,719.3251155784259,,,mixed C-O torsion / cyclic C-C stretching / O-C-C bending,nu(C4-H15),bond,0.007421607010376228,-,-0.0028411403928057647,0.3360746833820311
18,719.3251155784259,,,mixed C-O torsion / cyclic C-C stretching / O-C-C bending,nu(C1-O2),bond,0.004687576925865694,+,0.002272482493823528,0.3317955436623933
18,719.3251155784259,,,mixed C-O torsion / cyclic C-C stretching / O-C-C bending,tau(C4-C3-C7-O9),dihedral,0.0038351089997984322,-,-0.002013722052973508,0.3457020006406303
18,719.3251155784259,,,mixed C-O torsion / cyclic C-C stretching / O-C-C bending,tau(C3-C4-C5-C7),dihedral,0.0017923085221487672,-,-0.0012272560772539237,0.4349763258740278
18,719.3251155784259,,,mixed C-O torsion / cyclic C-C stretching / O-C-C bending,nu(C4-H14),bond,0.0009091065495968793,-,-0.0009869083378425086,0.3411806434515935
18,719.3251155784259,,,mixed C-O torsion / cyclic C-C stretching / O-C-C bending,nu(C1-H11),bond,0.00039824059795544076,-,-0.0006713923878315257,0.3229356113236915
18,719.3251155784259,,,mixed C-O torsion / cyclic C-C stretching / O-C-C bending,nu(C8-H17),bond,0.00031928926943369015,-,-0.0005758530468016762,0.35195263308227415
18,719.3251155784259,,,mixed C-O torsion / cyclic C-C stretching / O-C-C bending,nu(C1-H12),bond,0.00011355057977588704,+,0.00034719327389331746,0.3443261315380825
18,719.3251155784259,,,mixed C-O torsion / cyclic C-C stretching / O-C-C bending,nu(C1-H10),bond,3.731491399979071e-05,-,-0.00020528095011508281,0.3236744213946024
19,791.4066141158401,,,mixed mixed-phase cyclic C-C stretching / ring-site C-H in-plane bending,nu(C3-C4),bond,22.00399335416592,+,0.16744150267241667,0.29279828908400285
19,791.4066141158401,,,mixed mixed-phase cyclic C-C stretching / ring-site C-H in-plane bending,tau(C5-C7-C8-H17),dihedral,11.101581694558513,-,-0.11266113417090767,0.32630961917631934
19,791.4066141158401,,,mixed mixed-phase cyclic C-C stretching / ring-site C-H in-plane bending,delta(C3-C4-H15),angle,10.273066594944785,-,-0.1320486192095643,0.2197989584380679
19,791.4066141158401,,,mixed mixed-phase cyclic C-C stretching / ring-site C-H in-plane bending,tau(C1-O2-C3-C7),dihedral,9.73095718739866,-,-0.0507927858466382,1.407164111732383
19,791.4066141158401,,,mixed mixed-phase cyclic C-C stretching / ring-site C-H in-plane bending,nu(C4-C5),bond,9.424080196781205,-,-0.10333415750999703,0.32926413089158674
19,791.4066141158401,,,mixed mixed-phase cyclic C-C stretching / ring-site C-H in-plane bending,nu(C7-O9),bond,7.466823352544399,+,0.10089344809307359,0.2736548837890451
19,791.4066141158401,,,mixed mixed-phase cyclic C-C stretching / ring-site C-H in-plane bending,delta(C3-C7-O9),angle,5.432582103676001,-,-0.06822099486938112,0.43547522975626995
19,791.4066141158401,,,mixed mixed-phase cyclic C-C stretching / ring-site C-H in-plane bending,nu(O2-C3),bond,4.306491646148666,+,0.06848940278980935,0.34250751572774774
19,791.4066141158401,,,mixed mixed-phase cyclic C-C stretching / ring-site C-H in-plane bending,delta(C5-C4-H15),angle,3.432707639579475,-,-0.07911802772697007,0.20458753359916523
19,791.4066141158401,,,mixed mixed-phase cyclic C-C stretching / ring-site C-H in-plane bending,delta(O6-C5-C7),angle,3.2547773769061,-,-0.05869500077962008,0.3524620139770529
19,791.4066141158401,,,mixed mixed-phase cyclic C-C stretching / ring-site C-H in-plane bending,delta(C4-C3-H13),angle,2.4398095810180065,+,0.05968908432188169,0.25548143957558495
19,791.4066141158401,,,mixed mixed-phase cyclic C-C stretching / ring-site C-H in-plane bending,nu(C7-C8),bond,2.316432267340536,-,-0.0487919789027644,0.3630078327273742
19,791.4066141158401,,,mixed mixed-phase cyclic C-C stretching / ring-site C-H in-plane bending,nu(C5-C7),bond,1.5552955704175628,-,-0.04387538250384912,0.301414651416424
19,791.4066141158401,,,mixed mixed-phase cyclic C-C stretching / ring-site C-H in-plane bending,delta(C5-C4-H14),angle,1.5175668748777247,+,0.04548951348128259,0.27360152237173796
19,791.4066141158401,,,mixed mixed-phase cyclic C-C stretching / ring-site C-H in-plane bending,nu(C1-O2),bond,1.5145617998605156,+,0.041267185739501444,0.3317955436623933
19,791.4066141158401,,,mixed mixed-phase cyclic C-C stretching / ring-site C-H in-plane bending,"gamma(O6;C5,C4,C7)",oop,0.871554696939007,-,-0.05447894565895192,0.10955457412425451
19,791.4066141158401,,,mixed mixed-phase cyclic C-C stretching / ring-site C-H in-plane bending,nu(C8-O9),bond,0.3838397645560718,-,-0.023003257356937992,0.2706228995532804
19,791.4066141158401,,,mixed mixed-phase cyclic C-C stretching / ring-site C-H in-plane bending,nu(C5-O6),bond,0.35017361762344007,-,-0.012186143647500952,0.8797192428027082
19,791.4066141158401,,,mixed mixed-phase cyclic C-C stretching / ring-site C-H in-plane bending,tau(C5-C7-O9-C8),dihedral,0.34941345129435303,+,0.026294866710617003,0.18853454090243024
19,791.4066141158401,,,mixed mixed-phase cyclic C-C stretching / ring-site C-H in-plane bending,tau(C3-C4-C5-C7),dihedral,0.3431320952806215,+,0.017155148762848186,0.4349763258740278
19,791.4066141158401,,,mixed mixed-phase cyclic C-C stretching / ring-site C-H in-plane bending,tau(H12-C1-O2-C3),dihedral,0.3099150793743562,-,-0.02531425160440694,0.18042876586366072
19,791.4066141158401,,,mixed mixed-phase cyclic C-C stretching / ring-site C-H in-plane bending,delta(C1-O2-C3),angle,0.299820808849712,-,-0.021082994513073054,0.25164623392653446
19,791.4066141158401,,,mixed mixed-phase cyclic C-C stretching / ring-site C-H in-plane bending,delta(O2-C3-C4),angle,0.26326124896049935,-,-0.011842362692149024,0.7003312031404112
19,791.4066141158401,,,mixed mixed-phase cyclic C-C stretching / ring-site C-H in-plane bending,delta(O2-C1-H10),angle,0.2074966704956076,-,-0.01672936159401361,0.27659584452157787
19,791.4066141158401,,,mixed mixed-phase cyclic C-C stretching / ring-site C-H in-plane bending,tau(H10-C1-O2-C3),dihedral,0.2046789632725922,-,-0.020131903860702707,0.18840688455367277
19,791.4066141158401,,,mixed mixed-phase cyclic C-C stretching / ring-site C-H in-plane bending,delta(O2-C1-H12),angle,0.15777285152289539,+,0.015247945428289408,0.25316453818387624
19,791.4066141158401,,,mixed mixed-phase cyclic C-C stretching / ring-site C-H in-plane bending,"gamma(H17;C8,O9,H16)",oop,0.11482834014802576,-,-0.014691656489705865,0.1984727154023873
19,791.4066141158401,,,mixed mixed-phase cyclic C-C stretching / ring-site C-H in-plane bending,tau(C1-O2-C3-C4),dihedral,0.10114508912631191,+,0.00518956764309811,1.401121193970568
19,791.4066141158401,,,mixed mixed-phase cyclic C-C stretching / ring-site C-H in-plane bending,"gamma(H17;C8,C7,O9)",oop,0.07669009732991344,+,0.00991391388914965,0.29110003621150987
19,791.4066141158401,,,mixed mixed-phase cyclic C-C stretching / ring-site C-H in-plane bending,delta(C7-C3-H13),angle,0.07408003587012953,-,-0.010766868873816017,0.238405127247466
19,791.4066141158401,,,mixed mixed-phase cyclic C-C stretching / ring-site C-H in-plane bending,nu(C3-C7),bond,0.03295105717566087,-,-0.0057830552468660645,0.36757665853689414
19,791.4066141158401,,,mixed mixed-phase cyclic C-C stretching / ring-site C-H in-plane bending,delta(O2-C1-H11),angle,0.023376049351867934,-,-0.005052237993418553,0.3416620715716716
19,791.4066141158401,,,mixed mixed-phase cyclic C-C stretching / ring-site C-H in-plane bending,nu(C4-H15),bond,0.02155871279217935,+,0.004892041605779807,0.3360746833820311
19,791.4066141158401,,,mixed mixed-phase cyclic C-C stretching / ring-site C-H in-plane bending,nu(C3-H13),bond,0.019600462663980685,-,-0.00477471603007629,0.32074838839996167
19,791.4066141158401,,,mixed mixed-phase cyclic C-C stretching / ring-site C-H in-plane bending,delta(H14-C4-H15),angle,0.0072193454693036474,+,0.003013781352712438,0.29652928958766894
19,791.4066141158401,,,mixed mixed-phase cyclic C-C stretching / ring-site C-H in-plane bending,delta(O2-C3-C7),angle,0.005620946572028029,+,0.001569443457279201,0.851356320806506
19,791.4066141158401,,,mixed mixed-phase cyclic C-C stretching / ring-site C-H in-plane bending,nu(C1-H11),bond,0.00418075342606396,-,-0.002197687486390174,0.3229356113236915
19,791.4066141158401,,,mixed mixed-phase cyclic C-C stretching / ring-site C-H in-plane bending,nu(C1-H10),bond,0.002971561588186176,-,-0.0018506948028377591,0.3236744213946024
19,791.4066141158401,,,mixed mixed-phase cyclic C-C stretching / ring-site C-H in-plane bending,nu(C8-H17),bond,0.0025251878939240436,+,0.0016360680650602212,0.35195263308227415
19,791.4066141158401,,,mixed mixed-phase cyclic C-C stretching / ring-site C-H in-plane bending,nu(C8-H16),bond,0.0008187797868738684,+,0.0009356740765883602,0.3489081977295606
19,791.4066141158401,,,mixed mixed-phase cyclic C-C stretching / ring-site C-H in-plane bending,delta(O9-C8-H16),angle,0.00031137807649080567,-,-0.0007144798438851243,0.22756282881982776
19,791.4066141158401,,,mixed mixed-phase cyclic C-C stretching / ring-site C-H in-plane bending,tau(C4-C3-C7-O9),dihedral,0.00025865444572364086,-,-0.0005283304660355089,0.3457020006406303
19,791.4066141158401,,,mixed mixed-phase cyclic C-C stretching / ring-site C-H in-plane bending,delta(H10-C1-H11),angle,4.5198128657208724e-05,+,0.00024129633067046912,0.28960914653293446
19,791.4066141158401,,,mixed mixed-phase cyclic C-C stretching / ring-site C-H in-plane bending,nu(C4-H14),bond,1.990406709346861e-05,-,-0.0001475283037917183,0.3411806434515935
19,791.4066141158401,,,mixed mixed-phase cyclic C-C stretching / ring-site C-H in-plane bending,nu(C1-H12),bond,1.1957700353608916e-05,+,0.00011382442604987471,0.3443261315380825
20,851.1971117111879,,,mixed mixed-phase cyclic C-C stretching / ring-site C-H out-of-plane bending,nu(C7-C8),bond,15.73746193380575,-,-0.1438974238903607,0.3630078327273742
20,851.1971117111879,,,mixed mixed-phase cyclic C-C stretching / ring-site C-H out-of-plane bending,tau(C1-O2-C3-C4),dihedral,12.7735244678021,-,-0.06598742656248706,1.401121193970568
20,851.1971117111879,,,mixed mixed-phase cyclic C-C stretching / ring-site C-H out-of-plane bending,tau(C5-C7-C8-H17),dihedral,11.769567322199551,+,0.13125292221000687,0.32630961917631934
20,851.1971117111879,,,mixed mixed-phase cyclic C-C stretching / ring-site C-H out-of-plane bending,tau(C4-C3-C7-O9),dihedral,10.95596086600184,+,0.12303196503533884,0.3457020006406303
20,851.1971117111879,,,mixed mixed-phase cyclic C-C stretching / ring-site C-H out-of-plane bending,nu(C7-O9),bond,8.709528905319575,+,0.12329327864947194,0.2736548837890451
20,851.1971117111879,,,mixed mixed-phase cyclic C-C stretching / ring-site C-H out-of-plane bending,nu(C5-C7),bond,6.920377392085546,+,0.10471921563457642,0.301414651416424
20,851.1971117111879,,,mixed mixed-phase cyclic C-C stretching / ring-site C-H out-of-plane bending,nu(C3-C7),bond,6.82461182822733,-,-0.0941691575784774,0.36757665853689414
20,851.1971117111879,,,mixed mixed-phase cyclic C-C stretching / ring-site C-H out-of-plane bending,delta(C5-C4-H14),angle,6.2461940588296,+,0.10442203497254687,0.27360152237173796
20,851.1971117111879,,,mixed mixed-phase cyclic C-C stretching / ring-site C-H out-of-plane bending,nu(C8-O9),bond,5.546937496926511,+,0.09894367464009628,0.2706228995532804
20,851.1971117111879,,,mixed mixed-phase cyclic C-C stretching / ring-site C-H out-of-plane bending,"gamma(H17;C8,C7,O9)",oop,3.9137144924076477,-,-0.08013405343507386,0.29110003621150987
20,851.1971117111879,,,mixed mixed-phase cyclic C-C stretching / ring-site C-H out-of-plane bending,delta(C5-C4-H15),angle,2.0995411553502086,-,-0.07001100041197708,0.20458753359916523
20,851.1971117111879,,,mixed mixed-phase cyclic C-C stretching / ring-site C-H out-of-plane bending,delta(C7-C3-H13),angle,1.6684514839861035,-,-0.057815284412332815,0.238405127247466
20,851.1971117111879,,,mixed mixed-phase cyclic C-C stretching / ring-site C-H out-of-plane bending,nu(O2-C3),bond,0.9616584122557866,-,-0.036620058641040176,0.34250751572774774
20,851.1971117111879,,,mixed mixed-phase cyclic C-C stretching / ring-site C-H out-of-plane bending,delta(C1-O2-C3),angle,0.9077092831948521,+,0.04150704746736057,0.25164623392653446
20,851.1971117111879,,,mixed mixed-phase cyclic C-C stretching / ring-site C-H out-of-plane bending,delta(O2-C3-C4),angle,0.6762106954767888,+,0.02147498901036502,0.7003312031404112
20,851.1971117111879,,,mixed mixed-phase cyclic C-C stretching / ring-site C-H out-of-plane bending,tau(C1-O2-C3-C7),dihedral,0.6054878681468534,+,0.014335868826352677,1.407164111732383
20,851.1971117111879,,,mixed mixed-phase cyclic C-C stretching / ring-site C-H out-of-plane bending,"gamma(H17;C8,O9,H16)",oop,0.5337636666220259,+,0.03583998085594303,0.1984727154023873
20,851.1971117111879,,,mixed mixed-phase cyclic C-C stretching / ring-site C-H out-of-plane bending,delta(C4-C3-H13),angle,0.5188984187573988,-,-0.031146207106426037,0.25548143957558495
20,851.1971117111879,,,mixed mixed-phase cyclic C-C stretching / ring-site C-H out-of-plane bending,tau(C5-C7-O9-C8),dihedral,0.3844530507743614,+,0.031208282075822387,0.18853454090243024
20,851.1971117111879,,,mixed mixed-phase cyclic C-C stretching / ring-site C-H out-of-plane bending,nu(C4-C5),bond,0.3557193965599733,+,0.022715653374061215,0.32926413089158674
20,851.1971117111879,,,mixed mixed-phase cyclic C-C stretching / ring-site C-H out-of-plane bending,nu(C1-O2),bond,0.26173125016728715,-,-0.01941047602559553,0.3317955436623933
20,851.1971117111879,,,mixed mixed-phase cyclic C-C stretching / ring-site C-H out-of-plane bending,delta(C3-C4-H15),angle,0.2606532989795578,-,-0.02379920603106493,0.2197989584380679
20,851.1971117111879,,,mixed mixed-phase cyclic C-C stretching / ring-site C-H out-of-plane bending,delta(C3-C7-O9),angle,0.22829218347825916,+,0.015823678964776766,0.43547522975626995
20,851.1971117111879,,,mixed mixed-phase cyclic C-C stretching / ring-site C-H out-of-plane bending,delta(O2-C1-H12),angle,0.22108524315286185,-,-0.0204231210982641,0.25316453818387624
20,851.1971117111879,,,mixed mixed-phase cyclic C-C stretching / ring-site C-H out-of-plane bending,delta(O6-C5-C7),angle,0.20092159920019648,+,0.016500641345294487,0.3524620139770529
20,851.1971117111879,,,mixed mixed-phase cyclic C-C stretching / ring-site C-H out-of-plane bending,tau(H12-C1-O2-C3),dihedral,0.13646637089168095,+,0.019006563576567395,0.18042876586366072
20,851.1971117111879,,,mixed mixed-phase cyclic C-C stretching / ring-site C-H out-of-plane bending,tau(C3-C4-C5-C7),dihedral,0.133133692053327,+,0.012090794742532537,0.4349763258740278
20,851.1971117111879,,,mixed mixed-phase cyclic C-C stretching / ring-site C-H out-of-plane bending,delta(O9-C8-H16),angle,0.09980070148357177,+,0.014473041447417262,0.22756282881982776
20,851.1971117111879,,,mixed mixed-phase cyclic C-C stretching / ring-site C-H out-of-plane bending,delta(O2-C1-H11),angle,0.0825479209694357,+,0.01074232668952492,0.3416620715716716
20,851.1971117111879,,,mixed mixed-phase cyclic C-C stretching / ring-site C-H out-of-plane bending,delta(O2-C3-C7),angle,0.06935346417353098,+,0.006237665301141186,0.851356320806506
20,851.1971117111879,,,mixed mixed-phase cyclic C-C stretching / ring-site C-H out-of-plane bending,"gamma(O6;C5,C4,C7)",oop,0.0450864249815138,-,-0.014020106527392705,0.10955457412425451
20,851.1971117111879,,,mixed mixed-phase cyclic C-C stretching / ring-site C-H out-of-plane bending,delta(O2-C1-H10),angle,0.04078659472862646,+,0.008392272343833157,0.27659584452157787
20,851.1971117111879,,,mixed mixed-phase cyclic C-C stretching / ring-site C-H out-of-plane bending,nu(C5-O6),bond,0.029853454750131184,+,0.004025955064047139,0.8797192428027082
20,851.1971117111879,,,mixed mixed-phase cyclic C-C stretching / ring-site C-H out-of-plane bending,tau(H10-C1-O2-C3),dihedral,0.019708528400300098,+,0.0070684206247583516,0.18840688455367277
20,851.1971117111879,,,mixed mixed-phase cyclic C-C stretching / ring-site C-H out-of-plane bending,nu(C3-C4),bond,0.019010076326464287,-,-0.005568668095081991,0.29279828908400285
20,851.1971117111879,,,mixed mixed-phase cyclic C-C stretching / ring-site C-H out-of-plane bending,delta(H10-C1-H11),angle,0.011112852337584068,+,0.004281050055141356,0.28960914653293446
20,851.1971117111879,,,mixed mixed-phase cyclic C-C stretching / ring-site C-H out-of-plane bending,nu(C4-H15),bond,0.011077217418272398,+,0.003967720868419779,0.3360746833820311
20,851.1971117111879,,,mixed mixed-phase cyclic C-C stretching / ring-site C-H out-of-plane bending,nu(C8-H17),bond,0.00872439004784814,-,-0.003440876603802807,0.35195263308227415
20,851.1971117111879,,,mixed mixed-phase cyclic C-C stretching / ring-site C-H out-of-plane bending,delta(H14-C4-H15),angle,0.008493284366205216,-,-0.0036986880552545907,0.29652928958766894
20,851.1971117111879,,,mixed mixed-phase cyclic C-C stretching / ring-site C-H out-of-plane bending,nu(C4-H14),bond,0.0017920453387188044,-,-0.0015838934957604065,0.3411806434515935
20,851.1971117111879,,,mixed mixed-phase cyclic C-C stretching / ring-site C-H out-of-plane bending,nu(C3-H13),bond,0.0003276921943234552,+,0.0006985451434132626,0.32074838839996167
20,851.1971117111879,,,mixed mixed-phase cyclic C-C stretching / ring-site C-H out-of-plane bending,nu(C1-H10),bond,0.000160018625754635,+,0.000485931160021431,0.3236744213946024
20,851.1971117111879,,,mixed mixed-phase cyclic C-C stretching / ring-site C-H out-of-plane bending,nu(C8-H16),bond,5.5563192758863006e-05,+,0.00027579201036650314,0.3489081977295606
20,851.1971117111879,,,mixed mixed-phase cyclic C-C stretching / ring-site C-H out-of-plane bending,nu(C1-H11),bond,4.959603590730588e-05,+,0.00027083774188406694,0.3229356113236915
20,851.1971117111879,,,mixed mixed-phase cyclic C-C stretching / ring-site C-H out-of-plane bending,nu(C1-H12),bond,4.3419760633533315e-06,+,7.760726733765653e-05,0.3443261315380825
21,907.2433843901522,,,mixed mixed-phase cyclic C-O stretching / cyclic C-C stretching,nu(C8-O9),bond,40.52297668398265,-,-0.24945002674221636,0.2706228995532804
21,907.2433843901522,,,mixed mixed-phase cyclic C-O stretching / cyclic C-C stretching,nu(C7-O9),bond,15.122974304346622,+,0.15154170247690954,0.2736548837890451
21,907.2433843901522,,,mixed mixed-phase cyclic C-O stretching / cyclic C-C stretching,nu(C5-C7),bond,10.102837224622295,-,-0.11801974034245,0.301414651416424
21,907.2433843901522,,,mixed mixed-phase cyclic C-O stretching / cyclic C-C stretching,nu(C3-C4),bond,6.170200610418698,-,-0.09357945925367855,0.29279828908400285
21,907.2433843901522,,,mixed mixed-phase cyclic C-O stretching / cyclic C-C stretching,"gamma(H17;C8,O9,H16)",oop,5.42821515274341,-,-0.10660885456470011,0.1984727154023873
21,907.2433843901522,,,mixed mixed-phase cyclic C-O stretching / cyclic C-C stretching,tau(C1-O2-C3-C7),dihedral,4.4526667934805655,-,-0.03626209402453121,1.407164111732383
21,907.2433843901522,,,mixed mixed-phase cyclic C-O stretching / cyclic C-C stretching,delta(O6-C5-C7),angle,3.4467063426842084,+,0.06374720368406332,0.3524620139770529
21,907.2433843901522,,,mixed mixed-phase cyclic C-O stretching / cyclic C-C stretching,nu(C3-C7),bond,2.558789363616844,-,-0.05378466427461812,0.36757665853689414
21,907.2433843901522,,,mixed mixed-phase cyclic C-O stretching / cyclic C-C stretching,delta(O2-C3-C4),angle,1.884919089030274,+,0.0334433500361115,0.7003312031404112
21,907.2433843901522,,,mixed mixed-phase cyclic C-O stretching / cyclic C-C stretching,nu(C7-C8),bond,1.7414671302002336,-,-0.0446493148799945,0.3630078327273742
21,907.2433843901522,,,mixed mixed-phase cyclic C-O stretching / cyclic C-C stretching,nu(O2-C3),bond,1.6960360837833766,-,-0.04536256959062096,0.34250751572774774
21,907.2433843901522,,,mixed mixed-phase cyclic C-O stretching / cyclic C-C stretching,delta(O9-C8-H16),angle,1.5554794114348005,+,0.05329624700078963,0.22756282881982776
21,907.2433843901522,,,mixed mixed-phase cyclic C-O stretching / cyclic C-C stretching,nu(C1-O2),bond,1.2670890090690614,-,-0.039836708154950204,0.3317955436623933
21,907.2433843901522,,,mixed mixed-phase cyclic C-O stretching / cyclic C-C stretching,tau(C5-C7-C8-H17),dihedral,0.7006069103941727,-,-0.029870151584827614,0.32630961917631934
21,907.2433843901522,,,mixed mixed-phase cyclic C-O stretching / cyclic C-C stretching,tau(C4-C3-C7-O9),dihedral,0.5057894198580462,-,-0.024657502183251582,0.3457020006406303
21,907.2433843901522,,,mixed mixed-phase cyclic C-O stretching / cyclic C-C stretching,nu(C4-C5),bond,0.4888191789920432,-,-0.024838025227049493,0.32926413089158674
21,907.2433843901522,,,mixed mixed-phase cyclic C-O stretching / cyclic C-C stretching,delta(C5-C4-H15),angle,0.4368541101953873,-,-0.029788167426614796,0.20458753359916523
21,907.2433843901522,,,mixed mixed-phase cyclic C-O stretching / cyclic C-C stretching,tau(C1-O2-C3-C4),dihedral,0.4089528572505756,+,0.011013210208168514,1.401121193970568
21,907.2433843901522,,,mixed mixed-phase cyclic C-O stretching / cyclic C-C stretching,delta(C3-C7-O9),angle,0.3801048446234788,-,-0.01904518214032528,0.43547522975626995
21,907.2433843901522,,,mixed mixed-phase cyclic C-O stretching / cyclic C-C stretching,tau(C5-C7-O9-C8),dihedral,0.2855503371587305,-,-0.025087710599959415,0.18853454090243024
21,907.2433843901522,,,mixed mixed-phase cyclic C-O stretching / cyclic C-C stretching,tau(C3-C4-C5-C7),dihedral,0.1966120488076476,-,-0.013705264155607584,0.4349763258740278
21,907.2433843901522,,,mixed mixed-phase cyclic C-O stretching / cyclic C-C stretching,tau(H12-C1-O2-C3),dihedral,0.10473818377259002,+,0.015531549549207088,0.18042876586366072
21,907.2433843901522,,,mixed mixed-phase cyclic C-O stretching / cyclic C-C stretching,delta(C3-C4-H15),angle,0.07341608055334548,+,0.011781428149674072,0.2197989584380679
21,907.2433843901522,,,mixed mixed-phase cyclic C-O stretching / cyclic C-C stretching,tau(H10-C1-O2-C3),dihedral,0.05404840719536865,+,0.010918380426169374,0.18840688455367277
21,907.2433843901522,,,mixed mixed-phase cyclic C-O stretching / cyclic C-C stretching,delta(O2-C1-H12),angle,0.049288267586371726,-,-0.008994675441795743,0.25316453818387624
21,907.2433843901522,,,mixed mixed-phase cyclic C-O stretching / cyclic C-C stretching,delta(O2-C3-C7),angle,0.04470954990255647,+,0.0046715351715960075,0.851356320806506
21,907.2433843901522,,,mixed mixed-phase cyclic C-O stretching / cyclic C-C stretching,delta(C1-O2-C3),angle,0.041356829978779666,+,0.008264061872605304,0.25164623392653446
21,907.2433843901522,,,mixed mixed-phase cyclic C-O stretching / cyclic C-C stretching,delta(C7-C3-H13),angle,0.04098978786080915,+,0.008452694953122017,0.238405127247466
21,907.2433843901522,,,mixed mixed-phase cyclic C-O stretching / cyclic C-C stretching,delta(O2-C1-H10),angle,0.034811278757396785,+,0.007231898453113578,0.27659584452157787
21,907.2433843901522,,,mixed mixed-phase cyclic C-O stretching / cyclic C-C stretching,delta(C5-C4-H14),angle,0.03351422311687942,+,0.007134613971597216,0.27360152237173796
21,907.2433843901522,,,mixed mixed-phase cyclic C-O stretching / cyclic C-C stretching,nu(C8-H17),bond,0.033344115134762244,+,0.006274550883319353,0.35195263308227415
21,907.2433843901522,,,mixed mixed-phase cyclic C-O stretching / cyclic C-C stretching,nu(C8-H16),bond,0.030462211559362837,+,0.006023380306494841,0.3489081977295606
21,907.2433843901522,,,mixed mixed-phase cyclic C-O stretching / cyclic C-C stretching,delta(H14-C4-H15),angle,0.02607134055073999,+,0.006044536983477511,0.29652928958766894
21,907.2433843901522,,,mixed mixed-phase cyclic C-O stretching / cyclic C-C stretching,delta(O2-C1-H11),angle,0.022345919398120227,+,0.005213338033152554,0.3416620715716716
21,907.2433843901522,,,mixed mixed-phase cyclic C-O stretching / cyclic C-C stretching,delta(C4-C3-H13),angle,0.017306068384756325,-,-0.00530560222757499,0.25548143957558495
21,907.2433843901522,,,mixed mixed-phase cyclic C-O stretching / cyclic C-C stretching,nu(C5-O6),bond,0.014589950370918986,+,0.002625246075213024,0.8797192428027082
21,907.2433843901522,,,mixed mixed-phase cyclic C-O stretching / cyclic C-C stretching,nu(C4-H14),bond,0.008052117479648443,-,-0.0031316845934964248,0.3411806434515935
21,907.2433843901522,,,mixed mixed-phase cyclic C-O stretching / cyclic C-C stretching,"gamma(H17;C8,C7,O9)",oop,0.006541405810653495,-,-0.0030558326930092026,0.29110003621150987
21,907.2433843901522,,,mixed mixed-phase cyclic C-O stretching / cyclic C-C stretching,"gamma(O6;C5,C4,C7)",oop,0.005997874208827773,+,0.004769782497059586,0.10955457412425451
21,907.2433843901522,,,mixed mixed-phase cyclic C-O stretching / cyclic C-C stretching,nu(C4-H15),bond,0.002146587489072625,-,-0.0016291893194103288,0.3360746833820311
21,907.2433843901522,,,mixed mixed-phase cyclic C-O stretching / cyclic C-C stretching,nu(C1-H11),bond,0.0016970629442330627,+,0.0014777676743787207,0.3229356113236915
21,907.2433843901522,,,mixed mixed-phase cyclic C-O stretching / cyclic C-C stretching,nu(C1-H10),bond,0.0006699891547513934,+,0.0009274592834263876,0.3236744213946024
21,907.2433843901522,,,mixed mixed-phase cyclic C-O stretching / cyclic C-C stretching,nu(C1-H12),bond,0.00014076666387116045,-,-0.0004121735073067316,0.3443261315380825
21,907.2433843901522,,,mixed mixed-phase cyclic C-O stretching / cyclic C-C stretching,delta(H10-C1-H11),angle,7.822894604273343e-05,+,0.0003350369906609117,0.28960914653293446
21,907.2433843901522,,,mixed mixed-phase cyclic C-O stretching / cyclic C-C stretching,nu(C3-H13),bond,3.684648698947067e-05,-,-0.00021848969521550923,0.32074838839996167
22,922.7391055010211,,,mixed mixed-phase cyclic C-C stretching / O-C-C bending,nu(C3-C4),bond,18.854465951757533,-,-0.1940450108362851,0.29279828908400285
22,922.7391055010211,,,mixed mixed-phase cyclic C-C stretching / O-C-C bending,nu(C3-C7),bond,12.417343220401719,+,0.14054649205143777,0.36757665853689414
22,922.7391055010211,,,mixed mixed-phase cyclic C-C stretching / O-C-C bending,delta(O2-C3-C7),angle,9.491483514910815,-,-0.08074041864816328,0.851356320806506
22,922.7391055010211,,,mixed mixed-phase cyclic C-C stretching / O-C-C bending,delta(O2-C3-C4),angle,9.004844290217962,+,0.08670936301782033,0.7003312031404112
22,922.7391055010211,,,mixed mixed-phase cyclic C-C stretching / O-C-C bending,nu(C4-C5),bond,5.982915610455256,+,0.10307749547998758,0.32926413089158674
22,922.7391055010211,,,mixed mixed-phase cyclic C-C stretching / O-C-C bending,nu(C8-O9),bond,5.413738854047964,+,0.10815485272552885,0.2706228995532804
22,922.7391055010211,,,mixed mixed-phase cyclic C-C stretching / O-C-C bending,delta(C5-C4-H14),angle,5.016686268888072,+,0.10354493188325772,0.27360152237173796
22,922.7391055010211,,,mixed mixed-phase cyclic C-C stretching / O-C-C bending,delta(C5-C4-H15),angle,4.9877569982167,-,-0.11939680085995587,0.20458753359916523
22,922.7391055010211,,,mixed mixed-phase cyclic C-C stretching / O-C-C bending,tau(C4-C3-C7-O9),dihedral,4.398973924017753,+,0.0862589918010552,0.3457020006406303
22,922.7391055010211,,,mixed mixed-phase cyclic C-C stretching / O-C-C bending,tau(C5-C7-C8-H17),dihedral,3.5193498999156088,-,-0.07941378868090081,0.32630961917631934
22,922.7391055010211,,,mixed mixed-phase cyclic C-C stretching / O-C-C bending,delta(C3-C4-H15),angle,2.7410200500791544,-,-0.08539312785139724,0.2197989584380679
22,922.7391055010211,,,mixed mixed-phase cyclic C-C stretching / O-C-C bending,delta(O6-C5-C7),angle,2.0471004134741637,+,0.058276444098453346,0.3524620139770529
22,922.7391055010211,,,mixed mixed-phase cyclic C-C stretching / O-C-C bending,tau(C1-O2-C3-C7),dihedral,1.9852450684452092,+,0.028721976212535846,1.407164111732383
22,922.7391055010211,,,mixed mixed-phase cyclic C-C stretching / O-C-C bending,nu(C5-C7),bond,1.9242650240382007,-,-0.06109840795460131,0.301414651416424
22,922.7391055010211,,,mixed mixed-phase cyclic C-C stretching / O-C-C bending,tau(H10-C1-O2-C3),dihedral,1.863745396464374,+,0.07605443391740697,0.18840688455367277
22,922.7391055010211,,,mixed mixed-phase cyclic C-C stretching / O-C-C bending,nu(C7-C8),bond,1.8163582794774293,-,-0.054090673792306275,0.3630078327273742
22,922.7391055010211,,,mixed mixed-phase cyclic C-C stretching / O-C-C bending,"gamma(H17;C8,C7,O9)",oop,1.4482786074036282,+,0.053936723225242414,0.29110003621150987
22,922.7391055010211,,,mixed mixed-phase cyclic C-C stretching / O-C-C bending,nu(O2-C3),bond,1.2617585011208219,+,0.04641225794904954,0.34250751572774774
22,922.7391055010211,,,mixed mixed-phase cyclic C-C stretching / O-C-C bending,delta(C1-O2-C3),angle,1.2371627731980461,-,-0.053616422715843486,0.25164623392653446
22,922.7391055010211,,,mixed mixed-phase cyclic C-C stretching / O-C-C bending,tau(H12-C1-O2-C3),dihedral,1.2175918003352544,+,0.06281705885671078,0.18042876586366072
22,922.7391055010211,,,mixed mixed-phase cyclic C-C stretching / O-C-C bending,"gamma(O6;C5,C4,C7)",oop,0.8743250451182548,-,-0.06831260273774223,0.10955457412425451
22,922.7391055010211,,,mixed mixed-phase cyclic C-C stretching / O-C-C bending,delta(O2-C1-H12),angle,0.6391417199675671,+,0.03842171780019539,0.25316453818387624
22,922.7391055010211,,,mixed mixed-phase cyclic C-C stretching / O-C-C bending,nu(C7-O9),bond,0.472690380470711,+,0.03178091603850369,0.2736548837890451
22,922.7391055010211,,,mixed mixed-phase cyclic C-C stretching / O-C-C bending,tau(C3-C4-C5-C7),dihedral,0.4709002168583684,+,0.02516003641615377,0.4349763258740278
22,922.7391055010211,,,mixed mixed-phase cyclic C-C stretching / O-C-C bending,delta(O9-C8-H16),angle,0.3253163585369696,-,-0.02891225194237243,0.22756282881982776
22,922.7391055010211,,,mixed mixed-phase cyclic C-C stretching / O-C-C bending,delta(O2-C1-H11),angle,0.14265308615647865,-,-0.015625064952321525,0.3416620715716716
22,922.7391055010211,,,mixed mixed-phase cyclic C-C stretching / O-C-C bending,delta(O2-C1-H10),angle,0.12823238865315278,-,-0.01646477009928629,0.27659584452157787
22,922.7391055010211,,,mixed mixed-phase cyclic C-C stretching / O-C-C bending,tau(C1-O2-C3-C4),dihedral,0.07598340936839156,-,-0.005631202790568579,1.401121193970568
22,922.7391055010211,,,mixed mixed-phase cyclic C-C stretching / O-C-C bending,tau(C5-C7-O9-C8),dihedral,0.062294947105013994,+,0.013899864839827098,0.18853454090243024
22,922.7391055010211,,,mixed mixed-phase cyclic C-C stretching / O-C-C bending,delta(C3-C7-O9),angle,0.05558779299240527,+,0.008639480280969539,0.43547522975626995
22,922.7391055010211,,,mixed mixed-phase cyclic C-C stretching / O-C-C bending,nu(C5-O6),bond,0.04690021428824175,-,-0.00558335186437252,0.8797192428027082
22,922.7391055010211,,,mixed mixed-phase cyclic C-C stretching / O-C-C bending,delta(H10-C1-H11),angle,0.026244022010682808,-,-0.007279284445397687,0.28960914653293446
22,922.7391055010211,,,mixed mixed-phase cyclic C-C stretching / O-C-C bending,nu(C1-O2),bond,0.01127534866601771,+,0.004457684694395497,0.3317955436623933
22,922.7391055010211,,,mixed mixed-phase cyclic C-C stretching / O-C-C bending,nu(C4-H14),bond,0.008691273003773833,-,-0.0038594830185567346,0.3411806434515935
22,922.7391055010211,,,mixed mixed-phase cyclic C-C stretching / O-C-C bending,delta(H14-C4-H15),angle,0.008418148373329859,-,-0.004074310469558281,0.29652928958766894
22,922.7391055010211,,,mixed mixed-phase cyclic C-C stretching / O-C-C bending,nu(C8-H16),bond,0.005874238855438241,-,-0.0031376163866920757,0.3489081977295606
22,922.7391055010211,,,mixed mixed-phase cyclic C-C stretching / O-C-C bending,nu(C3-H13),bond,0.005352446662986485,-,-0.003123730536286085,0.32074838839996167
22,922.7391055010211,,,mixed mixed-phase cyclic C-C stretching / O-C-C bending,nu(C4-H15),bond,0.004874744572988863,+,0.0029123104166390843,0.3360746833820311
22,922.7391055010211,,,mixed mixed-phase cyclic C-C stretching / O-C-C bending,"gamma(H17;C8,O9,H16)",oop,0.001669504012616653,-,-0.0022178029574503456,0.1984727154023873
22,922.7391055010211,,,mixed mixed-phase cyclic C-C stretching / O-C-C bending,delta(C7-C3-H13),angle,0.001516685851468201,-,-0.0019287220808350447,0.238405127247466
22,922.7391055010211,,,mixed mixed-phase cyclic C-C stretching / O-C-C bending,nu(C8-H17),bond,0.0013753699858721701,-,-0.0015116362305566682,0.35195263308227415
22,922.7391055010211,,,mixed mixed-phase cyclic C-C stretching / O-C-C bending,nu(C1-H11),bond,0.0002478493608502922,+,0.0006699086146433184,0.3229356113236915
22,922.7391055010211,,,mixed mixed-phase cyclic C-C stretching / O-C-C bending,nu(C1-H10),bond,0.00019893742571108834,-,-0.0005994924074763251,0.3236744213946024
22,922.7391055010211,,,mixed mixed-phase cyclic C-C stretching / O-C-C bending,delta(C4-C3-H13),angle,0.00015130628592702628,-,-0.0005884755704451765,0.25548143957558495
22,922.7391055010211,,,mixed mixed-phase cyclic C-C stretching / O-C-C bending,nu(C1-H12),bond,1.1855115815311839e-07,+,1.4188861166114276e-05,0.3443261315380825
23,992.3398944596399,,,mixed C-O stretching / mixed-phase cyclic C-C stretching,nu(C1-O2),bond,26.44103535698563,+,0.18870305830389325,0.3317955436623933
23,992.3398944596399,,,mixed C-O stretching / mixed-phase cyclic C-C stretching,nu(C3-C4),bond,13.589302859990866,-,-0.14400889110550152,0.29279828908400285
23,992.3398944596399,,,mixed C-O stretching / mixed-phase cyclic C-C stretching,nu(O2-C3),bond,10.832011778099641,+,0.11887608494437013,0.34250751572774774
23,992.3398944596399,,,mixed C-O stretching / mixed-phase cyclic C-C stretching,delta(C5-C4-H14),angle,5.199481879817291,+,0.09215009015952873,0.27360152237173796
23,992.3398944596399,,,mixed C-O stretching / mixed-phase cyclic C-C stretching,tau(C1-O2-C3-C4),dihedral,5.182459337585266,-,-0.04065416871152121,1.401121193970568
23,992.3398944596399,,,mixed C-O stretching / mixed-phase cyclic C-C stretching,nu(C3-C7),bond,5.110217755766698,-,-0.07881714971262056,0.36757665853689414
23,992.3398944596399,,,mixed C-O stretching / mixed-phase cyclic C-C stretching,nu(C8-O9),bond,4.469116930496277,-,-0.08590205870534558,0.2706228995532804
23,992.3398944596399,,,mixed C-O stretching / mixed-phase cyclic C-C stretching,tau(C1-O2-C3-C7),dihedral,4.117316044219389,+,0.036158442216139605,1.407164111732383
23,992.3398944596399,,,mixed C-O stretching / mixed-phase cyclic C-C stretching,"gamma(H17;C8,C7,O9)",oop,3.8270282163381086,-,-0.07664515152191853,0.29110003621150987
23,992.3398944596399,,,mixed C-O stretching / mixed-phase cyclic C-C stretching,nu(C7-O9),bond,2.6433507501929543,-,-0.06569779296176238,0.2736548837890451
23,992.3398944596399,,,mixed C-O stretching / mixed-phase cyclic C-C stretching,tau(C3-C4-C5-C7),dihedral,1.7021658420169747,+,0.041816059976879004,0.4349763258740278
23,992.3398944596399,,,mixed C-O stretching / mixed-phase cyclic C-C stretching,delta(C3-C4-H15),angle,1.6242265294418745,-,-0.057462626070060176,0.2197989584380679
23,992.3398944596399,,,mixed C-O stretching / mixed-phase cyclic C-C stretching,nu(C7-C8),bond,1.6105520183557729,+,0.044525044780821914,0.3630078327273742
23,992.3398944596399,,,mixed C-O stretching / mixed-phase cyclic C-C stretching,tau(C4-C3-C7-O9),dihedral,1.500938004163197,-,-0.04404589258946902,0.3457020006406303
23,992.3398944596399,,,mixed C-O stretching / mixed-phase cyclic C-C stretching,delta(C3-C7-O9),angle,1.383592413748878,+,0.037678824243477765,0.43547522975626995
23,992.3398944596399,,,mixed C-O stretching / mixed-phase cyclic C-C stretching,delta(C4-C3-H13),angle,1.2177021972099313,-,-0.04614937802726498,0.25548143957558495
23,992.3398944596399,,,mixed C-O stretching / mixed-phase cyclic C-C stretching,delta(O2-C3-C4),angle,1.1612206932955897,+,0.02721953048012382,0.7003312031404112
23,992.3398944596399,,,mixed C-O stretching / mixed-phase cyclic C-C stretching,nu(C5-C7),bond,1.0584749953217756,-,-0.039612577941225253,0.301414651416424
23,992.3398944596399,,,mixed C-O stretching / mixed-phase cyclic C-C stretching,"gamma(O6;C5,C4,C7)",oop,0.7765434441026001,-,-0.05627851197929563,0.10955457412425451
23,992.3398944596399,,,mixed C-O stretching / mixed-phase cyclic C-C stretching,nu(C5-O6),bond,0.730253508719041,-,-0.01925926748791162,0.8797192428027082
23,992.3398944596399,,,mixed C-O stretching / mixed-phase cyclic C-C stretching,delta(C5-C4-H15),angle,0.7194513022858564,-,-0.03964022426819595,0.20458753359916523
23,992.3398944596399,,,mixed C-O stretching / mixed-phase cyclic C-C stretching,tau(H10-C1-O2-C3),dihedral,0.6833123017194421,+,0.040256519165861496,0.18840688455367277
23,992.3398944596399,,,mixed C-O stretching / mixed-phase cyclic C-C stretching,nu(C4-C5),bond,0.6766699624380329,-,-0.03030339052749357,0.32926413089158674
23,992.3398944596399,,,mixed C-O stretching / mixed-phase cyclic C-C stretching,delta(O2-C3-C7),angle,0.6228855141556557,-,-0.01808104045402739,0.851356320806506
23,992.3398944596399,,,mixed C-O stretching / mixed-phase cyclic C-C stretching,tau(H12-C1-O2-C3),dihedral,0.5347325971911342,+,0.03639070130241952,0.18042876586366072
23,992.3398944596399,,,mixed C-O stretching / mixed-phase cyclic C-C stretching,tau(C5-C7-C8-H17),dihedral,0.4948829831489122,+,0.026032226051889023,0.32630961917631934
23,992.3398944596399,,,mixed C-O stretching / mixed-phase cyclic C-C stretching,tau(C5-C7-O9-C8),dihedral,0.4934180083316117,-,-0.034196922081227314,0.18853454090243024
23,992.3398944596399,,,mixed C-O stretching / mixed-phase cyclic C-C stretching,delta(C1-O2-C3),angle,0.3668936134171274,-,-0.02552406506855547,0.25164623392653446
23,992.3398944596399,,,mixed C-O stretching / mixed-phase cyclic C-C stretching,delta(O2-C1-H11),angle,0.2485983812254569,-,-0.018031246395542988,0.3416620715716716
23,992.3398944596399,,,mixed C-O stretching / mixed-phase cyclic C-C stretching,delta(O6-C5-C7),angle,0.2082719411812491,-,-0.01624928320360617,0.3524620139770529
23,992.3398944596399,,,mixed C-O stretching / mixed-phase cyclic C-C stretching,"gamma(H17;C8,O9,H16)",oop,0.1575289089645191,-,-0.018832358437189622,0.1984727154023873
23,992.3398944596399,,,mixed C-O stretching / mixed-phase cyclic C-C stretching,delta(H14-C4-H15),angle,0.14610557438301544,+,0.014837973090880894,0.29652928958766894
23,992.3398944596399,,,mixed C-O stretching / mixed-phase cyclic C-C stretching,delta(O2-C1-H10),angle,0.12521034115462568,-,-0.014222379359817638,0.27659584452157787
23,992.3398944596399,,,mixed C-O stretching / mixed-phase cyclic C-C stretching,delta(O9-C8-H16),angle,0.08809034711640565,+,0.013151899558164218,0.22756282881982776
23,992.3398944596399,,,mixed C-O stretching / mixed-phase cyclic C-C stretching,delta(H10-C1-H11),angle,0.07116718583671397,+,0.010478732268384196,0.28960914653293446
23,992.3398944596399,,,mixed C-O stretching / mixed-phase cyclic C-C stretching,delta(O2-C1-H12),angle,0.05067890806928386,+,0.009457735695940672,0.25316453818387624
23,992.3398944596399,,,mixed C-O stretching / mixed-phase cyclic C-C stretching,nu(C1-H11),bond,0.03260235626954501,-,-0.006716476657518897,0.3229356113236915
23,992.3398944596399,,,mixed C-O stretching / mixed-phase cyclic C-C stretching,delta(C7-C3-H13),angle,0.032391281742718235,-,-0.00779168265350462,0.238405127247466
23,992.3398944596399,,,mixed C-O stretching / mixed-phase cyclic C-C stretching,nu(C1-H10),bond,0.0256048658902691,-,-0.0059454132588172715,0.3236744213946024
23,992.3398944596399,,,mixed C-O stretching / mixed-phase cyclic C-C stretching,nu(C3-H13),bond,0.017018389962298038,-,-0.00486913682649294,0.32074838839996167
23,992.3398944596399,,,mixed C-O stretching / mixed-phase cyclic C-C stretching,nu(C4-H14),bond,0.012482330615330885,-,-0.004043250356134502,0.3411806434515935
23,992.3398944596399,,,mixed C-O stretching / mixed-phase cyclic C-C stretching,nu(C8-H16),bond,0.007541577924961987,+,0.0031077817312939625,0.3489081977295606
23,992.3398944596399,,,mixed C-O stretching / mixed-phase cyclic C-C stretching,nu(C8-H17),bond,0.006457293400331651,-,-0.002863242523452257,0.35195263308227415
23,992.3398944596399,,,mixed C-O stretching / mixed-phase cyclic C-C stretching,nu(C4-H15),bond,0.0008520108200734818,-,-0.001064338178135404,0.3360746833820311
23,992.3398944596399,,,mixed C-O stretching / mixed-phase cyclic C-C stretching,nu(C1-H12),bond,0.00016146688768880595,-,-0.0004577535596046005,0.3443261315380825
24,1021.1486408263835,,,mixed mixed-phase cyclic C-C stretching / ring-site C-H in-plane bending / O-C-C bending,nu(C4-C5),bond,27.357944702130606,+,0.21550177554776737,0.32926413089158674
24,1021.1486408263835,,,mixed mixed-phase cyclic C-C stretching / ring-site C-H in-plane bending / O-C-C bending,delta(O6-C5-C7),angle,13.343423932283768,+,0.14546510109263042,0.3524620139770529
24,1021.1486408263835,,,mixed mixed-phase cyclic C-C stretching / ring-site C-H in-plane bending / O-C-C bending,delta(C5-C4-H15),angle,11.234548476752769,+,0.17519413299467196,0.20458753359916523
24,1021.1486408263835,,,mixed mixed-phase cyclic C-C stretching / ring-site C-H in-plane bending / O-C-C bending,delta(C5-C4-H14),angle,5.242064102204689,-,-0.10348400759744557,0.27360152237173796
24,1021.1486408263835,,,mixed mixed-phase cyclic C-C stretching / ring-site C-H in-plane bending / O-C-C bending,delta(C7-C3-H13),angle,5.014061202836807,-,-0.10842223361969003,0.238405127247466
24,1021.1486408263835,,,mixed mixed-phase cyclic C-C stretching / ring-site C-H in-plane bending / O-C-C bending,delta(C4-C3-H13),angle,4.695264621678678,+,0.10135185220885731,0.25548143957558495
24,1021.1486408263835,,,mixed mixed-phase cyclic C-C stretching / ring-site C-H in-plane bending / O-C-C bending,nu(C5-C7),bond,4.527093104708207,-,-0.0916239190285506,0.301414651416424
24,1021.1486408263835,,,mixed mixed-phase cyclic C-C stretching / ring-site C-H in-plane bending / O-C-C bending,nu(C1-O2),bond,3.631944644783284,+,0.07821961360492502,0.3317955436623933
24,1021.1486408263835,,,mixed mixed-phase cyclic C-C stretching / ring-site C-H in-plane bending / O-C-C bending,tau(C5-C7-C8-H17),dihedral,3.242879045802653,+,0.07453011087369789,0.32630961917631934
24,1021.1486408263835,,,mixed mixed-phase cyclic C-C stretching / ring-site C-H in-plane bending / O-C-C bending,tau(C3-C4-C5-C7),dihedral,2.8819321708521506,-,-0.06085417758148192,0.4349763258740278
24,1021.1486408263835,,,mixed mixed-phase cyclic C-C stretching / ring-site C-H in-plane bending / O-C-C bending,nu(C3-C7),bond,2.767680129793471,-,-0.06487319918109745,0.36757665853689414
24,1021.1486408263835,,,mixed mixed-phase cyclic C-C stretching / ring-site C-H in-plane bending / O-C-C bending,delta(O2-C3-C4),angle,2.7497548029584737,-,-0.046846438210448677,0.7003312031404112
24,1021.1486408263835,,,mixed mixed-phase cyclic C-C stretching / ring-site C-H in-plane bending / O-C-C bending,"gamma(O6;C5,C4,C7)",oop,2.0631449709620906,+,0.10259612206450014,0.10955457412425451
24,1021.1486408263835,,,mixed mixed-phase cyclic C-C stretching / ring-site C-H in-plane bending / O-C-C bending,nu(C3-C4),bond,1.6232611619007602,+,0.05566615978299455,0.29279828908400285
24,1021.1486408263835,,,mixed mixed-phase cyclic C-C stretching / ring-site C-H in-plane bending / O-C-C bending,delta(O2-C3-C7),angle,1.6188595235547985,-,-0.03260094808100172,0.851356320806506
24,1021.1486408263835,,,mixed mixed-phase cyclic C-C stretching / ring-site C-H in-plane bending / O-C-C bending,"gamma(H17;C8,O9,H16)",oop,1.5529604372514636,-,-0.06613191828675075,0.1984727154023873
24,1021.1486408263835,,,mixed mixed-phase cyclic C-C stretching / ring-site C-H in-plane bending / O-C-C bending,nu(O2-C3),bond,1.1826320677822066,+,0.043931001381723546,0.34250751572774774
24,1021.1486408263835,,,mixed mixed-phase cyclic C-C stretching / ring-site C-H in-plane bending / O-C-C bending,delta(O9-C8-H16),angle,0.9769227240766848,+,0.0489847362772639,0.22756282881982776
24,1021.1486408263835,,,mixed mixed-phase cyclic C-C stretching / ring-site C-H in-plane bending / O-C-C bending,"gamma(H17;C8,C7,O9)",oop,0.9749337013790141,+,0.043266099247956366,0.29110003621150987
24,1021.1486408263835,,,mixed mixed-phase cyclic C-C stretching / ring-site C-H in-plane bending / O-C-C bending,tau(C1-O2-C3-C4),dihedral,0.7369079669069046,-,-0.017145498039554053,1.401121193970568
24,1021.1486408263835,,,mixed mixed-phase cyclic C-C stretching / ring-site C-H in-plane bending / O-C-C bending,nu(C8-O9),bond,0.6990656802753439,-,-0.03799776474376031,0.2706228995532804
24,1021.1486408263835,,,mixed mixed-phase cyclic C-C stretching / ring-site C-H in-plane bending / O-C-C bending,nu(C7-C8),bond,0.655389820670764,-,-0.03176677874063845,0.3630078327273742
24,1021.1486408263835,,,mixed mixed-phase cyclic C-C stretching / ring-site C-H in-plane bending / O-C-C bending,delta(C3-C4-H15),angle,0.395187982018349,-,-0.03170081149337372,0.2197989584380679
24,1021.1486408263835,,,mixed mixed-phase cyclic C-C stretching / ring-site C-H in-plane bending / O-C-C bending,delta(H14-C4-H15),angle,0.3181869493184694,+,0.0244899959373293,0.29652928958766894
24,1021.1486408263835,,,mixed mixed-phase cyclic C-C stretching / ring-site C-H in-plane bending / O-C-C bending,nu(C7-O9),bond,0.1394378278818208,+,0.016876020065760087,0.2736548837890451
24,1021.1486408263835,,,mixed mixed-phase cyclic C-C stretching / ring-site C-H in-plane bending / O-C-C bending,delta(O2-C1-H10),angle,0.09927737026309068,-,-0.014163925606882203,0.27659584452157787
24,1021.1486408263835,,,mixed mixed-phase cyclic C-C stretching / ring-site C-H in-plane bending / O-C-C bending,tau(C4-C3-C7-O9),dihedral,0.05808519091794249,+,0.009690877290284337,0.3457020006406303
24,1021.1486408263835,,,mixed mixed-phase cyclic C-C stretching / ring-site C-H in-plane bending / O-C-C bending,delta(C1-O2-C3),angle,0.05074953141395253,-,-0.010617007666407646,0.25164623392653446
24,1021.1486408263835,,,mixed mixed-phase cyclic C-C stretching / ring-site C-H in-plane bending / O-C-C bending,delta(C3-C7-O9),angle,0.035988380304725065,+,0.0067964285000518595,0.43547522975626995
24,1021.1486408263835,,,mixed mixed-phase cyclic C-C stretching / ring-site C-H in-plane bending / O-C-C bending,delta(O2-C1-H11),angle,0.031662961424403786,-,-0.007197119459675696,0.3416620715716716
24,1021.1486408263835,,,mixed mixed-phase cyclic C-C stretching / ring-site C-H in-plane bending / O-C-C bending,delta(O2-C1-H12),angle,0.02006022236305468,+,0.006654995491077175,0.25316453818387624
24,1021.1486408263835,,,mixed mixed-phase cyclic C-C stretching / ring-site C-H in-plane bending / O-C-C bending,nu(C5-O6),bond,0.014998333238029056,+,0.003086958448173298,0.8797192428027082
24,1021.1486408263835,,,mixed mixed-phase cyclic C-C stretching / ring-site C-H in-plane bending / O-C-C bending,tau(H12-C1-O2-C3),dihedral,0.014683979073489315,-,-0.006744508703451864,0.18042876586366072
24,1021.1486408263835,,,mixed mixed-phase cyclic C-C stretching / ring-site C-H in-plane bending / O-C-C bending,tau(C1-O2-C3-C7),dihedral,0.012758435959711921,-,-0.0022511667943098403,1.407164111732383
24,1021.1486408263835,,,mixed mixed-phase cyclic C-C stretching / ring-site C-H in-plane bending / O-C-C bending,nu(C4-H14),bond,0.010965405998572557,+,0.004238395661676181,0.3411806434515935
24,1021.1486408263835,,,mixed mixed-phase cyclic C-C stretching / ring-site C-H in-plane bending / O-C-C bending,nu(C1-H11),bond,0.007856309623103349,-,-0.0036875053262659025,0.3229356113236915
24,1021.1486408263835,,,mixed mixed-phase cyclic C-C stretching / ring-site C-H in-plane bending / O-C-C bending,nu(C4-H15),bond,0.007466170936327689,-,-0.0035238092850836864,0.3360746833820311
24,1021.1486408263835,,,mixed mixed-phase cyclic C-C stretching / ring-site C-H in-plane bending / O-C-C bending,nu(C1-H10),bond,0.004574773257470932,-,-0.0028106833885931256,0.3236744213946024
24,1021.1486408263835,,,mixed mixed-phase cyclic C-C stretching / ring-site C-H in-plane bending / O-C-C bending,delta(H10-C1-H11),angle,0.0035830345667442827,+,0.0026296666122892047,0.28960914653293446
24,1021.1486408263835,,,mixed mixed-phase cyclic C-C stretching / ring-site C-H in-plane bending / O-C-C bending,tau(H10-C1-O2-C3),dihedral,0.0008504679305441926,-,-0.0015884074563488981,0.18840688455367277
24,1021.1486408263835,,,mixed mixed-phase cyclic C-C stretching / ring-site C-H in-plane bending / O-C-C bending,nu(C3-H13),bond,0.0003823367474857265,+,0.0008162479610766708,0.32074838839996167
24,1021.1486408263835,,,mixed mixed-phase cyclic C-C stretching / ring-site C-H in-plane bending / O-C-C bending,nu(C8-H16),bond,0.0003709553153094717,-,-0.0007708795817583412,0.3489081977295606
24,1021.1486408263835,,,mixed mixed-phase cyclic C-C stretching / ring-site C-H in-plane bending / O-C-C bending,tau(C5-C7-O9-C8),dihedral,9.729381142490701e-05,+,0.0005370670084381363,0.18853454090243024
24,1021.1486408263835,,,mixed mixed-phase cyclic C-C stretching / ring-site C-H in-plane bending / O-C-C bending,nu(C1-H12),bond,6.650828677540661e-05,-,-0.0003285747748326606,0.3443261315380825
24,1021.1486408263835,,,mixed mixed-phase cyclic C-C stretching / ring-site C-H in-plane bending / O-C-C bending,nu(C8-H17),bond,4.058780359104021e-05,+,0.0002538849726890773,0.35195263308227415
25,1060.5083031100687,,,mixed C-O torsion / ring-site C-H in-plane bending / O-C-C bending,tau(C1-O2-C3-C4),dihedral,17.326301802701817,+,0.10421800040926973,1.401121193970568
25,1060.5083031100687,,,mixed C-O torsion / ring-site C-H in-plane bending / O-C-C bending,delta(O2-C3-C7),angle,13.320678182061378,-,-0.11722902034663192,0.851356320806506
25,1060.5083031100687,,,mixed C-O torsion / ring-site C-H in-plane bending / O-C-C bending,tau(C3-C4-C5-C7),dihedral,8.449986859711057,-,-0.13062396324543118,0.4349763258740278
25,1060.5083031100687,,,mixed C-O torsion / ring-site C-H in-plane bending / O-C-C bending,delta(C5-C4-H14),angle,7.817592250765518,-,-0.1584181373436793,0.27360152237173796
25,1060.5083031100687,,,mixed C-O torsion / ring-site C-H in-plane bending / O-C-C bending,nu(C1-O2),bond,6.8437160883274055,+,0.13459792597991094,0.3317955436623933
25,1060.5083031100687,,,mixed C-O torsion / ring-site C-H in-plane bending / O-C-C bending,nu(C7-O9),bond,4.585434861868237,+,0.12131550562646976,0.2736548837890451
25,1060.5083031100687,,,mixed C-O torsion / ring-site C-H in-plane bending / O-C-C bending,tau(C1-O2-C3-C7),dihedral,4.203155759889725,-,-0.05122040604498413,1.407164111732383
25,1060.5083031100687,,,mixed C-O torsion / ring-site C-H in-plane bending / O-C-C bending,tau(C5-C7-O9-C8),dihedral,3.6737825993641393,+,0.1308244484738281,0.18853454090243024
25,1060.5083031100687,,,mixed C-O torsion / ring-site C-H in-plane bending / O-C-C bending,delta(C3-C4-H15),angle,3.6283656225340652,+,0.12041216268667157,0.2197989584380679
25,1060.5083031100687,,,mixed C-O torsion / ring-site C-H in-plane bending / O-C-C bending,nu(C4-C5),bond,3.5773976736356587,-,-0.09768751203692146,0.32926413089158674
25,1060.5083031100687,,,mixed C-O torsion / ring-site C-H in-plane bending / O-C-C bending,delta(C7-C3-H13),angle,3.031500401658727,+,0.105681427132044,0.238405127247466
25,1060.5083031100687,,,mixed C-O torsion / ring-site C-H in-plane bending / O-C-C bending,delta(C3-C7-O9),angle,2.9552420407213535,-,-0.07720447066563146,0.43547522975626995
25,1060.5083031100687,,,mixed C-O torsion / ring-site C-H in-plane bending / O-C-C bending,delta(C5-C4-H15),angle,2.6963598632250965,+,0.10759125999070013,0.20458753359916523
25,1060.5083031100687,,,mixed C-O torsion / ring-site C-H in-plane bending / O-C-C bending,nu(C8-O9),bond,1.960670768330074,+,0.07977149211081083,0.2706228995532804
25,1060.5083031100687,,,mixed C-O torsion / ring-site C-H in-plane bending / O-C-C bending,"gamma(O6;C5,C4,C7)",oop,1.9089685278882496,+,0.1237119854005703,0.10955457412425451
25,1060.5083031100687,,,mixed C-O torsion / ring-site C-H in-plane bending / O-C-C bending,delta(O2-C3-C4),angle,1.6183329643375854,-,-0.04505156186812064,0.7003312031404112
25,1060.5083031100687,,,mixed C-O torsion / ring-site C-H in-plane bending / O-C-C bending,nu(C3-C7),bond,1.4735031258797604,+,0.05933749634850622,0.36757665853689414
25,1060.5083031100687,,,mixed C-O torsion / ring-site C-H in-plane bending / O-C-C bending,delta(O2-C1-H11),angle,1.4082547276080197,-,-0.06016859550700184,0.3416620715716716
25,1060.5083031100687,,,mixed C-O torsion / ring-site C-H in-plane bending / O-C-C bending,nu(C7-C8),bond,1.3999305033789964,-,-0.058199987350923896,0.3630078327273742
25,1060.5083031100687,,,mixed C-O torsion / ring-site C-H in-plane bending / O-C-C bending,delta(O2-C1-H12),angle,1.3687551875639323,+,0.06891108739423138,0.25316453818387624
25,1060.5083031100687,,,mixed C-O torsion / ring-site C-H in-plane bending / O-C-C bending,nu(O2-C3),bond,1.2343806028098057,+,0.056262255857805935,0.34250751572774774
25,1060.5083031100687,,,mixed C-O torsion / ring-site C-H in-plane bending / O-C-C bending,delta(O6-C5-C7),angle,1.0407056962995318,-,-0.05092551816237348,0.3524620139770529
25,1060.5083031100687,,,mixed C-O torsion / ring-site C-H in-plane bending / O-C-C bending,nu(C3-C4),bond,1.0135528810183667,-,-0.055139978050425,0.29279828908400285
25,1060.5083031100687,,,mixed C-O torsion / ring-site C-H in-plane bending / O-C-C bending,delta(C1-O2-C3),angle,0.9503708258958699,-,-0.05759423053010253,0.25164623392653446
25,1060.5083031100687,,,mixed C-O torsion / ring-site C-H in-plane bending / O-C-C bending,tau(C4-C3-C7-O9),dihedral,0.7579380732172463,+,0.04388272267228364,0.3457020006406303
25,1060.5083031100687,,,mixed C-O torsion / ring-site C-H in-plane bending / O-C-C bending,"gamma(H17;C8,C7,O9)",oop,0.38511858633163765,-,-0.034088175697306385,0.29110003621150987
25,1060.5083031100687,,,mixed C-O torsion / ring-site C-H in-plane bending / O-C-C bending,nu(C5-C7),bond,0.3733919474487418,+,0.03298587009794712,0.301414651416424
25,1060.5083031100687,,,mixed C-O torsion / ring-site C-H in-plane bending / O-C-C bending,tau(C5-C7-C8-H17),dihedral,0.25828001390190175,+,0.026366841733007504,0.32630961917631934
25,1060.5083031100687,,,mixed C-O torsion / ring-site C-H in-plane bending / O-C-C bending,tau(H12-C1-O2-C3),dihedral,0.22569148899254976,-,-0.03314609353928192,0.18042876586366072
25,1060.5083031100687,,,mixed C-O torsion / ring-site C-H in-plane bending / O-C-C bending,delta(O2-C1-H10),angle,0.19124894601527587,-,-0.02464361127259906,0.27659584452157787
25,1060.5083031100687,,,mixed C-O torsion / ring-site C-H in-plane bending / O-C-C bending,"gamma(H17;C8,O9,H16)",oop,0.11196831122930291,+,0.02225998196930568,0.1984727154023873
25,1060.5083031100687,,,mixed C-O torsion / ring-site C-H in-plane bending / O-C-C bending,tau(H10-C1-O2-C3),dihedral,0.07894418298341788,+,0.019184007391938002,0.18840688455367277
25,1060.5083031100687,,,mixed C-O torsion / ring-site C-H in-plane bending / O-C-C bending,delta(O9-C8-H16),angle,0.049082193884267274,-,-0.013763819588908868,0.22756282881982776
25,1060.5083031100687,,,mixed C-O torsion / ring-site C-H in-plane bending / O-C-C bending,delta(C4-C3-H13),angle,0.027303903652279637,+,0.009688584783352864,0.25548143957558495
25,1060.5083031100687,,,mixed C-O torsion / ring-site C-H in-plane bending / O-C-C bending,delta(H10-C1-H11),angle,0.016378839999751458,-,-0.00704795436393555,0.28960914653293446
25,1060.5083031100687,,,mixed C-O torsion / ring-site C-H in-plane bending / O-C-C bending,nu(C4-H15),bond,0.01190780583240105,-,-0.005578605146524749,0.3360746833820311
25,1060.5083031100687,,,mixed C-O torsion / ring-site C-H in-plane bending / O-C-C bending,nu(C1-H11),bond,0.010805653000740304,-,-0.005421196996456474,0.3229356113236915
25,1060.5083031100687,,,mixed C-O torsion / ring-site C-H in-plane bending / O-C-C bending,nu(C1-H10),bond,0.005514330980910492,-,-0.003868297567995202,0.3236744213946024
25,1060.5083031100687,,,mixed C-O torsion / ring-site C-H in-plane bending / O-C-C bending,delta(H14-C4-H15),angle,0.003384200311397152,+,0.003166079982736049,0.29652928958766894
25,1060.5083031100687,,,mixed C-O torsion / ring-site C-H in-plane bending / O-C-C bending,nu(C5-O6),bond,0.002451706096904181,+,0.0015645512995464466,0.8797192428027082
25,1060.5083031100687,,,mixed C-O torsion / ring-site C-H in-plane bending / O-C-C bending,nu(C3-H13),bond,0.0010706567980435652,-,-0.0017122632987275556,0.32074838839996167
25,1060.5083031100687,,,mixed C-O torsion / ring-site C-H in-plane bending / O-C-C bending,nu(C8-H16),bond,0.0009424147542256602,+,0.0015402566822338112,0.3489081977295606
25,1060.5083031100687,,,mixed C-O torsion / ring-site C-H in-plane bending / O-C-C bending,nu(C1-H12),bond,0.0006826870787464657,-,-0.0013196340101204243,0.3443261315380825
25,1060.5083031100687,,,mixed C-O torsion / ring-site C-H in-plane bending / O-C-C bending,nu(C4-H14),bond,0.0005741634436443101,+,0.0012157750512008846,0.3411806434515935
25,1060.5083031100687,,,mixed C-O torsion / ring-site C-H in-plane bending / O-C-C bending,nu(C8-H17),bond,0.00038007657225675584,+,0.000973915081267785,0.35195263308227415
26,1099.3292923691613,,,mixed ring-site C-H in-plane bending / ring-site C-H out-of-plane bending,delta(C5-C4-H14),angle,16.996724502621486,-,-0.1971514397171838,0.27360152237173796
26,1099.3292923691613,,,mixed ring-site C-H in-plane bending / ring-site C-H out-of-plane bending,tau(C5-C7-C8-H17),dihedral,14.118300084427862,+,0.16453293930205726,0.32630961917631934
26,1099.3292923691613,,,mixed ring-site C-H in-plane bending / ring-site C-H out-of-plane bending,nu(C1-O2),bond,12.137991275931398,-,-0.15129156880684197,0.3317955436623933
26,1099.3292923691613,,,mixed ring-site C-H in-plane bending / ring-site C-H out-of-plane bending,delta(C3-C4-H15),angle,10.330101142790557,-,-0.17148102152565164,0.2197989584380679
26,1099.3292923691613,,,mixed ring-site C-H in-plane bending / ring-site C-H out-of-plane bending,delta(C5-C4-H15),angle,9.059014389323805,+,0.16644757855768508,0.20458753359916523
26,1099.3292923691613,,,mixed ring-site C-H in-plane bending / ring-site C-H out-of-plane bending,nu(C3-C4),bond,7.706130453384817,-,-0.12832477195833347,0.29279828908400285
26,1099.3292923691613,,,mixed ring-site C-H in-plane bending / ring-site C-H out-of-plane bending,delta(O9-C8-H16),angle,4.558092679333933,+,0.1119483002555779,0.22756282881982776
26,1099.3292923691613,,,mixed ring-site C-H in-plane bending / ring-site C-H out-of-plane bending,delta(O2-C3-C4),angle,3.1084345429268234,+,0.052698191950648794,0.7003312031404112
26,1099.3292923691613,,,mixed ring-site C-H in-plane bending / ring-site C-H out-of-plane bending,"gamma(H17;C8,O9,H16)",oop,3.094114164843584,+,0.09876301771655463,0.1984727154023873
26,1099.3292923691613,,,mixed ring-site C-H in-plane bending / ring-site C-H out-of-plane bending,nu(C4-C5),bond,2.095441681553329,-,-0.06310186107111831,0.32926413089158674
26,1099.3292923691613,,,mixed ring-site C-H in-plane bending / ring-site C-H out-of-plane bending,nu(O2-C3),bond,1.849901303854175,+,0.05813207383792058,0.34250751572774774
26,1099.3292923691613,,,mixed ring-site C-H in-plane bending / ring-site C-H out-of-plane bending,delta(C7-C3-H13),angle,1.7330573608363995,-,-0.06744119594963414,0.238405127247466
26,1099.3292923691613,,,mixed ring-site C-H in-plane bending / ring-site C-H out-of-plane bending,tau(C1-O2-C3-C4),dihedral,1.5967160045180615,-,-0.02670254023525272,1.401121193970568
26,1099.3292923691613,,,mixed ring-site C-H in-plane bending / ring-site C-H out-of-plane bending,delta(C4-C3-H13),angle,1.3229575086033114,+,0.05692065128019233,0.25548143957558495
26,1099.3292923691613,,,mixed ring-site C-H in-plane bending / ring-site C-H out-of-plane bending,nu(C3-C7),bond,1.322223209285453,+,0.047441128967668084,0.36757665853689414
26,1099.3292923691613,,,mixed ring-site C-H in-plane bending / ring-site C-H out-of-plane bending,delta(O6-C5-C7),angle,1.249850761077683,-,-0.04710310217877174,0.3524620139770529
26,1099.3292923691613,,,mixed ring-site C-H in-plane bending / ring-site C-H out-of-plane bending,tau(H12-C1-O2-C3),dihedral,1.0452393910055888,+,0.06020486473590223,0.18042876586366072
26,1099.3292923691613,,,mixed ring-site C-H in-plane bending / ring-site C-H out-of-plane bending,tau(C1-O2-C3-C7),dihedral,0.945876549611243,+,0.020507911952817846,1.407164111732383
26,1099.3292923691613,,,mixed ring-site C-H in-plane bending / ring-site C-H out-of-plane bending,tau(C5-C7-O9-C8),dihedral,0.8730720067737626,+,0.05382774150223336,0.18853454090243024
26,1099.3292923691613,,,mixed ring-site C-H in-plane bending / ring-site C-H out-of-plane bending,delta(O2-C3-C7),angle,0.8085611508053226,+,0.024376836428973744,0.851356320806506
26,1099.3292923691613,,,mixed ring-site C-H in-plane bending / ring-site C-H out-of-plane bending,"gamma(O6;C5,C4,C7)",oop,0.6822704344688598,+,0.062422277304224304,0.10955457412425451
26,1099.3292923691613,,,mixed ring-site C-H in-plane bending / ring-site C-H out-of-plane bending,"gamma(H17;C8,C7,O9)",oop,0.6488492075627313,+,0.03734456024305535,0.29110003621150987
26,1099.3292923691613,,,mixed ring-site C-H in-plane bending / ring-site C-H out-of-plane bending,delta(O2-C1-H11),angle,0.611071556838314,+,0.033452165746921426,0.3416620715716716
26,1099.3292923691613,,,mixed ring-site C-H in-plane bending / ring-site C-H out-of-plane bending,tau(H10-C1-O2-C3),dihedral,0.5544623949207325,+,0.042910567112739925,0.18840688455367277
26,1099.3292923691613,,,mixed ring-site C-H in-plane bending / ring-site C-H out-of-plane bending,delta(O2-C1-H12),angle,0.4109110456220818,+,0.0318675783225568,0.25316453818387624
26,1099.3292923691613,,,mixed ring-site C-H in-plane bending / ring-site C-H out-of-plane bending,delta(H10-C1-H11),angle,0.27739639040301256,-,-0.024480532257389442,0.28960914653293446
26,1099.3292923691613,,,mixed ring-site C-H in-plane bending / ring-site C-H out-of-plane bending,nu(C5-C7),bond,0.1660583894327238,-,-0.01856627681742818,0.301414651416424
26,1099.3292923691613,,,mixed ring-site C-H in-plane bending / ring-site C-H out-of-plane bending,nu(C8-O9),bond,0.13234079478185107,+,0.017492069246595122,0.2706228995532804
26,1099.3292923691613,,,mixed ring-site C-H in-plane bending / ring-site C-H out-of-plane bending,nu(C5-O6),bond,0.0925903872375517,-,-0.00811498076014432,0.8797192428027082
26,1099.3292923691613,,,mixed ring-site C-H in-plane bending / ring-site C-H out-of-plane bending,tau(C3-C4-C5-C7),dihedral,0.08727195263830663,-,-0.01120420706399125,0.4349763258740278
26,1099.3292923691613,,,mixed ring-site C-H in-plane bending / ring-site C-H out-of-plane bending,delta(C1-O2-C3),angle,0.08498367671730947,+,0.014536141125932656,0.25164623392653446
26,1099.3292923691613,,,mixed ring-site C-H in-plane bending / ring-site C-H out-of-plane bending,nu(C7-O9),bond,0.048550866316493746,+,0.010535944648804613,0.2736548837890451
26,1099.3292923691613,,,mixed ring-site C-H in-plane bending / ring-site C-H out-of-plane bending,tau(C4-C3-C7-O9),dihedral,0.046462406867672085,-,-0.009170151178719969,0.3457020006406303
26,1099.3292923691613,,,mixed ring-site C-H in-plane bending / ring-site C-H out-of-plane bending,delta(O2-C1-H10),angle,0.04071023122450075,-,-0.009596338285760456,0.27659584452157787
26,1099.3292923691613,,,mixed ring-site C-H in-plane bending / ring-site C-H out-of-plane bending,delta(C3-C7-O9),angle,0.03493937392380086,-,-0.007085205008784734,0.43547522975626995
26,1099.3292923691613,,,mixed ring-site C-H in-plane bending / ring-site C-H out-of-plane bending,nu(C7-C8),bond,0.02755395826839013,+,0.006891449694559205,0.3630078327273742
26,1099.3292923691613,,,mixed ring-site C-H in-plane bending / ring-site C-H out-of-plane bending,nu(C1-H11),bond,0.021930415853113436,+,0.006518415712579374,0.3229356113236915
26,1099.3292923691613,,,mixed ring-site C-H in-plane bending / ring-site C-H out-of-plane bending,nu(C1-H10),bond,0.020973038316226125,+,0.006367267198091009,0.3236744213946024
26,1099.3292923691613,,,mixed ring-site C-H in-plane bending / ring-site C-H out-of-plane bending,delta(H14-C4-H15),angle,0.017740189551560388,+,0.006118175344501745,0.29652928958766894
26,1099.3292923691613,,,mixed ring-site C-H in-plane bending / ring-site C-H out-of-plane bending,nu(C3-H13),bond,0.016854841466291876,-,-0.005733986744909677,0.32074838839996167
26,1099.3292923691613,,,mixed ring-site C-H in-plane bending / ring-site C-H out-of-plane bending,nu(C4-H15),bond,0.008233775719473398,-,-0.003915238364598569,0.3360746833820311
26,1099.3292923691613,,,mixed ring-site C-H in-plane bending / ring-site C-H out-of-plane bending,nu(C8-H16),bond,0.006160604107971045,+,0.0033237829367107987,0.3489081977295606
26,1099.3292923691613,,,mixed ring-site C-H in-plane bending / ring-site C-H out-of-plane bending,nu(C1-H12),bond,0.005143454169099274,+,0.003057166103434864,0.3443261315380825
26,1099.3292923691613,,,mixed ring-site C-H in-plane bending / ring-site C-H out-of-plane bending,nu(C8-H17),bond,0.004512849380917772,-,-0.0028324346609418195,0.35195263308227415
26,1099.3292923691613,,,mixed ring-site C-H in-plane bending / ring-site C-H out-of-plane bending,nu(C4-H14),bond,0.00022760070243666464,+,0.0006460575367505746,0.3411806434515935
27,1133.7381420986378,,,mixed ring-site C-H out-of-plane bending / ring-site C-H in-plane bending,"gamma(H17;C8,C7,O9)",oop,30.023498483130123,-,-0.32376750647748054,0.29110003621150987
27,1133.7381420986378,,,mixed ring-site C-H out-of-plane bending / ring-site C-H in-plane bending,tau(C5-C7-C8-H17),dihedral,27.816617122266948,-,-0.2943479123623063,0.32630961917631934
27,1133.7381420986378,,,mixed ring-site C-H out-of-plane bending / ring-site C-H in-plane bending,delta(O9-C8-H16),angle,18.303780417447157,-,-0.28591930428971807,0.22756282881982776
27,1133.7381420986378,,,mixed ring-site C-H out-of-plane bending / ring-site C-H in-plane bending,"gamma(H17;C8,O9,H16)",oop,7.828965361914011,-,-0.2002283284604506,0.1984727154023873
27,1133.7381420986378,,,mixed ring-site C-H out-of-plane bending / ring-site C-H in-plane bending,nu(C1-O2),bond,5.957421996213772,-,-0.13508827303676552,0.3317955436623933
27,1133.7381420986378,,,mixed ring-site C-H out-of-plane bending / ring-site C-H in-plane bending,nu(O2-C3),bond,3.5770324144359686,+,0.10302678003219005,0.34250751572774774
27,1133.7381420986378,,,mixed ring-site C-H out-of-plane bending / ring-site C-H in-plane bending,tau(C5-C7-O9-C8),dihedral,1.573855586004472,+,0.09211083469031021,0.18853454090243024
27,1133.7381420986378,,,mixed ring-site C-H out-of-plane bending / ring-site C-H in-plane bending,nu(C5-C7),bond,0.979260243166094,-,-0.05746330803741797,0.301414651416424
27,1133.7381420986378,,,mixed ring-site C-H out-of-plane bending / ring-site C-H in-plane bending,delta(O2-C1-H12),angle,0.8045850281579696,+,0.0568340073548942,0.25316453818387624
27,1133.7381420986378,,,mixed ring-site C-H out-of-plane bending / ring-site C-H in-plane bending,delta(O2-C3-C4),angle,0.43405512710576627,-,-0.02509830823940791,0.7003312031404112
27,1133.7381420986378,,,mixed ring-site C-H out-of-plane bending / ring-site C-H in-plane bending,nu(C3-C7),bond,0.3273582488512038,+,0.03008579025464863,0.36757665853689414
27,1133.7381420986378,,,mixed ring-site C-H out-of-plane bending / ring-site C-H in-plane bending,tau(C3-C4-C5-C7),dihedral,0.3017561389725243,-,-0.02655332974066802,0.4349763258740278
27,1133.7381420986378,,,mixed ring-site C-H out-of-plane bending / ring-site C-H in-plane bending,nu(C4-C5),bond,0.2530281831592767,+,0.027947050461397602,0.32926413089158674
27,1133.7381420986378,,,mixed ring-site C-H out-of-plane bending / ring-site C-H in-plane bending,delta(H10-C1-H11),angle,0.24610957769000122,-,-0.02938880061676327,0.28960914653293446
27,1133.7381420986378,,,mixed ring-site C-H out-of-plane bending / ring-site C-H in-plane bending,delta(O2-C3-C7),angle,0.16772384140186006,+,0.014150293882959453,0.851356320806506
27,1133.7381420986378,,,mixed ring-site C-H out-of-plane bending / ring-site C-H in-plane bending,delta(C3-C4-H15),angle,0.16526332755159157,+,0.027643891084923742,0.2197989584380679
27,1133.7381420986378,,,mixed ring-site C-H out-of-plane bending / ring-site C-H in-plane bending,delta(C3-C7-O9),angle,0.16110846129022652,-,-0.019391043839028954,0.43547522975626995
27,1133.7381420986378,,,mixed ring-site C-H out-of-plane bending / ring-site C-H in-plane bending,tau(C1-O2-C3-C4),dihedral,0.15615490084983108,-,-0.010642991125237318,1.401121193970568
27,1133.7381420986378,,,mixed ring-site C-H out-of-plane bending / ring-site C-H in-plane bending,delta(C5-C4-H14),angle,0.14548511723030014,-,-0.023247366968537273,0.27360152237173796
27,1133.7381420986378,,,mixed ring-site C-H out-of-plane bending / ring-site C-H in-plane bending,tau(C1-O2-C3-C7),dihedral,0.12924060505530438,-,-0.009661640146020996,1.407164111732383
27,1133.7381420986378,,,mixed ring-site C-H out-of-plane bending / ring-site C-H in-plane bending,delta(C5-C4-H15),angle,0.08779994372334818,+,0.020884845997524822,0.20458753359916523
27,1133.7381420986378,,,mixed ring-site C-H out-of-plane bending / ring-site C-H in-plane bending,"gamma(O6;C5,C4,C7)",oop,0.08725827559854854,+,0.02845193431501045,0.10955457412425451
27,1133.7381420986378,,,mixed ring-site C-H out-of-plane bending / ring-site C-H in-plane bending,delta(C1-O2-C3),angle,0.06521257562318565,+,0.0162290912015436,0.25164623392653446
27,1133.7381420986378,,,mixed ring-site C-H out-of-plane bending / ring-site C-H in-plane bending,nu(C3-C4),bond,0.0631838642641345,-,-0.014809574000225019,0.29279828908400285
27,1133.7381420986378,,,mixed ring-site C-H out-of-plane bending / ring-site C-H in-plane bending,delta(C4-C3-H13),angle,0.06134206720031117,+,0.015621519244496037,0.25548143957558495
27,1133.7381420986378,,,mixed ring-site C-H out-of-plane bending / ring-site C-H in-plane bending,tau(C4-C3-C7-O9),dihedral,0.053570566785657914,-,-0.0125497743178891,0.3457020006406303
27,1133.7381420986378,,,mixed ring-site C-H out-of-plane bending / ring-site C-H in-plane bending,nu(C5-O6),bond,0.050823644227131336,-,-0.007662748945589281,0.8797192428027082
27,1133.7381420986378,,,mixed ring-site C-H out-of-plane bending / ring-site C-H in-plane bending,nu(C7-O9),bond,0.04273790946059501,-,-0.012598788272930728,0.2736548837890451
27,1133.7381420986378,,,mixed ring-site C-H out-of-plane bending / ring-site C-H in-plane bending,tau(H10-C1-O2-C3),dihedral,0.03387534394757362,+,0.013518148544027804,0.18840688455367277
27,1133.7381420986378,,,mixed ring-site C-H out-of-plane bending / ring-site C-H in-plane bending,nu(C8-O9),bond,0.013586136999335764,-,-0.007143144984862091,0.2706228995532804
27,1133.7381420986378,,,mixed ring-site C-H out-of-plane bending / ring-site C-H in-plane bending,nu(C1-H10),bond,0.013539056234736275,+,0.006520242491126294,0.3236744213946024
27,1133.7381420986378,,,mixed ring-site C-H out-of-plane bending / ring-site C-H in-plane bending,delta(C7-C3-H13),angle,0.013448779678835591,+,0.007571943864177173,0.238405127247466
27,1133.7381420986378,,,mixed ring-site C-H out-of-plane bending / ring-site C-H in-plane bending,delta(O2-C1-H11),angle,0.012124133471730586,+,0.006005521294955285,0.3416620715716716
27,1133.7381420986378,,,mixed ring-site C-H out-of-plane bending / ring-site C-H in-plane bending,nu(C1-H11),bond,0.011289619021568388,+,0.005960811874731275,0.3229356113236915
27,1133.7381420986378,,,mixed ring-site C-H out-of-plane bending / ring-site C-H in-plane bending,nu(C8-H16),bond,0.011087451495520432,-,-0.005683083296386443,0.3489081977295606
27,1133.7381420986378,,,mixed ring-site C-H out-of-plane bending / ring-site C-H in-plane bending,nu(C8-H17),bond,0.0084441270980104,+,0.004938090139142755,0.35195263308227415
27,1133.7381420986378,,,mixed ring-site C-H out-of-plane bending / ring-site C-H in-plane bending,delta(H14-C4-H15),angle,0.00754592299504588,+,0.0050856460122589795,0.29652928958766894
27,1133.7381420986378,,,mixed ring-site C-H out-of-plane bending / ring-site C-H in-plane bending,nu(C1-H12),bond,0.0048891074828741245,+,0.003798862220545072,0.3443261315380825
27,1133.7381420986378,,,mixed ring-site C-H out-of-plane bending / ring-site C-H in-plane bending,nu(C3-H13),bond,0.0038104375685611585,-,-0.0034747929004413968,0.32074838839996167
27,1133.7381420986378,,,mixed ring-site C-H out-of-plane bending / ring-site C-H in-plane bending,tau(H12-C1-O2-C3),dihedral,0.000728967892958448,-,-0.0020263994211647887,0.18042876586366072
27,1133.7381420986378,,,mixed ring-site C-H out-of-plane bending / ring-site C-H in-plane bending,nu(C4-H15),bond,0.0006814661404178576,-,-0.001435581932198373,0.3360746833820311
27,1133.7381420986378,,,mixed ring-site C-H out-of-plane bending / ring-site C-H in-plane bending,delta(O6-C5-C7),angle,0.0002726559051992563,+,0.0008866965865519767,0.3524620139770529
27,1133.7381420986378,,,mixed ring-site C-H out-of-plane bending / ring-site C-H in-plane bending,delta(O2-C1-H10),angle,0.00023812774394189767,+,0.0009354184140901431,0.27659584452157787
27,1133.7381420986378,,,mixed ring-site C-H out-of-plane bending / ring-site C-H in-plane bending,nu(C7-C8),bond,0.00020707240473252293,+,0.0007614245183424468,0.3630078327273742
27,1133.7381420986378,,,mixed ring-site C-H out-of-plane bending / ring-site C-H in-plane bending,nu(C4-H14),bond,2.5651416277161894e-06,+,8.741525405545407e-05,0.3411806434515935
28,1141.5015743211884,,,mixed ring-site C-H in-plane bending / mixed-phase cyclic C-C stretching,delta(C3-C4-H15),angle,21.99380566936881,+,0.2558738509010573,0.2197989584380679
28,1141.5015743211884,,,mixed ring-site C-H in-plane bending / mixed-phase cyclic C-C stretching,delta(C5-C4-H15),angle,15.179070465566657,-,-0.22032893428810657,0.20458753359916523
28,1141.5015743211884,,,mixed ring-site C-H in-plane bending / mixed-phase cyclic C-C stretching,delta(O9-C8-H16),angle,11.082776004141632,+,0.1785098333681777,0.22756282881982776
28,1141.5015743211884,,,mixed ring-site C-H in-plane bending / mixed-phase cyclic C-C stretching,nu(C3-C7),bond,9.908915714922458,+,0.1328090386593963,0.36757665853689414
28,1141.5015743211884,,,mixed ring-site C-H in-plane bending / mixed-phase cyclic C-C stretching,nu(C5-C7),bond,7.626888688524627,-,-0.1286708154062688,0.301414651416424
28,1141.5015743211884,,,mixed ring-site C-H in-plane bending / mixed-phase cyclic C-C stretching,nu(C4-C5),bond,7.213076654731877,+,0.11972272443562777,0.32926413089158674
28,1141.5015743211884,,,mixed ring-site C-H in-plane bending / mixed-phase cyclic C-C stretching,delta(C3-C7-O9),angle,6.865722214322096,-,-0.10156636606657388,0.43547522975626995
28,1141.5015743211884,,,mixed ring-site C-H in-plane bending / mixed-phase cyclic C-C stretching,tau(C1-O2-C3-C7),dihedral,3.997526779144935,-,-0.04311335740060205,1.407164111732383
28,1141.5015743211884,,,mixed ring-site C-H in-plane bending / mixed-phase cyclic C-C stretching,delta(O2-C3-C4),angle,2.8401885704014185,-,-0.051512233177527796,0.7003312031404112
28,1141.5015743211884,,,mixed ring-site C-H in-plane bending / mixed-phase cyclic C-C stretching,"gamma(H17;C8,O9,H16)",oop,2.4223862064783828,-,-0.08936342702396778,0.1984727154023873
28,1141.5015743211884,,,mixed ring-site C-H in-plane bending / mixed-phase cyclic C-C stretching,tau(C5-C7-C8-H17),dihedral,2.1035455913425496,+,0.06494557332701366,0.32630961917631934
28,1141.5015743211884,,,mixed ring-site C-H in-plane bending / mixed-phase cyclic C-C stretching,tau(C4-C3-C7-O9),dihedral,2.0809324915583707,-,-0.06275763628054074,0.3457020006406303
28,1141.5015743211884,,,mixed ring-site C-H in-plane bending / mixed-phase cyclic C-C stretching,delta(C5-C4-H14),angle,1.6862358644990105,-,-0.06350215078833792,0.27360152237173796
28,1141.5015743211884,,,mixed ring-site C-H in-plane bending / mixed-phase cyclic C-C stretching,nu(C1-O2),bond,0.8710119352485801,-,-0.0414443475782355,0.3317955436623933
28,1141.5015743211884,,,mixed ring-site C-H in-plane bending / mixed-phase cyclic C-C stretching,tau(C5-C7-O9-C8),dihedral,0.6614185913317042,+,0.04791056183779167,0.18853454090243024
28,1141.5015743211884,,,mixed ring-site C-H in-plane bending / mixed-phase cyclic C-C stretching,delta(O2-C1-H12),angle,0.5534671333401494,+,0.03782100026949656,0.25316453818387624
28,1141.5015743211884,,,mixed ring-site C-H in-plane bending / mixed-phase cyclic C-C stretching,tau(C1-O2-C3-C4),dihedral,0.519623122769868,+,0.015577397838343703,1.401121193970568
28,1141.5015743211884,,,mixed ring-site C-H in-plane bending / mixed-phase cyclic C-C stretching,tau(H12-C1-O2-C3),dihedral,0.3925811386956879,-,-0.03773117713892997,0.18042876586366072
28,1141.5015743211884,,,mixed ring-site C-H in-plane bending / mixed-phase cyclic C-C stretching,delta(C4-C3-H13),angle,0.3150642186220434,+,0.028405889495101155,0.25548143957558495
28,1141.5015743211884,,,mixed ring-site C-H in-plane bending / mixed-phase cyclic C-C stretching,nu(O2-C3),bond,0.29022707119116203,+,0.02354628711559973,0.34250751572774774
28,1141.5015743211884,,,mixed ring-site C-H in-plane bending / mixed-phase cyclic C-C stretching,tau(C3-C4-C5-C7),dihedral,0.28234158952155836,-,-0.020608346416882434,0.4349763258740278
28,1141.5015743211884,,,mixed ring-site C-H in-plane bending / mixed-phase cyclic C-C stretching,"gamma(H17;C8,C7,O9)",oop,0.277637866058266,+,0.02498082331921438,0.29110003621150987
28,1141.5015743211884,,,mixed ring-site C-H in-plane bending / mixed-phase cyclic C-C stretching,delta(O2-C1-H11),angle,0.21991948954961818,-,-0.020522109623006952,0.3416620715716716
28,1141.5015743211884,,,mixed ring-site C-H in-plane bending / mixed-phase cyclic C-C stretching,delta(C7-C3-H13),angle,0.17149834010681764,+,0.021695051903165424,0.238405127247466
28,1141.5015743211884,,,mixed ring-site C-H in-plane bending / mixed-phase cyclic C-C stretching,nu(C7-O9),bond,0.10397227813286135,-,-0.015766877993030018,0.2736548837890451
28,1141.5015743211884,,,mixed ring-site C-H in-plane bending / mixed-phase cyclic C-C stretching,delta(H10-C1-H11),angle,0.09440143218117338,-,-0.014603995259568325,0.28960914653293446
28,1141.5015743211884,,,mixed ring-site C-H in-plane bending / mixed-phase cyclic C-C stretching,"gamma(O6;C5,C4,C7)",oop,0.06116447877461103,-,-0.019112738187991852,0.10955457412425451
28,1141.5015743211884,,,mixed ring-site C-H in-plane bending / mixed-phase cyclic C-C stretching,nu(C3-C4),bond,0.04516205776719255,+,0.010045952544037609,0.29279828908400285
28,1141.5015743211884,,,mixed ring-site C-H in-plane bending / mixed-phase cyclic C-C stretching,nu(C8-H17),bond,0.02220150429231892,-,-0.006424474654969675,0.35195263308227415
28,1141.5015743211884,,,mixed ring-site C-H in-plane bending / mixed-phase cyclic C-C stretching,delta(O6-C5-C7),angle,0.021291903092796,+,0.006286944258964852,0.3524620139770529
28,1141.5015743211884,,,mixed ring-site C-H in-plane bending / mixed-phase cyclic C-C stretching,nu(C5-O6),bond,0.017922858849882862,-,-0.0036510697101202233,0.8797192428027082
28,1141.5015743211884,,,mixed ring-site C-H in-plane bending / mixed-phase cyclic C-C stretching,delta(C1-O2-C3),angle,0.014417397080081478,-,-0.006122612036503696,0.25164623392653446
28,1141.5015743211884,,,mixed ring-site C-H in-plane bending / mixed-phase cyclic C-C stretching,nu(C7-C8),bond,0.014373612054272872,+,0.005089949694876103,0.3630078327273742
28,1141.5015743211884,,,mixed ring-site C-H in-plane bending / mixed-phase cyclic C-C stretching,nu(C8-H16),bond,0.014340502660428613,+,0.0051857924261941545,0.3489081977295606
28,1141.5015743211884,,,mixed ring-site C-H in-plane bending / mixed-phase cyclic C-C stretching,delta(H14-C4-H15),angle,0.008082821996619988,-,-0.004223147376711101,0.29652928958766894
28,1141.5015743211884,,,mixed ring-site C-H in-plane bending / mixed-phase cyclic C-C stretching,delta(O2-C3-C7),angle,0.00576983315980274,+,0.0021057871631944367,0.851356320806506
28,1141.5015743211884,,,mixed ring-site C-H in-plane bending / mixed-phase cyclic C-C stretching,tau(H10-C1-O2-C3),dihedral,0.005214121910830527,-,-0.0042553054055517936,0.18840688455367277
28,1141.5015743211884,,,mixed ring-site C-H in-plane bending / mixed-phase cyclic C-C stretching,nu(C3-H13),bond,0.004903522399577751,+,0.0031627172618687773,0.32074838839996167
28,1141.5015743211884,,,mixed ring-site C-H in-plane bending / mixed-phase cyclic C-C stretching,nu(C8-O9),bond,0.0037100604310873115,-,-0.0029949994640177647,0.2706228995532804
28,1141.5015743211884,,,mixed ring-site C-H in-plane bending / mixed-phase cyclic C-C stretching,nu(C1-H11),bond,0.002389294313209373,+,0.002200216330981467,0.3229356113236915
28,1141.5015743211884,,,mixed ring-site C-H in-plane bending / mixed-phase cyclic C-C stretching,nu(C1-H10),bond,0.0018333276023218947,+,0.0019251048008506436,0.3236744213946024
28,1141.5015743211884,,,mixed ring-site C-H in-plane bending / mixed-phase cyclic C-C stretching,nu(C4-H15),bond,0.001294309595789939,+,0.0015874122047929518,0.3360746833820311
28,1141.5015743211884,,,mixed ring-site C-H in-plane bending / mixed-phase cyclic C-C stretching,nu(C1-H12),bond,0.0006193677658307682,+,0.0010848703418390089,0.3443261315380825
28,1141.5015743211884,,,mixed ring-site C-H in-plane bending / mixed-phase cyclic C-C stretching,nu(C4-H14),bond,0.0005546139915495142,+,0.0010313159808708118,0.3411806434515935
28,1141.5015743211884,,,mixed ring-site C-H in-plane bending / mixed-phase cyclic C-C stretching,delta(O2-C1-H10),angle,0.0005192905094617259,-,-0.0011083346116727612,0.27659584452157787
29,1150.6573272992248,,,mixed ring-site C-H in-plane bending / ring-site C-H out-of-plane bending,delta(C5-C4-H14),angle,16.05431767059537,-,-0.1979412404469044,0.27360152237173796
29,1150.6573272992248,,,mixed ring-site C-H in-plane bending / ring-site C-H out-of-plane bending,nu(O2-C3),bond,14.687817620320994,-,-0.16921669127166805,0.34250751572774774
29,1150.6573272992248,,,mixed ring-site C-H in-plane bending / ring-site C-H out-of-plane bending,nu(C1-O2),bond,11.486257137694553,+,0.15203851149069667,0.3317955436623933
29,1150.6573272992248,,,mixed ring-site C-H in-plane bending / ring-site C-H out-of-plane bending,delta(O9-C8-H16),angle,10.831483377206418,-,-0.1782760171913342,0.22756282881982776
29,1150.6573272992248,,,mixed ring-site C-H in-plane bending / ring-site C-H out-of-plane bending,"gamma(H17;C8,O9,H16)",oop,10.061477420539024,+,0.18398401367500786,0.1984727154023873
29,1150.6573272992248,,,mixed ring-site C-H in-plane bending / ring-site C-H out-of-plane bending,"gamma(H17;C8,C7,O9)",oop,9.264297549510871,-,-0.1457755652531922,0.29110003621150987
29,1150.6573272992248,,,mixed ring-site C-H in-plane bending / ring-site C-H out-of-plane bending,delta(O2-C1-H12),angle,7.271261920691594,-,-0.13848510815856763,0.25316453818387624
29,1150.6573272992248,,,mixed ring-site C-H in-plane bending / ring-site C-H out-of-plane bending,nu(C3-C7),bond,2.819495019656798,+,0.07156675394788034,0.36757665853689414
29,1150.6573272992248,,,mixed ring-site C-H in-plane bending / ring-site C-H out-of-plane bending,delta(C5-C4-H15),angle,2.7246244627540634,-,-0.09430036172240397,0.20458753359916523
29,1150.6573272992248,,,mixed ring-site C-H in-plane bending / ring-site C-H out-of-plane bending,delta(O2-C3-C4),angle,2.298602813840406,+,0.046814441315774405,0.7003312031404112
29,1150.6573272992248,,,mixed ring-site C-H in-plane bending / ring-site C-H out-of-plane bending,delta(O2-C1-H11),angle,1.9058628654171794,+,0.0610305179077583,0.3416620715716716
29,1150.6573272992248,,,mixed ring-site C-H in-plane bending / ring-site C-H out-of-plane bending,nu(C4-C5),bond,1.3506669727295977,+,0.05233612272484102,0.32926413089158674
29,1150.6573272992248,,,mixed ring-site C-H in-plane bending / ring-site C-H out-of-plane bending,delta(C4-C3-H13),angle,1.3394463180184748,+,0.059167414963547944,0.25548143957558495
29,1150.6573272992248,,,mixed ring-site C-H in-plane bending / ring-site C-H out-of-plane bending,delta(C7-C3-H13),angle,1.2748060681908624,-,-0.05975357331952177,0.238405127247466
29,1150.6573272992248,,,mixed ring-site C-H in-plane bending / ring-site C-H out-of-plane bending,delta(H10-C1-H11),angle,1.2683745385653713,+,0.05407757857570536,0.28960914653293446
29,1150.6573272992248,,,mixed ring-site C-H in-plane bending / ring-site C-H out-of-plane bending,nu(C3-C4),bond,0.9198450206563891,-,-0.04580075949215923,0.29279828908400285
29,1150.6573272992248,,,mixed ring-site C-H in-plane bending / ring-site C-H out-of-plane bending,nu(C5-C7),bond,0.691784709948519,-,-0.03914739934461682,0.301414651416424
29,1150.6573272992248,,,mixed ring-site C-H in-plane bending / ring-site C-H out-of-plane bending,tau(H10-C1-O2-C3),dihedral,0.6423792863803366,-,-0.047714128561772144,0.18840688455367277
29,1150.6573272992248,,,mixed ring-site C-H in-plane bending / ring-site C-H out-of-plane bending,tau(C3-C4-C5-C7),dihedral,0.4769112175903342,+,0.027057369644187878,0.4349763258740278
29,1150.6573272992248,,,mixed ring-site C-H in-plane bending / ring-site C-H out-of-plane bending,tau(H12-C1-O2-C3),dihedral,0.4387625932043644,+,0.04029596162438006,0.18042876586366072
29,1150.6573272992248,,,mixed ring-site C-H in-plane bending / ring-site C-H out-of-plane bending,delta(C3-C4-H15),angle,0.42147552269730837,+,0.03578268951764103,0.2197989584380679
29,1150.6573272992248,,,mixed ring-site C-H in-plane bending / ring-site C-H out-of-plane bending,delta(C1-O2-C3),angle,0.3052334211289402,-,-0.028459052759705745,0.25164623392653446
29,1150.6573272992248,,,mixed ring-site C-H in-plane bending / ring-site C-H out-of-plane bending,tau(C5-C7-O9-C8),dihedral,0.28546115320487275,+,0.031796378659482954,0.18853454090243024
29,1150.6573272992248,,,mixed ring-site C-H in-plane bending / ring-site C-H out-of-plane bending,nu(C7-O9),bond,0.18028423859968687,+,0.020973789002037342,0.2736548837890451
29,1150.6573272992248,,,mixed ring-site C-H in-plane bending / ring-site C-H out-of-plane bending,nu(C5-O6),bond,0.1669791125247407,+,0.011257932608719547,0.8797192428027082
29,1150.6573272992248,,,mixed ring-site C-H in-plane bending / ring-site C-H out-of-plane bending,delta(O2-C1-H10),angle,0.14378747752999824,-,-0.018631049646764295,0.27659584452157787
29,1150.6573272992248,,,mixed ring-site C-H in-plane bending / ring-site C-H out-of-plane bending,tau(C1-O2-C3-C7),dihedral,0.12806915166182956,+,0.007795599290518272,1.407164111732383
29,1150.6573272992248,,,mixed ring-site C-H in-plane bending / ring-site C-H out-of-plane bending,tau(C5-C7-C8-H17),dihedral,0.12573280165653183,+,0.01604017028300133,0.32630961917631934
29,1150.6573272992248,,,mixed ring-site C-H in-plane bending / ring-site C-H out-of-plane bending,delta(O2-C3-C7),angle,0.11960038498630439,+,0.009685236335029171,0.851356320806506
29,1150.6573272992248,,,mixed ring-site C-H in-plane bending / ring-site C-H out-of-plane bending,tau(C4-C3-C7-O9),dihedral,0.1106523880540294,-,-0.014619383720344594,0.3457020006406303
29,1150.6573272992248,,,mixed ring-site C-H in-plane bending / ring-site C-H out-of-plane bending,nu(C8-O9),bond,0.06188298190405582,+,0.012356713035663141,0.2706228995532804
29,1150.6573272992248,,,mixed ring-site C-H in-plane bending / ring-site C-H out-of-plane bending,nu(C7-C8),bond,0.03671290556157178,-,-0.008217713513204283,0.3630078327273742
29,1150.6573272992248,,,mixed ring-site C-H in-plane bending / ring-site C-H out-of-plane bending,nu(C1-H10),bond,0.03525447607636122,-,-0.008528105386279754,0.3236744213946024
29,1150.6573272992248,,,mixed ring-site C-H in-plane bending / ring-site C-H out-of-plane bending,nu(C1-H11),bond,0.022537547986323236,-,-0.006826451027240403,0.3229356113236915
29,1150.6573272992248,,,mixed ring-site C-H in-plane bending / ring-site C-H out-of-plane bending,nu(C1-H12),bond,0.014258934230982751,-,-0.005258454948319679,0.3443261315380825
29,1150.6573272992248,,,mixed ring-site C-H in-plane bending / ring-site C-H out-of-plane bending,tau(C1-O2-C3-C4),dihedral,0.008243707255701362,-,-0.001982088517072147,1.401121193970568
29,1150.6573272992248,,,mixed ring-site C-H in-plane bending / ring-site C-H out-of-plane bending,delta(O6-C5-C7),angle,0.0072842707322485845,-,-0.0037148090623129585,0.3524620139770529
29,1150.6573272992248,,,mixed ring-site C-H in-plane bending / ring-site C-H out-of-plane bending,delta(H14-C4-H15),angle,0.004394917008287725,-,-0.003145872788977551,0.29652928958766894
29,1150.6573272992248,,,mixed ring-site C-H in-plane bending / ring-site C-H out-of-plane bending,nu(C4-H14),bond,0.003393048995231536,+,0.0025769292179130096,0.3411806434515935
29,1150.6573272992248,,,mixed ring-site C-H in-plane bending / ring-site C-H out-of-plane bending,nu(C8-H17),bond,0.003053721933192472,+,0.002406978722060965,0.35195263308227415
29,1150.6573272992248,,,mixed ring-site C-H in-plane bending / ring-site C-H out-of-plane bending,"gamma(O6;C5,C4,C7)",oop,0.002704158847380296,+,0.004059760917552571,0.10955457412425451
29,1150.6573272992248,,,mixed ring-site C-H in-plane bending / ring-site C-H out-of-plane bending,nu(C8-H16),bond,0.0020364707799019415,-,-0.0019741635134245534,0.3489081977295606
29,1150.6573272992248,,,mixed ring-site C-H in-plane bending / ring-site C-H out-of-plane bending,nu(C4-H15),bond,0.0013136193761944615,+,0.0016155354416761787,0.3360746833820311
29,1150.6573272992248,,,mixed ring-site C-H in-plane bending / ring-site C-H out-of-plane bending,nu(C3-H13),bond,0.001055786525114767,+,0.0014825366286594047,0.32074838839996167
29,1150.6573272992248,,,mixed ring-site C-H in-plane bending / ring-site C-H out-of-plane bending,delta(C3-C7-O9),angle,0.0001232172317150073,-,-0.00043466393910124345,0.43547522975626995
30,1165.3160602227133,,,ring-site C-H out-of-plane bending,"gamma(H17;C8,O9,H16)",oop,57.639194240340764,-,-0.602340762615264,0.1984727154023873
30,1165.3160602227133,,,ring-site C-H out-of-plane bending,tau(C5-C7-C8-H17),dihedral,23.379775666676796,-,-0.2991843975689976,0.32630961917631934
30,1165.3160602227133,,,ring-site C-H out-of-plane bending,delta(O9-C8-H16),angle,5.573407209424507,+,0.17492159765283546,0.22756282881982776
30,1165.3160602227133,,,ring-site C-H out-of-plane bending,delta(O2-C1-H12),angle,1.6618624819115748,-,-0.09055862407071544,0.25316453818387624
30,1165.3160602227133,,,ring-site C-H out-of-plane bending,delta(C7-C3-H13),angle,1.5386726874961039,+,0.08979435526080412,0.238405127247466
30,1165.3160602227133,,,ring-site C-H out-of-plane bending,nu(O2-C3),bond,1.501384729745638,-,-0.07400220393017119,0.34250751572774774
30,1165.3160602227133,,,ring-site C-H out-of-plane bending,delta(C3-C4-H15),angle,1.2123626705283757,-,-0.08301129184275455,0.2197989584380679
30,1165.3160602227133,,,ring-site C-H out-of-plane bending,nu(C7-C8),bond,1.1620513365146807,+,0.06323949146986071,0.3630078327273742
30,1165.3160602227133,,,ring-site C-H out-of-plane bending,nu(C1-O2),bond,1.1079071879095115,+,0.06458774550593029,0.3317955436623933
30,1165.3160602227133,,,ring-site C-H out-of-plane bending,delta(O2-C1-H11),angle,0.6528897148393296,+,0.048860199779082306,0.3416620715716716
30,1165.3160602227133,,,ring-site C-H out-of-plane bending,delta(C5-C4-H14),angle,0.5074175232919491,-,-0.04813457986979559,0.27360152237173796
30,1165.3160602227133,,,ring-site C-H out-of-plane bending,delta(C4-C3-H13),angle,0.4544287005970178,-,-0.04713971024167577,0.25548143957558495
30,1165.3160602227133,,,ring-site C-H out-of-plane bending,nu(C5-C7),bond,0.44863637682881685,+,0.043121987814077216,0.301414651416424
30,1165.3160602227133,,,ring-site C-H out-of-plane bending,delta(O2-C3-C4),angle,0.38496841504972296,+,0.026205624932209733,0.7003312031404112
30,1165.3160602227133,,,ring-site C-H out-of-plane bending,nu(C7-O9),bond,0.36930903949661725,-,-0.041060768844737194,0.2736548837890451
30,1165.3160602227133,,,ring-site C-H out-of-plane bending,tau(C4-C3-C7-O9),dihedral,0.34705403853058053,+,0.035414516303518745,0.3457020006406303
30,1165.3160602227133,,,ring-site C-H out-of-plane bending,delta(O6-C5-C7),angle,0.24793508027098923,-,-0.029644664535848332,0.3524620139770529
30,1165.3160602227133,,,ring-site C-H out-of-plane bending,tau(H10-C1-O2-C3),dihedral,0.2387974414453362,-,-0.039792402446693055,0.18840688455367277
30,1165.3160602227133,,,ring-site C-H out-of-plane bending,delta(H10-C1-H11),angle,0.23584153475852598,+,0.03189610989923736,0.28960914653293446
30,1165.3160602227133,,,ring-site C-H out-of-plane bending,delta(C5-C4-H15),angle,0.2217438870123177,+,0.03679763899433258,0.20458753359916523
30,1165.3160602227133,,,ring-site C-H out-of-plane bending,tau(C1-O2-C3-C7),dihedral,0.18181995651651642,+,0.012705217652458398,1.407164111732383
30,1165.3160602227133,,,ring-site C-H out-of-plane bending,nu(C4-C5),bond,0.17190139935818327,-,-0.025538842189995213,0.32926413089158674
30,1165.3160602227133,,,ring-site C-H out-of-plane bending,tau(C5-C7-O9-C8),dihedral,0.13816306315176646,+,0.03025758224602017,0.18853454090243024
30,1165.3160602227133,,,ring-site C-H out-of-plane bending,nu(C3-C7),bond,0.1315328581259234,+,0.021143499780176114,0.36757665853689414
30,1165.3160602227133,,,ring-site C-H out-of-plane bending,tau(C1-O2-C3-C4),dihedral,0.09598719567080094,-,-0.009251294587152256,1.401121193970568
30,1165.3160602227133,,,ring-site C-H out-of-plane bending,"gamma(H17;C8,C7,O9)",oop,0.08744479369432717,+,0.0193722274169035,0.29110003621150987
30,1165.3160602227133,,,ring-site C-H out-of-plane bending,tau(H12-C1-O2-C3),dihedral,0.08309517772594352,+,0.023986602102286002,0.18042876586366072
30,1165.3160602227133,,,ring-site C-H out-of-plane bending,tau(C3-C4-C5-C7),dihedral,0.07111267674122096,+,0.014291388078111726,0.4349763258740278
30,1165.3160602227133,,,ring-site C-H out-of-plane bending,nu(C5-O6),bond,0.06508350262461664,+,0.009613845148246399,0.8797192428027082
30,1165.3160602227133,,,ring-site C-H out-of-plane bending,delta(O2-C3-C7),angle,0.02997150638851146,+,0.006631813631170479,0.851356320806506
30,1165.3160602227133,,,ring-site C-H out-of-plane bending,nu(C3-C4),bond,0.013181221350064899,+,0.007499412959826286,0.29279828908400285
30,1165.3160602227133,,,ring-site C-H out-of-plane bending,nu(C8-O9),bond,0.011905730978584906,+,0.007413605475572687,0.2706228995532804
30,1165.3160602227133,,,ring-site C-H out-of-plane bending,delta(C1-O2-C3),angle,0.010873582270435674,-,-0.007347249947934318,0.25164623392653446
30,1165.3160602227133,,,ring-site C-H out-of-plane bending,"gamma(O6;C5,C4,C7)",oop,0.008692655629646247,+,0.009956224702902458,0.10955457412425451
30,1165.3160602227133,,,ring-site C-H out-of-plane bending,nu(C1-H10),bond,0.0033343419462022895,-,-0.0035874395150780037,0.3236744213946024
30,1165.3160602227133,,,ring-site C-H out-of-plane bending,delta(C3-C7-O9),angle,0.002690875747800703,+,0.002778425802509892,0.43547522975626995
30,1165.3160602227133,,,ring-site C-H out-of-plane bending,delta(H14-C4-H15),angle,0.002453413385188772,-,-0.003215031825400929,0.29652928958766894
30,1165.3160602227133,,,ring-site C-H out-of-plane bending,nu(C1-H12),bond,0.0014292549566797465,-,-0.002277212565544896,0.3443261315380825
30,1165.3160602227133,,,ring-site C-H out-of-plane bending,nu(C1-H11),bond,0.0013617746001125005,-,-0.002295241326826283,0.3229356113236915
30,1165.3160602227133,,,ring-site C-H out-of-plane bending,nu(C8-H17),bond,0.0008722793238029061,+,0.0017596220256300805,0.35195263308227415
30,1165.3160602227133,,,ring-site C-H out-of-plane bending,nu(C4-H14),bond,0.0006439562333831153,+,0.0015355702639407703,0.3411806434515935
30,1165.3160602227133,,,ring-site C-H out-of-plane bending,nu(C3-H13),bond,0.00038844256841010676,-,-0.001230027657502616,0.32074838839996167
30,1165.3160602227133,,,ring-site C-H out-of-plane bending,nu(C4-H15),bond,0.0002799072216810041,+,0.0010200532934828367,0.3360746833820311
30,1165.3160602227133,,,ring-site C-H out-of-plane bending,delta(O2-C1-H10),angle,0.00014046418341489775,-,-0.0007965144950503694,0.27659584452157787
30,1165.3160602227133,,,ring-site C-H out-of-plane bending,nu(C8-H16),bond,6.937635949914687e-09,-,-4.9840670512805825e-06,0.3489081977295606
31,1178.1722398813674,,,mixed C-H bending / C-O torsion,delta(O2-C1-H11),angle,35.44601798308618,-,-0.32752466132915753,0.3416620715716716
31,1178.1722398813674,,,mixed C-H bending / C-O torsion,delta(O2-C1-H10),angle,34.93621044586847,+,0.3613880072681252,0.27659584452157787
31,1178.1722398813674,,,mixed C-H bending / C-O torsion,tau(C1-O2-C3-C4),dihedral,12.218212105576637,-,-0.09495648789520178,1.401121193970568
31,1178.1722398813674,,,mixed C-H bending / C-O torsion,tau(C1-O2-C3-C7),dihedral,7.039677785402727,-,-0.07192215305445224,1.407164111732383
31,1178.1722398813674,,,mixed C-H bending / C-O torsion,tau(H12-C1-O2-C3),dihedral,3.9652750262145173,-,-0.1507448321396064,0.18042876586366072
31,1178.1722398813674,,,mixed C-H bending / C-O torsion,tau(H10-C1-O2-C3),dihedral,3.9458425189827975,+,0.1471567387068013,0.18840688455367277
31,1178.1722398813674,,,mixed C-H bending / C-O torsion,delta(O2-C3-C4),angle,0.7234755288605573,+,0.0326827693482008,0.7003312031404112
31,1178.1722398813674,,,mixed C-H bending / C-O torsion,delta(O2-C1-H12),angle,0.5208641029968211,-,-0.04612320120977199,0.25316453818387624
31,1178.1722398813674,,,mixed C-H bending / C-O torsion,delta(C3-C4-H15),angle,0.30826941516770495,-,-0.038081238874725705,0.2197989584380679
31,1178.1722398813674,,,mixed C-H bending / C-O torsion,delta(C5-C4-H14),angle,0.18255594033176128,-,-0.02626620892003368,0.27360152237173796
31,1178.1722398813674,,,mixed C-H bending / C-O torsion,delta(C4-C3-H13),angle,0.16037796292605075,-,-0.025477178713754888,0.25548143957558495
31,1178.1722398813674,,,mixed C-H bending / C-O torsion,nu(O2-C3),bond,0.1472624114391744,-,-0.02108480386215364,0.34250751572774774
31,1178.1722398813674,,,mixed C-H bending / C-O torsion,delta(O2-C3-C7),angle,0.0833155292037322,+,0.01005925831359964,0.851356320806506
31,1178.1722398813674,,,mixed C-H bending / C-O torsion,"gamma(H17;C8,C7,O9)",oop,0.07551952253240848,-,-0.01637823704374685,0.29110003621150987
31,1178.1722398813674,,,mixed C-H bending / C-O torsion,delta(H10-C1-H11),angle,0.0500152074723761,+,0.01336298758250022,0.28960914653293446
31,1178.1722398813674,,,mixed C-H bending / C-O torsion,tau(C3-C4-C5-C7),dihedral,0.031268981416922026,+,0.008621497791614268,0.4349763258740278
31,1178.1722398813674,,,mixed C-H bending / C-O torsion,nu(C5-C7),bond,0.024390012603794583,-,-0.009147080417333373,0.301414651416424
31,1178.1722398813674,,,mixed C-H bending / C-O torsion,delta(C7-C3-H13),angle,0.023024833176152296,+,0.00999307426310708,0.238405127247466
31,1178.1722398813674,,,mixed C-H bending / C-O torsion,delta(C5-C4-H15),angle,0.020146427962036268,+,0.010090625974517686,0.20458753359916523
31,1178.1722398813674,,,mixed C-H bending / C-O torsion,nu(C4-C5),bond,0.018125865173281575,+,0.007544593164018738,0.32926413089158674
31,1178.1722398813674,,,mixed C-H bending / C-O torsion,delta(O9-C8-H16),angle,0.016382448615643613,-,-0.00862774716557524,0.22756282881982776
31,1178.1722398813674,,,mixed C-H bending / C-O torsion,nu(C3-C7),bond,0.016302306431898575,+,0.0067718795963069775,0.36757665853689414
31,1178.1722398813674,,,mixed C-H bending / C-O torsion,tau(C5-C7-O9-C8),dihedral,0.012724256895472545,+,0.00835371038949289,0.18853454090243024
31,1178.1722398813674,,,mixed C-H bending / C-O torsion,tau(C5-C7-C8-H17),dihedral,0.009302961627431992,-,-0.005429431284097599,0.32630961917631934
31,1178.1722398813674,,,mixed C-H bending / C-O torsion,nu(C1-O2),bond,0.00852611056708783,+,0.0051546462979305445,0.3317955436623933
31,1178.1722398813674,,,mixed C-H bending / C-O torsion,nu(C3-H13),bond,0.0052797139567510466,+,0.004125547767542478,0.32074838839996167
31,1178.1722398813674,,,mixed C-H bending / C-O torsion,nu(C3-C4),bond,0.00423835713298427,+,0.0038687723143639384,0.29279828908400285
31,1178.1722398813674,,,mixed C-H bending / C-O torsion,delta(H14-C4-H15),angle,0.0018582325040978984,+,0.002545510495650591,0.29652928958766894
31,1178.1722398813674,,,mixed C-H bending / C-O torsion,delta(C3-C7-O9),angle,0.0012813270993469995,-,-0.0017442428105455758,0.43547522975626995
31,1178.1722398813674,,,mixed C-H bending / C-O torsion,tau(C4-C3-C7-O9),dihedral,0.001041030281218708,+,0.0017645720629663223,0.3457020006406303
31,1178.1722398813674,,,mixed C-H bending / C-O torsion,nu(C5-O6),bond,0.0008567432672996207,+,0.0010034875036613207,0.8797192428027082
31,1178.1722398813674,,,mixed C-H bending / C-O torsion,"gamma(O6;C5,C4,C7)",oop,0.0008519581965988245,+,0.0028356495050643592,0.10955457412425451
31,1178.1722398813674,,,mixed C-H bending / C-O torsion,nu(C4-H14),bond,0.0003286739534636511,+,0.0009980426870896048,0.3411806434515935
31,1178.1722398813674,,,mixed C-H bending / C-O torsion,"gamma(H17;C8,O9,H16)",oop,0.00025316199376183515,-,-0.001148437889153693,0.1984727154023873
31,1178.1722398813674,,,mixed C-H bending / C-O torsion,nu(C7-O9),bond,0.00019754579277282648,-,-0.0008639546673361956,0.2736548837890451
31,1178.1722398813674,,,mixed C-H bending / C-O torsion,nu(C7-C8),bond,0.00016811339930800364,-,-0.0006919932071366784,0.3630078327273742
31,1178.1722398813674,,,mixed C-H bending / C-O torsion,nu(C1-H11),bond,0.00014934502355078372,-,-0.0006915061911580331,0.3229356113236915
31,1178.1722398813674,,,mixed C-H bending / C-O torsion,delta(C1-O2-C3),angle,0.00011491582158251531,-,-0.0006871528624334939,0.25164623392653446
31,1178.1722398813674,,,mixed C-H bending / C-O torsion,nu(C1-H12),bond,0.00010355898054792248,-,-0.0005576575109370218,0.3443261315380825
31,1178.1722398813674,,,mixed C-H bending / C-O torsion,delta(O6-C5-C7),angle,7.833431285364211e-05,+,0.000479378469199931,0.3524620139770529
31,1178.1722398813674,,,mixed C-H bending / C-O torsion,nu(C1-H10),bond,3.9214945364134225e-05,+,0.0003539405173562873,0.3236744213946024
31,1178.1722398813674,,,mixed C-H bending / C-O torsion,nu(C8-H17),bond,2.5839748241896168e-05,+,0.00027552479888298215,0.35195263308227415
31,1178.1722398813674,,,mixed C-H bending / C-O torsion,nu(C8-O9),bond,2.3958596181493753e-05,-,-0.0003025569104491976,0.2706228995532804
31,1178.1722398813674,,,mixed C-H bending / C-O torsion,nu(C8-H16),bond,2.1867997989658564e-05,-,-0.0002545702155552187,0.3489081977295606
31,1178.1722398813674,,,mixed C-H bending / C-O torsion,nu(C4-H15),bond,2.416464460940086e-06,+,8.622455694624443e-05,0.3360746833820311
32,1207.050085418965,,,mixed ring-site C-H in-plane bending / C-H bending,delta(C7-C3-H13),angle,16.60661661969617,-,-0.24183916425718321,0.238405127247466
32,1207.050085418965,,,mixed ring-site C-H in-plane bending / C-H bending,delta(O2-C1-H12),angle,13.014248024661661,+,0.20775522389708453,0.25316453818387624
32,1207.050085418965,,,mixed ring-site C-H in-plane bending / C-H bending,delta(C5-C4-H14),angle,7.98766150290138,-,-0.1565649056178309,0.27360152237173796
32,1207.050085418965,,,mixed ring-site C-H in-plane bending / C-H bending,delta(O2-C1-H11),angle,6.662651450224855,-,-0.12795846198305097,0.3416620715716716
32,1207.050085418965,,,mixed ring-site C-H in-plane bending / C-H bending,nu(C5-C7),bond,5.701575569704531,+,0.1260256981806541,0.301414651416424
32,1207.050085418965,,,mixed ring-site C-H in-plane bending / C-H bending,delta(C5-C4-H15),angle,5.440370778573725,-,-0.1494233660212854,0.20458753359916523
32,1207.050085418965,,,mixed ring-site C-H in-plane bending / C-H bending,"gamma(H17;C8,O9,H16)",oop,4.825835378086561,-,-0.14288271530929625,0.1984727154023873
32,1207.050085418965,,,mixed ring-site C-H in-plane bending / C-H bending,tau(H10-C1-O2-C3),dihedral,4.628401211609378,+,0.1436186910901355,0.18840688455367277
32,1207.050085418965,,,mixed ring-site C-H in-plane bending / C-H bending,tau(C5-C7-C8-H17),dihedral,4.427408550128244,-,-0.10673422737625278,0.32630961917631934
32,1207.050085418965,,,mixed ring-site C-H in-plane bending / C-H bending,delta(C3-C7-O9),angle,4.399650914973926,+,0.09210246004953558,0.43547522975626995
32,1207.050085418965,,,mixed ring-site C-H in-plane bending / C-H bending,nu(C3-C4),bond,4.132459747297767,-,-0.10885888904184358,0.29279828908400285
32,1207.050085418965,,,mixed ring-site C-H in-plane bending / C-H bending,tau(C1-O2-C3-C7),dihedral,3.853397607023818,+,0.04795052711226835,1.407164111732383
32,1207.050085418965,,,mixed ring-site C-H in-plane bending / C-H bending,delta(C3-C4-H15),angle,3.750113516820145,+,0.11968872515266632,0.2197989584380679
32,1207.050085418965,,,mixed ring-site C-H in-plane bending / C-H bending,nu(C3-C7),bond,2.1970446519311184,-,-0.0708417576906831,0.36757665853689414
32,1207.050085418965,,,mixed ring-site C-H in-plane bending / C-H bending,tau(C1-O2-C3-C4),dihedral,2.1807568646239983,-,-0.036150109910406104,1.401121193970568
32,1207.050085418965,,,mixed ring-site C-H in-plane bending / C-H bending,delta(O2-C1-H10),angle,1.9658729960868129,-,-0.07725004696797626,0.27659584452157787
32,1207.050085418965,,,mixed ring-site C-H in-plane bending / C-H bending,delta(H10-C1-H11),angle,1.3723858345496727,-,-0.06307769656620303,0.28960914653293446
32,1207.050085418965,,,mixed ring-site C-H in-plane bending / C-H bending,tau(C5-C7-O9-C8),dihedral,1.1952349490774141,-,-0.07295835394763132,0.18853454090243024
32,1207.050085418965,,,mixed ring-site C-H in-plane bending / C-H bending,nu(C7-O9),bond,0.7672311076159392,-,-0.04851827470931965,0.2736548837890451
32,1207.050085418965,,,mixed ring-site C-H in-plane bending / C-H bending,"gamma(H17;C8,C7,O9)",oop,0.7590549821024383,+,0.04679067787143608,0.29110003621150987
32,1207.050085418965,,,mixed ring-site C-H in-plane bending / C-H bending,delta(C1-O2-C3),angle,0.7119930075572735,+,0.048740108966285584,0.25164623392653446
32,1207.050085418965,,,mixed ring-site C-H in-plane bending / C-H bending,tau(C3-C4-C5-C7),dihedral,0.5842729864183274,+,0.03358295771006492,0.4349763258740278
32,1207.050085418965,,,mixed ring-site C-H in-plane bending / C-H bending,delta(C4-C3-H13),angle,0.5711456465083757,+,0.04332490381743284,0.25548143957558495
32,1207.050085418965,,,mixed ring-site C-H in-plane bending / C-H bending,nu(C7-C8),bond,0.43206676425762597,+,0.031612677539456825,0.3630078327273742
32,1207.050085418965,,,mixed ring-site C-H in-plane bending / C-H bending,delta(O6-C5-C7),angle,0.40101455235554984,-,-0.030907776022593987,0.3524620139770529
32,1207.050085418965,,,mixed ring-site C-H in-plane bending / C-H bending,nu(C5-O6),bond,0.38010828248094636,+,0.019046951228363248,0.8797192428027082
32,1207.050085418965,,,mixed ring-site C-H in-plane bending / C-H bending,nu(O2-C3),bond,0.300855022995193,-,-0.02715735251460356,0.34250751572774774
32,1207.050085418965,,,mixed ring-site C-H in-plane bending / C-H bending,delta(O2-C3-C4),angle,0.1924759213075292,+,0.015190788403286777,0.7003312031404112
32,1207.050085418965,,,mixed ring-site C-H in-plane bending / C-H bending,nu(C8-O9),bond,0.18062506435150147,-,-0.023672852118225344,0.2706228995532804
32,1207.050085418965,,,mixed ring-site C-H in-plane bending / C-H bending,"gamma(O6;C5,C4,C7)",oop,0.14338076598999866,-,-0.033149275405025054,0.10955457412425451
32,1207.050085418965,,,mixed ring-site C-H in-plane bending / C-H bending,tau(C4-C3-C7-O9),dihedral,0.10853318598532517,+,0.01623581816219998,0.3457020006406303
32,1207.050085418965,,,mixed ring-site C-H in-plane bending / C-H bending,delta(O9-C8-H16),angle,0.0533920108598145,+,0.014035611094883002,0.22756282881982776
32,1207.050085418965,,,mixed ring-site C-H in-plane bending / C-H bending,nu(C4-C5),bond,0.025804952919380682,-,-0.008111910931080341,0.32926413089158674
32,1207.050085418965,,,mixed ring-site C-H in-plane bending / C-H bending,nu(C3-H13),bond,0.01953562743529092,+,0.007151140154392827,0.32074838839996167
32,1207.050085418965,,,mixed ring-site C-H in-plane bending / C-H bending,delta(O2-C3-C7),angle,0.015959498979970926,+,0.003967325132242774,0.851356320806506
32,1207.050085418965,,,mixed ring-site C-H in-plane bending / C-H bending,tau(H12-C1-O2-C3),dihedral,0.003918368954358632,+,0.004270154840541721,0.18042876586366072
32,1207.050085418965,,,mixed ring-site C-H in-plane bending / C-H bending,nu(C8-H17),bond,0.002508278054332414,+,0.00244618657871025,0.35195263308227415
32,1207.050085418965,,,mixed ring-site C-H in-plane bending / C-H bending,nu(C8-H16),bond,0.00200696088386202,-,-0.002197645896384121,0.3489081977295606
32,1207.050085418965,,,mixed ring-site C-H in-plane bending / C-H bending,nu(C1-O2),bond,0.0010158387003411822,-,-0.0016033227385937258,0.3317955436623933
32,1207.050085418965,,,mixed ring-site C-H in-plane bending / C-H bending,nu(C1-H11),bond,0.0008983412548947087,-,-0.0015282927465537148,0.3229356113236915
32,1207.050085418965,,,mixed ring-site C-H in-plane bending / C-H bending,delta(H14-C4-H15),angle,0.0002513024313463799,+,0.0008435452724396875,0.29652928958766894
32,1207.050085418965,,,mixed ring-site C-H in-plane bending / C-H bending,nu(C4-H14),bond,0.00010645122880715961,-,-0.0005118314838075342,0.3411806434515935
32,1207.050085418965,,,mixed ring-site C-H in-plane bending / C-H bending,nu(C4-H15),bond,8.154545768048805e-05,+,0.0004513628773694585,0.3360746833820311
32,1207.050085418965,,,mixed ring-site C-H in-plane bending / C-H bending,nu(C1-H10),bond,7.227080986895052e-05,-,-0.00043298327371167004,0.3236744213946024
32,1207.050085418965,,,mixed ring-site C-H in-plane bending / C-H bending,nu(C1-H12),bond,5.094132876402422e-06,-,-0.00011145357203875379,0.3443261315380825
33,1237.2602199728121,,,mixed C-H bending / exocyclic C-O stretching / ring-site C-H in-plane bending,nu(O2-C3),bond,19.630086584049113,-,-0.21682840739764056,0.34250751572774774
33,1237.2602199728121,,,mixed C-H bending / exocyclic C-O stretching / ring-site C-H in-plane bending,delta(O2-C1-H12),angle,17.03589240035011,+,0.23494766507503204,0.25316453818387624
33,1237.2602199728121,,,mixed C-H bending / exocyclic C-O stretching / ring-site C-H in-plane bending,delta(O2-C1-H11),angle,9.648954058148632,-,-0.15220603043930828,0.3416620715716716
33,1237.2602199728121,,,mixed C-H bending / exocyclic C-O stretching / ring-site C-H in-plane bending,delta(C5-C4-H14),angle,6.749752432531238,+,0.14225737560607504,0.27360152237173796
33,1237.2602199728121,,,mixed C-H bending / exocyclic C-O stretching / ring-site C-H in-plane bending,nu(C3-C7),bond,5.895434352722612,+,0.11470281235988751,0.36757665853689414
33,1237.2602199728121,,,mixed C-H bending / exocyclic C-O stretching / ring-site C-H in-plane bending,tau(H10-C1-O2-C3),dihedral,5.8824642011480766,+,0.16003736330007515,0.18840688455367277
33,1237.2602199728121,,,mixed C-H bending / exocyclic C-O stretching / ring-site C-H in-plane bending,delta(C3-C4-H15),angle,5.867673554585508,-,-0.14798247350177046,0.2197989584380679
33,1237.2602199728121,,,mixed C-H bending / exocyclic C-O stretching / ring-site C-H in-plane bending,delta(O2-C1-H10),angle,5.6536363330417245,-,-0.12948851022526758,0.27659584452157787
33,1237.2602199728121,,,mixed C-H bending / exocyclic C-O stretching / ring-site C-H in-plane bending,delta(C5-C4-H15),angle,3.8337981312043747,+,0.12398386267563441,0.20458753359916523
33,1237.2602199728121,,,mixed C-H bending / exocyclic C-O stretching / ring-site C-H in-plane bending,nu(C3-C4),bond,3.304216368730262,+,0.09621440468279513,0.29279828908400285
33,1237.2602199728121,,,mixed C-H bending / exocyclic C-O stretching / ring-site C-H in-plane bending,nu(C5-C7),bond,2.184071372293516,-,-0.07709768875231164,0.301414651416424
33,1237.2602199728121,,,mixed C-H bending / exocyclic C-O stretching / ring-site C-H in-plane bending,delta(H10-C1-H11),angle,2.180764230000959,-,-0.07859381058456262,0.28960914653293446
33,1237.2602199728121,,,mixed C-H bending / exocyclic C-O stretching / ring-site C-H in-plane bending,delta(O2-C3-C4),angle,2.028021628693113,+,0.04873878270359564,0.7003312031404112
33,1237.2602199728121,,,mixed C-H bending / exocyclic C-O stretching / ring-site C-H in-plane bending,delta(O2-C3-C7),angle,1.841039207237167,+,0.04211782750322197,0.851356320806506
33,1237.2602199728121,,,mixed C-H bending / exocyclic C-O stretching / ring-site C-H in-plane bending,nu(C1-O2),bond,1.5159403085950616,+,0.06122036313361982,0.3317955436623933
33,1237.2602199728121,,,mixed C-H bending / exocyclic C-O stretching / ring-site C-H in-plane bending,delta(C1-O2-C3),angle,1.2244084520589358,+,0.0631768643813784,0.25164623392653446
33,1237.2602199728121,,,mixed C-H bending / exocyclic C-O stretching / ring-site C-H in-plane bending,"gamma(H17;C8,C7,O9)",oop,1.139755304795341,-,-0.05667281781236567,0.29110003621150987
33,1237.2602199728121,,,mixed C-H bending / exocyclic C-O stretching / ring-site C-H in-plane bending,delta(C3-C7-O9),angle,0.7850166915545498,-,-0.038454559628531844,0.43547522975626995
33,1237.2602199728121,,,mixed C-H bending / exocyclic C-O stretching / ring-site C-H in-plane bending,delta(C4-C3-H13),angle,0.6157827165302492,+,0.044465603954213374,0.25548143957558495
33,1237.2602199728121,,,mixed C-H bending / exocyclic C-O stretching / ring-site C-H in-plane bending,tau(C1-O2-C3-C4),dihedral,0.5952281897498676,+,0.0186678378323637,1.401121193970568
33,1237.2602199728121,,,mixed C-H bending / exocyclic C-O stretching / ring-site C-H in-plane bending,tau(C1-O2-C3-C7),dihedral,0.47822829823753427,-,-0.016696882293983903,1.407164111732383
33,1237.2602199728121,,,mixed C-H bending / exocyclic C-O stretching / ring-site C-H in-plane bending,nu(C4-C5),bond,0.3527320860399216,-,-0.029644245236423842,0.32926413089158674
33,1237.2602199728121,,,mixed C-H bending / exocyclic C-O stretching / ring-site C-H in-plane bending,tau(C3-C4-C5-C7),dihedral,0.3250103168770631,+,0.02475744873795631,0.4349763258740278
33,1237.2602199728121,,,mixed C-H bending / exocyclic C-O stretching / ring-site C-H in-plane bending,tau(C5-C7-O9-C8),dihedral,0.3081004461602096,+,0.03661346446630009,0.18853454090243024
33,1237.2602199728121,,,mixed C-H bending / exocyclic C-O stretching / ring-site C-H in-plane bending,delta(C7-C3-H13),angle,0.26743164314681045,-,-0.030334631664650183,0.238405127247466
33,1237.2602199728121,,,mixed C-H bending / exocyclic C-O stretching / ring-site C-H in-plane bending,tau(C4-C3-C7-O9),dihedral,0.2523412393158553,-,-0.0244699619822327,0.3457020006406303
33,1237.2602199728121,,,mixed C-H bending / exocyclic C-O stretching / ring-site C-H in-plane bending,delta(H14-C4-H15),angle,0.1509488970688527,-,-0.020434842686334786,0.29652928958766894
33,1237.2602199728121,,,mixed C-H bending / exocyclic C-O stretching / ring-site C-H in-plane bending,nu(C7-C8),bond,0.07924032855786904,+,0.013381514253104763,0.3630078327273742
33,1237.2602199728121,,,mixed C-H bending / exocyclic C-O stretching / ring-site C-H in-plane bending,nu(C5-O6),bond,0.05523475268615717,-,-0.0071766916381811735,0.8797192428027082
33,1237.2602199728121,,,mixed C-H bending / exocyclic C-O stretching / ring-site C-H in-plane bending,nu(C3-H13),bond,0.027696777192037222,+,0.008416325093312447,0.32074838839996167
33,1237.2602199728121,,,mixed C-H bending / exocyclic C-O stretching / ring-site C-H in-plane bending,nu(C8-O9),bond,0.026486860424984594,+,0.008960311238751267,0.2706228995532804
33,1237.2602199728121,,,mixed C-H bending / exocyclic C-O stretching / ring-site C-H in-plane bending,tau(C5-C7-C8-H17),dihedral,0.025151141633152366,-,-0.00795159109091951,0.32630961917631934
33,1237.2602199728121,,,mixed C-H bending / exocyclic C-O stretching / ring-site C-H in-plane bending,"gamma(H17;C8,O9,H16)",oop,0.01056696337378567,-,-0.006608681478829595,0.1984727154023873
33,1237.2602199728121,,,mixed C-H bending / exocyclic C-O stretching / ring-site C-H in-plane bending,nu(C1-H12),bond,0.00849523706327478,-,-0.0044987606193862915,0.3443261315380825
33,1237.2602199728121,,,mixed C-H bending / exocyclic C-O stretching / ring-site C-H in-plane bending,nu(C1-H10),bond,0.006720953286218148,-,-0.004127160643768329,0.3236744213946024
33,1237.2602199728121,,,mixed C-H bending / exocyclic C-O stretching / ring-site C-H in-plane bending,delta(O9-C8-H16),angle,0.006387215580096063,-,-0.004798386766012415,0.22756282881982776
33,1237.2602199728121,,,mixed C-H bending / exocyclic C-O stretching / ring-site C-H in-plane bending,tau(H12-C1-O2-C3),dihedral,0.0017156831628340793,+,0.0027929025372867514,0.18042876586366072
33,1237.2602199728121,,,mixed C-H bending / exocyclic C-O stretching / ring-site C-H in-plane bending,delta(O6-C5-C7),angle,0.0015983740095948146,+,0.0019287377046475894,0.3524620139770529
33,1237.2602199728121,,,mixed C-H bending / exocyclic C-O stretching / ring-site C-H in-plane bending,nu(C4-H15),bond,0.0015973688330463737,+,0.0019745804343686067,0.3360746833820311
33,1237.2602199728121,,,mixed C-H bending / exocyclic C-O stretching / ring-site C-H in-plane bending,nu(C1-H11),bond,0.001123300355080097,-,-0.0016891962313714123,0.3229356113236915
33,1237.2602199728121,,,mixed C-H bending / exocyclic C-O stretching / ring-site C-H in-plane bending,nu(C7-O9),bond,0.0009063830857556094,-,-0.0016483309749989144,0.2736548837890451
33,1237.2602199728121,,,mixed C-H bending / exocyclic C-O stretching / ring-site C-H in-plane bending,"gamma(O6;C5,C4,C7)",oop,0.0001520662467490532,+,0.001067065997687696,0.10955457412425451
33,1237.2602199728121,,,mixed C-H bending / exocyclic C-O stretching / ring-site C-H in-plane bending,nu(C8-H16),bond,0.0001520215133672141,+,0.0005978428839843419,0.3489081977295606
33,1237.2602199728121,,,mixed C-H bending / exocyclic C-O stretching / ring-site C-H in-plane bending,nu(C8-H17),bond,2.9915093265991668e-05,-,-0.0002640542710081038,0.35195263308227415
33,1237.2602199728121,,,mixed C-H bending / exocyclic C-O stretching / ring-site C-H in-plane bending,nu(C4-H14),bond,1.5213036070195465e-05,-,-0.00019125195389695077,0.3411806434515935
34,1254.2638336224675,,,mixed ring-site C-H in-plane bending / mixed-phase cyclic C-C stretching,delta(C4-C3-H13),angle,35.99282443927988,+,0.35159425175069914,0.25548143957558495
34,1254.2638336224675,,,mixed ring-site C-H in-plane bending / mixed-phase cyclic C-C stretching,delta(C7-C3-H13),angle,21.20763784729351,-,-0.27938419434094,0.238405127247466
34,1254.2638336224675,,,mixed ring-site C-H in-plane bending / mixed-phase cyclic C-C stretching,tau(C1-O2-C3-C4),dihedral,8.715390996372607,+,0.07387866957475775,1.401121193970568
34,1254.2638336224675,,,mixed ring-site C-H in-plane bending / mixed-phase cyclic C-C stretching,delta(C5-C4-H14),angle,3.9894512743870605,+,0.11311255365010651,0.27360152237173796
34,1254.2638336224675,,,mixed ring-site C-H in-plane bending / mixed-phase cyclic C-C stretching,delta(O2-C1-H12),angle,3.5803854043598764,-,-0.11139788165355559,0.25316453818387624
34,1254.2638336224675,,,mixed ring-site C-H in-plane bending / mixed-phase cyclic C-C stretching,nu(C3-C7),bond,3.358399865531617,+,0.08953765554037074,0.36757665853689414
34,1254.2638336224675,,,mixed ring-site C-H in-plane bending / mixed-phase cyclic C-C stretching,delta(O2-C3-C7),angle,3.2292926823745782,-,-0.057691456210310105,0.851356320806506
34,1254.2638336224675,,,mixed ring-site C-H in-plane bending / mixed-phase cyclic C-C stretching,nu(C7-C8),bond,2.783434885966633,+,0.08202495758142536,0.3630078327273742
34,1254.2638336224675,,,mixed ring-site C-H in-plane bending / mixed-phase cyclic C-C stretching,nu(C4-C5),bond,2.573898228719161,-,-0.08282032943980412,0.32926413089158674
34,1254.2638336224675,,,mixed ring-site C-H in-plane bending / mixed-phase cyclic C-C stretching,"gamma(H17;C8,O9,H16)",oop,1.9915442561476442,-,-0.09383352996128473,0.1984727154023873
34,1254.2638336224675,,,mixed ring-site C-H in-plane bending / mixed-phase cyclic C-C stretching,delta(O2-C1-H10),angle,1.834411612194676,+,0.07628498221242522,0.27659584452157787
34,1254.2638336224675,,,mixed ring-site C-H in-plane bending / mixed-phase cyclic C-C stretching,delta(C1-O2-C3),angle,1.7487793271708716,-,-0.07808826384352269,0.25164623392653446
34,1254.2638336224675,,,mixed ring-site C-H in-plane bending / mixed-phase cyclic C-C stretching,tau(C5-C7-C8-H17),dihedral,1.5880441634536095,-,-0.06534762816554412,0.32630961917631934
34,1254.2638336224675,,,mixed ring-site C-H in-plane bending / mixed-phase cyclic C-C stretching,delta(O2-C3-C4),angle,1.3674907978698574,+,0.04139271824956184,0.7003312031404112
34,1254.2638336224675,,,mixed ring-site C-H in-plane bending / mixed-phase cyclic C-C stretching,nu(C3-C4),bond,1.0391162467994586,-,-0.05580347955524733,0.29279828908400285
34,1254.2638336224675,,,mixed ring-site C-H in-plane bending / mixed-phase cyclic C-C stretching,delta(O2-C1-H11),angle,0.7247337938151441,+,0.04314240493914762,0.3416620715716716
34,1254.2638336224675,,,mixed ring-site C-H in-plane bending / mixed-phase cyclic C-C stretching,nu(O2-C3),bond,0.5299696241506949,+,0.03684715113038706,0.34250751572774774
34,1254.2638336224675,,,mixed ring-site C-H in-plane bending / mixed-phase cyclic C-C stretching,delta(H10-C1-H11),angle,0.4857276889725364,+,0.03836222366806985,0.28960914653293446
34,1254.2638336224675,,,mixed ring-site C-H in-plane bending / mixed-phase cyclic C-C stretching,delta(C5-C4-H15),angle,0.4524877336210542,+,0.04405318382095806,0.20458753359916523
34,1254.2638336224675,,,mixed ring-site C-H in-plane bending / mixed-phase cyclic C-C stretching,nu(C8-O9),bond,0.40839232982993207,+,0.03638898956012284,0.2706228995532804
34,1254.2638336224675,,,mixed ring-site C-H in-plane bending / mixed-phase cyclic C-C stretching,delta(O9-C8-H16),angle,0.30715878810646574,+,0.03441472394274912,0.22756282881982776
34,1254.2638336224675,,,mixed ring-site C-H in-plane bending / mixed-phase cyclic C-C stretching,tau(C4-C3-C7-O9),dihedral,0.2828778654058989,-,-0.026795509299834708,0.3457020006406303
34,1254.2638336224675,,,mixed ring-site C-H in-plane bending / mixed-phase cyclic C-C stretching,delta(C3-C4-H15),angle,0.27119275890691785,+,0.03290331907679744,0.2197989584380679
34,1254.2638336224675,,,mixed ring-site C-H in-plane bending / mixed-phase cyclic C-C stretching,delta(H14-C4-H15),angle,0.2645673427854797,-,-0.027980005697213397,0.29652928958766894
34,1254.2638336224675,,,mixed ring-site C-H in-plane bending / mixed-phase cyclic C-C stretching,tau(H10-C1-O2-C3),dihedral,0.24938689524944704,-,-0.034080182326056536,0.18840688455367277
34,1254.2638336224675,,,mixed ring-site C-H in-plane bending / mixed-phase cyclic C-C stretching,tau(C1-O2-C3-C7),dihedral,0.18297771329769308,+,0.010681695712963598,1.407164111732383
34,1254.2638336224675,,,mixed ring-site C-H in-plane bending / mixed-phase cyclic C-C stretching,delta(O6-C5-C7),angle,0.1701132597845943,-,-0.020579101234100953,0.3524620139770529
34,1254.2638336224675,,,mixed ring-site C-H in-plane bending / mixed-phase cyclic C-C stretching,delta(C3-C7-O9),angle,0.16831164909439728,+,0.01841572574031773,0.43547522975626995
34,1254.2638336224675,,,mixed ring-site C-H in-plane bending / mixed-phase cyclic C-C stretching,"gamma(H17;C8,C7,O9)",oop,0.08027727193602573,-,-0.015555667528818868,0.29110003621150987
34,1254.2638336224675,,,mixed ring-site C-H in-plane bending / mixed-phase cyclic C-C stretching,nu(C5-O6),bond,0.07674565698522803,-,-0.008749199866734175,0.8797192428027082
34,1254.2638336224675,,,mixed ring-site C-H in-plane bending / mixed-phase cyclic C-C stretching,nu(C7-O9),bond,0.0759801452971195,+,0.01560852763629948,0.2736548837890451
34,1254.2638336224675,,,mixed ring-site C-H in-plane bending / mixed-phase cyclic C-C stretching,tau(H12-C1-O2-C3),dihedral,0.07393388154873382,+,0.018961921478690996,0.18042876586366072
34,1254.2638336224675,,,mixed ring-site C-H in-plane bending / mixed-phase cyclic C-C stretching,tau(C3-C4-C5-C7),dihedral,0.053035833971038795,-,-0.01034344883050477,0.4349763258740278
34,1254.2638336224675,,,mixed ring-site C-H in-plane bending / mixed-phase cyclic C-C stretching,tau(C5-C7-O9-C8),dihedral,0.05134792707201887,-,-0.015458931522015322,0.18853454090243024
34,1254.2638336224675,,,mixed ring-site C-H in-plane bending / mixed-phase cyclic C-C stretching,nu(C1-O2),bond,0.04100020036299396,+,0.01041288793768628,0.3317955436623933
34,1254.2638336224675,,,mixed ring-site C-H in-plane bending / mixed-phase cyclic C-C stretching,nu(C5-C7),bond,0.017971347211917146,-,-0.007233052500235667,0.301414651416424
34,1254.2638336224675,,,mixed ring-site C-H in-plane bending / mixed-phase cyclic C-C stretching,"gamma(O6;C5,C4,C7)",oop,0.013247235229492654,-,-0.010300560232497152,0.10955457412425451
34,1254.2638336224675,,,mixed ring-site C-H in-plane bending / mixed-phase cyclic C-C stretching,nu(C4-H14),bond,0.00844558087469369,-,-0.004660537963725235,0.3411806434515935
34,1254.2638336224675,,,mixed ring-site C-H in-plane bending / mixed-phase cyclic C-C stretching,nu(C3-H13),bond,0.005381455314447808,+,0.0038369055367467766,0.32074838839996167
34,1254.2638336224675,,,mixed ring-site C-H in-plane bending / mixed-phase cyclic C-C stretching,nu(C8-H16),bond,0.0025343391418799735,+,0.002524586515788471,0.3489081977295606
34,1254.2638336224675,,,mixed ring-site C-H in-plane bending / mixed-phase cyclic C-C stretching,nu(C8-H17),bond,0.0014911054168171686,+,0.0019280821945872786,0.35195263308227415
34,1254.2638336224675,,,mixed ring-site C-H in-plane bending / mixed-phase cyclic C-C stretching,nu(C4-H15),bond,0.0003401901607855516,-,-0.0009424459545984957,0.3360746833820311
34,1254.2638336224675,,,mixed ring-site C-H in-plane bending / mixed-phase cyclic C-C stretching,nu(C1-H11),bond,0.00020341375447305814,-,-0.0007434395612600566,0.3229356113236915
34,1254.2638336224675,,,mixed ring-site C-H in-plane bending / mixed-phase cyclic C-C stretching,nu(C1-H12),bond,6.401186916176838e-05,+,0.0004038859468123756,0.3443261315380825
34,1254.2638336224675,,,mixed ring-site C-H in-plane bending / mixed-phase cyclic C-C stretching,nu(C1-H10),bond,9.329118947966741e-07,-,-5.028976480045689e-05,0.3236744213946024
35,1386.684167516892,,,mixed ring-site C-H in-plane bending / mixed-phase cyclic C-C stretching,delta(C4-C3-H13),angle,32.06496234308738,-,-0.30725515466579506,0.25548143957558495
35,1386.684167516892,,,mixed ring-site C-H in-plane bending / mixed-phase cyclic C-C stretching,delta(C7-C3-H13),angle,17.58791801268762,-,-0.23556616317425025,0.238405127247466
35,1386.684167516892,,,mixed ring-site C-H in-plane bending / mixed-phase cyclic C-C stretching,nu(C7-C8),bond,12.49308356378225,+,0.16089417165716652,0.3630078327273742
35,1386.684167516892,,,mixed ring-site C-H in-plane bending / mixed-phase cyclic C-C stretching,nu(C5-C7),bond,5.176366223338963,-,-0.1136563763665192,0.301414651416424
35,1386.684167516892,,,mixed ring-site C-H in-plane bending / mixed-phase cyclic C-C stretching,nu(C7-O9),bond,4.040987554006709,+,0.1053915138025559,0.2736548837890451
35,1386.684167516892,,,mixed ring-site C-H in-plane bending / mixed-phase cyclic C-C stretching,tau(C1-O2-C3-C4),dihedral,2.865588417305813,+,0.03922225357344486,1.401121193970568
35,1386.684167516892,,,mixed ring-site C-H in-plane bending / mixed-phase cyclic C-C stretching,delta(H10-C1-H11),angle,2.740131622009911,+,0.084361261079233,0.28960914653293446
35,1386.684167516892,,,mixed ring-site C-H in-plane bending / mixed-phase cyclic C-C stretching,nu(O2-C3),bond,2.521693466053142,-,-0.07441741523604672,0.34250751572774774
35,1386.684167516892,,,mixed ring-site C-H in-plane bending / mixed-phase cyclic C-C stretching,delta(O2-C1-H12),angle,2.270558265142687,-,-0.08213502187198547,0.25316453818387624
35,1386.684167516892,,,mixed ring-site C-H in-plane bending / mixed-phase cyclic C-C stretching,nu(C8-O9),bond,2.034689460363038,+,0.07520215466794375,0.2706228995532804
35,1386.684167516892,,,mixed ring-site C-H in-plane bending / mixed-phase cyclic C-C stretching,nu(C3-C4),bond,1.947956793786405,+,0.07074062302020885,0.29279828908400285
35,1386.684167516892,,,mixed ring-site C-H in-plane bending / mixed-phase cyclic C-C stretching,"gamma(H17;C8,C7,O9)",oop,1.8486193422927368,-,-0.0691140120584372,0.29110003621150987
35,1386.684167516892,,,mixed ring-site C-H in-plane bending / mixed-phase cyclic C-C stretching,delta(O2-C3-C7),angle,1.762913330104501,+,0.03946601587303039,0.851356320806506
35,1386.684167516892,,,mixed ring-site C-H in-plane bending / mixed-phase cyclic C-C stretching,delta(C3-C4-H15),angle,1.3774843807026287,-,-0.06865845308018477,0.2197989584380679
35,1386.684167516892,,,mixed ring-site C-H in-plane bending / mixed-phase cyclic C-C stretching,tau(C1-O2-C3-C7),dihedral,1.1365345956374462,-,-0.024648042978943387,1.407164111732383
35,1386.684167516892,,,mixed ring-site C-H in-plane bending / mixed-phase cyclic C-C stretching,tau(C4-C3-C7-O9),dihedral,1.0145863195349623,-,-0.0469847631982645,0.3457020006406303
35,1386.684167516892,,,mixed ring-site C-H in-plane bending / mixed-phase cyclic C-C stretching,tau(H10-C1-O2-C3),dihedral,0.9764554844444151,-,-0.0624368994281221,0.18840688455367277
35,1386.684167516892,,,mixed ring-site C-H in-plane bending / mixed-phase cyclic C-C stretching,delta(O2-C1-H10),angle,0.7657337998683497,-,-0.045633057779256456,0.27659584452157787
35,1386.684167516892,,,mixed ring-site C-H in-plane bending / mixed-phase cyclic C-C stretching,tau(C3-C4-C5-C7),dihedral,0.6882645256450389,+,0.03449914805079923,0.4349763258740278
35,1386.684167516892,,,mixed ring-site C-H in-plane bending / mixed-phase cyclic C-C stretching,delta(O9-C8-H16),angle,0.678641803267201,+,0.04736233767792404,0.22756282881982776
35,1386.684167516892,,,mixed ring-site C-H in-plane bending / mixed-phase cyclic C-C stretching,delta(O6-C5-C7),angle,0.5708411818002009,+,0.03490317838067265,0.3524620139770529
35,1386.684167516892,,,mixed ring-site C-H in-plane bending / mixed-phase cyclic C-C stretching,tau(C5-C7-C8-H17),dihedral,0.550043426636681,-,-0.03560795554235913,0.32630961917631934
35,1386.684167516892,,,mixed ring-site C-H in-plane bending / mixed-phase cyclic C-C stretching,delta(C3-C7-O9),angle,0.5372829138234179,-,-0.030463743790130025,0.43547522975626995
35,1386.684167516892,,,mixed ring-site C-H in-plane bending / mixed-phase cyclic C-C stretching,delta(C5-C4-H14),angle,0.4234987274689306,+,0.03412167073583808,0.27360152237173796
35,1386.684167516892,,,mixed ring-site C-H in-plane bending / mixed-phase cyclic C-C stretching,delta(O2-C1-H11),angle,0.3457576607039464,-,-0.027589956039583974,0.3416620715716716
35,1386.684167516892,,,mixed ring-site C-H in-plane bending / mixed-phase cyclic C-C stretching,tau(C5-C7-O9-C8),dihedral,0.3231921775959215,-,-0.035908597605062896,0.18853454090243024
35,1386.684167516892,,,mixed ring-site C-H in-plane bending / mixed-phase cyclic C-C stretching,delta(C1-O2-C3),angle,0.24565153995486477,-,-0.027097424546257375,0.25164623392653446
35,1386.684167516892,,,mixed ring-site C-H in-plane bending / mixed-phase cyclic C-C stretching,nu(C1-O2),bond,0.16490500314059747,+,0.019335042430851795,0.3317955436623933
35,1386.684167516892,,,mixed ring-site C-H in-plane bending / mixed-phase cyclic C-C stretching,delta(C5-C4-H15),angle,0.16055328017442974,+,0.024295928218618996,0.20458753359916523
35,1386.684167516892,,,mixed ring-site C-H in-plane bending / mixed-phase cyclic C-C stretching,delta(H14-C4-H15),angle,0.13542714420483284,-,-0.01853457147400862,0.29652928958766894
35,1386.684167516892,,,mixed ring-site C-H in-plane bending / mixed-phase cyclic C-C stretching,delta(O2-C3-C4),angle,0.11660231486628092,+,0.01119090826250598,0.7003312031404112
35,1386.684167516892,,,mixed ring-site C-H in-plane bending / mixed-phase cyclic C-C stretching,nu(C5-O6),bond,0.09488786255657762,+,0.009007344509892023,0.8797192428027082
35,1386.684167516892,,,mixed ring-site C-H in-plane bending / mixed-phase cyclic C-C stretching,tau(H12-C1-O2-C3),dihedral,0.08847304230531665,-,-0.019205078172388573,0.18042876586366072
35,1386.684167516892,,,mixed ring-site C-H in-plane bending / mixed-phase cyclic C-C stretching,"gamma(O6;C5,C4,C7)",oop,0.07311707627967269,-,-0.02240565470781159,0.10955457412425451
35,1386.684167516892,,,mixed ring-site C-H in-plane bending / mixed-phase cyclic C-C stretching,nu(C1-H11),bond,0.06105119961511448,-,-0.011924841609471257,0.3229356113236915
35,1386.684167516892,,,mixed ring-site C-H in-plane bending / mixed-phase cyclic C-C stretching,nu(C3-H13),bond,0.03913005348006307,+,0.009579359389683155,0.32074838839996167
35,1386.684167516892,,,mixed ring-site C-H in-plane bending / mixed-phase cyclic C-C stretching,nu(C8-H17),bond,0.025169417936315653,+,0.00733428808260281,0.35195263308227415
35,1386.684167516892,,,mixed ring-site C-H in-plane bending / mixed-phase cyclic C-C stretching,nu(C8-H16),bond,0.019480335118819088,+,0.006480464156877856,0.3489081977295606
35,1386.684167516892,,,mixed ring-site C-H in-plane bending / mixed-phase cyclic C-C stretching,"gamma(H17;C8,O9,H16)",oop,0.013465289927719355,+,0.00714366263433336,0.1984727154023873
35,1386.684167516892,,,mixed ring-site C-H in-plane bending / mixed-phase cyclic C-C stretching,nu(C1-H10),bond,0.012679911353131472,-,-0.005428344558876248,0.3236744213946024
35,1386.684167516892,,,mixed ring-site C-H in-plane bending / mixed-phase cyclic C-C stretching,nu(C1-H12),bond,0.0030841410921310457,-,-0.0025956469136133933,0.3443261315380825
35,1386.684167516892,,,mixed ring-site C-H in-plane bending / mixed-phase cyclic C-C stretching,nu(C4-H14),bond,0.0019500635155985857,+,0.0020734600606031393,0.3411806434515935
35,1386.684167516892,,,mixed ring-site C-H in-plane bending / mixed-phase cyclic C-C stretching,nu(C4-H15),bond,0.0003941950400169014,-,-0.000939293174334167,0.3360746833820311
35,1386.684167516892,,,mixed ring-site C-H in-plane bending / mixed-phase cyclic C-C stretching,nu(C4-C5),bond,0.0001376319718366296,+,0.0005607263207213071,0.32926413089158674
35,1386.684167516892,,,mixed ring-site C-H in-plane bending / mixed-phase cyclic C-C stretching,nu(C3-C7),bond,5.510637640048527e-05,+,0.000335807546886725,0.36757665853689414
36,1403.3877647387906,,,mixed mixed-phase cyclic C-C stretching / C-H bending,delta(H14-C4-H15),angle,26.28466748776151,+,0.31957629911606045,0.29652928958766894
36,1403.3877647387906,,,mixed mixed-phase cyclic C-C stretching / C-H bending,nu(C7-C8),bond,15.307962265231504,+,0.22042345804737976,0.3630078327273742
36,1403.3877647387906,,,mixed mixed-phase cyclic C-C stretching / C-H bending,nu(C3-C7),bond,13.761648355099744,-,-0.20769133760550548,0.36757665853689414
36,1403.3877647387906,,,mixed mixed-phase cyclic C-C stretching / C-H bending,nu(C7-O9),bond,8.121731282845449,+,0.1849182711491455,0.2736548837890451
36,1403.3877647387906,,,mixed mixed-phase cyclic C-C stretching / C-H bending,delta(C7-C3-H13),angle,4.714774510963506,+,0.15094884202521586,0.238405127247466
36,1403.3877647387906,,,mixed mixed-phase cyclic C-C stretching / C-H bending,tau(C1-O2-C3-C4),dihedral,3.899779724433495,-,-0.056629053802411,1.401121193970568
36,1403.3877647387906,,,mixed mixed-phase cyclic C-C stretching / C-H bending,nu(C5-C7),bond,3.7289059143451593,-,-0.11938936744912917,0.301414651416424
36,1403.3877647387906,,,mixed mixed-phase cyclic C-C stretching / C-H bending,delta(C5-C4-H15),angle,3.192869267249635,-,-0.13409361619757085,0.20458753359916523
36,1403.3877647387906,,,mixed mixed-phase cyclic C-C stretching / C-H bending,nu(C8-O9),bond,3.088112989031788,+,0.11466250818207446,0.2706228995532804
36,1403.3877647387906,,,mixed mixed-phase cyclic C-C stretching / C-H bending,delta(C5-C4-H14),angle,2.5845096131328895,-,-0.10432465065320372,0.27360152237173796
36,1403.3877647387906,,,mixed mixed-phase cyclic C-C stretching / C-H bending,delta(C4-C3-H13),angle,2.145501597968513,+,0.0983652866247142,0.25548143957558495
36,1403.3877647387906,,,mixed mixed-phase cyclic C-C stretching / C-H bending,delta(O2-C3-C7),angle,1.824991730175212,+,0.04969719601902735,0.851356320806506
36,1403.3877647387906,,,mixed mixed-phase cyclic C-C stretching / C-H bending,delta(O6-C5-C7),angle,1.2553789284685801,+,0.06406021266185237,0.3524620139770529
36,1403.3877647387906,,,mixed mixed-phase cyclic C-C stretching / C-H bending,"gamma(H17;C8,C7,O9)",oop,1.1971485826882127,-,-0.068835110837107,0.29110003621150987
36,1403.3877647387906,,,mixed mixed-phase cyclic C-C stretching / C-H bending,delta(H10-C1-H11),angle,0.9728440412198062,-,-0.06221177499744517,0.28960914653293446
36,1403.3877647387906,,,mixed mixed-phase cyclic C-C stretching / C-H bending,delta(O2-C1-H12),angle,0.8817952181964906,+,0.06334896905569039,0.25316453818387624
36,1403.3877647387906,,,mixed mixed-phase cyclic C-C stretching / C-H bending,delta(O9-C8-H16),angle,0.8578594011844488,+,0.0659044156298339,0.22756282881982776
36,1403.3877647387906,,,mixed mixed-phase cyclic C-C stretching / C-H bending,tau(C1-O2-C3-C7),dihedral,0.8271302677839533,-,-0.02602385913815882,1.407164111732383
36,1403.3877647387906,,,mixed mixed-phase cyclic C-C stretching / C-H bending,tau(C5-C7-O9-C8),dihedral,0.811786527884164,-,-0.07043403582105796,0.18853454090243024
36,1403.3877647387906,,,mixed mixed-phase cyclic C-C stretching / C-H bending,nu(C4-C5),bond,0.8010061938389065,+,0.052942304777342165,0.32926413089158674
36,1403.3877647387906,,,mixed mixed-phase cyclic C-C stretching / C-H bending,delta(C3-C4-H15),angle,0.6841647304538453,-,-0.059885908702094016,0.2197989584380679
36,1403.3877647387906,,,mixed mixed-phase cyclic C-C stretching / C-H bending,tau(C4-C3-C7-O9),dihedral,0.5207144196236775,-,-0.0416587249781332,0.3457020006406303
36,1403.3877647387906,,,mixed mixed-phase cyclic C-C stretching / C-H bending,nu(O2-C3),bond,0.48475266320757204,+,0.040381473949153646,0.34250751572774774
36,1403.3877647387906,,,mixed mixed-phase cyclic C-C stretching / C-H bending,"gamma(H17;C8,O9,H16)",oop,0.4839649965026072,+,0.05300461545140893,0.1984727154023873
36,1403.3877647387906,,,mixed mixed-phase cyclic C-C stretching / C-H bending,delta(C1-O2-C3),angle,0.39112610851562446,+,0.042317529323212394,0.25164623392653446
36,1403.3877647387906,,,mixed mixed-phase cyclic C-C stretching / C-H bending,tau(H10-C1-O2-C3),dihedral,0.32489311342697613,+,0.04457373089523828,0.18840688455367277
36,1403.3877647387906,,,mixed mixed-phase cyclic C-C stretching / C-H bending,delta(O2-C3-C4),angle,0.30621761605566616,-,-0.02244504420862058,0.7003312031404112
36,1403.3877647387906,,,mixed mixed-phase cyclic C-C stretching / C-H bending,nu(C1-O2),bond,0.1271667036881643,-,-0.02101399141828023,0.3317955436623933
36,1403.3877647387906,,,mixed mixed-phase cyclic C-C stretching / C-H bending,tau(C3-C4-C5-C7),dihedral,0.06823027628736203,+,0.0134435161294185,0.4349763258740278
36,1403.3877647387906,,,mixed mixed-phase cyclic C-C stretching / C-H bending,delta(O2-C1-H10),angle,0.05991160091692323,+,0.015797550585285983,0.27659584452157787
36,1403.3877647387906,,,mixed mixed-phase cyclic C-C stretching / C-H bending,delta(O2-C1-H11),angle,0.050221875634716265,+,0.013013832035586426,0.3416620715716716
36,1403.3877647387906,,,mixed mixed-phase cyclic C-C stretching / C-H bending,nu(C8-H16),bond,0.03164449922425352,+,0.010222347606176848,0.3489081977295606
36,1403.3877647387906,,,mixed mixed-phase cyclic C-C stretching / C-H bending,nu(C8-H17),bond,0.029671665026444406,+,0.009855665775655054,0.35195263308227415
36,1403.3877647387906,,,mixed mixed-phase cyclic C-C stretching / C-H bending,nu(C5-O6),bond,0.028033240099543427,-,-0.006059289747469355,0.8797192428027082
36,1403.3877647387906,,,mixed mixed-phase cyclic C-C stretching / C-H bending,nu(C4-H14),bond,0.027891299252546603,-,-0.009705083999330006,0.3411806434515935
36,1403.3877647387906,,,mixed mixed-phase cyclic C-C stretching / C-H bending,tau(C5-C7-C8-H17),dihedral,0.0241409797107466,-,-0.009232506567277494,0.32630961917631934
36,1403.3877647387906,,,mixed mixed-phase cyclic C-C stretching / C-H bending,"gamma(O6;C5,C4,C7)",oop,0.019830258342398096,-,-0.014441291902830172,0.10955457412425451
36,1403.3877647387906,,,mixed mixed-phase cyclic C-C stretching / C-H bending,nu(C3-H13),bond,0.018354616166989336,-,-0.008119841089914884,0.32074838839996167
36,1403.3877647387906,,,mixed mixed-phase cyclic C-C stretching / C-H bending,nu(C4-H15),bond,0.0176567029007665,-,-0.007780258443754147,0.3360746833820311
36,1403.3877647387906,,,mixed mixed-phase cyclic C-C stretching / C-H bending,nu(C3-C4),bond,0.017457600626748556,-,-0.008288293613685192,0.29279828908400285
36,1403.3877647387906,,,mixed mixed-phase cyclic C-C stretching / C-H bending,nu(C1-H11),bond,0.013743561178441012,+,0.007002430199628244,0.3229356113236915
36,1403.3877647387906,,,mixed mixed-phase cyclic C-C stretching / C-H bending,delta(C3-C7-O9),angle,0.005736190992157127,-,-0.0038957151208287356,0.43547522975626995
36,1403.3877647387906,,,mixed mixed-phase cyclic C-C stretching / C-H bending,nu(C1-H10),bond,0.0018971507407062542,+,0.0025986862446431857,0.3236744213946024
36,1403.3877647387906,,,mixed mixed-phase cyclic C-C stretching / C-H bending,tau(H12-C1-O2-C3),dihedral,0.0017101553418826486,-,-0.003304623670375963,0.18042876586366072
36,1403.3877647387906,,,mixed mixed-phase cyclic C-C stretching / C-H bending,nu(C1-H12),bond,0.0004640765802664668,+,0.0012461403317897725,0.3443261315380825
37,1437.1281926783913,,,C-H bending,delta(H14-C4-H15),angle,71.9091076743488,-,-0.6394691548653039,0.29652928958766894
37,1437.1281926783913,,,C-H bending,delta(C3-C4-H15),angle,7.09524285039417,+,0.23330941620932397,0.2197989584380679
37,1437.1281926783913,,,C-H bending,delta(C5-C4-H14),angle,4.4689420432488385,+,0.1659604317913824,0.27360152237173796
37,1437.1281926783913,,,C-H bending,delta(C5-C4-H15),angle,3.885312123629402,+,0.17895128567086319,0.20458753359916523
37,1437.1281926783913,,,C-H bending,nu(C3-C7),bond,2.6853819707744404,-,-0.11099170460540367,0.36757665853689414
37,1437.1281926783913,,,C-H bending,nu(C7-C8),bond,1.8368843792113052,+,0.09237285402004904,0.3630078327273742
37,1437.1281926783913,,,C-H bending,nu(C7-O9),bond,1.1509309454790209,+,0.08421403600962013,0.2736548837890451
37,1437.1281926783913,,,C-H bending,nu(C3-C4),bond,1.0976826774367894,-,-0.07950887118032046,0.29279828908400285
37,1437.1281926783913,,,C-H bending,delta(C7-C3-H13),angle,1.001719808818242,+,0.08417377117456175,0.238405127247466
37,1437.1281926783913,,,C-H bending,nu(C5-C7),bond,0.5538764178120598,-,-0.05566544785328351,0.301414651416424
37,1437.1281926783913,,,C-H bending,delta(O2-C1-H12),angle,0.5189704441962699,+,0.058793772305804196,0.25316453818387624
37,1437.1281926783913,,,C-H bending,delta(H10-C1-H11),angle,0.44049520842634,-,-0.050643755929032384,0.28960914653293446
37,1437.1281926783913,,,C-H bending,"gamma(H17;C8,C7,O9)",oop,0.3973561144066889,-,-0.04797668868981405,0.29110003621150987
37,1437.1281926783913,,,C-H bending,nu(C8-O9),bond,0.27051145588924613,+,0.04105556272025206,0.2706228995532804
37,1437.1281926783913,,,C-H bending,delta(C4-C3-H13),angle,0.26923319873203155,+,0.04215470727311098,0.25548143957558495
37,1437.1281926783913,,,C-H bending,delta(O2-C3-C7),angle,0.26157285555480436,+,0.022761564205506717,0.851356320806506
37,1437.1281926783913,,,C-H bending,delta(O9-C8-H16),angle,0.2569430329806749,+,0.04363442033138084,0.22756282881982776
37,1437.1281926783913,,,C-H bending,delta(O6-C5-C7),angle,0.24896158293159262,+,0.034512105768771104,0.3524620139770529
37,1437.1281926783913,,,C-H bending,delta(O2-C1-H10),angle,0.2228758636680206,+,0.03686125722990925,0.27659584452157787
37,1437.1281926783913,,,C-H bending,nu(C4-C5),bond,0.2033790068869766,-,-0.03227322008159631,0.32926413089158674
37,1437.1281926783913,,,C-H bending,"gamma(H17;C8,O9,H16)",oop,0.1936946336843318,+,0.04056671474906455,0.1984727154023873
37,1437.1281926783913,,,C-H bending,delta(O2-C1-H11),angle,0.16695297422965016,+,0.028705171434464518,0.3416620715716716
37,1437.1281926783913,,,C-H bending,nu(O2-C3),bond,0.1540806714850193,+,0.02754231734728104,0.34250751572774774
37,1437.1281926783913,,,C-H bending,tau(C1-O2-C3-C4),dihedral,0.1535031641270297,-,-0.01359196552774413,1.401121193970568
37,1437.1281926783913,,,C-H bending,tau(C5-C7-O9-C8),dihedral,0.12103867109491624,-,-0.03290243646786945,0.18853454090243024
37,1437.1281926783913,,,C-H bending,tau(C1-O2-C3-C7),dihedral,0.09832317829908556,-,-0.010854680100101545,1.407164111732383
37,1437.1281926783913,,,C-H bending,delta(C1-O2-C3),angle,0.07265590470256915,+,0.022064886077651846,0.25164623392653446
37,1437.1281926783913,,,C-H bending,nu(C4-H14),bond,0.04768544468841876,+,0.015351901533470628,0.3411806434515935
37,1437.1281926783913,,,C-H bending,nu(C1-O2),bond,0.042341063066802236,-,-0.01466922108972589,0.3317955436623933
37,1437.1281926783913,,,C-H bending,nu(C5-O6),bond,0.03707779569329523,-,-0.008430364594806667,0.8797192428027082
37,1437.1281926783913,,,C-H bending,tau(C4-C3-C7-O9),dihedral,0.03341187712244022,-,-0.012766179335806413,0.3457020006406303
37,1437.1281926783913,,,C-H bending,nu(C4-H15),bond,0.027633369071969286,+,0.011774987895047707,0.3360746833820311
37,1437.1281926783913,,,C-H bending,tau(C5-C7-C8-H17),dihedral,0.02032427312611379,-,-0.010248351740699716,0.32630961917631934
37,1437.1281926783913,,,C-H bending,tau(H10-C1-O2-C3),dihedral,0.016859640873928106,+,0.012283926954804016,0.18840688455367277
37,1437.1281926783913,,,C-H bending,tau(C3-C4-C5-C7),dihedral,0.006267630953266101,+,0.0049292443545348895,0.4349763258740278
37,1437.1281926783913,,,C-H bending,nu(C8-H16),bond,0.006199093034746838,+,0.005473560717513954,0.3489081977295606
37,1437.1281926783913,,,C-H bending,nu(C8-H17),bond,0.005978360356245484,+,0.005351929513464539,0.35195263308227415
37,1437.1281926783913,,,C-H bending,tau(H12-C1-O2-C3),dihedral,0.004942109999548396,+,0.006796178299091346,0.18042876586366072
37,1437.1281926783913,,,C-H bending,nu(C3-H13),bond,0.004472030846222181,-,-0.004848770217191019,0.32074838839996167
37,1437.1281926783913,,,C-H bending,nu(C1-H11),bond,0.003855100795944752,+,0.0044866412923689055,0.3229356113236915
37,1437.1281926783913,,,C-H bending,nu(C1-H10),bond,0.0037211978833834366,+,0.004402999560672964,0.3236744213946024
37,1437.1281926783913,,,C-H bending,"gamma(O6;C5,C4,C7)",oop,0.002597888602305592,-,-0.006323484443203554,0.10955457412425451
37,1437.1281926783913,,,C-H bending,nu(C1-H12),bond,0.0006234042722267292,+,0.0017472753299300275,0.3443261315380825
37,1437.1281926783913,,,C-H bending,delta(O2-C3-C4),angle,0.00037573993113772177,-,-0.0009511595812872119,0.7003312031404112
37,1437.1281926783913,,,C-H bending,delta(C3-C7-O9),angle,5.127233667994265e-06,+,0.00014090333628025866,0.43547522975626995
38,1483.5050940576084,,,C-H bending,delta(O2-C1-H12),angle,36.21636328165705,+,0.29720831453999125,0.25316453818387624
38,1483.5050940576084,,,C-H bending,delta(O2-C1-H11),angle,35.64694851485426,+,0.2538182038816401,0.3416620715716716
38,1483.5050940576084,,,C-H bending,delta(O2-C1-H10),angle,8.935632512272024,+,0.1412374266963082,0.27659584452157787
38,1483.5050940576084,,,C-H bending,tau(H12-C1-O2-C3),dihedral,8.927518109143382,-,-0.1747923626147559,0.18042876586366072
38,1483.5050940576084,,,C-H bending,nu(O2-C3),bond,1.9448579382337896,-,-0.05921324488247047,0.34250751572774774
38,1483.5050940576084,,,C-H bending,nu(C1-O2),bond,1.4465258492915225,-,-0.05188451925543034,0.3317955436623933
38,1483.5050940576084,,,C-H bending,tau(H10-C1-O2-C3),dihedral,1.301882950577537,-,-0.06532020779547157,0.18840688455367277
38,1483.5050940576084,,,C-H bending,delta(C4-C3-H13),angle,1.2238816483427057,-,-0.054387613929990884,0.25548143957558495
38,1483.5050940576084,,,C-H bending,delta(C7-C3-H13),angle,0.9703752097011901,-,-0.05013280709943942,0.238405127247466
38,1483.5050940576084,,,C-H bending,delta(H14-C4-H15),angle,0.7209997524410431,+,0.03874750395227953,0.29652928958766894
38,1483.5050940576084,,,C-H bending,nu(C3-C7),bond,0.6719294293403203,+,0.03359679432489219,0.36757665853689414
38,1483.5050940576084,,,C-H bending,delta(C3-C4-H15),angle,0.4724946628551127,-,-0.03643305677389612,0.2197989584380679
38,1483.5050940576084,,,C-H bending,nu(C3-C4),bond,0.34593724754321464,+,0.027009986521921558,0.29279828908400285
38,1483.5050940576084,,,C-H bending,delta(H10-C1-H11),angle,0.2306617228527875,+,0.022176428310224885,0.28960914653293446
38,1483.5050940576084,,,C-H bending,tau(C1-O2-C3-C7),dihedral,0.1707889392455079,-,-0.008657000994457128,1.407164111732383
38,1483.5050940576084,,,C-H bending,nu(C1-H12),bond,0.12220172713950099,+,0.014803474241618252,0.3443261315380825
38,1483.5050940576084,,,C-H bending,nu(C1-H11),bond,0.10641451875510105,+,0.014264365067442109,0.3229356113236915
38,1483.5050940576084,,,C-H bending,delta(C1-O2-C3),angle,0.09827454890944355,-,-0.015528706580009636,0.25164623392653446
38,1483.5050940576084,,,C-H bending,delta(O2-C3-C4),angle,0.08868596376429831,+,0.008842716031297068,0.7003312031404112
38,1483.5050940576084,,,C-H bending,tau(C3-C4-C5-C7),dihedral,0.05649280320369988,+,0.00895516772429549,0.4349763258740278
38,1483.5050940576084,,,C-H bending,nu(C7-O9),bond,0.05348692921070261,-,-0.010985813016414226,0.2736548837890451
38,1483.5050940576084,,,C-H bending,nu(C7-C8),bond,0.045164331293361476,-,-0.008764956522841821,0.3630078327273742
38,1483.5050940576084,,,C-H bending,nu(C5-O6),bond,0.03486146815349181,+,0.004946645212335874,0.8797192428027082
38,1483.5050940576084,,,C-H bending,tau(C5-C7-C8-H17),dihedral,0.03381894770984909,-,-0.007999725387648362,0.32630961917631934
38,1483.5050940576084,,,C-H bending,delta(C5-C4-H14),angle,0.02906355203478885,-,-0.008098881838481226,0.27360152237173796
38,1483.5050940576084,,,C-H bending,nu(C1-H10),bond,0.01769919873552137,-,-0.00581075526940224,0.3236744213946024
38,1483.5050940576084,,,C-H bending,delta(C5-C4-H15),angle,0.014433839145054073,-,-0.00660026418528806,0.20458753359916523
38,1483.5050940576084,,,C-H bending,nu(C8-O9),bond,0.012804678881264214,-,-0.005405203463005943,0.2706228995532804
38,1483.5050940576084,,,C-H bending,tau(C1-O2-C3-C4),dihedral,0.011225760765238176,+,0.0022242316283907384,1.401121193970568
38,1483.5050940576084,,,C-H bending,"gamma(H17;C8,C7,O9)",oop,0.011174101543283969,-,-0.004868499716869631,0.29110003621150987
38,1483.5050940576084,,,C-H bending,nu(C3-H13),bond,0.009955011630301186,-,-0.0043777264094786725,0.32074838839996167
38,1483.5050940576084,,,C-H bending,delta(O6-C5-C7),angle,0.009301028916520402,-,-0.0040366334066994315,0.3524620139770529
38,1483.5050940576084,,,C-H bending,delta(C3-C7-O9),angle,0.0060911508535124274,-,-0.002938853391038518,0.43547522975626995
38,1483.5050940576084,,,C-H bending,tau(C5-C7-O9-C8),dihedral,0.005198635923200352,+,0.004126284893022735,0.18853454090243024
38,1483.5050940576084,,,C-H bending,delta(O2-C3-C7),angle,0.0035251116011204677,+,0.0015989715076045112,0.851356320806506
38,1483.5050940576084,,,C-H bending,"gamma(H17;C8,O9,H16)",oop,0.001334780933036247,-,-0.002037814102269543,0.1984727154023873
38,1483.5050940576084,,,C-H bending,"gamma(O6;C5,C4,C7)",oop,0.0008445697830998858,-,-0.0021817876753286213,0.10955457412425451
38,1483.5050940576084,,,C-H bending,delta(O9-C8-H16),angle,0.00022101834939318644,+,0.0007744144993858391,0.22756282881982776
38,1483.5050940576084,,,C-H bending,nu(C4-C5),bond,0.00021650565506037224,+,0.0006371950348002327,0.32926413089158674
38,1483.5050940576084,,,C-H bending,nu(C4-H14),bond,0.00021442054136713317,-,-0.000622946821330411,0.3411806434515935
38,1483.5050940576084,,,C-H bending,nu(C8-H16),bond,0.00020078278602400805,-,-0.0005960979431928722,0.3489081977295606
38,1483.5050940576084,,,C-H bending,nu(C4-H15),bond,0.0001777213079121053,-,-0.0005714284029557303,0.3360746833820311
38,1483.5050940576084,,,C-H bending,tau(C4-C3-C7-O9),dihedral,9.083190456904067e-05,-,-0.00040278958820080254,0.3457020006406303
38,1483.5050940576084,,,C-H bending,nu(C8-H17),bond,2.6977388413116546e-05,+,0.0002175543718654534,0.35195263308227415
38,1483.5050940576084,,,C-H bending,nu(C5-C7),bond,1.3148304334720748e-06,+,5.189943935492182e-05,0.301414651416424
39,1490.9860130431844,,,mixed C-O torsion / C-H bending,tau(H12-C1-O2-C3),dihedral,37.131954952322694,+,0.34201043673380765,0.18042876586366072
39,1490.9860130431844,,,mixed C-O torsion / C-H bending,delta(O2-C1-H10),angle,27.806701270498554,+,0.2390398188372773,0.27659584452157787
39,1490.9860130431844,,,mixed C-O torsion / C-H bending,tau(H10-C1-O2-C3),dihedral,16.474621589844315,-,-0.22293470446304445,0.18840688455367277
39,1490.9860130431844,,,mixed C-O torsion / C-H bending,delta(O2-C1-H12),angle,9.391041880168578,+,0.14520239959728906,0.25316453818387624
39,1490.9860130431844,,,mixed C-O torsion / C-H bending,delta(H10-C1-H11),angle,3.7182641175525633,-,-0.08542447567370266,0.28960914653293446
39,1490.9860130431844,,,mixed C-O torsion / C-H bending,tau(C1-O2-C3-C4),dihedral,0.9938047170988542,+,0.02007848851898269,1.401121193970568
39,1490.9860130431844,,,mixed C-O torsion / C-H bending,delta(H14-C4-H15),angle,0.7479495743226466,+,0.03786349525334356,0.29652928958766894
39,1490.9860130431844,,,mixed C-O torsion / C-H bending,tau(C1-O2-C3-C7),dihedral,0.5661659123224471,+,0.015122299137390528,1.407164111732383
39,1490.9860130431844,,,mixed C-O torsion / C-H bending,nu(C1-O2),bond,0.5594702097539905,-,-0.03095790404672919,0.3317955436623933
39,1490.9860130431844,,,mixed C-O torsion / C-H bending,nu(C1-H10),bond,0.49783525904262277,+,0.029566980634430185,0.3236744213946024
39,1490.9860130431844,,,mixed C-O torsion / C-H bending,nu(O2-C3),bond,0.4489086034048013,-,-0.027293689868405316,0.34250751572774774
39,1490.9860130431844,,,mixed C-O torsion / C-H bending,delta(C4-C3-H13),angle,0.32964318729405845,-,-0.02708075174603759,0.25548143957558495
39,1490.9860130431844,,,mixed C-O torsion / C-H bending,delta(C7-C3-H13),angle,0.26085557281800403,-,-0.024937941677550805,0.238405127247466
39,1490.9860130431844,,,mixed C-O torsion / C-H bending,nu(C3-C4),bond,0.16140150856626223,+,0.017700595127513607,0.29279828908400285
39,1490.9860130431844,,,mixed C-O torsion / C-H bending,nu(C3-C7),bond,0.15982708615313723,+,0.015720616346492813,0.36757665853689414
39,1490.9860130431844,,,mixed C-O torsion / C-H bending,nu(C1-H11),bond,0.15457483883648976,-,-0.01649414365265411,0.3229356113236915
39,1490.9860130431844,,,mixed C-O torsion / C-H bending,delta(O2-C1-H11),angle,0.1395979862265251,+,0.01523910750274866,0.3416620715716716
39,1490.9860130431844,,,mixed C-O torsion / C-H bending,delta(C3-C4-H15),angle,0.12925162442036095,-,-0.018281992686505853,0.2197989584380679
39,1490.9860130431844,,,mixed C-O torsion / C-H bending,delta(C5-C4-H15),angle,0.06671669869043168,-,-0.013614322423913566,0.20458753359916523
39,1490.9860130431844,,,mixed C-O torsion / C-H bending,delta(C5-C4-H14),angle,0.05572802752373236,-,-0.01075959493881455,0.27360152237173796
39,1490.9860130431844,,,mixed C-O torsion / C-H bending,delta(O2-C3-C4),angle,0.047587309469543676,+,0.006214585652931052,0.7003312031404112
39,1490.9860130431844,,,mixed C-O torsion / C-H bending,nu(C5-O6),bond,0.025757819382675774,+,0.004079442741752515,0.8797192428027082
39,1490.9860130431844,,,mixed C-O torsion / C-H bending,delta(C1-O2-C3),angle,0.02442938781138566,-,-0.007428128623637197,0.25164623392653446
39,1490.9860130431844,,,mixed C-O torsion / C-H bending,tau(C5-C7-C8-H17),dihedral,0.019421249673058784,-,-0.005816235575225323,0.32630961917631934
39,1490.9860130431844,,,mixed C-O torsion / C-H bending,nu(C1-H12),bond,0.019404876711331145,+,0.005659639815230931,0.3443261315380825
39,1490.9860130431844,,,mixed C-O torsion / C-H bending,"gamma(H17;C8,C7,O9)",oop,0.012947115338401547,-,-0.005027866290273852,0.29110003621150987
39,1490.9860130431844,,,mixed C-O torsion / C-H bending,tau(C3-C4-C5-C7),dihedral,0.010607795446330804,+,0.0037230434001768852,0.4349763258740278
39,1490.9860130431844,,,mixed C-O torsion / C-H bending,nu(C7-C8),bond,0.009132232626320763,-,-0.0037813669653547566,0.3630078327273742
39,1490.9860130431844,,,mixed C-O torsion / C-H bending,nu(C7-O9),bond,0.008989985791290327,-,-0.004321119153459954,0.2736548837890451
39,1490.9860130431844,,,mixed C-O torsion / C-H bending,nu(C4-C5),bond,0.006431838811893735,+,0.00333206684857408,0.32926413089158674
39,1490.9860130431844,,,mixed C-O torsion / C-H bending,delta(C3-C7-O9),angle,0.0055310958387621515,-,-0.0026868424691727523,0.43547522975626995
39,1490.9860130431844,,,mixed C-O torsion / C-H bending,delta(O9-C8-H16),angle,0.004051682314484607,+,0.003181158966549749,0.22756282881982776
39,1490.9860130431844,,,mixed C-O torsion / C-H bending,nu(C8-O9),bond,0.003303424621266403,-,-0.0026340151597556588,0.2706228995532804
39,1490.9860130431844,,,mixed C-O torsion / C-H bending,nu(C5-C7),bond,0.0019371581715980878,-,-0.0019112553005616734,0.301414651416424
39,1490.9860130431844,,,mixed C-O torsion / C-H bending,nu(C3-H13),bond,0.001519433242561215,+,0.0016408803390914016,0.32074838839996167
39,1490.9860130431844,,,mixed C-O torsion / C-H bending,delta(O6-C5-C7),angle,0.0009134896400424797,-,-0.0012137073861088676,0.3524620139770529
39,1490.9860130431844,,,mixed C-O torsion / C-H bending,tau(C5-C7-O9-C8),dihedral,0.0008790175787165536,+,0.0016278772625643982,0.18853454090243024
39,1490.9860130431844,,,mixed C-O torsion / C-H bending,tau(C4-C3-C7-O9),dihedral,0.0007626400074591644,-,-0.0011197657678441689,0.3457020006406303
39,1490.9860130431844,,,mixed C-O torsion / C-H bending,nu(C4-H15),bond,0.0006739081964153259,-,-0.0010675809389885207,0.3360746833820311
39,1490.9860130431844,,,mixed C-O torsion / C-H bending,"gamma(H17;C8,O9,H16)",oop,0.0005969192841294607,+,0.0013074519583717817,0.1984727154023873
39,1490.9860130431844,,,mixed C-O torsion / C-H bending,nu(C4-H14),bond,0.0004294290272481032,-,-0.0008458081149464472,0.3411806434515935
39,1490.9860130431844,,,mixed C-O torsion / C-H bending,"gamma(O6;C5,C4,C7)",oop,0.00027427425110338664,-,-0.001192876828157601,0.10955457412425451
39,1490.9860130431844,,,mixed C-O torsion / C-H bending,nu(C8-H17),bond,6.516051904395791e-05,+,0.0003243907778860615,0.35195263308227415
39,1490.9860130431844,,,mixed C-O torsion / C-H bending,delta(O2-C3-C7),angle,3.4493829402919733e-05,-,-0.00015175162982446398,0.851356320806506
39,1490.9860130431844,,,mixed C-O torsion / C-H bending,nu(C8-H16),bond,3.645554473234803e-06,-,-7.706275840420699e-05,0.3489081977295606
40,1508.2299769609351,,,C-H bending,delta(H10-C1-H11),angle,73.52645942673507,-,-0.6875753328320562,0.28960914653293446
40,1508.2299769609351,,,C-H bending,tau(H10-C1-O2-C3),dihedral,10.271154772243412,+,0.31861473035347165,0.18840688455367277
40,1508.2299769609351,,,C-H bending,delta(O2-C1-H11),angle,9.272908710912425,+,0.22480926467129633,0.3416620715716716
40,1508.2299769609351,,,C-H bending,delta(O2-C1-H10),angle,5.338387215219449,+,0.18957750711777044,0.27659584452157787
40,1508.2299769609351,,,C-H bending,tau(H12-C1-O2-C3),dihedral,0.23738061952044537,-,-0.04949648266079466,0.18042876586366072
40,1508.2299769609351,,,C-H bending,delta(O2-C1-H12),angle,0.2179460379136652,-,-0.040038486370661375,0.25316453818387624
40,1508.2299769609351,,,C-H bending,delta(C4-C3-H13),angle,0.21691035362880204,-,-0.03976171075218719,0.25548143957558495
40,1508.2299769609351,,,C-H bending,delta(C7-C3-H13),angle,0.1964688850242025,-,-0.0391736187597129,0.238405127247466
40,1508.2299769609351,,,C-H bending,nu(C1-O2),bond,0.14927073585455491,-,-0.028943874093890827,0.3317955436623933
40,1508.2299769609351,,,C-H bending,nu(C1-H11),bond,0.11432744481947203,+,0.025675675425184716,0.3229356113236915
40,1508.2299769609351,,,C-H bending,nu(C3-C7),bond,0.10178602179920274,+,0.022707781435988693,0.36757665853689414
40,1508.2299769609351,,,C-H bending,tau(C1-O2-C3-C4),dihedral,0.07924100314507981,+,0.010262229646733189,1.401121193970568
40,1508.2299769609351,,,C-H bending,nu(C1-H10),bond,0.06893074591697257,+,0.01991392635620289,0.3236744213946024
40,1508.2299769609351,,,C-H bending,nu(C1-H12),bond,0.04575015535763971,-,-0.01572953531262117,0.3443261315380825
40,1508.2299769609351,,,C-H bending,delta(H14-C4-H15),angle,0.028772826183722792,+,0.013441943336738753,0.29652928958766894
40,1508.2299769609351,,,C-H bending,delta(C3-C4-H15),angle,0.0242153643136981,-,-0.01432310865243985,0.2197989584380679
40,1508.2299769609351,,,C-H bending,delta(O2-C3-C7),angle,0.02419187867284635,-,-0.007274174469875506,0.851356320806506
40,1508.2299769609351,,,C-H bending,nu(C3-C4),bond,0.021495019198871274,+,0.011692011912447758,0.29279828908400285
40,1508.2299769609351,,,C-H bending,nu(C7-C8),bond,0.012695301778139403,-,-0.008069899278117547,0.3630078327273742
40,1508.2299769609351,,,C-H bending,nu(O2-C3),bond,0.011030424739784928,-,-0.0077440056799457195,0.34250751572774774
40,1508.2299769609351,,,C-H bending,nu(C7-O9),bond,0.0089765222313792,-,-0.007815505114547233,0.2736548837890451
40,1508.2299769609351,,,C-H bending,tau(C5-C7-C8-H17),dihedral,0.007976499047573799,-,-0.006746768653417262,0.32630961917631934
40,1508.2299769609351,,,C-H bending,delta(O2-C3-C4),angle,0.0065744402527070185,+,0.004181020057125536,0.7003312031404112
40,1508.2299769609351,,,C-H bending,nu(C8-O9),bond,0.0027911166353041996,-,-0.004382392977241676,0.2706228995532804
40,1508.2299769609351,,,C-H bending,"gamma(H17;C8,C7,O9)",oop,0.002531216461095603,-,-0.004023908634030942,0.29110003621150987
40,1508.2299769609351,,,C-H bending,delta(O6-C5-C7),angle,0.002016215910231031,-,-0.0032637505449159966,0.3524620139770529
40,1508.2299769609351,,,C-H bending,tau(C1-O2-C3-C7),dihedral,0.0018495982119666886,-,-0.0015644832619770728,1.407164111732383
40,1508.2299769609351,,,C-H bending,nu(C5-O6),bond,0.0014604902983034352,+,0.0017582551176126499,0.8797192428027082
40,1508.2299769609351,,,C-H bending,nu(C5-C7),bond,0.0013277605064903474,+,0.002864061185345095,0.301414651416424
40,1508.2299769609351,,,C-H bending,tau(C3-C4-C5-C7),dihedral,0.0011677887308135981,+,0.00223590798807227,0.4349763258740278
40,1508.2299769609351,,,C-H bending,tau(C5-C7-O9-C8),dihedral,0.000868311200931951,+,0.0029285108378731997,0.18853454090243024
40,1508.2299769609351,,,C-H bending,delta(C3-C7-O9),angle,0.0008301460048978972,-,-0.0018840833447662955,0.43547522975626995
40,1508.2299769609351,,,C-H bending,delta(O9-C8-H16),angle,0.000771183513315803,+,0.0025120761723675194,0.22756282881982776
40,1508.2299769609351,,,C-H bending,delta(C5-C4-H15),angle,0.0006035436429001192,-,-0.002343793547966249,0.20458753359916523
40,1508.2299769609351,,,C-H bending,nu(C4-C5),bond,0.0005660301616235211,-,-0.001789172331546766,0.32926413089158674
40,1508.2299769609351,,,C-H bending,nu(C4-H15),bond,0.00011121057898258325,-,-0.0007849820928105508,0.3360746833820311
40,1508.2299769609351,,,C-H bending,"gamma(O6;C5,C4,C7)",oop,7.944805436687647e-05,-,-0.0011620664781762532,0.10955457412425451
40,1508.2299769609351,,,C-H bending,tau(C4-C3-C7-O9),dihedral,7.781387608514896e-05,+,0.0006474141331744762,0.3457020006406303
40,1508.2299769609351,,,C-H bending,delta(C1-O2-C3),angle,3.776202693014527e-05,+,0.0005286120136395696,0.25164623392653446
40,1508.2299769609351,,,C-H bending,nu(C3-H13),bond,2.6837737415549367e-05,-,-0.00039472561134882027,0.32074838839996167
40,1508.2299769609351,,,C-H bending,delta(C5-C4-H14),angle,1.519267346834842e-05,-,-0.0003215603146386532,0.27360152237173796
40,1508.2299769609351,,,C-H bending,nu(C8-H16),bond,1.2376349181957932e-05,-,-0.00025700719873769,0.3489081977295606
40,1508.2299769609351,,,C-H bending,nu(C8-H17),bond,3.558105895303119e-06,+,0.00013720562711359388,0.35195263308227415
40,1508.2299769609351,,,C-H bending,"gamma(H17;C8,O9,H16)",oop,1.989911738161386e-06,-,-0.00013663787492578766,0.1984727154023873
40,1508.2299769609351,,,C-H bending,nu(C4-H14),bond,4.898932326323639e-09,+,5.170864124987619e-06,0.3411806434515935
41,1518.9059681369972,,,mixed ring-site C-H out-of-plane bending / ring-site C-H in-plane bending,"gamma(H17;C8,C7,O9)",oop,33.25607146185006,-,-0.3482653001554961,0.29110003621150987
41,1518.9059681369972,,,mixed ring-site C-H out-of-plane bending / ring-site C-H in-plane bending,delta(O9-C8-H16),angle,17.04771218257152,+,0.28201892504332854,0.22756282881982776
41,1518.9059681369972,,,mixed ring-site C-H out-of-plane bending / ring-site C-H in-plane bending,tau(C5-C7-C8-H17),dihedral,17.02870012441447,-,-0.23538114608328367,0.32630961917631934
41,1518.9059681369972,,,mixed ring-site C-H out-of-plane bending / ring-site C-H in-plane bending,"gamma(H17;C8,O9,H16)",oop,13.738482736073708,+,0.2710908397771495,0.1984727154023873
41,1518.9059681369972,,,mixed ring-site C-H out-of-plane bending / ring-site C-H in-plane bending,nu(C7-C8),bond,9.185929780955348,-,-0.16390772601801157,0.3630078327273742
41,1518.9059681369972,,,mixed ring-site C-H out-of-plane bending / ring-site C-H in-plane bending,nu(C8-O9),bond,3.4191605709344026,-,-0.11581727418220533,0.2706228995532804
41,1518.9059681369972,,,mixed ring-site C-H out-of-plane bending / ring-site C-H in-plane bending,nu(C7-O9),bond,2.306872472099561,-,-0.09460324952563777,0.2736548837890451
41,1518.9059681369972,,,mixed ring-site C-H out-of-plane bending / ring-site C-H in-plane bending,nu(C3-C7),bond,1.4145971412128175,+,0.06392022393706946,0.36757665853689414
41,1518.9059681369972,,,mixed ring-site C-H out-of-plane bending / ring-site C-H in-plane bending,nu(C5-C7),bond,0.9593720983136996,+,0.05813092381342083,0.301414651416424
41,1518.9059681369972,,,mixed ring-site C-H out-of-plane bending / ring-site C-H in-plane bending,tau(C1-O2-C3-C7),dihedral,0.34034439051935306,+,0.0160244372153033,1.407164111732383
41,1518.9059681369972,,,mixed ring-site C-H out-of-plane bending / ring-site C-H in-plane bending,delta(H14-C4-H15),angle,0.24299521576987498,+,0.029495850642366532,0.29652928958766894
41,1518.9059681369972,,,mixed ring-site C-H out-of-plane bending / ring-site C-H in-plane bending,delta(O2-C3-C7),angle,0.20220824934420634,-,-0.015879602054879812,0.851356320806506
41,1518.9059681369972,,,mixed ring-site C-H out-of-plane bending / ring-site C-H in-plane bending,delta(O6-C5-C7),angle,0.17074861172977257,-,-0.02267870719932839,0.3524620139770529
41,1518.9059681369972,,,mixed ring-site C-H out-of-plane bending / ring-site C-H in-plane bending,tau(C4-C3-C7-O9),dihedral,0.12024599669287335,+,0.01921676279102869,0.3457020006406303
41,1518.9059681369972,,,mixed ring-site C-H out-of-plane bending / ring-site C-H in-plane bending,tau(C5-C7-O9-C8),dihedral,0.09463755668670586,+,0.023085121163159205,0.18853454090243024
41,1518.9059681369972,,,mixed ring-site C-H out-of-plane bending / ring-site C-H in-plane bending,nu(C5-O6),bond,0.06843908568581228,-,-0.009088158990929839,0.8797192428027082
41,1518.9059681369972,,,mixed ring-site C-H out-of-plane bending / ring-site C-H in-plane bending,nu(C8-H16),bond,0.06027763802623306,+,0.013543109468474842,0.3489081977295606
41,1518.9059681369972,,,mixed ring-site C-H out-of-plane bending / ring-site C-H in-plane bending,delta(H10-C1-H11),angle,0.054512049351957116,+,0.014136307393839004,0.28960914653293446
41,1518.9059681369972,,,mixed ring-site C-H out-of-plane bending / ring-site C-H in-plane bending,nu(C8-H17),bond,0.04859049998262628,+,0.012106801924276355,0.35195263308227415
41,1518.9059681369972,,,mixed ring-site C-H out-of-plane bending / ring-site C-H in-plane bending,delta(C3-C7-O9),angle,0.03385092646036785,+,0.0090844662059618,0.43547522975626995
41,1518.9059681369972,,,mixed ring-site C-H out-of-plane bending / ring-site C-H in-plane bending,delta(C3-C4-H15),angle,0.029032709601295524,-,-0.011842048420404306,0.2197989584380679
41,1518.9059681369972,,,mixed ring-site C-H out-of-plane bending / ring-site C-H in-plane bending,delta(C7-C3-H13),angle,0.028009950545545174,-,-0.01116848429590943,0.238405127247466
41,1518.9059681369972,,,mixed ring-site C-H out-of-plane bending / ring-site C-H in-plane bending,delta(O2-C1-H10),angle,0.025831166854446377,-,-0.009957379267048946,0.27659584452157787
41,1518.9059681369972,,,mixed ring-site C-H out-of-plane bending / ring-site C-H in-plane bending,tau(C1-O2-C3-C4),dihedral,0.022289324640259702,+,0.004109665420136803,1.401121193970568
41,1518.9059681369972,,,mixed ring-site C-H out-of-plane bending / ring-site C-H in-plane bending,delta(O2-C1-H12),angle,0.019707143060675582,-,-0.009090887032893428,0.25316453818387624
41,1518.9059681369972,,,mixed ring-site C-H out-of-plane bending / ring-site C-H in-plane bending,delta(C4-C3-H13),angle,0.019588374618971335,+,0.00902226098637664,0.25548143957558495
41,1518.9059681369972,,,mixed ring-site C-H out-of-plane bending / ring-site C-H in-plane bending,delta(O2-C1-H11),angle,0.014411912993949665,-,-0.006692036382417534,0.3416620715716716
41,1518.9059681369972,,,mixed ring-site C-H out-of-plane bending / ring-site C-H in-plane bending,delta(C5-C4-H14),angle,0.011775969993658337,-,-0.00675981721678029,0.27360152237173796
41,1518.9059681369972,,,mixed ring-site C-H out-of-plane bending / ring-site C-H in-plane bending,delta(C5-C4-H15),angle,0.008496230631771897,-,-0.006640020582662406,0.20458753359916523
41,1518.9059681369972,,,mixed ring-site C-H out-of-plane bending / ring-site C-H in-plane bending,delta(C1-O2-C3),angle,0.007497464413385676,-,-0.005624162384460925,0.25164623392653446
41,1518.9059681369972,,,mixed ring-site C-H out-of-plane bending / ring-site C-H in-plane bending,tau(C3-C4-C5-C7),dihedral,0.004370226260918743,-,-0.0032659912240487784,0.4349763258740278
41,1518.9059681369972,,,mixed ring-site C-H out-of-plane bending / ring-site C-H in-plane bending,nu(C4-C5),bond,0.0041903522564777276,+,0.0036757749835129813,0.32926413089158674
41,1518.9059681369972,,,mixed ring-site C-H out-of-plane bending / ring-site C-H in-plane bending,delta(O2-C3-C4),angle,0.003582707063277799,+,0.002330503578500226,0.7003312031404112
41,1518.9059681369972,,,mixed ring-site C-H out-of-plane bending / ring-site C-H in-plane bending,nu(C1-O2),bond,0.0031622462666723024,+,0.0031809616439186996,0.3317955436623933
41,1518.9059681369972,,,mixed ring-site C-H out-of-plane bending / ring-site C-H in-plane bending,nu(C3-C4),bond,0.002613892872631616,+,0.003078615754168826,0.29279828908400285
41,1518.9059681369972,,,mixed ring-site C-H out-of-plane bending / ring-site C-H in-plane bending,nu(C3-H13),bond,0.0006749961444241312,+,0.0014947352176776778,0.32074838839996167
41,1518.9059681369972,,,mixed ring-site C-H out-of-plane bending / ring-site C-H in-plane bending,"gamma(O6;C5,C4,C7)",oop,0.0005701595470156445,+,0.0023506003983477684,0.10955457412425451
41,1518.9059681369972,,,mixed ring-site C-H out-of-plane bending / ring-site C-H in-plane bending,tau(H10-C1-O2-C3),dihedral,0.00019350786648537059,-,-0.0010442315020166896,0.18840688455367277
41,1518.9059681369972,,,mixed ring-site C-H out-of-plane bending / ring-site C-H in-plane bending,nu(O2-C3),bond,0.00012854543362284172,+,0.0006312321879778896,0.34250751572774774
41,1518.9059681369972,,,mixed ring-site C-H out-of-plane bending / ring-site C-H in-plane bending,nu(C1-H10),bond,5.159315669315178e-05,-,-0.00041137483651150774,0.3236744213946024
41,1518.9059681369972,,,mixed ring-site C-H out-of-plane bending / ring-site C-H in-plane bending,nu(C4-H14),bond,2.326249715941911e-05,-,-0.00026904928181631653,0.3411806434515935
41,1518.9059681369972,,,mixed ring-site C-H out-of-plane bending / ring-site C-H in-plane bending,tau(H12-C1-O2-C3),dihedral,2.1437070698232267e-05,+,0.00035516134610991845,0.18042876586366072
41,1518.9059681369972,,,mixed ring-site C-H out-of-plane bending / ring-site C-H in-plane bending,nu(C1-H11),bond,1.8923753290774686e-05,-,-0.0002494258907219088,0.3229356113236915
41,1518.9059681369972,,,mixed ring-site C-H out-of-plane bending / ring-site C-H in-plane bending,nu(C4-H15),bond,8.92884549418046e-06,+,0.00016794830201431494,0.3360746833820311
41,1518.9059681369972,,,mixed ring-site C-H out-of-plane bending / ring-site C-H in-plane bending,nu(C1-H12),bond,1.8493581729249472e-07,+,2.3879288706604694e-05,0.3443261315380825
42,1866.810822693769,,,exocyclic C-O stretching,nu(C5-O6),bond,84.73888263890478,+,0.3785138724280895,0.8797192428027082
42,1866.810822693769,,,exocyclic C-O stretching,nu(C5-C7),bond,6.223057161701997,-,-0.17523957683793073,0.301414651416424
42,1866.810822693769,,,exocyclic C-O stretching,nu(C4-C5),bond,6.214067123262499,-,-0.16754375283415654,0.32926413089158674
42,1866.810822693769,,,exocyclic C-O stretching,delta(O6-C5-C7),angle,0.8331055803549718,-,-0.05929339841183924,0.3524620139770529
42,1866.810822693769,,,exocyclic C-O stretching,tau(C5-C7-C8-H17),dihedral,0.786722256237343,-,-0.05988364956523039,0.32630961917631934
42,1866.810822693769,,,exocyclic C-O stretching,delta(C5-C4-H14),angle,0.6686638859980053,+,0.06029164861826648,0.27360152237173796
42,1866.810822693769,,,exocyclic C-O stretching,tau(C5-C7-O9-C8),dihedral,0.205510888628239,+,0.0402656241043491,0.18853454090243024
42,1866.810822693769,,,exocyclic C-O stretching,nu(O2-C3),bond,0.06799243390046059,+,0.017183345452204592,0.34250751572774774
42,1866.810822693769,,,exocyclic C-O stretching,delta(C5-C4-H15),angle,0.0506831579592981,+,0.01919573431680222,0.20458753359916523
42,1866.810822693769,,,exocyclic C-O stretching,"gamma(H17;C8,O9,H16)",oop,0.04986616123430122,+,0.019331477259111617,0.1984727154023873
42,1866.810822693769,,,exocyclic C-O stretching,delta(C4-C3-H13),angle,0.03533708744381187,+,0.014343270157422153,0.25548143957558495
42,1866.810822693769,,,exocyclic C-O stretching,"gamma(H17;C8,C7,O9)",oop,0.034975642406791276,-,-0.01336823897353396,0.29110003621150987
42,1866.810822693769,,,exocyclic C-O stretching,delta(C7-C3-H13),angle,0.016486145457390872,+,0.01014178146672263,0.238405127247466
42,1866.810822693769,,,exocyclic C-O stretching,tau(C1-O2-C3-C4),dihedral,0.013772349939402146,-,-0.0038236545914508762,1.401121193970568
42,1866.810822693769,,,exocyclic C-O stretching,delta(H14-C4-H15),angle,0.01349441283265173,-,-0.008227268630981716,0.29652928958766894
42,1866.810822693769,,,exocyclic C-O stretching,nu(C3-C4),bond,0.009680887494255185,-,-0.007012708703537024,0.29279828908400285
42,1866.810822693769,,,exocyclic C-O stretching,delta(C3-C7-O9),angle,0.00865242608985155,-,-0.005436253506695562,0.43547522975626995
42,1866.810822693769,,,exocyclic C-O stretching,delta(O9-C8-H16),angle,0.005554365873494668,+,0.0060253053403961036,0.22756282881982776
42,1866.810822693769,,,exocyclic C-O stretching,tau(C4-C3-C7-O9),dihedral,0.004400439058982425,-,-0.004351204943404275,0.3457020006406303
42,1866.810822693769,,,exocyclic C-O stretching,tau(H10-C1-O2-C3),dihedral,0.00363931739716248,+,0.005360114449167647,0.18840688455367277
42,1866.810822693769,,,exocyclic C-O stretching,nu(C4-H14),bond,0.003178663937830664,-,-0.0037225676222677018,0.3411806434515935
42,1866.810822693769,,,exocyclic C-O stretching,nu(C3-H13),bond,0.0022014965119309224,-,-0.0031951351987135872,0.32074838839996167
42,1866.810822693769,,,exocyclic C-O stretching,nu(C7-C8),bond,0.0018507779913448966,-,-0.0027537952430977397,0.3630078327273742
42,1866.810822693769,,,exocyclic C-O stretching,delta(C3-C4-H15),angle,0.001727584941856199,-,-0.0034191595748751546,0.2197989584380679
42,1866.810822693769,,,exocyclic C-O stretching,delta(O2-C3-C4),angle,0.001319332165970854,+,0.001673932021563058,0.7003312031404112
42,1866.810822693769,,,exocyclic C-O stretching,tau(H12-C1-O2-C3),dihedral,0.0007492251270306344,+,0.0024852252530806885,0.18042876586366072
42,1866.810822693769,,,exocyclic C-O stretching,delta(C1-O2-C3),angle,0.0005877297535057841,+,0.0018638291561742367,0.25164623392653446
42,1866.810822693769,,,exocyclic C-O stretching,nu(C1-O2),bond,0.0005449797529823507,-,-0.0015630302734563606,0.3317955436623933
42,1866.810822693769,,,exocyclic C-O stretching,delta(O2-C3-C7),angle,0.0004992319837874039,+,0.0009339163924486849,0.851356320806506
42,1866.810822693769,,,exocyclic C-O stretching,"gamma(O6;C5,C4,C7)",oop,0.0004979800004061693,-,-0.00260017856233936,0.10955457412425451
42,1866.810822693769,,,exocyclic C-O stretching,tau(C3-C4-C5-C7),dihedral,0.00039251037523025604,+,0.0011585245477118455,0.4349763258740278
42,1866.810822693769,,,exocyclic C-O stretching,delta(O2-C1-H10),angle,0.0003840390591368247,-,-0.0014370681136527713,0.27659584452157787
42,1866.810822693769,,,exocyclic C-O stretching,nu(C8-H16),bond,0.00037029383954832637,-,-0.0012564063911420032,0.3489081977295606
42,1866.810822693769,,,exocyclic C-O stretching,nu(C3-C7),bond,0.0003643255050367385,+,0.0012141806440938137,0.36757665853689414
42,1866.810822693769,,,exocyclic C-O stretching,delta(O2-C1-H12),angle,0.0003394488849055199,-,-0.0014122066014603163,0.25316453818387624
42,1866.810822693769,,,exocyclic C-O stretching,tau(C1-O2-C3-C7),dihedral,0.0001713191947648879,+,0.0004255426730310401,1.407164111732383
42,1866.810822693769,,,exocyclic C-O stretching,nu(C7-O9),bond,9.035511878846507e-05,+,0.0007007889724735889,0.2736548837890451
42,1866.810822693769,,,exocyclic C-O stretching,delta(O2-C1-H11),angle,8.595127000245178e-05,-,-0.000611702484428833,0.3416620715716716
42,1866.810822693769,,,exocyclic C-O stretching,nu(C1-H10),bond,4.065899169671646e-05,+,0.0004322515827969817,0.3236744213946024
42,1866.810822693769,,,exocyclic C-O stretching,nu(C1-H12),bond,2.3253270917577386e-05,-,-0.0003169344979968141,0.3443261315380825
42,1866.810822693769,,,exocyclic C-O stretching,delta(H10-C1-H11),angle,1.9203533927123457e-05,-,-0.0003140486434861484,0.28960914653293446
42,1866.810822693769,,,exocyclic C-O stretching,nu(C8-O9),bond,9.066268684037e-06,+,0.00022322585829571712,0.2706228995532804
42,1866.810822693769,,,exocyclic C-O stretching,nu(C4-H15),bond,5.016174060972016e-06,+,0.00014899815138628118,0.3360746833820311
42,1866.810822693769,,,exocyclic C-O stretching,nu(C8-H17),bond,3.1027600005156562e-06,-,-0.00011451027638938135,0.35195263308227415
42,1866.810822693769,,,exocyclic C-O stretching,nu(C1-H11),bond,9.141096244677614e-08,+,2.051887999566892e-05,0.3229356113236915
43,2988.2052231575603,,,C-H stretching,nu(C1-H11),bond,48.78916572381572,-,-0.7116949010773268,0.3229356113236915
43,2988.2052231575603,,,C-H stretching,nu(C1-H10),bond,42.53018416439915,-,-0.6637194877789668,0.3236744213946024
43,2988.2052231575603,,,C-H stretching,nu(C1-H12),bond,6.218737889887787,-,-0.24606863626831077,0.3443261315380825
43,2988.2052231575603,,,C-H stretching,nu(C3-H13),bond,2.155750654200209,+,0.15010914444442458,0.32074838839996167
43,2988.2052231575603,,,C-H stretching,nu(C1-O2),bond,0.13047107823872725,+,0.03630880697752488,0.3317955436623933
43,2988.2052231575603,,,C-H stretching,delta(O2-C1-H12),angle,0.07087526065699508,-,-0.03063627973435959,0.25316453818387624
43,2988.2052231575603,,,C-H stretching,delta(H10-C1-H11),angle,0.03246702226014974,+,0.0193867593933649,0.28960914653293446
43,2988.2052231575603,,,C-H stretching,tau(C1-O2-C3-C4),dihedral,0.01595353752434811,-,-0.006178467630676597,1.401121193970568
43,2988.2052231575603,,,C-H stretching,nu(C4-H15),bond,0.0135196032066578,+,0.01161326139865013,0.3360746833820311
43,2988.2052231575603,,,C-H stretching,tau(C1-O2-C3-C7),dihedral,0.007727508438971024,+,0.0042907923405052706,1.407164111732383
43,2988.2052231575603,,,C-H stretching,delta(O2-C3-C7),angle,0.007211648371578706,+,0.005329073583832091,0.851356320806506
43,2988.2052231575603,,,C-H stretching,delta(O2-C3-C4),angle,0.004425489889430101,+,0.004602767797446307,0.7003312031404112
43,2988.2052231575603,,,C-H stretching,tau(H10-C1-O2-C3),dihedral,0.00408869735167044,-,-0.008529709220129878,0.18840688455367277
43,2988.2052231575603,,,C-H stretching,delta(C1-O2-C3),angle,0.00350428869224186,-,-0.006832739270694239,0.25164623392653446
43,2988.2052231575603,,,C-H stretching,nu(C3-C4),bond,0.0034796593874995823,-,-0.006312105190193619,0.29279828908400285
43,2988.2052231575603,,,C-H stretching,nu(C3-C7),bond,0.0034717913429213364,-,-0.005627208060537544,0.36757665853689414
43,2988.2052231575603,,,C-H stretching,nu(C4-H14),bond,0.0024401558869880315,+,0.004896736354322544,0.3411806434515935
43,2988.2052231575603,,,C-H stretching,tau(H12-C1-O2-C3),dihedral,0.0014324284700829915,+,0.005159097204883079,0.18042876586366072
43,2988.2052231575603,,,C-H stretching,tau(C3-C4-C5-C7),dihedral,0.0013416318705968635,+,0.003215688709348595,0.4349763258740278
43,2988.2052231575603,,,C-H stretching,delta(O2-C1-H10),angle,0.001299735720693402,-,-0.0039691254872789485,0.27659584452157787
43,2988.2052231575603,,,C-H stretching,delta(C3-C7-O9),angle,0.001187894695527923,+,0.003024108514042488,0.43547522975626995
43,2988.2052231575603,,,C-H stretching,tau(C4-C3-C7-O9),dihedral,0.00035385990398523073,+,0.0018524856782263946,0.3457020006406303
43,2988.2052231575603,,,C-H stretching,delta(C3-C4-H15),angle,0.000333136804845901,-,-0.0022541801485185566,0.2197989584380679
43,2988.2052231575603,,,C-H stretching,nu(C8-H16),bond,0.0002038356502853773,+,0.001399505510183361,0.3489081977295606
43,2988.2052231575603,,,C-H stretching,delta(H14-C4-H15),angle,8.940254656401922e-05,-,-0.0010053823902035285,0.29652928958766894
43,2988.2052231575603,,,C-H stretching,delta(O2-C1-H11),angle,7.724325630880161e-05,-,-0.0008706067497690687,0.3416620715716716
43,2988.2052231575603,,,C-H stretching,nu(C8-H17),bond,7.388936029843698e-05,-,-0.0008389555894915767,0.35195263308227415
43,2988.2052231575603,,,C-H stretching,delta(C4-C3-H13),angle,5.67059884934547e-05,-,-0.0008626307062543044,0.25548143957558495
43,2988.2052231575603,,,C-H stretching,nu(C4-C5),bond,3.449030453153827e-05,-,-0.0005926065278265747,0.32926413089158674
43,2988.2052231575603,,,C-H stretching,"gamma(H17;C8,C7,O9)",oop,9.959000973272994e-06,-,-0.00033867012303916545,0.29110003621150987
43,2988.2052231575603,,,C-H stretching,delta(C5-C4-H14),angle,8.418516733469727e-06,+,0.0003211801250268246,0.27360152237173796
43,2988.2052231575603,,,C-H stretching,"gamma(H17;C8,O9,H16)",oop,6.774626992489984e-06,+,0.00033828474696944306,0.1984727154023873
43,2988.2052231575603,,,C-H stretching,delta(C7-C3-H13),angle,6.147278621647713e-06,+,0.0002940179065782337,0.238405127247466
43,2988.2052231575603,,,C-H stretching,nu(C7-C8),bond,3.908642967754807e-06,-,-0.00018999629442104852,0.3630078327273742
43,2988.2052231575603,,,C-H stretching,tau(C5-C7-O9-C8),dihedral,2.010887734084916e-06,+,0.0001890987145006557,0.18853454090243024
43,2988.2052231575603,,,C-H stretching,tau(C5-C7-C8-H17),dihedral,1.3244136700229883e-06,+,0.00011665061075870098,0.32630961917631934
43,2988.2052231575603,,,C-H stretching,delta(C5-C4-H15),angle,1.238178332840652e-06,+,0.00014244333869792755,0.20458753359916523
43,2988.2052231575603,,,C-H stretching,nu(C7-O9),bond,8.104777643965018e-07,+,9.96458184125767e-05,0.2736548837890451
43,2988.2052231575603,,,C-H stretching,nu(O2-C3),bond,5.329411971383628e-07,-,-7.222619258316337e-05,0.34250751572774774
43,2988.2052231575603,,,C-H stretching,nu(C8-O9),bond,1.669748609035666e-07,-,-4.548135569989249e-05,0.2706228995532804
43,2988.2052231575603,,,C-H stretching,delta(O6-C5-C7),angle,1.2688510615778736e-07,-,-3.4740758186845456e-05,0.3524620139770529
43,2988.2052231575603,,,C-H stretching,"gamma(O6;C5,C4,C7)",oop,1.1308507857125338e-07,-,-5.8827111236162064e-05,0.10955457412425451
43,2988.2052231575603,,,C-H stretching,delta(O9-C8-H16),angle,2.1476214426793682e-08,-,-1.7787640016958055e-05,0.22756282881982776
43,2988.2052231575603,,,C-H stretching,nu(C5-C7),bond,1.135404177163361e-08,+,1.1237848996820005e-05,0.301414651416424
43,2988.2052231575603,,,C-H stretching,nu(C5-O6),bond,7.136426453737406e-09,-,-5.215050030746659e-06,0.8797192428027082
44,3009.3630081598867,,,ring-site C-H stretching,nu(C3-H13),bond,95.32666656767441,+,1.022689406870252,0.32074838839996167
44,3009.3630081598867,,,ring-site C-H stretching,nu(C1-H11),bond,1.822349407860649,+,0.14092130333471645,0.3229356113236915
44,3009.3630081598867,,,ring-site C-H stretching,tau(C1-O2-C3-C4),dihedral,0.8141798100206281,-,-0.045221098582403474,1.401121193970568
44,3009.3630081598867,,,ring-site C-H stretching,nu(C1-H10),bond,0.3024274360838402,+,0.0573423119861878,0.3236744213946024
44,3009.3630081598867,,,ring-site C-H stretching,delta(O2-C3-C4),angle,0.24928974390365488,+,0.03539315377604024,0.7003312031404112
44,3009.3630081598867,,,ring-site C-H stretching,delta(O2-C3-C7),angle,0.2343546616185817,+,0.031124322851003798,0.851356320806506
44,3009.3630081598867,,,ring-site C-H stretching,nu(C4-H14),bond,0.23073935145492042,-,-0.04878512672863627,0.3411806434515935
44,3009.3630081598867,,,ring-site C-H stretching,tau(C1-O2-C3-C7),dihedral,0.17006853609843806,+,0.02062331176891199,1.407164111732383
44,3009.3630081598867,,,ring-site C-H stretching,nu(C1-H12),bond,0.13736756259609195,+,0.0374693276464185,0.3443261315380825
44,3009.3630081598867,,,ring-site C-H stretching,nu(C4-H15),bond,0.1240468262642995,+,0.036040742138064776,0.3360746833820311
44,3009.3630081598867,,,ring-site C-H stretching,nu(C3-C7),bond,0.10543034872594743,-,-0.03177076369731998,0.36757665853689414
44,3009.3630081598867,,,ring-site C-H stretching,tau(C3-C4-C5-C7),dihedral,0.0808784379718498,+,0.02558010735851578,0.4349763258740278
44,3009.3630081598867,,,ring-site C-H stretching,nu(C3-C4),bond,0.07902641526810311,-,-0.030819150912030264,0.29279828908400285
44,3009.3630081598867,,,ring-site C-H stretching,nu(O2-C3),bond,0.05651502515092881,-,-0.02409715134867259,0.34250751572774774
44,3009.3630081598867,,,ring-site C-H stretching,delta(C3-C7-O9),angle,0.050340134330178005,+,0.020169459130610867,0.43547522975626995
44,3009.3630081598867,,,ring-site C-H stretching,delta(C4-C3-H13),angle,0.044566159743220625,-,-0.02477660086256943,0.25548143957558495
44,3009.3630081598867,,,ring-site C-H stretching,delta(C3-C4-H15),angle,0.036440942417590716,-,-0.024154651758415413,0.2197989584380679
44,3009.3630081598867,,,ring-site C-H stretching,tau(H10-C1-O2-C3),dihedral,0.036024120157347315,+,0.025939828640216794,0.18840688455367277
44,3009.3630081598867,,,ring-site C-H stretching,delta(C7-C3-H13),angle,0.0249090981857491,-,-0.01917520440927902,0.238405127247466
44,3009.3630081598867,,,ring-site C-H stretching,delta(C1-O2-C3),angle,0.02411835531484789,+,0.01836527443696022,0.25164623392653446
44,3009.3630081598867,,,ring-site C-H stretching,tau(H12-C1-O2-C3),dihedral,0.023538848502973497,+,0.021426859075115705,0.18042876586366072
44,3009.3630081598867,,,ring-site C-H stretching,tau(C4-C3-C7-O9),dihedral,0.01549887009991289,+,0.012560816421638038,0.3457020006406303
44,3009.3630081598867,,,ring-site C-H stretching,nu(C1-O2),bond,0.0038258631607992737,-,-0.00637012915202099,0.3317955436623933
44,3009.3630081598867,,,ring-site C-H stretching,nu(C8-H17),bond,0.0018945650488047358,+,0.004352426510127581,0.35195263308227415
44,3009.3630081598867,,,ring-site C-H stretching,delta(O2-C1-H12),angle,0.0017553937739183973,+,0.00493974620660311,0.25316453818387624
44,3009.3630081598867,,,ring-site C-H stretching,delta(H10-C1-H11),angle,0.0011081290190451665,-,-0.003669507864327188,0.28960914653293446
44,3009.3630081598867,,,ring-site C-H stretching,delta(O2-C1-H10),angle,0.0011063528183458706,+,0.003751826903810379,0.27659584452157787
44,3009.3630081598867,,,ring-site C-H stretching,delta(O2-C1-H11),angle,0.0006375815794158301,+,0.0025626440752688135,0.3416620715716716
44,3009.3630081598867,,,ring-site C-H stretching,nu(C7-O9),bond,0.0001714071553986331,+,0.0014846759305873712,0.2736548837890451
44,3009.3630081598867,,,ring-site C-H stretching,nu(C5-O6),bond,0.00017036659382680454,+,0.0008255416138689302,0.8797192428027082
44,3009.3630081598867,,,ring-site C-H stretching,delta(C5-C4-H15),angle,0.00015078183962136655,-,-0.0016104740491967567,0.20458753359916523
44,3009.3630081598867,,,ring-site C-H stretching,delta(C5-C4-H14),angle,0.00013192497184847743,+,0.0013026359090354033,0.27360152237173796
44,3009.3630081598867,,,ring-site C-H stretching,nu(C5-C7),bond,8.973762530276613e-05,-,-0.0010235849753839736,0.301414651416424
44,3009.3630081598867,,,ring-site C-H stretching,"gamma(O6;C5,C4,C7)",oop,8.236013361035641e-05,-,-0.0016265299308005955,0.10955457412425451
44,3009.3630081598867,,,ring-site C-H stretching,"gamma(H17;C8,O9,H16)",oop,2.868800574555315e-05,+,0.0007132118814033711,0.1984727154023873
44,3009.3630081598867,,,ring-site C-H stretching,delta(O9-C8-H16),angle,2.3495293532522752e-05,-,-0.000602779635167311,0.22756282881982776
44,3009.3630081598867,,,ring-site C-H stretching,nu(C8-H16),bond,1.1091488030289999e-05,+,0.000334470728678088,0.3489081977295606
44,3009.3630081598867,,,ring-site C-H stretching,delta(H14-C4-H15),angle,1.0117334347836711e-05,+,0.0003465118157573619,0.29652928958766894
44,3009.3630081598867,,,ring-site C-H stretching,"gamma(H17;C8,C7,O9)",oop,8.514949085865135e-06,-,-0.0003208401374041485,0.29110003621150987
44,3009.3630081598867,,,ring-site C-H stretching,nu(C4-C5),bond,6.490338228104029e-06,-,-0.00026337845710574425,0.32926413089158674
44,3009.3630081598867,,,ring-site C-H stretching,nu(C8-O9),bond,4.829467216574858e-06,+,0.0002506029247934343,0.2706228995532804
44,3009.3630081598867,,,ring-site C-H stretching,tau(C5-C7-C8-H17),dihedral,4.351834134996398e-06,+,0.00021664068720763524,0.32630961917631934
44,3009.3630081598867,,,ring-site C-H stretching,delta(O6-C5-C7),angle,7.437297789738039e-07,+,8.617280342771715e-05,0.3524620139770529
44,3009.3630081598867,,,ring-site C-H stretching,nu(C7-C8),bond,3.5712191258220234e-07,+,5.8839509952833315e-05,0.3630078327273742
44,3009.3630081598867,,,ring-site C-H stretching,tau(C5-C7-O9-C8),dihedral,1.9727387674803425e-07,-,-6.068175342150528e-05,0.18853454090243024
45,3038.3724645778448,,,opposite-phase C-H stretching,nu(C1-H10),bond,52.78289325034976,-,-0.7675697872296843,0.3236744213946024
45,3038.3724645778448,,,opposite-phase C-H stretching,nu(C1-H11),bond,45.300665394287385,+,0.7119013018483757,0.3229356113236915
45,3038.3724645778448,,,opposite-phase C-H stretching,tau(C1-O2-C3-C7),dihedral,0.5500153378146224,-,-0.037578590893925616,1.407164111732383
45,3038.3724645778448,,,opposite-phase C-H stretching,tau(C1-O2-C3-C4),dihedral,0.4309024173619207,-,-0.03333320552191642,1.401121193970568
45,3038.3724645778448,,,opposite-phase C-H stretching,nu(C3-H13),bond,0.24602344138508883,-,-0.05264188948787839,0.32074838839996167
45,3038.3724645778448,,,opposite-phase C-H stretching,delta(O2-C1-H11),angle,0.21995170225054694,-,-0.04822705527078699,0.3416620715716716
45,3038.3724645778448,,,opposite-phase C-H stretching,delta(O2-C1-H10),angle,0.18002347912189876,+,0.04849167834677195,0.27659584452157787
45,3038.3724645778448,,,opposite-phase C-H stretching,nu(C4-H15),bond,0.09120561233003446,+,0.03131254365279576,0.3360746833820311
45,3038.3724645778448,,,opposite-phase C-H stretching,nu(C4-H14),bond,0.07865590569948636,+,0.028860173800865467,0.3411806434515935
45,3038.3724645778448,,,opposite-phase C-H stretching,tau(H10-C1-O2-C3),dihedral,0.06316256015444793,+,0.03480221970132355,0.18840688455367277
45,3038.3724645778448,,,opposite-phase C-H stretching,tau(H12-C1-O2-C3),dihedral,0.04609026044649549,-,-0.030379257696766075,0.18042876586366072
45,3038.3724645778448,,,opposite-phase C-H stretching,nu(C1-H12),bond,0.006601728799323966,-,-0.008322797232050292,0.3443261315380825
45,3038.3724645778448,,,opposite-phase C-H stretching,delta(O2-C3-C7),angle,0.0007097300201489362,-,-0.0017354670455365984,0.851356320806506
45,3038.3724645778448,,,opposite-phase C-H stretching,delta(O2-C3-C4),angle,0.0005059115791412539,-,-0.0016155151586589335,0.7003312031404112
45,3038.3724645778448,,,opposite-phase C-H stretching,nu(C4-C5),bond,0.00039389993823076236,-,-0.002078960372072924,0.32926413089158674
45,3038.3724645778448,,,opposite-phase C-H stretching,nu(C1-O2),bond,0.00030795610185294336,+,0.0018311950195366016,0.3317955436623933
45,3038.3724645778448,,,opposite-phase C-H stretching,nu(C3-C7),bond,0.0002961402688642225,+,0.0017060833178955768,0.36757665853689414
45,3038.3724645778448,,,opposite-phase C-H stretching,delta(H14-C4-H15),angle,0.00029073175020956414,-,-0.0018820792163349407,0.29652928958766894
45,3038.3724645778448,,,opposite-phase C-H stretching,nu(O2-C3),bond,0.00026961994222238884,+,0.0016864226200863268,0.34250751572774774
45,3038.3724645778448,,,opposite-phase C-H stretching,tau(C3-C4-C5-C7),dihedral,0.00020625819348813083,-,-0.001308875265111508,0.4349763258740278
45,3038.3724645778448,,,opposite-phase C-H stretching,delta(C3-C7-O9),angle,0.0001602251079034297,-,-0.001152946151287811,0.43547522975626995
45,3038.3724645778448,,,opposite-phase C-H stretching,delta(O2-C1-H12),angle,0.00015072897828048964,-,-0.001466636224971744,0.25316453818387624
45,3038.3724645778448,,,opposite-phase C-H stretching,delta(C3-C4-H15),angle,0.00013909820837760447,+,0.0015120752996263807,0.2197989584380679
45,3038.3724645778448,,,opposite-phase C-H stretching,nu(C8-H16),bond,0.00010839910894471256,+,0.0010594555378799935,0.3489081977295606
45,3038.3724645778448,,,opposite-phase C-H stretching,delta(H10-C1-H11),angle,0.00010581592284689145,+,0.0011489333638219027,0.28960914653293446
45,3038.3724645778448,,,opposite-phase C-H stretching,nu(C8-H17),bond,6.357128146811048e-05,+,0.0008078185835085255,0.35195263308227415
45,3038.3724645778448,,,opposite-phase C-H stretching,tau(C4-C3-C7-O9),dihedral,2.8789417988924914e-05,-,-0.0005485180989718827,0.3457020006406303
45,3038.3724645778448,,,opposite-phase C-H stretching,delta(C7-C3-H13),angle,2.2640817602324327e-05,-,-0.0005857519234385837,0.238405127247466
45,3038.3724645778448,,,opposite-phase C-H stretching,delta(C1-O2-C3),angle,1.5148703273269559e-05,-,-0.000466356439416508,0.25164623392653446
45,3038.3724645778448,,,opposite-phase C-H stretching,delta(C5-C4-H15),angle,1.0569710955263465e-05,+,0.000432033514652195,0.20458753359916523
45,3038.3724645778448,,,opposite-phase C-H stretching,nu(C5-O6),bond,8.670069023815e-06,+,0.00018869687054519677,0.8797192428027082
45,3038.3724645778448,,,opposite-phase C-H stretching,delta(C5-C4-H14),angle,6.8191749382844584e-06,+,0.00030007659778064636,0.27360152237173796
45,3038.3724645778448,,,opposite-phase C-H stretching,delta(O6-C5-C7),angle,1.9958271705262185e-06,-,-0.00014303119665333593,0.3524620139770529
45,3038.3724645778448,,,opposite-phase C-H stretching,nu(C3-C4),bond,1.9939546613905703e-06,-,-0.00015685517016918784,0.29279828908400285
45,3038.3724645778448,,,opposite-phase C-H stretching,tau(C5-C7-C8-H17),dihedral,1.9400039700935186e-06,-,-0.00014655877865931612,0.32630961917631934
45,3038.3724645778448,,,opposite-phase C-H stretching,"gamma(H17;C8,C7,O9)",oop,1.081380917066854e-06,-,-0.00011584937282531405,0.29110003621150987
45,3038.3724645778448,,,opposite-phase C-H stretching,nu(C8-O9),bond,3.2154727689504186e-07,-,-6.551875142163129e-05,0.2706228995532804
45,3038.3724645778448,,,opposite-phase C-H stretching,nu(C7-O9),bond,2.616672831563358e-07,-,-5.877580378969533e-05,0.2736548837890451
45,3038.3724645778448,,,opposite-phase C-H stretching,"gamma(O6;C5,C4,C7)",oop,2.2669041722490856e-07,-,-8.646230106461718e-05,0.10955457412425451
45,3038.3724645778448,,,opposite-phase C-H stretching,delta(O9-C8-H16),angle,1.8592123469954253e-07,+,5.432994952400899e-05,0.22756282881982776
45,3038.3724645778448,,,opposite-phase C-H stretching,"gamma(H17;C8,O9,H16)",oop,1.2322047516237269e-07,+,4.736052411432292e-05,0.1984727154023873
45,3038.3724645778448,,,opposite-phase C-H stretching,nu(C7-C8),bond,3.62933093366076e-08,-,-1.900556361154259e-05,0.3630078327273742
45,3038.3724645778448,,,opposite-phase C-H stretching,delta(C4-C3-H13),angle,1.5844452785982662e-08,+,1.4968711258326949e-05,0.25548143957558495
45,3038.3724645778448,,,opposite-phase C-H stretching,nu(C5-C7),bond,2.6603485432607914e-09,-,-5.646931974242625e-06,0.301414651416424
45,3038.3724645778448,,,opposite-phase C-H stretching,tau(C5-C7-O9-C8),dihedral,6.916966082543854e-10,+,3.6407245742338545e-06,0.18853454090243024
46,3061.927133008246,,,ring-site C-H stretching,nu(C4-H15),bond,70.76076492167363,+,0.8660097870678536,0.3360746833820311
46,3061.927133008246,,,ring-site C-H stretching,nu(C4-H14),bond,28.46987992069199,+,0.5451864651741828,0.3411806434515935
46,3061.927133008246,,,ring-site C-H stretching,nu(C3-C4),bond,0.18391938061730936,-,-0.047301391866970334,0.29279828908400285
46,3061.927133008246,,,ring-site C-H stretching,nu(C4-C5),bond,0.18042619057233703,-,-0.04417962430358248,0.32926413089158674
46,3061.927133008246,,,ring-site C-H stretching,nu(C1-H10),bond,0.13632597095399188,+,0.03873285850746034,0.3236744213946024
46,3061.927133008246,,,ring-site C-H stretching,delta(H14-C4-H15),angle,0.10787063666073382,-,-0.035996664654162645,0.29652928958766894
46,3061.927133008246,,,ring-site C-H stretching,nu(C1-H11),bond,0.04262870610748832,-,-0.021683907486348002,0.3229356113236915
46,3061.927133008246,,,ring-site C-H stretching,delta(O2-C3-C4),angle,0.04198250513926668,+,0.014612579141339496,0.7003312031404112
46,3061.927133008246,,,ring-site C-H stretching,tau(C1-O2-C3-C4),dihedral,0.037194515775599055,+,0.009724024470705092,1.401121193970568
46,3061.927133008246,,,ring-site C-H stretching,delta(C5-C4-H14),angle,0.012494889639659314,+,0.01275414638489622,0.27360152237173796
46,3061.927133008246,,,ring-site C-H stretching,tau(C4-C3-C7-O9),dihedral,0.008654619074710946,+,0.009443162693264427,0.3457020006406303
46,3061.927133008246,,,ring-site C-H stretching,tau(C3-C4-C5-C7),dihedral,0.006539269445007007,+,0.007317727712927561,0.4349763258740278
46,3061.927133008246,,,ring-site C-H stretching,nu(C1-H12),bond,0.0038557200496824834,+,0.0063155647917927755,0.3443261315380825
46,3061.927133008246,,,ring-site C-H stretching,"gamma(O6;C5,C4,C7)",oop,0.0016708039416047176,-,-0.007370414759445753,0.10955457412425451
46,3061.927133008246,,,ring-site C-H stretching,nu(C3-H13),bond,0.0011343592586030857,-,-0.0035492574967123393,0.32074838839996167
46,3061.927133008246,,,ring-site C-H stretching,tau(C1-O2-C3-C7),dihedral,0.0010006862346772164,+,0.0015915527136793745,1.407164111732383
46,3061.927133008246,,,ring-site C-H stretching,delta(C4-C3-H13),angle,0.0007408292884560471,-,-0.0032138369106464552,0.25548143957558495
46,3061.927133008246,,,ring-site C-H stretching,delta(C3-C4-H15),angle,0.0005897719657330776,-,-0.0030915315798309344,0.2197989584380679
46,3061.927133008246,,,ring-site C-H stretching,delta(C5-C4-H15),angle,0.0005186997251138552,-,-0.0030051272407744804,0.20458753359916523
46,3061.927133008246,,,ring-site C-H stretching,delta(O2-C1-H11),angle,0.0005124890538729977,+,0.0023114704820062716,0.3416620715716716
46,3061.927133008246,,,ring-site C-H stretching,nu(O2-C3),bond,0.00018939408790959398,+,0.0014034359460524338,0.34250751572774774
46,3061.927133008246,,,ring-site C-H stretching,delta(O2-C1-H10),angle,0.00018614937581696572,-,-0.0015482903476907754,0.27659584452157787
46,3061.927133008246,,,ring-site C-H stretching,tau(H12-C1-O2-C3),dihedral,0.00013017555780215105,+,0.0016030839799677109,0.18042876586366072
46,3061.927133008246,,,ring-site C-H stretching,nu(C5-C7),bond,0.00012584103985800418,-,-0.0012194764262965106,0.301414651416424
46,3061.927133008246,,,ring-site C-H stretching,nu(C7-C8),bond,0.00010219629640575516,+,0.0010013917758748593,0.3630078327273742
46,3061.927133008246,,,ring-site C-H stretching,nu(C8-H16),bond,9.689918335976644e-05,+,0.0009946010456412528,0.3489081977295606
46,3061.927133008246,,,ring-site C-H stretching,nu(C5-O6),bond,9.525908189846761e-05,+,0.0006210486035829716,0.8797192428027082
46,3061.927133008246,,,ring-site C-H stretching,tau(H10-C1-O2-C3),dihedral,7.415111873079377e-05,-,-0.0011840087433589023,0.18840688455367277
46,3061.927133008246,,,ring-site C-H stretching,nu(C8-H17),bond,5.9283206484234484e-05,+,0.0007745833781369669,0.35195263308227415
46,3061.927133008246,,,ring-site C-H stretching,nu(C1-O2),bond,5.5610428347206e-05,-,-0.0007726579643166636,0.3317955436623933
46,3061.927133008246,,,ring-site C-H stretching,delta(O2-C3-C7),angle,4.699018817064102e-05,-,-0.00044339659066078095,0.851356320806506
46,3061.927133008246,,,ring-site C-H stretching,nu(C7-O9),bond,4.042865707191915e-05,+,0.0007254166107042018,0.2736548837890451
46,3061.927133008246,,,ring-site C-H stretching,delta(H10-C1-H11),angle,2.6150984899658037e-05,-,-0.0005671296169257142,0.28960914653293446
46,3061.927133008246,,,ring-site C-H stretching,nu(C3-C7),bond,2.4381479251627667e-05,-,-0.00048607188605107743,0.36757665853689414
46,3061.927133008246,,,ring-site C-H stretching,delta(O2-C1-H12),angle,1.457935844423986e-05,+,0.00045291031355191495,0.25316453818387624
46,3061.927133008246,,,ring-site C-H stretching,delta(C7-C3-H13),angle,8.614386797283731e-06,-,-0.00035875571507232415,0.238405127247466
46,3061.927133008246,,,ring-site C-H stretching,delta(C1-O2-C3),angle,6.090049687165466e-06,-,-0.00029360242621354076,0.25164623392653446
46,3061.927133008246,,,ring-site C-H stretching,tau(C5-C7-O9-C8),dihedral,4.429698570554423e-06,-,-0.00028929175968045207,0.18853454090243024
46,3061.927133008246,,,ring-site C-H stretching,tau(C5-C7-C8-H17),dihedral,3.4207214342605246e-06,-,-0.00019323614106232472,0.32630961917631934
46,3061.927133008246,,,ring-site C-H stretching,delta(C3-C7-O9),angle,3.2005021576759448e-06,+,0.0001617974875403816,0.43547522975626995
46,3061.927133008246,,,ring-site C-H stretching,delta(O6-C5-C7),angle,7.270271522640497e-07,-,-8.571633547009187e-05,0.3524620139770529
46,3061.927133008246,,,ring-site C-H stretching,nu(C8-O9),bond,6.576791047168897e-07,-,-9.303989043363262e-05,0.2706228995532804
46,3061.927133008246,,,ring-site C-H stretching,delta(O9-C8-H16),angle,4.497506584022489e-07,+,8.39034235158814e-05,0.22756282881982776
46,3061.927133008246,,,ring-site C-H stretching,"gamma(H17;C8,C7,O9)",oop,2.324608924143159e-08,+,1.686546269678218e-05,0.29110003621150987
46,3061.927133008246,,,ring-site C-H stretching,"gamma(H17;C8,O9,H16)",oop,1.102447291627215e-08,-,-1.4066075734656963e-05,0.1984727154023873
47,3099.374643392999,,,in-phase ring-site C-H stretching,nu(C8-H16),bond,56.47169318493559,-,-0.7688095298516472,0.3489081977295606
47,3099.374643392999,,,in-phase ring-site C-H stretching,nu(C8-H17),bond,42.93155389827685,-,-0.6674290949609233,0.35195263308227415
47,3099.374643392999,,,in-phase ring-site C-H stretching,nu(C7-C8),bond,0.3357869096311495,+,0.05812096586186524,0.3630078327273742
47,3099.374643392999,,,in-phase ring-site C-H stretching,nu(C8-O9),bond,0.16399332225982988,+,0.047042430363554245,0.2706228995532804
47,3099.374643392999,,,in-phase ring-site C-H stretching,"gamma(H17;C8,O9,H16)",oop,0.04460157256732273,-,-0.02864729498240415,0.1984727154023873
47,3099.374643392999,,,in-phase ring-site C-H stretching,"gamma(H17;C8,C7,O9)",oop,0.03489628085516793,+,0.020923165108257497,0.29110003621150987
47,3099.374643392999,,,in-phase ring-site C-H stretching,tau(C5-C7-C8-H17),dihedral,0.0060953105414998385,+,0.008259274880445621,0.32630961917631934
47,3099.374643392999,,,in-phase ring-site C-H stretching,nu(C4-H14),bond,0.0029103553171348287,-,-0.005581356395911508,0.3411806434515935
47,3099.374643392999,,,in-phase ring-site C-H stretching,nu(C4-H15),bond,0.0024253033595376537,+,0.0051336242194259165,0.3360746833820311
47,3099.374643392999,,,in-phase ring-site C-H stretching,nu(C7-O9),bond,0.0015130876474413351,+,0.004493547960909934,0.2736548837890451
47,3099.374643392999,,,in-phase ring-site C-H stretching,delta(O9-C8-H16),angle,0.0010152771762996296,-,-0.004036459411572962,0.22756282881982776
47,3099.374643392999,,,in-phase ring-site C-H stretching,tau(C5-C7-O9-C8),dihedral,0.0008599493279829218,-,-0.00408131304155501,0.18853454090243024
47,3099.374643392999,,,in-phase ring-site C-H stretching,nu(C3-C7),bond,0.0006950320929886897,-,-0.002627770341447278,0.36757665853689414
47,3099.374643392999,,,in-phase ring-site C-H stretching,nu(C3-H13),bond,0.0006415472981985359,+,0.002702657664937944,0.32074838839996167
47,3099.374643392999,,,in-phase ring-site C-H stretching,nu(C5-C7),bond,0.0004119676931025339,-,-0.002234129485805259,0.301414651416424
47,3099.374643392999,,,in-phase ring-site C-H stretching,tau(C1-O2-C3-C7),dihedral,0.0002558078545139491,-,-0.00081478589566581,1.407164111732383
47,3099.374643392999,,,in-phase ring-site C-H stretching,tau(C4-C3-C7-O9),dihedral,0.00015891006790960143,-,-0.0012956380693814862,0.3457020006406303
47,3099.374643392999,,,in-phase ring-site C-H stretching,nu(C1-H10),bond,0.00012349977139713465,-,-0.0011804234453572802,0.3236744213946024
47,3099.374643392999,,,in-phase ring-site C-H stretching,nu(C1-H11),bond,7.850293339951069e-05,+,0.0009422017645406747,0.3229356113236915
47,3099.374643392999,,,in-phase ring-site C-H stretching,nu(C5-O6),bond,7.706050407497468e-05,-,-0.0005655914257149,0.8797192428027082
47,3099.374643392999,,,in-phase ring-site C-H stretching,delta(O2-C3-C7),angle,7.291228405372313e-05,+,0.0005592469307877096,0.851356320806506
47,3099.374643392999,,,in-phase ring-site C-H stretching,delta(O6-C5-C7),angle,6.83745181863909e-05,+,0.0008416856451142846,0.3524620139770529
47,3099.374643392999,,,in-phase ring-site C-H stretching,delta(O2-C3-C4),angle,1.7544704809473845e-05,+,0.0003024685570872067,0.7003312031404112
47,3099.374643392999,,,in-phase ring-site C-H stretching,tau(C3-C4-C5-C7),dihedral,1.2075145124766556e-05,+,0.0003183994503276599,0.4349763258740278
47,3099.374643392999,,,in-phase ring-site C-H stretching,delta(C3-C4-H15),angle,7.271904376187752e-06,-,-0.0003475923460382626,0.2197989584380679
47,3099.374643392999,,,in-phase ring-site C-H stretching,tau(C1-O2-C3-C4),dihedral,6.789700184605368e-06,-,-0.00013302901872865754,1.401121193970568
47,3099.374643392999,,,in-phase ring-site C-H stretching,nu(O2-C3),bond,6.692469880265266e-06,-,-0.0002671265774955175,0.34250751572774774
47,3099.374643392999,,,in-phase ring-site C-H stretching,delta(C3-C7-O9),angle,6.407763720499248e-06,-,-0.0002318090868773943,0.43547522975626995
47,3099.374643392999,,,in-phase ring-site C-H stretching,delta(C4-C3-H13),angle,5.386029591857558e-06,-,-0.00027746846422570823,0.25548143957558495
47,3099.374643392999,,,in-phase ring-site C-H stretching,delta(C5-C4-H15),angle,3.693638122016252e-06,-,-0.0002567713288580807,0.20458753359916523
47,3099.374643392999,,,in-phase ring-site C-H stretching,delta(C5-C4-H14),angle,1.7683217937802546e-06,+,0.00015363152270659255,0.27360152237173796
47,3099.374643392999,,,in-phase ring-site C-H stretching,nu(C1-H12),bond,1.2808767400781977e-06,+,0.00011655411685782774,0.3443261315380825
47,3099.374643392999,,,in-phase ring-site C-H stretching,delta(O2-C1-H10),angle,9.300045425014483e-07,+,0.00011080992206965299,0.27659584452157787
47,3099.374643392999,,,in-phase ring-site C-H stretching,"gamma(O6;C5,C4,C7)",oop,6.09306115061676e-07,-,-0.00014251528676318992,0.10955457412425451
47,3099.374643392999,,,in-phase ring-site C-H stretching,nu(C3-C4),bond,4.2028280001256663e-07,-,-7.240115279748917e-05,0.29279828908400285
47,3099.374643392999,,,in-phase ring-site C-H stretching,delta(C7-C3-H13),angle,2.370092603531286e-07,+,6.025371125728259e-05,0.238405127247466
47,3099.374643392999,,,in-phase ring-site C-H stretching,tau(H10-C1-O2-C3),dihedral,2.0328370268062857e-07,+,6.277140322856866e-05,0.18840688455367277
47,3099.374643392999,,,in-phase ring-site C-H stretching,nu(C4-C5),bond,1.560996777350143e-07,-,-4.160904346809069e-05,0.32926413089158674
47,3099.374643392999,,,in-phase ring-site C-H stretching,delta(O2-C1-H12),angle,1.4480076938111221e-07,-,-4.570281374732151e-05,0.25316453818387624
47,3099.374643392999,,,in-phase ring-site C-H stretching,delta(O2-C1-H11),angle,1.244481858418263e-07,-,-3.647160202357805e-05,0.3416620715716716
47,3099.374643392999,,,in-phase ring-site C-H stretching,nu(C1-O2),bond,8.017718191590321e-08,+,2.9706333986857457e-05,0.3317955436623933
47,3099.374643392999,,,in-phase ring-site C-H stretching,delta(H14-C4-H15),angle,7.145209514869793e-08,-,-2.966419897119766e-05,0.29652928958766894
47,3099.374643392999,,,in-phase ring-site C-H stretching,tau(H12-C1-O2-C3),dihedral,3.424095773135417e-08,+,2.6325643911229657e-05,0.18042876586366072
47,3099.374643392999,,,in-phase ring-site C-H stretching,delta(C1-O2-C3),angle,1.0261079475468229e-08,-,-1.2202821208093685e-05,0.25164623392653446
47,3099.374643392999,,,in-phase ring-site C-H stretching,delta(H10-C1-H11),angle,1.1656401560139248e-09,+,3.833849438212411e-06,0.28960914653293446
48,3124.1471425333684,,,mixed-phase ring-site C-H stretching,nu(C4-H14),bond,69.95043333460916,-,-0.8788681592240949,0.3411806434515935
48,3124.1471425333684,,,mixed-phase ring-site C-H stretching,nu(C4-H15),bond,28.714696058303115,+,0.5673550576180868,0.3360746833820311
48,3124.1471425333684,,,mixed-phase ring-site C-H stretching,nu(C3-H13),bond,0.302427277147669,-,-0.059600370038733926,0.32074838839996167
48,3124.1471425333684,,,mixed-phase ring-site C-H stretching,nu(C1-H12),bond,0.22951812135340321,-,-0.05011228621097493,0.3443261315380825
48,3124.1471425333684,,,mixed-phase ring-site C-H stretching,tau(C1-O2-C3-C4),dihedral,0.16390915965817102,-,-0.02099348207138163,1.401121193970568
48,3124.1471425333684,,,mixed-phase ring-site C-H stretching,delta(C3-C4-H15),angle,0.10274919587708929,-,-0.04196595578598967,0.2197989584380679
48,3124.1471425333684,,,mixed-phase ring-site C-H stretching,delta(C5-C4-H14),angle,0.09851157974895533,+,0.03683028715312741,0.27360152237173796
48,3124.1471425333684,,,mixed-phase ring-site C-H stretching,tau(C3-C4-C5-C7),dihedral,0.08646880730265573,+,0.02736639819892771,0.4349763258740278
48,3124.1471425333684,,,mixed-phase ring-site C-H stretching,delta(C5-C4-H15),angle,0.0838781700300975,-,-0.039301181622117314,0.20458753359916523
48,3124.1471425333684,,,mixed-phase ring-site C-H stretching,tau(C4-C3-C7-O9),dihedral,0.06808877804388765,+,0.027240027492375384,0.3457020006406303
48,3124.1471425333684,,,mixed-phase ring-site C-H stretching,delta(O2-C3-C4),angle,0.06749832217094648,+,0.019055285863141938,0.7003312031404112
48,3124.1471425333684,,,mixed-phase ring-site C-H stretching,delta(C4-C3-H13),angle,0.06162244611460425,-,-0.030144668163733245,0.25548143957558495
48,3124.1471425333684,,,mixed-phase ring-site C-H stretching,nu(C3-C4),bond,0.024129271255395848,+,0.01762010748841671,0.29279828908400285
48,3124.1471425333684,,,mixed-phase ring-site C-H stretching,nu(C4-C5),bond,0.017109735074296622,+,0.013991689189518259,0.32926413089158674
48,3124.1471425333684,,,mixed-phase ring-site C-H stretching,"gamma(O6;C5,C4,C7)",oop,0.011630496648807097,-,-0.01999883009189952,0.10955457412425451
48,3124.1471425333684,,,mixed-phase ring-site C-H stretching,nu(C1-H11),bond,0.0056326891462422654,+,0.008106262079498263,0.3229356113236915
48,3124.1471425333684,,,mixed-phase ring-site C-H stretching,nu(C8-H16),bond,0.003254697492997638,+,0.005928167223783042,0.3489081977295606
48,3124.1471425333684,,,mixed-phase ring-site C-H stretching,delta(H14-C4-H15),angle,0.0029688321105724863,+,0.006141574701958407,0.29652928958766894
48,3124.1471425333684,,,mixed-phase ring-site C-H stretching,nu(C8-H17),bond,0.0014688920099132263,+,0.003965277108271784,0.35195263308227415
48,3124.1471425333684,,,mixed-phase ring-site C-H stretching,tau(C1-O2-C3-C7),dihedral,0.000919255345971269,-,-0.0015687958248447717,1.407164111732383
48,3124.1471425333684,,,mixed-phase ring-site C-H stretching,delta(O2-C3-C7),angle,0.0005725978478050949,-,-0.0015918050977830763,0.851356320806506
48,3124.1471425333684,,,mixed-phase ring-site C-H stretching,delta(O2-C1-H11),angle,0.00034551147729350285,-,-0.0019518820592189497,0.3416620715716716
48,3124.1471425333684,,,mixed-phase ring-site C-H stretching,nu(C3-C7),bond,0.00030825591906973466,+,0.0017774707694100881,0.36757665853689414
48,3124.1471425333684,,,mixed-phase ring-site C-H stretching,nu(C1-H10),bond,0.00029277241367585633,+,0.0018459996074125173,0.3236744213946024
48,3124.1471425333684,,,mixed-phase ring-site C-H stretching,nu(C5-O6),bond,0.000278090725877234,-,-0.001091294395668925,0.8797192428027082
48,3124.1471425333684,,,mixed-phase ring-site C-H stretching,delta(O2-C1-H12),angle,0.00018733597769680688,+,0.0016696670529674413,0.25316453818387624
48,3124.1471425333684,,,mixed-phase ring-site C-H stretching,delta(C3-C7-O9),angle,0.00018615339795787593,-,-0.0012690375519710132,0.43547522975626995
48,3124.1471425333684,,,mixed-phase ring-site C-H stretching,delta(H10-C1-H11),angle,0.00017217788405617863,-,-0.0014965914652407628,0.28960914653293446
48,3124.1471425333684,,,mixed-phase ring-site C-H stretching,nu(O2-C3),bond,0.00017194383913245455,+,0.0013752415169185123,0.34250751572774774
48,3124.1471425333684,,,mixed-phase ring-site C-H stretching,tau(H12-C1-O2-C3),dihedral,0.0001620804366784636,-,-0.001839641201535781,0.18042876586366072
48,3124.1471425333684,,,mixed-phase ring-site C-H stretching,delta(C7-C3-H13),angle,0.00014680951364962074,+,0.0015231406969394392,0.238405127247466
48,3124.1471425333684,,,mixed-phase ring-site C-H stretching,nu(C1-O2),bond,0.00010046359257602969,+,0.0010680456014155568,0.3317955436623933
48,3124.1471425333684,,,mixed-phase ring-site C-H stretching,delta(O2-C1-H10),angle,8.754968998616296e-05,-,-0.0010920064376238093,0.27659584452157787
48,3124.1471425333684,,,mixed-phase ring-site C-H stretching,delta(O6-C5-C7),angle,1.7547047864516997e-05,+,0.0004330784652555224,0.3524620139770529
48,3124.1471425333684,,,mixed-phase ring-site C-H stretching,tau(H10-C1-O2-C3),dihedral,1.1853634324263752e-05,+,0.00048685327580727603,0.18840688455367277
48,3124.1471425333684,,,mixed-phase ring-site C-H stretching,delta(C1-O2-C3),angle,9.90806504362388e-06,+,0.0003851411517106031,0.25164623392653446
48,3124.1471425333684,,,mixed-phase ring-site C-H stretching,nu(C8-O9),bond,9.810938738482717e-06,-,-0.0003695674628197063,0.2706228995532804
48,3124.1471425333684,,,mixed-phase ring-site C-H stretching,nu(C5-C7),bond,8.795972812222844e-06,+,0.0003315740069087674,0.301414651416424
48,3124.1471425333684,,,mixed-phase ring-site C-H stretching,nu(C7-C8),bond,4.711097965484689e-06,-,-0.00022111784217316736,0.3630078327273742
48,3124.1471425333684,,,mixed-phase ring-site C-H stretching,"gamma(H17;C8,C7,O9)",oop,3.04878024374267e-06,-,-0.00019863814412070667,0.29110003621150987
48,3124.1471425333684,,,mixed-phase ring-site C-H stretching,"gamma(H17;C8,O9,H16)",oop,2.40452752822436e-06,+,0.00021364128864020875,0.1984727154023873
48,3124.1471425333684,,,mixed-phase ring-site C-H stretching,nu(C7-O9),bond,2.035209399775191e-06,-,-0.0001673877478920071,0.2736548837890451
48,3124.1471425333684,,,mixed-phase ring-site C-H stretching,tau(C5-C7-O9-C8),dihedral,1.9928118341933274e-06,-,-0.0001995530641664435,0.18853454090243024
48,3124.1471425333684,,,mixed-phase ring-site C-H stretching,tau(C5-C7-C8-H17),dihedral,1.0056226484920975e-06,+,0.00010775149454512565,0.32630961917631934
48,3124.1471425333684,,,mixed-phase ring-site C-H stretching,delta(O9-C8-H16),angle,2.4132166369314386e-08,+,1.9987948020307927e-05,0.22756282881982776
49,3126.920328771328,,,C-H stretching,nu(C1-H12),bond,92.44028941291447,+,1.005062920437041,0.3443261315380825
49,3126.920328771328,,,C-H stretching,nu(C1-H11),bond,3.43520015609761,-,-0.20006248011518654,0.3229356113236915
49,3126.920328771328,,,C-H stretching,nu(C1-H10),bond,3.3738787180701935,-,-0.19804238033804622,0.3236744213946024
49,3126.920328771328,,,C-H stretching,nu(C4-H14),bond,0.1753008901446777,-,-0.04396908855240798,0.3411806434515935
49,3126.920328771328,,,C-H stretching,delta(O2-C1-H12),angle,0.12676884434177485,-,-0.04340626564006304,0.25316453818387624
49,3126.920328771328,,,C-H stretching,tau(H10-C1-O2-C3),dihedral,0.0845068308023063,-,-0.04108138887446685,0.18840688455367277
49,3126.920328771328,,,C-H stretching,delta(O2-C1-H11),angle,0.08154393481608738,+,0.029967122385712208,0.3416620715716716
49,3126.920328771328,,,C-H stretching,delta(H10-C1-H11),angle,0.0753573483214324,+,0.031289906221472034,0.28960914653293446
49,3126.920328771328,,,C-H stretching,delta(C1-O2-C3),angle,0.06831721844800216,-,-0.03196078698307485,0.25164623392653446
49,3126.920328771328,,,C-H stretching,delta(O2-C1-H10),angle,0.06669320209892225,+,0.030120734188816146,0.27659584452157787
49,3126.920328771328,,,C-H stretching,nu(C4-H15),bond,0.054133021852439414,+,0.024618457088952394,0.3360746833820311
49,3126.920328771328,,,C-H stretching,nu(C1-O2),bond,0.012421191298187874,-,-0.011868448379241581,0.3317955436623933
49,3126.920328771328,,,C-H stretching,nu(C3-H13),bond,0.0018088294263459363,-,-0.004606426650949223,0.32074838839996167
49,3126.920328771328,,,C-H stretching,tau(C1-O2-C3-C4),dihedral,0.0012928970671516543,-,-0.0018633383323245632,1.401121193970568
49,3126.920328771328,,,C-H stretching,tau(C1-O2-C3-C7),dihedral,0.0005720025738025196,-,-0.0012367280489473487,1.407164111732383
49,3126.920328771328,,,C-H stretching,delta(C3-C4-H15),angle,0.0002725349190676979,-,-0.0021599607373042214,0.2197989584380679
49,3126.920328771328,,,C-H stretching,delta(C5-C4-H14),angle,0.00025121051390576145,+,0.0018586912120384209,0.27360152237173796
49,3126.920328771328,,,C-H stretching,delta(O2-C3-C4),angle,0.00023627847293796752,+,0.001126699064473625,0.7003312031404112
49,3126.920328771328,,,C-H stretching,tau(C3-C4-C5-C7),dihedral,0.0002232141104362648,+,0.0013895545690357125,0.4349763258740278
49,3126.920328771328,,,C-H stretching,delta(C5-C4-H15),angle,0.00018036909210373674,-,-0.001821331801243727,0.20458753359916523
49,3126.920328771328,,,C-H stretching,tau(C4-C3-C7-O9),dihedral,0.00015762968587476928,+,0.0013098321709398581,0.3457020006406303
49,3126.920328771328,,,C-H stretching,delta(C4-C3-H13),angle,0.00014225107084557708,-,-0.0014474237326740254,0.25548143957558495
49,3126.920328771328,,,C-H stretching,nu(C3-C4),bond,0.00013632044383335602,+,0.0013235605763124165,0.29279828908400285
49,3126.920328771328,,,C-H stretching,nu(C8-H17),bond,9.090796320527971e-05,+,0.0009858400302473727,0.35195263308227415
49,3126.920328771328,,,C-H stretching,nu(O2-C3),bond,8.200845106287015e-05,-,-0.0009491652855789927,0.34250751572774774
49,3126.920328771328,,,C-H stretching,nu(C4-C5),bond,4.448488454086776e-05,+,0.0007129870092474627,0.32926413089158674
49,3126.920328771328,,,C-H stretching,nu(C3-C7),bond,3.593186937026202e-05,+,0.0006064758861175493,0.36757665853689414
49,3126.920328771328,,,C-H stretching,"gamma(O6;C5,C4,C7)",oop,2.5454915977791077e-05,-,-0.00093501412315274,0.10955457412425451
49,3126.920328771328,,,C-H stretching,tau(H12-C1-O2-C3),dihedral,8.954818384675707e-06,+,0.0004321386354246063,0.18042876586366072
49,3126.920328771328,,,C-H stretching,delta(C7-C3-H13),angle,7.360366110139004e-06,+,0.0003408313283966256,0.238405127247466
49,3126.920328771328,,,C-H stretching,nu(C8-H16),bond,4.312087870947526e-06,-,-0.00021564322031804702,0.3489081977295606
49,3126.920328771328,,,C-H stretching,delta(H14-C4-H15),angle,4.299768711466529e-06,+,0.00023358037071659837,0.29652928958766894
49,3126.920328771328,,,C-H stretching,delta(O2-C3-C7),angle,3.927157761570747e-06,-,-0.00013174407302430673,0.851356320806506
49,3126.920328771328,,,C-H stretching,nu(C5-O6),bond,3.2275812804359023e-06,+,0.00011749358152418115,0.8797192428027082
49,3126.920328771328,,,C-H stretching,nu(C7-O9),bond,1.3100322903796562e-06,+,0.0001342106541179146,0.2736548837890451
49,3126.920328771328,,,C-H stretching,delta(C3-C7-O9),angle,1.2947760380906065e-06,-,-0.00010577016762907447,0.43547522975626995
49,3126.920328771328,,,C-H stretching,"gamma(H17;C8,O9,H16)",oop,5.225364527169644e-07,+,9.953033938694067e-05,0.1984727154023873
49,3126.920328771328,,,C-H stretching,tau(C5-C7-C8-H17),dihedral,4.013908514715425e-07,+,6.8032493849932e-05,0.32630961917631934
49,3126.920328771328,,,C-H stretching,"gamma(H17;C8,C7,O9)",oop,3.4899750709760294e-07,+,6.716416610890831e-05,0.29110003621150987
49,3126.920328771328,,,C-H stretching,nu(C5-C7),bond,3.040681102224735e-07,-,-6.160994943491257e-05,0.301414651416424
49,3126.920328771328,,,C-H stretching,delta(O9-C8-H16),angle,3.019559469075234e-07,+,7.065920163549064e-05,0.22756282881982776
49,3126.920328771328,,,C-H stretching,tau(C5-C7-O9-C8),dihedral,1.4641247146965816e-07,-,-5.405565900995826e-05,0.18853454090243024
49,3126.920328771328,,,C-H stretching,nu(C8-O9),bond,1.0341078404520166e-07,-,-3.791824587569335e-05,0.2706228995532804
49,3126.920328771328,,,C-H stretching,delta(O6-C5-C7),angle,6.957579475901365e-08,+,2.725338950061423e-05,0.3524620139770529
49,3126.920328771328,,,C-H stretching,nu(C7-C8),bond,2.0397090055331358e-08,-,-1.4540311246843218e-05,0.3630078327273742
50,3199.848459280659,,,opposite-phase ring-site C-H stretching,nu(C8-H17),bond,56.36639960855226,+,0.793289620818224,0.35195263308227415
50,3199.848459280659,,,opposite-phase ring-site C-H stretching,nu(C8-H16),bond,42.945997653778186,-,-0.695455738663636,0.3489081977295606
50,3199.848459280659,,,opposite-phase ring-site C-H stretching,"gamma(H17;C8,C7,O9)",oop,0.30607456452361526,+,0.06427709257655917,0.29110003621150987
50,3199.848459280659,,,opposite-phase ring-site C-H stretching,delta(O9-C8-H16),angle,0.18911941486645825,+,0.057145380617736365,0.22756282881982776
50,3199.848459280659,,,opposite-phase ring-site C-H stretching,tau(C5-C7-C8-H17),dihedral,0.08993710836189131,+,0.03290927052337432,0.32630961917631934
50,3199.848459280659,,,opposite-phase ring-site C-H stretching,tau(C5-C7-O9-C8),dihedral,0.07772312520544511,-,-0.040247915959975754,0.18853454090243024
50,3199.848459280659,,,opposite-phase ring-site C-H stretching,"gamma(H17;C8,O9,H16)",oop,0.02129760426224055,+,0.02053424335336936,0.1984727154023873
50,3199.848459280659,,,opposite-phase ring-site C-H stretching,nu(C8-O9),bond,0.0009486708177584217,-,-0.0037114125594498717,0.2706228995532804
50,3199.848459280659,,,opposite-phase ring-site C-H stretching,nu(C7-C8),bond,0.0009100273108797947,-,-0.00313857816395482,0.3630078327273742
50,3199.848459280659,,,opposite-phase ring-site C-H stretching,nu(C3-H13),bond,0.000650093376858901,-,-0.0028220802741569513,0.32074838839996167
50,3199.848459280659,,,opposite-phase ring-site C-H stretching,nu(C1-H12),bond,0.00016024434424001554,-,-0.0013522908119925445,0.3443261315380825
50,3199.848459280659,,,opposite-phase ring-site C-H stretching,nu(C1-H11),bond,0.00012249856927278293,-,-0.0012208752019307932,0.3229356113236915
50,3199.848459280659,,,opposite-phase ring-site C-H stretching,nu(C1-H10),bond,8.825115322766106e-05,-,-0.0010350700403844021,0.3236744213946024
50,3199.848459280659,,,opposite-phase ring-site C-H stretching,delta(O2-C3-C7),angle,6.804026490055724e-05,-,-0.0005603908678058995,0.851356320806506
50,3199.848459280659,,,opposite-phase ring-site C-H stretching,delta(C7-C3-H13),angle,6.199304904668523e-05,+,0.001010828403442514,0.238405127247466
50,3199.848459280659,,,opposite-phase ring-site C-H stretching,delta(C3-C7-O9),angle,6.053236508663641e-05,-,-0.0007390534126645613,0.43547522975626995
50,3199.848459280659,,,opposite-phase ring-site C-H stretching,tau(C1-O2-C3-C4),dihedral,5.7258014725148814e-05,+,0.0004007227744412696,1.401121193970568
50,3199.848459280659,,,opposite-phase ring-site C-H stretching,nu(O2-C3),bond,5.616617133128264e-05,+,0.0008027237105090044,0.34250751572774774
50,3199.848459280659,,,opposite-phase ring-site C-H stretching,nu(C3-C7),bond,4.8389169470773034e-05,+,0.0007192234768579814,0.36757665853689414
50,3199.848459280659,,,opposite-phase ring-site C-H stretching,nu(C5-O6),bond,3.457935211063266e-05,-,-0.00039300684445170637,0.8797192428027082
50,3199.848459280659,,,opposite-phase ring-site C-H stretching,nu(C4-H14),bond,2.4308129843397385e-05,-,-0.0005291116398637077,0.3411806434515935
50,3199.848459280659,,,opposite-phase ring-site C-H stretching,delta(C5-C4-H15),angle,1.7120020077228995e-05,-,-0.000573424553775692,0.20458753359916523
50,3199.848459280659,,,opposite-phase ring-site C-H stretching,tau(C1-O2-C3-C7),dihedral,1.68560635457622e-05,-,-0.00021695488767488235,1.407164111732383
50,3199.848459280659,,,opposite-phase ring-site C-H stretching,nu(C4-H15),bond,1.593070410470487e-05,+,0.00043158199710641095,0.3360746833820311
50,3199.848459280659,,,opposite-phase ring-site C-H stretching,delta(O2-C3-C4),angle,1.4830371017664328e-05,-,-0.00028846159699282676,0.7003312031404112
50,3199.848459280659,,,opposite-phase ring-site C-H stretching,delta(C5-C4-H14),angle,1.3445736851468792e-05,+,0.0004394371635310843,0.27360152237173796
50,3199.848459280659,,,opposite-phase ring-site C-H stretching,"gamma(O6;C5,C4,C7)",oop,1.2959645900220994e-05,-,-0.0006817812354606665,0.10955457412425451
50,3199.848459280659,,,opposite-phase ring-site C-H stretching,delta(C4-C3-H13),angle,1.2251520542003074e-05,+,0.00043408927189675004,0.25548143957558495
50,3199.848459280659,,,opposite-phase ring-site C-H stretching,delta(C3-C4-H15),angle,9.991767529233137e-06,+,0.0004226414419018391,0.2197989584380679
50,3199.848459280659,,,opposite-phase ring-site C-H stretching,tau(C4-C3-C7-O9),dihedral,9.929295677384264e-06,-,-0.00033594796067953426,0.3457020006406303
50,3199.848459280659,,,opposite-phase ring-site C-H stretching,nu(C1-O2),bond,6.441582768268812e-06,+,0.00027620068746163215,0.3317955436623933
50,3199.848459280659,,,opposite-phase ring-site C-H stretching,delta(C1-O2-C3),angle,6.101583475939505e-06,-,-0.00030866671136037076,0.25164623392653446
50,3199.848459280659,,,opposite-phase ring-site C-H stretching,nu(C7-O9),bond,6.0111617840488454e-06,-,-0.00029379293008619206,0.2736548837890451
50,3199.848459280659,,,opposite-phase ring-site C-H stretching,nu(C4-C5),bond,5.543021426323174e-06,+,0.0002571963501617115,0.32926413089158674
50,3199.848459280659,,,opposite-phase ring-site C-H stretching,delta(O2-C1-H11),angle,2.4503523552607247e-06,-,-0.00016787252341481668,0.3416620715716716
50,3199.848459280659,,,opposite-phase ring-site C-H stretching,delta(O2-C1-H10),angle,2.421546890307413e-06,-,-0.0001854758413544149,0.27659584452157787
50,3199.848459280659,,,opposite-phase ring-site C-H stretching,nu(C3-C4),bond,1.8546735628396356e-06,-,-0.00015776592467811503,0.29279828908400285
50,3199.848459280659,,,opposite-phase ring-site C-H stretching,nu(C5-C7),bond,1.5828061580998724e-06,-,-0.00014364662279367252,0.301414651416424
50,3199.848459280659,,,opposite-phase ring-site C-H stretching,delta(H10-C1-H11),angle,1.4256707481955536e-06,+,0.00013908081162212482,0.28960914653293446
50,3199.848459280659,,,opposite-phase ring-site C-H stretching,tau(C3-C4-C5-C7),dihedral,1.1353852257487429e-06,-,-0.00010127506786501117,0.4349763258740278
50,3199.848459280659,,,opposite-phase ring-site C-H stretching,delta(O2-C1-H12),angle,5.654606880657241e-07,-,-9.368358604456069e-05,0.25316453818387624
50,3199.848459280659,,,opposite-phase ring-site C-H stretching,tau(H12-C1-O2-C3),dihedral,5.021745784169274e-07,-,-0.00010457748817570061,0.18042876586366072
50,3199.848459280659,,,opposite-phase ring-site C-H stretching,tau(H10-C1-O2-C3),dihedral,3.592940620565177e-07,-,-8.656460858208461e-05,0.18840688455367277
50,3199.848459280659,,,opposite-phase ring-site C-H stretching,delta(O6-C5-C7),angle,1.533270971591661e-07,-,-4.1344432144857844e-05,0.3524620139770529
50,3199.848459280659,,,opposite-phase ring-site C-H stretching,delta(H14-C4-H15),angle,5.1951145459499215e-09,+,8.297122442437805e-06,0.29652928958766894
