mode,harmonic_frequency_cm-1,vpt2_fundamental_cm-1,harmonic_intensity_km_mol,assignment,internal_coordinate,type,percent,phase,D_value,F_diagonal
6,65.28691079701515,,,mixed cyclic-ring torsional/out-of-plane deformation / C-C torsion,tau(C2-C3-C4-O5),dihedral,30.080063262328828,-,-0.02842234099476185,0.15493398999329233
6,65.28691079701515,,,mixed cyclic-ring torsional/out-of-plane deformation / C-C torsion,tau(H10-C2-C3-C4),dihedral,27.941708860116922,-,-0.11354901474441106,0.00901724508707496
6,65.28691079701515,,,mixed cyclic-ring torsional/out-of-plane deformation / C-C torsion,"gamma(N9;C3,C2,C4)",oop,11.712367198874404,-,-0.010500629037717167,0.44197906466807035
6,65.28691079701515,,,mixed cyclic-ring torsional/out-of-plane deformation / C-C torsion,tau(C4-O5-C6-H14),dihedral,6.170020445856327,+,0.014791564466215315,0.11733998626181286
6,65.28691079701515,,,mixed cyclic-ring torsional/out-of-plane deformation / C-C torsion,"gamma(N9;C3,C2,H11)",oop,5.958488184572105,+,0.008803323696431173,0.319911897315103
6,65.28691079701515,,,mixed cyclic-ring torsional/out-of-plane deformation / C-C torsion,delta(C2-C3-H11),angle,4.616624427537115,+,0.005909066967753223,0.5501414560655805
6,65.28691079701515,,,mixed cyclic-ring torsional/out-of-plane deformation / C-C torsion,delta(C4-C3-H11),angle,3.6933696696160356,+,0.005578590551949606,0.4938117910383473
6,65.28691079701515,,,mixed cyclic-ring torsional/out-of-plane deformation / C-C torsion,"gamma(O1;C2,C3,H10)",oop,2.394881384148229,-,-0.009563114381574917,0.10896147127568684
6,65.28691079701515,,,mixed cyclic-ring torsional/out-of-plane deformation / C-C torsion,delta(C4-O5-C6),angle,1.6812110877487334,-,-0.003594469830459182,0.5414273760865053
6,65.28691079701515,,,mixed cyclic-ring torsional/out-of-plane deformation / C-C torsion,"gamma(N9;C3,C4,H11)",oop,1.309256105455341,+,0.0030616045649967494,0.5811845564107604
6,65.28691079701515,,,mixed cyclic-ring torsional/out-of-plane deformation / C-C torsion,delta(O1-C2-C3),angle,0.8319816975079651,+,0.003088562360727512,0.3629014258602332
6,65.28691079701515,,,mixed cyclic-ring torsional/out-of-plane deformation / C-C torsion,nu(C3-N9),bond,0.8305905003596885,+,0.0033120112239700453,0.31505836222860206
6,65.28691079701515,,,mixed cyclic-ring torsional/out-of-plane deformation / C-C torsion,delta(C3-N9-C8),angle,0.8251882978062091,-,-0.003533560896451551,0.27498914531836777
6,65.28691079701515,,,mixed cyclic-ring torsional/out-of-plane deformation / C-C torsion,"gamma(N9;C7,C6,C8)",oop,0.3671080634379494,-,-0.0010314040792212319,1.4358989750573936
6,65.28691079701515,,,mixed cyclic-ring torsional/out-of-plane deformation / C-C torsion,tau(H17-C8-N9-C3),dihedral,0.23780028100524153,-,-0.0026139466176116764,0.14481267848705123
6,65.28691079701515,,,mixed cyclic-ring torsional/out-of-plane deformation / C-C torsion,delta(N9-C7-H16),angle,0.17093369428931876,-,-0.0012910296693307837,0.4267198877605949
6,65.28691079701515,,,mixed cyclic-ring torsional/out-of-plane deformation / C-C torsion,nu(C3-C4),bond,0.15851363898205312,-,-0.00150221561156781,0.2922737052353564
6,65.28691079701515,,,mixed cyclic-ring torsional/out-of-plane deformation / C-C torsion,"gamma(N9;C8,C7,H18)",oop,0.13907617373604475,-,-0.0009884430842719157,0.5922936146637127
6,65.28691079701515,,,mixed cyclic-ring torsional/out-of-plane deformation / C-C torsion,"gamma(H15;C6,C7,H14)",oop,0.09566080093864296,-,-0.0013133108832681397,0.23077384044063307
6,65.28691079701515,,,mixed cyclic-ring torsional/out-of-plane deformation / C-C torsion,delta(O5-C6-H14),angle,0.09137391923180695,+,0.001020884376686007,0.3648016460119256
6,65.28691079701515,,,mixed cyclic-ring torsional/out-of-plane deformation / C-C torsion,delta(O5-C4-H12),angle,0.0898640815488517,-,-0.0010304408525820743,0.3521499690707172
6,65.28691079701515,,,mixed cyclic-ring torsional/out-of-plane deformation / C-C torsion,"gamma(C8;C7,C6,N9)",oop,0.08779375732534944,-,-0.0006529385208599319,0.8568537564805015
6,65.28691079701515,,,mixed cyclic-ring torsional/out-of-plane deformation / C-C torsion,nu(C4-O5),bond,0.06663444721674397,+,0.0009146364705485978,0.3314281718002575
6,65.28691079701515,,,mixed cyclic-ring torsional/out-of-plane deformation / C-C torsion,nu(C7-N9),bond,0.05640827526450862,+,0.0007836461418440435,0.38219981510192685
6,65.28691079701515,,,mixed cyclic-ring torsional/out-of-plane deformation / C-C torsion,delta(H12-C4-H13),angle,0.05605199025889248,-,-0.0009060556638747188,0.284098492946767
6,65.28691079701515,,,mixed cyclic-ring torsional/out-of-plane deformation / C-C torsion,nu(O5-C6),bond,0.046321700098111866,-,-0.000749579593872562,0.34303357664828
6,65.28691079701515,,,mixed cyclic-ring torsional/out-of-plane deformation / C-C torsion,delta(C6-C7-H16),angle,0.035941147481487794,+,0.0005352343308171287,0.522025437102308
6,65.28691079701515,,,mixed cyclic-ring torsional/out-of-plane deformation / C-C torsion,nu(C6-C7),bond,0.03551985552954589,-,-0.0006875024416164695,0.31268737896018667
6,65.28691079701515,,,mixed cyclic-ring torsional/out-of-plane deformation / C-C torsion,"gamma(H15;C6,O5,H14)",oop,0.03349874568619961,+,0.0008365197471112403,0.1991882893990281
6,65.28691079701515,,,mixed cyclic-ring torsional/out-of-plane deformation / C-C torsion,nu(C4-H13),bond,0.03277649170558809,-,-0.0006543136166815007,0.3185504336763951
6,65.28691079701515,,,mixed cyclic-ring torsional/out-of-plane deformation / C-C torsion,delta(O1-C2-H10),angle,0.031766643235999405,-,-0.0006742484912081903,0.29074952250985897
6,65.28691079701515,,,mixed cyclic-ring torsional/out-of-plane deformation / C-C torsion,nu(C4-H12),bond,0.02602838218731372,+,0.0005606476823664569,0.3445519910153448
6,65.28691079701515,,,mixed cyclic-ring torsional/out-of-plane deformation / C-C torsion,nu(C7-C8),bond,0.025545464981913055,-,-0.00052649771040977,0.3834497769963347
6,65.28691079701515,,,mixed cyclic-ring torsional/out-of-plane deformation / C-C torsion,delta(C3-C4-H12),angle,0.018799933177446573,+,0.0004994621144626324,0.313573139325566
6,65.28691079701515,,,mixed cyclic-ring torsional/out-of-plane deformation / C-C torsion,nu(C2-C3),bond,0.01665529210547548,-,-0.0005203077121125961,0.25598786529004025
6,65.28691079701515,,,mixed cyclic-ring torsional/out-of-plane deformation / C-C torsion,"gamma(H15;C6,O5,C7)",oop,0.011779360799115863,+,0.0004677438685022394,0.22402328903471713
6,65.28691079701515,,,mixed cyclic-ring torsional/out-of-plane deformation / C-C torsion,"gamma(C8;C7,N9,H16)",oop,0.011072886143968334,-,-0.00025693355891479166,0.6979218906199945
6,65.28691079701515,,,mixed cyclic-ring torsional/out-of-plane deformation / C-C torsion,nu(C2-H10),bond,0.006693107079788039,-,-0.0003044245130579108,0.3005081011048296
6,65.28691079701515,,,mixed cyclic-ring torsional/out-of-plane deformation / C-C torsion,nu(C3-H11),bond,0.002514389894913668,-,-0.00018157346299649626,0.3173332068895945
6,65.28691079701515,,,mixed cyclic-ring torsional/out-of-plane deformation / C-C torsion,delta(N9-C8-H17),angle,0.0008368251904237187,+,0.00012556236619685278,0.22085305625644952
6,65.28691079701515,,,mixed cyclic-ring torsional/out-of-plane deformation / C-C torsion,delta(O5-C4-H13),angle,0.0006288583037877607,-,-8.904054919887532e-05,0.33003864165600133
6,65.28691079701515,,,mixed cyclic-ring torsional/out-of-plane deformation / C-C torsion,delta(C7-C8-H18),angle,0.00023920423441398738,+,6.878621813809773e-05,0.21035539225769873
6,65.28691079701515,,,mixed cyclic-ring torsional/out-of-plane deformation / C-C torsion,nu(C6-H15),bond,0.00013079154395424458,+,4.1587254447350234e-05,0.3146638256816722
6,65.28691079701515,,,mixed cyclic-ring torsional/out-of-plane deformation / C-C torsion,nu(C8-H18),bond,0.00011994196476813632,-,-3.803419173419739e-05,0.3449931141630818
6,65.28691079701515,,,mixed cyclic-ring torsional/out-of-plane deformation / C-C torsion,nu(C7-H16),bond,9.665907171898334e-05,-,-3.413089598618492e-05,0.34525095819208307
6,65.28691079701515,,,mixed cyclic-ring torsional/out-of-plane deformation / C-C torsion,nu(C6-H14),bond,4.922458736962406e-05,-,-2.451695581693206e-05,0.3407506136937907
6,65.28691079701515,,,mixed cyclic-ring torsional/out-of-plane deformation / C-C torsion,nu(O1-C2),bond,1.4457445277609752e-05,+,8.3870502998628e-06,0.8551862569590472
6,65.28691079701515,,,mixed cyclic-ring torsional/out-of-plane deformation / C-C torsion,nu(C8-H17),bond,3.923881187244179e-07,-,-2.1571177755147536e-06,0.3508777138495141
7,115.09198016484638,,,mixed ring-site C-H out-of-plane bending / cyclic-ring torsional/out-of-plane deformation,tau(C4-O5-C6-H14),dihedral,39.105772566694284,-,-0.07358363792952911,0.11733998626181286
7,115.09198016484638,,,mixed ring-site C-H out-of-plane bending / cyclic-ring torsional/out-of-plane deformation,tau(C2-C3-C4-O5),dihedral,36.98349726535135,+,0.062275105578107025,0.15493398999329233
7,115.09198016484638,,,mixed ring-site C-H out-of-plane bending / cyclic-ring torsional/out-of-plane deformation,delta(C4-O5-C6),angle,6.807031427216166,+,0.014291986884760946,0.5414273760865053
7,115.09198016484638,,,mixed ring-site C-H out-of-plane bending / cyclic-ring torsional/out-of-plane deformation,tau(H10-C2-C3-C4),dihedral,5.0522674672953904,-,-0.09540915880306469,0.00901724508707496
7,115.09198016484638,,,mixed ring-site C-H out-of-plane bending / cyclic-ring torsional/out-of-plane deformation,"gamma(N9;C3,C4,H11)",oop,1.5554182680881372,-,-0.006594022150342334,0.5811845564107604
7,115.09198016484638,,,mixed ring-site C-H out-of-plane bending / cyclic-ring torsional/out-of-plane deformation,delta(C3-N9-C8),angle,1.4091916376769011,-,-0.00912454231984857,0.27498914531836777
7,115.09198016484638,,,mixed ring-site C-H out-of-plane bending / cyclic-ring torsional/out-of-plane deformation,"gamma(N9;C3,C2,H11)",oop,1.3749263483272538,+,0.008356191000928619,0.319911897315103
7,115.09198016484638,,,mixed ring-site C-H out-of-plane bending / cyclic-ring torsional/out-of-plane deformation,"gamma(N9;C7,C6,C8)",oop,1.0184202127703115,+,0.003394574926818289,1.4358989750573936
7,115.09198016484638,,,mixed ring-site C-H out-of-plane bending / cyclic-ring torsional/out-of-plane deformation,"gamma(H15;C6,C7,H14)",oop,0.832920228596038,+,0.00765759252166611,0.23077384044063307
7,115.09198016484638,,,mixed ring-site C-H out-of-plane bending / cyclic-ring torsional/out-of-plane deformation,nu(C3-C4),bond,0.8180216281917622,-,-0.006743282547988156,0.2922737052353564
7,115.09198016484638,,,mixed ring-site C-H out-of-plane bending / cyclic-ring torsional/out-of-plane deformation,delta(O1-C2-C3),angle,0.7131022530990888,+,0.0056502205942541945,0.3629014258602332
7,115.09198016484638,,,mixed ring-site C-H out-of-plane bending / cyclic-ring torsional/out-of-plane deformation,delta(C6-C7-H16),angle,0.6785503715775799,-,-0.004595460634307969,0.522025437102308
7,115.09198016484638,,,mixed ring-site C-H out-of-plane bending / cyclic-ring torsional/out-of-plane deformation,delta(O5-C4-H13),angle,0.644591352413683,+,0.005633050940654276,0.33003864165600133
7,115.09198016484638,,,mixed ring-site C-H out-of-plane bending / cyclic-ring torsional/out-of-plane deformation,"gamma(N9;C3,C2,C4)",oop,0.5822712122782081,-,-0.004626426287080738,0.44197906466807035
7,115.09198016484638,,,mixed ring-site C-H out-of-plane bending / cyclic-ring torsional/out-of-plane deformation,tau(H17-C8-N9-C3),dihedral,0.3990704542683902,+,0.006691220338284576,0.14481267848705123
7,115.09198016484638,,,mixed ring-site C-H out-of-plane bending / cyclic-ring torsional/out-of-plane deformation,delta(O5-C6-H14),angle,0.38475133732699823,-,-0.0041394773549137545,0.3648016460119256
7,115.09198016484638,,,mixed ring-site C-H out-of-plane bending / cyclic-ring torsional/out-of-plane deformation,"gamma(C8;C7,N9,H16)",oop,0.3046668620358793,+,0.002663134104543682,0.6979218906199945
7,115.09198016484638,,,mixed ring-site C-H out-of-plane bending / cyclic-ring torsional/out-of-plane deformation,delta(C3-C4-H12),angle,0.21683572657033218,+,0.003351813374182525,0.313573139325566
7,115.09198016484638,,,mixed ring-site C-H out-of-plane bending / cyclic-ring torsional/out-of-plane deformation,delta(O5-C4-H12),angle,0.19753605392006662,-,-0.00301886155226961,0.3521499690707172
7,115.09198016484638,,,mixed ring-site C-H out-of-plane bending / cyclic-ring torsional/out-of-plane deformation,"gamma(H15;C6,O5,C7)",oop,0.18079804672259064,-,-0.0036210466448927258,0.22402328903471713
7,115.09198016484638,,,mixed ring-site C-H out-of-plane bending / cyclic-ring torsional/out-of-plane deformation,delta(C2-C3-H11),angle,0.17897214934600042,-,-0.0022990021493904406,0.5501414560655805
7,115.09198016484638,,,mixed ring-site C-H out-of-plane bending / cyclic-ring torsional/out-of-plane deformation,nu(C4-O5),bond,0.15715407680268512,+,0.0027755685124210643,0.3314281718002575
7,115.09198016484638,,,mixed ring-site C-H out-of-plane bending / cyclic-ring torsional/out-of-plane deformation,nu(C6-C7),bond,0.13289394526655854,+,0.002627733138365465,0.31268737896018667
7,115.09198016484638,,,mixed ring-site C-H out-of-plane bending / cyclic-ring torsional/out-of-plane deformation,delta(C7-C8-H18),angle,0.0681659506113215,+,0.0022945142535907427,0.21035539225769873
7,115.09198016484638,,,mixed ring-site C-H out-of-plane bending / cyclic-ring torsional/out-of-plane deformation,delta(H12-C4-H13),angle,0.0452712593256016,-,-0.0016090170996427905,0.284098492946767
7,115.09198016484638,,,mixed ring-site C-H out-of-plane bending / cyclic-ring torsional/out-of-plane deformation,nu(C4-H13),bond,0.021907290059714465,-,-0.0010570342648214836,0.3185504336763951
7,115.09198016484638,,,mixed ring-site C-H out-of-plane bending / cyclic-ring torsional/out-of-plane deformation,nu(C8-H18),bond,0.018573302732652407,-,-0.0009352402557884561,0.3449931141630818
7,115.09198016484638,,,mixed ring-site C-H out-of-plane bending / cyclic-ring torsional/out-of-plane deformation,nu(C3-N9),bond,0.01756438222737242,+,0.0009517103029658707,0.31505836222860206
7,115.09198016484638,,,mixed ring-site C-H out-of-plane bending / cyclic-ring torsional/out-of-plane deformation,nu(C7-N9),bond,0.012133828418221174,-,-0.0007181869759609387,0.38219981510192685
7,115.09198016484638,,,mixed ring-site C-H out-of-plane bending / cyclic-ring torsional/out-of-plane deformation,"gamma(N9;C8,C7,H18)",oop,0.01200292536120478,-,-0.0005737977806394603,0.5922936146637127
7,115.09198016484638,,,mixed ring-site C-H out-of-plane bending / cyclic-ring torsional/out-of-plane deformation,"gamma(H15;C6,O5,H14)",oop,0.011757107991772438,-,-0.0009792694122041634,0.1991882893990281
7,115.09198016484638,,,mixed ring-site C-H out-of-plane bending / cyclic-ring torsional/out-of-plane deformation,"gamma(O1;C2,C3,H10)",oop,0.011713641001059606,-,-0.0013215795572181,0.10896147127568684
7,115.09198016484638,,,mixed ring-site C-H out-of-plane bending / cyclic-ring torsional/out-of-plane deformation,nu(O5-C6),bond,0.01151822801593942,+,0.0007385983902044924,0.34303357664828
7,115.09198016484638,,,mixed ring-site C-H out-of-plane bending / cyclic-ring torsional/out-of-plane deformation,nu(C3-H11),bond,0.010239000633533352,+,0.0007240271656841287,0.3173332068895945
7,115.09198016484638,,,mixed ring-site C-H out-of-plane bending / cyclic-ring torsional/out-of-plane deformation,delta(C4-C3-H11),angle,0.009025325664717922,-,-0.0005449222607693962,0.4938117910383473
7,115.09198016484638,,,mixed ring-site C-H out-of-plane bending / cyclic-ring torsional/out-of-plane deformation,nu(C2-C3),bond,0.006424668469879391,-,-0.0006385567620536354,0.25598786529004025
7,115.09198016484638,,,mixed ring-site C-H out-of-plane bending / cyclic-ring torsional/out-of-plane deformation,nu(O1-C2),bond,0.003037587338333429,-,-0.00024022481473464675,0.8551862569590472
7,115.09198016484638,,,mixed ring-site C-H out-of-plane bending / cyclic-ring torsional/out-of-plane deformation,nu(C6-H14),bond,0.0027720042385729633,+,0.00036354858479455674,0.3407506136937907
7,115.09198016484638,,,mixed ring-site C-H out-of-plane bending / cyclic-ring torsional/out-of-plane deformation,nu(C4-H12),bond,0.002183869684201304,+,0.00032090007203736305,0.3445519910153448
7,115.09198016484638,,,mixed ring-site C-H out-of-plane bending / cyclic-ring torsional/out-of-plane deformation,"gamma(C8;C7,C6,N9)",oop,0.0021059021639376722,+,0.0001998248886446982,0.8568537564805015
7,115.09198016484638,,,mixed ring-site C-H out-of-plane bending / cyclic-ring torsional/out-of-plane deformation,delta(O1-C2-H10),angle,0.0015663779276555358,+,0.0002958507053193992,0.29074952250985897
7,115.09198016484638,,,mixed ring-site C-H out-of-plane bending / cyclic-ring torsional/out-of-plane deformation,nu(C7-H16),bond,0.0008746414607624046,+,0.00020287634900648203,0.34525095819208307
7,115.09198016484638,,,mixed ring-site C-H out-of-plane bending / cyclic-ring torsional/out-of-plane deformation,delta(N9-C7-H16),angle,0.000803120391145283,-,-0.0001748649310700291,0.4267198877605949
7,115.09198016484638,,,mixed ring-site C-H out-of-plane bending / cyclic-ring torsional/out-of-plane deformation,nu(C2-H10),bond,0.0005601772426396137,-,-0.00017402773802642783,0.3005081011048296
7,115.09198016484638,,,mixed ring-site C-H out-of-plane bending / cyclic-ring torsional/out-of-plane deformation,nu(C8-H17),bond,0.000421386198254063,-,-0.00013968381822314653,0.3508777138495141
7,115.09198016484638,,,mixed ring-site C-H out-of-plane bending / cyclic-ring torsional/out-of-plane deformation,nu(C7-C8),bond,0.0003690360019654627,-,-0.00012504431743217561,0.3834497769963347
7,115.09198016484638,,,mixed ring-site C-H out-of-plane bending / cyclic-ring torsional/out-of-plane deformation,delta(N9-C8-H17),angle,0.0002561283296825907,-,-0.00013726535530960072,0.22085305625644952
7,115.09198016484638,,,mixed ring-site C-H out-of-plane bending / cyclic-ring torsional/out-of-plane deformation,nu(C6-H15),bond,9.196667417610183e-05,-,-6.890895565945459e-05,0.3146638256816722
8,189.76071346285184,,,mixed cyclic-ring out-of-plane deformation / cyclic-ring torsional/out-of-plane deformation,tau(C2-C3-C4-O5),dihedral,23.681237874665186,+,0.05680669713721695,0.15493398999329233
8,189.76071346285184,,,mixed cyclic-ring out-of-plane deformation / cyclic-ring torsional/out-of-plane deformation,"gamma(N9;C3,C2,C4)",oop,21.94149274100192,+,0.032374489412126346,0.44197906466807035
8,189.76071346285184,,,mixed cyclic-ring out-of-plane deformation / cyclic-ring torsional/out-of-plane deformation,"gamma(N9;C3,C2,H11)",oop,13.007872607108801,-,-0.02929939370094169,0.319911897315103
8,189.76071346285184,,,mixed cyclic-ring out-of-plane deformation / cyclic-ring torsional/out-of-plane deformation,delta(C3-N9-C8),angle,11.230738425568553,+,0.029364125548699334,0.27498914531836777
8,189.76071346285184,,,mixed cyclic-ring out-of-plane deformation / cyclic-ring torsional/out-of-plane deformation,delta(O1-C2-C3),angle,10.881695521739118,-,-0.025160811227016668,0.3629014258602332
8,189.76071346285184,,,mixed cyclic-ring out-of-plane deformation / cyclic-ring torsional/out-of-plane deformation,tau(H10-C2-C3-C4),dihedral,5.332538721580428,-,-0.11173796655625119,0.00901724508707496
8,189.76071346285184,,,mixed cyclic-ring out-of-plane deformation / cyclic-ring torsional/out-of-plane deformation,tau(H17-C8-N9-C3),dihedral,4.74087790174514,+,0.026290375178893394,0.14481267848705123
8,189.76071346285184,,,mixed cyclic-ring out-of-plane deformation / cyclic-ring torsional/out-of-plane deformation,"gamma(C8;C7,C6,N9)",oop,1.485849892516076,+,0.006050688674924788,0.8568537564805015
8,189.76071346285184,,,mixed cyclic-ring out-of-plane deformation / cyclic-ring torsional/out-of-plane deformation,"gamma(N9;C7,C6,C8)",oop,1.001390231750164,+,0.0038371645569615295,1.4358989750573936
8,189.76071346285184,,,mixed cyclic-ring out-of-plane deformation / cyclic-ring torsional/out-of-plane deformation,delta(C4-O5-C6),angle,0.8473628918619219,-,-0.0057482454840879875,0.5414273760865053
8,189.76071346285184,,,mixed cyclic-ring out-of-plane deformation / cyclic-ring torsional/out-of-plane deformation,delta(C2-C3-H11),angle,0.8180893412350251,-,-0.005603170948122664,0.5501414560655805
8,189.76071346285184,,,mixed cyclic-ring out-of-plane deformation / cyclic-ring torsional/out-of-plane deformation,nu(C2-C3),bond,0.6557732304842954,-,-0.007354240776620565,0.25598786529004025
8,189.76071346285184,,,mixed cyclic-ring out-of-plane deformation / cyclic-ring torsional/out-of-plane deformation,nu(C3-C4),bond,0.6299628990318743,-,-0.006745797584977403,0.2922737052353564
8,189.76071346285184,,,mixed cyclic-ring out-of-plane deformation / cyclic-ring torsional/out-of-plane deformation,nu(C7-N9),bond,0.5325958161296303,+,0.005424058072856671,0.38219981510192685
8,189.76071346285184,,,mixed cyclic-ring out-of-plane deformation / cyclic-ring torsional/out-of-plane deformation,"gamma(C8;C7,N9,H16)",oop,0.5045434858775016,-,-0.003906758657762077,0.6979218906199945
8,189.76071346285184,,,mixed cyclic-ring out-of-plane deformation / cyclic-ring torsional/out-of-plane deformation,tau(C4-O5-C6-H14),dihedral,0.4385555498822043,+,0.008883006520553594,0.11733998626181286
8,189.76071346285184,,,mixed cyclic-ring out-of-plane deformation / cyclic-ring torsional/out-of-plane deformation,nu(C4-O5),bond,0.3107878249178093,-,-0.004449466892729419,0.3314281718002575
8,189.76071346285184,,,mixed cyclic-ring out-of-plane deformation / cyclic-ring torsional/out-of-plane deformation,delta(N9-C8-H17),angle,0.28920952956054663,-,-0.005258056935839413,0.22085305625644952
8,189.76071346285184,,,mixed cyclic-ring out-of-plane deformation / cyclic-ring torsional/out-of-plane deformation,nu(O1-C2),bond,0.20772028567426837,+,0.0022645389285872253,0.8551862569590472
8,189.76071346285184,,,mixed cyclic-ring out-of-plane deformation / cyclic-ring torsional/out-of-plane deformation,nu(C6-C7),bond,0.17801543798621927,+,0.00346692422248959,0.31268737896018667
8,189.76071346285184,,,mixed cyclic-ring out-of-plane deformation / cyclic-ring torsional/out-of-plane deformation,delta(N9-C7-H16),angle,0.17606784162110398,+,0.0029514760935648917,0.4267198877605949
8,189.76071346285184,,,mixed cyclic-ring out-of-plane deformation / cyclic-ring torsional/out-of-plane deformation,"gamma(H15;C6,C7,H14)",oop,0.13307595608007874,+,0.00348921073954197,0.23077384044063307
8,189.76071346285184,,,mixed cyclic-ring out-of-plane deformation / cyclic-ring torsional/out-of-plane deformation,"gamma(H15;C6,O5,C7)",oop,0.12220690017170598,+,0.003393688457113669,0.22402328903471713
8,189.76071346285184,,,mixed cyclic-ring out-of-plane deformation / cyclic-ring torsional/out-of-plane deformation,"gamma(O1;C2,C3,H10)",oop,0.11734436560995011,+,0.004768319341677679,0.10896147127568684
8,189.76071346285184,,,mixed cyclic-ring out-of-plane deformation / cyclic-ring torsional/out-of-plane deformation,delta(O1-C2-H10),angle,0.11010882826368124,+,0.0028276278937115814,0.29074952250985897
8,189.76071346285184,,,mixed cyclic-ring out-of-plane deformation / cyclic-ring torsional/out-of-plane deformation,delta(C6-C7-H16),angle,0.1050750181292908,+,0.002061458497290576,0.522025437102308
8,189.76071346285184,,,mixed cyclic-ring out-of-plane deformation / cyclic-ring torsional/out-of-plane deformation,"gamma(N9;C8,C7,H18)",oop,0.0850768938657489,+,0.0017414378484324983,0.5922936146637127
8,189.76071346285184,,,mixed cyclic-ring out-of-plane deformation / cyclic-ring torsional/out-of-plane deformation,"gamma(N9;C3,C4,H11)",oop,0.08035872585623255,-,-0.0017085597852920756,0.5811845564107604
8,189.76071346285184,,,mixed cyclic-ring out-of-plane deformation / cyclic-ring torsional/out-of-plane deformation,delta(O5-C4-H12),angle,0.06377016598950824,+,0.001955310075590609,0.3521499690707172
8,189.76071346285184,,,mixed cyclic-ring out-of-plane deformation / cyclic-ring torsional/out-of-plane deformation,delta(C3-C4-H12),angle,0.05418643016145056,-,-0.0019100579116089363,0.313573139325566
8,189.76071346285184,,,mixed cyclic-ring out-of-plane deformation / cyclic-ring torsional/out-of-plane deformation,delta(O5-C4-H13),angle,0.04711846406710713,+,0.0017361364647746817,0.33003864165600133
8,189.76071346285184,,,mixed cyclic-ring out-of-plane deformation / cyclic-ring torsional/out-of-plane deformation,"gamma(H15;C6,O5,H14)",oop,0.03579867062559058,-,-0.0019479250407925435,0.1991882893990281
8,189.76071346285184,,,mixed cyclic-ring out-of-plane deformation / cyclic-ring torsional/out-of-plane deformation,delta(O5-C6-H14),angle,0.03402696580728338,+,0.0014033109353372127,0.3648016460119256
8,189.76071346285184,,,mixed cyclic-ring out-of-plane deformation / cyclic-ring torsional/out-of-plane deformation,nu(O5-C6),bond,0.02923874033376459,-,-0.0013414722870206863,0.34303357664828
8,189.76071346285184,,,mixed cyclic-ring out-of-plane deformation / cyclic-ring torsional/out-of-plane deformation,delta(H12-C4-H13),angle,0.028020572684701987,-,-0.0014430279079284008,0.284098492946767
8,189.76071346285184,,,mixed cyclic-ring out-of-plane deformation / cyclic-ring torsional/out-of-plane deformation,nu(C3-H11),bond,0.024236140719224458,+,0.0012698273129280956,0.3173332068895945
8,189.76071346285184,,,mixed cyclic-ring out-of-plane deformation / cyclic-ring torsional/out-of-plane deformation,nu(C2-H10),bond,0.012346487987470277,-,-0.0009313530019740538,0.3005081011048296
8,189.76071346285184,,,mixed cyclic-ring out-of-plane deformation / cyclic-ring torsional/out-of-plane deformation,nu(C3-N9),bond,0.007848412256265492,+,0.0007252138504770167,0.31505836222860206
8,189.76071346285184,,,mixed cyclic-ring out-of-plane deformation / cyclic-ring torsional/out-of-plane deformation,delta(C7-C8-H18),angle,0.00768121378978321,-,-0.0008780288652549917,0.21035539225769873
8,189.76071346285184,,,mixed cyclic-ring out-of-plane deformation / cyclic-ring torsional/out-of-plane deformation,delta(C4-C3-H11),angle,0.004867364454634045,-,-0.00045618068924104037,0.4938117910383473
8,189.76071346285184,,,mixed cyclic-ring out-of-plane deformation / cyclic-ring torsional/out-of-plane deformation,nu(C4-H12),bond,0.0019690360201469236,-,-0.00034735226909162885,0.3445519910153448
8,189.76071346285184,,,mixed cyclic-ring out-of-plane deformation / cyclic-ring torsional/out-of-plane deformation,nu(C7-C8),bond,0.0017920048756075745,-,-0.00031411309388436543,0.3834497769963347
8,189.76071346285184,,,mixed cyclic-ring out-of-plane deformation / cyclic-ring torsional/out-of-plane deformation,nu(C8-H17),bond,0.0007982025587325694,+,0.00021915397750098115,0.3508777138495141
8,189.76071346285184,,,mixed cyclic-ring out-of-plane deformation / cyclic-ring torsional/out-of-plane deformation,nu(C4-H13),bond,0.00037210752974934947,+,0.00015704200107496212,0.3185504336763951
8,189.76071346285184,,,mixed cyclic-ring out-of-plane deformation / cyclic-ring torsional/out-of-plane deformation,nu(C7-H16),bond,0.00017207473675399167,-,-0.0001025797892273734,0.34525095819208307
8,189.76071346285184,,,mixed cyclic-ring out-of-plane deformation / cyclic-ring torsional/out-of-plane deformation,nu(C8-H18),bond,6.857514331796714e-05,+,6.47811778755401e-05,0.3449931141630818
8,189.76071346285184,,,mixed cyclic-ring out-of-plane deformation / cyclic-ring torsional/out-of-plane deformation,nu(C6-H14),bond,4.123489668120631e-05,-,-5.0545770805964214e-05,0.3407506136937907
8,189.76071346285184,,,mixed cyclic-ring out-of-plane deformation / cyclic-ring torsional/out-of-plane deformation,nu(C6-H15),bond,2.2395447761307424e-05,+,3.8763872589151354e-05,0.3146638256816722
9,223.4687374600432,,,mixed cyclic-ring out-of-plane deformation / ring-site C-H out-of-plane bending / cyclic-ring deformation (C-N-C bend),tau(C4-O5-C6-H14),dihedral,22.8109070301009,+,0.09682871928019486,0.11733998626181286
9,223.4687374600432,,,mixed cyclic-ring out-of-plane deformation / ring-site C-H out-of-plane bending / cyclic-ring deformation (C-N-C bend),delta(C3-N9-C8),angle,19.57203260043612,+,0.05858900418671604,0.27498914531836777
9,223.4687374600432,,,mixed cyclic-ring out-of-plane deformation / ring-site C-H out-of-plane bending / cyclic-ring deformation (C-N-C bend),"gamma(N9;C3,C2,C4)",oop,14.229131788038904,+,0.03940436003525309,0.44197906466807035
9,223.4687374600432,,,mixed cyclic-ring out-of-plane deformation / ring-site C-H out-of-plane bending / cyclic-ring deformation (C-N-C bend),delta(C2-C3-H11),angle,8.115547281440083,-,-0.02667335510322677,0.5501414560655805
9,223.4687374600432,,,mixed cyclic-ring out-of-plane deformation / ring-site C-H out-of-plane bending / cyclic-ring deformation (C-N-C bend),"gamma(N9;C3,C4,H11)",oop,6.178974947421183,-,-0.022644206743568897,0.5811845564107604
9,223.4687374600432,,,mixed cyclic-ring out-of-plane deformation / ring-site C-H out-of-plane bending / cyclic-ring deformation (C-N-C bend),"gamma(N9;C3,C2,H11)",oop,5.217723525925738,+,0.02804666729899985,0.319911897315103
9,223.4687374600432,,,mixed cyclic-ring out-of-plane deformation / ring-site C-H out-of-plane bending / cyclic-ring deformation (C-N-C bend),delta(O1-C2-C3),angle,4.605788712320533,+,0.024740791832590148,0.3629014258602332
9,223.4687374600432,,,mixed cyclic-ring out-of-plane deformation / ring-site C-H out-of-plane bending / cyclic-ring deformation (C-N-C bend),tau(C2-C3-C4-O5),dihedral,2.550688661849923,+,0.028178073659732242,0.15493398999329233
9,223.4687374600432,,,mixed cyclic-ring out-of-plane deformation / ring-site C-H out-of-plane bending / cyclic-ring deformation (C-N-C bend),delta(C4-C3-H11),angle,2.520165641764281,-,-0.01568880056408057,0.4938117910383473
9,223.4687374600432,,,mixed cyclic-ring out-of-plane deformation / ring-site C-H out-of-plane bending / cyclic-ring deformation (C-N-C bend),tau(H10-C2-C3-C4),dihedral,2.321109112794047,-,-0.11142092723320914,0.00901724508707496
9,223.4687374600432,,,mixed cyclic-ring out-of-plane deformation / ring-site C-H out-of-plane bending / cyclic-ring deformation (C-N-C bend),"gamma(C8;C7,C6,N9)",oop,2.1935120298602597,+,0.011111497289595554,0.8568537564805015
9,223.4687374600432,,,mixed cyclic-ring out-of-plane deformation / ring-site C-H out-of-plane bending / cyclic-ring deformation (C-N-C bend),delta(C4-O5-C6),angle,1.9993874559741853,-,-0.013345483198555271,0.5414273760865053
9,223.4687374600432,,,mixed cyclic-ring out-of-plane deformation / ring-site C-H out-of-plane bending / cyclic-ring deformation (C-N-C bend),delta(C6-C7-H16),angle,1.5945990683113458,+,0.012137684571784404,0.522025437102308
9,223.4687374600432,,,mixed cyclic-ring out-of-plane deformation / ring-site C-H out-of-plane bending / cyclic-ring deformation (C-N-C bend),"gamma(C8;C7,N9,H16)",oop,1.1241826702568871,-,-0.008813957657435735,0.6979218906199945
9,223.4687374600432,,,mixed cyclic-ring out-of-plane deformation / ring-site C-H out-of-plane bending / cyclic-ring deformation (C-N-C bend),"gamma(N9;C8,C7,H18)",oop,0.9716603480125903,+,0.008894973153931307,0.5922936146637127
9,223.4687374600432,,,mixed cyclic-ring out-of-plane deformation / ring-site C-H out-of-plane bending / cyclic-ring deformation (C-N-C bend),delta(N9-C7-H16),angle,0.5829227755644317,+,0.008116896288294323,0.4267198877605949
9,223.4687374600432,,,mixed cyclic-ring out-of-plane deformation / ring-site C-H out-of-plane bending / cyclic-ring deformation (C-N-C bend),nu(C4-O5),bond,0.48118709636552653,+,0.008367933161700087,0.3314281718002575
9,223.4687374600432,,,mixed cyclic-ring out-of-plane deformation / ring-site C-H out-of-plane bending / cyclic-ring deformation (C-N-C bend),"gamma(O1;C2,C3,H10)",oop,0.46140961153066057,+,0.014291004830459038,0.10896147127568684
9,223.4687374600432,,,mixed cyclic-ring out-of-plane deformation / ring-site C-H out-of-plane bending / cyclic-ring deformation (C-N-C bend),"gamma(N9;C7,C6,C8)",oop,0.37216443286270556,-,-0.0035355860944913733,1.4358989750573936
9,223.4687374600432,,,mixed cyclic-ring out-of-plane deformation / ring-site C-H out-of-plane bending / cyclic-ring deformation (C-N-C bend),"gamma(H15;C6,C7,H14)",oop,0.3189110438927657,-,-0.008163895138030106,0.23077384044063307
9,223.4687374600432,,,mixed cyclic-ring out-of-plane deformation / ring-site C-H out-of-plane bending / cyclic-ring deformation (C-N-C bend),nu(C7-N9),bond,0.3075405851393074,-,-0.006229625060490099,0.38219981510192685
9,223.4687374600432,,,mixed cyclic-ring out-of-plane deformation / ring-site C-H out-of-plane bending / cyclic-ring deformation (C-N-C bend),"gamma(H15;C6,O5,C7)",oop,0.25405518547496886,+,0.007395599325635943,0.22402328903471713
9,223.4687374600432,,,mixed cyclic-ring out-of-plane deformation / ring-site C-H out-of-plane bending / cyclic-ring deformation (C-N-C bend),delta(O5-C6-H14),angle,0.2102443074310777,+,0.005272173029955537,0.3648016460119256
9,223.4687374600432,,,mixed cyclic-ring out-of-plane deformation / ring-site C-H out-of-plane bending / cyclic-ring deformation (C-N-C bend),delta(N9-C8-H17),angle,0.17290434524803183,-,-0.006144791819579571,0.22085305625644952
9,223.4687374600432,,,mixed cyclic-ring out-of-plane deformation / ring-site C-H out-of-plane bending / cyclic-ring deformation (C-N-C bend),delta(C7-C8-H18),angle,0.1644716164645585,-,-0.00614079476322462,0.21035539225769873
9,223.4687374600432,,,mixed cyclic-ring out-of-plane deformation / ring-site C-H out-of-plane bending / cyclic-ring deformation (C-N-C bend),delta(H12-C4-H13),angle,0.1486266551140502,+,0.0050230767491769345,0.284098492946767
9,223.4687374600432,,,mixed cyclic-ring out-of-plane deformation / ring-site C-H out-of-plane bending / cyclic-ring deformation (C-N-C bend),nu(C2-C3),bond,0.09740546599081373,+,0.004283885966204233,0.25598786529004025
9,223.4687374600432,,,mixed cyclic-ring out-of-plane deformation / ring-site C-H out-of-plane bending / cyclic-ring deformation (C-N-C bend),delta(O5-C4-H13),angle,0.09016091168454356,-,-0.0036297998526021668,0.33003864165600133
9,223.4687374600432,,,mixed cyclic-ring out-of-plane deformation / ring-site C-H out-of-plane bending / cyclic-ring deformation (C-N-C bend),delta(O1-C2-H10),angle,0.08265031914647086,-,-0.0037027013913012276,0.29074952250985897
9,223.4687374600432,,,mixed cyclic-ring out-of-plane deformation / ring-site C-H out-of-plane bending / cyclic-ring deformation (C-N-C bend),nu(C7-C8),bond,0.06059015464569113,+,0.0027605950989672357,0.3834497769963347
9,223.4687374600432,,,mixed cyclic-ring out-of-plane deformation / ring-site C-H out-of-plane bending / cyclic-ring deformation (C-N-C bend),nu(C3-H11),bond,0.05133439289321817,+,0.0027932022403281244,0.3173332068895945
9,223.4687374600432,,,mixed cyclic-ring out-of-plane deformation / ring-site C-H out-of-plane bending / cyclic-ring deformation (C-N-C bend),nu(C6-C7),bond,0.03511547939768757,-,-0.0023272875795968227,0.31268737896018667
9,223.4687374600432,,,mixed cyclic-ring out-of-plane deformation / ring-site C-H out-of-plane bending / cyclic-ring deformation (C-N-C bend),delta(C3-C4-H12),angle,0.032568084091682395,+,0.0022381160687897027,0.313573139325566
9,223.4687374600432,,,mixed cyclic-ring out-of-plane deformation / ring-site C-H out-of-plane bending / cyclic-ring deformation (C-N-C bend),tau(H17-C8-N9-C3),dihedral,0.019254515505531762,+,0.002532322018856328,0.14481267848705123
9,223.4687374600432,,,mixed cyclic-ring out-of-plane deformation / ring-site C-H out-of-plane bending / cyclic-ring deformation (C-N-C bend),nu(C3-N9),bond,0.012106629908423993,+,0.0013613570809649052,0.31505836222860206
9,223.4687374600432,,,mixed cyclic-ring out-of-plane deformation / ring-site C-H out-of-plane bending / cyclic-ring deformation (C-N-C bend),nu(C4-H12),bond,0.008457360921049052,+,0.0010880427947653213,0.3445519910153448
9,223.4687374600432,,,mixed cyclic-ring out-of-plane deformation / ring-site C-H out-of-plane bending / cyclic-ring deformation (C-N-C bend),delta(O5-C4-H12),angle,0.00800306658232861,-,-0.0010469364361245868,0.3521499690707172
9,223.4687374600432,,,mixed cyclic-ring out-of-plane deformation / ring-site C-H out-of-plane bending / cyclic-ring deformation (C-N-C bend),nu(C3-C4),bond,0.005227865712183469,-,-0.0009288022652974063,0.2922737052353564
9,223.4687374600432,,,mixed cyclic-ring out-of-plane deformation / ring-site C-H out-of-plane bending / cyclic-ring deformation (C-N-C bend),nu(O5-C6),bond,0.004638635511318403,+,0.0008075747569299636,0.34303357664828
9,223.4687374600432,,,mixed cyclic-ring out-of-plane deformation / ring-site C-H out-of-plane bending / cyclic-ring deformation (C-N-C bend),nu(C8-H18),bond,0.004280114203493995,+,0.0007735321913481882,0.3449931141630818
9,223.4687374600432,,,mixed cyclic-ring out-of-plane deformation / ring-site C-H out-of-plane bending / cyclic-ring deformation (C-N-C bend),nu(O1-C2),bond,0.0016348695601312768,-,-0.0003036456922336914,0.8551862569590472
9,223.4687374600432,,,mixed cyclic-ring out-of-plane deformation / ring-site C-H out-of-plane bending / cyclic-ring deformation (C-N-C bend),nu(C2-H10),bond,0.00152417350409703,+,0.0004945896668032501,0.3005081011048296
9,223.4687374600432,,,mixed cyclic-ring out-of-plane deformation / ring-site C-H out-of-plane bending / cyclic-ring deformation (C-N-C bend),nu(C6-H15),bond,0.0012678090430420792,-,-0.00044081812222780816,0.3146638256816722
9,223.4687374600432,,,mixed cyclic-ring out-of-plane deformation / ring-site C-H out-of-plane bending / cyclic-ring deformation (C-N-C bend),"gamma(H15;C6,O5,H14)",oop,0.001258244191238883,-,-0.00055195858547242,0.1991882893990281
9,223.4687374600432,,,mixed cyclic-ring out-of-plane deformation / ring-site C-H out-of-plane bending / cyclic-ring deformation (C-N-C bend),nu(C8-H17),bond,0.0011892641520019297,+,0.0004043125280689478,0.3508777138495141
9,223.4687374600432,,,mixed cyclic-ring out-of-plane deformation / ring-site C-H out-of-plane bending / cyclic-ring deformation (C-N-C bend),nu(C6-H14),bond,0.0011181780738064098,-,-0.0003978259326221044,0.3407506136937907
9,223.4687374600432,,,mixed cyclic-ring out-of-plane deformation / ring-site C-H out-of-plane bending / cyclic-ring deformation (C-N-C bend),nu(C7-H16),bond,0.0003308941169307447,+,0.00021499729879186603,0.34525095819208307
9,223.4687374600432,,,mixed cyclic-ring out-of-plane deformation / ring-site C-H out-of-plane bending / cyclic-ring deformation (C-N-C bend),nu(C4-H13),bond,3.504156924750201e-05,+,7.283809854702422e-05,0.3185504336763951
10,305.3334881826789,,,mixed cyclic-ring out-of-plane deformation / cyclic-ring deformation (C-O-C bend) / cyclic-ring torsional/out-of-plane deformation,delta(C4-O5-C6),angle,24.30895571457109,+,0.058246894911053754,0.5414273760865053
10,305.3334881826789,,,mixed cyclic-ring out-of-plane deformation / cyclic-ring deformation (C-O-C bend) / cyclic-ring torsional/out-of-plane deformation,tau(C2-C3-C4-O5),dihedral,19.283558680741503,-,-0.09697950699931923,0.15493398999329233
10,305.3334881826789,,,mixed cyclic-ring out-of-plane deformation / cyclic-ring deformation (C-O-C bend) / cyclic-ring torsional/out-of-plane deformation,"gamma(C8;C7,C6,N9)",oop,14.367252872041966,+,0.03559534840454873,0.8568537564805015
10,305.3334881826789,,,mixed cyclic-ring out-of-plane deformation / cyclic-ring deformation (C-O-C bend) / cyclic-ring torsional/out-of-plane deformation,tau(C4-O5-C6-H14),dihedral,13.464528053662045,-,-0.09311770936232186,0.11733998626181286
10,305.3334881826789,,,mixed cyclic-ring out-of-plane deformation / cyclic-ring deformation (C-O-C bend) / cyclic-ring torsional/out-of-plane deformation,"gamma(N9;C7,C6,C8)",oop,3.582504714623769,+,0.013730652479624563,1.4358989750573936
10,305.3334881826789,,,mixed cyclic-ring out-of-plane deformation / cyclic-ring deformation (C-O-C bend) / cyclic-ring torsional/out-of-plane deformation,delta(C3-N9-C8),angle,3.4932824032318703,+,0.03098266743146214,0.27498914531836777
10,305.3334881826789,,,mixed cyclic-ring out-of-plane deformation / cyclic-ring deformation (C-O-C bend) / cyclic-ring torsional/out-of-plane deformation,"gamma(N9;C3,C4,H11)",oop,3.2597453426916765,+,0.020587069793503218,0.5811845564107604
10,305.3334881826789,,,mixed cyclic-ring out-of-plane deformation / cyclic-ring deformation (C-O-C bend) / cyclic-ring torsional/out-of-plane deformation,"gamma(N9;C3,C2,C4)",oop,2.7516170344983446,-,-0.021689666694774335,0.44197906466807035
10,305.3334881826789,,,mixed cyclic-ring out-of-plane deformation / cyclic-ring deformation (C-O-C bend) / cyclic-ring torsional/out-of-plane deformation,delta(C4-C3-H11),angle,2.3301586488427177,+,0.018883032929559868,0.4938117910383473
10,305.3334881826789,,,mixed cyclic-ring out-of-plane deformation / cyclic-ring deformation (C-O-C bend) / cyclic-ring torsional/out-of-plane deformation,delta(O5-C4-H12),angle,1.9982818334673398,-,-0.020707338152580173,0.3521499690707172
10,305.3334881826789,,,mixed cyclic-ring out-of-plane deformation / cyclic-ring deformation (C-O-C bend) / cyclic-ring torsional/out-of-plane deformation,"gamma(N9;C3,C2,H11)",oop,1.4735074226415887,+,0.018656093128335077,0.319911897315103
10,305.3334881826789,,,mixed cyclic-ring out-of-plane deformation / cyclic-ring deformation (C-O-C bend) / cyclic-ring torsional/out-of-plane deformation,delta(C6-C7-H16),angle,1.3829191208589215,+,0.014148561623163228,0.522025437102308
10,305.3334881826789,,,mixed cyclic-ring out-of-plane deformation / cyclic-ring deformation (C-O-C bend) / cyclic-ring torsional/out-of-plane deformation,delta(C2-C3-H11),angle,0.8691313308998373,+,0.010926101973511515,0.5501414560655805
10,305.3334881826789,,,mixed cyclic-ring out-of-plane deformation / cyclic-ring deformation (C-O-C bend) / cyclic-ring torsional/out-of-plane deformation,delta(C7-C8-H18),angle,0.8072244275262442,-,-0.0170286436003952,0.21035539225769873
10,305.3334881826789,,,mixed cyclic-ring out-of-plane deformation / cyclic-ring deformation (C-O-C bend) / cyclic-ring torsional/out-of-plane deformation,nu(C7-N9),bond,0.7950906001412724,-,-0.012537842387842899,0.38219981510192685
10,305.3334881826789,,,mixed cyclic-ring out-of-plane deformation / cyclic-ring deformation (C-O-C bend) / cyclic-ring torsional/out-of-plane deformation,delta(N9-C7-H16),angle,0.7443298915329278,+,0.011480770112435212,0.4267198877605949
10,305.3334881826789,,,mixed cyclic-ring out-of-plane deformation / cyclic-ring deformation (C-O-C bend) / cyclic-ring torsional/out-of-plane deformation,"gamma(H15;C6,C7,H14)",oop,0.7041543963465378,+,0.01518449635483826,0.23077384044063307
10,305.3334881826789,,,mixed cyclic-ring out-of-plane deformation / cyclic-ring deformation (C-O-C bend) / cyclic-ring torsional/out-of-plane deformation,"gamma(C8;C7,N9,H16)",oop,0.6845272012336966,-,-0.008608979583521865,0.6979218906199945
10,305.3334881826789,,,mixed cyclic-ring out-of-plane deformation / cyclic-ring deformation (C-O-C bend) / cyclic-ring torsional/out-of-plane deformation,"gamma(N9;C8,C7,H18)",oop,0.6832314644404964,+,0.009336307275073544,0.5922936146637127
10,305.3334881826789,,,mixed cyclic-ring out-of-plane deformation / cyclic-ring deformation (C-O-C bend) / cyclic-ring torsional/out-of-plane deformation,delta(O5-C6-H14),angle,0.6622606857471686,-,-0.011712398099280525,0.3648016460119256
10,305.3334881826789,,,mixed cyclic-ring out-of-plane deformation / cyclic-ring deformation (C-O-C bend) / cyclic-ring torsional/out-of-plane deformation,tau(H17-C8-N9-C3),dihedral,0.54247718672092,-,-0.016824694192178767,0.14481267848705123
10,305.3334881826789,,,mixed cyclic-ring out-of-plane deformation / cyclic-ring deformation (C-O-C bend) / cyclic-ring torsional/out-of-plane deformation,delta(C3-C4-H12),angle,0.46363544993943334,-,-0.010570088496334685,0.313573139325566
10,305.3334881826789,,,mixed cyclic-ring out-of-plane deformation / cyclic-ring deformation (C-O-C bend) / cyclic-ring torsional/out-of-plane deformation,"gamma(O1;C2,C3,H10)",oop,0.285179985845095,-,-0.01406315537377668,0.10896147127568684
10,305.3334881826789,,,mixed cyclic-ring out-of-plane deformation / cyclic-ring deformation (C-O-C bend) / cyclic-ring torsional/out-of-plane deformation,nu(C3-C4),bond,0.27216605056802534,+,0.00838845223237943,0.2922737052353564
10,305.3334881826789,,,mixed cyclic-ring out-of-plane deformation / cyclic-ring deformation (C-O-C bend) / cyclic-ring torsional/out-of-plane deformation,nu(C3-N9),bond,0.14373448094990127,-,-0.005871441116414947,0.31505836222860206
10,305.3334881826789,,,mixed cyclic-ring out-of-plane deformation / cyclic-ring deformation (C-O-C bend) / cyclic-ring torsional/out-of-plane deformation,delta(O1-C2-C3),angle,0.14320924420180073,+,0.005460732741819861,0.3629014258602332
10,305.3334881826789,,,mixed cyclic-ring out-of-plane deformation / cyclic-ring deformation (C-O-C bend) / cyclic-ring torsional/out-of-plane deformation,delta(O5-C4-H13),angle,0.09780838102786871,+,0.004732224857315445,0.33003864165600133
10,305.3334881826789,,,mixed cyclic-ring out-of-plane deformation / cyclic-ring deformation (C-O-C bend) / cyclic-ring torsional/out-of-plane deformation,"gamma(H15;C6,O5,H14)",oop,0.09257284892941149,-,-0.005926109153319187,0.1991882893990281
10,305.3334881826789,,,mixed cyclic-ring out-of-plane deformation / cyclic-ring deformation (C-O-C bend) / cyclic-ring torsional/out-of-plane deformation,nu(C2-C3),bond,0.0849142419183493,+,0.005006570220573914,0.25598786529004025
10,305.3334881826789,,,mixed cyclic-ring out-of-plane deformation / cyclic-ring deformation (C-O-C bend) / cyclic-ring torsional/out-of-plane deformation,nu(C6-C7),bond,0.05504932536623395,-,-0.0036473761779458147,0.31268737896018667
10,305.3334881826789,,,mixed cyclic-ring out-of-plane deformation / cyclic-ring deformation (C-O-C bend) / cyclic-ring torsional/out-of-plane deformation,nu(O5-C6),bond,0.049127861871507326,+,0.003289692833368625,0.34303357664828
10,305.3334881826789,,,mixed cyclic-ring out-of-plane deformation / cyclic-ring deformation (C-O-C bend) / cyclic-ring torsional/out-of-plane deformation,tau(H10-C2-C3-C4),dihedral,0.04788512640562972,+,0.020031944808569284,0.00901724508707496
10,305.3334881826789,,,mixed cyclic-ring out-of-plane deformation / cyclic-ring deformation (C-O-C bend) / cyclic-ring torsional/out-of-plane deformation,delta(H12-C4-H13),angle,0.03269603027014307,-,-0.0029489864783840366,0.284098492946767
10,305.3334881826789,,,mixed cyclic-ring out-of-plane deformation / cyclic-ring deformation (C-O-C bend) / cyclic-ring torsional/out-of-plane deformation,nu(O1-C2),bond,0.014732510575752587,-,-0.0011409530064145667,0.8551862569590472
10,305.3334881826789,,,mixed cyclic-ring out-of-plane deformation / cyclic-ring deformation (C-O-C bend) / cyclic-ring torsional/out-of-plane deformation,"gamma(H15;C6,O5,C7)",oop,0.012269921608105704,-,-0.0020343892031102024,0.22402328903471713
10,305.3334881826789,,,mixed cyclic-ring out-of-plane deformation / cyclic-ring deformation (C-O-C bend) / cyclic-ring torsional/out-of-plane deformation,nu(C7-C8),bond,0.0055403140215716535,-,-0.0010448950662303625,0.3834497769963347
10,305.3334881826789,,,mixed cyclic-ring out-of-plane deformation / cyclic-ring deformation (C-O-C bend) / cyclic-ring torsional/out-of-plane deformation,nu(C4-H12),bond,0.0024811606356618244,+,0.00073766604305342,0.3445519910153448
10,305.3334881826789,,,mixed cyclic-ring out-of-plane deformation / cyclic-ring deformation (C-O-C bend) / cyclic-ring torsional/out-of-plane deformation,nu(C4-O5),bond,0.001668799438647572,-,-0.0006168322823004626,0.3314281718002575
10,305.3334881826789,,,mixed cyclic-ring out-of-plane deformation / cyclic-ring deformation (C-O-C bend) / cyclic-ring torsional/out-of-plane deformation,nu(C4-H13),bond,0.0012111331894162044,+,0.000536002216053704,0.3185504336763951
10,305.3334881826789,,,mixed cyclic-ring out-of-plane deformation / cyclic-ring deformation (C-O-C bend) / cyclic-ring torsional/out-of-plane deformation,nu(C6-H14),bond,0.0010826537043202627,+,0.0004899888444392475,0.3407506136937907
10,305.3334881826789,,,mixed cyclic-ring out-of-plane deformation / cyclic-ring deformation (C-O-C bend) / cyclic-ring torsional/out-of-plane deformation,nu(C3-H11),bond,0.0010686367546759667,-,-0.0005044487220198174,0.3173332068895945
10,305.3334881826789,,,mixed cyclic-ring out-of-plane deformation / cyclic-ring deformation (C-O-C bend) / cyclic-ring torsional/out-of-plane deformation,nu(C6-H15),bond,0.0010226933254560845,-,-0.0004955745945711224,0.3146638256816722
10,305.3334881826789,,,mixed cyclic-ring out-of-plane deformation / cyclic-ring deformation (C-O-C bend) / cyclic-ring torsional/out-of-plane deformation,nu(C8-H17),bond,0.0009155654336700145,-,-0.000444044540122189,0.3508777138495141
10,305.3334881826789,,,mixed cyclic-ring out-of-plane deformation / cyclic-ring deformation (C-O-C bend) / cyclic-ring torsional/out-of-plane deformation,delta(O1-C2-H10),angle,0.0006729611649537683,+,0.00041821078571128295,0.29074952250985897
10,305.3334881826789,,,mixed cyclic-ring out-of-plane deformation / cyclic-ring deformation (C-O-C bend) / cyclic-ring torsional/out-of-plane deformation,nu(C8-H18),bond,0.0004116844403084604,+,0.000300287148468022,0.3449931141630818
10,305.3334881826789,,,mixed cyclic-ring out-of-plane deformation / cyclic-ring deformation (C-O-C bend) / cyclic-ring torsional/out-of-plane deformation,nu(C7-H16),bond,0.00015230132468352784,+,0.00018257618450546494,0.34525095819208307
10,305.3334881826789,,,mixed cyclic-ring out-of-plane deformation / cyclic-ring deformation (C-O-C bend) / cyclic-ring torsional/out-of-plane deformation,nu(C2-H10),bond,4.70106988384679e-05,-,-0.00010872514470101053,0.3005081011048296
10,305.3334881826789,,,mixed cyclic-ring out-of-plane deformation / cyclic-ring deformation (C-O-C bend) / cyclic-ring torsional/out-of-plane deformation,delta(N9-C8-H17),angle,4.599928623925288e-06,-,-3.9671952241914295e-05,0.22085305625644952
11,395.1037142348073,,,mixed cyclic-ring out-of-plane deformation / ring-site C-H out-of-plane bending,"gamma(C8;C7,C6,N9)",oop,17.72832434162235,+,0.04068586861000305,0.8568537564805015
11,395.1037142348073,,,mixed cyclic-ring out-of-plane deformation / ring-site C-H out-of-plane bending,tau(H17-C8-N9-C3),dihedral,9.158391700186375,-,-0.07113271977503412,0.14481267848705123
11,395.1037142348073,,,mixed cyclic-ring out-of-plane deformation / ring-site C-H out-of-plane bending,"gamma(N9;C3,C4,H11)",oop,9.07049350882399,-,-0.03533633684492918,0.5811845564107604
11,395.1037142348073,,,mixed cyclic-ring out-of-plane deformation / ring-site C-H out-of-plane bending,"gamma(N9;C3,C2,H11)",oop,8.592037159590442,-,-0.04635493517212686,0.319911897315103
11,395.1037142348073,,,mixed cyclic-ring out-of-plane deformation / ring-site C-H out-of-plane bending,tau(C4-O5-C6-H14),dihedral,7.999042532616065,+,0.07385146025614049,0.11733998626181286
11,395.1037142348073,,,mixed cyclic-ring out-of-plane deformation / ring-site C-H out-of-plane bending,"gamma(N9;C7,C6,C8)",oop,6.013050430806632,+,0.01830410847457853,1.4358989750573936
11,395.1037142348073,,,mixed cyclic-ring out-of-plane deformation / ring-site C-H out-of-plane bending,delta(C6-C7-H16),angle,5.978489893978384,+,0.03027004156935688,0.522025437102308
11,395.1037142348073,,,mixed cyclic-ring out-of-plane deformation / ring-site C-H out-of-plane bending,"gamma(N9;C3,C2,C4)",oop,5.169460962291533,-,-0.030590380658604612,0.44197906466807035
11,395.1037142348073,,,mixed cyclic-ring out-of-plane deformation / ring-site C-H out-of-plane bending,nu(C2-C3),bond,3.924621226413581,+,0.03502291461391703,0.25598786529004025
11,395.1037142348073,,,mixed cyclic-ring out-of-plane deformation / ring-site C-H out-of-plane bending,nu(C7-N9),bond,3.7182512650717117,+,0.027898909709771637,0.38219981510192685
11,395.1037142348073,,,mixed cyclic-ring out-of-plane deformation / ring-site C-H out-of-plane bending,delta(C3-N9-C8),angle,3.5521023314075064,-,-0.0321475632345345,0.27498914531836777
11,395.1037142348073,,,mixed cyclic-ring out-of-plane deformation / ring-site C-H out-of-plane bending,delta(C4-C3-H11),angle,2.9378402537638397,+,0.02181707181786866,0.4938117910383473
11,395.1037142348073,,,mixed cyclic-ring out-of-plane deformation / ring-site C-H out-of-plane bending,"gamma(C8;C7,N9,H16)",oop,2.9212388769631152,-,-0.01829966865428957,0.6979218906199945
11,395.1037142348073,,,mixed cyclic-ring out-of-plane deformation / ring-site C-H out-of-plane bending,delta(C7-C8-H18),angle,1.930880469374257,-,-0.027099668025618015,0.21035539225769873
11,395.1037142348073,,,mixed cyclic-ring out-of-plane deformation / ring-site C-H out-of-plane bending,nu(C7-C8),bond,1.4879945798326633,-,-0.017620147124044687,0.3834497769963347
11,395.1037142348073,,,mixed cyclic-ring out-of-plane deformation / ring-site C-H out-of-plane bending,nu(C6-C7),bond,1.234300502394286,-,-0.017771266404096025,0.31268737896018667
11,395.1037142348073,,,mixed cyclic-ring out-of-plane deformation / ring-site C-H out-of-plane bending,"gamma(H15;C6,O5,C7)",oop,1.2106938368674358,+,0.020793791345001162,0.22402328903471713
11,395.1037142348073,,,mixed cyclic-ring out-of-plane deformation / ring-site C-H out-of-plane bending,"gamma(N9;C8,C7,H18)",oop,0.9682403727317829,-,-0.011436316577279657,0.5922936146637127
11,395.1037142348073,,,mixed cyclic-ring out-of-plane deformation / ring-site C-H out-of-plane bending,delta(C3-C4-H12),angle,0.9258684676674992,+,0.015369803681799675,0.313573139325566
11,395.1037142348073,,,mixed cyclic-ring out-of-plane deformation / ring-site C-H out-of-plane bending,delta(O5-C6-H14),angle,0.8507117460089079,+,0.013659220645670005,0.3648016460119256
11,395.1037142348073,,,mixed cyclic-ring out-of-plane deformation / ring-site C-H out-of-plane bending,delta(N9-C8-H17),angle,0.7617554410194499,+,0.016611894954242756,0.22085305625644952
11,395.1037142348073,,,mixed cyclic-ring out-of-plane deformation / ring-site C-H out-of-plane bending,"gamma(H15;C6,C7,H14)",oop,0.7212706576922437,-,-0.015813170157186602,0.23077384044063307
11,395.1037142348073,,,mixed cyclic-ring out-of-plane deformation / ring-site C-H out-of-plane bending,nu(O5-C6),bond,0.6698323700257482,-,-0.012499074318306182,0.34303357664828
11,395.1037142348073,,,mixed cyclic-ring out-of-plane deformation / ring-site C-H out-of-plane bending,"gamma(H15;C6,O5,H14)",oop,0.3851491663778806,+,0.012437860472594743,0.1991882893990281
11,395.1037142348073,,,mixed cyclic-ring out-of-plane deformation / ring-site C-H out-of-plane bending,nu(C3-C4),bond,0.3388745165199759,-,-0.009631361489317073,0.2922737052353564
11,395.1037142348073,,,mixed cyclic-ring out-of-plane deformation / ring-site C-H out-of-plane bending,delta(C2-C3-H11),angle,0.2646496917272031,-,-0.006203854596344729,0.5501414560655805
11,395.1037142348073,,,mixed cyclic-ring out-of-plane deformation / ring-site C-H out-of-plane bending,nu(C3-N9),bond,0.21798272717317624,+,0.007440097653164155,0.31505836222860206
11,395.1037142348073,,,mixed cyclic-ring out-of-plane deformation / ring-site C-H out-of-plane bending,delta(O5-C4-H13),angle,0.20304752256072559,-,-0.007015838001396921,0.33003864165600133
11,395.1037142348073,,,mixed cyclic-ring out-of-plane deformation / ring-site C-H out-of-plane bending,delta(C4-O5-C6),angle,0.1647807588335752,+,0.0049345351188003145,0.5414273760865053
11,395.1037142348073,,,mixed cyclic-ring out-of-plane deformation / ring-site C-H out-of-plane bending,nu(O1-C2),bond,0.13820235541764203,+,0.0035957580914678313,0.8551862569590472
11,395.1037142348073,,,mixed cyclic-ring out-of-plane deformation / ring-site C-H out-of-plane bending,nu(C4-O5),bond,0.1361793297335912,+,0.005733555041161652,0.3314281718002575
11,395.1037142348073,,,mixed cyclic-ring out-of-plane deformation / ring-site C-H out-of-plane bending,delta(O1-C2-H10),angle,0.13272571252473492,-,-0.006043397048560108,0.29074952250985897
11,395.1037142348073,,,mixed cyclic-ring out-of-plane deformation / ring-site C-H out-of-plane bending,"gamma(O1;C2,C3,H10)",oop,0.09386566268546598,+,0.008301947762802282,0.10896147127568684
11,395.1037142348073,,,mixed cyclic-ring out-of-plane deformation / ring-site C-H out-of-plane bending,tau(C2-C3-C4-O5),dihedral,0.0901664208687675,-,-0.006823578045704059,0.15493398999329233
11,395.1037142348073,,,mixed cyclic-ring out-of-plane deformation / ring-site C-H out-of-plane bending,delta(O1-C2-C3),angle,0.08410697967920841,+,0.0043061066511123755,0.3629014258602332
11,395.1037142348073,,,mixed cyclic-ring out-of-plane deformation / ring-site C-H out-of-plane bending,delta(H12-C4-H13),angle,0.05916474062023983,-,-0.004081878918053309,0.284098492946767
11,395.1037142348073,,,mixed cyclic-ring out-of-plane deformation / ring-site C-H out-of-plane bending,tau(H10-C2-C3-C4),dihedral,0.04733967662851303,+,0.020494569825373475,0.00901724508707496
11,395.1037142348073,,,mixed cyclic-ring out-of-plane deformation / ring-site C-H out-of-plane bending,delta(N9-C7-H16),angle,0.04692088869673832,-,-0.00296602476605325,0.4267198877605949
11,395.1037142348073,,,mixed cyclic-ring out-of-plane deformation / ring-site C-H out-of-plane bending,delta(O5-C4-H12),angle,0.043993923300568234,-,-0.003161517716510485,0.3521499690707172
11,395.1037142348073,,,mixed cyclic-ring out-of-plane deformation / ring-site C-H out-of-plane bending,nu(C7-H16),bond,0.010578735507238346,-,-0.001565714356085569,0.34525095819208307
11,395.1037142348073,,,mixed cyclic-ring out-of-plane deformation / ring-site C-H out-of-plane bending,nu(C8-H17),bond,0.0045414975558811495,-,-0.0010176179301965302,0.3508777138495141
11,395.1037142348073,,,mixed cyclic-ring out-of-plane deformation / ring-site C-H out-of-plane bending,nu(C4-H13),bond,0.0039453256087029825,-,-0.0009954407741846407,0.3185504336763951
11,395.1037142348073,,,mixed cyclic-ring out-of-plane deformation / ring-site C-H out-of-plane bending,nu(C6-H15),bond,0.00305799014833565,+,0.0008817748997354873,0.3146638256816722
11,395.1037142348073,,,mixed cyclic-ring out-of-plane deformation / ring-site C-H out-of-plane bending,nu(C4-H12),bond,0.0029732818365411687,-,-0.0008309095632626801,0.3445519910153448
11,395.1037142348073,,,mixed cyclic-ring out-of-plane deformation / ring-site C-H out-of-plane bending,nu(C3-H11),bond,0.0020132395280255478,-,-0.0007124478243294327,0.3173332068895945
11,395.1037142348073,,,mixed cyclic-ring out-of-plane deformation / ring-site C-H out-of-plane bending,nu(C6-H14),bond,0.0005173130278509926,+,0.0003485150082078035,0.3407506136937907
11,395.1037142348073,,,mixed cyclic-ring out-of-plane deformation / ring-site C-H out-of-plane bending,nu(C8-H18),bond,0.0002370040113669074,+,0.00023444217150127636,0.3449931141630818
11,395.1037142348073,,,mixed cyclic-ring out-of-plane deformation / ring-site C-H out-of-plane bending,nu(C2-H10),bond,9.261227827875628e-05,+,0.00015702517728541832,0.3005081011048296
12,403.88635584194606,,,mixed cyclic-ring out-of-plane deformation / ring-site C-H out-of-plane bending,"gamma(C8;C7,C6,N9)",oop,18.477291341246154,+,0.0492488257152378,0.8568537564805015
12,403.88635584194606,,,mixed cyclic-ring out-of-plane deformation / ring-site C-H out-of-plane bending,tau(C4-O5-C6-H14),dihedral,16.290369532542606,+,0.124960435579245,0.11733998626181286
12,403.88635584194606,,,mixed cyclic-ring out-of-plane deformation / ring-site C-H out-of-plane bending,"gamma(N9;C3,C2,C4)",oop,11.856443900694396,-,-0.05492960234433189,0.44197906466807035
12,403.88635584194606,,,mixed cyclic-ring out-of-plane deformation / ring-site C-H out-of-plane bending,delta(C4-O5-C6),angle,9.037482143056359,-,-0.04332950218339591,0.5414273760865053
12,403.88635584194606,,,mixed cyclic-ring out-of-plane deformation / ring-site C-H out-of-plane bending,delta(C2-C3-H11),angle,8.092432304647751,+,0.04067545597901088,0.5501414560655805
12,403.88635584194606,,,mixed cyclic-ring out-of-plane deformation / ring-site C-H out-of-plane bending,nu(C2-C3),bond,4.875068481304002,-,-0.04628185420154037,0.25598786529004025
12,403.88635584194606,,,mixed cyclic-ring out-of-plane deformation / ring-site C-H out-of-plane bending,delta(C6-C7-H16),angle,4.65538790923926,+,0.031671029675302775,0.522025437102308
12,403.88635584194606,,,mixed cyclic-ring out-of-plane deformation / ring-site C-H out-of-plane bending,nu(C7-N9),bond,4.078882323175838,-,-0.034646185839012626,0.38219981510192685
12,403.88635584194606,,,mixed cyclic-ring out-of-plane deformation / ring-site C-H out-of-plane bending,"gamma(N9;C3,C4,H11)",oop,2.7305791684928638,+,0.022987959985974565,0.5811845564107604
12,403.88635584194606,,,mixed cyclic-ring out-of-plane deformation / ring-site C-H out-of-plane bending,delta(N9-C7-H16),angle,2.4296945544192474,+,0.025306639412851398,0.4267198877605949
12,403.88635584194606,,,mixed cyclic-ring out-of-plane deformation / ring-site C-H out-of-plane bending,delta(O1-C2-C3),angle,2.063649999018251,-,-0.02529028726541874,0.3629014258602332
12,403.88635584194606,,,mixed cyclic-ring out-of-plane deformation / ring-site C-H out-of-plane bending,"gamma(H15;C6,O5,C7)",oop,2.0325962389156413,+,0.031945453158688866,0.22402328903471713
12,403.88635584194606,,,mixed cyclic-ring out-of-plane deformation / ring-site C-H out-of-plane bending,"gamma(N9;C8,C7,H18)",oop,1.9343339366087706,+,0.019165814445586946,0.5922936146637127
12,403.88635584194606,,,mixed cyclic-ring out-of-plane deformation / ring-site C-H out-of-plane bending,"gamma(N9;C3,C2,H11)",oop,1.7061169372924387,+,0.02449171969456484,0.319911897315103
12,403.88635584194606,,,mixed cyclic-ring out-of-plane deformation / ring-site C-H out-of-plane bending,nu(C3-N9),bond,1.3679888842674317,-,-0.022099164648047332,0.31505836222860206
12,403.88635584194606,,,mixed cyclic-ring out-of-plane deformation / ring-site C-H out-of-plane bending,delta(O5-C4-H12),angle,1.3184031824542093,+,0.02052061502629183,0.3521499690707172
12,403.88635584194606,,,mixed cyclic-ring out-of-plane deformation / ring-site C-H out-of-plane bending,"gamma(C8;C7,N9,H16)",oop,1.1971697497676683,-,-0.013890073247863252,0.6979218906199945
12,403.88635584194606,,,mixed cyclic-ring out-of-plane deformation / ring-site C-H out-of-plane bending,delta(C7-C8-H18),angle,1.0935691812726773,-,-0.02418111851256534,0.21035539225769873
12,403.88635584194606,,,mixed cyclic-ring out-of-plane deformation / ring-site C-H out-of-plane bending,"gamma(O1;C2,C3,H10)",oop,0.8927653218542043,-,-0.030357238014198883,0.10896147127568684
12,403.88635584194606,,,mixed cyclic-ring out-of-plane deformation / ring-site C-H out-of-plane bending,tau(H10-C2-C3-C4),dihedral,0.6748868508485348,+,0.09175053921623941,0.00901724508707496
12,403.88635584194606,,,mixed cyclic-ring out-of-plane deformation / ring-site C-H out-of-plane bending,delta(C3-C4-H12),angle,0.5264922229228756,+,0.013742211621191514,0.313573139325566
12,403.88635584194606,,,mixed cyclic-ring out-of-plane deformation / ring-site C-H out-of-plane bending,tau(H17-C8-N9-C3),dihedral,0.4501091347989986,-,-0.018697592874089314,0.14481267848705123
12,403.88635584194606,,,mixed cyclic-ring out-of-plane deformation / ring-site C-H out-of-plane bending,delta(O5-C6-H14),angle,0.437464951899742,+,0.011613772557045274,0.3648016460119256
12,403.88635584194606,,,mixed cyclic-ring out-of-plane deformation / ring-site C-H out-of-plane bending,delta(C3-N9-C8),angle,0.4090159736136508,+,0.012934285348700362,0.27498914531836777
12,403.88635584194606,,,mixed cyclic-ring out-of-plane deformation / ring-site C-H out-of-plane bending,delta(O1-C2-H10),angle,0.40455328837973076,+,0.012510032605775344,0.29074952250985897
12,403.88635584194606,,,mixed cyclic-ring out-of-plane deformation / ring-site C-H out-of-plane bending,nu(C3-C4),bond,0.2076221453666144,-,-0.00893865228339123,0.2922737052353564
12,403.88635584194606,,,mixed cyclic-ring out-of-plane deformation / ring-site C-H out-of-plane bending,nu(O1-C2),bond,0.20565499572281645,-,-0.005200790434267282,0.8551862569590472
12,403.88635584194606,,,mixed cyclic-ring out-of-plane deformation / ring-site C-H out-of-plane bending,"gamma(H15;C6,C7,H14)",oop,0.15814248666986408,+,0.008779323898426767,0.23077384044063307
12,403.88635584194606,,,mixed cyclic-ring out-of-plane deformation / ring-site C-H out-of-plane bending,"gamma(H15;C6,O5,H14)",oop,0.15687250945585815,-,-0.009411776377815931,0.1991882893990281
12,403.88635584194606,,,mixed cyclic-ring out-of-plane deformation / ring-site C-H out-of-plane bending,nu(C7-C8),bond,0.09337142372255318,+,0.005233386678728144,0.3834497769963347
12,403.88635584194606,,,mixed cyclic-ring out-of-plane deformation / ring-site C-H out-of-plane bending,nu(C4-O5),bond,0.06162909907515924,-,-0.00457328511606046,0.3314281718002575
12,403.88635584194606,,,mixed cyclic-ring out-of-plane deformation / ring-site C-H out-of-plane bending,delta(H12-C4-H13),angle,0.019457796869878953,+,0.002775507764087738,0.284098492946767
12,403.88635584194606,,,mixed cyclic-ring out-of-plane deformation / ring-site C-H out-of-plane bending,tau(C2-C3-C4-O5),dihedral,0.01889935585055909,+,0.003704078886519954,0.15493398999329233
12,403.88635584194606,,,mixed cyclic-ring out-of-plane deformation / ring-site C-H out-of-plane bending,"gamma(N9;C7,C6,C8)",oop,0.007732432693061974,+,0.0007782626891038087,1.4358989750573936
12,403.88635584194606,,,mixed cyclic-ring out-of-plane deformation / ring-site C-H out-of-plane bending,nu(C8-H17),bond,0.007328278199709519,-,-0.0015326858942370373,0.3508777138495141
12,403.88635584194606,,,mixed cyclic-ring out-of-plane deformation / ring-site C-H out-of-plane bending,nu(C6-C7),bond,0.007193320692334619,-,-0.0016085687008357736,0.31268737896018667
12,403.88635584194606,,,mixed cyclic-ring out-of-plane deformation / ring-site C-H out-of-plane bending,nu(C3-H11),bond,0.006180009564179646,-,-0.0014800176416868507,0.3173332068895945
12,403.88635584194606,,,mixed cyclic-ring out-of-plane deformation / ring-site C-H out-of-plane bending,nu(C6-H14),bond,0.005528571207609893,-,-0.0013508844712001586,0.3407506136937907
12,403.88635584194606,,,mixed cyclic-ring out-of-plane deformation / ring-site C-H out-of-plane bending,delta(N9-C8-H17),angle,0.0032756654059846535,+,0.0012916003058601254,0.22085305625644952
12,403.88635584194606,,,mixed cyclic-ring out-of-plane deformation / ring-site C-H out-of-plane bending,nu(O5-C6),bond,0.002954481745523381,-,-0.0009842431901026661,0.34303357664828
12,403.88635584194606,,,mixed cyclic-ring out-of-plane deformation / ring-site C-H out-of-plane bending,nu(C6-H15),bond,0.0016919045465070268,-,-0.0007776686619662231,0.3146638256816722
12,403.88635584194606,,,mixed cyclic-ring out-of-plane deformation / ring-site C-H out-of-plane bending,nu(C4-H12),bond,0.0014576250245545307,-,-0.000689803835437655,0.3445519910153448
12,403.88635584194606,,,mixed cyclic-ring out-of-plane deformation / ring-site C-H out-of-plane bending,nu(C8-H18),bond,0.0008827852288662054,-,-0.0005364785895655378,0.3449931141630818
12,403.88635584194606,,,mixed cyclic-ring out-of-plane deformation / ring-site C-H out-of-plane bending,nu(C2-H10),bond,0.0008761929535029224,-,-0.0005726666140462588,0.3005081011048296
12,403.88635584194606,,,mixed cyclic-ring out-of-plane deformation / ring-site C-H out-of-plane bending,delta(O5-C4-H13),angle,0.00016942316996219672,+,0.00024028910787907604,0.33003864165600133
12,403.88635584194606,,,mixed cyclic-ring out-of-plane deformation / ring-site C-H out-of-plane bending,nu(C4-H13),bond,0.00016475393012861975,-,-0.00024118976268025513,0.3185504336763951
12,403.88635584194606,,,mixed cyclic-ring out-of-plane deformation / ring-site C-H out-of-plane bending,delta(C4-C3-H11),angle,9.715102015986505e-05,-,-0.0001487555005869069,0.4938117910383473
12,403.88635584194606,,,mixed cyclic-ring out-of-plane deformation / ring-site C-H out-of-plane bending,nu(C7-H16),bond,7.00791513279261e-05,-,-0.00015109742024738365,0.34525095819208307
13,464.5602935906756,,,mixed cyclic-ring deformation (C-O-C bend) / cyclic-ring out-of-plane deformation / ring-site C-H out-of-plane bending,delta(C4-O5-C6),angle,38.701682763574844,+,0.09404576971836583,0.5414273760865053
13,464.5602935906756,,,mixed cyclic-ring deformation (C-O-C bend) / cyclic-ring out-of-plane deformation / ring-site C-H out-of-plane bending,"gamma(N9;C7,C6,C8)",oop,18.41516122267023,-,-0.03983549943234826,1.4358989750573936
13,464.5602935906756,,,mixed cyclic-ring deformation (C-O-C bend) / cyclic-ring out-of-plane deformation / ring-site C-H out-of-plane bending,tau(H17-C8-N9-C3),dihedral,11.494516763878586,-,-0.09910293401572702,0.14481267848705123
13,464.5602935906756,,,mixed cyclic-ring deformation (C-O-C bend) / cyclic-ring out-of-plane deformation / ring-site C-H out-of-plane bending,delta(O1-C2-C3),angle,4.398826845609513,-,-0.03872741796233843,0.3629014258602332
13,464.5602935906756,,,mixed cyclic-ring deformation (C-O-C bend) / cyclic-ring out-of-plane deformation / ring-site C-H out-of-plane bending,delta(C3-N9-C8),angle,2.698197648348854,+,0.03484364261504948,0.27498914531836777
13,464.5602935906756,,,mixed cyclic-ring deformation (C-O-C bend) / cyclic-ring out-of-plane deformation / ring-site C-H out-of-plane bending,tau(C2-C3-C4-O5),dihedral,2.4780253199148867,-,-0.0444860620850151,0.15493398999329233
13,464.5602935906756,,,mixed cyclic-ring deformation (C-O-C bend) / cyclic-ring out-of-plane deformation / ring-site C-H out-of-plane bending,delta(O5-C4-H13),angle,2.4203197507692744,+,0.030123013983587743,0.33003864165600133
13,464.5602935906756,,,mixed cyclic-ring deformation (C-O-C bend) / cyclic-ring out-of-plane deformation / ring-site C-H out-of-plane bending,"gamma(C8;C7,C6,N9)",oop,2.1014654848000625,-,-0.017420163413292767,0.8568537564805015
13,464.5602935906756,,,mixed cyclic-ring deformation (C-O-C bend) / cyclic-ring out-of-plane deformation / ring-site C-H out-of-plane bending,nu(C6-C7),bond,2.0128683910359935,-,-0.028222596094716692,0.31268737896018667
13,464.5602935906756,,,mixed cyclic-ring deformation (C-O-C bend) / cyclic-ring out-of-plane deformation / ring-site C-H out-of-plane bending,nu(C3-C4),bond,1.912381804269684,-,-0.028453577290095972,0.2922737052353564
13,464.5602935906756,,,mixed cyclic-ring deformation (C-O-C bend) / cyclic-ring out-of-plane deformation / ring-site C-H out-of-plane bending,"gamma(H15;C6,O5,C7)",oop,1.774306850399171,-,-0.031304893208348526,0.22402328903471713
13,464.5602935906756,,,mixed cyclic-ring deformation (C-O-C bend) / cyclic-ring out-of-plane deformation / ring-site C-H out-of-plane bending,"gamma(H15;C6,C7,H14)",oop,1.6556516119549336,-,-0.029794468047567423,0.23077384044063307
13,464.5602935906756,,,mixed cyclic-ring deformation (C-O-C bend) / cyclic-ring out-of-plane deformation / ring-site C-H out-of-plane bending,delta(C6-C7-H16),angle,1.5520995879743964,+,0.019180432923983158,0.522025437102308
13,464.5602935906756,,,mixed cyclic-ring deformation (C-O-C bend) / cyclic-ring out-of-plane deformation / ring-site C-H out-of-plane bending,delta(O5-C6-H14),angle,1.4042932217081456,-,-0.02182453260813203,0.3648016460119256
13,464.5602935906756,,,mixed cyclic-ring deformation (C-O-C bend) / cyclic-ring out-of-plane deformation / ring-site C-H out-of-plane bending,delta(C3-C4-H12),angle,1.2877421547059422,+,0.02254184586562599,0.313573139325566
13,464.5602935906756,,,mixed cyclic-ring deformation (C-O-C bend) / cyclic-ring out-of-plane deformation / ring-site C-H out-of-plane bending,nu(C2-C3),bond,1.059382758340112,-,-0.022628783498990095,0.25598786529004025
13,464.5602935906756,,,mixed cyclic-ring deformation (C-O-C bend) / cyclic-ring out-of-plane deformation / ring-site C-H out-of-plane bending,"gamma(N9;C3,C4,H11)",oop,0.9764809446175077,-,-0.014418474050119754,0.5811845564107604
13,464.5602935906756,,,mixed cyclic-ring deformation (C-O-C bend) / cyclic-ring out-of-plane deformation / ring-site C-H out-of-plane bending,nu(C7-N9),bond,0.8369633325479106,-,-0.016460856395494005,0.38219981510192685
13,464.5602935906756,,,mixed cyclic-ring deformation (C-O-C bend) / cyclic-ring out-of-plane deformation / ring-site C-H out-of-plane bending,"gamma(N9;C3,C2,H11)",oop,0.7275004382449163,-,-0.016774356950995755,0.319911897315103
13,464.5602935906756,,,mixed cyclic-ring deformation (C-O-C bend) / cyclic-ring out-of-plane deformation / ring-site C-H out-of-plane bending,"gamma(N9;C8,C7,H18)",oop,0.4561465335005533,+,0.009761759652607267,0.5922936146637127
13,464.5602935906756,,,mixed cyclic-ring deformation (C-O-C bend) / cyclic-ring out-of-plane deformation / ring-site C-H out-of-plane bending,delta(N9-C7-H16),angle,0.28367064491321303,+,0.009069434370600257,0.4267198877605949
13,464.5602935906756,,,mixed cyclic-ring deformation (C-O-C bend) / cyclic-ring out-of-plane deformation / ring-site C-H out-of-plane bending,delta(O5-C4-H12),angle,0.268647747295568,-,-0.009715658044005584,0.3521499690707172
13,464.5602935906756,,,mixed cyclic-ring deformation (C-O-C bend) / cyclic-ring out-of-plane deformation / ring-site C-H out-of-plane bending,delta(O1-C2-H10),angle,0.18608575388752088,+,0.008899006101386341,0.29074952250985897
13,464.5602935906756,,,mixed cyclic-ring deformation (C-O-C bend) / cyclic-ring out-of-plane deformation / ring-site C-H out-of-plane bending,delta(C4-C3-H11),angle,0.1341620026285182,-,-0.00579800365573973,0.4938117910383473
13,464.5602935906756,,,mixed cyclic-ring deformation (C-O-C bend) / cyclic-ring out-of-plane deformation / ring-site C-H out-of-plane bending,tau(C4-O5-C6-H14),dihedral,0.1170147619091351,+,0.011108150536369989,0.11733998626181286
13,464.5602935906756,,,mixed cyclic-ring deformation (C-O-C bend) / cyclic-ring out-of-plane deformation / ring-site C-H out-of-plane bending,nu(C3-N9),bond,0.10678642388069315,-,-0.00647600182386627,0.31505836222860206
13,464.5602935906756,,,mixed cyclic-ring deformation (C-O-C bend) / cyclic-ring out-of-plane deformation / ring-site C-H out-of-plane bending,delta(H12-C4-H13),angle,0.09786572806859344,+,0.006528678719423283,0.284098492946767
13,464.5602935906756,,,mixed cyclic-ring deformation (C-O-C bend) / cyclic-ring out-of-plane deformation / ring-site C-H out-of-plane bending,nu(C4-O5),bond,0.09256442198094356,-,-0.00587857120003152,0.3314281718002575
13,464.5602935906756,,,mixed cyclic-ring deformation (C-O-C bend) / cyclic-ring out-of-plane deformation / ring-site C-H out-of-plane bending,"gamma(H15;C6,O5,H14)",oop,0.08818278506773143,+,0.007401239381390464,0.1991882893990281
13,464.5602935906756,,,mixed cyclic-ring deformation (C-O-C bend) / cyclic-ring out-of-plane deformation / ring-site C-H out-of-plane bending,delta(C2-C3-H11),angle,0.06396328783508215,+,0.003792910979398519,0.5501414560655805
13,464.5602935906756,,,mixed cyclic-ring deformation (C-O-C bend) / cyclic-ring out-of-plane deformation / ring-site C-H out-of-plane bending,"gamma(C8;C7,N9,H16)",oop,0.060402276438190836,-,-0.0032724098378329796,0.6979218906199945
13,464.5602935906756,,,mixed cyclic-ring deformation (C-O-C bend) / cyclic-ring out-of-plane deformation / ring-site C-H out-of-plane bending,delta(C7-C8-H18),angle,0.05505862102177148,-,-0.005690891254577976,0.21035539225769873
13,464.5602935906756,,,mixed cyclic-ring deformation (C-O-C bend) / cyclic-ring out-of-plane deformation / ring-site C-H out-of-plane bending,"gamma(N9;C3,C2,C4)",oop,0.04381895363228566,-,-0.0035024714073853195,0.44197906466807035
13,464.5602935906756,,,mixed cyclic-ring deformation (C-O-C bend) / cyclic-ring out-of-plane deformation / ring-site C-H out-of-plane bending,nu(C7-H16),bond,0.009462569891192244,+,0.0018415416696269497,0.34525095819208307
13,464.5602935906756,,,mixed cyclic-ring deformation (C-O-C bend) / cyclic-ring out-of-plane deformation / ring-site C-H out-of-plane bending,"gamma(O1;C2,C3,H10)",oop,0.005110276990636524,+,0.002408963321006643,0.10896147127568684
13,464.5602935906756,,,mixed cyclic-ring deformation (C-O-C bend) / cyclic-ring out-of-plane deformation / ring-site C-H out-of-plane bending,nu(C8-H18),bond,0.004174022439678486,+,0.0012235356357345906,0.3449931141630818
13,464.5602935906756,,,mixed cyclic-ring deformation (C-O-C bend) / cyclic-ring out-of-plane deformation / ring-site C-H out-of-plane bending,nu(C4-H12),bond,0.0037088841043871907,+,0.0011540873902985296,0.3445519910153448
13,464.5602935906756,,,mixed cyclic-ring deformation (C-O-C bend) / cyclic-ring out-of-plane deformation / ring-site C-H out-of-plane bending,nu(C2-H10),bond,0.0034688008760471816,-,-0.001195104934270371,0.3005081011048296
13,464.5602935906756,,,mixed cyclic-ring deformation (C-O-C bend) / cyclic-ring out-of-plane deformation / ring-site C-H out-of-plane bending,tau(H10-C2-C3-C4),dihedral,0.002798877670503116,-,-0.006197256450970384,0.00901724508707496
13,464.5602935906756,,,mixed cyclic-ring deformation (C-O-C bend) / cyclic-ring out-of-plane deformation / ring-site C-H out-of-plane bending,nu(C8-H17),bond,0.002582699760774442,+,0.0009543408529907656,0.3508777138495141
13,464.5602935906756,,,mixed cyclic-ring deformation (C-O-C bend) / cyclic-ring out-of-plane deformation / ring-site C-H out-of-plane bending,delta(N9-C8-H17),angle,0.002192630490156231,-,-0.0011083462703856996,0.22085305625644952
13,464.5602935906756,,,mixed cyclic-ring deformation (C-O-C bend) / cyclic-ring out-of-plane deformation / ring-site C-H out-of-plane bending,nu(C4-H13),bond,0.0016208104466313043,-,-0.0007934534626551229,0.3185504336763951
13,464.5602935906756,,,mixed cyclic-ring deformation (C-O-C bend) / cyclic-ring out-of-plane deformation / ring-site C-H out-of-plane bending,nu(C6-H14),bond,0.0014182311862661078,+,0.0007176284350425872,0.3407506136937907
13,464.5602935906756,,,mixed cyclic-ring deformation (C-O-C bend) / cyclic-ring out-of-plane deformation / ring-site C-H out-of-plane bending,nu(C7-C8),bond,0.000789645232251368,+,0.0005047847319600846,0.3834497769963347
13,464.5602935906756,,,mixed cyclic-ring deformation (C-O-C bend) / cyclic-ring out-of-plane deformation / ring-site C-H out-of-plane bending,nu(O5-C6),bond,0.00020189756117200715,-,-0.0002698619580593614,0.34303357664828
13,464.5602935906756,,,mixed cyclic-ring deformation (C-O-C bend) / cyclic-ring out-of-plane deformation / ring-site C-H out-of-plane bending,nu(C3-H11),bond,0.00016839667110526933,+,0.0002562438419376107,0.3173332068895945
13,464.5602935906756,,,mixed cyclic-ring deformation (C-O-C bend) / cyclic-ring out-of-plane deformation / ring-site C-H out-of-plane bending,nu(C6-H15),bond,6.442476926303538e-05,-,-0.00015916496318662233,0.3146638256816722
13,464.5602935906756,,,mixed cyclic-ring deformation (C-O-C bend) / cyclic-ring out-of-plane deformation / ring-site C-H out-of-plane bending,nu(O1-C2),bond,9.944851747725755e-07,-,-1.1995358901946914e-05,0.8551862569590472
14,531.342656605557,,,mixed cyclic-ring out-of-plane deformation / cyclic-ring deformation (C-N-C bend) / ring-site C-H in-plane bending,"gamma(N9;C3,C2,C4)",oop,42.67910621593458,-,-0.16590007807689175,0.44197906466807035
14,531.342656605557,,,mixed cyclic-ring out-of-plane deformation / cyclic-ring deformation (C-N-C bend) / ring-site C-H in-plane bending,delta(C3-N9-C8),angle,16.354062208803033,+,0.13019515675794865,0.27498914531836777
14,531.342656605557,,,mixed cyclic-ring out-of-plane deformation / cyclic-ring deformation (C-N-C bend) / ring-site C-H in-plane bending,delta(C2-C3-H11),angle,10.062320809250046,+,0.07220240689605793,0.5501414560655805
14,531.342656605557,,,mixed cyclic-ring out-of-plane deformation / cyclic-ring deformation (C-N-C bend) / ring-site C-H in-plane bending,delta(C4-C3-H11),angle,9.84691352452877,+,0.0753891967230652,0.4938117910383473
14,531.342656605557,,,mixed cyclic-ring out-of-plane deformation / cyclic-ring deformation (C-N-C bend) / ring-site C-H in-plane bending,delta(C3-C4-H12),angle,2.9146775797264373,+,0.05147135660785142,0.313573139325566
14,531.342656605557,,,mixed cyclic-ring out-of-plane deformation / cyclic-ring deformation (C-N-C bend) / ring-site C-H in-plane bending,"gamma(N9;C3,C4,H11)",oop,2.245428503934817,-,-0.03318427736459328,0.5811845564107604
14,531.342656605557,,,mixed cyclic-ring out-of-plane deformation / cyclic-ring deformation (C-N-C bend) / ring-site C-H in-plane bending,"gamma(N9;C8,C7,H18)",oop,2.2121502809016405,+,0.03262710720663399,0.5922936146637127
14,531.342656605557,,,mixed cyclic-ring out-of-plane deformation / cyclic-ring deformation (C-N-C bend) / ring-site C-H in-plane bending,"gamma(O1;C2,C3,H10)",oop,1.9345375332766659,-,-0.07113639989773686,0.10896147127568684
14,531.342656605557,,,mixed cyclic-ring out-of-plane deformation / cyclic-ring deformation (C-N-C bend) / ring-site C-H in-plane bending,tau(C4-O5-C6-H14),dihedral,1.8717351643243103,-,-0.0674277961198422,0.11733998626181286
14,531.342656605557,,,mixed cyclic-ring out-of-plane deformation / cyclic-ring deformation (C-N-C bend) / ring-site C-H in-plane bending,"gamma(C8;C7,C6,N9)",oop,1.4879576131887673,-,-0.022247525289788826,0.8568537564805015
14,531.342656605557,,,mixed cyclic-ring out-of-plane deformation / cyclic-ring deformation (C-N-C bend) / ring-site C-H in-plane bending,tau(C2-C3-C4-O5),dihedral,1.2275043663732037,-,-0.04752016630605899,0.15493398999329233
14,531.342656605557,,,mixed cyclic-ring out-of-plane deformation / cyclic-ring deformation (C-N-C bend) / ring-site C-H in-plane bending,nu(C3-C4),bond,1.1486050323736818,-,-0.03346803900455304,0.2922737052353564
14,531.342656605557,,,mixed cyclic-ring out-of-plane deformation / cyclic-ring deformation (C-N-C bend) / ring-site C-H in-plane bending,tau(H10-C2-C3-C4),dihedral,1.0538612405430587,+,0.18251331817398644,0.00901724508707496
14,531.342656605557,,,mixed cyclic-ring out-of-plane deformation / cyclic-ring deformation (C-N-C bend) / ring-site C-H in-plane bending,delta(C6-C7-H16),angle,0.9143363977671806,-,-0.022343281290787116,0.522025437102308
14,531.342656605557,,,mixed cyclic-ring out-of-plane deformation / cyclic-ring deformation (C-N-C bend) / ring-site C-H in-plane bending,delta(N9-C8-H17),angle,0.9076113432167551,-,-0.03422457253035875,0.22085305625644952
14,531.342656605557,,,mixed cyclic-ring out-of-plane deformation / cyclic-ring deformation (C-N-C bend) / ring-site C-H in-plane bending,"gamma(H15;C6,C7,H14)",oop,0.35549193182796757,-,-0.020953731146527568,0.23077384044063307
14,531.342656605557,,,mixed cyclic-ring out-of-plane deformation / cyclic-ring deformation (C-N-C bend) / ring-site C-H in-plane bending,nu(C7-N9),bond,0.35392973141005635,-,-0.016246247633314215,0.38219981510192685
14,531.342656605557,,,mixed cyclic-ring out-of-plane deformation / cyclic-ring deformation (C-N-C bend) / ring-site C-H in-plane bending,delta(O1-C2-C3),angle,0.3410123972892504,+,0.016365547099604822,0.3629014258602332
14,531.342656605557,,,mixed cyclic-ring out-of-plane deformation / cyclic-ring deformation (C-N-C bend) / ring-site C-H in-plane bending,delta(O5-C4-H13),angle,0.29781279245993186,-,-0.016037219028500256,0.33003864165600133
14,531.342656605557,,,mixed cyclic-ring out-of-plane deformation / cyclic-ring deformation (C-N-C bend) / ring-site C-H in-plane bending,"gamma(N9;C7,C6,C8)",oop,0.2625625983545674,-,-0.007219286374849506,1.4358989750573936
14,531.342656605557,,,mixed cyclic-ring out-of-plane deformation / cyclic-ring deformation (C-N-C bend) / ring-site C-H in-plane bending,nu(C7-C8),bond,0.20652655606870915,+,0.012390062253393,0.3834497769963347
14,531.342656605557,,,mixed cyclic-ring out-of-plane deformation / cyclic-ring deformation (C-N-C bend) / ring-site C-H in-plane bending,delta(C7-C8-H18),angle,0.1813610165278315,+,0.01567598819641111,0.21035539225769873
14,531.342656605557,,,mixed cyclic-ring out-of-plane deformation / cyclic-ring deformation (C-N-C bend) / ring-site C-H in-plane bending,"gamma(H15;C6,O5,C7)",oop,0.17706960871043995,-,-0.015009464948725237,0.22402328903471713
14,531.342656605557,,,mixed cyclic-ring out-of-plane deformation / cyclic-ring deformation (C-N-C bend) / ring-site C-H in-plane bending,"gamma(N9;C3,C2,H11)",oop,0.16749592453453316,-,-0.012215934857887223,0.319911897315103
14,531.342656605557,,,mixed cyclic-ring out-of-plane deformation / cyclic-ring deformation (C-N-C bend) / ring-site C-H in-plane bending,nu(C2-C3),bond,0.1656907093803316,+,0.01358248302752561,0.25598786529004025
14,531.342656605557,,,mixed cyclic-ring out-of-plane deformation / cyclic-ring deformation (C-N-C bend) / ring-site C-H in-plane bending,nu(C3-N9),bond,0.10585193498458803,-,-0.009785740094434683,0.31505836222860206
14,531.342656605557,,,mixed cyclic-ring out-of-plane deformation / cyclic-ring deformation (C-N-C bend) / ring-site C-H in-plane bending,delta(O5-C4-H12),angle,0.0719002816076228,+,0.007628536879280261,0.3521499690707172
14,531.342656605557,,,mixed cyclic-ring out-of-plane deformation / cyclic-ring deformation (C-N-C bend) / ring-site C-H in-plane bending,"gamma(H15;C6,O5,H14)",oop,0.07164766203092712,+,0.0101253231445262,0.1991882893990281
14,531.342656605557,,,mixed cyclic-ring out-of-plane deformation / cyclic-ring deformation (C-N-C bend) / ring-site C-H in-plane bending,delta(C4-O5-C6),angle,0.06613763189434944,-,-0.00590057040212532,0.5414273760865053
14,531.342656605557,,,mixed cyclic-ring out-of-plane deformation / cyclic-ring deformation (C-N-C bend) / ring-site C-H in-plane bending,delta(N9-C7-H16),angle,0.06107512367244689,-,-0.006387052959387024,0.4267198877605949
14,531.342656605557,,,mixed cyclic-ring out-of-plane deformation / cyclic-ring deformation (C-N-C bend) / ring-site C-H in-plane bending,tau(H17-C8-N9-C3),dihedral,0.059664683785340414,+,0.010836652827527665,0.14481267848705123
14,531.342656605557,,,mixed cyclic-ring out-of-plane deformation / cyclic-ring deformation (C-N-C bend) / ring-site C-H in-plane bending,"gamma(C8;C7,N9,H16)",oop,0.054322465852391054,+,0.004710056419225907,0.6979218906199945
14,531.342656605557,,,mixed cyclic-ring out-of-plane deformation / cyclic-ring deformation (C-N-C bend) / ring-site C-H in-plane bending,nu(C4-O5),bond,0.04035109046736221,+,0.005890778716328455,0.3314281718002575
14,531.342656605557,,,mixed cyclic-ring out-of-plane deformation / cyclic-ring deformation (C-N-C bend) / ring-site C-H in-plane bending,nu(C6-C7),bond,0.030059859735813918,+,0.00523453466921756,0.31268737896018667
14,531.342656605557,,,mixed cyclic-ring out-of-plane deformation / cyclic-ring deformation (C-N-C bend) / ring-site C-H in-plane bending,delta(O5-C6-H14),angle,0.022167310648788005,+,0.004161672405412088,0.3648016460119256
14,531.342656605557,,,mixed cyclic-ring out-of-plane deformation / cyclic-ring deformation (C-N-C bend) / ring-site C-H in-plane bending,delta(O1-C2-H10),angle,0.012618689797577038,-,-0.0035171218028644388,0.29074952250985897
14,531.342656605557,,,mixed cyclic-ring out-of-plane deformation / cyclic-ring deformation (C-N-C bend) / ring-site C-H in-plane bending,nu(C3-H11),bond,0.009659434637034276,-,-0.0029454921894568093,0.3173332068895945
14,531.342656605557,,,mixed cyclic-ring out-of-plane deformation / cyclic-ring deformation (C-N-C bend) / ring-site C-H in-plane bending,delta(H12-C4-H13),angle,0.0072049834164653525,-,-0.0026885728552706305,0.284098492946767
14,531.342656605557,,,mixed cyclic-ring out-of-plane deformation / cyclic-ring deformation (C-N-C bend) / ring-site C-H in-plane bending,nu(O1-C2),bond,0.005759692786648273,-,-0.001385508150438054,0.8551862569590472
14,531.342656605557,,,mixed cyclic-ring out-of-plane deformation / cyclic-ring deformation (C-N-C bend) / ring-site C-H in-plane bending,nu(C8-H17),bond,0.004669521889733643,+,0.0019475925168125244,0.3508777138495141
14,531.342656605557,,,mixed cyclic-ring out-of-plane deformation / cyclic-ring deformation (C-N-C bend) / ring-site C-H in-plane bending,nu(C7-H16),bond,0.003108919044022863,+,0.001602053599402269,0.34525095819208307
14,531.342656605557,,,mixed cyclic-ring out-of-plane deformation / cyclic-ring deformation (C-N-C bend) / ring-site C-H in-plane bending,nu(O5-C6),bond,0.0012029062585970733,+,0.0009997406663180026,0.34303357664828
14,531.342656605557,,,mixed cyclic-ring out-of-plane deformation / cyclic-ring deformation (C-N-C bend) / ring-site C-H in-plane bending,nu(C4-H12),bond,0.0010455551719560877,-,-0.000930006271281825,0.3445519910153448
14,531.342656605557,,,mixed cyclic-ring out-of-plane deformation / cyclic-ring deformation (C-N-C bend) / ring-site C-H in-plane bending,nu(C8-H18),bond,0.0010399014782154473,+,0.0009268952702345566,0.3449931141630818
14,531.342656605557,,,mixed cyclic-ring out-of-plane deformation / cyclic-ring deformation (C-N-C bend) / ring-site C-H in-plane bending,nu(C6-H14),bond,0.00041081699214988925,+,0.0005861997888279986,0.3407506136937907
14,531.342656605557,,,mixed cyclic-ring out-of-plane deformation / cyclic-ring deformation (C-N-C bend) / ring-site C-H in-plane bending,nu(C4-H13),bond,0.0003357623516631023,+,0.0005481086808299036,0.3185504336763951
14,531.342656605557,,,mixed cyclic-ring out-of-plane deformation / cyclic-ring deformation (C-N-C bend) / ring-site C-H in-plane bending,nu(C6-H15),bond,2.8987386859571874e-06,+,5.124139042820381e-05,0.3146638256816722
14,531.342656605557,,,mixed cyclic-ring out-of-plane deformation / cyclic-ring deformation (C-N-C bend) / ring-site C-H in-plane bending,nu(C2-H10),bond,1.7920510608220206e-06,+,4.12274885306402e-05,0.3005081011048296
15,603.8742567688689,,,mixed O-C-C bending / cyclic-ring out-of-plane deformation / cyclic C-N stretching,delta(O1-C2-C3),angle,26.136835425668348,-,-0.10710017552805705,0.3629014258602332
15,603.8742567688689,,,mixed O-C-C bending / cyclic-ring out-of-plane deformation / cyclic C-N stretching,nu(C3-N9),bond,15.853618545952875,-,-0.089521368985505,0.31505836222860206
15,603.8742567688689,,,mixed O-C-C bending / cyclic-ring out-of-plane deformation / cyclic C-N stretching,"gamma(N9;C7,C6,C8)",oop,13.948281399674629,+,0.0393329414593039,1.4358989750573936
15,603.8742567688689,,,mixed O-C-C bending / cyclic-ring out-of-plane deformation / cyclic C-N stretching,delta(C2-C3-H11),angle,8.671619892108804,-,-0.0501038326863396,0.5501414560655805
15,603.8742567688689,,,mixed O-C-C bending / cyclic-ring out-of-plane deformation / cyclic C-N stretching,"gamma(N9;C3,C4,H11)",oop,3.747463386016779,-,-0.03204569424687862,0.5811845564107604
15,603.8742567688689,,,mixed O-C-C bending / cyclic-ring out-of-plane deformation / cyclic C-N stretching,nu(C3-C4),bond,3.480701262450135,+,0.04355083849440257,0.2922737052353564
15,603.8742567688689,,,mixed O-C-C bending / cyclic-ring out-of-plane deformation / cyclic C-N stretching,delta(O1-C2-H10),angle,2.5958144182352174,+,0.03770815932015718,0.29074952250985897
15,603.8742567688689,,,mixed O-C-C bending / cyclic-ring out-of-plane deformation / cyclic C-N stretching,"gamma(N9;C3,C2,C4)",oop,2.541777536911312,+,0.03026397277782511,0.44197906466807035
15,603.8742567688689,,,mixed O-C-C bending / cyclic-ring out-of-plane deformation / cyclic C-N stretching,nu(C2-C3),bond,2.470989410477671,-,-0.03920881988302671,0.25598786529004025
15,603.8742567688689,,,mixed O-C-C bending / cyclic-ring out-of-plane deformation / cyclic C-N stretching,delta(N9-C7-H16),angle,2.358923868316952,-,-0.029671775783486027,0.4267198877605949
15,603.8742567688689,,,mixed O-C-C bending / cyclic-ring out-of-plane deformation / cyclic C-N stretching,"gamma(O1;C2,C3,H10)",oop,1.7001020326011218,+,0.049849296324683406,0.10896147127568684
15,603.8742567688689,,,mixed O-C-C bending / cyclic-ring out-of-plane deformation / cyclic C-N stretching,delta(C4-C3-H11),angle,1.6638183652550695,-,-0.02316489026874287,0.4938117910383473
15,603.8742567688689,,,mixed O-C-C bending / cyclic-ring out-of-plane deformation / cyclic C-N stretching,nu(C4-O5),bond,1.6029273235160664,+,0.02775365744498862,0.3314281718002575
15,603.8742567688689,,,mixed O-C-C bending / cyclic-ring out-of-plane deformation / cyclic C-N stretching,"gamma(C8;C7,C6,N9)",oop,1.6024834286411058,-,-0.017258436116614987,0.8568537564805015
15,603.8742567688689,,,mixed O-C-C bending / cyclic-ring out-of-plane deformation / cyclic C-N stretching,delta(O5-C4-H12),angle,1.3537870113612256,-,-0.024743968975856106,0.3521499690707172
15,603.8742567688689,,,mixed O-C-C bending / cyclic-ring out-of-plane deformation / cyclic C-N stretching,"gamma(H15;C6,C7,H14)",oop,1.3134974721545403,-,-0.030107822720577774,0.23077384044063307
15,603.8742567688689,,,mixed O-C-C bending / cyclic-ring out-of-plane deformation / cyclic C-N stretching,delta(C6-C7-H16),angle,1.1787948377401318,-,-0.018964059010782304,0.522025437102308
15,603.8742567688689,,,mixed O-C-C bending / cyclic-ring out-of-plane deformation / cyclic C-N stretching,nu(C7-C8),bond,1.133777408813419,+,0.021700396695467233,0.3834497769963347
15,603.8742567688689,,,mixed O-C-C bending / cyclic-ring out-of-plane deformation / cyclic C-N stretching,"gamma(H15;C6,O5,H14)",oop,1.0262504430583506,+,0.02864526181938539,0.1991882893990281
15,603.8742567688689,,,mixed O-C-C bending / cyclic-ring out-of-plane deformation / cyclic C-N stretching,nu(C7-N9),bond,0.8185441181391915,-,-0.018468593736724312,0.38219981510192685
15,603.8742567688689,,,mixed O-C-C bending / cyclic-ring out-of-plane deformation / cyclic C-N stretching,"gamma(C8;C7,N9,H16)",oop,0.5907383162432124,-,-0.011610533569352608,0.6979218906199945
15,603.8742567688689,,,mixed O-C-C bending / cyclic-ring out-of-plane deformation / cyclic C-N stretching,delta(O5-C6-H14),angle,0.5614695654125166,+,0.015656429752456204,0.3648016460119256
15,603.8742567688689,,,mixed O-C-C bending / cyclic-ring out-of-plane deformation / cyclic C-N stretching,nu(O1-C2),bond,0.5499167354827532,-,-0.010119897880115573,0.8551862569590472
15,603.8742567688689,,,mixed O-C-C bending / cyclic-ring out-of-plane deformation / cyclic C-N stretching,tau(C4-O5-C6-H14),dihedral,0.4960375929226342,-,-0.02594730742614122,0.11733998626181286
15,603.8742567688689,,,mixed O-C-C bending / cyclic-ring out-of-plane deformation / cyclic C-N stretching,delta(C3-N9-C8),angle,0.4838671104358853,+,0.016740302218791414,0.27498914531836777
15,603.8742567688689,,,mixed O-C-C bending / cyclic-ring out-of-plane deformation / cyclic C-N stretching,tau(H10-C2-C3-C4),dihedral,0.3935294757491739,-,-0.08336998335949028,0.00901724508707496
15,603.8742567688689,,,mixed O-C-C bending / cyclic-ring out-of-plane deformation / cyclic C-N stretching,"gamma(H15;C6,O5,C7)",oop,0.30006127569988417,-,-0.014605499337369507,0.22402328903471713
15,603.8742567688689,,,mixed O-C-C bending / cyclic-ring out-of-plane deformation / cyclic C-N stretching,nu(O5-C6),bond,0.2588905607758223,-,-0.010963464396859128,0.34303357664828
15,603.8742567688689,,,mixed O-C-C bending / cyclic-ring out-of-plane deformation / cyclic C-N stretching,delta(C4-O5-C6),angle,0.2236739101535295,+,0.008111395502905093,0.5414273760865053
15,603.8742567688689,,,mixed O-C-C bending / cyclic-ring out-of-plane deformation / cyclic C-N stretching,delta(O5-C4-H13),angle,0.19232277328220462,-,-0.009633652556702612,0.33003864165600133
15,603.8742567688689,,,mixed O-C-C bending / cyclic-ring out-of-plane deformation / cyclic C-N stretching,delta(C3-C4-H12),angle,0.1690099466843426,-,-0.009264985066617463,0.313573139325566
15,603.8742567688689,,,mixed O-C-C bending / cyclic-ring out-of-plane deformation / cyclic C-N stretching,nu(C6-C7),bond,0.1274202147067073,-,-0.008056047318779949,0.31268737896018667
15,603.8742567688689,,,mixed O-C-C bending / cyclic-ring out-of-plane deformation / cyclic C-N stretching,"gamma(N9;C8,C7,H18)",oop,0.11966427110483464,+,0.005672463927842588,0.5922936146637127
15,603.8742567688689,,,mixed O-C-C bending / cyclic-ring out-of-plane deformation / cyclic C-N stretching,tau(H17-C8-N9-C3),dihedral,0.11306176216695574,-,-0.01115096878419098,0.14481267848705123
15,603.8742567688689,,,mixed O-C-C bending / cyclic-ring out-of-plane deformation / cyclic C-N stretching,"gamma(N9;C3,C2,H11)",oop,0.06640221333968532,-,-0.0057495532464884045,0.319911897315103
15,603.8742567688689,,,mixed O-C-C bending / cyclic-ring out-of-plane deformation / cyclic C-N stretching,nu(C3-H11),bond,0.06380252915062443,+,0.0056587330320311754,0.3173332068895945
15,603.8742567688689,,,mixed O-C-C bending / cyclic-ring out-of-plane deformation / cyclic C-N stretching,tau(C2-C3-C4-O5),dihedral,0.021404485831825942,+,0.0046906936013317545,0.15493398999329233
15,603.8742567688689,,,mixed O-C-C bending / cyclic-ring out-of-plane deformation / cyclic C-N stretching,delta(H12-C4-H13),angle,0.01693481675954489,+,0.003081156828843982,0.284098492946767
15,603.8742567688689,,,mixed O-C-C bending / cyclic-ring out-of-plane deformation / cyclic C-N stretching,nu(C4-H12),bond,0.012712694597075094,-,-0.0024240939253888654,0.3445519910153448
15,603.8742567688689,,,mixed O-C-C bending / cyclic-ring out-of-plane deformation / cyclic C-N stretching,nu(C4-H13),bond,0.008859997588686323,-,-0.002104678282617864,0.3185504336763951
15,603.8742567688689,,,mixed O-C-C bending / cyclic-ring out-of-plane deformation / cyclic C-N stretching,delta(C7-C8-H18),angle,0.007465483387544775,+,0.0023774432570887625,0.21035539225769873
15,603.8742567688689,,,mixed O-C-C bending / cyclic-ring out-of-plane deformation / cyclic C-N stretching,nu(C6-H14),bond,0.006695686918124711,+,0.001769038416284663,0.3407506136937907
15,603.8742567688689,,,mixed O-C-C bending / cyclic-ring out-of-plane deformation / cyclic C-N stretching,nu(C7-H16),bond,0.005428317565401827,-,-0.0015824252177939146,0.34525095819208307
15,603.8742567688689,,,mixed O-C-C bending / cyclic-ring out-of-plane deformation / cyclic C-N stretching,delta(N9-C8-H17),angle,0.003901092667752919,+,0.0016772563503600732,0.22085305625644952
15,603.8742567688689,,,mixed O-C-C bending / cyclic-ring out-of-plane deformation / cyclic C-N stretching,nu(C8-H18),bond,0.0036555812147223516,+,0.0012990654225800624,0.3449931141630818
15,603.8742567688689,,,mixed O-C-C bending / cyclic-ring out-of-plane deformation / cyclic C-N stretching,nu(C6-H15),bond,0.002216547518908453,+,0.0010591881958634977,0.3146638256816722
15,603.8742567688689,,,mixed O-C-C bending / cyclic-ring out-of-plane deformation / cyclic C-N stretching,nu(C8-H17),bond,0.0005465771336734945,+,0.0004980877437076493,0.3508777138495141
15,603.8742567688689,,,mixed O-C-C bending / cyclic-ring out-of-plane deformation / cyclic C-N stretching,nu(C2-H10),bond,0.00030287841305305364,+,0.0004006490217720997,0.3005081011048296
16,690.6654317555696,,,mixed ring-site C-H out-of-plane bending / cyclic-ring out-of-plane deformation,tau(H17-C8-N9-C3),dihedral,24.445934126945367,-,-0.20638649026650596,0.14481267848705123
16,690.6654317555696,,,mixed ring-site C-H out-of-plane bending / cyclic-ring out-of-plane deformation,nu(C7-C8),bond,10.220563930369481,+,0.08200954928613688,0.3834497769963347
16,690.6654317555696,,,mixed ring-site C-H out-of-plane bending / cyclic-ring out-of-plane deformation,"gamma(C8;C7,N9,H16)",oop,7.058043866315113,-,-0.050514959217341844,0.6979218906199945
16,690.6654317555696,,,mixed ring-site C-H out-of-plane bending / cyclic-ring out-of-plane deformation,delta(C4-O5-C6),angle,6.4929872373351225,-,-0.05500895684309876,0.5414273760865053
16,690.6654317555696,,,mixed ring-site C-H out-of-plane bending / cyclic-ring out-of-plane deformation,nu(O5-C6),bond,6.011023248770221,+,0.06649471491063091,0.34303357664828
16,690.6654317555696,,,mixed ring-site C-H out-of-plane bending / cyclic-ring out-of-plane deformation,delta(C6-C7-H16),angle,3.8840674073062487,+,0.04332901203956553,0.522025437102308
16,690.6654317555696,,,mixed ring-site C-H out-of-plane bending / cyclic-ring out-of-plane deformation,nu(C7-N9),bond,3.520225410547215,-,-0.04820823603930899,0.38219981510192685
16,690.6654317555696,,,mixed ring-site C-H out-of-plane bending / cyclic-ring out-of-plane deformation,nu(C2-C3),bond,3.3063527758489184,+,0.05708817315041111,0.25598786529004025
16,690.6654317555696,,,mixed ring-site C-H out-of-plane bending / cyclic-ring out-of-plane deformation,nu(C6-C7),bond,3.2156669404049,+,0.05094031129696416,0.31268737896018667
16,690.6654317555696,,,mixed ring-site C-H out-of-plane bending / cyclic-ring out-of-plane deformation,delta(C7-C8-H18),angle,2.920512410802463,-,-0.05918803796998597,0.21035539225769873
16,690.6654317555696,,,mixed ring-site C-H out-of-plane bending / cyclic-ring out-of-plane deformation,delta(C2-C3-H11),angle,2.8837490930339316,-,-0.036368282297627195,0.5501414560655805
16,690.6654317555696,,,mixed ring-site C-H out-of-plane bending / cyclic-ring out-of-plane deformation,"gamma(N9;C7,C6,C8)",oop,2.7560647745366453,-,-0.022007160343703175,1.4358989750573936
16,690.6654317555696,,,mixed ring-site C-H out-of-plane bending / cyclic-ring out-of-plane deformation,"gamma(N9;C8,C7,H18)",oop,2.7048285657901627,+,0.033945529478635196,0.5922936146637127
16,690.6654317555696,,,mixed ring-site C-H out-of-plane bending / cyclic-ring out-of-plane deformation,nu(C3-N9),bond,2.467568382353266,-,-0.04445497119545785,0.31505836222860206
16,690.6654317555696,,,mixed ring-site C-H out-of-plane bending / cyclic-ring out-of-plane deformation,"gamma(H15;C6,O5,C7)",oop,2.091322868162188,+,0.048533900889128456,0.22402328903471713
16,690.6654317555696,,,mixed ring-site C-H out-of-plane bending / cyclic-ring out-of-plane deformation,"gamma(H15;C6,O5,H14)",oop,1.690482446202611,-,-0.04627587848859778,0.1991882893990281
16,690.6654317555696,,,mixed ring-site C-H out-of-plane bending / cyclic-ring out-of-plane deformation,"gamma(N9;C3,C2,H11)",oop,1.6651470084278583,-,-0.03624034598881553,0.319911897315103
16,690.6654317555696,,,mixed ring-site C-H out-of-plane bending / cyclic-ring out-of-plane deformation,delta(N9-C7-H16),angle,1.6550251605221535,+,0.03128326679354137,0.4267198877605949
16,690.6654317555696,,,mixed ring-site C-H out-of-plane bending / cyclic-ring out-of-plane deformation,"gamma(C8;C7,C6,N9)",oop,1.5337903929741001,-,-0.021252542550564687,0.8568537564805015
16,690.6654317555696,,,mixed ring-site C-H out-of-plane bending / cyclic-ring out-of-plane deformation,delta(O5-C4-H13),angle,1.3380566360369286,-,-0.03198424421976826,0.33003864165600133
16,690.6654317555696,,,mixed ring-site C-H out-of-plane bending / cyclic-ring out-of-plane deformation,delta(O1-C2-C3),angle,1.1857584178280727,-,-0.028713425795947798,0.3629014258602332
16,690.6654317555696,,,mixed ring-site C-H out-of-plane bending / cyclic-ring out-of-plane deformation,nu(C4-O5),bond,1.162018127508327,+,0.02974356228249699,0.3314281718002575
16,690.6654317555696,,,mixed ring-site C-H out-of-plane bending / cyclic-ring out-of-plane deformation,delta(C3-N9-C8),angle,0.9124297000491147,+,0.028934978989867535,0.27498914531836777
16,690.6654317555696,,,mixed ring-site C-H out-of-plane bending / cyclic-ring out-of-plane deformation,"gamma(O1;C2,C3,H10)",oop,0.9095802853296762,+,0.04589499007164453,0.10896147127568684
16,690.6654317555696,,,mixed ring-site C-H out-of-plane bending / cyclic-ring out-of-plane deformation,"gamma(H15;C6,C7,H14)",oop,0.7341807748287635,+,0.02833279736154874,0.23077384044063307
16,690.6654317555696,,,mixed ring-site C-H out-of-plane bending / cyclic-ring out-of-plane deformation,delta(C4-C3-H11),angle,0.6688785333529251,+,0.018487327789511874,0.4938117910383473
16,690.6654317555696,,,mixed ring-site C-H out-of-plane bending / cyclic-ring out-of-plane deformation,tau(C2-C3-C4-O5),dihedral,0.5587197320970809,+,0.03016510854027205,0.15493398999329233
16,690.6654317555696,,,mixed ring-site C-H out-of-plane bending / cyclic-ring out-of-plane deformation,"gamma(N9;C3,C4,H11)",oop,0.45963178087574574,-,-0.01412632626387811,0.5811845564107604
16,690.6654317555696,,,mixed ring-site C-H out-of-plane bending / cyclic-ring out-of-plane deformation,tau(C4-O5-C6-H14),dihedral,0.45479500393060956,+,0.03127274951921738,0.11733998626181286
16,690.6654317555696,,,mixed ring-site C-H out-of-plane bending / cyclic-ring out-of-plane deformation,delta(O5-C4-H12),angle,0.39494671953387434,+,0.016822350151871675,0.3521499690707172
16,690.6654317555696,,,mixed ring-site C-H out-of-plane bending / cyclic-ring out-of-plane deformation,delta(C3-C4-H12),angle,0.34656969856804865,+,0.016699639946626623,0.313573139325566
16,690.6654317555696,,,mixed ring-site C-H out-of-plane bending / cyclic-ring out-of-plane deformation,tau(H10-C2-C3-C4),dihedral,0.17930236182966805,-,-0.07083327279288917,0.00901724508707496
16,690.6654317555696,,,mixed ring-site C-H out-of-plane bending / cyclic-ring out-of-plane deformation,nu(C3-C4),bond,0.039553894814027546,+,0.005843606921182504,0.2922737052353564
16,690.6654317555696,,,mixed ring-site C-H out-of-plane bending / cyclic-ring out-of-plane deformation,delta(N9-C8-H17),angle,0.034047010431531015,+,0.006236903512559233,0.22085305625644952
16,690.6654317555696,,,mixed ring-site C-H out-of-plane bending / cyclic-ring out-of-plane deformation,nu(C6-H15),bond,0.02455948816851673,-,-0.004437797558161865,0.3146638256816722
16,690.6654317555696,,,mixed ring-site C-H out-of-plane bending / cyclic-ring out-of-plane deformation,nu(C7-H16),bond,0.01868739915293542,+,0.0036956277966686923,0.34525095819208307
16,690.6654317555696,,,mixed ring-site C-H out-of-plane bending / cyclic-ring out-of-plane deformation,nu(C8-H18),bond,0.009602169694517822,+,0.002650090560785489,0.3449931141630818
16,690.6654317555696,,,mixed ring-site C-H out-of-plane bending / cyclic-ring out-of-plane deformation,delta(O1-C2-H10),angle,0.008452943113184497,+,0.0027084804697268938,0.29074952250985897
16,690.6654317555696,,,mixed ring-site C-H out-of-plane bending / cyclic-ring out-of-plane deformation,nu(C8-H17),bond,0.007676720185117216,+,0.0023495852297921132,0.3508777138495141
16,690.6654317555696,,,mixed ring-site C-H out-of-plane bending / cyclic-ring out-of-plane deformation,delta(O5-C6-H14),angle,0.007069271576762116,-,-0.002211261877611345,0.3648016460119256
16,690.6654317555696,,,mixed ring-site C-H out-of-plane bending / cyclic-ring out-of-plane deformation,nu(C6-H14),bond,0.0061918050205847066,-,-0.0021412705942821146,0.3407506136937907
16,690.6654317555696,,,mixed ring-site C-H out-of-plane bending / cyclic-ring out-of-plane deformation,nu(O1-C2),bond,0.005334958486815235,+,0.0012546321320698723,0.8551862569590472
16,690.6654317555696,,,mixed ring-site C-H out-of-plane bending / cyclic-ring out-of-plane deformation,nu(C3-H11),bond,0.005040196672624858,+,0.0020019223198116834,0.3173332068895945
16,690.6654317555696,,,mixed ring-site C-H out-of-plane bending / cyclic-ring out-of-plane deformation,delta(H12-C4-H13),angle,0.0032093292278915875,-,-0.0016883166792493569,0.284098492946767
16,690.6654317555696,,,mixed ring-site C-H out-of-plane bending / cyclic-ring out-of-plane deformation,nu(C4-H12),bond,0.0020489524074436974,-,-0.0012249540383061082,0.3445519910153448
16,690.6654317555696,,,mixed ring-site C-H out-of-plane bending / cyclic-ring out-of-plane deformation,nu(C2-H10),bond,0.00016808412209763846,+,0.00037567863154397337,0.3005081011048296
16,690.6654317555696,,,mixed ring-site C-H out-of-plane bending / cyclic-ring out-of-plane deformation,nu(C4-H13),bond,8.781229437719453e-05,+,0.00026373623511988226,0.3185504336763951
16,690.6654317555696,,,mixed ring-site C-H out-of-plane bending / cyclic-ring out-of-plane deformation,"gamma(N9;C3,C2,C4)",oop,4.614621471967293e-05,+,0.0001623111789617935,0.44197906466807035
17,738.6606427456509,,,mixed cyclic-ring out-of-plane deformation / mixed-phase cyclic C-C stretching / O-C-C bending,nu(C3-C4),bond,17.88822789395138,-,-0.12789191098400976,0.2922737052353564
17,738.6606427456509,,,mixed cyclic-ring out-of-plane deformation / mixed-phase cyclic C-C stretching / O-C-C bending,delta(O1-C2-C3),angle,16.89134033325895,+,0.11153007870998345,0.3629014258602332
17,738.6606427456509,,,mixed cyclic-ring out-of-plane deformation / mixed-phase cyclic C-C stretching / O-C-C bending,"gamma(N9;C7,C6,C8)",oop,11.875587223314495,+,0.04701320877645791,1.4358989750573936
17,738.6606427456509,,,mixed cyclic-ring out-of-plane deformation / mixed-phase cyclic C-C stretching / O-C-C bending,nu(C3-N9),bond,11.093578085265438,-,-0.09700510868295224,0.31505836222860206
17,738.6606427456509,,,mixed cyclic-ring out-of-plane deformation / mixed-phase cyclic C-C stretching / O-C-C bending,"gamma(C8;C7,N9,H16)",oop,8.2285407321115,-,-0.056132229381381245,0.6979218906199945
17,738.6606427456509,,,mixed cyclic-ring out-of-plane deformation / mixed-phase cyclic C-C stretching / O-C-C bending,nu(C7-C8),bond,6.408775949483018,+,0.06683248191044837,0.3834497769963347
17,738.6606427456509,,,mixed cyclic-ring out-of-plane deformation / mixed-phase cyclic C-C stretching / O-C-C bending,delta(C3-C4-H12),angle,4.358297290757938,-,-0.060945730721074176,0.313573139325566
17,738.6606427456509,,,mixed cyclic-ring out-of-plane deformation / mixed-phase cyclic C-C stretching / O-C-C bending,"gamma(N9;C3,C2,C4)",oop,3.5292391583291973,+,0.04619489509356403,0.44197906466807035
17,738.6606427456509,,,mixed cyclic-ring out-of-plane deformation / mixed-phase cyclic C-C stretching / O-C-C bending,"gamma(C8;C7,C6,N9)",oop,2.864133564018716,-,-0.02988804928101909,0.8568537564805015
17,738.6606427456509,,,mixed cyclic-ring out-of-plane deformation / mixed-phase cyclic C-C stretching / O-C-C bending,"gamma(N9;C3,C4,H11)",oop,2.3175978016596286,+,0.03264497138142028,0.5811845564107604
17,738.6606427456509,,,mixed cyclic-ring out-of-plane deformation / mixed-phase cyclic C-C stretching / O-C-C bending,nu(C2-C3),bond,2.244995184041403,-,-0.04841192003716584,0.25598786529004025
17,738.6606427456509,,,mixed cyclic-ring out-of-plane deformation / mixed-phase cyclic C-C stretching / O-C-C bending,delta(C2-C3-H11),angle,2.1238936479022854,-,-0.032120587975173885,0.5501414560655805
17,738.6606427456509,,,mixed cyclic-ring out-of-plane deformation / mixed-phase cyclic C-C stretching / O-C-C bending,nu(C4-O5),bond,1.5918556984706047,-,-0.035827081150071126,0.3314281718002575
17,738.6606427456509,,,mixed cyclic-ring out-of-plane deformation / mixed-phase cyclic C-C stretching / O-C-C bending,tau(C2-C3-C4-O5),dihedral,1.0593077756302223,+,0.04274565903149039,0.15493398999329233
17,738.6606427456509,,,mixed cyclic-ring out-of-plane deformation / mixed-phase cyclic C-C stretching / O-C-C bending,delta(O1-C2-H10),angle,0.8400527719004894,-,-0.027787410014933865,0.29074952250985897
17,738.6606427456509,,,mixed cyclic-ring out-of-plane deformation / mixed-phase cyclic C-C stretching / O-C-C bending,nu(C6-C7),bond,0.8372436924172194,+,0.026750078198413105,0.31268737896018667
17,738.6606427456509,,,mixed cyclic-ring out-of-plane deformation / mixed-phase cyclic C-C stretching / O-C-C bending,nu(O5-C6),bond,0.6789761621650287,-,-0.02299922688895156,0.34303357664828
17,738.6606427456509,,,mixed cyclic-ring out-of-plane deformation / mixed-phase cyclic C-C stretching / O-C-C bending,"gamma(O1;C2,C3,H10)",oop,0.6504421687645989,+,0.039941296224951565,0.10896147127568684
17,738.6606427456509,,,mixed cyclic-ring out-of-plane deformation / mixed-phase cyclic C-C stretching / O-C-C bending,delta(C7-C8-H18),angle,0.5813287610601447,-,-0.027176177486865218,0.21035539225769873
17,738.6606427456509,,,mixed cyclic-ring out-of-plane deformation / mixed-phase cyclic C-C stretching / O-C-C bending,"gamma(H15;C6,C7,H14)",oop,0.5783635767148714,-,-0.025879832936906277,0.23077384044063307
17,738.6606427456509,,,mixed cyclic-ring out-of-plane deformation / mixed-phase cyclic C-C stretching / O-C-C bending,delta(C4-O5-C6),angle,0.5122424504572012,+,0.015900909559873454,0.5414273760865053
17,738.6606427456509,,,mixed cyclic-ring out-of-plane deformation / mixed-phase cyclic C-C stretching / O-C-C bending,delta(O5-C4-H13),angle,0.48633722825813075,+,0.019844522436412555,0.33003864165600133
17,738.6606427456509,,,mixed cyclic-ring out-of-plane deformation / mixed-phase cyclic C-C stretching / O-C-C bending,delta(N9-C7-H16),angle,0.38716813434161657,-,-0.01557157889931192,0.4267198877605949
17,738.6606427456509,,,mixed cyclic-ring out-of-plane deformation / mixed-phase cyclic C-C stretching / O-C-C bending,"gamma(H15;C6,O5,H14)",oop,0.3297458098085258,+,0.021033523526018675,0.1991882893990281
17,738.6606427456509,,,mixed cyclic-ring out-of-plane deformation / mixed-phase cyclic C-C stretching / O-C-C bending,tau(H17-C8-N9-C3),dihedral,0.2973414537787538,-,-0.023424952927021785,0.14481267848705123
17,738.6606427456509,,,mixed cyclic-ring out-of-plane deformation / mixed-phase cyclic C-C stretching / O-C-C bending,tau(H10-C2-C3-C4),dihedral,0.24955879182018004,-,-0.08600105721582894,0.00901724508707496
17,738.6606427456509,,,mixed cyclic-ring out-of-plane deformation / mixed-phase cyclic C-C stretching / O-C-C bending,tau(C4-O5-C6-H14),dihedral,0.2377427405616877,-,-0.023269385022543825,0.11733998626181286
17,738.6606427456509,,,mixed cyclic-ring out-of-plane deformation / mixed-phase cyclic C-C stretching / O-C-C bending,nu(C7-N9),bond,0.2234502864216966,-,-0.012499697741334652,0.38219981510192685
17,738.6606427456509,,,mixed cyclic-ring out-of-plane deformation / mixed-phase cyclic C-C stretching / O-C-C bending,"gamma(N9;C3,C2,H11)",oop,0.12006316722507059,-,-0.010014839461240375,0.319911897315103
17,738.6606427456509,,,mixed cyclic-ring out-of-plane deformation / mixed-phase cyclic C-C stretching / O-C-C bending,delta(C6-C7-H16),angle,0.08695309990536144,+,0.006671922479633518,0.522025437102308
17,738.6606427456509,,,mixed cyclic-ring out-of-plane deformation / mixed-phase cyclic C-C stretching / O-C-C bending,delta(C3-N9-C8),angle,0.06392988867445126,+,0.007882218839009138,0.27498914531836777
17,738.6606427456509,,,mixed cyclic-ring out-of-plane deformation / mixed-phase cyclic C-C stretching / O-C-C bending,"gamma(N9;C8,C7,H18)",oop,0.057914102554392305,+,0.0051118479791539525,0.5922936146637127
17,738.6606427456509,,,mixed cyclic-ring out-of-plane deformation / mixed-phase cyclic C-C stretching / O-C-C bending,delta(O5-C6-H14),angle,0.055871599072162194,+,0.006397664268989709,0.3648016460119256
17,738.6606427456509,,,mixed cyclic-ring out-of-plane deformation / mixed-phase cyclic C-C stretching / O-C-C bending,delta(N9-C8-H17),angle,0.04165582131989545,+,0.007099707128435296,0.22085305625644952
17,738.6606427456509,,,mixed cyclic-ring out-of-plane deformation / mixed-phase cyclic C-C stretching / O-C-C bending,delta(H12-C4-H13),angle,0.04107863833589595,-,-0.006216241014633958,0.284098492946767
17,738.6606427456509,,,mixed cyclic-ring out-of-plane deformation / mixed-phase cyclic C-C stretching / O-C-C bending,delta(C4-C3-H11),angle,0.04058765289420184,+,0.004686736432231058,0.4938117910383473
17,738.6606427456509,,,mixed cyclic-ring out-of-plane deformation / mixed-phase cyclic C-C stretching / O-C-C bending,"gamma(H15;C6,O5,C7)",oop,0.03253782738236496,-,-0.006230199888064378,0.22402328903471713
17,738.6606427456509,,,mixed cyclic-ring out-of-plane deformation / mixed-phase cyclic C-C stretching / O-C-C bending,delta(O5-C4-H12),angle,0.027963608958285122,-,-0.004606669683060006,0.3521499690707172
17,738.6606427456509,,,mixed cyclic-ring out-of-plane deformation / mixed-phase cyclic C-C stretching / O-C-C bending,nu(O1-C2),bond,0.024553288022879035,+,0.002769993579749769,0.8551862569590472
17,738.6606427456509,,,mixed cyclic-ring out-of-plane deformation / mixed-phase cyclic C-C stretching / O-C-C bending,nu(C3-H11),bond,0.02059437373878252,+,0.004164576311094147,0.3173332068895945
17,738.6606427456509,,,mixed cyclic-ring out-of-plane deformation / mixed-phase cyclic C-C stretching / O-C-C bending,nu(C8-H18),bond,0.007775842326497919,+,0.0024542726018186483,0.3449931141630818
17,738.6606427456509,,,mixed cyclic-ring out-of-plane deformation / mixed-phase cyclic C-C stretching / O-C-C bending,nu(C7-H16),bond,0.007264029073800831,-,-0.0023712406443092654,0.34525095819208307
17,738.6606427456509,,,mixed cyclic-ring out-of-plane deformation / mixed-phase cyclic C-C stretching / O-C-C bending,nu(C2-H10),bond,0.0020709016408542637,+,0.0013570815114326022,0.3005081011048296
17,738.6606427456509,,,mixed cyclic-ring out-of-plane deformation / mixed-phase cyclic C-C stretching / O-C-C bending,nu(C6-H14),bond,0.0012105304236862437,+,0.0009743698136481676,0.3407506136937907
17,738.6606427456509,,,mixed cyclic-ring out-of-plane deformation / mixed-phase cyclic C-C stretching / O-C-C bending,nu(C8-H17),bond,0.0010912838305890276,+,0.0009116859409975963,0.3508777138495141
17,738.6606427456509,,,mixed cyclic-ring out-of-plane deformation / mixed-phase cyclic C-C stretching / O-C-C bending,nu(C4-H13),bond,0.0010018338069291307,+,0.0009167755681172128,0.3185504336763951
17,738.6606427456509,,,mixed cyclic-ring out-of-plane deformation / mixed-phase cyclic C-C stretching / O-C-C bending,nu(C6-H15),bond,0.0005061716143938685,+,0.0006556616373321521,0.3146638256816722
17,738.6606427456509,,,mixed cyclic-ring out-of-plane deformation / mixed-phase cyclic C-C stretching / O-C-C bending,nu(C4-H12),bond,1.1972534604188663e-05,+,9.636514037103912e-05,0.3445519910153448
18,803.8787924491808,,,mixed cyclic-ring out-of-plane deformation / cyclic C-N stretching / cyclic C-C stretching,nu(C7-N9),bond,23.010866513379266,+,0.1617588705905576,0.38219981510192685
18,803.8787924491808,,,mixed cyclic-ring out-of-plane deformation / cyclic C-N stretching / cyclic C-C stretching,delta(C2-C3-H11),angle,13.114559912025674,+,0.10178564433615973,0.5501414560655805
18,803.8787924491808,,,mixed cyclic-ring out-of-plane deformation / cyclic C-N stretching / cyclic C-C stretching,nu(C6-C7),bond,12.360821591025811,+,0.1310736365368016,0.31268737896018667
18,803.8787924491808,,,mixed cyclic-ring out-of-plane deformation / cyclic C-N stretching / cyclic C-C stretching,"gamma(C8;C7,N9,H16)",oop,10.441033912341036,-,-0.08063344196724746,0.6979218906199945
18,803.8787924491808,,,mixed cyclic-ring out-of-plane deformation / cyclic C-N stretching / cyclic C-C stretching,"gamma(N9;C7,C6,C8)",oop,8.832819670231173,+,0.05170524436803148,1.4358989750573936
18,803.8787924491808,,,mixed cyclic-ring out-of-plane deformation / cyclic C-N stretching / cyclic C-C stretching,"gamma(O1;C2,C3,H10)",oop,5.031315214377385,-,-0.1416612729030584,0.10896147127568684
18,803.8787924491808,,,mixed cyclic-ring out-of-plane deformation / cyclic C-N stretching / cyclic C-C stretching,"gamma(C8;C7,C6,N9)",oop,4.124861440513876,-,-0.04574021330335733,0.8568537564805015
18,803.8787924491808,,,mixed cyclic-ring out-of-plane deformation / cyclic C-N stretching / cyclic C-C stretching,nu(C3-C4),bond,2.8863652253212546,+,0.06551302075810782,0.2922737052353564
18,803.8787924491808,,,mixed cyclic-ring out-of-plane deformation / cyclic C-N stretching / cyclic C-C stretching,delta(C4-O5-C6),angle,2.3808830995565406,+,0.04371654044803258,0.5414273760865053
18,803.8787924491808,,,mixed cyclic-ring out-of-plane deformation / cyclic C-N stretching / cyclic C-C stretching,"gamma(N9;C8,C7,H18)",oop,2.230548565911891,-,-0.04045611472843324,0.5922936146637127
18,803.8787924491808,,,mixed cyclic-ring out-of-plane deformation / cyclic C-N stretching / cyclic C-C stretching,nu(C3-N9),bond,1.9552257633883865,+,0.051933764685643355,0.31505836222860206
18,803.8787924491808,,,mixed cyclic-ring out-of-plane deformation / cyclic C-N stretching / cyclic C-C stretching,"gamma(N9;C3,C2,C4)",oop,1.9110420305947946,-,-0.04334920387801884,0.44197906466807035
18,803.8787924491808,,,mixed cyclic-ring out-of-plane deformation / cyclic C-N stretching / cyclic C-C stretching,tau(C4-O5-C6-H14),dihedral,1.6692947727122718,+,0.07863037664173618,0.11733998626181286
18,803.8787924491808,,,mixed cyclic-ring out-of-plane deformation / cyclic C-N stretching / cyclic C-C stretching,nu(C7-C8),bond,1.2967001429111744,+,0.03833649379412913,0.3834497769963347
18,803.8787924491808,,,mixed cyclic-ring out-of-plane deformation / cyclic C-N stretching / cyclic C-C stretching,delta(C7-C8-H18),angle,1.2883120008303408,-,-0.051591785384295596,0.21035539225769873
18,803.8787924491808,,,mixed cyclic-ring out-of-plane deformation / cyclic C-N stretching / cyclic C-C stretching,delta(C4-C3-H11),angle,1.1831943446388886,-,-0.032269643722146184,0.4938117910383473
18,803.8787924491808,,,mixed cyclic-ring out-of-plane deformation / cyclic C-N stretching / cyclic C-C stretching,delta(C6-C7-H16),angle,1.1364119951467924,+,0.03075876736902223,0.522025437102308
18,803.8787924491808,,,mixed cyclic-ring out-of-plane deformation / cyclic C-N stretching / cyclic C-C stretching,"gamma(N9;C3,C2,H11)",oop,0.6664673522550301,+,0.030089924629889412,0.319911897315103
18,803.8787924491808,,,mixed cyclic-ring out-of-plane deformation / cyclic C-N stretching / cyclic C-C stretching,"gamma(H15;C6,C7,H14)",oop,0.5768827897881112,-,-0.0329607707349192,0.23077384044063307
18,803.8787924491808,,,mixed cyclic-ring out-of-plane deformation / cyclic C-N stretching / cyclic C-C stretching,nu(O5-C6),bond,0.5610819081530588,+,0.026661935450242633,0.34303357664828
18,803.8787924491808,,,mixed cyclic-ring out-of-plane deformation / cyclic C-N stretching / cyclic C-C stretching,tau(H10-C2-C3-C4),dihedral,0.535205817171831,+,0.16060916765115713,0.00901724508707496
18,803.8787924491808,,,mixed cyclic-ring out-of-plane deformation / cyclic C-N stretching / cyclic C-C stretching,delta(N9-C7-H16),angle,0.49530806570666486,-,-0.022460173863484957,0.4267198877605949
18,803.8787924491808,,,mixed cyclic-ring out-of-plane deformation / cyclic C-N stretching / cyclic C-C stretching,delta(O5-C4-H13),angle,0.41595911779299943,+,0.02340398356552982,0.33003864165600133
18,803.8787924491808,,,mixed cyclic-ring out-of-plane deformation / cyclic C-N stretching / cyclic C-C stretching,delta(C3-N9-C8),angle,0.381506063431165,+,0.024554992314656236,0.27498914531836777
18,803.8787924491808,,,mixed cyclic-ring out-of-plane deformation / cyclic C-N stretching / cyclic C-C stretching,delta(O1-C2-C3),angle,0.3336248239619821,-,-0.019988568705643032,0.3629014258602332
18,803.8787924491808,,,mixed cyclic-ring out-of-plane deformation / cyclic C-N stretching / cyclic C-C stretching,nu(C4-O5),bond,0.31544267872863124,+,0.02033819332456455,0.3314281718002575
18,803.8787924491808,,,mixed cyclic-ring out-of-plane deformation / cyclic C-N stretching / cyclic C-C stretching,delta(N9-C8-H17),angle,0.23470494383680973,+,0.021490982366230395,0.22085305625644952
18,803.8787924491808,,,mixed cyclic-ring out-of-plane deformation / cyclic C-N stretching / cyclic C-C stretching,delta(O5-C4-H12),angle,0.16154129195173672,-,-0.01411967838030345,0.3521499690707172
18,803.8787924491808,,,mixed cyclic-ring out-of-plane deformation / cyclic C-N stretching / cyclic C-C stretching,"gamma(H15;C6,O5,C7)",oop,0.11610055938338021,+,0.015007813609290084,0.22402328903471713
18,803.8787924491808,,,mixed cyclic-ring out-of-plane deformation / cyclic C-N stretching / cyclic C-C stretching,nu(C2-C3),bond,0.10924618012104927,+,0.0136188456128341,0.25598786529004025
18,803.8787924491808,,,mixed cyclic-ring out-of-plane deformation / cyclic C-N stretching / cyclic C-C stretching,delta(C3-C4-H12),angle,0.05462658052844925,-,-0.008701205719801925,0.313573139325566
18,803.8787924491808,,,mixed cyclic-ring out-of-plane deformation / cyclic C-N stretching / cyclic C-C stretching,nu(C3-H11),bond,0.04936064405105785,-,-0.008222038466730494,0.3173332068895945
18,803.8787924491808,,,mixed cyclic-ring out-of-plane deformation / cyclic C-N stretching / cyclic C-C stretching,"gamma(N9;C3,C4,H11)",oop,0.03176909198248268,-,-0.004874075184771517,0.5811845564107604
18,803.8787924491808,,,mixed cyclic-ring out-of-plane deformation / cyclic C-N stretching / cyclic C-C stretching,nu(C8-H17),bond,0.020515127134342025,+,0.005040876642481895,0.3508777138495141
18,803.8787924491808,,,mixed cyclic-ring out-of-plane deformation / cyclic C-N stretching / cyclic C-C stretching,nu(C8-H18),bond,0.01998584738412843,+,0.0050176795922907795,0.3449931141630818
18,803.8787924491808,,,mixed cyclic-ring out-of-plane deformation / cyclic C-N stretching / cyclic C-C stretching,"gamma(H15;C6,O5,H14)",oop,0.01663812617920104,+,0.006025140262678964,0.1991882893990281
18,803.8787924491808,,,mixed cyclic-ring out-of-plane deformation / cyclic C-N stretching / cyclic C-C stretching,delta(H12-C4-H13),angle,0.013397596451783234,+,0.00452715992945528,0.284098492946767
18,803.8787924491808,,,mixed cyclic-ring out-of-plane deformation / cyclic C-N stretching / cyclic C-C stretching,delta(O5-C6-H14),angle,0.009444025936925032,-,-0.0033542624986683087,0.3648016460119256
18,803.8787924491808,,,mixed cyclic-ring out-of-plane deformation / cyclic C-N stretching / cyclic C-C stretching,tau(H17-C8-N9-C3),dihedral,0.007141799053465023,-,-0.0046296416426802175,0.14481267848705123
18,803.8787924491808,,,mixed cyclic-ring out-of-plane deformation / cyclic C-N stretching / cyclic C-C stretching,nu(C7-H16),bond,0.005173966158704587,-,-0.002552061884916186,0.34525095819208307
18,803.8787924491808,,,mixed cyclic-ring out-of-plane deformation / cyclic C-N stretching / cyclic C-C stretching,nu(C4-H13),bond,0.005131534315245577,-,-0.002645948421992411,0.3185504336763951
18,803.8787924491808,,,mixed cyclic-ring out-of-plane deformation / cyclic C-N stretching / cyclic C-C stretching,nu(C6-H14),bond,0.004801106396052283,+,0.002474566889360559,0.3407506136937907
18,803.8787924491808,,,mixed cyclic-ring out-of-plane deformation / cyclic C-N stretching / cyclic C-C stretching,nu(C4-H12),bond,0.003837136839958738,+,0.002200002211944983,0.3445519910153448
18,803.8787924491808,,,mixed cyclic-ring out-of-plane deformation / cyclic C-N stretching / cyclic C-C stretching,tau(C2-C3-C4-O5),dihedral,0.000398126265137191,+,0.0010567783757149906,0.15493398999329233
18,803.8787924491808,,,mixed cyclic-ring out-of-plane deformation / cyclic C-N stretching / cyclic C-C stretching,nu(O1-C2),bond,0.00030451782815402867,-,-0.000393389588003887,0.8551862569590472
18,803.8787924491808,,,mixed cyclic-ring out-of-plane deformation / cyclic C-N stretching / cyclic C-C stretching,delta(O1-C2-H10),angle,0.00013396830389371132,+,0.00044749519887942005,0.29074952250985897
18,803.8787924491808,,,mixed cyclic-ring out-of-plane deformation / cyclic C-N stretching / cyclic C-C stretching,nu(C2-H10),bond,1.0667625261544073e-05,-,-0.0001242088781367847,0.3005081011048296
18,803.8787924491808,,,mixed cyclic-ring out-of-plane deformation / cyclic C-N stretching / cyclic C-C stretching,nu(C6-H15),bond,2.350376727423312e-06,+,5.697603008194057e-05,0.3146638256816722
19,863.9991600728913,,,mixed C-H bending / cyclic C-N stretching,delta(C2-C3-H11),angle,24.682065319306904,-,-0.14828011572260894,0.5501414560655805
19,863.9991600728913,,,mixed C-H bending / cyclic C-N stretching,nu(C7-N9),bond,13.934231616860902,+,0.13366743990095858,0.38219981510192685
19,863.9991600728913,,,mixed C-H bending / cyclic C-N stretching,nu(C2-C3),bond,12.00607773309746,-,-0.1516073441928098,0.25598786529004025
19,863.9991600728913,,,mixed C-H bending / cyclic C-N stretching,"gamma(O1;C2,C3,H10)",oop,10.380886027838915,+,0.21607776844837265,0.10896147127568684
19,863.9991600728913,,,mixed C-H bending / cyclic C-N stretching,delta(C4-C3-H11),angle,8.553526473451022,+,0.09213427612374397,0.4938117910383473
19,863.9991600728913,,,mixed C-H bending / cyclic C-N stretching,"gamma(N9;C3,C4,H11)",oop,5.078575791797261,+,0.06543999994372734,0.5811845564107604
19,863.9991600728913,,,mixed C-H bending / cyclic C-N stretching,nu(C7-C8),bond,4.034339762785567,-,-0.07180610081784679,0.3834497769963347
19,863.9991600728913,,,mixed C-H bending / cyclic C-N stretching,nu(C3-C4),bond,3.3142195934673566,-,-0.07454613329587556,0.2922737052353564
19,863.9991600728913,,,mixed C-H bending / cyclic C-N stretching,"gamma(N9;C3,C2,H11)",oop,2.9600900745697984,+,0.0673389936106143,0.319911897315103
19,863.9991600728913,,,mixed C-H bending / cyclic C-N stretching,nu(C6-C7),bond,2.412984204688247,+,0.06149664418702625,0.31268737896018667
19,863.9991600728913,,,mixed C-H bending / cyclic C-N stretching,delta(C3-C4-H12),angle,2.360590136768422,+,0.06073936133201945,0.313573139325566
19,863.9991600728913,,,mixed C-H bending / cyclic C-N stretching,nu(O5-C6),bond,1.6326099419614424,+,0.0482950095841022,0.34303357664828
19,863.9991600728913,,,mixed C-H bending / cyclic C-N stretching,"gamma(N9;C7,C6,C8)",oop,1.6095142898306973,-,-0.023437691287756024,1.4358989750573936
19,863.9991600728913,,,mixed C-H bending / cyclic C-N stretching,nu(C3-N9),bond,1.4045650769842613,+,0.0467417298861256,0.31505836222860206
19,863.9991600728913,,,mixed C-H bending / cyclic C-N stretching,"gamma(N9;C8,C7,H18)",oop,0.9445664510662566,-,-0.027956132279641634,0.5922936146637127
19,863.9991600728913,,,mixed C-H bending / cyclic C-N stretching,tau(H10-C2-C3-C4),dihedral,0.7335046839296977,-,-0.19966128539102487,0.00901724508707496
19,863.9991600728913,,,mixed C-H bending / cyclic C-N stretching,delta(O5-C4-H13),angle,0.5979724498150363,-,-0.0297980295219897,0.33003864165600133
19,863.9991600728913,,,mixed C-H bending / cyclic C-N stretching,delta(C6-C7-H16),angle,0.574120116188948,+,0.023215866787103082,0.522025437102308
19,863.9991600728913,,,mixed C-H bending / cyclic C-N stretching,tau(C2-C3-C4-O5),dihedral,0.4513477883800045,-,-0.0377843243453806,0.15493398999329233
19,863.9991600728913,,,mixed C-H bending / cyclic C-N stretching,delta(O5-C4-H12),angle,0.4031451715241118,+,0.023686247226495205,0.3521499690707172
19,863.9991600728913,,,mixed C-H bending / cyclic C-N stretching,delta(O1-C2-H10),angle,0.3774007182081055,+,0.02522151731570624,0.29074952250985897
19,863.9991600728913,,,mixed C-H bending / cyclic C-N stretching,nu(O1-C2),bond,0.19904447963220445,-,-0.010680069184228643,0.8551862569590472
19,863.9991600728913,,,mixed C-H bending / cyclic C-N stretching,delta(C3-N9-C8),angle,0.15900780854568766,-,-0.016833747335831626,0.27498914531836777
19,863.9991600728913,,,mixed C-H bending / cyclic C-N stretching,"gamma(N9;C3,C2,C4)",oop,0.1312369466040032,+,0.012063034318998033,0.44197906466807035
19,863.9991600728913,,,mixed C-H bending / cyclic C-N stretching,tau(C4-O5-C6-H14),dihedral,0.12843988031834452,-,-0.0231609454403094,0.11733998626181286
19,863.9991600728913,,,mixed C-H bending / cyclic C-N stretching,delta(O5-C6-H14),angle,0.12215211982034463,-,-0.012810068832681666,0.3648016460119256
19,863.9991600728913,,,mixed C-H bending / cyclic C-N stretching,delta(H12-C4-H13),angle,0.10636862667200682,-,-0.013545706614011584,0.284098492946767
19,863.9991600728913,,,mixed C-H bending / cyclic C-N stretching,delta(O1-C2-C3),angle,0.09610704514970686,+,0.011392331900889643,0.3629014258602332
19,863.9991600728913,,,mixed C-H bending / cyclic C-N stretching,delta(C7-C8-H18),angle,0.08080617163713398,-,-0.013720653446007864,0.21035539225769873
19,863.9991600728913,,,mixed C-H bending / cyclic C-N stretching,delta(N9-C7-H16),angle,0.0791453156105735,-,-0.009533898400997774,0.4267198877605949
19,863.9991600728913,,,mixed C-H bending / cyclic C-N stretching,"gamma(H15;C6,O5,H14)",oop,0.07270339810440715,-,-0.013374415398697269,0.1991882893990281
19,863.9991600728913,,,mixed C-H bending / cyclic C-N stretching,delta(N9-C8-H17),angle,0.07166347304833132,-,-0.012610333518942739,0.22085305625644952
19,863.9991600728913,,,mixed C-H bending / cyclic C-N stretching,"gamma(H15;C6,O5,C7)",oop,0.06419022603204963,+,0.011849969208330844,0.22402328903471713
19,863.9991600728913,,,mixed C-H bending / cyclic C-N stretching,"gamma(C8;C7,C6,N9)",oop,0.05911892724178469,-,-0.00581486014491984,0.8568537564805015
19,863.9991600728913,,,mixed C-H bending / cyclic C-N stretching,"gamma(H15;C6,C7,H14)",oop,0.05240481775476937,-,-0.010549252141755347,0.23077384044063307
19,863.9991600728913,,,mixed C-H bending / cyclic C-N stretching,nu(C3-H11),bond,0.03842965278853027,+,0.007703796886571183,0.3173332068895945
19,863.9991600728913,,,mixed C-H bending / cyclic C-N stretching,tau(H17-C8-N9-C3),dihedral,0.03527124445308402,-,-0.010925377506440043,0.14481267848705123
19,863.9991600728913,,,mixed C-H bending / cyclic C-N stretching,delta(C4-O5-C6),angle,0.027996357376817115,+,0.005033962925553542,0.5414273760865053
19,863.9991600728913,,,mixed C-H bending / cyclic C-N stretching,nu(C4-O5),bond,0.01623493079072379,+,0.004899591404827505,0.3314281718002575
19,863.9991600728913,,,mixed C-H bending / cyclic C-N stretching,"gamma(C8;C7,N9,H16)",oop,0.007362374997386489,-,-0.002273709156876633,0.6979218906199945
19,863.9991600728913,,,mixed C-H bending / cyclic C-N stretching,nu(C4-H13),bond,0.0025547563933781842,+,0.00198250823930717,0.3185504336763951
19,863.9991600728913,,,mixed C-H bending / cyclic C-N stretching,nu(C7-H16),bond,0.0015246366204409864,-,-0.0014711097746000978,0.34525095819208307
19,863.9991600728913,,,mixed C-H bending / cyclic C-N stretching,nu(C8-H18),bond,0.0008167927467396085,+,0.0010771596504222127,0.3449931141630818
19,863.9991600728913,,,mixed C-H bending / cyclic C-N stretching,nu(C6-H15),bond,0.0003880187296165991,-,-0.0007773780779866106,0.3146638256816722
19,863.9991600728913,,,mixed C-H bending / cyclic C-N stretching,nu(C8-H17),bond,0.00025690778870109484,+,0.0005990183093896873,0.3508777138495141
19,863.9991600728913,,,mixed C-H bending / cyclic C-N stretching,nu(C2-H10),bond,0.0002429818600217825,-,-0.0006294890616129845,0.3005081011048296
19,863.9991600728913,,,mixed C-H bending / cyclic C-N stretching,nu(C6-H14),bond,0.00016771247595634295,-,-0.0004911268930905734,0.3407506136937907
19,863.9991600728913,,,mixed C-H bending / cyclic C-N stretching,nu(C4-H12),bond,3.097428685603388e-05,-,-0.00020989525945948564,0.3445519910153448
20,909.8213073543919,,,mixed ring-site C-H out-of-plane bending / ring-site C-H in-plane bending / mixed-phase cyclic C-N stretching,tau(H17-C8-N9-C3),dihedral,18.44529933688158,-,-0.23569543817628918,0.14481267848705123
20,909.8213073543919,,,mixed ring-site C-H out-of-plane bending / ring-site C-H in-plane bending / mixed-phase cyclic C-N stretching,delta(C7-C8-H18),angle,14.134397570522179,-,-0.17118804934700876,0.21035539225769873
20,909.8213073543919,,,mixed ring-site C-H out-of-plane bending / ring-site C-H in-plane bending / mixed-phase cyclic C-N stretching,nu(C7-N9),bond,13.367356737512836,-,-0.12350631078682539,0.38219981510192685
20,909.8213073543919,,,mixed ring-site C-H out-of-plane bending / ring-site C-H in-plane bending / mixed-phase cyclic C-N stretching,nu(C6-C7),bond,10.137535163594691,+,0.11891116312527364,0.31268737896018667
20,909.8213073543919,,,mixed ring-site C-H out-of-plane bending / ring-site C-H in-plane bending / mixed-phase cyclic C-N stretching,"gamma(C8;C7,C6,N9)",oop,7.967135710135747,+,0.06368092620153848,0.8568537564805015
20,909.8213073543919,,,mixed ring-site C-H out-of-plane bending / ring-site C-H in-plane bending / mixed-phase cyclic C-N stretching,delta(C6-C7-H16),angle,7.4527181079354845,-,-0.07890838065269228,0.522025437102308
20,909.8213073543919,,,mixed ring-site C-H out-of-plane bending / ring-site C-H in-plane bending / mixed-phase cyclic C-N stretching,"gamma(H15;C6,O5,C7)",oop,5.291058302453455,-,-0.10149305036504384,0.22402328903471713
20,909.8213073543919,,,mixed ring-site C-H out-of-plane bending / ring-site C-H in-plane bending / mixed-phase cyclic C-N stretching,"gamma(N9;C8,C7,H18)",oop,3.680148202555218,+,0.05205659351326562,0.5922936146637127
20,909.8213073543919,,,mixed ring-site C-H out-of-plane bending / ring-site C-H in-plane bending / mixed-phase cyclic C-N stretching,nu(C7-C8),bond,3.320093621194396,+,0.061451506864585045,0.3834497769963347
20,909.8213073543919,,,mixed ring-site C-H out-of-plane bending / ring-site C-H in-plane bending / mixed-phase cyclic C-N stretching,nu(C3-N9),bond,2.7822585549604915,+,0.06206044053622798,0.31505836222860206
20,909.8213073543919,,,mixed ring-site C-H out-of-plane bending / ring-site C-H in-plane bending / mixed-phase cyclic C-N stretching,"gamma(H15;C6,C7,H14)",oop,2.2018541319765577,-,-0.06450785483095084,0.23077384044063307
20,909.8213073543919,,,mixed ring-site C-H out-of-plane bending / ring-site C-H in-plane bending / mixed-phase cyclic C-N stretching,delta(N9-C8-H17),angle,2.0308983189084455,+,0.0633291996773749,0.22085305625644952
20,909.8213073543919,,,mixed ring-site C-H out-of-plane bending / ring-site C-H in-plane bending / mixed-phase cyclic C-N stretching,tau(C4-O5-C6-H14),dihedral,1.5150299608203925,-,-0.07504110328545932,0.11733998626181286
20,909.8213073543919,,,mixed ring-site C-H out-of-plane bending / ring-site C-H in-plane bending / mixed-phase cyclic C-N stretching,delta(N9-C7-H16),angle,1.3863030087350743,-,-0.037641702439804144,0.4267198877605949
20,909.8213073543919,,,mixed ring-site C-H out-of-plane bending / ring-site C-H in-plane bending / mixed-phase cyclic C-N stretching,"gamma(H15;C6,O5,H14)",oop,1.2817159641398643,+,0.05297556682280631,0.1991882893990281
20,909.8213073543919,,,mixed ring-site C-H out-of-plane bending / ring-site C-H in-plane bending / mixed-phase cyclic C-N stretching,"gamma(N9;C7,C6,C8)",oop,1.1766517667617196,-,-0.01890486799795805,1.4358989750573936
20,909.8213073543919,,,mixed ring-site C-H out-of-plane bending / ring-site C-H in-plane bending / mixed-phase cyclic C-N stretching,delta(C2-C3-H11),angle,0.798918254777824,-,-0.025166661192068594,0.5501414560655805
20,909.8213073543919,,,mixed ring-site C-H out-of-plane bending / ring-site C-H in-plane bending / mixed-phase cyclic C-N stretching,delta(C3-N9-C8),angle,0.75695588555999,-,-0.03464887401097703,0.27498914531836777
20,909.8213073543919,,,mixed ring-site C-H out-of-plane bending / ring-site C-H in-plane bending / mixed-phase cyclic C-N stretching,"gamma(O1;C2,C3,H10)",oop,0.5276645584434915,+,0.04595725699741229,0.10896147127568684
20,909.8213073543919,,,mixed ring-site C-H out-of-plane bending / ring-site C-H in-plane bending / mixed-phase cyclic C-N stretching,nu(C2-C3),bond,0.265163871744065,-,-0.02125490180246481,0.25598786529004025
20,909.8213073543919,,,mixed ring-site C-H out-of-plane bending / ring-site C-H in-plane bending / mixed-phase cyclic C-N stretching,delta(C4-O5-C6),angle,0.2608517029115922,+,0.014495671849741654,0.5414273760865053
20,909.8213073543919,,,mixed ring-site C-H out-of-plane bending / ring-site C-H in-plane bending / mixed-phase cyclic C-N stretching,delta(O5-C6-H14),angle,0.2559961633966991,-,-0.017494436168900524,0.3648016460119256
20,909.8213073543919,,,mixed ring-site C-H out-of-plane bending / ring-site C-H in-plane bending / mixed-phase cyclic C-N stretching,"gamma(N9;C3,C2,H11)",oop,0.19699986159751526,-,-0.016388129275733503,0.319911897315103
20,909.8213073543919,,,mixed ring-site C-H out-of-plane bending / ring-site C-H in-plane bending / mixed-phase cyclic C-N stretching,"gamma(N9;C3,C2,C4)",oop,0.1553947898213516,+,0.012383088987120702,0.44197906466807035
20,909.8213073543919,,,mixed ring-site C-H out-of-plane bending / ring-site C-H in-plane bending / mixed-phase cyclic C-N stretching,nu(C3-C4),bond,0.15456445718038758,+,0.015186984869810191,0.2922737052353564
20,909.8213073543919,,,mixed ring-site C-H out-of-plane bending / ring-site C-H in-plane bending / mixed-phase cyclic C-N stretching,delta(C3-C4-H12),angle,0.1316318165802631,+,0.013530773582803435,0.313573139325566
20,909.8213073543919,,,mixed ring-site C-H out-of-plane bending / ring-site C-H in-plane bending / mixed-phase cyclic C-N stretching,nu(C4-O5),bond,0.06476023091085738,+,0.009231475046826657,0.3314281718002575
20,909.8213073543919,,,mixed ring-site C-H out-of-plane bending / ring-site C-H in-plane bending / mixed-phase cyclic C-N stretching,tau(C2-C3-C4-O5),dihedral,0.04595284482819387,-,-0.011373508723736799,0.15493398999329233
20,909.8213073543919,,,mixed ring-site C-H out-of-plane bending / ring-site C-H in-plane bending / mixed-phase cyclic C-N stretching,"gamma(C8;C7,N9,H16)",oop,0.04243437903099966,-,-0.0051495245368587215,0.6979218906199945
20,909.8213073543919,,,mixed ring-site C-H out-of-plane bending / ring-site C-H in-plane bending / mixed-phase cyclic C-N stretching,nu(O5-C6),bond,0.026893859248293454,-,-0.005847495071665092,0.34303357664828
20,909.8213073543919,,,mixed ring-site C-H out-of-plane bending / ring-site C-H in-plane bending / mixed-phase cyclic C-N stretching,"gamma(N9;C3,C4,H11)",oop,0.024793922326553915,+,0.004313474171145568,0.5811845564107604
20,909.8213073543919,,,mixed ring-site C-H out-of-plane bending / ring-site C-H in-plane bending / mixed-phase cyclic C-N stretching,delta(O1-C2-C3),angle,0.024308127503197823,+,0.005404966816388411,0.3629014258602332
20,909.8213073543919,,,mixed ring-site C-H out-of-plane bending / ring-site C-H in-plane bending / mixed-phase cyclic C-N stretching,tau(H10-C2-C3-C4),dihedral,0.022647778278407697,-,-0.03309691249966096,0.00901724508707496
20,909.8213073543919,,,mixed ring-site C-H out-of-plane bending / ring-site C-H in-plane bending / mixed-phase cyclic C-N stretching,delta(H12-C4-H13),angle,0.019677644830957956,-,-0.005496214964315227,0.284098492946767
20,909.8213073543919,,,mixed ring-site C-H out-of-plane bending / ring-site C-H in-plane bending / mixed-phase cyclic C-N stretching,delta(C4-C3-H11),angle,0.01446107166530507,+,0.003573807268510464,0.4938117910383473
20,909.8213073543919,,,mixed ring-site C-H out-of-plane bending / ring-site C-H in-plane bending / mixed-phase cyclic C-N stretching,delta(O5-C4-H13),angle,0.012366849113346413,+,0.0040425811993992,0.33003864165600133
20,909.8213073543919,,,mixed ring-site C-H out-of-plane bending / ring-site C-H in-plane bending / mixed-phase cyclic C-N stretching,nu(O1-C2),bond,0.008695506166570837,+,0.002105856112038574,0.8551862569590472
20,909.8213073543919,,,mixed ring-site C-H out-of-plane bending / ring-site C-H in-plane bending / mixed-phase cyclic C-N stretching,delta(O1-C2-H10),angle,0.0039041109520486735,-,-0.0024199878586126274,0.29074952250985897
20,909.8213073543919,,,mixed ring-site C-H out-of-plane bending / ring-site C-H in-plane bending / mixed-phase cyclic C-N stretching,nu(C7-H16),bond,0.003819751900867682,+,0.0021966544672378133,0.34525095819208307
20,909.8213073543919,,,mixed ring-site C-H out-of-plane bending / ring-site C-H in-plane bending / mixed-phase cyclic C-N stretching,nu(C8-H17),bond,0.002726252468888207,-,-0.0018408430406854923,0.3508777138495141
20,909.8213073543919,,,mixed ring-site C-H out-of-plane bending / ring-site C-H in-plane bending / mixed-phase cyclic C-N stretching,nu(C6-H14),bond,0.002583131213158006,+,0.0018183041363563552,0.3407506136937907
20,909.8213073543919,,,mixed ring-site C-H out-of-plane bending / ring-site C-H in-plane bending / mixed-phase cyclic C-N stretching,nu(C3-H11),bond,0.0021378378852977167,+,0.0017141200727381753,0.3173332068895945
20,909.8213073543919,,,mixed ring-site C-H out-of-plane bending / ring-site C-H in-plane bending / mixed-phase cyclic C-N stretching,nu(C4-H13),bond,0.0018191874738727888,-,-0.0015781971129151023,0.3185504336763951
20,909.8213073543919,,,mixed ring-site C-H out-of-plane bending / ring-site C-H in-plane bending / mixed-phase cyclic C-N stretching,nu(C6-H15),bond,0.0005790753599441079,-,-0.0008958921888310934,0.3146638256816722
20,909.8213073543919,,,mixed ring-site C-H out-of-plane bending / ring-site C-H in-plane bending / mixed-phase cyclic C-N stretching,nu(C4-H12),bond,0.0003721424606508278,+,0.0006863392675943176,0.3445519910153448
20,909.8213073543919,,,mixed ring-site C-H out-of-plane bending / ring-site C-H in-plane bending / mixed-phase cyclic C-N stretching,delta(O5-C4-H12),angle,0.00031046153053128784,-,-0.0006200856573677574,0.3521499690707172
20,909.8213073543919,,,mixed ring-site C-H out-of-plane bending / ring-site C-H in-plane bending / mixed-phase cyclic C-N stretching,nu(C2-H10),bond,8.001452537895355e-05,-,-0.0003407751683646133,0.3005081011048296
20,909.8213073543919,,,mixed ring-site C-H out-of-plane bending / ring-site C-H in-plane bending / mixed-phase cyclic C-N stretching,nu(C8-H18),bond,7.999922537200498e-05,+,0.0003180162365893621,0.3449931141630818
21,936.6686354021247,,,mixed in-phase cyclic C-O stretching / cyclic-ring out-of-plane deformation / ring-site C-H in-plane bending,nu(C4-O5),bond,19.508627702247786,-,-0.16311727567490367,0.3314281718002575
21,936.6686354021247,,,mixed in-phase cyclic C-O stretching / cyclic-ring out-of-plane deformation / ring-site C-H in-plane bending,nu(O5-C6),bond,18.30205085333076,-,-0.155296930809457,0.34303357664828
21,936.6686354021247,,,mixed in-phase cyclic C-O stretching / cyclic-ring out-of-plane deformation / ring-site C-H in-plane bending,"gamma(C8;C7,N9,H16)",oop,11.96270611150914,-,-0.08802228050036785,0.6979218906199945
21,936.6686354021247,,,mixed in-phase cyclic C-O stretching / cyclic-ring out-of-plane deformation / ring-site C-H in-plane bending,"gamma(H15;C6,O5,C7)",oop,8.162851861172175,-,-0.12833812279041987,0.22402328903471713
21,936.6686354021247,,,mixed in-phase cyclic C-O stretching / cyclic-ring out-of-plane deformation / ring-site C-H in-plane bending,nu(C3-C4),bond,5.852896168912841,+,0.09514190585362224,0.2922737052353564
21,936.6686354021247,,,mixed in-phase cyclic C-O stretching / cyclic-ring out-of-plane deformation / ring-site C-H in-plane bending,delta(C3-C4-H12),angle,5.101627850266635,+,0.08575634643251759,0.313573139325566
21,936.6686354021247,,,mixed in-phase cyclic C-O stretching / cyclic-ring out-of-plane deformation / ring-site C-H in-plane bending,delta(C4-C3-H11),angle,3.997112220847582,+,0.06048863058112315,0.4938117910383473
21,936.6686354021247,,,mixed in-phase cyclic C-O stretching / cyclic-ring out-of-plane deformation / ring-site C-H in-plane bending,"gamma(C8;C7,C6,N9)",oop,3.4596862659981196,-,-0.04272148258734168,0.8568537564805015
21,936.6686354021247,,,mixed in-phase cyclic C-O stretching / cyclic-ring out-of-plane deformation / ring-site C-H in-plane bending,delta(C7-C8-H18),angle,3.2204597245978754,-,-0.08318852444587228,0.21035539225769873
21,936.6686354021247,,,mixed in-phase cyclic C-O stretching / cyclic-ring out-of-plane deformation / ring-site C-H in-plane bending,delta(O5-C6-H14),angle,2.6172913340294586,-,-0.05694806191995607,0.3648016460119256
21,936.6686354021247,,,mixed in-phase cyclic C-O stretching / cyclic-ring out-of-plane deformation / ring-site C-H in-plane bending,tau(C4-O5-C6-H14),dihedral,1.6268534084283108,-,-0.07916487016675126,0.11733998626181286
21,936.6686354021247,,,mixed in-phase cyclic C-O stretching / cyclic-ring out-of-plane deformation / ring-site C-H in-plane bending,nu(C6-C7),bond,1.6053780682689012,-,-0.04817423161550846,0.31268737896018667
21,936.6686354021247,,,mixed in-phase cyclic C-O stretching / cyclic-ring out-of-plane deformation / ring-site C-H in-plane bending,delta(C4-O5-C6),angle,1.5132386093187034,+,0.03554388628281065,0.5414273760865053
21,936.6686354021247,,,mixed in-phase cyclic C-O stretching / cyclic-ring out-of-plane deformation / ring-site C-H in-plane bending,nu(C7-N9),bond,1.4643545896434937,+,0.0416158912198835,0.38219981510192685
21,936.6686354021247,,,mixed in-phase cyclic C-O stretching / cyclic-ring out-of-plane deformation / ring-site C-H in-plane bending,"gamma(O1;C2,C3,H10)",oop,1.3508387427813398,+,0.07485944175989988,0.10896147127568684
21,936.6686354021247,,,mixed in-phase cyclic C-O stretching / cyclic-ring out-of-plane deformation / ring-site C-H in-plane bending,delta(C2-C3-H11),angle,1.1637840025782802,-,-0.03092290703770366,0.5501414560655805
21,936.6686354021247,,,mixed in-phase cyclic C-O stretching / cyclic-ring out-of-plane deformation / ring-site C-H in-plane bending,"gamma(N9;C3,C2,C4)",oop,1.074170880645901,-,-0.03314493318343341,0.44197906466807035
21,936.6686354021247,,,mixed in-phase cyclic C-O stretching / cyclic-ring out-of-plane deformation / ring-site C-H in-plane bending,delta(C6-C7-H16),angle,1.0653592695737346,-,-0.030372708442787832,0.522025437102308
21,936.6686354021247,,,mixed in-phase cyclic C-O stretching / cyclic-ring out-of-plane deformation / ring-site C-H in-plane bending,"gamma(N9;C3,C2,H11)",oop,1.0072993074820604,+,0.03772640142578592,0.319911897315103
21,936.6686354021247,,,mixed in-phase cyclic C-O stretching / cyclic-ring out-of-plane deformation / ring-site C-H in-plane bending,tau(H17-C8-N9-C3),dihedral,0.9866598122779316,-,-0.055496006967934504,0.14481267848705123
21,936.6686354021247,,,mixed in-phase cyclic C-O stretching / cyclic-ring out-of-plane deformation / ring-site C-H in-plane bending,delta(N9-C7-H16),angle,0.9469230123790512,+,0.031671395750615706,0.4267198877605949
21,936.6686354021247,,,mixed in-phase cyclic C-O stretching / cyclic-ring out-of-plane deformation / ring-site C-H in-plane bending,"gamma(N9;C7,C6,C8)",oop,0.8491350522054691,+,0.01634962331640141,1.4358989750573936
21,936.6686354021247,,,mixed in-phase cyclic C-O stretching / cyclic-ring out-of-plane deformation / ring-site C-H in-plane bending,tau(C2-C3-C4-O5),dihedral,0.8149071221551613,-,-0.048759811010918516,0.15493398999329233
21,936.6686354021247,,,mixed in-phase cyclic C-O stretching / cyclic-ring out-of-plane deformation / ring-site C-H in-plane bending,nu(C3-N9),bond,0.7870936718206413,+,0.03360462198328475,0.31505836222860206
21,936.6686354021247,,,mixed in-phase cyclic C-O stretching / cyclic-ring out-of-plane deformation / ring-site C-H in-plane bending,delta(C3-N9-C8),angle,0.31565570170769813,+,0.022778774390169985,0.27498914531836777
21,936.6686354021247,,,mixed in-phase cyclic C-O stretching / cyclic-ring out-of-plane deformation / ring-site C-H in-plane bending,delta(N9-C8-H17),angle,0.29516519023993604,+,0.024578884684493832,0.22085305625644952
21,936.6686354021247,,,mixed in-phase cyclic C-O stretching / cyclic-ring out-of-plane deformation / ring-site C-H in-plane bending,"gamma(N9;C3,C4,H11)",oop,0.2901332261757678,-,-0.015021835799371986,0.5811845564107604
21,936.6686354021247,,,mixed in-phase cyclic C-O stretching / cyclic-ring out-of-plane deformation / ring-site C-H in-plane bending,delta(O5-C4-H13),angle,0.1721112847095511,-,-0.015353365445951618,0.33003864165600133
21,936.6686354021247,,,mixed in-phase cyclic C-O stretching / cyclic-ring out-of-plane deformation / ring-site C-H in-plane bending,nu(C7-C8),bond,0.14809058950106496,+,0.013212676316081378,0.3834497769963347
21,936.6686354021247,,,mixed in-phase cyclic C-O stretching / cyclic-ring out-of-plane deformation / ring-site C-H in-plane bending,tau(H10-C2-C3-C4),dihedral,0.08172302935115251,-,-0.06400539779966771,0.00901724508707496
21,936.6686354021247,,,mixed in-phase cyclic C-O stretching / cyclic-ring out-of-plane deformation / ring-site C-H in-plane bending,delta(O5-C4-H12),angle,0.05827584227233401,+,0.008648917647278596,0.3521499690707172
21,936.6686354021247,,,mixed in-phase cyclic C-O stretching / cyclic-ring out-of-plane deformation / ring-site C-H in-plane bending,nu(C4-H13),bond,0.04784223786674975,+,0.008239444870490565,0.3185504336763951
21,936.6686354021247,,,mixed in-phase cyclic C-O stretching / cyclic-ring out-of-plane deformation / ring-site C-H in-plane bending,nu(C6-H15),bond,0.037176213508407066,+,0.0073078643480875595,0.3146638256816722
21,936.6686354021247,,,mixed in-phase cyclic C-O stretching / cyclic-ring out-of-plane deformation / ring-site C-H in-plane bending,nu(C2-C3),bond,0.025913046955295845,+,0.006764424614973809,0.25598786529004025
21,936.6686354021247,,,mixed in-phase cyclic C-O stretching / cyclic-ring out-of-plane deformation / ring-site C-H in-plane bending,"gamma(N9;C8,C7,H18)",oop,0.021283583269964025,-,-0.0040302794274834925,0.5922936146637127
21,936.6686354021247,,,mixed in-phase cyclic C-O stretching / cyclic-ring out-of-plane deformation / ring-site C-H in-plane bending,delta(H12-C4-H13),angle,0.01948866867119031,-,-0.005568496239579483,0.284098492946767
21,936.6686354021247,,,mixed in-phase cyclic C-O stretching / cyclic-ring out-of-plane deformation / ring-site C-H in-plane bending,delta(O1-C2-C3),angle,0.014047524461111667,-,-0.004182990428292309,0.3629014258602332
21,936.6686354021247,,,mixed in-phase cyclic C-O stretching / cyclic-ring out-of-plane deformation / ring-site C-H in-plane bending,nu(C8-H18),bond,0.00770675135247206,+,0.003177691774381495,0.3449931141630818
21,936.6686354021247,,,mixed in-phase cyclic C-O stretching / cyclic-ring out-of-plane deformation / ring-site C-H in-plane bending,delta(O1-C2-H10),angle,0.0074344158229970245,-,-0.003399736271613164,0.29074952250985897
21,936.6686354021247,,,mixed in-phase cyclic C-O stretching / cyclic-ring out-of-plane deformation / ring-site C-H in-plane bending,nu(O1-C2),bond,0.005522958680943483,-,-0.0017085860262230114,0.8551862569590472
21,936.6686354021247,,,mixed in-phase cyclic C-O stretching / cyclic-ring out-of-plane deformation / ring-site C-H in-plane bending,nu(C7-H16),bond,0.004376335640524155,-,-0.002393696994997757,0.34525095819208307
21,936.6686354021247,,,mixed in-phase cyclic C-O stretching / cyclic-ring out-of-plane deformation / ring-site C-H in-plane bending,nu(C8-H17),bond,0.0029474834549704262,+,0.0019486287473073228,0.3508777138495141
21,936.6686354021247,,,mixed in-phase cyclic C-O stretching / cyclic-ring out-of-plane deformation / ring-site C-H in-plane bending,nu(C2-H10),bond,0.001799591652226369,+,0.0016452814547011042,0.3005081011048296
21,936.6686354021247,,,mixed in-phase cyclic C-O stretching / cyclic-ring out-of-plane deformation / ring-site C-H in-plane bending,"gamma(H15;C6,C7,H14)",oop,0.0013160159605290938,-,-0.0016055306436407115,0.23077384044063307
21,936.6686354021247,,,mixed in-phase cyclic C-O stretching / cyclic-ring out-of-plane deformation / ring-site C-H in-plane bending,nu(C3-H11),bond,0.0006119123775725976,-,-0.0009336157472264583,0.3173332068895945
21,936.6686354021247,,,mixed in-phase cyclic C-O stretching / cyclic-ring out-of-plane deformation / ring-site C-H in-plane bending,nu(C6-H14),bond,5.40729897012464e-05,-,-0.00026782627277829223,0.3407506136937907
21,936.6686354021247,,,mixed in-phase cyclic C-O stretching / cyclic-ring out-of-plane deformation / ring-site C-H in-plane bending,nu(C4-H12),bond,1.1067956902815751e-05,-,-0.00012050016937501959,0.3445519910153448
21,936.6686354021247,,,mixed in-phase cyclic C-O stretching / cyclic-ring out-of-plane deformation / ring-site C-H in-plane bending,"gamma(H15;C6,O5,H14)",oop,7.612949613714269e-06,-,-0.00013143949635635948,0.1991882893990281
22,949.0471445148311,,,mixed ring-site C-H in-plane bending / ring-site C-H out-of-plane bending / cyclic C-C stretching,nu(C7-C8),bond,16.732102072408228,+,0.1494629364855852,0.3834497769963347
22,949.0471445148311,,,mixed ring-site C-H in-plane bending / ring-site C-H out-of-plane bending / cyclic C-C stretching,"gamma(H15;C6,O5,C7)",oop,11.740559356297458,+,0.1637986478594072,0.22402328903471713
22,949.0471445148311,,,mixed ring-site C-H in-plane bending / ring-site C-H out-of-plane bending / cyclic C-C stretching,delta(C3-C4-H12),angle,8.772236281802218,+,0.11967356709585285,0.313573139325566
22,949.0471445148311,,,mixed ring-site C-H in-plane bending / ring-site C-H out-of-plane bending / cyclic C-C stretching,delta(C7-C8-H18),angle,7.701979145597663,+,0.13691052860387776,0.21035539225769873
22,949.0471445148311,,,mixed ring-site C-H in-plane bending / ring-site C-H out-of-plane bending / cyclic C-C stretching,tau(C4-O5-C6-H14),dihedral,6.918329123310712,+,0.17373611088154486,0.11733998626181286
22,949.0471445148311,,,mixed ring-site C-H in-plane bending / ring-site C-H out-of-plane bending / cyclic C-C stretching,delta(C4-O5-C6),angle,6.838067447314113,+,0.0804098194899965,0.5414273760865053
22,949.0471445148311,,,mixed ring-site C-H in-plane bending / ring-site C-H out-of-plane bending / cyclic C-C stretching,delta(C4-C3-H11),angle,6.782368258713365,+,0.08385374399416123,0.4938117910383473
22,949.0471445148311,,,mixed ring-site C-H in-plane bending / ring-site C-H out-of-plane bending / cyclic C-C stretching,nu(C3-N9),bond,5.318423717769203,+,0.09296264339594415,0.31505836222860206
22,949.0471445148311,,,mixed ring-site C-H in-plane bending / ring-site C-H out-of-plane bending / cyclic C-C stretching,nu(C7-N9),bond,5.196227274157571,-,-0.0834279045180414,0.38219981510192685
22,949.0471445148311,,,mixed ring-site C-H in-plane bending / ring-site C-H out-of-plane bending / cyclic C-C stretching,"gamma(N9;C7,C6,C8)",oop,4.33577425840861,+,0.03931731855421062,1.4358989750573936
22,949.0471445148311,,,mixed ring-site C-H in-plane bending / ring-site C-H out-of-plane bending / cyclic C-C stretching,"gamma(O1;C2,C3,H10)",oop,2.4002414381048074,+,0.10619485784341044,0.10896147127568684
22,949.0471445148311,,,mixed ring-site C-H in-plane bending / ring-site C-H out-of-plane bending / cyclic C-C stretching,"gamma(C8;C7,N9,H16)",oop,2.3047171215193902,+,0.041116667373303474,0.6979218906199945
22,949.0471445148311,,,mixed ring-site C-H in-plane bending / ring-site C-H out-of-plane bending / cyclic C-C stretching,tau(H17-C8-N9-C3),dihedral,1.8713282749237434,+,0.08133626008666046,0.14481267848705123
22,949.0471445148311,,,mixed ring-site C-H in-plane bending / ring-site C-H out-of-plane bending / cyclic C-C stretching,delta(C6-C7-H16),angle,1.7484327115891851,+,0.04140865567205119,0.522025437102308
22,949.0471445148311,,,mixed ring-site C-H in-plane bending / ring-site C-H out-of-plane bending / cyclic C-C stretching,delta(C2-C3-H11),angle,1.7234244041716735,-,-0.040047133504552766,0.5501414560655805
22,949.0471445148311,,,mixed ring-site C-H in-plane bending / ring-site C-H out-of-plane bending / cyclic C-C stretching,nu(O5-C6),bond,1.4904030539402393,-,-0.04716241688054321,0.34303357664828
22,949.0471445148311,,,mixed ring-site C-H in-plane bending / ring-site C-H out-of-plane bending / cyclic C-C stretching,nu(C3-C4),bond,1.4541859243739188,+,0.05046933685702385,0.2922737052353564
22,949.0471445148311,,,mixed ring-site C-H in-plane bending / ring-site C-H out-of-plane bending / cyclic C-C stretching,"gamma(H15;C6,C7,H14)",oop,1.0494566009948458,+,0.04825045973810801,0.23077384044063307
22,949.0471445148311,,,mixed ring-site C-H in-plane bending / ring-site C-H out-of-plane bending / cyclic C-C stretching,delta(O5-C6-H14),angle,1.0484373568918093,+,0.03835794671461426,0.3648016460119256
22,949.0471445148311,,,mixed ring-site C-H in-plane bending / ring-site C-H out-of-plane bending / cyclic C-C stretching,tau(C2-C3-C4-O5),dihedral,0.8461748507189929,-,-0.05287729214233917,0.15493398999329233
22,949.0471445148311,,,mixed ring-site C-H in-plane bending / ring-site C-H out-of-plane bending / cyclic C-C stretching,nu(C2-C3),bond,0.8378982980806122,-,-0.04093534617908389,0.25598786529004025
22,949.0471445148311,,,mixed ring-site C-H in-plane bending / ring-site C-H out-of-plane bending / cyclic C-C stretching,"gamma(N9;C3,C2,C4)",oop,0.6839491655971601,-,-0.028146446023945938,0.44197906466807035
22,949.0471445148311,,,mixed ring-site C-H in-plane bending / ring-site C-H out-of-plane bending / cyclic C-C stretching,"gamma(N9;C3,C2,H11)",oop,0.5584854467300998,+,0.029895322114581752,0.319911897315103
22,949.0471445148311,,,mixed ring-site C-H in-plane bending / ring-site C-H out-of-plane bending / cyclic C-C stretching,"gamma(N9;C8,C7,H18)",oop,0.4918004472440909,-,-0.02061761554049581,0.5922936146637127
22,949.0471445148311,,,mixed ring-site C-H in-plane bending / ring-site C-H out-of-plane bending / cyclic C-C stretching,nu(C6-C7),bond,0.4002799534213776,+,0.025599957652740448,0.31268737896018667
22,949.0471445148311,,,mixed ring-site C-H in-plane bending / ring-site C-H out-of-plane bending / cyclic C-C stretching,tau(H10-C2-C3-C4),dihedral,0.1456059187511724,-,-0.09092118350931393,0.00901724508707496
22,949.0471445148311,,,mixed ring-site C-H in-plane bending / ring-site C-H out-of-plane bending / cyclic C-C stretching,nu(C4-O5),bond,0.12831823460798572,-,-0.01407868137040519,0.3314281718002575
22,949.0471445148311,,,mixed ring-site C-H in-plane bending / ring-site C-H out-of-plane bending / cyclic C-C stretching,delta(O1-C2-C3),angle,0.11391645516515865,+,0.012676851312268332,0.3629014258602332
22,949.0471445148311,,,mixed ring-site C-H in-plane bending / ring-site C-H out-of-plane bending / cyclic C-C stretching,delta(N9-C7-H16),angle,0.09162877175060032,+,0.010484723772185914,0.4267198877605949
22,949.0471445148311,,,mixed ring-site C-H in-plane bending / ring-site C-H out-of-plane bending / cyclic C-C stretching,delta(N9-C8-H17),angle,0.08832064376244447,+,0.014308427551005256,0.22085305625644952
22,949.0471445148311,,,mixed ring-site C-H in-plane bending / ring-site C-H out-of-plane bending / cyclic C-C stretching,"gamma(C8;C7,C6,N9)",oop,0.0594013210756778,+,0.005957406048582894,0.8568537564805015
22,949.0471445148311,,,mixed ring-site C-H in-plane bending / ring-site C-H out-of-plane bending / cyclic C-C stretching,delta(C3-N9-C8),angle,0.029660066659464357,-,-0.007430889246885115,0.27498914531836777
22,949.0471445148311,,,mixed ring-site C-H in-plane bending / ring-site C-H out-of-plane bending / cyclic C-C stretching,nu(C7-H16),bond,0.020448375360203046,+,0.005506485002627923,0.34525095819208307
22,949.0471445148311,,,mixed ring-site C-H in-plane bending / ring-site C-H out-of-plane bending / cyclic C-C stretching,"gamma(N9;C3,C4,H11)",oop,0.016917020002835726,+,0.00386026750802675,0.5811845564107604
22,949.0471445148311,,,mixed ring-site C-H in-plane bending / ring-site C-H out-of-plane bending / cyclic C-C stretching,nu(C8-H17),bond,0.013107380147346616,+,0.004373131713358381,0.3508777138495141
22,949.0471445148311,,,mixed ring-site C-H in-plane bending / ring-site C-H out-of-plane bending / cyclic C-C stretching,delta(O5-C4-H12),angle,0.012436199493942614,-,-0.00425199275094194,0.3521499690707172
22,949.0471445148311,,,mixed ring-site C-H in-plane bending / ring-site C-H out-of-plane bending / cyclic C-C stretching,delta(O1-C2-H10),angle,0.011062094193741736,-,-0.004413383567692689,0.29074952250985897
22,949.0471445148311,,,mixed ring-site C-H in-plane bending / ring-site C-H out-of-plane bending / cyclic C-C stretching,nu(C4-H13),bond,0.007713905171793142,+,0.0035209556132853943,0.3185504336763951
22,949.0471445148311,,,mixed ring-site C-H in-plane bending / ring-site C-H out-of-plane bending / cyclic C-C stretching,nu(O1-C2),bond,0.003974978074920106,+,0.0015425864595703278,0.8551862569590472
22,949.0471445148311,,,mixed ring-site C-H in-plane bending / ring-site C-H out-of-plane bending / cyclic C-C stretching,nu(C6-H14),bond,0.0036040307491792024,+,0.002326957349190493,0.3407506136937907
22,949.0471445148311,,,mixed ring-site C-H in-plane bending / ring-site C-H out-of-plane bending / cyclic C-C stretching,nu(C6-H15),bond,0.0020528004521398655,+,0.0018275213561553588,0.3146638256816722
22,949.0471445148311,,,mixed ring-site C-H in-plane bending / ring-site C-H out-of-plane bending / cyclic C-C stretching,delta(O5-C4-H13),angle,0.0016944197967532406,-,-0.0016212150085238638,0.33003864165600133
22,949.0471445148311,,,mixed ring-site C-H in-plane bending / ring-site C-H out-of-plane bending / cyclic C-C stretching,"gamma(H15;C6,O5,H14)",oop,0.0015785893279677094,-,-0.002014258397524129,0.1991882893990281
22,949.0471445148311,,,mixed ring-site C-H in-plane bending / ring-site C-H out-of-plane bending / cyclic C-C stretching,nu(C8-H18),bond,0.0014918237764615311,-,-0.0014878736464084634,0.3449931141630818
22,949.0471445148311,,,mixed ring-site C-H in-plane bending / ring-site C-H out-of-plane bending / cyclic C-C stretching,nu(C3-H11),bond,0.0009269278117649845,-,-0.0012228627017412913,0.3173332068895945
22,949.0471445148311,,,mixed ring-site C-H in-plane bending / ring-site C-H out-of-plane bending / cyclic C-C stretching,nu(C4-H12),bond,0.0006803352348983919,+,0.0010054178762483393,0.3445519910153448
22,949.0471445148311,,,mixed ring-site C-H in-plane bending / ring-site C-H out-of-plane bending / cyclic C-C stretching,nu(C2-H10),bond,0.0001126886897731976,-,-0.0004381517748555545,0.3005081011048296
22,949.0471445148311,,,mixed ring-site C-H in-plane bending / ring-site C-H out-of-plane bending / cyclic C-C stretching,delta(H12-C4-H13),angle,6.503586269117719e-05,-,-0.00034233751232701747,0.284098492946767
23,977.0995730624442,,,mixed in-phase cyclic C-O stretching / cyclic-ring out-of-plane deformation / ring-site C-H in-plane bending,nu(O5-C6),bond,14.883851667768758,+,0.1459362337875902,0.34303357664828
23,977.0995730624442,,,mixed in-phase cyclic C-O stretching / cyclic-ring out-of-plane deformation / ring-site C-H in-plane bending,"gamma(N9;C7,C6,C8)",oop,12.75309793421213,+,0.06602671460006374,1.4358989750573936
23,977.0995730624442,,,mixed in-phase cyclic C-O stretching / cyclic-ring out-of-plane deformation / ring-site C-H in-plane bending,nu(C6-C7),bond,11.36183762021202,-,-0.13354969370767233,0.31268737896018667
23,977.0995730624442,,,mixed in-phase cyclic C-O stretching / cyclic-ring out-of-plane deformation / ring-site C-H in-plane bending,"gamma(H15;C6,O5,C7)",oop,9.764928109555306,-,-0.14627217657745387,0.22402328903471713
23,977.0995730624442,,,mixed in-phase cyclic C-O stretching / cyclic-ring out-of-plane deformation / ring-site C-H in-plane bending,nu(C4-O5),bond,8.873794155646621,+,0.11463935866265655,0.3314281718002575
23,977.0995730624442,,,mixed in-phase cyclic C-O stretching / cyclic-ring out-of-plane deformation / ring-site C-H in-plane bending,"gamma(C8;C7,N9,H16)",oop,7.0513625095301355,-,-0.07042176313785783,0.6979218906199945
23,977.0995730624442,,,mixed in-phase cyclic C-O stretching / cyclic-ring out-of-plane deformation / ring-site C-H in-plane bending,delta(C3-C4-H12),angle,5.422623836922831,+,0.09213170232253232,0.313573139325566
23,977.0995730624442,,,mixed in-phase cyclic C-O stretching / cyclic-ring out-of-plane deformation / ring-site C-H in-plane bending,delta(O5-C4-H12),angle,4.752470857363883,+,0.08138974488478805,0.3521499690707172
23,977.0995730624442,,,mixed in-phase cyclic C-O stretching / cyclic-ring out-of-plane deformation / ring-site C-H in-plane bending,delta(N9-C8-H17),angle,3.8229002131684022,+,0.09217614849132766,0.22085305625644952
23,977.0995730624442,,,mixed in-phase cyclic C-O stretching / cyclic-ring out-of-plane deformation / ring-site C-H in-plane bending,delta(C4-C3-H11),angle,2.534054950942962,+,0.05018813639880288,0.4938117910383473
23,977.0995730624442,,,mixed in-phase cyclic C-O stretching / cyclic-ring out-of-plane deformation / ring-site C-H in-plane bending,tau(C4-O5-C6-H14),dihedral,2.533785545140219,-,-0.10295221477506758,0.11733998626181286
23,977.0995730624442,,,mixed in-phase cyclic C-O stretching / cyclic-ring out-of-plane deformation / ring-site C-H in-plane bending,"gamma(N9;C8,C7,H18)",oop,2.425261110558023,-,-0.04483162793783971,0.5922936146637127
23,977.0995730624442,,,mixed in-phase cyclic C-O stretching / cyclic-ring out-of-plane deformation / ring-site C-H in-plane bending,"gamma(H15;C6,C7,H14)",oop,1.8053609586621957,-,-0.061967292016197446,0.23077384044063307
23,977.0995730624442,,,mixed in-phase cyclic C-O stretching / cyclic-ring out-of-plane deformation / ring-site C-H in-plane bending,nu(C3-C4),bond,1.3350689588804172,+,0.04735117495017775,0.2922737052353564
23,977.0995730624442,,,mixed in-phase cyclic C-O stretching / cyclic-ring out-of-plane deformation / ring-site C-H in-plane bending,delta(C6-C7-H16),angle,1.274731176888385,-,-0.03462081237175511,0.522025437102308
23,977.0995730624442,,,mixed in-phase cyclic C-O stretching / cyclic-ring out-of-plane deformation / ring-site C-H in-plane bending,delta(O1-C2-C3),angle,1.1430538121004767,+,0.039319934362026694,0.3629014258602332
23,977.0995730624442,,,mixed in-phase cyclic C-O stretching / cyclic-ring out-of-plane deformation / ring-site C-H in-plane bending,delta(C4-O5-C6),angle,0.9501160620235936,-,-0.029348912113478273,0.5414273760865053
23,977.0995730624442,,,mixed in-phase cyclic C-O stretching / cyclic-ring out-of-plane deformation / ring-site C-H in-plane bending,delta(N9-C7-H16),angle,0.917626614219585,-,-0.03248892501437631,0.4267198877605949
23,977.0995730624442,,,mixed in-phase cyclic C-O stretching / cyclic-ring out-of-plane deformation / ring-site C-H in-plane bending,"gamma(C8;C7,C6,N9)",oop,0.8735031646573205,-,-0.0223693143270903,0.8568537564805015
23,977.0995730624442,,,mixed in-phase cyclic C-O stretching / cyclic-ring out-of-plane deformation / ring-site C-H in-plane bending,delta(O5-C4-H13),angle,0.7848885688945375,-,-0.03416609859406908,0.33003864165600133
23,977.0995730624442,,,mixed in-phase cyclic C-O stretching / cyclic-ring out-of-plane deformation / ring-site C-H in-plane bending,delta(O5-C6-H14),angle,0.6818011556870982,-,-0.030288255152190066,0.3648016460119256
23,977.0995730624442,,,mixed in-phase cyclic C-O stretching / cyclic-ring out-of-plane deformation / ring-site C-H in-plane bending,delta(C7-C8-H18),angle,0.6045685602789678,-,-0.03755949444286089,0.21035539225769873
23,977.0995730624442,,,mixed in-phase cyclic C-O stretching / cyclic-ring out-of-plane deformation / ring-site C-H in-plane bending,nu(C2-C3),bond,0.46990352086543324,-,-0.030017080053313938,0.25598786529004025
23,977.0995730624442,,,mixed in-phase cyclic C-O stretching / cyclic-ring out-of-plane deformation / ring-site C-H in-plane bending,tau(H17-C8-N9-C3),dihedral,0.46308361918729307,+,0.03961869803484136,0.14481267848705123
23,977.0995730624442,,,mixed in-phase cyclic C-O stretching / cyclic-ring out-of-plane deformation / ring-site C-H in-plane bending,nu(C7-N9),bond,0.4337964937395153,-,-0.023603236919379537,0.38219981510192685
23,977.0995730624442,,,mixed in-phase cyclic C-O stretching / cyclic-ring out-of-plane deformation / ring-site C-H in-plane bending,"gamma(N9;C3,C2,H11)",oop,0.36922341776909356,+,0.023801438556767654,0.319911897315103
23,977.0995730624442,,,mixed in-phase cyclic C-O stretching / cyclic-ring out-of-plane deformation / ring-site C-H in-plane bending,delta(O1-C2-H10),angle,0.3171530717289292,-,-0.02313922127784371,0.29074952250985897
23,977.0995730624442,,,mixed in-phase cyclic C-O stretching / cyclic-ring out-of-plane deformation / ring-site C-H in-plane bending,"gamma(H15;C6,O5,H14)",oop,0.2919948419241206,+,0.02682436637366885,0.1991882893990281
23,977.0995730624442,,,mixed in-phase cyclic C-O stretching / cyclic-ring out-of-plane deformation / ring-site C-H in-plane bending,nu(C3-N9),bond,0.2530761585611668,+,0.019856554612619228,0.31505836222860206
23,977.0995730624442,,,mixed in-phase cyclic C-O stretching / cyclic-ring out-of-plane deformation / ring-site C-H in-plane bending,"gamma(N9;C3,C4,H11)",oop,0.2506582572457482,+,0.014549824619823001,0.5811845564107604
23,977.0995730624442,,,mixed in-phase cyclic C-O stretching / cyclic-ring out-of-plane deformation / ring-site C-H in-plane bending,"gamma(N9;C3,C2,C4)",oop,0.20187529985417096,+,0.014973196580698811,0.44197906466807035
23,977.0995730624442,,,mixed in-phase cyclic C-O stretching / cyclic-ring out-of-plane deformation / ring-site C-H in-plane bending,delta(C3-N9-C8),angle,0.10739482794804604,+,0.01384546961815409,0.27498914531836777
23,977.0995730624442,,,mixed in-phase cyclic C-O stretching / cyclic-ring out-of-plane deformation / ring-site C-H in-plane bending,"gamma(O1;C2,C3,H10)",oop,0.10504821953486683,+,0.021753625710964744,0.10896147127568684
23,977.0995730624442,,,mixed in-phase cyclic C-O stretching / cyclic-ring out-of-plane deformation / ring-site C-H in-plane bending,tau(H10-C2-C3-C4),dihedral,0.05575693705703518,-,-0.05509171605915223,0.00901724508707496
23,977.0995730624442,,,mixed in-phase cyclic C-O stretching / cyclic-ring out-of-plane deformation / ring-site C-H in-plane bending,nu(C6-H15),bond,0.03967072336936613,-,-0.007866570403696338,0.3146638256816722
23,977.0995730624442,,,mixed in-phase cyclic C-O stretching / cyclic-ring out-of-plane deformation / ring-site C-H in-plane bending,nu(O1-C2),bond,0.03819163049395884,+,0.004681958142258464,0.8551862569590472
23,977.0995730624442,,,mixed in-phase cyclic C-O stretching / cyclic-ring out-of-plane deformation / ring-site C-H in-plane bending,delta(H12-C4-H13),angle,0.013315033742727156,-,-0.004796345438886367,0.284098492946767
23,977.0995730624442,,,mixed in-phase cyclic C-O stretching / cyclic-ring out-of-plane deformation / ring-site C-H in-plane bending,tau(C2-C3-C4-O5),dihedral,0.01147865665883259,+,0.006030397825424948,0.15493398999329233
23,977.0995730624442,,,mixed in-phase cyclic C-O stretching / cyclic-ring out-of-plane deformation / ring-site C-H in-plane bending,nu(C7-H16),bond,0.008050381452113505,-,-0.0033830979074948152,0.34525095819208307
23,977.0995730624442,,,mixed in-phase cyclic C-O stretching / cyclic-ring out-of-plane deformation / ring-site C-H in-plane bending,nu(C3-H11),bond,0.006532215114677466,-,-0.00317867599419179,0.3173332068895945
23,977.0995730624442,,,mixed in-phase cyclic C-O stretching / cyclic-ring out-of-plane deformation / ring-site C-H in-plane bending,nu(C4-H13),bond,0.005430992511361348,-,-0.002892839140680511,0.3185504336763951
23,977.0995730624442,,,mixed in-phase cyclic C-O stretching / cyclic-ring out-of-plane deformation / ring-site C-H in-plane bending,delta(C2-C3-H11),angle,0.004601474824502378,+,0.0020262131152756135,0.5501414560655805
23,977.0995730624442,,,mixed in-phase cyclic C-O stretching / cyclic-ring out-of-plane deformation / ring-site C-H in-plane bending,nu(C4-H12),bond,0.0013818850966987794,+,0.0014030797861740204,0.3445519910153448
23,977.0995730624442,,,mixed in-phase cyclic C-O stretching / cyclic-ring out-of-plane deformation / ring-site C-H in-plane bending,nu(C8-H17),bond,0.0005494187449851762,+,0.0008766931782071503,0.3508777138495141
23,977.0995730624442,,,mixed in-phase cyclic C-O stretching / cyclic-ring out-of-plane deformation / ring-site C-H in-plane bending,nu(C7-C8),bond,0.0005226137698453497,+,0.0008179183706991277,0.3834497769963347
23,977.0995730624442,,,mixed in-phase cyclic C-O stretching / cyclic-ring out-of-plane deformation / ring-site C-H in-plane bending,nu(C6-H14),bond,0.00047796822777745966,-,-0.0008297647365691064,0.3407506136937907
23,977.0995730624442,,,mixed in-phase cyclic C-O stretching / cyclic-ring out-of-plane deformation / ring-site C-H in-plane bending,nu(C8-H18),bond,8.655913012545034e-05,-,-0.0003509336484277295,0.3449931141630818
23,977.0995730624442,,,mixed in-phase cyclic C-O stretching / cyclic-ring out-of-plane deformation / ring-site C-H in-plane bending,nu(C2-H10),bond,5.823813373205317e-05,-,-0.00030842488810896355,0.3005081011048296
24,1048.570211543833,,,mixed cyclic-ring out-of-plane deformation / C-O out-of-plane bending / ring-site C-H in-plane bending,"gamma(O1;C2,C3,H10)",oop,19.041915528012854,+,0.3086212792615902,0.10896147127568684
24,1048.570211543833,,,mixed cyclic-ring out-of-plane deformation / C-O out-of-plane bending / ring-site C-H in-plane bending,"gamma(N9;C8,C7,H18)",oop,11.755053131739942,+,0.10400418191861262,0.5922936146637127
24,1048.570211543833,,,mixed cyclic-ring out-of-plane deformation / C-O out-of-plane bending / ring-site C-H in-plane bending,"gamma(N9;C3,C4,H11)",oop,11.427233668513427,+,0.1035191150491622,0.5811845564107604
24,1048.570211543833,,,mixed cyclic-ring out-of-plane deformation / C-O out-of-plane bending / ring-site C-H in-plane bending,nu(C2-C3),bond,9.71348171022268,+,0.1438085817919954,0.25598786529004025
24,1048.570211543833,,,mixed cyclic-ring out-of-plane deformation / C-O out-of-plane bending / ring-site C-H in-plane bending,delta(N9-C8-H17),angle,8.823383367700298,-,-0.147561444261428,0.22085305625644952
24,1048.570211543833,,,mixed cyclic-ring out-of-plane deformation / C-O out-of-plane bending / ring-site C-H in-plane bending,"gamma(C8;C7,N9,H16)",oop,5.4538602212794345,+,0.06526128498447206,0.6979218906199945
24,1048.570211543833,,,mixed cyclic-ring out-of-plane deformation / C-O out-of-plane bending / ring-site C-H in-plane bending,nu(C3-N9),bond,4.763121388638547,-,-0.09077313790528713,0.31505836222860206
24,1048.570211543833,,,mixed cyclic-ring out-of-plane deformation / C-O out-of-plane bending / ring-site C-H in-plane bending,delta(N9-C7-H16),angle,4.660513006310587,+,0.07715293457802137,0.4267198877605949
24,1048.570211543833,,,mixed cyclic-ring out-of-plane deformation / C-O out-of-plane bending / ring-site C-H in-plane bending,nu(C6-C7),bond,3.26631289873473,+,0.07545373566623798,0.31268737896018667
24,1048.570211543833,,,mixed cyclic-ring out-of-plane deformation / C-O out-of-plane bending / ring-site C-H in-plane bending,nu(C3-C4),bond,3.1769704017750153,+,0.07696951342532465,0.2922737052353564
24,1048.570211543833,,,mixed cyclic-ring out-of-plane deformation / C-O out-of-plane bending / ring-site C-H in-plane bending,"gamma(N9;C3,C2,C4)",oop,2.231202173909829,-,-0.052453641334776445,0.44197906466807035
24,1048.570211543833,,,mixed cyclic-ring out-of-plane deformation / C-O out-of-plane bending / ring-site C-H in-plane bending,tau(H17-C8-N9-C3),dihedral,1.9798406674690945,+,0.08632147577294069,0.14481267848705123
24,1048.570211543833,,,mixed cyclic-ring out-of-plane deformation / C-O out-of-plane bending / ring-site C-H in-plane bending,"gamma(C8;C7,C6,N9)",oop,1.9686845271368794,+,0.03538683661206998,0.8568537564805015
24,1048.570211543833,,,mixed cyclic-ring out-of-plane deformation / C-O out-of-plane bending / ring-site C-H in-plane bending,"gamma(H15;C6,O5,C7)",oop,1.944735448534629,-,-0.06878451986092085,0.22402328903471713
24,1048.570211543833,,,mixed cyclic-ring out-of-plane deformation / C-O out-of-plane bending / ring-site C-H in-plane bending,tau(H10-C2-C3-C4),dihedral,1.1671537972212662,-,-0.2656037094172394,0.00901724508707496
24,1048.570211543833,,,mixed cyclic-ring out-of-plane deformation / C-O out-of-plane bending / ring-site C-H in-plane bending,"gamma(H15;C6,C7,H14)",oop,0.9639491740411035,-,-0.04771344871896056,0.23077384044063307
24,1048.570211543833,,,mixed cyclic-ring out-of-plane deformation / C-O out-of-plane bending / ring-site C-H in-plane bending,delta(O1-C2-H10),angle,0.917415214099379,-,-0.04146966177720146,0.29074952250985897
24,1048.570211543833,,,mixed cyclic-ring out-of-plane deformation / C-O out-of-plane bending / ring-site C-H in-plane bending,delta(C7-C8-H18),angle,0.817803063598972,+,0.04603144108249898,0.21035539225769873
24,1048.570211543833,,,mixed cyclic-ring out-of-plane deformation / C-O out-of-plane bending / ring-site C-H in-plane bending,delta(C4-C3-H11),angle,0.6980246375959176,+,0.02775630668637071,0.4938117910383473
24,1048.570211543833,,,mixed cyclic-ring out-of-plane deformation / C-O out-of-plane bending / ring-site C-H in-plane bending,delta(C2-C3-H11),angle,0.6936205517672541,+,0.02621385056932041,0.5501414560655805
24,1048.570211543833,,,mixed cyclic-ring out-of-plane deformation / C-O out-of-plane bending / ring-site C-H in-plane bending,delta(O5-C4-H12),angle,0.5383917514198668,+,0.028866385080089582,0.3521499690707172
24,1048.570211543833,,,mixed cyclic-ring out-of-plane deformation / C-O out-of-plane bending / ring-site C-H in-plane bending,nu(C7-N9),bond,0.5325988121765336,-,-0.027558900691443167,0.38219981510192685
24,1048.570211543833,,,mixed cyclic-ring out-of-plane deformation / C-O out-of-plane bending / ring-site C-H in-plane bending,"gamma(H15;C6,O5,H14)",oop,0.4863007651949776,+,0.0364777132347604,0.1991882893990281
24,1048.570211543833,,,mixed cyclic-ring out-of-plane deformation / C-O out-of-plane bending / ring-site C-H in-plane bending,delta(O5-C4-H13),angle,0.4712422205990746,+,0.02789630808886149,0.33003864165600133
24,1048.570211543833,,,mixed cyclic-ring out-of-plane deformation / C-O out-of-plane bending / ring-site C-H in-plane bending,"gamma(N9;C7,C6,C8)",oop,0.46037897420666435,+,0.013219128585192731,1.4358989750573936
24,1048.570211543833,,,mixed cyclic-ring out-of-plane deformation / C-O out-of-plane bending / ring-site C-H in-plane bending,delta(O5-C6-H14),angle,0.33517891881873635,-,-0.022377779109604437,0.3648016460119256
24,1048.570211543833,,,mixed cyclic-ring out-of-plane deformation / C-O out-of-plane bending / ring-site C-H in-plane bending,nu(O5-C6),bond,0.3213110401470702,+,0.022594437697993353,0.34303357664828
24,1048.570211543833,,,mixed cyclic-ring out-of-plane deformation / C-O out-of-plane bending / ring-site C-H in-plane bending,tau(C2-C3-C4-O5),dihedral,0.31933627732849257,-,-0.03351643402971592,0.15493398999329233
24,1048.570211543833,,,mixed cyclic-ring out-of-plane deformation / C-O out-of-plane bending / ring-site C-H in-plane bending,delta(C4-O5-C6),angle,0.2167491596029817,+,0.014771195118391176,0.5414273760865053
24,1048.570211543833,,,mixed cyclic-ring out-of-plane deformation / C-O out-of-plane bending / ring-site C-H in-plane bending,nu(C7-C8),bond,0.2021619991058048,-,-0.016951281904117693,0.3834497769963347
24,1048.570211543833,,,mixed cyclic-ring out-of-plane deformation / C-O out-of-plane bending / ring-site C-H in-plane bending,delta(C3-C4-H12),angle,0.16498035434712638,+,0.016933772405144973,0.313573139325566
24,1048.570211543833,,,mixed cyclic-ring out-of-plane deformation / C-O out-of-plane bending / ring-site C-H in-plane bending,delta(C6-C7-H16),angle,0.1484189096346049,+,0.012448178719177555,0.522025437102308
24,1048.570211543833,,,mixed cyclic-ring out-of-plane deformation / C-O out-of-plane bending / ring-site C-H in-plane bending,nu(O1-C2),bond,0.09139597757150775,+,0.00763203255230618,0.8551862569590472
24,1048.570211543833,,,mixed cyclic-ring out-of-plane deformation / C-O out-of-plane bending / ring-site C-H in-plane bending,delta(O1-C2-C3),angle,0.08204079666720272,+,0.011100118792212284,0.3629014258602332
24,1048.570211543833,,,mixed cyclic-ring out-of-plane deformation / C-O out-of-plane bending / ring-site C-H in-plane bending,nu(C4-O5),bond,0.04040292692391019,+,0.008151147138429566,0.3314281718002575
24,1048.570211543833,,,mixed cyclic-ring out-of-plane deformation / C-O out-of-plane bending / ring-site C-H in-plane bending,delta(C3-N9-C8),angle,0.03829120340550663,+,0.008711616754765254,0.27498914531836777
24,1048.570211543833,,,mixed cyclic-ring out-of-plane deformation / C-O out-of-plane bending / ring-site C-H in-plane bending,delta(H12-C4-H13),angle,0.03513255785793018,+,0.00820970306468305,0.284098492946767
24,1048.570211543833,,,mixed cyclic-ring out-of-plane deformation / C-O out-of-plane bending / ring-site C-H in-plane bending,tau(C4-O5-C6-H14),dihedral,0.019780519357876284,-,-0.009585237054783514,0.11733998626181286
24,1048.570211543833,,,mixed cyclic-ring out-of-plane deformation / C-O out-of-plane bending / ring-site C-H in-plane bending,nu(C8-H17),bond,0.012837002610527188,-,-0.0044654060020825085,0.3508777138495141
24,1048.570211543833,,,mixed cyclic-ring out-of-plane deformation / C-O out-of-plane bending / ring-site C-H in-plane bending,"gamma(N9;C3,C2,H11)",oop,0.010583549516636172,-,-0.00424626903424788,0.319911897315103
24,1048.570211543833,,,mixed cyclic-ring out-of-plane deformation / C-O out-of-plane bending / ring-site C-H in-plane bending,nu(C3-H11),bond,0.002947010539395654,-,-0.0022497803206098397,0.3173332068895945
24,1048.570211543833,,,mixed cyclic-ring out-of-plane deformation / C-O out-of-plane bending / ring-site C-H in-plane bending,nu(C4-H12),bond,0.002090338867245962,+,0.001818394023575217,0.3445519910153448
24,1048.570211543833,,,mixed cyclic-ring out-of-plane deformation / C-O out-of-plane bending / ring-site C-H in-plane bending,nu(C2-H10),bond,0.001398996272468959,+,0.0015928952453502843,0.3005081011048296
24,1048.570211543833,,,mixed cyclic-ring out-of-plane deformation / C-O out-of-plane bending / ring-site C-H in-plane bending,nu(C6-H14),bond,0.0008757895915062307,+,0.001183555412273074,0.3407506136937907
24,1048.570211543833,,,mixed cyclic-ring out-of-plane deformation / C-O out-of-plane bending / ring-site C-H in-plane bending,nu(C6-H15),bond,0.00037816557138564005,+,0.0008093280897874986,0.3146638256816722
24,1048.570211543833,,,mixed cyclic-ring out-of-plane deformation / C-O out-of-plane bending / ring-site C-H in-plane bending,nu(C8-H18),bond,0.00024558470805166474,-,-0.0006228772605823646,0.3449931141630818
24,1048.570211543833,,,mixed cyclic-ring out-of-plane deformation / C-O out-of-plane bending / ring-site C-H in-plane bending,nu(C7-H16),bond,0.0001433421847890599,+,0.0004756928162354275,0.34525095819208307
24,1048.570211543833,,,mixed cyclic-ring out-of-plane deformation / C-O out-of-plane bending / ring-site C-H in-plane bending,nu(C4-H13),bond,0.00013247747027797673,-,-0.0004760898715269294,0.3185504336763951
25,1083.6946347064493,,,mixed mixed-phase cyclic C-O stretching / ring-site C-H in-plane bending,nu(C4-O5),bond,26.76058344434257,-,-0.22261422424435484,0.3314281718002575
25,1083.6946347064493,,,mixed mixed-phase cyclic C-O stretching / ring-site C-H in-plane bending,nu(O5-C6),bond,13.536366530036746,+,0.15562614845741385,0.34303357664828
25,1083.6946347064493,,,mixed mixed-phase cyclic C-O stretching / ring-site C-H in-plane bending,"gamma(H15;C6,C7,H14)",oop,7.013255365908549,-,-0.1365734782083788,0.23077384044063307
25,1083.6946347064493,,,mixed mixed-phase cyclic C-O stretching / ring-site C-H in-plane bending,delta(O5-C6-H14),angle,6.285766275760199,-,-0.10283727309905732,0.3648016460119256
25,1083.6946347064493,,,mixed mixed-phase cyclic C-O stretching / ring-site C-H in-plane bending,delta(O5-C4-H12),angle,5.457379204134177,+,0.09752771989421431,0.3521499690707172
25,1083.6946347064493,,,mixed mixed-phase cyclic C-O stretching / ring-site C-H in-plane bending,"gamma(N9;C8,C7,H18)",oop,4.623673674301407,-,-0.06921893208703388,0.5922936146637127
25,1083.6946347064493,,,mixed mixed-phase cyclic C-O stretching / ring-site C-H in-plane bending,delta(C6-C7-H16),angle,4.241552171694021,+,0.07061816140390932,0.522025437102308
25,1083.6946347064493,,,mixed mixed-phase cyclic C-O stretching / ring-site C-H in-plane bending,nu(C6-C7),bond,2.970691395235617,+,0.07636131971662978,0.31268737896018667
25,1083.6946347064493,,,mixed mixed-phase cyclic C-O stretching / ring-site C-H in-plane bending,tau(H17-C8-N9-C3),dihedral,2.868059738290536,+,0.11025305588998202,0.14481267848705123
25,1083.6946347064493,,,mixed mixed-phase cyclic C-O stretching / ring-site C-H in-plane bending,delta(C7-C8-H18),angle,2.7071805578520047,+,0.0888754103636177,0.21035539225769873
25,1083.6946347064493,,,mixed mixed-phase cyclic C-O stretching / ring-site C-H in-plane bending,"gamma(C8;C7,C6,N9)",oop,2.551627308522247,+,0.04275186850242141,0.8568537564805015
25,1083.6946347064493,,,mixed mixed-phase cyclic C-O stretching / ring-site C-H in-plane bending,nu(C2-C3),bond,2.405838618099913,+,0.07594923240738,0.25598786529004025
25,1083.6946347064493,,,mixed mixed-phase cyclic C-O stretching / ring-site C-H in-plane bending,"gamma(N9;C3,C2,C4)",oop,1.8050795227541014,+,0.0500664908568198,0.44197906466807035
25,1083.6946347064493,,,mixed mixed-phase cyclic C-O stretching / ring-site C-H in-plane bending,delta(N9-C8-H17),angle,1.7774441658149318,+,0.07028232327958617,0.22085305625644952
25,1083.6946347064493,,,mixed mixed-phase cyclic C-O stretching / ring-site C-H in-plane bending,"gamma(H15;C6,O5,C7)",oop,1.6917557527075127,-,-0.06808039687956659,0.22402328903471713
25,1083.6946347064493,,,mixed mixed-phase cyclic C-O stretching / ring-site C-H in-plane bending,delta(C4-C3-H11),angle,1.4750694901150774,-,-0.04281789814626573,0.4938117910383473
25,1083.6946347064493,,,mixed mixed-phase cyclic C-O stretching / ring-site C-H in-plane bending,"gamma(N9;C3,C4,H11)",oop,1.3067645302779276,-,-0.03714851593679483,0.5811845564107604
25,1083.6946347064493,,,mixed mixed-phase cyclic C-O stretching / ring-site C-H in-plane bending,delta(N9-C7-H16),angle,1.2539949787383367,-,-0.042469416008439946,0.4267198877605949
25,1083.6946347064493,,,mixed mixed-phase cyclic C-O stretching / ring-site C-H in-plane bending,nu(C3-N9),bond,1.1532731401163754,-,-0.04739913493178067,0.31505836222860206
25,1083.6946347064493,,,mixed mixed-phase cyclic C-O stretching / ring-site C-H in-plane bending,delta(O1-C2-C3),angle,1.0127604584265406,-,-0.041386515553507225,0.3629014258602332
25,1083.6946347064493,,,mixed mixed-phase cyclic C-O stretching / ring-site C-H in-plane bending,delta(O5-C4-H13),angle,1.0122550327066744,-,-0.043387278470560856,0.33003864165600133
25,1083.6946347064493,,,mixed mixed-phase cyclic C-O stretching / ring-site C-H in-plane bending,"gamma(N9;C3,C2,H11)",oop,0.9597577895429559,+,0.04291068619164409,0.319911897315103
25,1083.6946347064493,,,mixed mixed-phase cyclic C-O stretching / ring-site C-H in-plane bending,nu(C3-C4),bond,0.8005128691770802,-,-0.041000496777504,0.2922737052353564
25,1083.6946347064493,,,mixed mixed-phase cyclic C-O stretching / ring-site C-H in-plane bending,"gamma(C8;C7,N9,H16)",oop,0.7189320744680165,+,0.025144346456587214,0.6979218906199945
25,1083.6946347064493,,,mixed mixed-phase cyclic C-O stretching / ring-site C-H in-plane bending,nu(C7-N9),bond,0.608329082565225,-,-0.031255315403122715,0.38219981510192685
25,1083.6946347064493,,,mixed mixed-phase cyclic C-O stretching / ring-site C-H in-plane bending,tau(C4-O5-C6-H14),dihedral,0.5695875215278874,-,-0.05458295566778206,0.11733998626181286
25,1083.6946347064493,,,mixed mixed-phase cyclic C-O stretching / ring-site C-H in-plane bending,"gamma(O1;C2,C3,H10)",oop,0.5595852915320989,-,-0.05614311414367607,0.10896147127568684
25,1083.6946347064493,,,mixed mixed-phase cyclic C-O stretching / ring-site C-H in-plane bending,delta(H12-C4-H13),angle,0.42610618912248416,-,-0.030340608640572548,0.284098492946767
25,1083.6946347064493,,,mixed mixed-phase cyclic C-O stretching / ring-site C-H in-plane bending,nu(C7-C8),bond,0.4127252224119374,-,-0.025702542903948054,0.3834497769963347
25,1083.6946347064493,,,mixed mixed-phase cyclic C-O stretching / ring-site C-H in-plane bending,delta(C4-O5-C6),angle,0.38662624120353395,+,0.02093511690826764,0.5414273760865053
25,1083.6946347064493,,,mixed mixed-phase cyclic C-O stretching / ring-site C-H in-plane bending,"gamma(N9;C7,C6,C8)",oop,0.3390763232785088,-,-0.012038894879255626,1.4358989750573936
25,1083.6946347064493,,,mixed mixed-phase cyclic C-O stretching / ring-site C-H in-plane bending,delta(C2-C3-H11),angle,0.05368661348204217,+,0.007739192533152367,0.5501414560655805
25,1083.6946347064493,,,mixed mixed-phase cyclic C-O stretching / ring-site C-H in-plane bending,tau(C2-C3-C4-O5),dihedral,0.05303830279567657,+,0.014495102439100179,0.15493398999329233
25,1083.6946347064493,,,mixed mixed-phase cyclic C-O stretching / ring-site C-H in-plane bending,delta(O1-C2-H10),angle,0.04368637537211528,+,0.00960314162694321,0.29074952250985897
25,1083.6946347064493,,,mixed mixed-phase cyclic C-O stretching / ring-site C-H in-plane bending,nu(C4-H13),bond,0.039576191328846606,+,0.008732281561526509,0.3185504336763951
25,1083.6946347064493,,,mixed mixed-phase cyclic C-O stretching / ring-site C-H in-plane bending,nu(C6-H15),bond,0.03703800278840836,-,-0.008499633571024172,0.3146638256816722
25,1083.6946347064493,,,mixed mixed-phase cyclic C-O stretching / ring-site C-H in-plane bending,delta(C3-N9-C8),angle,0.017204352349183143,-,-0.006196710698561895,0.27498914531836777
25,1083.6946347064493,,,mixed mixed-phase cyclic C-O stretching / ring-site C-H in-plane bending,nu(C4-H12),bond,0.014800472172658953,+,0.005134642791488976,0.3445519910153448
25,1083.6946347064493,,,mixed mixed-phase cyclic C-O stretching / ring-site C-H in-plane bending,"gamma(H15;C6,O5,H14)",oop,0.012809197275669851,+,0.006282447797153295,0.1991882893990281
25,1083.6946347064493,,,mixed mixed-phase cyclic C-O stretching / ring-site C-H in-plane bending,nu(C6-H14),bond,0.01262597044800849,-,-0.0047688525368581956,0.3407506136937907
25,1083.6946347064493,,,mixed mixed-phase cyclic C-O stretching / ring-site C-H in-plane bending,nu(C8-H18),bond,0.011668362924823393,-,-0.004556166466213998,0.3449931141630818
25,1083.6946347064493,,,mixed mixed-phase cyclic C-O stretching / ring-site C-H in-plane bending,nu(C7-H16),bond,0.0042098454775563645,+,0.002735681060770255,0.34525095819208307
25,1083.6946347064493,,,mixed mixed-phase cyclic C-O stretching / ring-site C-H in-plane bending,nu(C3-H11),bond,0.0025764446704608485,+,0.0022322996043586778,0.3173332068895945
25,1083.6946347064493,,,mixed mixed-phase cyclic C-O stretching / ring-site C-H in-plane bending,tau(H10-C2-C3-C4),dihedral,0.0022061419680825807,+,0.012254049312585977,0.00901724508707496
25,1083.6946347064493,,,mixed mixed-phase cyclic C-O stretching / ring-site C-H in-plane bending,nu(O1-C2),bond,0.0015550945449056585,-,-0.0010564473908417317,0.8551862569590472
25,1083.6946347064493,,,mixed mixed-phase cyclic C-O stretching / ring-site C-H in-plane bending,nu(C2-H10),bond,0.0009181667714251153,+,0.0013694069449940664,0.3005081011048296
25,1083.6946347064493,,,mixed mixed-phase cyclic C-O stretching / ring-site C-H in-plane bending,delta(C3-C4-H12),angle,0.0007332222237683991,-,-0.0011979762697416027,0.313573139325566
25,1083.6946347064493,,,mixed mixed-phase cyclic C-O stretching / ring-site C-H in-plane bending,nu(C8-H17),bond,5.728274117289149e-05,-,-0.00031654381792099354,0.3508777138495141
26,1103.2799826122946,,,mixed ring-site C-H in-plane bending / cyclic-ring out-of-plane deformation,delta(N9-C7-H16),angle,16.377530723606334,-,-0.1668802863019132,0.4267198877605949
26,1103.2799826122946,,,mixed ring-site C-H in-plane bending / cyclic-ring out-of-plane deformation,"gamma(O1;C2,C3,H10)",oop,13.068995357267616,+,0.2950101030427303,0.10896147127568684
26,1103.2799826122946,,,mixed ring-site C-H in-plane bending / cyclic-ring out-of-plane deformation,"gamma(C8;C7,N9,H16)",oop,11.731915849171848,-,-0.11044176185299781,0.6979218906199945
26,1103.2799826122946,,,mixed ring-site C-H in-plane bending / cyclic-ring out-of-plane deformation,"gamma(N9;C3,C2,C4)",oop,8.766839517236823,-,-0.11997007927997956,0.44197906466807035
26,1103.2799826122946,,,mixed ring-site C-H in-plane bending / cyclic-ring out-of-plane deformation,delta(N9-C8-H17),angle,8.562088318536782,+,0.16772214643040312,0.22085305625644952
26,1103.2799826122946,,,mixed ring-site C-H in-plane bending / cyclic-ring out-of-plane deformation,"gamma(N9;C8,C7,H18)",oop,6.817604941670344,-,-0.09139020621903482,0.5922936146637127
26,1103.2799826122946,,,mixed ring-site C-H in-plane bending / cyclic-ring out-of-plane deformation,delta(C2-C3-H11),angle,6.5513635399519226,+,0.09295674977365757,0.5501414560655805
26,1103.2799826122946,,,mixed ring-site C-H in-plane bending / cyclic-ring out-of-plane deformation,nu(C2-C3),bond,4.035243812784175,+,0.10694918208845873,0.25598786529004025
26,1103.2799826122946,,,mixed ring-site C-H in-plane bending / cyclic-ring out-of-plane deformation,"gamma(H15;C6,O5,C7)",oop,3.5887466025515233,+,0.10781447673354437,0.22402328903471713
26,1103.2799826122946,,,mixed ring-site C-H in-plane bending / cyclic-ring out-of-plane deformation,nu(C7-N9),bond,2.4826274335927727,+,0.06865351941451378,0.38219981510192685
26,1103.2799826122946,,,mixed ring-site C-H in-plane bending / cyclic-ring out-of-plane deformation,"gamma(C8;C7,C6,N9)",oop,2.1978523831093195,-,-0.04314179137304823,0.8568537564805015
26,1103.2799826122946,,,mixed ring-site C-H in-plane bending / cyclic-ring out-of-plane deformation,delta(C3-C4-H12),angle,1.8994744838420172,-,-0.06629786940035293,0.313573139325566
26,1103.2799826122946,,,mixed ring-site C-H in-plane bending / cyclic-ring out-of-plane deformation,delta(O5-C4-H13),angle,1.7519534779853483,+,0.06206277012479003,0.33003864165600133
26,1103.2799826122946,,,mixed ring-site C-H in-plane bending / cyclic-ring out-of-plane deformation,delta(O5-C4-H12),angle,1.2901619390109975,-,-0.05155972025322039,0.3521499690707172
26,1103.2799826122946,,,mixed ring-site C-H in-plane bending / cyclic-ring out-of-plane deformation,tau(H17-C8-N9-C3),dihedral,1.2619578472698296,+,0.0795190893483841,0.14481267848705123
26,1103.2799826122946,,,mixed ring-site C-H in-plane bending / cyclic-ring out-of-plane deformation,delta(O5-C6-H14),angle,1.1524567657127192,+,0.047878021246480024,0.3648016460119256
26,1103.2799826122946,,,mixed ring-site C-H in-plane bending / cyclic-ring out-of-plane deformation,nu(C6-C7),bond,0.9636295360437189,-,-0.04728813021741609,0.31268737896018667
26,1103.2799826122946,,,mixed ring-site C-H in-plane bending / cyclic-ring out-of-plane deformation,delta(C3-N9-C8),angle,0.9144903609050005,+,0.049122906738905826,0.27498914531836777
26,1103.2799826122946,,,mixed ring-site C-H in-plane bending / cyclic-ring out-of-plane deformation,"gamma(H15;C6,O5,H14)",oop,0.8554209687310926,-,-0.05582263230842977,0.1991882893990281
26,1103.2799826122946,,,mixed ring-site C-H in-plane bending / cyclic-ring out-of-plane deformation,delta(O1-C2-C3),angle,0.7523962555501903,-,-0.03878655810504812,0.3629014258602332
26,1103.2799826122946,,,mixed ring-site C-H in-plane bending / cyclic-ring out-of-plane deformation,"gamma(N9;C7,C6,C8)",oop,0.6653768095701968,-,-0.018336825588889213,1.4358989750573936
26,1103.2799826122946,,,mixed ring-site C-H in-plane bending / cyclic-ring out-of-plane deformation,nu(C3-C4),bond,0.6457815189543255,-,-0.040040565296140355,0.2922737052353564
26,1103.2799826122946,,,mixed ring-site C-H in-plane bending / cyclic-ring out-of-plane deformation,delta(C7-C8-H18),angle,0.6307321905162153,-,-0.04664423132138734,0.21035539225769873
26,1103.2799826122946,,,mixed ring-site C-H in-plane bending / cyclic-ring out-of-plane deformation,tau(C4-O5-C6-H14),dihedral,0.5761860210547057,+,0.05969124113420469,0.11733998626181286
26,1103.2799826122946,,,mixed ring-site C-H in-plane bending / cyclic-ring out-of-plane deformation,"gamma(N9;C3,C4,H11)",oop,0.5545126847553631,+,0.02631182528768565,0.5811845564107604
26,1103.2799826122946,,,mixed ring-site C-H in-plane bending / cyclic-ring out-of-plane deformation,tau(C2-C3-C4-O5),dihedral,0.5516134420655422,-,-0.05082721742090189,0.15493398999329233
26,1103.2799826122946,,,mixed ring-site C-H in-plane bending / cyclic-ring out-of-plane deformation,tau(H10-C2-C3-C4),dihedral,0.4260251567299998,-,-0.18515393753698892,0.00901724508707496
26,1103.2799826122946,,,mixed ring-site C-H in-plane bending / cyclic-ring out-of-plane deformation,nu(C7-C8),bond,0.41132664464360863,-,-0.027899180295325163,0.3834497769963347
26,1103.2799826122946,,,mixed ring-site C-H in-plane bending / cyclic-ring out-of-plane deformation,"gamma(H15;C6,C7,H14)",oop,0.2887040590083839,+,0.030129048949958843,0.23077384044063307
26,1103.2799826122946,,,mixed ring-site C-H in-plane bending / cyclic-ring out-of-plane deformation,delta(C4-O5-C6),angle,0.08488697123433614,-,-0.010666027040230727,0.5414273760865053
26,1103.2799826122946,,,mixed ring-site C-H in-plane bending / cyclic-ring out-of-plane deformation,delta(C6-C7-H16),angle,0.039458902912602206,-,-0.007405918647386601,0.522025437102308
26,1103.2799826122946,,,mixed ring-site C-H in-plane bending / cyclic-ring out-of-plane deformation,nu(O5-C6),bond,0.0299336009567194,+,0.007957257888754413,0.34303357664828
26,1103.2799826122946,,,mixed ring-site C-H in-plane bending / cyclic-ring out-of-plane deformation,"gamma(N9;C3,C2,H11)",oop,0.01985378936460432,+,0.006710560189283663,0.319911897315103
26,1103.2799826122946,,,mixed ring-site C-H in-plane bending / cyclic-ring out-of-plane deformation,nu(C3-N9),bond,0.01696825155635479,+,0.00625137149728529,0.31505836222860206
26,1103.2799826122946,,,mixed ring-site C-H in-plane bending / cyclic-ring out-of-plane deformation,nu(C3-H11),bond,0.008942165355732872,-,-0.004521846907710957,0.3173332068895945
26,1103.2799826122946,,,mixed ring-site C-H in-plane bending / cyclic-ring out-of-plane deformation,nu(C8-H17),bond,0.007573439211966633,+,0.003957500208545567,0.3508777138495141
26,1103.2799826122946,,,mixed ring-site C-H in-plane bending / cyclic-ring out-of-plane deformation,nu(C7-H16),bond,0.006028391128178645,-,-0.003559471594760036,0.34525095819208307
26,1103.2799826122946,,,mixed ring-site C-H in-plane bending / cyclic-ring out-of-plane deformation,delta(H12-C4-H13),angle,0.004227618072213779,+,0.0032859857422601084,0.284098492946767
26,1103.2799826122946,,,mixed ring-site C-H in-plane bending / cyclic-ring out-of-plane deformation,nu(C4-O5),bond,0.002940713979691084,-,-0.0025373708675091706,0.3314281718002575
26,1103.2799826122946,,,mixed ring-site C-H in-plane bending / cyclic-ring out-of-plane deformation,delta(O1-C2-H10),angle,0.002659404879837397,-,-0.0025762321303878996,0.29074952250985897
26,1103.2799826122946,,,mixed ring-site C-H in-plane bending / cyclic-ring out-of-plane deformation,nu(C6-H15),bond,0.0016564726985511989,-,-0.001954433953089866,0.3146638256816722
26,1103.2799826122946,,,mixed ring-site C-H in-plane bending / cyclic-ring out-of-plane deformation,nu(C8-H18),bond,0.0012900860725872777,+,0.0016472381679653173,0.3449931141630818
26,1103.2799826122946,,,mixed ring-site C-H in-plane bending / cyclic-ring out-of-plane deformation,nu(C4-H13),bond,0.00018359109159722136,-,-0.0006466793133596908,0.3185504336763951
26,1103.2799826122946,,,mixed ring-site C-H in-plane bending / cyclic-ring out-of-plane deformation,nu(C6-H14),bond,0.00014798381110569186,-,-0.0005613594620602255,0.3407506136937907
26,1103.2799826122946,,,mixed ring-site C-H in-plane bending / cyclic-ring out-of-plane deformation,nu(O1-C2),bond,0.0001401924078016779,-,-0.00034489282349284994,0.8551862569590472
26,1103.2799826122946,,,mixed ring-site C-H in-plane bending / cyclic-ring out-of-plane deformation,nu(C2-H10),bond,5.258513999058639e-05,-,-0.00035633271093005333,0.3005081011048296
26,1103.2799826122946,,,mixed ring-site C-H in-plane bending / cyclic-ring out-of-plane deformation,nu(C4-H12),bond,2.8826353581478483e-05,+,0.0002463881062507223,0.3445519910153448
26,1103.2799826122946,,,mixed ring-site C-H in-plane bending / cyclic-ring out-of-plane deformation,delta(C4-C3-H11),angle,1.8371943839662592e-05,+,0.00016430436208229803,0.4938117910383473
27,1118.188660458798,,,mixed ring-site C-H in-plane bending / cyclic-ring out-of-plane deformation / ring-site C-H out-of-plane bending,"gamma(N9;C8,C7,H18)",oop,23.967305856204494,-,-0.15950096542623218,0.5922936146637127
27,1118.188660458798,,,mixed ring-site C-H in-plane bending / cyclic-ring out-of-plane deformation / ring-site C-H out-of-plane bending,delta(N9-C8-H17),angle,21.140290891440056,-,-0.24531607363477276,0.22085305625644952
27,1118.188660458798,,,mixed ring-site C-H in-plane bending / cyclic-ring out-of-plane deformation / ring-site C-H out-of-plane bending,delta(C7-C8-H18),angle,19.138270028932745,+,0.23916451675575232,0.21035539225769873
27,1118.188660458798,,,mixed ring-site C-H in-plane bending / cyclic-ring out-of-plane deformation / ring-site C-H out-of-plane bending,tau(H17-C8-N9-C3),dihedral,13.046637543503456,-,-0.23799522173021176,0.14481267848705123
27,1118.188660458798,,,mixed ring-site C-H in-plane bending / cyclic-ring out-of-plane deformation / ring-site C-H out-of-plane bending,nu(C7-N9),bond,2.656283699861002,+,0.06610194290401174,0.38219981510192685
27,1118.188660458798,,,mixed ring-site C-H in-plane bending / cyclic-ring out-of-plane deformation / ring-site C-H out-of-plane bending,nu(C3-C4),bond,2.398063188247256,-,-0.07182202916643597,0.2922737052353564
27,1118.188660458798,,,mixed ring-site C-H in-plane bending / cyclic-ring out-of-plane deformation / ring-site C-H out-of-plane bending,nu(C4-O5),bond,2.1953619743286352,+,0.06453281211284145,0.3314281718002575
27,1118.188660458798,,,mixed ring-site C-H in-plane bending / cyclic-ring out-of-plane deformation / ring-site C-H out-of-plane bending,"gamma(H15;C6,O5,C7)",oop,1.591437542064991,-,-0.06682984398378965,0.22402328903471713
27,1118.188660458798,,,mixed ring-site C-H in-plane bending / cyclic-ring out-of-plane deformation / ring-site C-H out-of-plane bending,nu(O5-C6),bond,1.5590578460959985,-,-0.0534545934941853,0.34303357664828
27,1118.188660458798,,,mixed ring-site C-H in-plane bending / cyclic-ring out-of-plane deformation / ring-site C-H out-of-plane bending,nu(C2-C3),bond,1.5494612749308372,+,0.06168831478927343,0.25598786529004025
27,1118.188660458798,,,mixed ring-site C-H in-plane bending / cyclic-ring out-of-plane deformation / ring-site C-H out-of-plane bending,"gamma(C8;C7,C6,N9)",oop,1.3331227347702879,+,0.03127547737380432,0.8568537564805015
27,1118.188660458798,,,mixed ring-site C-H in-plane bending / cyclic-ring out-of-plane deformation / ring-site C-H out-of-plane bending,nu(C7-C8),bond,1.1386333793243002,-,-0.04320758004344336,0.3834497769963347
27,1118.188660458798,,,mixed ring-site C-H in-plane bending / cyclic-ring out-of-plane deformation / ring-site C-H out-of-plane bending,"gamma(N9;C3,C4,H11)",oop,1.0018255598392025,+,0.032920108167838025,0.5811845564107604
27,1118.188660458798,,,mixed ring-site C-H in-plane bending / cyclic-ring out-of-plane deformation / ring-site C-H out-of-plane bending,"gamma(N9;C7,C6,C8)",oop,0.8770234352183756,-,-0.019595930425329276,1.4358989750573936
27,1118.188660458798,,,mixed ring-site C-H in-plane bending / cyclic-ring out-of-plane deformation / ring-site C-H out-of-plane bending,"gamma(N9;C3,C2,H11)",oop,0.7145888456844433,+,0.03747444011671124,0.319911897315103
27,1118.188660458798,,,mixed ring-site C-H in-plane bending / cyclic-ring out-of-plane deformation / ring-site C-H out-of-plane bending,delta(C3-C4-H12),angle,0.642178564825574,+,0.03588233595265741,0.313573139325566
27,1118.188660458798,,,mixed ring-site C-H in-plane bending / cyclic-ring out-of-plane deformation / ring-site C-H out-of-plane bending,delta(O5-C4-H13),angle,0.6032930679263351,-,-0.033900336135580446,0.33003864165600133
27,1118.188660458798,,,mixed ring-site C-H in-plane bending / cyclic-ring out-of-plane deformation / ring-site C-H out-of-plane bending,delta(O1-C2-C3),angle,0.5173706383404039,-,-0.02993841361868625,0.3629014258602332
27,1118.188660458798,,,mixed ring-site C-H in-plane bending / cyclic-ring out-of-plane deformation / ring-site C-H out-of-plane bending,tau(C4-O5-C6-H14),dihedral,0.4630707238983682,-,-0.04981072676625453,0.11733998626181286
27,1118.188660458798,,,mixed ring-site C-H in-plane bending / cyclic-ring out-of-plane deformation / ring-site C-H out-of-plane bending,delta(C4-C3-H11),angle,0.41446760941506106,-,-0.022971365006051278,0.4938117910383473
27,1118.188660458798,,,mixed ring-site C-H in-plane bending / cyclic-ring out-of-plane deformation / ring-site C-H out-of-plane bending,delta(O5-C4-H12),angle,0.40269455817534944,+,0.026813054163464384,0.3521499690707172
27,1118.188660458798,,,mixed ring-site C-H in-plane bending / cyclic-ring out-of-plane deformation / ring-site C-H out-of-plane bending,"gamma(H15;C6,O5,H14)",oop,0.4003047619339982,+,0.03554558855732622,0.1991882893990281
27,1118.188660458798,,,mixed ring-site C-H in-plane bending / cyclic-ring out-of-plane deformation / ring-site C-H out-of-plane bending,delta(C2-C3-H11),angle,0.3865627568272866,+,0.02101817728943172,0.5501414560655805
27,1118.188660458798,,,mixed ring-site C-H in-plane bending / cyclic-ring out-of-plane deformation / ring-site C-H out-of-plane bending,"gamma(C8;C7,N9,H16)",oop,0.3809970619967244,-,-0.018525913653179984,0.6979218906199945
27,1118.188660458798,,,mixed ring-site C-H in-plane bending / cyclic-ring out-of-plane deformation / ring-site C-H out-of-plane bending,delta(C6-C7-H16),angle,0.28114639086305154,-,-0.018401052139247445,0.522025437102308
27,1118.188660458798,,,mixed ring-site C-H in-plane bending / cyclic-ring out-of-plane deformation / ring-site C-H out-of-plane bending,"gamma(H15;C6,C7,H14)",oop,0.2721120850825195,+,0.02722719230173349,0.23077384044063307
27,1118.188660458798,,,mixed ring-site C-H in-plane bending / cyclic-ring out-of-plane deformation / ring-site C-H out-of-plane bending,delta(O5-C6-H14),angle,0.23489951540395493,-,-0.020120320675323187,0.3648016460119256
27,1118.188660458798,,,mixed ring-site C-H in-plane bending / cyclic-ring out-of-plane deformation / ring-site C-H out-of-plane bending,nu(C3-N9),bond,0.17256284780161396,-,-0.018556684180997908,0.31505836222860206
27,1118.188660458798,,,mixed ring-site C-H in-plane bending / cyclic-ring out-of-plane deformation / ring-site C-H out-of-plane bending,"gamma(N9;C3,C2,C4)",oop,0.14860774689800466,+,0.014539253473141184,0.44197906466807035
27,1118.188660458798,,,mixed ring-site C-H in-plane bending / cyclic-ring out-of-plane deformation / ring-site C-H out-of-plane bending,"gamma(O1;C2,C3,H10)",oop,0.12564216760403146,+,0.02692486058032322,0.10896147127568684
27,1118.188660458798,,,mixed ring-site C-H in-plane bending / cyclic-ring out-of-plane deformation / ring-site C-H out-of-plane bending,tau(C2-C3-C4-O5),dihedral,0.07721902555743837,-,-0.017701539484155707,0.15493398999329233
27,1118.188660458798,,,mixed ring-site C-H in-plane bending / cyclic-ring out-of-plane deformation / ring-site C-H out-of-plane bending,delta(N9-C7-H16),angle,0.05838591353808315,+,0.009274805912921026,0.4267198877605949
27,1118.188660458798,,,mixed ring-site C-H in-plane bending / cyclic-ring out-of-plane deformation / ring-site C-H out-of-plane bending,delta(O1-C2-H10),angle,0.05079208191214886,+,0.010479986772915954,0.29074952250985897
27,1118.188660458798,,,mixed ring-site C-H in-plane bending / cyclic-ring out-of-plane deformation / ring-site C-H out-of-plane bending,tau(H10-C2-C3-C4),dihedral,0.020074086940353387,-,-0.03741133412133262,0.00901724508707496
27,1118.188660458798,,,mixed ring-site C-H in-plane bending / cyclic-ring out-of-plane deformation / ring-site C-H out-of-plane bending,delta(C4-O5-C6),angle,0.013257855160692729,-,-0.003923636463168824,0.5414273760865053
27,1118.188660458798,,,mixed ring-site C-H in-plane bending / cyclic-ring out-of-plane deformation / ring-site C-H out-of-plane bending,delta(H12-C4-H13),angle,0.012391086346520993,+,0.005236516292191142,0.284098492946767
27,1118.188660458798,,,mixed ring-site C-H in-plane bending / cyclic-ring out-of-plane deformation / ring-site C-H out-of-plane bending,nu(C6-C7),bond,0.006223233625566881,+,0.0035373261841803298,0.31268737896018667
27,1118.188660458798,,,mixed ring-site C-H in-plane bending / cyclic-ring out-of-plane deformation / ring-site C-H out-of-plane bending,nu(C4-H13),bond,0.004289840551700141,-,-0.0029097368032342022,0.3185504336763951
27,1118.188660458798,,,mixed ring-site C-H in-plane bending / cyclic-ring out-of-plane deformation / ring-site C-H out-of-plane bending,delta(C3-N9-C8),angle,0.002048049589718437,+,0.0021638875630187807,0.27498914531836777
27,1118.188660458798,,,mixed ring-site C-H in-plane bending / cyclic-ring out-of-plane deformation / ring-site C-H out-of-plane bending,nu(C4-H12),bond,0.0008299224202858197,-,-0.0012305906160753458,0.3445519910153448
27,1118.188660458798,,,mixed ring-site C-H in-plane bending / cyclic-ring out-of-plane deformation / ring-site C-H out-of-plane bending,nu(C6-H14),bond,0.0005144027030623393,+,0.0009742166104676375,0.3407506136937907
27,1118.188660458798,,,mixed ring-site C-H in-plane bending / cyclic-ring out-of-plane deformation / ring-site C-H out-of-plane bending,nu(C8-H17),bond,0.0003303567688769575,-,-0.000769371234806979,0.3508777138495141
27,1118.188660458798,,,mixed ring-site C-H in-plane bending / cyclic-ring out-of-plane deformation / ring-site C-H out-of-plane bending,nu(C8-H18),bond,0.00026369496324732216,+,0.0006932149754901968,0.3449931141630818
27,1118.188660458798,,,mixed ring-site C-H in-plane bending / cyclic-ring out-of-plane deformation / ring-site C-H out-of-plane bending,nu(C3-H11),bond,4.085066363218346e-05,-,-0.00028448805111395384,0.3173332068895945
27,1118.188660458798,,,mixed ring-site C-H in-plane bending / cyclic-ring out-of-plane deformation / ring-site C-H out-of-plane bending,nu(O1-C2),bond,2.509412920785731e-05,+,0.00013582444551394336,0.8551862569590472
27,1118.188660458798,,,mixed ring-site C-H in-plane bending / cyclic-ring out-of-plane deformation / ring-site C-H out-of-plane bending,nu(C6-H15),bond,2.3604019608342107e-05,+,0.00021716598718748094,0.3146638256816722
27,1118.188660458798,,,mixed ring-site C-H in-plane bending / cyclic-ring out-of-plane deformation / ring-site C-H out-of-plane bending,nu(C2-H10),bond,1.5323397604510157e-05,+,0.00017904890755650682,0.3005081011048296
27,1118.188660458798,,,mixed ring-site C-H in-plane bending / cyclic-ring out-of-plane deformation / ring-site C-H out-of-plane bending,nu(C7-H16),bond,1.2802738790011323e-06,+,4.828433211705102e-05,0.34525095819208307
28,1123.1825712731625,,,mixed ring-site C-H in-plane bending / mixed-phase cyclic C-C stretching,nu(C3-C4),bond,21.240465663672964,+,0.2273735161193516,0.2922737052353564
28,1123.1825712731625,,,mixed ring-site C-H in-plane bending / mixed-phase cyclic C-C stretching,delta(N9-C7-H16),angle,12.21764163936466,-,-0.1427167616794687,0.4267198877605949
28,1123.1825712731625,,,mixed ring-site C-H in-plane bending / mixed-phase cyclic C-C stretching,nu(O5-C6),bond,7.232099266471862,+,0.12246630285240959,0.34303357664828
28,1123.1825712731625,,,mixed ring-site C-H in-plane bending / mixed-phase cyclic C-C stretching,nu(C4-O5),bond,6.877361056019072,-,-0.1214979458646862,0.3314281718002575
28,1123.1825712731625,,,mixed ring-site C-H in-plane bending / mixed-phase cyclic C-C stretching,delta(N9-C8-H17),angle,6.825494260352407,-,-0.14827505017601825,0.22085305625644952
28,1123.1825712731625,,,mixed ring-site C-H in-plane bending / mixed-phase cyclic C-C stretching,delta(C2-C3-H11),angle,5.280111154908409,-,-0.08262987198078053,0.5501414560655805
28,1123.1825712731625,,,mixed ring-site C-H in-plane bending / mixed-phase cyclic C-C stretching,nu(C3-N9),bond,4.652802945428927,-,-0.1024978033192023,0.31505836222860206
28,1123.1825712731625,,,mixed ring-site C-H in-plane bending / mixed-phase cyclic C-C stretching,delta(O1-C2-C3),angle,4.486194510676042,+,0.09377723987459953,0.3629014258602332
28,1123.1825712731625,,,mixed ring-site C-H in-plane bending / mixed-phase cyclic C-C stretching,"gamma(C8;C7,N9,H16)",oop,3.9663034806278366,-,-0.06358318722111879,0.6979218906199945
28,1123.1825712731625,,,mixed ring-site C-H in-plane bending / mixed-phase cyclic C-C stretching,"gamma(H15;C6,O5,C7)",oop,3.4963131300720187,+,0.10536862422210402,0.22402328903471713
28,1123.1825712731625,,,mixed ring-site C-H in-plane bending / mixed-phase cyclic C-C stretching,"gamma(N9;C3,C2,H11)",oop,3.4703251647336475,-,-0.08784612774408995,0.319911897315103
28,1123.1825712731625,,,mixed ring-site C-H in-plane bending / mixed-phase cyclic C-C stretching,nu(C2-C3),bond,3.0784490024032936,-,-0.09249303406756319,0.25598786529004025
28,1123.1825712731625,,,mixed ring-site C-H in-plane bending / mixed-phase cyclic C-C stretching,delta(C7-C8-H18),angle,2.187930602423417,+,0.0860186614893212,0.21035539225769873
28,1123.1825712731625,,,mixed ring-site C-H in-plane bending / mixed-phase cyclic C-C stretching,tau(H17-C8-N9-C3),dihedral,2.0993443100464506,-,-0.10155265369519269,0.14481267848705123
28,1123.1825712731625,,,mixed ring-site C-H in-plane bending / mixed-phase cyclic C-C stretching,delta(C4-C3-H11),angle,1.6022259468310573,+,0.048043416755278893,0.4938117910383473
28,1123.1825712731625,,,mixed ring-site C-H in-plane bending / mixed-phase cyclic C-C stretching,nu(C6-C7),bond,1.499256745003054,-,-0.058403054732921955,0.31268737896018667
28,1123.1825712731625,,,mixed ring-site C-H in-plane bending / mixed-phase cyclic C-C stretching,tau(C4-O5-C6-H14),dihedral,1.346513293581114,+,0.09035143190850575,0.11733998626181286
28,1123.1825712731625,,,mixed ring-site C-H in-plane bending / mixed-phase cyclic C-C stretching,delta(O1-C2-H10),angle,1.2962281686675694,-,-0.05631627953725215,0.29074952250985897
28,1123.1825712731625,,,mixed ring-site C-H in-plane bending / mixed-phase cyclic C-C stretching,delta(C3-C4-H12),angle,1.1838345725063832,-,-0.05182374766387241,0.313573139325566
28,1123.1825712731625,,,mixed ring-site C-H in-plane bending / mixed-phase cyclic C-C stretching,nu(C7-N9),bond,1.0799123326018016,+,0.04483340746074416,0.38219981510192685
28,1123.1825712731625,,,mixed ring-site C-H in-plane bending / mixed-phase cyclic C-C stretching,delta(O5-C4-H13),angle,0.8853484099353748,+,0.04368450750496875,0.33003864165600133
28,1123.1825712731625,,,mixed ring-site C-H in-plane bending / mixed-phase cyclic C-C stretching,nu(C7-C8),bond,0.8245758585493973,-,-0.03911233973541823,0.3834497769963347
28,1123.1825712731625,,,mixed ring-site C-H in-plane bending / mixed-phase cyclic C-C stretching,"gamma(N9;C3,C4,H11)",oop,0.6067960689093012,+,0.02725317344274053,0.5811845564107604
28,1123.1825712731625,,,mixed ring-site C-H in-plane bending / mixed-phase cyclic C-C stretching,tau(C2-C3-C4-O5),dihedral,0.5328924936178298,+,0.04946513313058939,0.15493398999329233
28,1123.1825712731625,,,mixed ring-site C-H in-plane bending / mixed-phase cyclic C-C stretching,"gamma(H15;C6,O5,H14)",oop,0.531892693962857,-,-0.04358457796843694,0.1991882893990281
28,1123.1825712731625,,,mixed ring-site C-H in-plane bending / mixed-phase cyclic C-C stretching,"gamma(N9;C7,C6,C8)",oop,0.4140818083028106,-,-0.014322995861175676,1.4358989750573936
28,1123.1825712731625,,,mixed ring-site C-H in-plane bending / mixed-phase cyclic C-C stretching,"gamma(O1;C2,C3,H10)",oop,0.3221434246939628,-,-0.04586072222920637,0.10896147127568684
28,1123.1825712731625,,,mixed ring-site C-H in-plane bending / mixed-phase cyclic C-C stretching,"gamma(H15;C6,C7,H14)",oop,0.1866604201890226,-,-0.023987531850607223,0.23077384044063307
28,1123.1825712731625,,,mixed ring-site C-H in-plane bending / mixed-phase cyclic C-C stretching,delta(O5-C4-H12),angle,0.16419471391189872,-,-0.018212455009546217,0.3521499690707172
28,1123.1825712731625,,,mixed ring-site C-H in-plane bending / mixed-phase cyclic C-C stretching,delta(O5-C6-H14),angle,0.16127355338903734,+,0.017733967835947717,0.3648016460119256
28,1123.1825712731625,,,mixed ring-site C-H in-plane bending / mixed-phase cyclic C-C stretching,"gamma(C8;C7,C6,N9)",oop,0.03675841513372747,+,0.005524306551001252,0.8568537564805015
28,1123.1825712731625,,,mixed ring-site C-H in-plane bending / mixed-phase cyclic C-C stretching,nu(C3-H11),bond,0.022866271231566013,+,0.0071596641161435675,0.3173332068895945
28,1123.1825712731625,,,mixed ring-site C-H in-plane bending / mixed-phase cyclic C-C stretching,tau(H10-C2-C3-C4),dihedral,0.02176725212989914,+,0.041439795207228014,0.00901724508707496
28,1123.1825712731625,,,mixed ring-site C-H in-plane bending / mixed-phase cyclic C-C stretching,nu(C4-H13),bond,0.021206378314094564,+,0.006881718214881803,0.3185504336763951
28,1123.1825712731625,,,mixed ring-site C-H in-plane bending / mixed-phase cyclic C-C stretching,delta(C3-N9-C8),angle,0.020816521642741427,+,0.007338360437628961,0.27498914531836777
28,1123.1825712731625,,,mixed ring-site C-H in-plane bending / mixed-phase cyclic C-C stretching,delta(C6-C7-H16),angle,0.020032573298521525,-,-0.005224867374033743,0.522025437102308
28,1123.1825712731625,,,mixed ring-site C-H in-plane bending / mixed-phase cyclic C-C stretching,nu(C6-H15),bond,0.0176902914985621,-,-0.0063240721916672455,0.3146638256816722
28,1123.1825712731625,,,mixed ring-site C-H in-plane bending / mixed-phase cyclic C-C stretching,nu(O1-C2),bond,0.016428690372695707,+,0.0036967820721761835,0.8551862569590472
28,1123.1825712731625,,,mixed ring-site C-H in-plane bending / mixed-phase cyclic C-C stretching,delta(H12-C4-H13),angle,0.01323676738042256,-,-0.005757172430014773,0.284098492946767
28,1123.1825712731625,,,mixed ring-site C-H in-plane bending / mixed-phase cyclic C-C stretching,"gamma(N9;C8,C7,H18)",oop,0.0126024378994184,-,-0.0038905543911189186,0.5922936146637127
28,1123.1825712731625,,,mixed ring-site C-H in-plane bending / mixed-phase cyclic C-C stretching,delta(C4-O5-C6),angle,0.012577914828362203,+,0.00406524713843331,0.5414273760865053
28,1123.1825712731625,,,mixed ring-site C-H in-plane bending / mixed-phase cyclic C-C stretching,nu(C8-H17),bond,0.007578022532423431,-,-0.003919699624820599,0.3508777138495141
28,1123.1825712731625,,,mixed ring-site C-H in-plane bending / mixed-phase cyclic C-C stretching,nu(C6-H14),bond,0.007046762976367007,-,-0.0038355640743747425,0.3407506136937907
28,1123.1825712731625,,,mixed ring-site C-H in-plane bending / mixed-phase cyclic C-C stretching,nu(C7-H16),bond,0.00605077079152947,-,-0.003530942442028393,0.34525095819208307
28,1123.1825712731625,,,mixed ring-site C-H in-plane bending / mixed-phase cyclic C-C stretching,nu(C2-H10),bond,0.004627152447287118,+,0.0033096460108536555,0.3005081011048296
28,1123.1825712731625,,,mixed ring-site C-H in-plane bending / mixed-phase cyclic C-C stretching,"gamma(N9;C3,C2,C4)",oop,0.004370362753138201,-,-0.002652226606114897,0.44197906466807035
28,1123.1825712731625,,,mixed ring-site C-H in-plane bending / mixed-phase cyclic C-C stretching,nu(C4-H12),bond,0.0035312453566338936,+,0.002700158752304947,0.3445519910153448
28,1123.1825712731625,,,mixed ring-site C-H in-plane bending / mixed-phase cyclic C-C stretching,nu(C8-H18),bond,0.0021454775591504584,+,0.0021033401318580587,0.3449931141630818
29,1139.2360249529231,,,mixed ring-site C-H in-plane bending / cyclic-ring out-of-plane deformation,nu(C3-N9),bond,13.31373819870403,-,-0.1812920895074495,0.31505836222860206
29,1139.2360249529231,,,mixed ring-site C-H in-plane bending / cyclic-ring out-of-plane deformation,delta(C3-C4-H12),angle,12.822380062061594,+,0.1783360936539167,0.313573139325566
29,1139.2360249529231,,,mixed ring-site C-H in-plane bending / cyclic-ring out-of-plane deformation,delta(N9-C7-H16),angle,10.669495437854938,-,-0.13945203385270538,0.4267198877605949
29,1139.2360249529231,,,mixed ring-site C-H in-plane bending / cyclic-ring out-of-plane deformation,nu(C7-C8),bond,9.244074394705805,-,-0.13693101421996384,0.3834497769963347
29,1139.2360249529231,,,mixed ring-site C-H in-plane bending / cyclic-ring out-of-plane deformation,"gamma(N9;C3,C2,C4)",oop,9.232879914959385,+,0.12746533683731745,0.44197906466807035
29,1139.2360249529231,,,mixed ring-site C-H in-plane bending / cyclic-ring out-of-plane deformation,nu(O5-C6),bond,7.371591803309222,-,-0.12928158774428708,0.34303357664828
29,1139.2360249529231,,,mixed ring-site C-H in-plane bending / cyclic-ring out-of-plane deformation,"gamma(N9;C7,C6,C8)",oop,6.448920156458446,-,-0.05910250806702526,1.4358989750573936
29,1139.2360249529231,,,mixed ring-site C-H in-plane bending / cyclic-ring out-of-plane deformation,"gamma(H15;C6,O5,C7)",oop,4.464587610692311,+,0.12449973986822836,0.22402328903471713
29,1139.2360249529231,,,mixed ring-site C-H in-plane bending / cyclic-ring out-of-plane deformation,delta(C4-O5-C6),angle,3.3403130134487737,+,0.06927042159818916,0.5414273760865053
29,1139.2360249529231,,,mixed ring-site C-H in-plane bending / cyclic-ring out-of-plane deformation,nu(C6-C7),bond,2.4009735741145675,+,0.07727924450353849,0.31268737896018667
29,1139.2360249529231,,,mixed ring-site C-H in-plane bending / cyclic-ring out-of-plane deformation,delta(C6-C7-H16),angle,2.30904934648793,+,0.05865366143547992,0.522025437102308
29,1139.2360249529231,,,mixed ring-site C-H in-plane bending / cyclic-ring out-of-plane deformation,delta(C7-C8-H18),angle,2.087680266698228,-,-0.08785763776295952,0.21035539225769873
29,1139.2360249529231,,,mixed ring-site C-H in-plane bending / cyclic-ring out-of-plane deformation,nu(C4-O5),bond,1.9669731164783715,+,0.06794051822961525,0.3314281718002575
29,1139.2360249529231,,,mixed ring-site C-H in-plane bending / cyclic-ring out-of-plane deformation,"gamma(H15;C6,C7,H14)",oop,1.8529802045034045,+,0.07902535488498436,0.23077384044063307
29,1139.2360249529231,,,mixed ring-site C-H in-plane bending / cyclic-ring out-of-plane deformation,delta(N9-C8-H17),angle,1.5803054767497118,+,0.07460074584684329,0.22085305625644952
29,1139.2360249529231,,,mixed ring-site C-H in-plane bending / cyclic-ring out-of-plane deformation,delta(O5-C4-H13),angle,1.5489330584759513,-,-0.060416878414618014,0.33003864165600133
29,1139.2360249529231,,,mixed ring-site C-H in-plane bending / cyclic-ring out-of-plane deformation,"gamma(O1;C2,C3,H10)",oop,1.4060544677364915,-,-0.10018182678758189,0.10896147127568684
29,1139.2360249529231,,,mixed ring-site C-H in-plane bending / cyclic-ring out-of-plane deformation,delta(O5-C4-H12),angle,1.3031856559813886,+,0.05364925208839345,0.3521499690707172
29,1139.2360249529231,,,mixed ring-site C-H in-plane bending / cyclic-ring out-of-plane deformation,delta(O5-C6-H14),angle,0.9648469318756924,+,0.045354999778689946,0.3648016460119256
29,1139.2360249529231,,,mixed ring-site C-H in-plane bending / cyclic-ring out-of-plane deformation,"gamma(N9;C8,C7,H18)",oop,0.8494680863398598,-,-0.03339868456577353,0.5922936146637127
29,1139.2360249529231,,,mixed ring-site C-H in-plane bending / cyclic-ring out-of-plane deformation,"gamma(N9;C3,C2,H11)",oop,0.7542191688867157,+,0.04282111198746587,0.319911897315103
29,1139.2360249529231,,,mixed ring-site C-H in-plane bending / cyclic-ring out-of-plane deformation,tau(C4-O5-C6-H14),dihedral,0.7347874093568184,+,0.06978823104302354,0.11733998626181286
29,1139.2360249529231,,,mixed ring-site C-H in-plane bending / cyclic-ring out-of-plane deformation,nu(C2-C3),bond,0.6562235295950659,+,0.04465196375389207,0.25598786529004025
29,1139.2360249529231,,,mixed ring-site C-H in-plane bending / cyclic-ring out-of-plane deformation,delta(O1-C2-C3),angle,0.43907665404133694,+,0.0306761031487724,0.3629014258602332
29,1139.2360249529231,,,mixed ring-site C-H in-plane bending / cyclic-ring out-of-plane deformation,"gamma(C8;C7,N9,H16)",oop,0.4072355097118887,+,0.021303146970645778,0.6979218906199945
29,1139.2360249529231,,,mixed ring-site C-H in-plane bending / cyclic-ring out-of-plane deformation,delta(C2-C3-H11),angle,0.38767143424244865,-,-0.02341095164305041,0.5501414560655805
29,1139.2360249529231,,,mixed ring-site C-H in-plane bending / cyclic-ring out-of-plane deformation,"gamma(N9;C3,C4,H11)",oop,0.3067057598189726,+,0.020259479664621816,0.5811845564107604
29,1139.2360249529231,,,mixed ring-site C-H in-plane bending / cyclic-ring out-of-plane deformation,delta(O1-C2-H10),angle,0.2797174033588833,-,-0.027354236195491596,0.29074952250985897
29,1139.2360249529231,,,mixed ring-site C-H in-plane bending / cyclic-ring out-of-plane deformation,"gamma(C8;C7,C6,N9)",oop,0.25842529962338384,-,-0.015315758699916767,0.8568537564805015
29,1139.2360249529231,,,mixed ring-site C-H in-plane bending / cyclic-ring out-of-plane deformation,nu(C3-C4),bond,0.23733557079830386,+,0.025131065244313303,0.2922737052353564
29,1139.2360249529231,,,mixed ring-site C-H in-plane bending / cyclic-ring out-of-plane deformation,delta(H12-C4-H13),angle,0.1171601362092144,+,0.01790934994986336,0.284098492946767
29,1139.2360249529231,,,mixed ring-site C-H in-plane bending / cyclic-ring out-of-plane deformation,tau(H17-C8-N9-C3),dihedral,0.08985551443608013,-,-0.021968147099156236,0.14481267848705123
29,1139.2360249529231,,,mixed ring-site C-H in-plane bending / cyclic-ring out-of-plane deformation,nu(C6-H15),bond,0.03386112207411601,+,0.009148536332336745,0.3146638256816722
29,1139.2360249529231,,,mixed ring-site C-H in-plane bending / cyclic-ring out-of-plane deformation,delta(C4-C3-H11),angle,0.028460436471049844,+,0.006695213090122036,0.4938117910383473
29,1139.2360249529231,,,mixed ring-site C-H in-plane bending / cyclic-ring out-of-plane deformation,nu(O1-C2),bond,0.028165370024874653,+,0.005061179354041414,0.8551862569590472
29,1139.2360249529231,,,mixed ring-site C-H in-plane bending / cyclic-ring out-of-plane deformation,nu(C7-H16),bond,0.013251345612757343,-,-0.005463700664312313,0.34525095819208307
29,1139.2360249529231,,,mixed ring-site C-H in-plane bending / cyclic-ring out-of-plane deformation,"gamma(H15;C6,O5,H14)",oop,0.012856552141312523,-,-0.007085242360116609,0.1991882893990281
29,1139.2360249529231,,,mixed ring-site C-H in-plane bending / cyclic-ring out-of-plane deformation,nu(C8-H18),bond,0.008570769662257113,-,-0.004395710194960492,0.3449931141630818
29,1139.2360249529231,,,mixed ring-site C-H in-plane bending / cyclic-ring out-of-plane deformation,nu(C8-H17),bond,0.0050622825376476725,-,-0.0033498059650057194,0.3508777138495141
29,1139.2360249529231,,,mixed ring-site C-H in-plane bending / cyclic-ring out-of-plane deformation,tau(C2-C3-C4-O5),dihedral,0.00504738887035333,+,0.0050336658674746395,0.15493398999329233
29,1139.2360249529231,,,mixed ring-site C-H in-plane bending / cyclic-ring out-of-plane deformation,nu(C3-H11),bond,0.004171752985631964,+,0.00319761289106483,0.3173332068895945
29,1139.2360249529231,,,mixed ring-site C-H in-plane bending / cyclic-ring out-of-plane deformation,nu(C6-H14),bond,0.004108895529038815,+,0.003062446990207303,0.3407506136937907
29,1139.2360249529231,,,mixed ring-site C-H in-plane bending / cyclic-ring out-of-plane deformation,nu(C4-H12),bond,0.0036612814971862524,-,-0.002874839028672576,0.3445519910153448
29,1139.2360249529231,,,mixed ring-site C-H in-plane bending / cyclic-ring out-of-plane deformation,tau(H10-C2-C3-C4),dihedral,0.001772573194709503,-,-0.01236486859943222,0.00901724508707496
29,1139.2360249529231,,,mixed ring-site C-H in-plane bending / cyclic-ring out-of-plane deformation,nu(C7-N9),bond,0.0017078174982934323,+,0.0018642315210340395,0.38219981510192685
29,1139.2360249529231,,,mixed ring-site C-H in-plane bending / cyclic-ring out-of-plane deformation,nu(C4-H13),bond,0.0015507277735891628,+,0.0019458216711912748,0.3185504336763951
29,1139.2360249529231,,,mixed ring-site C-H in-plane bending / cyclic-ring out-of-plane deformation,delta(C3-N9-C8),angle,0.0004723589250691176,+,0.0011558530967566076,0.27498914531836777
29,1139.2360249529231,,,mixed ring-site C-H in-plane bending / cyclic-ring out-of-plane deformation,nu(C2-H10),bond,0.00043515748690368424,+,0.0010612543699788242,0.3005081011048296
30,1161.252230270522,,,mixed ring-site C-H in-plane bending / mixed-phase cyclic C-C stretching / cyclic-ring out-of-plane deformation,nu(C6-C7),bond,12.453545472930863,+,0.16432324804799742,0.31268737896018667
30,1161.252230270522,,,mixed ring-site C-H in-plane bending / mixed-phase cyclic C-C stretching / cyclic-ring out-of-plane deformation,delta(C6-C7-H16),angle,11.87928766455018,+,0.12421013907593209,0.522025437102308
30,1161.252230270522,,,mixed ring-site C-H in-plane bending / mixed-phase cyclic C-C stretching / cyclic-ring out-of-plane deformation,"gamma(H15;C6,O5,C7)",oop,11.38552608891922,-,-0.1856255049884284,0.22402328903471713
30,1161.252230270522,,,mixed ring-site C-H in-plane bending / mixed-phase cyclic C-C stretching / cyclic-ring out-of-plane deformation,"gamma(N9;C8,C7,H18)",oop,6.909469100573107,-,-0.08893270363650838,0.5922936146637127
30,1161.252230270522,,,mixed ring-site C-H in-plane bending / mixed-phase cyclic C-C stretching / cyclic-ring out-of-plane deformation,nu(O5-C6),bond,6.182459632349226,-,-0.11054013998672119,0.34303357664828
30,1161.252230270522,,,mixed ring-site C-H in-plane bending / mixed-phase cyclic C-C stretching / cyclic-ring out-of-plane deformation,nu(C4-O5),bond,4.867134799253267,+,0.09978141490875123,0.3314281718002575
30,1161.252230270522,,,mixed ring-site C-H in-plane bending / mixed-phase cyclic C-C stretching / cyclic-ring out-of-plane deformation,"gamma(N9;C7,C6,C8)",oop,4.728715094148057,-,-0.047251686381355774,1.4358989750573936
30,1161.252230270522,,,mixed ring-site C-H in-plane bending / mixed-phase cyclic C-C stretching / cyclic-ring out-of-plane deformation,delta(C7-C8-H18),angle,4.413140680495705,+,0.11926272897766294,0.21035539225769873
30,1161.252230270522,,,mixed ring-site C-H in-plane bending / mixed-phase cyclic C-C stretching / cyclic-ring out-of-plane deformation,nu(C3-C4),bond,3.3806083992012277,+,0.08855441975981031,0.2922737052353564
30,1161.252230270522,,,mixed ring-site C-H in-plane bending / mixed-phase cyclic C-C stretching / cyclic-ring out-of-plane deformation,delta(C4-C3-H11),angle,3.267079773567934,+,0.06697409024023673,0.4938117910383473
30,1161.252230270522,,,mixed ring-site C-H in-plane bending / mixed-phase cyclic C-C stretching / cyclic-ring out-of-plane deformation,delta(O5-C4-H12),angle,2.624914971689331,-,-0.07108884758897094,0.3521499690707172
30,1161.252230270522,,,mixed ring-site C-H in-plane bending / mixed-phase cyclic C-C stretching / cyclic-ring out-of-plane deformation,delta(C2-C3-H11),angle,2.5971843387254276,-,-0.056574650892137764,0.5501414560655805
30,1161.252230270522,,,mixed ring-site C-H in-plane bending / mixed-phase cyclic C-C stretching / cyclic-ring out-of-plane deformation,delta(N9-C8-H17),angle,2.4240630009373656,+,0.0862636690339635,0.22085305625644952
30,1161.252230270522,,,mixed ring-site C-H in-plane bending / mixed-phase cyclic C-C stretching / cyclic-ring out-of-plane deformation,"gamma(N9;C3,C2,H11)",oop,2.3949968257796326,-,-0.071243452362835,0.319911897315103
30,1161.252230270522,,,mixed ring-site C-H in-plane bending / mixed-phase cyclic C-C stretching / cyclic-ring out-of-plane deformation,"gamma(N9;C3,C2,C4)",oop,2.1108356338815972,-,-0.056902852863982716,0.44197906466807035
30,1161.252230270522,,,mixed ring-site C-H in-plane bending / mixed-phase cyclic C-C stretching / cyclic-ring out-of-plane deformation,delta(C4-O5-C6),angle,1.9953115435216495,-,-0.04998537254533091,0.5414273760865053
30,1161.252230270522,,,mixed ring-site C-H in-plane bending / mixed-phase cyclic C-C stretching / cyclic-ring out-of-plane deformation,nu(C3-N9),bond,1.5093023519849125,-,-0.05699021562922806,0.31505836222860206
30,1161.252230270522,,,mixed ring-site C-H in-plane bending / mixed-phase cyclic C-C stretching / cyclic-ring out-of-plane deformation,"gamma(C8;C7,C6,N9)",oop,1.4672640604745568,+,0.034072850582379834,0.8568537564805015
30,1161.252230270522,,,mixed ring-site C-H in-plane bending / mixed-phase cyclic C-C stretching / cyclic-ring out-of-plane deformation,nu(C7-N9),bond,1.4328193553105901,-,-0.0504148134823926,0.38219981510192685
30,1161.252230270522,,,mixed ring-site C-H in-plane bending / mixed-phase cyclic C-C stretching / cyclic-ring out-of-plane deformation,tau(C4-O5-C6-H14),dihedral,1.387324611906439,-,-0.08953105668945323,0.11733998626181286
30,1161.252230270522,,,mixed ring-site C-H in-plane bending / mixed-phase cyclic C-C stretching / cyclic-ring out-of-plane deformation,delta(O5-C6-H14),angle,1.308619022272729,-,-0.04931577939571933,0.3648016460119256
30,1161.252230270522,,,mixed ring-site C-H in-plane bending / mixed-phase cyclic C-C stretching / cyclic-ring out-of-plane deformation,nu(C2-C3),bond,1.2988891640514109,-,-0.058652163804474675,0.25598786529004025
30,1161.252230270522,,,mixed ring-site C-H in-plane bending / mixed-phase cyclic C-C stretching / cyclic-ring out-of-plane deformation,delta(O1-C2-C3),angle,1.279060810832429,+,0.04888312260494867,0.3629014258602332
30,1161.252230270522,,,mixed ring-site C-H in-plane bending / mixed-phase cyclic C-C stretching / cyclic-ring out-of-plane deformation,delta(C3-N9-C8),angle,1.126706957297149,+,0.05270543398488985,0.27498914531836777
30,1161.252230270522,,,mixed ring-site C-H in-plane bending / mixed-phase cyclic C-C stretching / cyclic-ring out-of-plane deformation,nu(C7-C8),bond,1.1102600171992325,-,-0.04430633089784712,0.3834497769963347
30,1161.252230270522,,,mixed ring-site C-H in-plane bending / mixed-phase cyclic C-C stretching / cyclic-ring out-of-plane deformation,delta(C3-C4-H12),angle,1.0270442736627639,-,-0.04712298978579123,0.313573139325566
30,1161.252230270522,,,mixed ring-site C-H in-plane bending / mixed-phase cyclic C-C stretching / cyclic-ring out-of-plane deformation,tau(H17-C8-N9-C3),dihedral,1.0099676915227427,+,0.06876352452181339,0.14481267848705123
30,1161.252230270522,,,mixed ring-site C-H in-plane bending / mixed-phase cyclic C-C stretching / cyclic-ring out-of-plane deformation,"gamma(N9;C3,C4,H11)",oop,0.6465720257386143,+,0.02746370363769287,0.5811845564107604
30,1161.252230270522,,,mixed ring-site C-H in-plane bending / mixed-phase cyclic C-C stretching / cyclic-ring out-of-plane deformation,delta(O5-C4-H13),angle,0.46174512310590776,+,0.030798278679244236,0.33003864165600133
30,1161.252230270522,,,mixed ring-site C-H in-plane bending / mixed-phase cyclic C-C stretching / cyclic-ring out-of-plane deformation,"gamma(C8;C7,N9,H16)",oop,0.4434855289451581,+,0.020756016045263396,0.6979218906199945
30,1161.252230270522,,,mixed ring-site C-H in-plane bending / mixed-phase cyclic C-C stretching / cyclic-ring out-of-plane deformation,"gamma(H15;C6,C7,H14)",oop,0.259120643032185,-,-0.02759087025477675,0.23077384044063307
30,1161.252230270522,,,mixed ring-site C-H in-plane bending / mixed-phase cyclic C-C stretching / cyclic-ring out-of-plane deformation,"gamma(H15;C6,O5,H14)",oop,0.16228672974714456,+,0.0235026744394634,0.1991882893990281
30,1161.252230270522,,,mixed ring-site C-H in-plane bending / mixed-phase cyclic C-C stretching / cyclic-ring out-of-plane deformation,delta(H12-C4-H13),angle,0.15110655480818766,+,0.01898955852685033,0.284098492946767
30,1161.252230270522,,,mixed ring-site C-H in-plane bending / mixed-phase cyclic C-C stretching / cyclic-ring out-of-plane deformation,delta(O1-C2-H10),angle,0.09975071583329052,-,-0.015251276217750003,0.29074952250985897
30,1161.252230270522,,,mixed ring-site C-H in-plane bending / mixed-phase cyclic C-C stretching / cyclic-ring out-of-plane deformation,tau(C2-C3-C4-O5),dihedral,0.06141914347437117,+,0.016394048156631216,0.15493398999329233
30,1161.252230270522,,,mixed ring-site C-H in-plane bending / mixed-phase cyclic C-C stretching / cyclic-ring out-of-plane deformation,delta(N9-C7-H16),angle,0.049945965011420825,-,-0.008908127893592722,0.4267198877605949
30,1161.252230270522,,,mixed ring-site C-H in-plane bending / mixed-phase cyclic C-C stretching / cyclic-ring out-of-plane deformation,nu(C7-H16),bond,0.027729260598888292,+,0.0073792016715893945,0.34525095819208307
30,1161.252230270522,,,mixed ring-site C-H in-plane bending / mixed-phase cyclic C-C stretching / cyclic-ring out-of-plane deformation,nu(C4-H13),bond,0.016387077920750108,-,-0.005905672240881389,0.3185504336763951
30,1161.252230270522,,,mixed ring-site C-H in-plane bending / mixed-phase cyclic C-C stretching / cyclic-ring out-of-plane deformation,tau(H10-C2-C3-C4),dihedral,0.013215912188717144,+,0.031522402968187764,0.00901724508707496
30,1161.252230270522,,,mixed ring-site C-H in-plane bending / mixed-phase cyclic C-C stretching / cyclic-ring out-of-plane deformation,nu(C8-H18),bond,0.012669741102847938,-,-0.004989836759495633,0.3449931141630818
30,1161.252230270522,,,mixed ring-site C-H in-plane bending / mixed-phase cyclic C-C stretching / cyclic-ring out-of-plane deformation,nu(C4-H12),bond,0.008129134767969481,-,-0.003999470162498617,0.3445519910153448
30,1161.252230270522,,,mixed ring-site C-H in-plane bending / mixed-phase cyclic C-C stretching / cyclic-ring out-of-plane deformation,nu(C3-H11),bond,0.005800767518157094,+,0.0035204051782406925,0.3173332068895945
30,1161.252230270522,,,mixed ring-site C-H in-plane bending / mixed-phase cyclic C-C stretching / cyclic-ring out-of-plane deformation,nu(C6-H14),bond,0.004122964925377505,+,0.0028641395745368286,0.3407506136937907
30,1161.252230270522,,,mixed ring-site C-H in-plane bending / mixed-phase cyclic C-C stretching / cyclic-ring out-of-plane deformation,nu(C6-H15),bond,0.0021178627223331415,+,0.0021361570319646498,0.3146638256816722
30,1161.252230270522,,,mixed ring-site C-H in-plane bending / mixed-phase cyclic C-C stretching / cyclic-ring out-of-plane deformation,nu(C8-H17),bond,0.001125638736249026,+,0.00147478701090259,0.3508777138495141
30,1161.252230270522,,,mixed ring-site C-H in-plane bending / mixed-phase cyclic C-C stretching / cyclic-ring out-of-plane deformation,"gamma(O1;C2,C3,H10)",oop,0.0011101991827990694,+,0.0026282801410317876,0.10896147127568684
30,1161.252230270522,,,mixed ring-site C-H in-plane bending / mixed-phase cyclic C-C stretching / cyclic-ring out-of-plane deformation,nu(O1-C2),bond,0.0006276559340804343,+,0.0007054043676611275,0.8551862569590472
30,1161.252230270522,,,mixed ring-site C-H in-plane bending / mixed-phase cyclic C-C stretching / cyclic-ring out-of-plane deformation,nu(C2-H10),bond,1.766680221955715e-08,-,-6.313331048378319e-06,0.3005081011048296
31,1173.4938697803407,,,mixed cyclic-ring out-of-plane deformation / ring-site C-H in-plane bending,"gamma(C8;C7,N9,H16)",oop,25.299601094381064,-,-0.16644978665761476,0.6979218906199945
31,1173.4938697803407,,,mixed cyclic-ring out-of-plane deformation / ring-site C-H in-plane bending,"gamma(N9;C8,C7,H18)",oop,13.946512451674366,+,0.13415105744907463,0.5922936146637127
31,1173.4938697803407,,,mixed cyclic-ring out-of-plane deformation / ring-site C-H in-plane bending,delta(N9-C7-H16),angle,11.559903397452509,-,-0.14389161154729965,0.4267198877605949
31,1173.4938697803407,,,mixed cyclic-ring out-of-plane deformation / ring-site C-H in-plane bending,tau(H17-C8-N9-C3),dihedral,11.150681125736009,+,0.24259241689799604,0.14481267848705123
31,1173.4938697803407,,,mixed cyclic-ring out-of-plane deformation / ring-site C-H in-plane bending,delta(C7-C8-H18),angle,5.555281662797935,+,0.1420711949534191,0.21035539225769873
31,1173.4938697803407,,,mixed cyclic-ring out-of-plane deformation / ring-site C-H in-plane bending,nu(C7-C8),bond,4.465690258721756,+,0.09434521314615986,0.3834497769963347
31,1173.4938697803407,,,mixed cyclic-ring out-of-plane deformation / ring-site C-H in-plane bending,delta(N9-C8-H17),angle,4.228526365259208,-,-0.12096859341808273,0.22085305625644952
31,1173.4938697803407,,,mixed cyclic-ring out-of-plane deformation / ring-site C-H in-plane bending,delta(C3-N9-C8),angle,3.654442359352345,-,-0.10078191324753577,0.27498914531836777
31,1173.4938697803407,,,mixed cyclic-ring out-of-plane deformation / ring-site C-H in-plane bending,"gamma(N9;C3,C2,C4)",oop,2.3480531913833786,+,0.06372105131031322,0.44197906466807035
31,1173.4938697803407,,,mixed cyclic-ring out-of-plane deformation / ring-site C-H in-plane bending,delta(C4-C3-H11),angle,1.9335703946706888,-,-0.05470525948301506,0.4938117910383473
31,1173.4938697803407,,,mixed cyclic-ring out-of-plane deformation / ring-site C-H in-plane bending,nu(O5-C6),bond,1.9018372055472084,-,-0.06509508075182946,0.34303357664828
31,1173.4938697803407,,,mixed cyclic-ring out-of-plane deformation / ring-site C-H in-plane bending,"gamma(H15;C6,O5,C7)",oop,1.8891782484457067,-,-0.08028228038918406,0.22402328903471713
31,1173.4938697803407,,,mixed cyclic-ring out-of-plane deformation / ring-site C-H in-plane bending,nu(C4-O5),bond,1.700388983902985,+,0.06261944973788534,0.3314281718002575
31,1173.4938697803407,,,mixed cyclic-ring out-of-plane deformation / ring-site C-H in-plane bending,nu(C3-C4),bond,1.4194970815914247,-,-0.06092593398712744,0.2922737052353564
31,1173.4938697803407,,,mixed cyclic-ring out-of-plane deformation / ring-site C-H in-plane bending,nu(C7-N9),bond,1.3192029511383436,+,0.05136181793186382,0.38219981510192685
31,1173.4938697803407,,,mixed cyclic-ring out-of-plane deformation / ring-site C-H in-plane bending,delta(O5-C4-H13),angle,1.1658226764538426,-,-0.051959345273523784,0.33003864165600133
31,1173.4938697803407,,,mixed cyclic-ring out-of-plane deformation / ring-site C-H in-plane bending,"gamma(N9;C3,C4,H11)",oop,0.9218420213513825,+,0.03481777657531171,0.5811845564107604
31,1173.4938697803407,,,mixed cyclic-ring out-of-plane deformation / ring-site C-H in-plane bending,nu(C3-N9),bond,0.8036821986356343,+,0.04415465392020185,0.31505836222860206
31,1173.4938697803407,,,mixed cyclic-ring out-of-plane deformation / ring-site C-H in-plane bending,delta(O5-C4-H12),angle,0.7541539675710829,+,0.0404572164541657,0.3521499690707172
31,1173.4938697803407,,,mixed cyclic-ring out-of-plane deformation / ring-site C-H in-plane bending,delta(O5-C6-H14),angle,0.7358870404783672,-,-0.039265126323061346,0.3648016460119256
31,1173.4938697803407,,,mixed cyclic-ring out-of-plane deformation / ring-site C-H in-plane bending,"gamma(C8;C7,C6,N9)",oop,0.6658515485056655,+,0.02437054103336164,0.8568537564805015
31,1173.4938697803407,,,mixed cyclic-ring out-of-plane deformation / ring-site C-H in-plane bending,delta(C3-C4-H12),angle,0.6458941481144158,+,0.03967720434372501,0.313573139325566
31,1173.4938697803407,,,mixed cyclic-ring out-of-plane deformation / ring-site C-H in-plane bending,delta(C2-C3-H11),angle,0.5157852628117573,-,-0.026768688535380582,0.5501414560655805
31,1173.4938697803407,,,mixed cyclic-ring out-of-plane deformation / ring-site C-H in-plane bending,"gamma(O1;C2,C3,H10)",oop,0.4625395433666275,-,-0.0569597101320724,0.10896147127568684
31,1173.4938697803407,,,mixed cyclic-ring out-of-plane deformation / ring-site C-H in-plane bending,nu(C6-C7),bond,0.25429062523690915,+,0.024931006675311576,0.31268737896018667
31,1173.4938697803407,,,mixed cyclic-ring out-of-plane deformation / ring-site C-H in-plane bending,tau(C4-O5-C6-H14),dihedral,0.1720340030791592,-,-0.03347448832174496,0.11733998626181286
31,1173.4938697803407,,,mixed cyclic-ring out-of-plane deformation / ring-site C-H in-plane bending,delta(O1-C2-C3),angle,0.1619890405120227,-,-0.018470484835101244,0.3629014258602332
31,1173.4938697803407,,,mixed cyclic-ring out-of-plane deformation / ring-site C-H in-plane bending,nu(C2-C3),bond,0.0984586722181141,+,0.017145379969486948,0.25598786529004025
31,1173.4938697803407,,,mixed cyclic-ring out-of-plane deformation / ring-site C-H in-plane bending,"gamma(H15;C6,C7,H14)",oop,0.09251074766971161,+,0.017503811308376485,0.23077384044063307
31,1173.4938697803407,,,mixed cyclic-ring out-of-plane deformation / ring-site C-H in-plane bending,delta(O1-C2-H10),angle,0.06555290784280056,+,0.013127024377603361,0.29074952250985897
31,1173.4938697803407,,,mixed cyclic-ring out-of-plane deformation / ring-site C-H in-plane bending,delta(H12-C4-H13),angle,0.031089436556918346,+,0.009145380449229348,0.284098492946767
31,1173.4938697803407,,,mixed cyclic-ring out-of-plane deformation / ring-site C-H in-plane bending,nu(C8-H18),bond,0.015439403855737069,+,0.005848437679718784,0.3449931141630818
31,1173.4938697803407,,,mixed cyclic-ring out-of-plane deformation / ring-site C-H in-plane bending,nu(C8-H17),bond,0.011222862706663441,-,-0.004944287873369759,0.3508777138495141
31,1173.4938697803407,,,mixed cyclic-ring out-of-plane deformation / ring-site C-H in-plane bending,delta(C6-C7-H16),angle,0.010875389223392729,+,0.003990307715446947,0.522025437102308
31,1173.4938697803407,,,mixed cyclic-ring out-of-plane deformation / ring-site C-H in-plane bending,tau(C2-C3-C4-O5),dihedral,0.010562966831623825,-,-0.007218540901514889,0.15493398999329233
31,1173.4938697803407,,,mixed cyclic-ring out-of-plane deformation / ring-site C-H in-plane bending,delta(C4-O5-C6),angle,0.006419783559651216,+,0.003010370183339404,0.5414273760865053
31,1173.4938697803407,,,mixed cyclic-ring out-of-plane deformation / ring-site C-H in-plane bending,"gamma(N9;C3,C2,H11)",oop,0.0048433172092470006,-,-0.0034016222013378153,0.319911897315103
31,1173.4938697803407,,,mixed cyclic-ring out-of-plane deformation / ring-site C-H in-plane bending,tau(H10-C2-C3-C4),dihedral,0.004064395268623096,+,0.018560550275773233,0.00901724508707496
31,1173.4938697803407,,,mixed cyclic-ring out-of-plane deformation / ring-site C-H in-plane bending,nu(C6-H15),bond,0.0033928510454921713,+,0.00287070657312662,0.3146638256816722
31,1173.4938697803407,,,mixed cyclic-ring out-of-plane deformation / ring-site C-H in-plane bending,nu(C4-H13),bond,0.0031950428868166964,-,-0.002768720153346891,0.3185504336763951
31,1173.4938697803407,,,mixed cyclic-ring out-of-plane deformation / ring-site C-H in-plane bending,nu(C6-H14),bond,0.0027129282414398033,+,0.00246678129254144,0.3407506136937907
31,1173.4938697803407,,,mixed cyclic-ring out-of-plane deformation / ring-site C-H in-plane bending,nu(O1-C2),bond,0.0026233277818585614,+,0.0015311782062021539,0.8551862569590472
31,1173.4938697803407,,,mixed cyclic-ring out-of-plane deformation / ring-site C-H in-plane bending,"gamma(H15;C6,O5,H14)",oop,0.002167840805258132,-,-0.002884108593924105,0.1991882893990281
31,1173.4938697803407,,,mixed cyclic-ring out-of-plane deformation / ring-site C-H in-plane bending,nu(C7-H16),bond,0.0013313096068825459,+,0.0017167296299288102,0.34525095819208307
31,1173.4938697803407,,,mixed cyclic-ring out-of-plane deformation / ring-site C-H in-plane bending,"gamma(N9;C7,C6,C8)",oop,0.0008012102062886419,-,-0.0006530419945930239,1.4358989750573936
31,1173.4938697803407,,,mixed cyclic-ring out-of-plane deformation / ring-site C-H in-plane bending,nu(C4-H12),bond,0.0005123820719726153,-,-0.0010661035686298568,0.3445519910153448
31,1173.4938697803407,,,mixed cyclic-ring out-of-plane deformation / ring-site C-H in-plane bending,nu(C2-H10),bond,8.253692748075216e-05,-,-0.000458169181261739,0.3005081011048296
31,1173.4938697803407,,,mixed cyclic-ring out-of-plane deformation / ring-site C-H in-plane bending,nu(C3-H11),bond,1.839312257863769e-06,-,-6.65579272245399e-05,0.3173332068895945
32,1253.2951702925732,,,ring-site C-H in-plane bending,delta(O5-C4-H13),angle,22.33614210563588,+,0.2423504679639872,0.33003864165600133
32,1253.2951702925732,,,ring-site C-H in-plane bending,delta(O5-C4-H12),angle,20.6002366353243,-,-0.2253172559260971,0.3521499690707172
32,1253.2951702925732,,,ring-site C-H in-plane bending,delta(O5-C6-H14),angle,14.705790386959412,+,0.18704149591696073,0.3648016460119256
32,1253.2951702925732,,,ring-site C-H in-plane bending,delta(C3-C4-H12),angle,7.130354802996349,+,0.14047800130107954,0.313573139325566
32,1253.2951702925732,,,ring-site C-H in-plane bending,delta(C4-C3-H11),angle,6.266449648830491,+,0.1049426980426895,0.4938117910383473
32,1253.2951702925732,,,ring-site C-H in-plane bending,"gamma(N9;C3,C2,H11)",oop,5.790059158633274,+,0.12532810727617838,0.319911897315103
32,1253.2951702925732,,,ring-site C-H in-plane bending,"gamma(H15;C6,C7,H14)",oop,2.8404862732121714,-,-0.10335351107870258,0.23077384044063307
32,1253.2951702925732,,,ring-site C-H in-plane bending,nu(C7-N9),bond,1.9880526690646976,-,-0.06718787147930613,0.38219981510192685
32,1253.2951702925732,,,ring-site C-H in-plane bending,"gamma(H15;C6,O5,H14)",oop,1.865441791815746,-,-0.09015319575828079,0.1991882893990281
32,1253.2951702925732,,,ring-site C-H in-plane bending,nu(C3-N9),bond,1.858510085036981,+,0.07154991656747778,0.31505836222860206
32,1253.2951702925732,,,ring-site C-H in-plane bending,delta(N9-C8-H17),angle,1.829502778538663,-,-0.08478851051946024,0.22085305625644952
32,1253.2951702925732,,,ring-site C-H in-plane bending,nu(C3-C4),bond,1.5293502464071729,-,-0.06738772303366557,0.2922737052353564
32,1253.2951702925732,,,ring-site C-H in-plane bending,"gamma(N9;C3,C4,H11)",oop,1.366635881891152,-,-0.04517431262701925,0.5811845564107604
32,1253.2951702925732,,,ring-site C-H in-plane bending,nu(C7-C8),bond,1.2914720343204504,-,-0.05406428135930353,0.3834497769963347
32,1253.2951702925732,,,ring-site C-H in-plane bending,nu(O5-C6),bond,1.0090095877620306,+,0.05052443980134015,0.34303357664828
32,1253.2951702925732,,,ring-site C-H in-plane bending,delta(N9-C7-H16),angle,0.7994188764198017,-,-0.04032161639220291,0.4267198877605949
32,1253.2951702925732,,,ring-site C-H in-plane bending,nu(C6-C7),bond,0.7658124060960301,+,0.04610289515263513,0.31268737896018667
32,1253.2951702925732,,,ring-site C-H in-plane bending,tau(C4-O5-C6-H14),dihedral,0.7612932547955427,-,-0.07503694610756127,0.11733998626181286
32,1253.2951702925732,,,ring-site C-H in-plane bending,nu(C4-O5),bond,0.623845195292053,-,-0.04041716830672377,0.3314281718002575
32,1253.2951702925732,,,ring-site C-H in-plane bending,"gamma(H15;C6,O5,C7)",oop,0.5756152362316549,+,0.047221712427560125,0.22402328903471713
32,1253.2951702925732,,,ring-site C-H in-plane bending,delta(C3-N9-C8),angle,0.49141212229798664,-,-0.03938105380754292,0.27498914531836777
32,1253.2951702925732,,,ring-site C-H in-plane bending,delta(O1-C2-C3),angle,0.4876494928662781,-,-0.03414929382666362,0.3629014258602332
32,1253.2951702925732,,,ring-site C-H in-plane bending,delta(C2-C3-H11),angle,0.4579262723523086,-,-0.026877122471560155,0.5501414560655805
32,1253.2951702925732,,,ring-site C-H in-plane bending,delta(C7-C8-H18),angle,0.43842507412773324,+,0.042529770933540094,0.21035539225769873
32,1253.2951702925732,,,ring-site C-H in-plane bending,"gamma(O1;C2,C3,H10)",oop,0.2929067252016527,-,-0.04830036007941086,0.10896147127568684
32,1253.2951702925732,,,ring-site C-H in-plane bending,"gamma(N9;C8,C7,H18)",oop,0.2863362480873792,+,0.020482917503244078,0.5922936146637127
32,1253.2951702925732,,,ring-site C-H in-plane bending,nu(C2-C3),bond,0.2528850843355409,+,0.029280203721785036,0.25598786529004025
32,1253.2951702925732,,,ring-site C-H in-plane bending,delta(O1-C2-H10),angle,0.23886760924007816,+,0.02670184696368713,0.29074952250985897
32,1253.2951702925732,,,ring-site C-H in-plane bending,"gamma(C8;C7,C6,N9)",oop,0.2058703630006828,+,0.014439951640973538,0.8568537564805015
32,1253.2951702925732,,,ring-site C-H in-plane bending,tau(C2-C3-C4-O5),dihedral,0.17081251596457975,+,0.030932047492008747,0.15493398999329233
32,1253.2951702925732,,,ring-site C-H in-plane bending,"gamma(N9;C7,C6,C8)",oop,0.15528576372530417,+,0.009687819856785978,1.4358989750573936
32,1253.2951702925732,,,ring-site C-H in-plane bending,"gamma(N9;C3,C2,C4)",oop,0.14944234723728198,+,0.017130031715344503,0.44197906466807035
32,1253.2951702925732,,,ring-site C-H in-plane bending,delta(C6-C7-H16),angle,0.10415655309887847,+,0.013158901707293573,0.522025437102308
32,1253.2951702925732,,,ring-site C-H in-plane bending,delta(C4-O5-C6),angle,0.08051005781701089,-,-0.011359968833163403,0.5414273760865053
32,1253.2951702925732,,,ring-site C-H in-plane bending,tau(H17-C8-N9-C3),dihedral,0.05289438246044298,+,0.017804248962101428,0.14481267848705123
32,1253.2951702925732,,,ring-site C-H in-plane bending,nu(C6-H15),bond,0.03886355596407035,-,-0.010353091079060253,0.3146638256816722
32,1253.2951702925732,,,ring-site C-H in-plane bending,"gamma(C8;C7,N9,H16)",oop,0.03671994053865047,-,-0.0067572463228991455,0.6979218906199945
32,1253.2951702925732,,,ring-site C-H in-plane bending,nu(C4-H13),bond,0.0365071025377851,+,0.00997290675887986,0.3185504336763951
32,1253.2951702925732,,,ring-site C-H in-plane bending,delta(H12-C4-H13),angle,0.03384479571331592,-,-0.010167956035223982,0.284098492946767
32,1253.2951702925732,,,ring-site C-H in-plane bending,tau(H10-C2-C3-C4),dihedral,0.020057780789466267,+,0.04393662359188881,0.00901724508707496
32,1253.2951702925732,,,ring-site C-H in-plane bending,nu(C3-H11),bond,0.012365791439193911,-,-0.005815343525452541,0.3173332068895945
32,1253.2951702925732,,,ring-site C-H in-plane bending,nu(C8-H17),bond,0.009394521246315755,-,-0.004820383711849736,0.3508777138495141
32,1253.2951702925732,,,ring-site C-H in-plane bending,nu(C8-H18),bond,0.005724660740975063,-,-0.0037948257587808393,0.3449931141630818
32,1253.2951702925732,,,ring-site C-H in-plane bending,nu(C4-H12),bond,0.0049865665850826295,-,-0.0035440154416813085,0.3445519910153448
32,1253.2951702925732,,,ring-site C-H in-plane bending,nu(O1-C2),bond,0.001910531008210016,+,0.0013924155510689324,0.8551862569590472
32,1253.2951702925732,,,ring-site C-H in-plane bending,nu(C6-H14),bond,0.0003415161509831787,+,0.0009326302041665276,0.3407506136937907
32,1253.2951702925732,,,ring-site C-H in-plane bending,nu(C7-H16),bond,0.00032935846549389595,-,-0.0009098905303954866,0.34525095819208307
32,1253.2951702925732,,,ring-site C-H in-plane bending,nu(C2-H10),bond,9.42117434852295e-05,+,0.0005216108355520225,0.3005081011048296
33,1295.0300133053397,,,mixed C-H bending / ring-site C-H in-plane bending / cyclic-ring out-of-plane deformation,delta(C2-C3-H11),angle,34.541375434606316,+,0.34189052508443385,0.5501414560655805
33,1295.0300133053397,,,mixed C-H bending / ring-site C-H in-plane bending / cyclic-ring out-of-plane deformation,"gamma(N9;C3,C4,H11)",oop,21.396750024091517,-,-0.2618010063743529,0.5811845564107604
33,1295.0300133053397,,,mixed C-H bending / ring-site C-H in-plane bending / cyclic-ring out-of-plane deformation,delta(C4-C3-H11),angle,11.290645983597853,-,-0.2063160931556833,0.4938117910383473
33,1295.0300133053397,,,mixed C-H bending / ring-site C-H in-plane bending / cyclic-ring out-of-plane deformation,delta(N9-C7-H16),angle,6.051609851415344,-,-0.16248693868371938,0.4267198877605949
33,1295.0300133053397,,,mixed C-H bending / ring-site C-H in-plane bending / cyclic-ring out-of-plane deformation,delta(O5-C4-H13),angle,5.657443573355565,-,-0.17864141824061694,0.33003864165600133
33,1295.0300133053397,,,mixed C-H bending / ring-site C-H in-plane bending / cyclic-ring out-of-plane deformation,delta(C6-C7-H16),angle,4.949311488559577,+,0.13285594680002216,0.522025437102308
33,1295.0300133053397,,,mixed C-H bending / ring-site C-H in-plane bending / cyclic-ring out-of-plane deformation,nu(C2-C3),bond,3.2022376842321574,-,-0.15260597241810148,0.25598786529004025
33,1295.0300133053397,,,mixed C-H bending / ring-site C-H in-plane bending / cyclic-ring out-of-plane deformation,nu(C3-N9),bond,2.8677630829511633,+,0.13017589349948686,0.31505836222860206
33,1295.0300133053397,,,mixed C-H bending / ring-site C-H in-plane bending / cyclic-ring out-of-plane deformation,nu(C7-N9),bond,1.968007222987182,-,-0.09790898439011955,0.38219981510192685
33,1295.0300133053397,,,mixed C-H bending / ring-site C-H in-plane bending / cyclic-ring out-of-plane deformation,nu(C7-C8),bond,1.5982760216190586,-,-0.08808989354337801,0.3834497769963347
33,1295.0300133053397,,,mixed C-H bending / ring-site C-H in-plane bending / cyclic-ring out-of-plane deformation,delta(N9-C8-H17),angle,1.1543499386372806,-,-0.09864418141871495,0.22085305625644952
33,1295.0300133053397,,,mixed C-H bending / ring-site C-H in-plane bending / cyclic-ring out-of-plane deformation,"gamma(N9;C3,C2,H11)",oop,1.0714206863915392,-,-0.07896220289148158,0.319911897315103
33,1295.0300133053397,,,mixed C-H bending / ring-site C-H in-plane bending / cyclic-ring out-of-plane deformation,"gamma(O1;C2,C3,H10)",oop,1.059608322680684,+,0.1345521491448744,0.10896147127568684
33,1295.0300133053397,,,mixed C-H bending / ring-site C-H in-plane bending / cyclic-ring out-of-plane deformation,tau(H17-C8-N9-C3),dihedral,0.5059497826711785,-,-0.08065008911050357,0.14481267848705123
33,1295.0300133053397,,,mixed C-H bending / ring-site C-H in-plane bending / cyclic-ring out-of-plane deformation,delta(O5-C6-H14),angle,0.43241413214505814,+,0.04697599448148902,0.3648016460119256
33,1295.0300133053397,,,mixed C-H bending / ring-site C-H in-plane bending / cyclic-ring out-of-plane deformation,delta(C3-C4-H12),angle,0.2815738852451076,+,0.04088661884506928,0.313573139325566
33,1295.0300133053397,,,mixed C-H bending / ring-site C-H in-plane bending / cyclic-ring out-of-plane deformation,"gamma(N9;C8,C7,H18)",oop,0.2399847173934773,+,0.027464879986472762,0.5922936146637127
33,1295.0300133053397,,,mixed C-H bending / ring-site C-H in-plane bending / cyclic-ring out-of-plane deformation,"gamma(N9;C3,C2,C4)",oop,0.22790228742844798,-,-0.030983318450251145,0.44197906466807035
33,1295.0300133053397,,,mixed C-H bending / ring-site C-H in-plane bending / cyclic-ring out-of-plane deformation,"gamma(C8;C7,N9,H16)",oop,0.2266448050341972,+,0.024588040072179632,0.6979218906199945
33,1295.0300133053397,,,mixed C-H bending / ring-site C-H in-plane bending / cyclic-ring out-of-plane deformation,nu(C6-C7),bond,0.21203321200342137,+,0.035530490914771125,0.31268737896018667
33,1295.0300133053397,,,mixed C-H bending / ring-site C-H in-plane bending / cyclic-ring out-of-plane deformation,tau(C2-C3-C4-O5),dihedral,0.1836797801438433,-,-0.0469798645936819,0.15493398999329233
33,1295.0300133053397,,,mixed C-H bending / ring-site C-H in-plane bending / cyclic-ring out-of-plane deformation,nu(C3-C4),bond,0.13896500325977634,+,0.029751734259233033,0.2922737052353564
33,1295.0300133053397,,,mixed C-H bending / ring-site C-H in-plane bending / cyclic-ring out-of-plane deformation,tau(C4-O5-C6-H14),dihedral,0.1249407754207062,-,-0.04452290774532388,0.11733998626181286
33,1295.0300133053397,,,mixed C-H bending / ring-site C-H in-plane bending / cyclic-ring out-of-plane deformation,delta(O1-C2-C3),angle,0.10892824757348965,+,0.023639068496176006,0.3629014258602332
33,1295.0300133053397,,,mixed C-H bending / ring-site C-H in-plane bending / cyclic-ring out-of-plane deformation,delta(O5-C4-H12),angle,0.09509659610602043,-,-0.022421935383817173,0.3521499690707172
33,1295.0300133053397,,,mixed C-H bending / ring-site C-H in-plane bending / cyclic-ring out-of-plane deformation,"gamma(H15;C6,O5,C7)",oop,0.08669581012139102,+,0.026841507778547588,0.22402328903471713
33,1295.0300133053397,,,mixed C-H bending / ring-site C-H in-plane bending / cyclic-ring out-of-plane deformation,delta(C4-O5-C6),angle,0.06315682530068485,+,0.014736504396040294,0.5414273760865053
33,1295.0300133053397,,,mixed C-H bending / ring-site C-H in-plane bending / cyclic-ring out-of-plane deformation,"gamma(N9;C7,C6,C8)",oop,0.05783116167041188,+,0.00865911391969285,1.4358989750573936
33,1295.0300133053397,,,mixed C-H bending / ring-site C-H in-plane bending / cyclic-ring out-of-plane deformation,nu(O5-C6),bond,0.052957863681995225,-,-0.01695318693688874,0.34303357664828
33,1295.0300133053397,,,mixed C-H bending / ring-site C-H in-plane bending / cyclic-ring out-of-plane deformation,tau(H10-C2-C3-C4),dihedral,0.04258852547231916,-,-0.09376997559005573,0.00901724508707496
33,1295.0300133053397,,,mixed C-H bending / ring-site C-H in-plane bending / cyclic-ring out-of-plane deformation,delta(C3-N9-C8),angle,0.025728362298191906,-,-0.013197836191209091,0.27498914531836777
33,1295.0300133053397,,,mixed C-H bending / ring-site C-H in-plane bending / cyclic-ring out-of-plane deformation,delta(H12-C4-H13),angle,0.02536769283986886,-,-0.012893192242472706,0.284098492946767
33,1295.0300133053397,,,mixed C-H bending / ring-site C-H in-plane bending / cyclic-ring out-of-plane deformation,nu(C3-H11),bond,0.018180348176837977,-,-0.010327561164871726,0.3173332068895945
33,1295.0300133053397,,,mixed C-H bending / ring-site C-H in-plane bending / cyclic-ring out-of-plane deformation,delta(C7-C8-H18),angle,0.008615769042416451,+,0.008732219372891233,0.21035539225769873
33,1295.0300133053397,,,mixed C-H bending / ring-site C-H in-plane bending / cyclic-ring out-of-plane deformation,nu(C2-H10),bond,0.005900501557310693,-,-0.006046037137622513,0.3005081011048296
33,1295.0300133053397,,,mixed C-H bending / ring-site C-H in-plane bending / cyclic-ring out-of-plane deformation,"gamma(H15;C6,C7,H14)",oop,0.0048005146367029825,+,0.00622307518920018,0.23077384044063307
33,1295.0300133053397,,,mixed C-H bending / ring-site C-H in-plane bending / cyclic-ring out-of-plane deformation,nu(C8-H17),bond,0.004259281476260359,-,-0.004753841705164028,0.3508777138495141
33,1295.0300133053397,,,mixed C-H bending / ring-site C-H in-plane bending / cyclic-ring out-of-plane deformation,"gamma(H15;C6,O5,H14)",oop,0.0035152657316859107,+,0.005731939755851128,0.1991882893990281
33,1295.0300133053397,,,mixed C-H bending / ring-site C-H in-plane bending / cyclic-ring out-of-plane deformation,nu(C8-H18),bond,0.002742676872720189,-,-0.003847127206921435,0.3449931141630818
33,1295.0300133053397,,,mixed C-H bending / ring-site C-H in-plane bending / cyclic-ring out-of-plane deformation,nu(C7-H16),bond,0.002298100886138919,-,-0.003520234028580892,0.34525095819208307
33,1295.0300133053397,,,mixed C-H bending / ring-site C-H in-plane bending / cyclic-ring out-of-plane deformation,nu(C4-O5),bond,0.0021307152033427507,-,-0.003459572447680604,0.3314281718002575
33,1295.0300133053397,,,mixed C-H bending / ring-site C-H in-plane bending / cyclic-ring out-of-plane deformation,nu(C4-H13),bond,0.0019349261390829919,-,-0.0033627728577061305,0.3185504336763951
33,1295.0300133053397,,,mixed C-H bending / ring-site C-H in-plane bending / cyclic-ring out-of-plane deformation,nu(O1-C2),bond,0.0017886356661740562,+,0.001973263236401264,0.8551862569590472
33,1295.0300133053397,,,mixed C-H bending / ring-site C-H in-plane bending / cyclic-ring out-of-plane deformation,nu(C4-H12),bond,0.001149478842767628,+,0.0024921693300168505,0.3445519910153448
33,1295.0300133053397,,,mixed C-H bending / ring-site C-H in-plane bending / cyclic-ring out-of-plane deformation,delta(O1-C2-H10),angle,0.0008725359872290316,-,-0.002363668714746278,0.29074952250985897
33,1295.0300133053397,,,mixed C-H bending / ring-site C-H in-plane bending / cyclic-ring out-of-plane deformation,nu(C6-H15),bond,0.00027750553674325997,+,0.0012813472906665188,0.3146638256816722
33,1295.0300133053397,,,mixed C-H bending / ring-site C-H in-plane bending / cyclic-ring out-of-plane deformation,"gamma(C8;C7,C6,N9)",oop,0.0002680025626225855,+,0.0007630808570277612,0.8568537564805015
33,1295.0300133053397,,,mixed C-H bending / ring-site C-H in-plane bending / cyclic-ring out-of-plane deformation,nu(C6-H14),bond,2.696074711835452e-05,-,-0.0003837974421861971,0.3407506136937907
34,1322.3846435329021,,,mixed ring-site C-H in-plane bending / C-N out-of-plane bending,delta(O5-C6-H14),angle,19.637317366512264,+,0.2368799616118217,0.3648016460119256
34,1322.3846435329021,,,mixed ring-site C-H in-plane bending / C-N out-of-plane bending,delta(C4-C3-H11),angle,19.355449480644186,-,-0.20213268358481448,0.4938117910383473
34,1322.3846435329021,,,mixed ring-site C-H in-plane bending / C-N out-of-plane bending,"gamma(N9;C3,C2,H11)",oop,13.567410729465282,-,-0.2102562574439629,0.319911897315103
34,1322.3846435329021,,,mixed ring-site C-H in-plane bending / C-N out-of-plane bending,"gamma(N9;C3,C4,H11)",oop,9.722698765522104,+,0.13205414011229266,0.5811845564107604
34,1322.3846435329021,,,mixed ring-site C-H in-plane bending / C-N out-of-plane bending,delta(O5-C4-H13),angle,6.659633700168106,-,-0.1450301896157238,0.33003864165600133
34,1322.3846435329021,,,mixed ring-site C-H in-plane bending / C-N out-of-plane bending,delta(O5-C4-H12),angle,5.60244800405262,+,0.12877771924136322,0.3521499690707172
34,1322.3846435329021,,,mixed ring-site C-H in-plane bending / C-N out-of-plane bending,"gamma(H15;C6,O5,H14)",oop,5.401191934330568,-,-0.1681235467568471,0.1991882893990281
34,1322.3846435329021,,,mixed ring-site C-H in-plane bending / C-N out-of-plane bending,delta(N9-C7-H16),angle,3.3151990623246403,+,0.08999098439533183,0.4267198877605949
34,1322.3846435329021,,,mixed ring-site C-H in-plane bending / C-N out-of-plane bending,"gamma(H15;C6,C7,H14)",oop,2.9403354229102625,-,-0.11524465400733042,0.23077384044063307
34,1322.3846435329021,,,mixed ring-site C-H in-plane bending / C-N out-of-plane bending,nu(C3-N9),bond,2.1785359806404734,-,-0.08489898578760349,0.31505836222860206
34,1322.3846435329021,,,mixed ring-site C-H in-plane bending / C-N out-of-plane bending,delta(C4-O5-C6),angle,2.1127336395501537,+,0.06377756106017744,0.5414273760865053
34,1322.3846435329021,,,mixed ring-site C-H in-plane bending / C-N out-of-plane bending,nu(C7-C8),bond,1.5746547655421868,+,0.06542655755083619,0.3834497769963347
34,1322.3846435329021,,,mixed ring-site C-H in-plane bending / C-N out-of-plane bending,delta(O1-C2-H10),angle,1.3010489839158579,-,-0.06829720924978325,0.29074952250985897
34,1322.3846435329021,,,mixed ring-site C-H in-plane bending / C-N out-of-plane bending,"gamma(H15;C6,O5,C7)",oop,0.9152141205072694,+,0.0652574967779406,0.22402328903471713
34,1322.3846435329021,,,mixed ring-site C-H in-plane bending / C-N out-of-plane bending,delta(C6-C7-H16),angle,0.7408667363385193,-,-0.03846270768898542,0.522025437102308
34,1322.3846435329021,,,mixed ring-site C-H in-plane bending / C-N out-of-plane bending,nu(C3-C4),bond,0.6981285903465619,+,0.0498986135149292,0.2922737052353564
34,1322.3846435329021,,,mixed ring-site C-H in-plane bending / C-N out-of-plane bending,delta(C2-C3-H11),angle,0.6605151158187361,-,-0.035376904829896874,0.5501414560655805
34,1322.3846435329021,,,mixed ring-site C-H in-plane bending / C-N out-of-plane bending,tau(C4-O5-C6-H14),dihedral,0.5969140172935162,-,-0.07281963728267586,0.11733998626181286
34,1322.3846435329021,,,mixed ring-site C-H in-plane bending / C-N out-of-plane bending,nu(C7-N9),bond,0.5130795222385617,+,0.03740784962260521,0.38219981510192685
34,1322.3846435329021,,,mixed ring-site C-H in-plane bending / C-N out-of-plane bending,delta(O1-C2-C3),angle,0.44523815219944257,+,0.03576164499919933,0.3629014258602332
34,1322.3846435329021,,,mixed ring-site C-H in-plane bending / C-N out-of-plane bending,delta(N9-C8-H17),angle,0.3713382394240893,+,0.04186477575983009,0.22085305625644952
34,1322.3846435329021,,,mixed ring-site C-H in-plane bending / C-N out-of-plane bending,nu(O5-C6),bond,0.35359354706575835,-,-0.032779285939989265,0.34303357664828
34,1322.3846435329021,,,mixed ring-site C-H in-plane bending / C-N out-of-plane bending,nu(C4-O5),bond,0.3248163731940462,-,-0.03196243699413924,0.3314281718002575
34,1322.3846435329021,,,mixed ring-site C-H in-plane bending / C-N out-of-plane bending,"gamma(N9;C8,C7,H18)",oop,0.3178871986379887,-,-0.023652858482656497,0.5922936146637127
34,1322.3846435329021,,,mixed ring-site C-H in-plane bending / C-N out-of-plane bending,"gamma(N9;C3,C2,C4)",oop,0.2731036553769901,+,0.025379236125510317,0.44197906466807035
34,1322.3846435329021,,,mixed ring-site C-H in-plane bending / C-N out-of-plane bending,delta(C3-N9-C8),angle,0.15595702809595516,+,0.02431421982716289,0.27498914531836777
34,1322.3846435329021,,,mixed ring-site C-H in-plane bending / C-N out-of-plane bending,tau(C2-C3-C4-O5),dihedral,0.11016620576087585,-,-0.027224911866557514,0.15493398999329233
34,1322.3846435329021,,,mixed ring-site C-H in-plane bending / C-N out-of-plane bending,"gamma(C8;C7,N9,H16)",oop,0.03388262940536278,+,0.007113785760203127,0.6979218906199945
34,1322.3846435329021,,,mixed ring-site C-H in-plane bending / C-N out-of-plane bending,delta(C7-C8-H18),angle,0.020265379370789687,+,0.010021118174947217,0.21035539225769873
34,1322.3846435329021,,,mixed ring-site C-H in-plane bending / C-N out-of-plane bending,tau(H17-C8-N9-C3),dihedral,0.015540212013215399,+,0.010576471797620147,0.14481267848705123
34,1322.3846435329021,,,mixed ring-site C-H in-plane bending / C-N out-of-plane bending,nu(C3-H11),bond,0.011635845413821871,+,0.006182396438933119,0.3173332068895945
34,1322.3846435329021,,,mixed ring-site C-H in-plane bending / C-N out-of-plane bending,delta(H12-C4-H13),angle,0.011480026300834563,+,0.00649011833895427,0.284098492946767
34,1322.3846435329021,,,mixed ring-site C-H in-plane bending / C-N out-of-plane bending,nu(C2-C3),bond,0.011385142863155787,-,-0.006808872346518003,0.25598786529004025
34,1322.3846435329021,,,mixed ring-site C-H in-plane bending / C-N out-of-plane bending,nu(C6-H14),bond,0.009337269275182006,+,0.005344502167454863,0.3407506136937907
34,1322.3846435329021,,,mixed ring-site C-H in-plane bending / C-N out-of-plane bending,tau(H10-C2-C3-C4),dihedral,0.008530320684589171,-,-0.03140229442924695,0.00901724508707496
34,1322.3846435329021,,,mixed ring-site C-H in-plane bending / C-N out-of-plane bending,"gamma(O1;C2,C3,H10)",oop,0.007222027815910896,-,-0.008312061314007491,0.10896147127568684
34,1322.3846435329021,,,mixed ring-site C-H in-plane bending / C-N out-of-plane bending,"gamma(C8;C7,C6,N9)",oop,0.006376177471246392,-,-0.002785110847884311,0.8568537564805015
34,1322.3846435329021,,,mixed ring-site C-H in-plane bending / C-N out-of-plane bending,nu(C7-H16),bond,0.0044586051984913735,+,0.00366899991642568,0.34525095819208307
34,1322.3846435329021,,,mixed ring-site C-H in-plane bending / C-N out-of-plane bending,"gamma(N9;C7,C6,C8)",oop,0.0032639347078276797,+,0.0015393041052255126,1.4358989750573936
34,1322.3846435329021,,,mixed ring-site C-H in-plane bending / C-N out-of-plane bending,nu(C8-H17),bond,0.0031049753703613933,+,0.0030371540910858856,0.3508777138495141
34,1322.3846435329021,,,mixed ring-site C-H in-plane bending / C-N out-of-plane bending,nu(C4-H12),bond,0.0019128496702228372,+,0.0024056291486142228,0.3445519910153448
34,1322.3846435329021,,,mixed ring-site C-H in-plane bending / C-N out-of-plane bending,nu(C6-H15),bond,0.001720627078692542,-,-0.0023874572651656043,0.3146638256816722
34,1322.3846435329021,,,mixed ring-site C-H in-plane bending / C-N out-of-plane bending,nu(O1-C2),bond,0.0014924041986404235,-,-0.0013487408571218793,0.8551862569590472
34,1322.3846435329021,,,mixed ring-site C-H in-plane bending / C-N out-of-plane bending,nu(C4-H13),bond,0.0013283063757391362,+,0.002084854096882915,0.3185504336763951
34,1322.3846435329021,,,mixed ring-site C-H in-plane bending / C-N out-of-plane bending,delta(C3-C4-H12),angle,0.0008060546750990132,+,0.0016369237985114815,0.313573139325566
34,1322.3846435329021,,,mixed ring-site C-H in-plane bending / C-N out-of-plane bending,nu(C2-H10),bond,0.0003900034026290991,-,-0.0011631125587451803,0.3005081011048296
34,1322.3846435329021,,,mixed ring-site C-H in-plane bending / C-N out-of-plane bending,nu(C6-C7),bond,0.0003158910816573896,-,-0.0010261932307770898,0.31268737896018667
34,1322.3846435329021,,,mixed ring-site C-H in-plane bending / C-N out-of-plane bending,nu(C8-H18),bond,7.497974952049159e-05,-,-0.000475973110280912,0.3449931141630818
35,1325.9920343892013,,,mixed ring-site C-H in-plane bending / C-H bending,delta(C2-C3-H11),angle,21.745548881458234,+,0.23463889711456334,0.5501414560655805
35,1325.9920343892013,,,mixed ring-site C-H in-plane bending / C-H bending,delta(O5-C4-H12),angle,11.939170516729845,-,-0.21730777142824642,0.3521499690707172
35,1325.9920343892013,,,mixed ring-site C-H in-plane bending / C-H bending,delta(C4-C3-H11),angle,11.779444652110643,-,-0.1822777621113708,0.4938117910383473
35,1325.9920343892013,,,mixed ring-site C-H in-plane bending / C-H bending,"gamma(N9;C3,C4,H11)",oop,10.361857414516171,-,-0.15758460266372176,0.5811845564107604
35,1325.9920343892013,,,mixed ring-site C-H in-plane bending / C-H bending,delta(C3-C4-H12),angle,8.703232432294154,+,0.19661781790078356,0.313573139325566
35,1325.9920343892013,,,mixed ring-site C-H in-plane bending / C-H bending,delta(N9-C7-H16),angle,7.77640734337928,+,0.1593199152135541,0.4267198877605949
35,1325.9920343892013,,,mixed ring-site C-H in-plane bending / C-H bending,nu(C3-N9),bond,4.774953969294174,-,-0.14529179756799843,0.31505836222860206
35,1325.9920343892013,,,mixed ring-site C-H in-plane bending / C-H bending,delta(C6-C7-H16),angle,3.6874323746375524,-,-0.09919007237511261,0.522025437102308
35,1325.9920343892013,,,mixed ring-site C-H in-plane bending / C-H bending,nu(C7-N9),bond,3.4173578826508852,+,0.1115968671442102,0.38219981510192685
35,1325.9920343892013,,,mixed ring-site C-H in-plane bending / C-H bending,nu(C7-C8),bond,3.311049900219973,+,0.10966817743728677,0.3834497769963347
35,1325.9920343892013,,,mixed ring-site C-H in-plane bending / C-H bending,nu(C2-C3),bond,1.9004209037754631,-,-0.10168741748244228,0.25598786529004025
35,1325.9920343892013,,,mixed ring-site C-H in-plane bending / C-H bending,"gamma(N9;C3,C2,H11)",oop,1.2964232621958118,-,-0.07512945175027023,0.319911897315103
35,1325.9920343892013,,,mixed ring-site C-H in-plane bending / C-H bending,delta(O5-C6-H14),angle,1.0397906509605224,-,-0.06300812663793579,0.3648016460119256
35,1325.9920343892013,,,mixed ring-site C-H in-plane bending / C-H bending,delta(N9-C8-H17),angle,1.031137907243707,+,0.08064151486688922,0.22085305625644952
35,1325.9920343892013,,,mixed ring-site C-H in-plane bending / C-H bending,delta(O5-C4-H13),angle,0.7863785753962957,+,0.05760835162161223,0.33003864165600133
35,1325.9920343892013,,,mixed ring-site C-H in-plane bending / C-H bending,delta(O1-C2-C3),angle,0.7743953505835466,+,0.054517889989391846,0.3629014258602332
35,1325.9920343892013,,,mixed ring-site C-H in-plane bending / C-H bending,"gamma(N9;C3,C2,C4)",oop,0.7713174458800405,+,0.04930236309562194,0.44197906466807035
35,1325.9920343892013,,,mixed ring-site C-H in-plane bending / C-H bending,nu(C3-C4),bond,0.7498161348189586,+,0.05977705648958579,0.2922737052353564
35,1325.9920343892013,,,mixed ring-site C-H in-plane bending / C-H bending,"gamma(N9;C7,C6,C8)",oop,0.7352747464527851,-,-0.026706371753488906,1.4358989750573936
35,1325.9920343892013,,,mixed ring-site C-H in-plane bending / C-H bending,delta(O1-C2-H10),angle,0.7186583376577028,-,-0.058675086292748826,0.29074952250985897
35,1325.9920343892013,,,mixed ring-site C-H in-plane bending / C-H bending,"gamma(H15;C6,O5,C7)",oop,0.5913353654671188,-,-0.06063485591220918,0.22402328903471713
35,1325.9920343892013,,,mixed ring-site C-H in-plane bending / C-H bending,nu(O5-C6),bond,0.5116127049640342,+,0.04557790433182275,0.34303357664828
35,1325.9920343892013,,,mixed ring-site C-H in-plane bending / C-H bending,delta(C4-O5-C6),angle,0.35705417599019135,-,-0.030307419524843438,0.5414273760865053
35,1325.9920343892013,,,mixed ring-site C-H in-plane bending / C-H bending,"gamma(O1;C2,C3,H10)",oop,0.2506964624845029,+,0.05660954070862066,0.10896147127568684
35,1325.9920343892013,,,mixed ring-site C-H in-plane bending / C-H bending,nu(C6-C7),bond,0.20499666197985053,-,-0.030218313776398095,0.31268737896018667
35,1325.9920343892013,,,mixed ring-site C-H in-plane bending / C-H bending,"gamma(C8;C7,C6,N9)",oop,0.18222755699926718,+,0.017210983242977998,0.8568537564805015
35,1325.9920343892013,,,mixed ring-site C-H in-plane bending / C-H bending,"gamma(N9;C8,C7,H18)",oop,0.11537986618458293,-,-0.01647208208978422,0.5922936146637127
35,1325.9920343892013,,,mixed ring-site C-H in-plane bending / C-H bending,nu(C4-O5),bond,0.08776508086588618,+,0.01920517088771317,0.3314281718002575
35,1325.9920343892013,,,mixed ring-site C-H in-plane bending / C-H bending,delta(H12-C4-H13),angle,0.08107822908599202,+,0.01993745269553216,0.284098492946767
35,1325.9920343892013,,,mixed ring-site C-H in-plane bending / C-H bending,delta(C7-C8-H18),angle,0.07458312724958559,+,0.02222263114531957,0.21035539225769873
35,1325.9920343892013,,,mixed ring-site C-H in-plane bending / C-H bending,tau(C2-C3-C4-O5),dihedral,0.07192772109141465,+,0.02542885500462159,0.15493398999329233
35,1325.9920343892013,,,mixed ring-site C-H in-plane bending / C-H bending,"gamma(C8;C7,N9,H16)",oop,0.04344967980986874,-,-0.009311976854188081,0.6979218906199945
35,1325.9920343892013,,,mixed ring-site C-H in-plane bending / C-H bending,tau(H10-C2-C3-C4),dihedral,0.03781325900458992,-,-0.07642529532189504,0.00901724508707496
35,1325.9920343892013,,,mixed ring-site C-H in-plane bending / C-H bending,"gamma(H15;C6,C7,H14)",oop,0.03600599717152348,-,-0.014741651518935186,0.23077384044063307
35,1325.9920343892013,,,mixed ring-site C-H in-plane bending / C-H bending,nu(C7-H16),bond,0.012122197084680696,+,0.006993188453245672,0.34525095819208307
35,1325.9920343892013,,,mixed ring-site C-H in-plane bending / C-H bending,tau(C4-O5-C6-H14),dihedral,0.009117915995632627,-,-0.010403435636535672,0.11733998626181286
35,1325.9920343892013,,,mixed ring-site C-H in-plane bending / C-H bending,tau(H17-C8-N9-C3),dihedral,0.008721116529092117,-,-0.009158719522259634,0.14481267848705123
35,1325.9920343892013,,,mixed ring-site C-H in-plane bending / C-H bending,nu(C2-H10),bond,0.005243394734545236,-,-0.004929810125731972,0.3005081011048296
35,1325.9920343892013,,,mixed ring-site C-H in-plane bending / C-H bending,nu(C8-H18),bond,0.004656722078238458,+,0.004335976841471839,0.3449931141630818
35,1325.9920343892013,,,mixed ring-site C-H in-plane bending / C-H bending,nu(C8-H17),bond,0.004205829840991334,+,0.004086015074222674,0.3508777138495141
35,1325.9920343892013,,,mixed ring-site C-H in-plane bending / C-H bending,nu(C4-H12),bond,0.0036386333800862316,-,-0.003835250856158036,0.3445519910153448
35,1325.9920343892013,,,mixed ring-site C-H in-plane bending / C-H bending,nu(C3-H11),bond,0.0034940587888271832,-,-0.003916150299816759,0.3173332068895945
35,1325.9920343892013,,,mixed ring-site C-H in-plane bending / C-H bending,nu(O1-C2),bond,0.0011872226852743376,-,-0.0013905536344882947,0.8551862569590472
35,1325.9920343892013,,,mixed ring-site C-H in-plane bending / C-H bending,nu(C6-H15),bond,0.000875366467217204,-,-0.0019684462094072437,0.3146638256816722
35,1325.9920343892013,,,mixed ring-site C-H in-plane bending / C-H bending,delta(C3-N9-C8),angle,0.000387874041670817,-,-0.0014016500278965752,0.27498914531836777
35,1325.9920343892013,,,mixed ring-site C-H in-plane bending / C-H bending,nu(C4-H13),bond,0.00035085507992311247,+,0.0012385877829541275,0.3185504336763951
35,1325.9920343892013,,,mixed ring-site C-H in-plane bending / C-H bending,"gamma(H15;C6,O5,H14)",oop,3.3631705140465654e-06,-,-0.00015335380291576126,0.1991882893990281
35,1325.9920343892013,,,mixed ring-site C-H in-plane bending / C-H bending,nu(C6-H14),bond,8.795191272948648e-07,-,-5.995926891287849e-05,0.3407506136937907
36,1343.2764145578508,,,mixed ring-site C-H in-plane bending / cyclic-ring out-of-plane deformation / C-N out-of-plane bending,"gamma(N9;C3,C4,H11)",oop,21.466940178625393,+,0.23225811034944668,0.5811845564107604
36,1343.2764145578508,,,mixed ring-site C-H in-plane bending / cyclic-ring out-of-plane deformation / C-N out-of-plane bending,delta(C4-C3-H11),angle,21.359924137008534,-,-0.25134020972263316,0.4938117910383473
36,1343.2764145578508,,,mixed ring-site C-H in-plane bending / cyclic-ring out-of-plane deformation / C-N out-of-plane bending,"gamma(N9;C3,C2,H11)",oop,19.36848447671169,-,-0.2973551551812523,0.319911897315103
36,1343.2764145578508,,,mixed ring-site C-H in-plane bending / cyclic-ring out-of-plane deformation / C-N out-of-plane bending,delta(O5-C4-H12),angle,7.00387846222245,-,-0.17043089368333705,0.3521499690707172
36,1343.2764145578508,,,mixed ring-site C-H in-plane bending / cyclic-ring out-of-plane deformation / C-N out-of-plane bending,delta(C3-C4-H12),angle,6.617611629395445,+,0.17555938831144044,0.313573139325566
36,1343.2764145578508,,,mixed ring-site C-H in-plane bending / cyclic-ring out-of-plane deformation / C-N out-of-plane bending,delta(C2-C3-H11),angle,5.2661889137172055,-,-0.11823712986609551,0.5501414560655805
36,1343.2764145578508,,,mixed ring-site C-H in-plane bending / cyclic-ring out-of-plane deformation / C-N out-of-plane bending,delta(C6-C7-H16),angle,5.205896425857653,+,0.12068263299007516,0.522025437102308
36,1343.2764145578508,,,mixed ring-site C-H in-plane bending / cyclic-ring out-of-plane deformation / C-N out-of-plane bending,delta(N9-C7-H16),angle,4.296239069426269,-,-0.12125945892861181,0.4267198877605949
36,1343.2764145578508,,,mixed ring-site C-H in-plane bending / cyclic-ring out-of-plane deformation / C-N out-of-plane bending,"gamma(H15;C6,O5,H14)",oop,1.9148213247219195,+,0.11848819256104373,0.1991882893990281
36,1343.2764145578508,,,mixed ring-site C-H in-plane bending / cyclic-ring out-of-plane deformation / C-N out-of-plane bending,delta(O1-C2-H10),angle,1.531707827918776,-,-0.08771448318247262,0.29074952250985897
36,1343.2764145578508,,,mixed ring-site C-H in-plane bending / cyclic-ring out-of-plane deformation / C-N out-of-plane bending,delta(O5-C6-H14),angle,1.05713114959709,-,-0.06505473144528187,0.3648016460119256
36,1343.2764145578508,,,mixed ring-site C-H in-plane bending / cyclic-ring out-of-plane deformation / C-N out-of-plane bending,delta(O5-C4-H13),angle,0.9867524509945645,+,0.06607916696970825,0.33003864165600133
36,1343.2764145578508,,,mixed ring-site C-H in-plane bending / cyclic-ring out-of-plane deformation / C-N out-of-plane bending,"gamma(H15;C6,C7,H14)",oop,0.8940430472307598,+,0.07521921111687899,0.23077384044063307
36,1343.2764145578508,,,mixed ring-site C-H in-plane bending / cyclic-ring out-of-plane deformation / C-N out-of-plane bending,"gamma(N9;C7,C6,C8)",oop,0.5601409082153359,+,0.023868743137462442,1.4358989750573936
36,1343.2764145578508,,,mixed ring-site C-H in-plane bending / cyclic-ring out-of-plane deformation / C-N out-of-plane bending,nu(C7-C8),bond,0.3023474477071531,-,-0.03393452360323665,0.3834497769963347
36,1343.2764145578508,,,mixed ring-site C-H in-plane bending / cyclic-ring out-of-plane deformation / C-N out-of-plane bending,"gamma(C8;C7,N9,H16)",oop,0.24994579958583288,+,0.0228697996054569,0.6979218906199945
36,1343.2764145578508,,,mixed ring-site C-H in-plane bending / cyclic-ring out-of-plane deformation / C-N out-of-plane bending,"gamma(C8;C7,C6,N9)",oop,0.22204298477437917,-,-0.019453960233736647,0.8568537564805015
36,1343.2764145578508,,,mixed ring-site C-H in-plane bending / cyclic-ring out-of-plane deformation / C-N out-of-plane bending,nu(C7-N9),bond,0.20384520692607147,-,-0.027909230583286548,0.38219981510192685
36,1343.2764145578508,,,mixed ring-site C-H in-plane bending / cyclic-ring out-of-plane deformation / C-N out-of-plane bending,delta(O1-C2-C3),angle,0.18372630613245888,+,0.027191563654313442,0.3629014258602332
36,1343.2764145578508,,,mixed ring-site C-H in-plane bending / cyclic-ring out-of-plane deformation / C-N out-of-plane bending,nu(O5-C6),bond,0.16927089178828328,+,0.02684514001004269,0.34303357664828
36,1343.2764145578508,,,mixed ring-site C-H in-plane bending / cyclic-ring out-of-plane deformation / C-N out-of-plane bending,delta(C7-C8-H18),angle,0.1572727415212784,-,-0.03304401054205008,0.21035539225769873
36,1343.2764145578508,,,mixed ring-site C-H in-plane bending / cyclic-ring out-of-plane deformation / C-N out-of-plane bending,"gamma(O1;C2,C3,H10)",oop,0.13917675910139843,-,-0.04319064882452322,0.10896147127568684
36,1343.2764145578508,,,mixed ring-site C-H in-plane bending / cyclic-ring out-of-plane deformation / C-N out-of-plane bending,delta(C4-O5-C6),angle,0.12705183638232032,-,-0.01851242089436285,0.5414273760865053
36,1343.2764145578508,,,mixed ring-site C-H in-plane bending / cyclic-ring out-of-plane deformation / C-N out-of-plane bending,"gamma(H15;C6,O5,C7)",oop,0.0925444938806671,-,-0.024562442766384033,0.22402328903471713
36,1343.2764145578508,,,mixed ring-site C-H in-plane bending / cyclic-ring out-of-plane deformation / C-N out-of-plane bending,nu(C2-C3),bond,0.09101110886165716,+,0.022786643694720894,0.25598786529004025
36,1343.2764145578508,,,mixed ring-site C-H in-plane bending / cyclic-ring out-of-plane deformation / C-N out-of-plane bending,tau(C2-C3-C4-O5),dihedral,0.09055063078508753,+,0.029215628623243603,0.15493398999329233
36,1343.2764145578508,,,mixed ring-site C-H in-plane bending / cyclic-ring out-of-plane deformation / C-N out-of-plane bending,nu(C3-N9),bond,0.07778965667286457,-,-0.018989270010322107,0.31505836222860206
36,1343.2764145578508,,,mixed ring-site C-H in-plane bending / cyclic-ring out-of-plane deformation / C-N out-of-plane bending,delta(C3-N9-C8),angle,0.07421637865882826,+,0.01985340271504562,0.27498914531836777
36,1343.2764145578508,,,mixed ring-site C-H in-plane bending / cyclic-ring out-of-plane deformation / C-N out-of-plane bending,nu(C6-C7),bond,0.07383528502288528,-,-0.018570331216318074,0.31268737896018667
36,1343.2764145578508,,,mixed ring-site C-H in-plane bending / cyclic-ring out-of-plane deformation / C-N out-of-plane bending,delta(H12-C4-H13),angle,0.06762743181397303,+,0.018645319540024265,0.284098492946767
36,1343.2764145578508,,,mixed ring-site C-H in-plane bending / cyclic-ring out-of-plane deformation / C-N out-of-plane bending,"gamma(N9;C3,C2,C4)",oop,0.046850019080691634,+,0.012442191598264356,0.44197906466807035
36,1343.2764145578508,,,mixed ring-site C-H in-plane bending / cyclic-ring out-of-plane deformation / C-N out-of-plane bending,nu(C4-O5),bond,0.028504448462963353,+,0.011207389316182786,0.3314281718002575
36,1343.2764145578508,,,mixed ring-site C-H in-plane bending / cyclic-ring out-of-plane deformation / C-N out-of-plane bending,tau(H17-C8-N9-C3),dihedral,0.027090415218720403,-,-0.0165290306723141,0.14481267848705123
36,1343.2764145578508,,,mixed ring-site C-H in-plane bending / cyclic-ring out-of-plane deformation / C-N out-of-plane bending,tau(C4-O5-C6-H14),dihedral,0.010554041237727001,-,-0.011461177139196671,0.11733998626181286
36,1343.2764145578508,,,mixed ring-site C-H in-plane bending / cyclic-ring out-of-plane deformation / C-N out-of-plane bending,"gamma(N9;C8,C7,H18)",oop,0.00998327382411397,-,-0.0049614750789426605,0.5922936146637127
36,1343.2764145578508,,,mixed ring-site C-H in-plane bending / cyclic-ring out-of-plane deformation / C-N out-of-plane bending,nu(C7-H16),bond,0.00808542424433265,-,-0.00584826182872233,0.34525095819208307
36,1343.2764145578508,,,mixed ring-site C-H in-plane bending / cyclic-ring out-of-plane deformation / C-N out-of-plane bending,delta(N9-C8-H17),angle,0.00567418208359635,-,-0.006125517363535608,0.22085305625644952
36,1343.2764145578508,,,mixed ring-site C-H in-plane bending / cyclic-ring out-of-plane deformation / C-N out-of-plane bending,nu(C4-H12),bond,0.0030670512573123705,-,-0.00360558703233363,0.3445519910153448
36,1343.2764145578508,,,mixed ring-site C-H in-plane bending / cyclic-ring out-of-plane deformation / C-N out-of-plane bending,nu(C6-H14),bond,0.002435602054527659,-,-0.0032309310537733905,0.3407506136937907
36,1343.2764145578508,,,mixed ring-site C-H in-plane bending / cyclic-ring out-of-plane deformation / C-N out-of-plane bending,nu(C3-H11),bond,0.0022219512789352705,+,0.003197807771419049,0.3173332068895945
36,1343.2764145578508,,,mixed ring-site C-H in-plane bending / cyclic-ring out-of-plane deformation / C-N out-of-plane bending,nu(O1-C2),bond,0.0011701178850780556,-,-0.0014136024859078267,0.8551862569590472
36,1343.2764145578508,,,mixed ring-site C-H in-plane bending / cyclic-ring out-of-plane deformation / C-N out-of-plane bending,nu(C8-H18),bond,0.0010886083186897742,-,-0.0021467103930161496,0.3449931141630818
36,1343.2764145578508,,,mixed ring-site C-H in-plane bending / cyclic-ring out-of-plane deformation / C-N out-of-plane bending,nu(C3-C4),bond,0.0004676164298863167,-,-0.001528596483928482,0.2922737052353564
36,1343.2764145578508,,,mixed ring-site C-H in-plane bending / cyclic-ring out-of-plane deformation / C-N out-of-plane bending,nu(C4-H13),bond,0.000270072527588152,-,-0.0011127406459378328,0.3185504336763951
36,1343.2764145578508,,,mixed ring-site C-H in-plane bending / cyclic-ring out-of-plane deformation / C-N out-of-plane bending,tau(H10-C2-C3-C4),dihedral,0.00024941888998837223,+,0.006355805260378807,0.00901724508707496
36,1343.2764145578508,,,mixed ring-site C-H in-plane bending / cyclic-ring out-of-plane deformation / C-N out-of-plane bending,nu(C2-H10),bond,0.00020632526542385102,-,-0.0010013616667974325,0.3005081011048296
36,1343.2764145578508,,,mixed ring-site C-H in-plane bending / cyclic-ring out-of-plane deformation / C-N out-of-plane bending,nu(C6-H15),bond,6.243313272995309e-05,-,-0.0005383032505970225,0.3146638256816722
36,1343.2764145578508,,,mixed ring-site C-H in-plane bending / cyclic-ring out-of-plane deformation / C-N out-of-plane bending,nu(C8-H17),bond,4.037549447978051e-06,+,0.00012963548079509014,0.3508777138495141
37,1386.5194241407705,,,mixed ring-site C-H in-plane bending / ring-site C-H out-of-plane bending,delta(O5-C4-H13),angle,13.53598952709624,+,0.24251768294807782,0.33003864165600133
37,1386.5194241407705,,,mixed ring-site C-H in-plane bending / ring-site C-H out-of-plane bending,delta(O5-C6-H14),angle,12.671009388171877,-,-0.22318140776773795,0.3648016460119256
37,1386.5194241407705,,,mixed ring-site C-H in-plane bending / ring-site C-H out-of-plane bending,"gamma(H15;C6,C7,H14)",oop,12.412441970159175,-,-0.27772573689446706,0.23077384044063307
37,1386.5194241407705,,,mixed ring-site C-H in-plane bending / ring-site C-H out-of-plane bending,"gamma(H15;C6,O5,H14)",oop,9.51216146296029,-,-0.2616908312562077,0.1991882893990281
37,1386.5194241407705,,,mixed ring-site C-H in-plane bending / ring-site C-H out-of-plane bending,delta(O5-C4-H12),angle,8.925527137698076,+,0.1906487275643795,0.3521499690707172
37,1386.5194241407705,,,mixed ring-site C-H in-plane bending / ring-site C-H out-of-plane bending,delta(C6-C7-H16),angle,8.17598032300577,+,0.14986661112185803,0.522025437102308
37,1386.5194241407705,,,mixed ring-site C-H in-plane bending / ring-site C-H out-of-plane bending,delta(C3-C4-H12),angle,8.133015503306096,-,-0.19285778478951623,0.313573139325566
37,1386.5194241407705,,,mixed ring-site C-H in-plane bending / ring-site C-H out-of-plane bending,delta(N9-C7-H16),angle,4.203010285597554,-,-0.11884737265770177,0.4267198877605949
37,1386.5194241407705,,,mixed ring-site C-H in-plane bending / ring-site C-H out-of-plane bending,delta(C2-C3-H11),angle,3.5128883477224013,+,0.0956920344461525,0.5501414560655805
37,1386.5194241407705,,,mixed ring-site C-H in-plane bending / ring-site C-H out-of-plane bending,delta(C4-C3-H11),angle,3.1688549055550457,-,-0.09592929444746233,0.4938117910383473
37,1386.5194241407705,,,mixed ring-site C-H in-plane bending / ring-site C-H out-of-plane bending,"gamma(N9;C3,C4,H11)",oop,2.7647769273131924,-,-0.0825950112140444,0.5811845564107604
37,1386.5194241407705,,,mixed ring-site C-H in-plane bending / ring-site C-H out-of-plane bending,nu(C6-C7),bond,2.750343229256914,-,-0.11231016683593645,0.31268737896018667
37,1386.5194241407705,,,mixed ring-site C-H in-plane bending / ring-site C-H out-of-plane bending,delta(O1-C2-H10),angle,2.4151145287321665,-,-0.1091415610298988,0.29074952250985897
37,1386.5194241407705,,,mixed ring-site C-H in-plane bending / ring-site C-H out-of-plane bending,nu(C3-C4),bond,1.7682881133645258,+,0.09314562091294312,0.2922737052353564
37,1386.5194241407705,,,mixed ring-site C-H in-plane bending / ring-site C-H out-of-plane bending,"gamma(C8;C7,N9,H16)",oop,1.3798014230229134,+,0.053245840269623285,0.6979218906199945
37,1386.5194241407705,,,mixed ring-site C-H in-plane bending / ring-site C-H out-of-plane bending,nu(C2-C3),bond,1.1024342505899376,-,-0.07858641192058197,0.25598786529004025
37,1386.5194241407705,,,mixed ring-site C-H in-plane bending / ring-site C-H out-of-plane bending,tau(C4-O5-C6-H14),dihedral,0.9228895946027335,+,0.10620199111358872,0.11733998626181286
37,1386.5194241407705,,,mixed ring-site C-H in-plane bending / ring-site C-H out-of-plane bending,nu(C7-C8),bond,0.5222237139946778,+,0.04419313905088678,0.3834497769963347
37,1386.5194241407705,,,mixed ring-site C-H in-plane bending / ring-site C-H out-of-plane bending,"gamma(N9;C3,C2,H11)",oop,0.52019680058555,-,-0.04828913695564704,0.319911897315103
37,1386.5194241407705,,,mixed ring-site C-H in-plane bending / ring-site C-H out-of-plane bending,tau(H17-C8-N9-C3),dihedral,0.35648207286070976,-,-0.059415034681998005,0.14481267848705123
37,1386.5194241407705,,,mixed ring-site C-H in-plane bending / ring-site C-H out-of-plane bending,"gamma(N9;C7,C6,C8)",oop,0.26470223843878377,+,0.016259143539639025,1.4358989750573936
37,1386.5194241407705,,,mixed ring-site C-H in-plane bending / ring-site C-H out-of-plane bending,"gamma(H15;C6,O5,C7)",oop,0.2185373183712033,-,-0.03740218906354398,0.22402328903471713
37,1386.5194241407705,,,mixed ring-site C-H in-plane bending / ring-site C-H out-of-plane bending,nu(C3-N9),bond,0.11751721990845146,+,0.02312789195583455,0.31505836222860206
37,1386.5194241407705,,,mixed ring-site C-H in-plane bending / ring-site C-H out-of-plane bending,delta(H12-C4-H13),angle,0.11324880443864593,+,0.02390909562045554,0.284098492946767
37,1386.5194241407705,,,mixed ring-site C-H in-plane bending / ring-site C-H out-of-plane bending,nu(C7-N9),bond,0.1071756430718251,+,0.020053196693084963,0.38219981510192685
37,1386.5194241407705,,,mixed ring-site C-H in-plane bending / ring-site C-H out-of-plane bending,delta(O1-C2-C3),angle,0.09891904859872698,+,0.019770899522369854,0.3629014258602332
37,1386.5194241407705,,,mixed ring-site C-H in-plane bending / ring-site C-H out-of-plane bending,delta(C4-O5-C6),angle,0.08381113673490412,-,-0.01489915234575137,0.5414273760865053
37,1386.5194241407705,,,mixed ring-site C-H in-plane bending / ring-site C-H out-of-plane bending,"gamma(N9;C8,C7,H18)",oop,0.045601303260459435,+,0.010507536395539353,0.5922936146637127
37,1386.5194241407705,,,mixed ring-site C-H in-plane bending / ring-site C-H out-of-plane bending,nu(C4-O5),bond,0.038243371880270605,-,-0.012863648920233941,0.3314281718002575
37,1386.5194241407705,,,mixed ring-site C-H in-plane bending / ring-site C-H out-of-plane bending,"gamma(O1;C2,C3,H10)",oop,0.03704567516314396,+,0.02208071227633453,0.10896147127568684
37,1386.5194241407705,,,mixed ring-site C-H in-plane bending / ring-site C-H out-of-plane bending,delta(C7-C8-H18),angle,0.03337804109860845,-,-0.015084620855245237,0.21035539225769873
37,1386.5194241407705,,,mixed ring-site C-H in-plane bending / ring-site C-H out-of-plane bending,delta(C3-N9-C8),angle,0.010276468530198193,-,-0.007320571279233961,0.27498914531836777
37,1386.5194241407705,,,mixed ring-site C-H in-plane bending / ring-site C-H out-of-plane bending,delta(N9-C8-H17),angle,0.010035719432161534,-,-0.00807241256600033,0.22085305625644952
37,1386.5194241407705,,,mixed ring-site C-H in-plane bending / ring-site C-H out-of-plane bending,nu(C6-H15),bond,0.009834614555976739,-,-0.006694776198021388,0.3146638256816722
37,1386.5194241407705,,,mixed ring-site C-H in-plane bending / ring-site C-H out-of-plane bending,tau(C2-C3-C4-O5),dihedral,0.009270370951131037,-,-0.009263092579130069,0.15493398999329233
37,1386.5194241407705,,,mixed ring-site C-H in-plane bending / ring-site C-H out-of-plane bending,nu(O1-C2),bond,0.008741265391077667,-,-0.003828578863326002,0.8551862569590472
37,1386.5194241407705,,,mixed ring-site C-H in-plane bending / ring-site C-H out-of-plane bending,nu(O5-C6),bond,0.007643255111693138,+,0.005652644366528365,0.34303357664828
37,1386.5194241407705,,,mixed ring-site C-H in-plane bending / ring-site C-H out-of-plane bending,nu(C7-H16),bond,0.007215561687557126,-,-0.005474550000049303,0.34525095819208307
37,1386.5194241407705,,,mixed ring-site C-H in-plane bending / ring-site C-H out-of-plane bending,nu(C2-H10),bond,0.006320902206842559,-,-0.0054921481586450065,0.3005081011048296
37,1386.5194241407705,,,mixed ring-site C-H in-plane bending / ring-site C-H out-of-plane bending,"gamma(N9;C3,C2,C4)",oop,0.006092655193036841,+,0.0044461412106195424,0.44197906466807035
37,1386.5194241407705,,,mixed ring-site C-H in-plane bending / ring-site C-H out-of-plane bending,nu(C4-H13),bond,0.005454447721997505,+,0.00495526736830003,0.3185504336763951
37,1386.5194241407705,,,mixed ring-site C-H in-plane bending / ring-site C-H out-of-plane bending,"gamma(C8;C7,C6,N9)",oop,0.0038758402496416803,-,-0.0025468911401659556,0.8568537564805015
37,1386.5194241407705,,,mixed ring-site C-H in-plane bending / ring-site C-H out-of-plane bending,tau(H10-C2-C3-C4),dihedral,0.0018126543474017347,-,-0.016978579889686065,0.00901724508707496
37,1386.5194241407705,,,mixed ring-site C-H in-plane bending / ring-site C-H out-of-plane bending,nu(C3-H11),bond,0.001117105226457035,-,-0.0022468293195142455,0.3173332068895945
37,1386.5194241407705,,,mixed ring-site C-H in-plane bending / ring-site C-H out-of-plane bending,nu(C8-H17),bond,0.00038119553395077945,+,0.0012481788246773062,0.3508777138495141
37,1386.5194241407705,,,mixed ring-site C-H in-plane bending / ring-site C-H out-of-plane bending,nu(C6-H14),bond,0.00031546612293281294,-,-0.0011522291065469063,0.3407506136937907
37,1386.5194241407705,,,mixed ring-site C-H in-plane bending / ring-site C-H out-of-plane bending,nu(C8-H18),bond,2.3439660879451044e-06,+,9.870774933042634e-05,0.3449931141630818
37,1386.5194241407705,,,mixed ring-site C-H in-plane bending / ring-site C-H out-of-plane bending,nu(C4-H12),bond,8.272109736755745e-07,+,5.867614357039101e-05,0.3445519910153448
38,1396.218206756593,,,ring-site C-H in-plane bending,delta(C6-C7-H16),angle,47.56750610665021,+,0.41557750135023025,0.522025437102308
38,1396.218206756593,,,ring-site C-H in-plane bending,delta(N9-C7-H16),angle,20.08828874540563,-,-0.2987051416001935,0.4267198877605949
38,1396.218206756593,,,ring-site C-H in-plane bending,nu(C7-C8),bond,7.026794524476202,+,0.18636615768577416,0.3834497769963347
38,1396.218206756593,,,ring-site C-H in-plane bending,nu(C7-N9),bond,5.63557909964749,+,0.16717322000868648,0.38219981510192685
38,1396.218206756593,,,ring-site C-H in-plane bending,"gamma(C8;C7,N9,H16)",oop,4.972331023334796,+,0.11620351780175031,0.6979218906199945
38,1396.218206756593,,,ring-site C-H in-plane bending,nu(C6-C7),bond,3.153870565389769,-,-0.13826409840264028,0.31268737896018667
38,1396.218206756593,,,ring-site C-H in-plane bending,delta(O5-C6-H14),angle,1.513077515208228,+,0.0886634984000881,0.3648016460119256
38,1396.218206756593,,,ring-site C-H in-plane bending,delta(C4-C3-H11),angle,1.5060728948019733,+,0.07602999073002575,0.4938117910383473
38,1396.218206756593,,,ring-site C-H in-plane bending,delta(O1-C2-H10),angle,1.1341869585898419,+,0.08598555299244671,0.29074952250985897
38,1396.218206756593,,,ring-site C-H in-plane bending,"gamma(N9;C3,C2,H11)",oop,1.0633268154534485,+,0.07937081805230815,0.319911897315103
38,1396.218206756593,,,ring-site C-H in-plane bending,"gamma(H15;C6,O5,H14)",oop,1.0314164652831463,+,0.09906672319399626,0.1991882893990281
38,1396.218206756593,,,ring-site C-H in-plane bending,"gamma(H15;C6,C7,H14)",oop,0.7459395418635947,+,0.07827105635026596,0.23077384044063307
38,1396.218206756593,,,ring-site C-H in-plane bending,"gamma(H15;C6,O5,C7)",oop,0.7247638653227679,-,-0.07830587572562271,0.22402328903471713
38,1396.218206756593,,,ring-site C-H in-plane bending,tau(C4-O5-C6-H14),dihedral,0.6115730878870842,-,-0.09939026205298652,0.11733998626181286
38,1396.218206756593,,,ring-site C-H in-plane bending,delta(N9-C8-H17),angle,0.4989339228609954,+,0.06543535739414626,0.22085305625644952
38,1396.218206756593,,,ring-site C-H in-plane bending,"gamma(N9;C7,C6,C8)",oop,0.3560014897777373,+,0.021677372177725515,1.4358989750573936
38,1396.218206756593,,,ring-site C-H in-plane bending,delta(O5-C4-H13),angle,0.34718606597824647,-,-0.04465205150394452,0.33003864165600133
38,1396.218206756593,,,ring-site C-H in-plane bending,nu(C2-C3),bond,0.2626171581061985,+,0.04409552609049172,0.25598786529004025
38,1396.218206756593,,,ring-site C-H in-plane bending,delta(O5-C4-H12),angle,0.26166467544728494,-,-0.03752765180232025,0.3521499690707172
38,1396.218206756593,,,ring-site C-H in-plane bending,delta(C2-C3-H11),angle,0.22273554505071938,-,-0.02770130616909295,0.5501414560655805
38,1396.218206756593,,,ring-site C-H in-plane bending,nu(C3-N9),bond,0.22005668759888805,-,-0.036384335637750106,0.31505836222860206
38,1396.218206756593,,,ring-site C-H in-plane bending,tau(H17-C8-N9-C3),dihedral,0.2136292113491655,-,-0.05287735153137327,0.14481267848705123
38,1396.218206756593,,,ring-site C-H in-plane bending,"gamma(N9;C8,C7,H18)",oop,0.16943590907381748,+,0.023285033781350932,0.5922936146637127
38,1396.218206756593,,,ring-site C-H in-plane bending,"gamma(C8;C7,C6,N9)",oop,0.1508257961489948,-,-0.01826531346297572,0.8568537564805015
38,1396.218206756593,,,ring-site C-H in-plane bending,delta(H12-C4-H13),angle,0.07030041723935644,+,0.021656444433576158,0.284098492946767
38,1396.218206756593,,,ring-site C-H in-plane bending,nu(C3-C4),bond,0.0695678452900031,-,-0.021239880676805076,0.2922737052353564
38,1396.218206756593,,,ring-site C-H in-plane bending,delta(C3-C4-H12),angle,0.06336950387918455,+,0.019571017066593255,0.313573139325566
38,1396.218206756593,,,ring-site C-H in-plane bending,delta(C4-O5-C6),angle,0.05720659953166667,-,-0.014151276939658623,0.5414273760865053
38,1396.218206756593,,,ring-site C-H in-plane bending,delta(O1-C2-C3),angle,0.05315496076194393,-,-0.016661735380220186,0.3629014258602332
38,1396.218206756593,,,ring-site C-H in-plane bending,"gamma(N9;C3,C2,C4)",oop,0.03742018971919534,+,0.012667613738515715,0.44197906466807035
38,1396.218206756593,,,ring-site C-H in-plane bending,"gamma(N9;C3,C4,H11)",oop,0.03583128302644196,+,0.010809779024038502,0.5811845564107604
38,1396.218206756593,,,ring-site C-H in-plane bending,delta(C7-C8-H18),angle,0.03296654362629593,-,-0.017234653344380173,0.21035539225769873
38,1396.218206756593,,,ring-site C-H in-plane bending,nu(O5-C6),bond,0.03289093901830884,-,-0.013480701415848784,0.34303357664828
38,1396.218206756593,,,ring-site C-H in-plane bending,nu(C8-H17),bond,0.01578338382551192,+,0.00923346773069379,0.3508777138495141
38,1396.218206756593,,,ring-site C-H in-plane bending,delta(C3-N9-C8),angle,0.014523834055786094,-,-0.010005194428508309,0.27498914531836777
38,1396.218206756593,,,ring-site C-H in-plane bending,nu(O1-C2),bond,0.009707436656003068,+,0.004638361521547885,0.8551862569590472
38,1396.218206756593,,,ring-site C-H in-plane bending,nu(C8-H18),bond,0.008944769319531625,+,0.007010064727835556,0.3449931141630818
38,1396.218206756593,,,ring-site C-H in-plane bending,nu(C7-H16),bond,0.008256944621964352,-,-0.006732632493116721,0.34525095819208307
38,1396.218206756593,,,ring-site C-H in-plane bending,nu(C2-H10),bond,0.0031662296345357907,+,0.004468747145127781,0.3005081011048296
38,1396.218206756593,,,ring-site C-H in-plane bending,nu(C6-H15),bond,0.0023324634634762026,-,-0.0037482339034646066,0.3146638256816722
38,1396.218206756593,,,ring-site C-H in-plane bending,tau(C2-C3-C4-O5),dihedral,0.0019224037903859215,+,0.004849440369802477,0.15493398999329233
38,1396.218206756593,,,ring-site C-H in-plane bending,nu(C3-H11),bond,0.0014042476175341338,+,0.0028960546747023074,0.3173332068895945
38,1396.218206756593,,,ring-site C-H in-plane bending,nu(C4-H13),bond,0.001151175250879416,-,-0.002617123944139171,0.3185504336763951
38,1396.218206756593,,,ring-site C-H in-plane bending,"gamma(O1;C2,C3,H10)",oop,0.0008539941495774849,-,-0.0038541945900776023,0.10896147127568684
38,1396.218206756593,,,ring-site C-H in-plane bending,nu(C6-H14),bond,0.0006992015036968006,-,-0.0019720845131713937,0.3407506136937907
38,1396.218206756593,,,ring-site C-H in-plane bending,nu(C4-H12),bond,0.0003956785060895375,-,-0.0014753209746934887,0.3445519910153448
38,1396.218206756593,,,ring-site C-H in-plane bending,nu(C4-O5),bond,0.00026190115228730666,-,-0.0012238175112550588,0.3314281718002575
38,1396.218206756593,,,ring-site C-H in-plane bending,tau(H10-C2-C3-C4),dihedral,7.43836541200483e-05,+,0.00395407121443626,0.00901724508707496
39,1410.6482981494426,,,mixed C-H bending / ring-site C-H in-plane bending,delta(O1-C2-H10),angle,69.13752500289841,-,-0.4660210764275721,0.29074952250985897
39,1410.6482981494426,,,mixed C-H bending / ring-site C-H in-plane bending,delta(C4-C3-H11),angle,6.565618977979243,+,0.11019585516718174,0.4938117910383473
39,1410.6482981494426,,,mixed C-H bending / ring-site C-H in-plane bending,"gamma(N9;C3,C2,H11)",oop,4.437157715695801,+,0.11254997078071288,0.319911897315103
39,1410.6482981494426,,,mixed C-H bending / ring-site C-H in-plane bending,"gamma(H15;C6,C7,H14)",oop,3.4823600386333533,+,0.11739556653583208,0.23077384044063307
39,1410.6482981494426,,,mixed C-H bending / ring-site C-H in-plane bending,"gamma(H15;C6,O5,H14)",oop,3.2157866825811774,+,0.12142828595598672,0.1991882893990281
39,1410.6482981494426,,,mixed C-H bending / ring-site C-H in-plane bending,delta(O5-C6-H14),angle,3.1630744239986988,+,0.08898861758346532,0.3648016460119256
39,1410.6482981494426,,,mixed C-H bending / ring-site C-H in-plane bending,nu(O1-C2),bond,2.0351174134539245,-,-0.04662002779899433,0.8551862569590472
39,1410.6482981494426,,,mixed C-H bending / ring-site C-H in-plane bending,nu(C3-C4),bond,1.3022726610528899,-,-0.06379170920125347,0.2922737052353564
39,1410.6482981494426,,,mixed C-H bending / ring-site C-H in-plane bending,"gamma(N9;C3,C4,H11)",oop,1.2932983355177388,-,-0.04508171987520173,0.5811845564107604
39,1410.6482981494426,,,mixed C-H bending / ring-site C-H in-plane bending,nu(C2-C3),bond,1.2765259745372741,-,-0.06748593794051551,0.25598786529004025
39,1410.6482981494426,,,mixed C-H bending / ring-site C-H in-plane bending,nu(C3-N9),bond,0.9451751899191908,+,0.052344228191940914,0.31505836222860206
39,1410.6482981494426,,,mixed C-H bending / ring-site C-H in-plane bending,delta(O1-C2-C3),angle,0.46748935252780766,+,0.034300438659691485,0.3629014258602332
39,1410.6482981494426,,,mixed C-H bending / ring-site C-H in-plane bending,delta(C6-C7-H16),angle,0.4493677237569378,+,0.028039047377897794,0.522025437102308
39,1410.6482981494426,,,mixed C-H bending / ring-site C-H in-plane bending,tau(C4-O5-C6-H14),dihedral,0.38240775167729085,-,-0.05455674817814776,0.11733998626181286
39,1410.6482981494426,,,mixed C-H bending / ring-site C-H in-plane bending,delta(O5-C4-H13),angle,0.3738876242454683,-,-0.03216594381912752,0.33003864165600133
39,1410.6482981494426,,,mixed C-H bending / ring-site C-H in-plane bending,delta(C3-C4-H12),angle,0.25171357359592644,-,-0.027076469760265037,0.313573139325566
39,1410.6482981494426,,,mixed C-H bending / ring-site C-H in-plane bending,nu(C6-C7),bond,0.21575656349992495,+,0.02510354076807647,0.31268737896018667
39,1410.6482981494426,,,mixed C-H bending / ring-site C-H in-plane bending,delta(N9-C7-H16),angle,0.18142666816265676,-,-0.019705491422829007,0.4267198877605949
39,1410.6482981494426,,,mixed C-H bending / ring-site C-H in-plane bending,nu(O5-C6),bond,0.17794395662374582,-,-0.02176614185408459,0.34303357664828
39,1410.6482981494426,,,mixed C-H bending / ring-site C-H in-plane bending,nu(C2-H10),bond,0.16346051003019088,-,-0.022288789477444167,0.3005081011048296
39,1410.6482981494426,,,mixed C-H bending / ring-site C-H in-plane bending,delta(C2-C3-H11),angle,0.12667945700357644,-,-0.014501871741656078,0.5501414560655805
39,1410.6482981494426,,,mixed C-H bending / ring-site C-H in-plane bending,delta(C3-N9-C8),angle,0.07139350935940517,-,-0.015398546862086287,0.27498914531836777
39,1410.6482981494426,,,mixed C-H bending / ring-site C-H in-plane bending,nu(C7-N9),bond,0.06936109893507655,+,0.012874219098964244,0.38219981510192685
39,1410.6482981494426,,,mixed C-H bending / ring-site C-H in-plane bending,delta(C7-C8-H18),angle,0.04871319508602842,+,0.014543021051606438,0.21035539225769873
39,1410.6482981494426,,,mixed C-H bending / ring-site C-H in-plane bending,"gamma(N9;C8,C7,H18)",oop,0.0433623388024389,+,0.008177037197262132,0.5922936146637127
39,1410.6482981494426,,,mixed C-H bending / ring-site C-H in-plane bending,nu(C7-C8),bond,0.03622997379138315,+,0.009289405363256934,0.3834497769963347
39,1410.6482981494426,,,mixed C-H bending / ring-site C-H in-plane bending,delta(N9-C8-H17),angle,0.027096828968743755,+,0.01058560484020103,0.22085305625644952
39,1410.6482981494426,,,mixed C-H bending / ring-site C-H in-plane bending,"gamma(N9;C7,C6,C8)",oop,0.017203274407241512,-,-0.003307895377140716,1.4358989750573936
39,1410.6482981494426,,,mixed C-H bending / ring-site C-H in-plane bending,nu(C4-O5),bond,0.009188495245669111,-,-0.005031942112874626,0.3314281718002575
39,1410.6482981494426,,,mixed C-H bending / ring-site C-H in-plane bending,"gamma(O1;C2,C3,H10)",oop,0.006342839562078923,-,-0.007291443809164132,0.10896147127568684
39,1410.6482981494426,,,mixed C-H bending / ring-site C-H in-plane bending,"gamma(C8;C7,N9,H16)",oop,0.005502826292666693,+,0.0026834755408030346,0.6979218906199945
39,1410.6482981494426,,,mixed C-H bending / ring-site C-H in-plane bending,nu(C4-H13),bond,0.005328418160537598,-,-0.0039085727428989055,0.3185504336763951
39,1410.6482981494426,,,mixed C-H bending / ring-site C-H in-plane bending,nu(C3-H11),bond,0.0046166793512665,-,-0.0036451486627186542,0.3173332068895945
39,1410.6482981494426,,,mixed C-H bending / ring-site C-H in-plane bending,tau(H10-C2-C3-C4),dihedral,0.0034435091018713906,+,0.018675482461977654,0.00901724508707496
39,1410.6482981494426,,,mixed C-H bending / ring-site C-H in-plane bending,tau(H17-C8-N9-C3),dihedral,0.0031487205320369143,+,0.004456274289050258,0.14481267848705123
39,1410.6482981494426,,,mixed C-H bending / ring-site C-H in-plane bending,nu(C8-H18),bond,0.0016585935429659499,+,0.0020954288605272747,0.3449931141630818
39,1410.6482981494426,,,mixed C-H bending / ring-site C-H in-plane bending,delta(O5-C4-H12),angle,0.0008300225292584324,-,-0.0014671998113794421,0.3521499690707172
39,1410.6482981494426,,,mixed C-H bending / ring-site C-H in-plane bending,nu(C8-H17),bond,0.000585946631864231,+,0.0012349781909400236,0.3508777138495141
39,1410.6482981494426,,,mixed C-H bending / ring-site C-H in-plane bending,nu(C7-H16),bond,0.0005038246144333922,+,0.001154463997585673,0.34525095819208307
39,1410.6482981494426,,,mixed C-H bending / ring-site C-H in-plane bending,"gamma(H15;C6,O5,C7)",oop,0.0003627092488819198,-,-0.0012160204537701234,0.22402328903471713
39,1410.6482981494426,,,mixed C-H bending / ring-site C-H in-plane bending,"gamma(N9;C3,C2,C4)",oop,0.0003617565146315863,-,-0.0008646004965961406,0.44197906466807035
39,1410.6482981494426,,,mixed C-H bending / ring-site C-H in-plane bending,nu(C4-H12),bond,0.0002851856496923924,-,-0.0008694499798857754,0.3445519910153448
39,1410.6482981494426,,,mixed C-H bending / ring-site C-H in-plane bending,nu(C6-H15),bond,0.00015614982120036616,+,0.0006732176381735514,0.3146638256816722
39,1410.6482981494426,,,mixed C-H bending / ring-site C-H in-plane bending,delta(C4-O5-C6),angle,0.00011673606843635324,+,0.00044375225726455455,0.5414273760865053
39,1410.6482981494426,,,mixed C-H bending / ring-site C-H in-plane bending,nu(C6-H14),bond,0.00010647736472173699,-,-0.0005342179459338689,0.3407506136937907
39,1410.6482981494426,,,mixed C-H bending / ring-site C-H in-plane bending,delta(H12-C4-H13),angle,3.3554587700483864e-05,+,0.0003284351557973856,0.284098492946767
39,1410.6482981494426,,,mixed C-H bending / ring-site C-H in-plane bending,tau(C2-C3-C4-O5),dihedral,2.0273089883823275e-05,-,-0.0003456963306275605,0.15493398999329233
39,1410.6482981494426,,,mixed C-H bending / ring-site C-H in-plane bending,"gamma(C8;C7,C6,N9)",oop,1.4653486512229153e-06,-,-3.952075943477856e-05,0.8568537564805015
40,1421.4223627200859,,,mixed ring-site C-H in-plane bending / ring-site C-H out-of-plane bending,"gamma(H15;C6,O5,H14)",oop,17.746776677673996,+,0.36398547829179795,0.1991882893990281
40,1421.4223627200859,,,mixed ring-site C-H in-plane bending / ring-site C-H out-of-plane bending,"gamma(H15;C6,C7,H14)",oop,16.158126129621248,+,0.3226698775595171,0.23077384044063307
40,1421.4223627200859,,,mixed ring-site C-H in-plane bending / ring-site C-H out-of-plane bending,delta(O5-C6-H14),angle,14.372395479135564,+,0.242042929663772,0.3648016460119256
40,1421.4223627200859,,,mixed ring-site C-H in-plane bending / ring-site C-H out-of-plane bending,delta(O5-C4-H13),angle,10.07571853982736,+,0.21306486251238524,0.33003864165600133
40,1421.4223627200859,,,mixed ring-site C-H in-plane bending / ring-site C-H out-of-plane bending,delta(O5-C4-H12),angle,9.206489286440862,+,0.1971693545892872,0.3521499690707172
40,1421.4223627200859,,,mixed ring-site C-H in-plane bending / ring-site C-H out-of-plane bending,delta(C3-C4-H12),angle,7.5682785011691305,-,-0.1894459571202626,0.313573139325566
40,1421.4223627200859,,,mixed ring-site C-H in-plane bending / ring-site C-H out-of-plane bending,delta(C4-C3-H11),angle,4.399400561382849,-,-0.11509918307377619,0.4938117910383473
40,1421.4223627200859,,,mixed ring-site C-H in-plane bending / ring-site C-H out-of-plane bending,delta(C2-C3-H11),angle,3.3596214810941403,+,0.09529370323204946,0.5501414560655805
40,1421.4223627200859,,,mixed ring-site C-H in-plane bending / ring-site C-H out-of-plane bending,nu(C3-C4),bond,2.945180285702233,+,0.12241010932537552,0.2922737052353564
40,1421.4223627200859,,,mixed ring-site C-H in-plane bending / ring-site C-H out-of-plane bending,nu(C6-C7),bond,2.687869299847778,+,0.1130589931371791,0.31268737896018667
40,1421.4223627200859,,,mixed ring-site C-H in-plane bending / ring-site C-H out-of-plane bending,"gamma(N9;C3,C4,H11)",oop,2.501355367454495,-,-0.07999942794974464,0.5811845564107604
40,1421.4223627200859,,,mixed ring-site C-H in-plane bending / ring-site C-H out-of-plane bending,nu(C4-O5),bond,2.015766185373732,-,-0.09510023349969988,0.3314281718002575
40,1421.4223627200859,,,mixed ring-site C-H in-plane bending / ring-site C-H out-of-plane bending,"gamma(N9;C3,C2,H11)",oop,1.1641549567174394,-,-0.07356079532924663,0.319911897315103
40,1421.4223627200859,,,mixed ring-site C-H in-plane bending / ring-site C-H out-of-plane bending,nu(O5-C6),bond,1.0597021253539611,-,-0.06777660378226527,0.34303357664828
40,1421.4223627200859,,,mixed ring-site C-H in-plane bending / ring-site C-H out-of-plane bending,tau(C4-O5-C6-H14),dihedral,0.8470194549615271,-,-0.10360480373930799,0.11733998626181286
40,1421.4223627200859,,,mixed ring-site C-H in-plane bending / ring-site C-H out-of-plane bending,delta(O1-C2-H10),angle,0.5925431140701698,+,0.05504991956686013,0.29074952250985897
40,1421.4223627200859,,,mixed ring-site C-H in-plane bending / ring-site C-H out-of-plane bending,delta(C4-O5-C6),angle,0.49965777883195095,+,0.037044389082986184,0.5414273760865053
40,1421.4223627200859,,,mixed ring-site C-H in-plane bending / ring-site C-H out-of-plane bending,nu(C2-C3),bond,0.4740414882407764,-,-0.052475272576646706,0.25598786529004025
40,1421.4223627200859,,,mixed ring-site C-H in-plane bending / ring-site C-H out-of-plane bending,"gamma(N9;C7,C6,C8)",oop,0.37159768870115145,-,-0.01961691793852376,1.4358989750573936
40,1421.4223627200859,,,mixed ring-site C-H in-plane bending / ring-site C-H out-of-plane bending,delta(C6-C7-H16),angle,0.33640810541730165,-,-0.03095591238457724,0.522025437102308
40,1421.4223627200859,,,mixed ring-site C-H in-plane bending / ring-site C-H out-of-plane bending,delta(N9-C7-H16),angle,0.33222516704558847,+,0.034025227544610855,0.4267198877605949
40,1421.4223627200859,,,mixed ring-site C-H in-plane bending / ring-site C-H out-of-plane bending,"gamma(C8;C7,N9,H16)",oop,0.23572247567358715,-,-0.02241059064013401,0.6979218906199945
40,1421.4223627200859,,,mixed ring-site C-H in-plane bending / ring-site C-H out-of-plane bending,delta(H12-C4-H13),angle,0.20064103777618209,+,0.03240646309228755,0.284098492946767
40,1421.4223627200859,,,mixed ring-site C-H in-plane bending / ring-site C-H out-of-plane bending,delta(C7-C8-H18),angle,0.1897983177212659,+,0.036629042894004676,0.21035539225769873
40,1421.4223627200859,,,mixed ring-site C-H in-plane bending / ring-site C-H out-of-plane bending,"gamma(H15;C6,O5,C7)",oop,0.17182919429583352,+,0.033772103250765004,0.22402328903471713
40,1421.4223627200859,,,mixed ring-site C-H in-plane bending / ring-site C-H out-of-plane bending,nu(C7-C8),bond,0.12430679016452359,-,-0.021955806643045254,0.3834497769963347
40,1421.4223627200859,,,mixed ring-site C-H in-plane bending / ring-site C-H out-of-plane bending,delta(N9-C8-H17),angle,0.12047533341526667,+,0.028480891394358512,0.22085305625644952
40,1421.4223627200859,,,mixed ring-site C-H in-plane bending / ring-site C-H out-of-plane bending,nu(O1-C2),bond,0.08696831138408259,+,0.01229720402062005,0.8551862569590472
40,1421.4223627200859,,,mixed ring-site C-H in-plane bending / ring-site C-H out-of-plane bending,tau(H17-C8-N9-C3),dihedral,0.06700453038286514,-,-0.02623040563465655,0.14481267848705123
40,1421.4223627200859,,,mixed ring-site C-H in-plane bending / ring-site C-H out-of-plane bending,"gamma(O1;C2,C3,H10)",oop,0.03735401624147139,+,0.022578151785136273,0.10896147127568684
40,1421.4223627200859,,,mixed ring-site C-H in-plane bending / ring-site C-H out-of-plane bending,nu(C3-N9),bond,0.010282089837198973,-,-0.006966287719180353,0.31505836222860206
40,1421.4223627200859,,,mixed ring-site C-H in-plane bending / ring-site C-H out-of-plane bending,delta(O1-C2-C3),angle,0.008936552932441753,+,0.006051275068957954,0.3629014258602332
40,1421.4223627200859,,,mixed ring-site C-H in-plane bending / ring-site C-H out-of-plane bending,nu(C7-H16),bond,0.008621551815703675,+,0.006093705914553455,0.34525095819208307
40,1421.4223627200859,,,mixed ring-site C-H in-plane bending / ring-site C-H out-of-plane bending,nu(C7-N9),bond,0.004923680297919922,-,-0.004376791946449082,0.38219981510192685
40,1421.4223627200859,,,mixed ring-site C-H in-plane bending / ring-site C-H out-of-plane bending,delta(C3-N9-C8),angle,0.004266638634818049,+,0.00480331834892347,0.27498914531836777
40,1421.4223627200859,,,mixed ring-site C-H in-plane bending / ring-site C-H out-of-plane bending,tau(C2-C3-C4-O5),dihedral,0.003294715953181807,-,-0.0056233077596078195,0.15493398999329233
40,1421.4223627200859,,,mixed ring-site C-H in-plane bending / ring-site C-H out-of-plane bending,tau(H10-C2-C3-C4),dihedral,0.0029020471071088518,-,-0.021876181001072328,0.00901724508707496
40,1421.4223627200859,,,mixed ring-site C-H in-plane bending / ring-site C-H out-of-plane bending,"gamma(C8;C7,C6,N9)",oop,0.002422054169027681,-,-0.0020501932035519818,0.8568537564805015
40,1421.4223627200859,,,mixed ring-site C-H in-plane bending / ring-site C-H out-of-plane bending,nu(C8-H18),bond,0.0022495761986867386,+,0.003113876305314767,0.3449931141630818
40,1421.4223627200859,,,mixed ring-site C-H in-plane bending / ring-site C-H out-of-plane bending,nu(C8-H17),bond,0.0009957342964370167,+,0.0020542346795525994,0.3508777138495141
40,1421.4223627200859,,,mixed ring-site C-H in-plane bending / ring-site C-H out-of-plane bending,"gamma(N9;C8,C7,H18)",oop,0.000793813146547072,-,-0.0014117143661355575,0.5922936146637127
40,1421.4223627200859,,,mixed ring-site C-H in-plane bending / ring-site C-H out-of-plane bending,nu(C2-H10),bond,0.0005498098120462072,+,0.0016494318143611998,0.3005081011048296
40,1421.4223627200859,,,mixed ring-site C-H in-plane bending / ring-site C-H out-of-plane bending,nu(C6-H14),bond,0.000439667299773397,-,-0.001385160108831134,0.3407506136937907
40,1421.4223627200859,,,mixed ring-site C-H in-plane bending / ring-site C-H out-of-plane bending,"gamma(N9;C3,C2,C4)",oop,0.0003412217850558581,+,0.0010714545220484393,0.44197906466807035
40,1421.4223627200859,,,mixed ring-site C-H in-plane bending / ring-site C-H out-of-plane bending,nu(C4-H12),bond,0.0002817765193803976,+,0.0011027605828508784,0.3445519910153448
40,1421.4223627200859,,,mixed ring-site C-H in-plane bending / ring-site C-H out-of-plane bending,nu(C6-H15),bond,0.00014879642330481712,-,-0.0008385501728572559,0.3146638256816722
40,1421.4223627200859,,,mixed ring-site C-H in-plane bending / ring-site C-H out-of-plane bending,nu(C4-H13),bond,9.650956447483285e-05,+,0.000671200534416859,0.3185504336763951
40,1421.4223627200859,,,mixed ring-site C-H in-plane bending / ring-site C-H out-of-plane bending,nu(C3-H11),bond,2.608308855282114e-05,+,0.00034960526439636777,0.3173332068895945
41,1497.752464522303,,,C-H bending,delta(H12-C4-H13),angle,75.92426702697108,+,0.6499373466400179,0.284098492946767
41,1497.752464522303,,,C-H bending,delta(O5-C4-H12),angle,5.376642282883914,-,-0.15534861952239876,0.3521499690707172
41,1497.752464522303,,,C-H bending,delta(O5-C4-H13),angle,5.212064476389314,-,-0.15799311012477488,0.33003864165600133
41,1497.752464522303,,,C-H bending,delta(C3-C4-H12),angle,4.864415968417203,-,-0.15658911869037834,0.313573139325566
41,1497.752464522303,,,C-H bending,delta(C7-C8-H18),angle,1.9812166386010386,+,0.12201263681684804,0.21035539225769873
41,1497.752464522303,,,C-H bending,delta(N9-C8-H17),angle,1.5490608242317145,+,0.10529268067941792,0.22085305625644952
41,1497.752464522303,,,C-H bending,nu(C7-C8),bond,0.8739727620429221,-,-0.06002198558280359,0.3834497769963347
41,1497.752464522303,,,C-H bending,tau(H17-C8-N9-C3),dihedral,0.6744952086394471,-,-0.08580286617450487,0.14481267848705123
41,1497.752464522303,,,C-H bending,"gamma(H15;C6,O5,H14)",oop,0.6053382227013192,-,-0.06930790983716655,0.1991882893990281
41,1497.752464522303,,,C-H bending,"gamma(N9;C8,C7,H18)",oop,0.5569699726694257,+,0.03855342979042972,0.5922936146637127
41,1497.752464522303,,,C-H bending,delta(C6-C7-H16),angle,0.4438154699565555,-,-0.036658191815503935,0.522025437102308
41,1497.752464522303,,,C-H bending,nu(C7-N9),bond,0.32047492918206727,-,-0.036405537535486095,0.38219981510192685
41,1497.752464522303,,,C-H bending,tau(C4-O5-C6-H14),dihedral,0.2746163295335387,+,0.06082131653665671,0.11733998626181286
41,1497.752464522303,,,C-H bending,nu(C3-C4),bond,0.22007388730370828,+,0.034498883399551525,0.2922737052353564
41,1497.752464522303,,,C-H bending,nu(C4-O5),bond,0.2111480809462911,+,0.03173324704765083,0.3314281718002575
41,1497.752464522303,,,C-H bending,delta(C4-C3-H11),angle,0.14590551949485384,+,0.02161079715144728,0.4938117910383473
41,1497.752464522303,,,C-H bending,delta(N9-C7-H16),angle,0.12794027902101404,+,0.02176947014798279,0.4267198877605949
41,1497.752464522303,,,C-H bending,nu(C4-H13),bond,0.1105421402220142,-,-0.023420193995387546,0.3185504336763951
41,1497.752464522303,,,C-H bending,"gamma(N9;C3,C4,H11)",oop,0.0775938496499616,+,0.014526877384543366,0.5811845564107604
41,1497.752464522303,,,C-H bending,"gamma(H15;C6,O5,C7)",oop,0.07333456753214679,-,-0.022746963834344856,0.22402328903471713
41,1497.752464522303,,,C-H bending,nu(C3-N9),bond,0.07118674609933023,+,0.018898168614821673,0.31505836222860206
41,1497.752464522303,,,C-H bending,nu(O5-C6),bond,0.05856770281098024,+,0.016427687522350815,0.34303357664828
41,1497.752464522303,,,C-H bending,"gamma(C8;C7,N9,H16)",oop,0.04589300526524844,-,-0.010194959219416412,0.6979218906199945
41,1497.752464522303,,,C-H bending,nu(C4-H12),bond,0.0396149167395232,-,-0.013480861470102102,0.3445519910153448
41,1497.752464522303,,,C-H bending,delta(C4-O5-C6),angle,0.02881575048740928,+,0.009171925447852928,0.5414273760865053
41,1497.752464522303,,,C-H bending,"gamma(N9;C3,C2,H11)",oop,0.024276548432137595,+,0.010952012438387029,0.319911897315103
41,1497.752464522303,,,C-H bending,"gamma(H15;C6,C7,H14)",oop,0.020288332748842678,+,0.011788147053564567,0.23077384044063307
41,1497.752464522303,,,C-H bending,delta(C2-C3-H11),angle,0.01871134008315907,-,-0.0073321427877263475,0.5501414560655805
41,1497.752464522303,,,C-H bending,"gamma(N9;C7,C6,C8)",oop,0.013128584502746756,+,0.0038015671245073867,1.4358989750573936
41,1497.752464522303,,,C-H bending,nu(C8-H18),bond,0.01269655190273179,+,0.007626992806897993,0.3449931141630818
41,1497.752464522303,,,C-H bending,nu(C6-C7),bond,0.011234303222667831,+,0.007535872618965101,0.31268737896018667
41,1497.752464522303,,,C-H bending,nu(C8-H17),bond,0.009729299506136173,+,0.006620313386574702,0.3508777138495141
41,1497.752464522303,,,C-H bending,delta(O1-C2-H10),angle,0.005528053293841006,+,0.00548204075166361,0.29074952250985897
41,1497.752464522303,,,C-H bending,nu(C6-H15),bond,0.005519757976563846,+,0.0052656533206687246,0.3146638256816722
41,1497.752464522303,,,C-H bending,nu(O1-C2),bond,0.005487723370328644,+,0.003184794415464236,0.8551862569590472
41,1497.752464522303,,,C-H bending,delta(O1-C2-C3),angle,0.0027951511652703227,-,-0.003489184759262397,0.3629014258602332
41,1497.752464522303,,,C-H bending,nu(C3-H11),bond,0.0008121198738986836,-,-0.0020112588264616527,0.3173332068895945
41,1497.752464522303,,,C-H bending,nu(C6-H14),bond,0.000519521593483294,+,0.0015523839087815522,0.3407506136937907
41,1497.752464522303,,,C-H bending,delta(O5-C6-H14),angle,0.0004961390973279869,+,0.0014661857206292434,0.3648016460119256
41,1497.752464522303,,,C-H bending,nu(C2-H10),bond,0.00036379122153424204,+,0.001383291376449096,0.3005081011048296
41,1497.752464522303,,,C-H bending,delta(C3-N9-C8),angle,0.00033328373929531667,-,-0.0013840919446570857,0.27498914531836777
41,1497.752464522303,,,C-H bending,tau(C2-C3-C4-O5),dihedral,5.6090583916357656e-05,-,-0.0007564622880107215,0.15493398999329233
41,1497.752464522303,,,C-H bending,"gamma(C8;C7,C6,N9)",oop,3.9446327195948966e-05,-,-0.0002697525680897921,0.8568537564805015
41,1497.752464522303,,,C-H bending,tau(H10-C2-C3-C4),dihedral,7.70069588988739e-06,-,-0.0011618329888471988,0.00901724508707496
41,1497.752464522303,,,C-H bending,nu(C7-H16),bond,6.247941499173993e-06,-,-0.00016912845634748668,0.34525095819208307
41,1497.752464522303,,,C-H bending,"gamma(O1;C2,C3,H10)",oop,2.703421566542935e-06,-,-0.0001980323137746723,0.10896147127568684
41,1497.752464522303,,,C-H bending,"gamma(N9;C3,C2,C4)",oop,7.202249866977524e-07,+,5.075150166588826e-05,0.44197906466807035
41,1497.752464522303,,,C-H bending,nu(C2-C3),bond,3.128297418170635e-08,-,-1.3898245627857705e-05,0.25598786529004025
42,1505.1161450075895,,,ring-site C-H out-of-plane bending,"gamma(H15;C6,C7,H14)",oop,34.466032031188114,+,0.4438161818533411,0.23077384044063307
42,1505.1161450075895,,,ring-site C-H out-of-plane bending,"gamma(H15;C6,O5,H14)",oop,22.19145903607336,-,-0.3833202877382905,0.1991882893990281
42,1505.1161450075895,,,ring-site C-H out-of-plane bending,"gamma(H15;C6,O5,C7)",oop,19.301789832499733,-,-0.33709552300040047,0.22402328903471713
42,1505.1161450075895,,,ring-site C-H out-of-plane bending,tau(C4-O5-C6-H14),dihedral,7.5446261241753305,+,0.2912035217796236,0.11733998626181286
42,1505.1161450075895,,,ring-site C-H out-of-plane bending,delta(O5-C6-H14),angle,6.938070056247355,+,0.15837685831697673,0.3648016460119256
42,1505.1161450075895,,,ring-site C-H out-of-plane bending,delta(C7-C8-H18),angle,2.292250484715658,-,-0.11988227887288726,0.21035539225769873
42,1505.1161450075895,,,ring-site C-H out-of-plane bending,delta(N9-C8-H17),angle,1.9394851780415057,-,-0.10761983048797245,0.22085305625644952
42,1505.1161450075895,,,ring-site C-H out-of-plane bending,delta(C6-C7-H16),angle,0.7357348541888077,+,0.043113731264050444,0.522025437102308
42,1505.1161450075895,,,ring-site C-H out-of-plane bending,"gamma(N9;C8,C7,H18)",oop,0.7263526529447146,-,-0.040216661540543715,0.5922936146637127
42,1505.1161450075895,,,ring-site C-H out-of-plane bending,delta(H12-C4-H13),angle,0.6739631405900505,+,0.055935095728947865,0.284098492946767
42,1505.1161450075895,,,ring-site C-H out-of-plane bending,tau(H17-C8-N9-C3),dihedral,0.6474272551437806,+,0.07678793239413674,0.14481267848705123
42,1505.1161450075895,,,ring-site C-H out-of-plane bending,nu(C7-C8),bond,0.5582420233465069,+,0.043818529222827834,0.3834497769963347
42,1505.1161450075895,,,ring-site C-H out-of-plane bending,nu(C6-C7),bond,0.5320444993362694,-,-0.04737176657795894,0.31268737896018667
42,1505.1161450075895,,,ring-site C-H out-of-plane bending,nu(O5-C6),bond,0.22293999496936073,-,-0.029276992110523956,0.34303357664828
42,1505.1161450075895,,,ring-site C-H out-of-plane bending,"gamma(N9;C7,C6,C8)",oop,0.22131069923940058,-,-0.014257390355182706,1.4358989750573936
42,1505.1161450075895,,,ring-site C-H out-of-plane bending,delta(C3-C4-H12),angle,0.15811853987543906,-,-0.02578830206748258,0.313573139325566
42,1505.1161450075895,,,ring-site C-H out-of-plane bending,delta(N9-C7-H16),angle,0.13640711293196622,-,-0.020532784282203564,0.4267198877605949
42,1505.1161450075895,,,ring-site C-H out-of-plane bending,nu(C6-H15),bond,0.12659885077343067,+,0.02303521395207401,0.3146638256816722
42,1505.1161450075895,,,ring-site C-H out-of-plane bending,nu(C7-N9),bond,0.11964081983204423,+,0.020318667890456873,0.38219981510192685
42,1505.1161450075895,,,ring-site C-H out-of-plane bending,delta(C4-O5-C6),angle,0.1034416195276346,-,-0.01587370584329277,0.5414273760865053
42,1505.1161450075895,,,ring-site C-H out-of-plane bending,nu(C4-O5),bond,0.08035546324045187,-,-0.017881904530357626,0.3314281718002575
42,1505.1161450075895,,,ring-site C-H out-of-plane bending,"gamma(C8;C7,N9,H16)",oop,0.07154337951532229,+,0.011627386085017696,0.6979218906199945
42,1505.1161450075895,,,ring-site C-H out-of-plane bending,nu(C6-H14),bond,0.053879419858418674,+,0.014440888343368393,0.3407506136937907
42,1505.1161450075895,,,ring-site C-H out-of-plane bending,delta(O5-C4-H13),angle,0.037295310004045575,+,0.012208027338336794,0.33003864165600133
42,1505.1161450075895,,,ring-site C-H out-of-plane bending,nu(C8-H18),bond,0.02800811139394965,-,-0.010347548651366903,0.3449931141630818
42,1505.1161450075895,,,ring-site C-H out-of-plane bending,nu(C3-C4),bond,0.02492924240240464,+,0.01060621546574838,0.2922737052353564
42,1505.1161450075895,,,ring-site C-H out-of-plane bending,nu(C8-H17),bond,0.013653047364342323,-,-0.0071637048459240954,0.3508777138495141
42,1505.1161450075895,,,ring-site C-H out-of-plane bending,delta(C2-C3-H11),angle,0.011895963171584915,+,0.005340272237792405,0.5501414560655805
42,1505.1161450075895,,,ring-site C-H out-of-plane bending,"gamma(N9;C3,C4,H11)",oop,0.01172959798163908,-,-0.005159234985494131,0.5811845564107604
42,1505.1161450075895,,,ring-site C-H out-of-plane bending,delta(O5-C4-H12),angle,0.007060717745400533,-,-0.005142346964878715,0.3521499690707172
42,1505.1161450075895,,,ring-site C-H out-of-plane bending,nu(C4-H13),bond,0.006058755055494913,-,-0.0050084503766864,0.3185504336763951
42,1505.1161450075895,,,ring-site C-H out-of-plane bending,delta(C4-C3-H11),angle,0.004960123064187835,-,-0.003639705760572445,0.4938117910383473
42,1505.1161450075895,,,ring-site C-H out-of-plane bending,nu(C3-N9),bond,0.0034897554850684765,-,-0.0038221063901774464,0.31505836222860206
42,1505.1161450075895,,,ring-site C-H out-of-plane bending,delta(O1-C2-H10),angle,0.0025194426488570044,-,-0.0033805978525764703,0.29074952250985897
42,1505.1161450075895,,,ring-site C-H out-of-plane bending,nu(C2-C3),bond,0.0023908491813349544,-,-0.0035096772379020745,0.25598786529004025
42,1505.1161450075895,,,ring-site C-H out-of-plane bending,tau(C2-C3-C4-O5),dihedral,0.0015674438057567944,+,0.0036527791503910686,0.15493398999329233
42,1505.1161450075895,,,ring-site C-H out-of-plane bending,"gamma(N9;C3,C2,H11)",oop,0.0008220426524890012,+,0.0018409108532847214,0.319911897315103
42,1505.1161450075895,,,ring-site C-H out-of-plane bending,nu(C4-H12),bond,0.0007279681534374256,-,-0.0016692815231384253,0.3445519910153448
42,1505.1161450075895,,,ring-site C-H out-of-plane bending,nu(C7-H16),bond,0.0006334278524970627,-,-0.0015555426015146446,0.34525095819208307
42,1505.1161450075895,,,ring-site C-H out-of-plane bending,nu(O1-C2),bond,0.00026859158427716267,-,-0.0006436008690898627,0.8551862569590472
42,1505.1161450075895,,,ring-site C-H out-of-plane bending,"gamma(O1;C2,C3,H10)",oop,0.00011881720729194771,+,0.0011992340991041957,0.10896147127568684
42,1505.1161450075895,,,ring-site C-H out-of-plane bending,nu(C2-H10),bond,4.449392047265046e-05,-,-0.0004418990042622136,0.3005081011048296
42,1505.1161450075895,,,ring-site C-H out-of-plane bending,nu(C3-H11),bond,4.0578405839023415e-05,+,0.0004106676644796782,0.3173332068895945
42,1505.1161450075895,,,ring-site C-H out-of-plane bending,delta(C3-N9-C8),angle,3.483705351043082e-05,-,-0.00040875559488568294,0.27498914531836777
42,1505.1161450075895,,,ring-site C-H out-of-plane bending,"gamma(N9;C3,C2,C4)",oop,3.2654927846296034e-05,+,0.00031215787308001586,0.44197906466807035
42,1505.1161450075895,,,ring-site C-H out-of-plane bending,delta(O1-C2-C3),angle,2.5787373692230567e-06,-,-9.680772128328723e-05,0.3629014258602332
42,1505.1161450075895,,,ring-site C-H out-of-plane bending,"gamma(C8;C7,C6,N9)",oop,1.7163263714330984e-06,+,5.1398135288357263e-05,0.8568537564805015
42,1505.1161450075895,,,ring-site C-H out-of-plane bending,tau(H10-C2-C3-C4),dihedral,8.656198887821575e-07,-,-0.0003558176230888319,0.00901724508707496
43,1520.6332693632673,,,mixed ring-site C-H in-plane bending / C-H bending / ring-site C-H out-of-plane bending,delta(H12-C4-H13),angle,26.754174973509635,-,-0.28941852166901055,0.284098492946767
43,1520.6332693632673,,,mixed ring-site C-H in-plane bending / C-H bending / ring-site C-H out-of-plane bending,delta(C7-C8-H18),angle,15.641866805595312,+,0.2571772045849077,0.21035539225769873
43,1520.6332693632673,,,mixed ring-site C-H in-plane bending / C-H bending / ring-site C-H out-of-plane bending,delta(N9-C8-H17),angle,13.046146099145838,+,0.229221007127702,0.22085305625644952
43,1520.6332693632673,,,mixed ring-site C-H in-plane bending / C-H bending / ring-site C-H out-of-plane bending,"gamma(H15;C6,O5,H14)",oop,8.457807609054276,-,-0.19433991314019713,0.1991882893990281
43,1520.6332693632673,,,mixed ring-site C-H in-plane bending / C-H bending / ring-site C-H out-of-plane bending,"gamma(H15;C6,C7,H14)",oop,6.2189430341529865,+,0.15482104870392982,0.23077384044063307
43,1520.6332693632673,,,mixed ring-site C-H in-plane bending / C-H bending / ring-site C-H out-of-plane bending,tau(H17-C8-N9-C3),dihedral,5.417120248499452,-,-0.18240886839409776,0.14481267848705123
43,1520.6332693632673,,,mixed ring-site C-H in-plane bending / C-H bending / ring-site C-H out-of-plane bending,nu(C7-C8),bond,4.675172599536233,-,-0.10413808424057958,0.3834497769963347
43,1520.6332693632673,,,mixed ring-site C-H in-plane bending / C-H bending / ring-site C-H out-of-plane bending,"gamma(N9;C8,C7,H18)",oop,4.3365784261655484,+,0.08069935831385429,0.5922936146637127
43,1520.6332693632673,,,mixed ring-site C-H in-plane bending / C-H bending / ring-site C-H out-of-plane bending,"gamma(H15;C6,O5,C7)",oop,4.062853641539396,-,-0.12700885727893776,0.22402328903471713
43,1520.6332693632673,,,mixed ring-site C-H in-plane bending / C-H bending / ring-site C-H out-of-plane bending,tau(C4-O5-C6-H14),dihedral,2.1999631072750727,+,0.1291367007742964,0.11733998626181286
43,1520.6332693632673,,,mixed ring-site C-H in-plane bending / C-H bending / ring-site C-H out-of-plane bending,delta(C3-C4-H12),angle,2.0857024886724345,+,0.07691689726220724,0.313573139325566
43,1520.6332693632673,,,mixed ring-site C-H in-plane bending / C-H bending / ring-site C-H out-of-plane bending,delta(O5-C4-H12),angle,1.5091565999707033,+,0.06174024246063772,0.3521499690707172
43,1520.6332693632673,,,mixed ring-site C-H in-plane bending / C-H bending / ring-site C-H out-of-plane bending,delta(O5-C4-H13),angle,1.4781999901500522,+,0.06311741535588263,0.33003864165600133
43,1520.6332693632673,,,mixed ring-site C-H in-plane bending / C-H bending / ring-site C-H out-of-plane bending,nu(C7-N9),bond,1.1225997358116067,-,-0.05111310166921623,0.38219981510192685
43,1520.6332693632673,,,mixed ring-site C-H in-plane bending / C-H bending / ring-site C-H out-of-plane bending,delta(O5-C6-H14),angle,0.9264008710070233,+,0.047526527835296616,0.3648016460119256
43,1520.6332693632673,,,mixed ring-site C-H in-plane bending / C-H bending / ring-site C-H out-of-plane bending,delta(C6-C7-H16),angle,0.6665693085830336,-,-0.0337009255264804,0.522025437102308
43,1520.6332693632673,,,mixed ring-site C-H in-plane bending / C-H bending / ring-site C-H out-of-plane bending,delta(N9-C7-H16),angle,0.31164467181815225,+,0.02548727561234512,0.4267198877605949
43,1520.6332693632673,,,mixed ring-site C-H in-plane bending / C-H bending / ring-site C-H out-of-plane bending,delta(C4-C3-H11),angle,0.1817936365139264,-,-0.01809562614013936,0.4938117910383473
43,1520.6332693632673,,,mixed ring-site C-H in-plane bending / C-H bending / ring-site C-H out-of-plane bending,nu(C4-O5),bond,0.14874992909550452,-,-0.019980146918764957,0.3314281718002575
43,1520.6332693632673,,,mixed ring-site C-H in-plane bending / C-H bending / ring-site C-H out-of-plane bending,"gamma(N9;C3,C2,H11)",oop,0.1315954155844514,-,-0.019128027544670374,0.319911897315103
43,1520.6332693632673,,,mixed ring-site C-H in-plane bending / C-H bending / ring-site C-H out-of-plane bending,nu(C8-H18),bond,0.10124839038810253,+,0.01615674440657957,0.3449931141630818
43,1520.6332693632673,,,mixed ring-site C-H in-plane bending / C-H bending / ring-site C-H out-of-plane bending,nu(C8-H17),bond,0.09589117025240403,+,0.015591087946631986,0.3508777138495141
43,1520.6332693632673,,,mixed ring-site C-H in-plane bending / C-H bending / ring-site C-H out-of-plane bending,"gamma(C8;C7,N9,H16)",oop,0.08786430433155534,-,-0.010582001811002734,0.6979218906199945
43,1520.6332693632673,,,mixed ring-site C-H in-plane bending / C-H bending / ring-site C-H out-of-plane bending,nu(C3-C4),bond,0.08149650418608233,-,-0.015748515478698866,0.2922737052353564
43,1520.6332693632673,,,mixed ring-site C-H in-plane bending / C-H bending / ring-site C-H out-of-plane bending,delta(C4-O5-C6),angle,0.060043626642221376,-,-0.009931808945894972,0.5414273760865053
43,1520.6332693632673,,,mixed ring-site C-H in-plane bending / C-H bending / ring-site C-H out-of-plane bending,"gamma(N9;C3,C4,H11)",oop,0.04405585047941014,-,-0.00821125929198078,0.5811845564107604
43,1520.6332693632673,,,mixed ring-site C-H in-plane bending / C-H bending / ring-site C-H out-of-plane bending,nu(O5-C6),bond,0.04342152029716603,-,-0.01061082620052277,0.34303357664828
43,1520.6332693632673,,,mixed ring-site C-H in-plane bending / C-H bending / ring-site C-H out-of-plane bending,"gamma(C8;C7,C6,N9)",oop,0.021459367876188976,-,-0.00471976216177329,0.8568537564805015
43,1520.6332693632673,,,mixed ring-site C-H in-plane bending / C-H bending / ring-site C-H out-of-plane bending,nu(C6-H14),bond,0.01644043116889952,+,0.006550934883585743,0.3407506136937907
43,1520.6332693632673,,,mixed ring-site C-H in-plane bending / C-H bending / ring-site C-H out-of-plane bending,nu(C4-H12),bond,0.016233686887587938,+,0.006473605125096351,0.3445519910153448
43,1520.6332693632673,,,mixed ring-site C-H in-plane bending / C-H bending / ring-site C-H out-of-plane bending,nu(C3-N9),bond,0.014803709113466084,+,0.006464795182865455,0.31505836222860206
43,1520.6332693632673,,,mixed ring-site C-H in-plane bending / C-H bending / ring-site C-H out-of-plane bending,nu(C4-H13),bond,0.01303874385130675,+,0.006033839874959954,0.3185504336763951
43,1520.6332693632673,,,mixed ring-site C-H in-plane bending / C-H bending / ring-site C-H out-of-plane bending,nu(C6-H15),bond,0.010099606557464658,+,0.005343106403138724,0.3146638256816722
43,1520.6332693632673,,,mixed ring-site C-H in-plane bending / C-H bending / ring-site C-H out-of-plane bending,nu(C6-C7),bond,0.006879766953724823,+,0.0044238122998897745,0.31268737896018667
43,1520.6332693632673,,,mixed ring-site C-H in-plane bending / C-H bending / ring-site C-H out-of-plane bending,delta(O1-C2-H10),angle,0.005681274432363251,+,0.004168966288723527,0.29074952250985897
43,1520.6332693632673,,,mixed ring-site C-H in-plane bending / C-H bending / ring-site C-H out-of-plane bending,delta(C3-N9-C8),angle,0.002886295991182695,+,0.003055467451702035,0.27498914531836777
43,1520.6332693632673,,,mixed ring-site C-H in-plane bending / C-H bending / ring-site C-H out-of-plane bending,"gamma(O1;C2,C3,H10)",oop,0.0011461310922961001,-,-0.0030587619004252844,0.10896147127568684
43,1520.6332693632673,,,mixed ring-site C-H in-plane bending / C-H bending / ring-site C-H out-of-plane bending,delta(O1-C2-C3),angle,0.001031688193132088,+,0.0015901749114192666,0.3629014258602332
43,1520.6332693632673,,,mixed ring-site C-H in-plane bending / C-H bending / ring-site C-H out-of-plane bending,delta(C2-C3-H11),angle,0.0008570871658249389,+,0.0011771730584034812,0.5501414560655805
43,1520.6332693632673,,,mixed ring-site C-H in-plane bending / C-H bending / ring-site C-H out-of-plane bending,tau(C2-C3-C4-O5),dihedral,0.0008380875062058321,+,0.00219349341438027,0.15493398999329233
43,1520.6332693632673,,,mixed ring-site C-H in-plane bending / C-H bending / ring-site C-H out-of-plane bending,"gamma(N9;C7,C6,C8)",oop,0.0008257132022742087,-,-0.0007151838120922864,1.4358989750573936
43,1520.6332693632673,,,mixed ring-site C-H in-plane bending / C-H bending / ring-site C-H out-of-plane bending,nu(C7-H16),bond,0.0002495506181543561,-,-0.000801819996721836,0.34525095819208307
43,1520.6332693632673,,,mixed ring-site C-H in-plane bending / C-H bending / ring-site C-H out-of-plane bending,nu(O1-C2),bond,0.00017708557801777124,-,-0.000429166925031828,0.8551862569590472
43,1520.6332693632673,,,mixed ring-site C-H in-plane bending / C-H bending / ring-site C-H out-of-plane bending,nu(C3-H11),bond,0.0001225891945100335,-,-0.0005861831626108908,0.3173332068895945
43,1520.6332693632673,,,mixed ring-site C-H in-plane bending / C-H bending / ring-site C-H out-of-plane bending,nu(C2-C3),bond,7.999249016223253e-05,+,0.0005272054889181219,0.25598786529004025
43,1520.6332693632673,,,mixed ring-site C-H in-plane bending / C-H bending / ring-site C-H out-of-plane bending,"gamma(N9;C3,C2,C4)",oop,7.244129384186822e-05,+,0.00038181875241887614,0.44197906466807035
43,1520.6332693632673,,,mixed ring-site C-H in-plane bending / C-H bending / ring-site C-H out-of-plane bending,tau(H10-C2-C3-C4),dihedral,1.5865122646547335e-05,+,0.001250978322877199,0.00901724508707496
43,1520.6332693632673,,,mixed ring-site C-H in-plane bending / C-H bending / ring-site C-H out-of-plane bending,nu(C2-H10),bond,3.2745318000188865e-07,-,-3.113232233482575e-05,0.3005081011048296
44,1801.322038145899,,,C-O stretching,nu(O1-C2),bond,88.56341525393762,-,-0.37633636180732966,0.8551862569590472
44,1801.322038145899,,,C-O stretching,delta(O1-C2-H10),angle,4.9638698355998425,+,0.15280235511860113,0.29074952250985897
44,1801.322038145899,,,C-O stretching,nu(C2-C3),bond,3.8433617975863603,+,0.14329310909082346,0.25598786529004025
44,1801.322038145899,,,C-O stretching,"gamma(N9;C3,C2,H11)",oop,1.130243620513254,-,-0.06951046553897487,0.319911897315103
44,1801.322038145899,,,C-O stretching,delta(O1-C2-C3),angle,0.9366178602967963,+,0.05941091498188458,0.3629014258602332
44,1801.322038145899,,,C-O stretching,delta(C2-C3-H11),angle,0.10920689486009894,+,0.016476585024699425,0.5501414560655805
44,1801.322038145899,,,C-O stretching,"gamma(N9;C3,C2,C4)",oop,0.10858562090387697,+,0.01833009310827909,0.44197906466807035
44,1801.322038145899,,,C-O stretching,nu(C2-H10),bond,0.07088810780527717,+,0.017961308017179805,0.3005081011048296
44,1801.322038145899,,,C-O stretching,delta(C4-C3-H11),angle,0.06660163004543075,-,-0.01358129123121388,0.4938117910383473
44,1801.322038145899,,,C-O stretching,tau(C2-C3-C4-O5),dihedral,0.06269428440895003,+,0.023524477324989638,0.15493398999329233
44,1801.322038145899,,,C-O stretching,nu(C3-C4),bond,0.04940532965294399,+,0.015204473597619866,0.2922737052353564
44,1801.322038145899,,,C-O stretching,nu(C3-N9),bond,0.019390242788625195,-,-0.00917435368188955,0.31505836222860206
44,1801.322038145899,,,C-O stretching,delta(O5-C4-H13),angle,0.01296036960836255,+,0.0073283408171360585,0.33003864165600133
44,1801.322038145899,,,C-O stretching,delta(H12-C4-H13),angle,0.010139073483369784,+,0.006986248527148182,0.284098492946767
44,1801.322038145899,,,C-O stretching,nu(C3-H11),bond,0.009106613595175823,-,-0.006264696775393399,0.3173332068895945
44,1801.322038145899,,,C-O stretching,nu(C7-N9),bond,0.008879038941171065,-,-0.005636598552169532,0.38219981510192685
44,1801.322038145899,,,C-O stretching,nu(C4-H13),bond,0.0075533848955969315,+,0.005694571734378863,0.3185504336763951
44,1801.322038145899,,,C-O stretching,"gamma(N9;C3,C4,H11)",oop,0.006662209192691362,+,0.0039594189807362215,0.5811845564107604
44,1801.322038145899,,,C-O stretching,delta(O5-C4-H12),angle,0.0054172303381537735,+,0.0045867406508743516,0.3521499690707172
44,1801.322038145899,,,C-O stretching,nu(C4-H12),bond,0.004153988247517832,+,0.004060547643342771,0.3445519910153448
44,1801.322038145899,,,C-O stretching,delta(C4-O5-C6),angle,0.001962890626306018,+,0.002226677422945025,0.5414273760865053
44,1801.322038145899,,,C-O stretching,"gamma(N9;C8,C7,H18)",oop,0.0017086365412324806,+,0.001986258095954482,0.5922936146637127
44,1801.322038145899,,,C-O stretching,delta(N9-C7-H16),angle,0.0016382479982647,-,-0.0022913832899252575,0.4267198877605949
44,1801.322038145899,,,C-O stretching,tau(H10-C2-C3-C4),dihedral,0.000810281032287765,-,-0.01108562695938966,0.00901724508707496
44,1801.322038145899,,,C-O stretching,delta(N9-C8-H17),angle,0.0006980563199249092,-,-0.0020790880662262252,0.22085305625644952
44,1801.322038145899,,,C-O stretching,tau(H17-C8-N9-C3),dihedral,0.000442445681099944,-,-0.0020441184002384627,0.14481267848705123
44,1801.322038145899,,,C-O stretching,"gamma(C8;C7,C6,N9)",oop,0.0004361973670290721,+,0.0008343869981703783,0.8568537564805015
44,1801.322038145899,,,C-O stretching,tau(C4-O5-C6-H14),dihedral,0.00041618629008103024,+,0.0022024204403875507,0.11733998626181286
44,1801.322038145899,,,C-O stretching,"gamma(H15;C6,O5,H14)",oop,0.00035805625310748114,+,0.0015679170798828792,0.1991882893990281
44,1801.322038145899,,,C-O stretching,nu(C7-C8),bond,0.00034167805208277027,-,-0.0011039099737937662,0.3834497769963347
44,1801.322038145899,,,C-O stretching,delta(C3-C4-H12),angle,0.0002823054738623112,-,-0.001109608010423273,0.313573139325566
44,1801.322038145899,,,C-O stretching,delta(C7-C8-H18),angle,0.00026601563315583465,+,0.001315091940047581,0.21035539225769873
44,1801.322038145899,,,C-O stretching,"gamma(H15;C6,O5,C7)",oop,0.000232744783811652,+,0.0011919903909515836,0.22402328903471713
44,1801.322038145899,,,C-O stretching,"gamma(H15;C6,C7,H14)",oop,0.0001877941968739471,-,-0.0010549385332027257,0.23077384044063307
44,1801.322038145899,,,C-O stretching,nu(C6-H15),bond,0.00017276201653302413,+,0.0008665229783575286,0.3146638256816722
44,1801.322038145899,,,C-O stretching,delta(C3-N9-C8),angle,0.00015060648712434267,+,0.000865452874061057,0.27498914531836777
44,1801.322038145899,,,C-O stretching,delta(O5-C6-H14),angle,0.00014489187416448835,+,0.0007370093221371583,0.3648016460119256
44,1801.322038145899,,,C-O stretching,nu(C6-C7),bond,0.00013186234985305078,+,0.0007594244757756001,0.31268737896018667
44,1801.322038145899,,,C-O stretching,"gamma(O1;C2,C3,H10)",oop,0.00011733483675875908,-,-0.00121354634917283,0.10896147127568684
44,1801.322038145899,,,C-O stretching,nu(C8-H18),bond,0.00011152705509676217,+,0.0006649121433671016,0.3449931141630818
44,1801.322038145899,,,C-O stretching,nu(O5-C6),bond,6.542618225926807e-05,+,0.0005107246676893197,0.34303357664828
44,1801.322038145899,,,C-O stretching,"gamma(C8;C7,N9,H16)",oop,5.2236173333333885e-05,-,-0.0003199349074669258,0.6979218906199945
44,1801.322038145899,,,C-O stretching,nu(C6-H14),bond,3.7984105833053924e-05,+,0.00039044691078491105,0.3407506136937907
44,1801.322038145899,,,C-O stretching,nu(C4-O5),bond,3.506631099158499e-05,-,-0.0003803905245020484,0.3314281718002575
44,1801.322038145899,,,C-O stretching,nu(C7-H16),bond,3.24598504323878e-05,+,0.0003585792641118521,0.34525095819208307
44,1801.322038145899,,,C-O stretching,"gamma(N9;C7,C6,C8)",oop,1.0604333227503186e-05,+,0.00010049838926537492,1.4358989750573936
44,1801.322038145899,,,C-O stretching,nu(C8-H17),bond,2.3654313572018327e-06,-,-9.601888162212258e-05,0.3508777138495141
44,1801.322038145899,,,C-O stretching,delta(C6-C7-H16),angle,9.500427689329206e-07,-,-4.988903531627157e-05,0.522025437102308
45,2909.5377255023245,,,C-H stretching,nu(C2-H10),bond,98.75989816335331,+,1.0355121845454087,0.3005081011048296
45,2909.5377255023245,,,C-H stretching,nu(O1-C2),bond,0.3464183698667088,-,-0.03635491128480674,0.8551862569590472
45,2909.5377255023245,,,C-H stretching,delta(O1-C2-C3),angle,0.3442504210357339,+,0.05563343705105232,0.3629014258602332
45,2909.5377255023245,,,C-H stretching,nu(C3-H11),bond,0.17411461758262545,-,-0.04231095668642753,0.3173332068895945
45,2909.5377255023245,,,C-H stretching,delta(O1-C2-H10),angle,0.17144022558182295,-,-0.043862143207687596,0.29074952250985897
45,2909.5377255023245,,,C-H stretching,nu(C2-C3),bond,0.11538994114642358,-,-0.03835016840731618,0.25598786529004025
45,2909.5377255023245,,,C-H stretching,"gamma(N9;C3,C2,H11)",oop,0.04231297205256706,-,-0.02077373363310093,0.319911897315103
45,2909.5377255023245,,,C-H stretching,nu(C4-H13),bond,0.017674451751425676,-,-0.01345478815205036,0.3185504336763951
45,2909.5377255023245,,,C-H stretching,delta(C2-C3-H11),angle,0.010283371043243299,+,0.00780950587027661,0.5501414560655805
45,2909.5377255023245,,,C-H stretching,nu(C6-H15),bond,0.007865888888578587,-,-0.00903115889369844,0.3146638256816722
45,2909.5377255023245,,,C-H stretching,tau(C2-C3-C4-O5),dihedral,0.0024428897708849515,+,0.007172516759129936,0.15493398999329233
45,2909.5377255023245,,,C-H stretching,"gamma(N9;C3,C2,C4)",oop,0.0015200919252714498,+,0.0033498631515985378,0.44197906466807035
45,2909.5377255023245,,,C-H stretching,"gamma(N9;C3,C4,H11)",oop,0.0013626682142419899,-,-0.0027658652565396282,0.5811845564107604
45,2909.5377255023245,,,C-H stretching,nu(C8-H17),bond,0.0013311970862908687,-,-0.003518327603906908,0.3508777138495141
45,2909.5377255023245,,,C-H stretching,nu(C3-N9),bond,0.0009125522491685696,+,0.0030741591921676467,0.31505836222860206
45,2909.5377255023245,,,C-H stretching,nu(C6-H14),bond,0.0008288237517550799,-,-0.002817122677362429,0.3407506136937907
45,2909.5377255023245,,,C-H stretching,nu(C4-H12),bond,0.000738458394227862,+,0.0026444089765449473,0.3445519910153448
45,2909.5377255023245,,,C-H stretching,nu(C8-H18),bond,0.00040728220045936717,-,-0.0019626167029610517,0.3449931141630818
45,2909.5377255023245,,,C-H stretching,"gamma(O1;C2,C3,H10)",oop,0.00013956854778358546,+,0.002044326645951599,0.10896147127568684
45,2909.5377255023245,,,C-H stretching,nu(C4-O5),bond,0.00012872996676764424,+,0.0011257400233900974,0.3314281718002575
45,2909.5377255023245,,,C-H stretching,delta(C3-C4-H12),angle,9.40156274072531e-05,-,-0.0009890621587696274,0.313573139325566
45,2909.5377255023245,,,C-H stretching,delta(C4-C3-H11),angle,6.491210591030635e-05,+,0.0006549001810929579,0.4938117910383473
45,2909.5377255023245,,,C-H stretching,nu(C7-H16),bond,4.4744044340870965e-05,+,0.000650269165239741,0.34525095819208307
45,2909.5377255023245,,,C-H stretching,delta(H12-C4-H13),angle,4.359641785216472e-05,-,-0.0007075936504099275,0.284098492946767
45,2909.5377255023245,,,C-H stretching,delta(C3-N9-C8),angle,4.1066934099824836e-05,+,0.0006980416781113794,0.27498914531836777
45,2909.5377255023245,,,C-H stretching,delta(O5-C4-H12),angle,3.717747503599493e-05,-,-0.0005869067534465922,0.3521499690707172
45,2909.5377255023245,,,C-H stretching,nu(C6-C7),bond,3.32844387608081e-05,+,0.0005893298404510996,0.31268737896018667
45,2909.5377255023245,,,C-H stretching,delta(C4-O5-C6),angle,3.071457192626599e-05,-,-0.0004302244783982252,0.5414273760865053
45,2909.5377255023245,,,C-H stretching,"gamma(H15;C6,O5,H14)",oop,1.9252329556429704e-05,+,0.0005615684903114051,0.1991882893990281
45,2909.5377255023245,,,C-H stretching,delta(N9-C7-H16),angle,1.8138117893210607e-05,+,0.00037240684678645263,0.4267198877605949
45,2909.5377255023245,,,C-H stretching,tau(H10-C2-C3-C4),dihedral,1.6258793207440597e-05,-,-0.0024254940054139356,0.00901724508707496
45,2909.5377255023245,,,C-H stretching,"gamma(C8;C7,N9,H16)",oop,1.517387081174477e-05,+,0.0002663408428629557,0.6979218906199945
45,2909.5377255023245,,,C-H stretching,nu(C7-C8),bond,1.2922774255470294e-05,+,0.00033160160428756747,0.3834497769963347
45,2909.5377255023245,,,C-H stretching,"gamma(C8;C7,C6,N9)",oop,1.2637025608036124e-05,+,0.0002193623394477021,0.8568537564805015
45,2909.5377255023245,,,C-H stretching,"gamma(H15;C6,O5,C7)",oop,1.1538370095995996e-05,-,-0.00040993843308952463,0.22402328903471713
45,2909.5377255023245,,,C-H stretching,nu(C3-C4),bond,9.556382644407963e-06,-,-0.0003266215847598007,0.2922737052353564
45,2909.5377255023245,,,C-H stretching,"gamma(N9;C7,C6,C8)",oop,5.1154850092426255e-06,-,-0.00010781382503132355,1.4358989750573936
45,2909.5377255023245,,,C-H stretching,nu(C7-N9),bond,4.985203908731192e-06,-,-0.0002062952441248225,0.38219981510192685
45,2909.5377255023245,,,C-H stretching,tau(C4-O5-C6-H14),dihedral,4.7197432963143935e-06,-,-0.0003622673226919099,0.11733998626181286
45,2909.5377255023245,,,C-H stretching,"gamma(H15;C6,C7,H14)",oop,4.717409933704811e-06,+,0.00025825664732579627,0.23077384044063307
45,2909.5377255023245,,,C-H stretching,nu(O5-C6),bond,4.701308560742872e-06,-,-0.00021146283540968985,0.34303357664828
45,2909.5377255023245,,,C-H stretching,delta(C7-C8-H18),angle,3.357300810488455e-06,-,-0.0002281977152596395,0.21035539225769873
45,2909.5377255023245,,,C-H stretching,delta(N9-C8-H17),angle,2.774919740035069e-06,+,0.00020247270978429634,0.22085305625644952
45,2909.5377255023245,,,C-H stretching,tau(H17-C8-N9-C3),dihedral,1.52140879702072e-06,+,0.00018514528526352266,0.14481267848705123
45,2909.5377255023245,,,C-H stretching,"gamma(N9;C8,C7,H18)",oop,1.2301185931193028e-06,+,8.231859606194947e-05,0.5922936146637127
45,2909.5377255023245,,,C-H stretching,delta(O5-C6-H14),angle,9.394906055723517e-07,+,9.166653495865012e-05,0.3648016460119256
45,2909.5377255023245,,,C-H stretching,delta(O5-C4-H13),angle,2.085901272243073e-07,-,-4.541062380573524e-05,0.33003864165600133
45,2909.5377255023245,,,C-H stretching,delta(C6-C7-H16),angle,5.533187018585294e-08,+,1.8596654848453183e-05,0.522025437102308
46,2975.005762329655,,,ring-site C-H stretching,nu(C6-H15),bond,95.130951093557,-,-1.0110729912223815,0.3146638256816722
46,2975.005762329655,,,ring-site C-H stretching,nu(C6-H14),bond,1.9085135160292825,-,-0.13761770017467806,0.3407506136937907
46,2975.005762329655,,,ring-site C-H stretching,nu(C4-H13),bond,1.896439826031344,+,0.14188138927648078,0.3185504336763951
46,2975.005762329655,,,ring-site C-H stretching,nu(C3-H11),bond,0.39692026466923647,+,0.06503376164772232,0.3173332068895945
46,2975.005762329655,,,ring-site C-H stretching,"gamma(H15;C6,O5,H14)",oop,0.1053623086122761,+,0.042291757872394316,0.1991882893990281
46,2975.005762329655,,,ring-site C-H stretching,nu(C6-C7),bond,0.10505835171833121,+,0.033705836863808084,0.31268737896018667
46,2975.005762329655,,,ring-site C-H stretching,"gamma(H15;C6,O5,C7)",oop,0.090694327245099,-,-0.036998871373027126,0.22402328903471713
46,2975.005762329655,,,ring-site C-H stretching,"gamma(H15;C6,C7,H14)",oop,0.06935563352206449,-,-0.03187811125236367,0.23077384044063307
46,2975.005762329655,,,ring-site C-H stretching,nu(C4-H12),bond,0.05392680245759895,+,0.023004878939127622,0.3445519910153448
46,2975.005762329655,,,ring-site C-H stretching,nu(O5-C6),bond,0.04664883707624,+,0.021443570209901227,0.34303357664828
46,2975.005762329655,,,ring-site C-H stretching,delta(O5-C6-H14),angle,0.04370175424033742,-,-0.020126397216990496,0.3648016460119256
46,2975.005762329655,,,ring-site C-H stretching,"gamma(C8;C7,C6,N9)",oop,0.03253169155186609,+,0.01133039288865801,0.8568537564805015
46,2975.005762329655,,,ring-site C-H stretching,"gamma(N9;C7,C6,C8)",oop,0.027539912648393214,+,0.00805312305963312,1.4358989750573936
46,2975.005762329655,,,ring-site C-H stretching,tau(C4-O5-C6-H14),dihedral,0.021715138454737618,-,-0.025015159940222867,0.11733998626181286
46,2975.005762329655,,,ring-site C-H stretching,nu(C8-H18),bond,0.019853143673626467,+,0.013949364686006322,0.3449931141630818
46,2975.005762329655,,,ring-site C-H stretching,nu(C7-H16),bond,0.017926246791272377,-,-0.013250194043686232,0.34525095819208307
46,2975.005762329655,,,ring-site C-H stretching,delta(O5-C4-H13),angle,0.00743485354824232,-,-0.008727679964730702,0.33003864165600133
46,2975.005762329655,,,ring-site C-H stretching,"gamma(N9;C3,C2,C4)",oop,0.005566009188268649,+,0.006525534789247171,0.44197906466807035
46,2975.005762329655,,,ring-site C-H stretching,delta(C6-C7-H16),angle,0.004679411141688553,+,0.00550547466790006,0.522025437102308
46,2975.005762329655,,,ring-site C-H stretching,nu(C3-C4),bond,0.003722079882972795,-,-0.00656210191915514,0.2922737052353564
46,2975.005762329655,,,ring-site C-H stretching,delta(C4-C3-H11),angle,0.003089588379906866,-,-0.004599541935738439,0.4938117910383473
46,2975.005762329655,,,ring-site C-H stretching,delta(C3-C4-H12),angle,0.0021509198277984763,+,0.004816013367335211,0.313573139325566
46,2975.005762329655,,,ring-site C-H stretching,nu(C2-H10),bond,0.002086300028855401,-,-0.004845128381546435,0.3005081011048296
46,2975.005762329655,,,ring-site C-H stretching,delta(C4-O5-C6),angle,0.0006585818759057156,-,-0.0020280552440589345,0.5414273760865053
46,2975.005762329655,,,ring-site C-H stretching,delta(O5-C4-H12),angle,0.0006461711385192514,+,0.0024908922988898853,0.3521499690707172
46,2975.005762329655,,,ring-site C-H stretching,delta(N9-C7-H16),angle,0.0006182927270382886,+,0.0022134546378057966,0.4267198877605949
46,2975.005762329655,,,ring-site C-H stretching,delta(C2-C3-H11),angle,0.00028892349459091137,-,-0.0013325982616437346,0.5501414560655805
46,2975.005762329655,,,ring-site C-H stretching,nu(C4-O5),bond,0.0002510977440114122,-,-0.001600559022625878,0.3314281718002575
46,2975.005762329655,,,ring-site C-H stretching,"gamma(N9;C3,C4,H11)",oop,0.00024630104687250906,-,-0.0011970742676423937,0.5811845564107604
46,2975.005762329655,,,ring-site C-H stretching,delta(C7-C8-H18),angle,0.00021774421319662016,-,-0.0018708608437564475,0.21035539225769873
46,2975.005762329655,,,ring-site C-H stretching,tau(C2-C3-C4-O5),dihedral,0.00019877808642087888,-,-0.0020828399504880194,0.15493398999329233
46,2975.005762329655,,,ring-site C-H stretching,nu(C3-N9),bond,0.00018473445584255856,-,-0.0014080674088567777,0.31505836222860206
46,2975.005762329655,,,ring-site C-H stretching,nu(C7-C8),bond,0.00015319949197688194,-,-0.0011623031557112902,0.3834497769963347
46,2975.005762329655,,,ring-site C-H stretching,nu(C8-H17),bond,0.00014855478658824396,-,-0.0011964937425678567,0.3508777138495141
46,2975.005762329655,,,ring-site C-H stretching,delta(C3-N9-C8),angle,0.00014044061011375637,-,-0.0013141156193528355,0.27498914531836777
46,2975.005762329655,,,ring-site C-H stretching,"gamma(N9;C3,C2,H11)",oop,0.00012075996969597144,+,0.0011297732850305937,0.319911897315103
46,2975.005762329655,,,ring-site C-H stretching,"gamma(O1;C2,C3,H10)",oop,6.335119099443617e-05,-,-0.0014021223489367012,0.10896147127568684
46,2975.005762329655,,,ring-site C-H stretching,nu(C2-C3),bond,5.9429274184368084e-05,-,-0.0008860036741703135,0.25598786529004025
46,2975.005762329655,,,ring-site C-H stretching,tau(H10-C2-C3-C4),dihedral,4.4702068549230704e-05,-,-0.004094226569239581,0.00901724508707496
46,2975.005762329655,,,ring-site C-H stretching,delta(O1-C2-C3),angle,2.8350797666448204e-05,-,-0.0005139647132582308,0.3629014258602332
46,2975.005762329655,,,ring-site C-H stretching,tau(H17-C8-N9-C3),dihedral,2.4355621168565376e-05,+,0.0007541214798540899,0.14481267848705123
46,2975.005762329655,,,ring-site C-H stretching,"gamma(C8;C7,N9,H16)",oop,1.9792113828976538e-05,-,-0.0003096618321082127,0.6979218906199945
46,2975.005762329655,,,ring-site C-H stretching,nu(C7-N9),bond,8.69376729543565e-06,+,0.0002773344169574102,0.38219981510192685
46,2975.005762329655,,,ring-site C-H stretching,delta(O1-C2-H10),angle,5.741682927550558e-06,+,0.0002584074895987809,0.29074952250985897
46,2975.005762329655,,,ring-site C-H stretching,delta(N9-C8-H17),angle,2.3653142662634077e-06,+,0.00019029953099872034,0.22085305625644952
46,2975.005762329655,,,ring-site C-H stretching,delta(H12-C4-H13),angle,7.255464312263947e-07,-,-9.292726156627049e-05,0.284098492946767
46,2975.005762329655,,,ring-site C-H stretching,"gamma(N9;C8,C7,H18)",oop,6.684501519808963e-07,-,-6.177474864534264e-05,0.5922936146637127
46,2975.005762329655,,,ring-site C-H stretching,nu(O1-C2),bond,2.342553169527549e-07,-,-3.0434023462607573e-05,0.8551862569590472
47,2984.3626290494503,,,in-phase ring-site C-H stretching,nu(C3-H11),bond,56.23706278723264,+,0.7816822876649643,0.3173332068895945
47,2984.3626290494503,,,in-phase ring-site C-H stretching,nu(C4-H13),bond,39.92907294476643,+,0.6574038299439812,0.3185504336763951
47,2984.3626290494503,,,in-phase ring-site C-H stretching,nu(C6-H15),bond,1.8205619988501756,+,0.14123945858497286,0.3146638256816722
47,2984.3626290494503,,,in-phase ring-site C-H stretching,nu(C4-H12),bond,0.5215729554929431,+,0.07224484555021125,0.3445519910153448
47,2984.3626290494503,,,in-phase ring-site C-H stretching,"gamma(N9;C3,C2,C4)",oop,0.4949027986033343,+,0.06213493127161548,0.44197906466807035
47,2984.3626290494503,,,in-phase ring-site C-H stretching,delta(C4-C3-H11),angle,0.18213524980778703,-,-0.03566095683575334,0.4938117910383473
47,2984.3626290494503,,,in-phase ring-site C-H stretching,nu(C2-H10),bond,0.14835590639078972,+,0.041257323005937895,0.3005081011048296
47,2984.3626290494503,,,in-phase ring-site C-H stretching,nu(C3-C4),bond,0.13422302484411933,-,-0.039791962163755655,0.2922737052353564
47,2984.3626290494503,,,in-phase ring-site C-H stretching,nu(C8-H18),bond,0.13099154752743725,-,-0.03618204752066709,0.3449931141630818
47,2984.3626290494503,,,in-phase ring-site C-H stretching,delta(C3-C4-H12),angle,0.07308863091049325,+,0.028348638320901568,0.313573139325566
47,2984.3626290494503,,,in-phase ring-site C-H stretching,"gamma(N9;C3,C4,H11)",oop,0.04406897195160003,-,-0.01616911104431127,0.5811845564107604
47,2984.3626290494503,,,in-phase ring-site C-H stretching,delta(C3-N9-C8),angle,0.036915154143478505,-,-0.02151400594009826,0.27498914531836777
47,2984.3626290494503,,,in-phase ring-site C-H stretching,delta(O5-C4-H13),angle,0.03381509415500293,-,-0.01879531556396684,0.33003864165600133
47,2984.3626290494503,,,in-phase ring-site C-H stretching,nu(C6-H14),bond,0.025874033005761223,+,0.016180444840385274,0.3407506136937907
47,2984.3626290494503,,,in-phase ring-site C-H stretching,delta(C2-C3-H11),angle,0.02512562107424999,-,-0.012548676783309664,0.5501414560655805
47,2984.3626290494503,,,in-phase ring-site C-H stretching,nu(C2-C3),bond,0.023619748683061832,-,-0.017836295691593475,0.25598786529004025
47,2984.3626290494503,,,in-phase ring-site C-H stretching,nu(C4-O5),bond,0.021852983998927458,-,-0.015077779227095306,0.3314281718002575
47,2984.3626290494503,,,in-phase ring-site C-H stretching,delta(H12-C4-H13),angle,0.017967726032764125,-,-0.014766882193845211,0.284098492946767
47,2984.3626290494503,,,in-phase ring-site C-H stretching,delta(O5-C4-H12),angle,0.015734007658467834,+,0.012411737101293533,0.3521499690707172
47,2984.3626290494503,,,in-phase ring-site C-H stretching,nu(C8-H17),bond,0.015598740606391675,-,-0.012380654166348457,0.3508777138495141
47,2984.3626290494503,,,in-phase ring-site C-H stretching,nu(C3-N9),bond,0.012934552494127696,-,-0.011897532916454722,0.31505836222860206
47,2984.3626290494503,,,in-phase ring-site C-H stretching,"gamma(N9;C3,C2,H11)",oop,0.011141428594843121,+,0.01095801679079571,0.319911897315103
47,2984.3626290494503,,,in-phase ring-site C-H stretching,"gamma(O1;C2,C3,H10)",oop,0.010208593847054019,-,-0.017973108667294103,0.10896147127568684
47,2984.3626290494503,,,in-phase ring-site C-H stretching,delta(C4-O5-C6),angle,0.009296761464112397,+,0.0076943591694384455,0.5414273760865053
47,2984.3626290494503,,,in-phase ring-site C-H stretching,tau(C4-O5-C6-H14),dihedral,0.004989361139137361,-,-0.012108104771048954,0.11733998626181286
47,2984.3626290494503,,,in-phase ring-site C-H stretching,"gamma(H15;C6,C7,H14)",oop,0.003919712253010275,+,0.0076526265686795445,0.23077384044063307
47,2984.3626290494503,,,in-phase ring-site C-H stretching,tau(C2-C3-C4-O5),dihedral,0.002679996234119652,+,0.007722722966976626,0.15493398999329233
47,2984.3626290494503,,,in-phase ring-site C-H stretching,tau(H10-C2-C3-C4),dihedral,0.0021822910584332633,-,-0.028886579293290766,0.00901724508707496
47,2984.3626290494503,,,in-phase ring-site C-H stretching,nu(C6-C7),bond,0.001492873950108597,-,-0.00405726253401557,0.31268737896018667
47,2984.3626290494503,,,in-phase ring-site C-H stretching,"gamma(H15;C6,O5,H14)",oop,0.0014641963455826795,-,-0.005034362398372099,0.1991882893990281
47,2984.3626290494503,,,in-phase ring-site C-H stretching,nu(O5-C6),bond,0.001453400294301054,-,-0.0038220909990584894,0.34303357664828
47,2984.3626290494503,,,in-phase ring-site C-H stretching,delta(O1-C2-H10),angle,0.0009396134944927732,-,-0.0033380422884857555,0.29074952250985897
47,2984.3626290494503,,,in-phase ring-site C-H stretching,delta(O5-C6-H14),angle,0.0009139254094814906,+,0.002939027827336078,0.3648016460119256
47,2984.3626290494503,,,in-phase ring-site C-H stretching,nu(O1-C2),bond,0.0007921040531874685,-,-0.0017870531854289867,0.8551862569590472
47,2984.3626290494503,,,in-phase ring-site C-H stretching,nu(C7-H16),bond,0.0006713171553327233,-,-0.0025892449818038744,0.34525095819208307
47,2984.3626290494503,,,in-phase ring-site C-H stretching,"gamma(H15;C6,O5,C7)",oop,0.0004693949419579355,+,0.002687814762274027,0.22402328903471713
47,2984.3626290494503,,,in-phase ring-site C-H stretching,"gamma(C8;C7,C6,N9)",oop,0.00036814082125694535,-,-0.0012171114626442511,0.8568537564805015
47,2984.3626290494503,,,in-phase ring-site C-H stretching,nu(C7-C8),bond,0.00034425396243382555,+,0.001759389297599363,0.3834497769963347
47,2984.3626290494503,,,in-phase ring-site C-H stretching,tau(H17-C8-N9-C3),dihedral,0.0003023552004184403,-,-0.0026830708742275424,0.14481267848705123
47,2984.3626290494503,,,in-phase ring-site C-H stretching,"gamma(N9;C8,C7,H18)",oop,0.0002629182845493977,+,0.0012371392518086418,0.5922936146637127
47,2984.3626290494503,,,in-phase ring-site C-H stretching,delta(O1-C2-C3),angle,0.00021017881775270606,-,-0.001413112870167557,0.3629014258602332
47,2984.3626290494503,,,in-phase ring-site C-H stretching,"gamma(N9;C7,C6,C8)",oop,0.000118629016778419,-,-0.0005337160207704932,1.4358989750573936
47,2984.3626290494503,,,in-phase ring-site C-H stretching,delta(C7-C8-H18),angle,9.651220205273972e-05,+,0.0012577403806025742,0.21035539225769873
47,2984.3626290494503,,,in-phase ring-site C-H stretching,delta(C6-C7-H16),angle,9.420081872243914e-05,-,-0.0007887842359519043,0.522025437102308
47,2984.3626290494503,,,in-phase ring-site C-H stretching,"gamma(C8;C7,N9,H16)",oop,7.816887354555897e-05,-,-0.0006214271639580518,0.6979218906199945
47,2984.3626290494503,,,in-phase ring-site C-H stretching,nu(C7-N9),bond,2.384066406822118e-05,-,-0.00046375718853684756,0.38219981510192685
47,2984.3626290494503,,,in-phase ring-site C-H stretching,delta(N9-C8-H17),angle,1.0101098819389907e-05,-,-0.0003971086250048595,0.22085305625644952
47,2984.3626290494503,,,in-phase ring-site C-H stretching,delta(N9-C7-H16),angle,1.2517745048707538e-06,-,-0.00010056997116658135,0.4267198877605949
48,2997.2696939327316,,,opposite-phase ring-site C-H stretching,nu(C4-H13),bond,54.49119881919409,-,-0.7649849269986887,0.3185504336763951
48,2997.2696939327316,,,opposite-phase ring-site C-H stretching,nu(C3-H11),bond,42.277154757239096,+,0.6751090232301907,0.3173332068895945
48,2997.2696939327316,,,opposite-phase ring-site C-H stretching,nu(C4-H12),bond,2.229839906074202,-,-0.14879497230691824,0.3445519910153448
48,2997.2696939327316,,,opposite-phase ring-site C-H stretching,nu(C6-H15),bond,0.41036185974755535,-,-0.0667942199750039,0.3146638256816722
48,2997.2696939327316,,,opposite-phase ring-site C-H stretching,"gamma(N9;C3,C2,C4)",oop,0.1534975217500288,+,0.0344689958617669,0.44197906466807035
48,2997.2696939327316,,,opposite-phase ring-site C-H stretching,nu(C8-H18),bond,0.07522339538390684,+,0.02731178278923104,0.3449931141630818
48,2997.2696939327316,,,opposite-phase ring-site C-H stretching,delta(O5-C4-H13),angle,0.047919562859850086,+,0.0222870622132152,0.33003864165600133
48,2997.2696939327316,,,opposite-phase ring-site C-H stretching,tau(C2-C3-C4-O5),dihedral,0.04401155868321277,+,0.031173733558086003,0.15493398999329233
48,2997.2696939327316,,,opposite-phase ring-site C-H stretching,nu(C4-O5),bond,0.040220194936501294,+,0.0203754013470892,0.3314281718002575
48,2997.2696939327316,,,opposite-phase ring-site C-H stretching,delta(H12-C4-H13),angle,0.03336527881993647,+,0.0200443377165518,0.284098492946767
48,2997.2696939327316,,,opposite-phase ring-site C-H stretching,nu(C2-H10),bond,0.02706908128938333,+,0.01755445954038827,0.3005081011048296
48,2997.2696939327316,,,opposite-phase ring-site C-H stretching,delta(O5-C4-H12),angle,0.02620932374121892,-,-0.015956692558394416,0.3521499690707172
48,2997.2696939327316,,,opposite-phase ring-site C-H stretching,delta(C3-N9-C8),angle,0.024732967844727845,-,-0.017541193441703247,0.27498914531836777
48,2997.2696939327316,,,opposite-phase ring-site C-H stretching,delta(C2-C3-H11),angle,0.024478912194973872,-,-0.012337798357011102,0.5501414560655805
48,2997.2696939327316,,,opposite-phase ring-site C-H stretching,nu(C2-C3),bond,0.012960367833267686,-,-0.013160663092638948,0.25598786529004025
48,2997.2696939327316,,,opposite-phase ring-site C-H stretching,nu(C3-N9),bond,0.012566070013503457,-,-0.011681080828945327,0.31505836222860206
48,2997.2696939327316,,,opposite-phase ring-site C-H stretching,nu(C3-C4),bond,0.010957033008344792,+,0.01132479657043322,0.2922737052353564
48,2997.2696939327316,,,opposite-phase ring-site C-H stretching,tau(C4-O5-C6-H14),dihedral,0.010139094686608239,+,0.017193146747393653,0.11733998626181286
48,2997.2696939327316,,,opposite-phase ring-site C-H stretching,"gamma(N9;C3,C2,H11)",oop,0.009418971592383701,+,0.010036108431946482,0.319911897315103
48,2997.2696939327316,,,opposite-phase ring-site C-H stretching,"gamma(O1;C2,C3,H10)",oop,0.008060085120873337,-,-0.01590787361229477,0.10896147127568684
48,2997.2696939327316,,,opposite-phase ring-site C-H stretching,delta(C4-O5-C6),angle,0.00786639111913857,-,-0.0070501191927166106,0.5414273760865053
48,2997.2696939327316,,,opposite-phase ring-site C-H stretching,nu(C6-H14),bond,0.005795788715577596,-,-0.0076281064719281024,0.3407506136937907
48,2997.2696939327316,,,opposite-phase ring-site C-H stretching,"gamma(N9;C3,C4,H11)",oop,0.004254824441689529,-,-0.005004521818971099,0.5811845564107604
48,2997.2696939327316,,,opposite-phase ring-site C-H stretching,nu(O1-C2),bond,0.0037194088129977446,-,-0.0038573175965227607,0.8551862569590472
48,2997.2696939327316,,,opposite-phase ring-site C-H stretching,"gamma(H15;C6,C7,H14)",oop,0.002743379428123977,-,-0.0063771766488445614,0.23077384044063307
48,2997.2696939327316,,,opposite-phase ring-site C-H stretching,delta(C3-C4-H12),angle,0.0016596852358456884,-,-0.004255222125033141,0.313573139325566
48,2997.2696939327316,,,opposite-phase ring-site C-H stretching,nu(C7-H16),bond,0.0011217430256091703,-,-0.0033339419968643636,0.34525095819208307
48,2997.2696939327316,,,opposite-phase ring-site C-H stretching,nu(O5-C6),bond,0.0007836380283883385,+,0.0027955562354890716,0.34303357664828
48,2997.2696939327316,,,opposite-phase ring-site C-H stretching,"gamma(N9;C7,C6,C8)",oop,0.0004939197876806839,+,0.0010847884863388834,1.4358989750573936
48,2997.2696939327316,,,opposite-phase ring-site C-H stretching,delta(C4-C3-H11),angle,0.0003938420733357657,-,-0.001651806321388441,0.4938117910383473
48,2997.2696939327316,,,opposite-phase ring-site C-H stretching,delta(O5-C6-H14),angle,0.0003402214969086905,-,-0.0017862049065517944,0.3648016460119256
48,2997.2696939327316,,,opposite-phase ring-site C-H stretching,nu(C6-C7),bond,0.000299364439641364,+,0.0018097714239303868,0.31268737896018667
48,2997.2696939327316,,,opposite-phase ring-site C-H stretching,tau(H17-C8-N9-C3),dihedral,0.00024028613680963568,-,-0.002382538139048213,0.14481267848705123
48,2997.2696939327316,,,opposite-phase ring-site C-H stretching,nu(C7-C8),bond,0.00019929112700981617,-,-0.0013334248175180788,0.3834497769963347
48,2997.2696939327316,,,opposite-phase ring-site C-H stretching,nu(C8-H17),bond,0.00018594122775837874,+,0.001346445415299069,0.3508777138495141
48,2997.2696939327316,,,opposite-phase ring-site C-H stretching,delta(O1-C2-C3),angle,0.0001673660756395822,-,-0.001256082532787336,0.3629014258602332
48,2997.2696939327316,,,opposite-phase ring-site C-H stretching,"gamma(H15;C6,O5,H14)",oop,0.00010498850403116695,+,0.001342819903727861,0.1991882893990281
48,2997.2696939327316,,,opposite-phase ring-site C-H stretching,delta(C7-C8-H18),angle,6.789690312693056e-05,-,-0.0010508166741213317,0.21035539225769873
48,2997.2696939327316,,,opposite-phase ring-site C-H stretching,nu(C7-N9),bond,3.484106916814883e-05,-,-0.0005584435736954715,0.38219981510192685
48,2997.2696939327316,,,opposite-phase ring-site C-H stretching,"gamma(C8;C7,N9,H16)",oop,3.2440670707924015e-05,-,-0.00039876799915376885,0.6979218906199945
48,2997.2696939327316,,,opposite-phase ring-site C-H stretching,delta(C6-C7-H16),angle,3.081504648059663e-05,-,-0.0004493806600674749,0.522025437102308
48,2997.2696939327316,,,opposite-phase ring-site C-H stretching,delta(N9-C7-H16),angle,2.4564061902580146e-05,+,0.00044376949639695306,0.4267198877605949
48,2997.2696939327316,,,opposite-phase ring-site C-H stretching,"gamma(N9;C8,C7,H18)",oop,2.180535342503029e-05,-,-0.0003548884267708317,0.5922936146637127
48,2997.2696939327316,,,opposite-phase ring-site C-H stretching,tau(H10-C2-C3-C4),dihedral,1.4805664284839145e-05,-,-0.0023700407266180556,0.00901724508707496
48,2997.2696939327316,,,opposite-phase ring-site C-H stretching,"gamma(H15;C6,O5,C7)",oop,7.845689177755988e-06,+,0.0003461367900681451,0.22402328903471713
48,2997.2696939327316,,,opposite-phase ring-site C-H stretching,delta(O1-C2-H10),angle,6.580859299503762e-06,+,0.00027826628806648754,0.29074952250985897
48,2997.2696939327316,,,opposite-phase ring-site C-H stretching,"gamma(C8;C7,C6,N9)",oop,2.2566624828733964e-06,+,9.492022280671078e-05,0.8568537564805015
48,2997.2696939327316,,,opposite-phase ring-site C-H stretching,delta(N9-C8-H17),angle,1.3063300959654046e-06,+,0.00014225041973711848,0.22085305625644952
49,3094.5136753130805,,,ring-site C-H stretching,nu(C8-H18),bond,66.77861713337543,+,0.8379787424122835,0.3449931141630818
49,3094.5136753130805,,,ring-site C-H stretching,nu(C8-H17),bond,32.59511200733283,+,0.5805208881760175,0.3508777138495141
49,3094.5136753130805,,,ring-site C-H stretching,nu(C7-C8),bond,0.33729781603913994,-,-0.05649005848186171,0.3834497769963347
49,3094.5136753130805,,,ring-site C-H stretching,nu(C4-H13),bond,0.13203427624023223,+,0.03877695911544135,0.3185504336763951
49,3094.5136753130805,,,ring-site C-H stretching,"gamma(N9;C8,C7,H18)",oop,0.03284844882302861,-,-0.014184316464487878,0.5922936146637127
49,3094.5136753130805,,,ring-site C-H stretching,"gamma(C8;C7,C6,N9)",oop,0.02576771072795315,-,-0.010444894800542726,0.8568537564805015
49,3094.5136753130805,,,ring-site C-H stretching,nu(C6-H15),bond,0.022461547914355555,+,0.01609221907163987,0.3146638256816722
49,3094.5136753130805,,,ring-site C-H stretching,delta(N9-C8-H17),angle,0.013685404418415729,+,0.014993278760268996,0.22085305625644952
49,3094.5136753130805,,,ring-site C-H stretching,nu(C3-H11),bond,0.013162530255236643,+,0.012266804262576642,0.3173332068895945
49,3094.5136753130805,,,ring-site C-H stretching,nu(C4-H12),bond,0.009530135852691695,+,0.010017092135826784,0.3445519910153448
49,3094.5136753130805,,,ring-site C-H stretching,nu(C6-H14),bond,0.007964294666836364,+,0.00920820206978285,0.3407506136937907
49,3094.5136753130805,,,ring-site C-H stretching,tau(H17-C8-N9-C3),dihedral,0.006978739339238551,-,-0.013222229774593192,0.14481267848705123
49,3094.5136753130805,,,ring-site C-H stretching,nu(C7-H16),bond,0.006598403306892539,+,0.00832667255979753,0.34525095819208307
49,3094.5136753130805,,,ring-site C-H stretching,"gamma(N9;C7,C6,C8)",oop,0.00539431970837429,+,0.0036916957620295953,1.4358989750573936
49,3094.5136753130805,,,ring-site C-H stretching,delta(C3-N9-C8),angle,0.004685390937276282,+,0.007862029073597414,0.27498914531836777
49,3094.5136753130805,,,ring-site C-H stretching,nu(C2-H10),bond,0.0019153251232980214,+,0.004808533710866195,0.3005081011048296
49,3094.5136753130805,,,ring-site C-H stretching,"gamma(C8;C7,N9,H16)",oop,0.0018369843975073207,-,-0.003090073631850504,0.6979218906199945
49,3094.5136753130805,,,ring-site C-H stretching,nu(C7-N9),bond,0.0015967351374237288,-,-0.0038930565242946483,0.38219981510192685
49,3094.5136753130805,,,ring-site C-H stretching,"gamma(N9;C3,C2,C4)",oop,0.0005376154005865059,+,0.0021006539052329893,0.44197906466807035
49,3094.5136753130805,,,ring-site C-H stretching,"gamma(H15;C6,O5,H14)",oop,0.00039746714661427506,-,-0.0026905323738089493,0.1991882893990281
49,3094.5136753130805,,,ring-site C-H stretching,delta(C3-C4-H12),angle,0.00030843705058468813,+,0.0018890060476493002,0.313573139325566
49,3094.5136753130805,,,ring-site C-H stretching,nu(C3-C4),bond,0.00030217361252922285,-,-0.001936657848498216,0.2922737052353564
49,3094.5136753130805,,,ring-site C-H stretching,delta(C4-C3-H11),angle,0.0002344967240260718,-,-0.001312523737845454,0.4938117910383473
49,3094.5136753130805,,,ring-site C-H stretching,delta(C7-C8-H18),angle,0.00015803934889831783,+,0.001650917213539464,0.21035539225769873
49,3094.5136753130805,,,ring-site C-H stretching,delta(O5-C4-H13),angle,0.00010804888136115195,-,-0.001089801111430557,0.33003864165600133
49,3094.5136753130805,,,ring-site C-H stretching,nu(C4-O5),bond,9.496908498486201e-05,-,-0.001019567353030166,0.3314281718002575
49,3094.5136753130805,,,ring-site C-H stretching,delta(H12-C4-H13),angle,8.69070981316961e-05,-,-0.0010534469352071801,0.284098492946767
49,3094.5136753130805,,,ring-site C-H stretching,delta(C6-C7-H16),angle,5.533482583838134e-05,-,-0.000620116011939073,0.522025437102308
49,3094.5136753130805,,,ring-site C-H stretching,"gamma(N9;C3,C4,H11)",oop,4.3721372843841023e-05,-,-0.0005224074562344441,0.5811845564107604
49,3094.5136753130805,,,ring-site C-H stretching,delta(C2-C3-H11),angle,3.9964925708423936e-05,-,-0.0005133597599713692,0.5501414560655805
49,3094.5136753130805,,,ring-site C-H stretching,nu(C6-C7),bond,3.206765262388437e-05,+,0.0006099551656565428,0.31268737896018667
49,3094.5136753130805,,,ring-site C-H stretching,"gamma(O1;C2,C3,H10)",oop,2.004947606689877e-05,-,-0.0008170234828610353,0.10896147127568684
49,3094.5136753130805,,,ring-site C-H stretching,delta(N9-C7-H16),angle,1.9675016187261096e-05,-,-0.00040898333464174115,0.4267198877605949
49,3094.5136753130805,,,ring-site C-H stretching,nu(O5-C6),bond,1.533391258844321e-05,-,-0.0004026963380687739,0.34303357664828
49,3094.5136753130805,,,ring-site C-H stretching,delta(O1-C2-H10),angle,1.199389506702799e-05,-,-0.00038684779155744026,0.29074952250985897
49,3094.5136753130805,,,ring-site C-H stretching,nu(C2-C3),bond,1.0380863899612243e-05,-,-0.000383554041917661,0.25598786529004025
49,3094.5136753130805,,,ring-site C-H stretching,delta(O1-C2-C3),angle,1.036867387079766e-05,+,0.0003219487732281578,0.3629014258602332
49,3094.5136753130805,,,ring-site C-H stretching,delta(O5-C4-H12),angle,9.271521349603606e-06,+,0.0003090517296841728,0.3521499690707172
49,3094.5136753130805,,,ring-site C-H stretching,nu(O1-C2),bond,6.302341383294133e-06,+,0.00016350841554626667,0.8551862569590472
49,3094.5136753130805,,,ring-site C-H stretching,"gamma(H15;C6,C7,H14)",oop,4.004976397047125e-06,+,0.0002509147524448632,0.23077384044063307
49,3094.5136753130805,,,ring-site C-H stretching,delta(O5-C6-H14),angle,2.3812396723314174e-06,+,0.0001538837158124005,0.3648016460119256
49,3094.5136753130805,,,ring-site C-H stretching,tau(H10-C2-C3-C4),dihedral,1.7395825129999399e-06,-,-0.0008365753893719027,0.00901724508707496
49,3094.5136753130805,,,ring-site C-H stretching,"gamma(H15;C6,O5,C7)",oop,1.5687726067686668e-06,-,-0.00015938700815556472,0.22402328903471713
49,3094.5136753130805,,,ring-site C-H stretching,"gamma(N9;C3,C2,H11)",oop,2.697113210265284e-07,-,-5.530366292231559e-05,0.319911897315103
49,3094.5136753130805,,,ring-site C-H stretching,tau(C2-C3-C4-O5),dihedral,9.201245084460816e-08,+,4.6416185938704684e-05,0.15493398999329233
49,3094.5136753130805,,,ring-site C-H stretching,tau(C4-O5-C6-H14),dihedral,7.161437772490484e-08,-,-4.7054005540751574e-05,0.11733998626181286
49,3094.5136753130805,,,ring-site C-H stretching,nu(C3-N9),bond,3.5745080443467586e-08,-,-2.0287668428081373e-05,0.31505836222860206
49,3094.5136753130805,,,ring-site C-H stretching,delta(C4-O5-C6),angle,1.3924297967792828e-08,-,-9.659086449714229e-06,0.5414273760865053
50,3103.7560627811763,,,mixed-phase ring-site C-H stretching,nu(C6-H14),bond,87.97177211496243,-,-0.9798241514850051,0.3407506136937907
50,3103.7560627811763,,,mixed-phase ring-site C-H stretching,nu(C7-H16),bond,9.011022135154505,+,0.31154040139797257,0.34525095819208307
50,3103.7560627811763,,,mixed-phase ring-site C-H stretching,nu(C6-H15),bond,1.9712028828463353,+,0.1526289957508862,0.3146638256816722
50,3103.7560627811763,,,mixed-phase ring-site C-H stretching,"gamma(H15;C6,O5,C7)",oop,0.41032211791637385,+,0.08252977715831918,0.22402328903471713
50,3103.7560627811763,,,mixed-phase ring-site C-H stretching,delta(C6-C7-H16),angle,0.15222365278871902,-,-0.0329298710361777,0.522025437102308
50,3103.7560627811763,,,mixed-phase ring-site C-H stretching,delta(O5-C6-H14),angle,0.11160045871078038,+,0.033728683365519534,0.3648016460119256
50,3103.7560627811763,,,mixed-phase ring-site C-H stretching,delta(C4-O5-C6),angle,0.10976713178387364,+,0.027457490733342207,0.5414273760865053
50,3103.7560627811763,,,mixed-phase ring-site C-H stretching,nu(C4-H12),bond,0.09785368377085915,+,0.03249795261016877,0.3445519910153448
50,3103.7560627811763,,,mixed-phase ring-site C-H stretching,"gamma(C8;C7,C6,N9)",oop,0.04584883600831687,-,-0.014106055812698958,0.8568537564805015
50,3103.7560627811763,,,mixed-phase ring-site C-H stretching,nu(O5-C6),bond,0.022809902139708835,+,0.0157249107216434,0.34303357664828
50,3103.7560627811763,,,mixed-phase ring-site C-H stretching,"gamma(N9;C7,C6,C8)",oop,0.017094212577652354,+,0.0066536109100325605,1.4358989750573936
50,3103.7560627811763,,,mixed-phase ring-site C-H stretching,nu(C7-C8),bond,0.013881155716157001,-,-0.01160254766995331,0.3834497769963347
50,3103.7560627811763,,,mixed-phase ring-site C-H stretching,nu(C6-C7),bond,0.010941772513076356,+,0.011407315616321795,0.31268737896018667
50,3103.7560627811763,,,mixed-phase ring-site C-H stretching,delta(N9-C7-H16),angle,0.00945388373022186,-,-0.00907671040718438,0.4267198877605949
50,3103.7560627811763,,,mixed-phase ring-site C-H stretching,nu(C8-H18),bond,0.009145956592901796,+,0.009928968837023893,0.3449931141630818
50,3103.7560627811763,,,mixed-phase ring-site C-H stretching,nu(C7-N9),bond,0.008530050016089565,-,-0.009110146180554076,0.38219981510192685
50,3103.7560627811763,,,mixed-phase ring-site C-H stretching,"gamma(C8;C7,N9,H16)",oop,0.0058634570137885665,+,0.005589439449130602,0.6979218906199945
50,3103.7560627811763,,,mixed-phase ring-site C-H stretching,nu(C4-H13),bond,0.005822762521182932,-,-0.008244612183872324,0.3185504336763951
50,3103.7560627811763,,,mixed-phase ring-site C-H stretching,nu(C8-H17),bond,0.0046106078263540564,-,-0.00699030286158687,0.3508777138495141
50,3103.7560627811763,,,mixed-phase ring-site C-H stretching,delta(C7-C8-H18),angle,0.0030928519373836488,-,-0.007394307946211056,0.21035539225769873
50,3103.7560627811763,,,mixed-phase ring-site C-H stretching,"gamma(H15;C6,C7,H14)",oop,0.0027843916586819117,-,-0.00669833195510797,0.23077384044063307
50,3103.7560627811763,,,mixed-phase ring-site C-H stretching,tau(C4-O5-C6-H14),dihedral,0.0013253101870535349,+,0.006480828734637819,0.11733998626181286
50,3103.7560627811763,,,mixed-phase ring-site C-H stretching,"gamma(H15;C6,O5,H14)",oop,0.0011506430761981923,+,0.0046348235653308045,0.1991882893990281
50,3103.7560627811763,,,mixed-phase ring-site C-H stretching,"gamma(N9;C8,C7,H18)",oop,0.0007933928326614487,+,0.0022318777581370863,0.5922936146637127
50,3103.7560627811763,,,mixed-phase ring-site C-H stretching,nu(C2-H10),bond,0.00027335426106616555,-,-0.0018392028239706852,0.3005081011048296
50,3103.7560627811763,,,mixed-phase ring-site C-H stretching,nu(C3-H11),bond,0.0002279610252242603,+,0.0016344337950527253,0.3173332068895945
50,3103.7560627811763,,,mixed-phase ring-site C-H stretching,delta(O5-C4-H12),angle,0.00011246997407928065,-,-0.0010898061725795778,0.3521499690707172
50,3103.7560627811763,,,mixed-phase ring-site C-H stretching,delta(H12-C4-H13),angle,8.009084828239508e-05,-,-0.0010238864012320397,0.284098492946767
50,3103.7560627811763,,,mixed-phase ring-site C-H stretching,nu(C3-C4),bond,7.740424394892696e-05,-,-0.000992389834651307,0.2922737052353564
50,3103.7560627811763,,,mixed-phase ring-site C-H stretching,delta(O5-C4-H13),angle,7.673126328140129e-05,+,0.0009298193328737672,0.33003864165600133
50,3103.7560627811763,,,mixed-phase ring-site C-H stretching,nu(C4-O5),bond,7.471018525534894e-05,+,0.0009155667012635485,0.3314281718002575
50,3103.7560627811763,,,mixed-phase ring-site C-H stretching,delta(C4-C3-H11),angle,5.493214222069542e-05,+,0.0006431723017566906,0.4938117910383473
50,3103.7560627811763,,,mixed-phase ring-site C-H stretching,"gamma(N9;C3,C2,C4)",oop,2.9577541686110983e-05,-,-0.0004988557488932644,0.44197906466807035
50,3103.7560627811763,,,mixed-phase ring-site C-H stretching,delta(N9-C8-H17),angle,2.4163323922301568e-05,+,0.0006378542070294856,0.22085305625644952
50,3103.7560627811763,,,mixed-phase ring-site C-H stretching,tau(C2-C3-C4-O5),dihedral,1.4944486097499978e-05,+,0.0005989105083157912,0.15493398999329233
50,3103.7560627811763,,,mixed-phase ring-site C-H stretching,delta(C2-C3-H11),angle,7.672916076173821e-06,-,-0.00022773922106307022,0.5501414560655805
50,3103.7560627811763,,,mixed-phase ring-site C-H stretching,"gamma(N9;C3,C4,H11)",oop,7.017361086675e-06,+,0.00021189693387024144,0.5811845564107604
50,3103.7560627811763,,,mixed-phase ring-site C-H stretching,tau(H17-C8-N9-C3),dihedral,5.873973170922849e-06,-,-0.00038838055608820274,0.14481267848705123
50,3103.7560627811763,,,mixed-phase ring-site C-H stretching,nu(C2-C3),bond,4.730995826162425e-06,+,0.00026215695635090227,0.25598786529004025
50,3103.7560627811763,,,mixed-phase ring-site C-H stretching,delta(C3-N9-C8),angle,3.5096360008608036e-06,+,0.00021785526275194678,0.27498914531836777
50,3103.7560627811763,,,mixed-phase ring-site C-H stretching,"gamma(N9;C3,C2,H11)",oop,3.061778441839619e-06,+,0.00018865419977852327,0.319911897315103
50,3103.7560627811763,,,mixed-phase ring-site C-H stretching,delta(C3-C4-H12),angle,2.685666966918445e-06,-,-0.00017846433782870206,0.313573139325566
50,3103.7560627811763,,,mixed-phase ring-site C-H stretching,delta(O1-C2-H10),angle,2.244959630922721e-06,+,0.0001694492129590978,0.29074952250985897
50,3103.7560627811763,,,mixed-phase ring-site C-H stretching,tau(H10-C2-C3-C4),dihedral,1.2828351473189377e-06,+,0.0007273497289959375,0.00901724508707496
50,3103.7560627811763,,,mixed-phase ring-site C-H stretching,nu(O1-C2),bond,7.698729364623196e-07,+,5.78594049868664e-05,0.8551862569590472
50,3103.7560627811763,,,mixed-phase ring-site C-H stretching,delta(O1-C2-C3),angle,7.401233250420615e-07,-,-8.708683384365867e-05,0.3629014258602332
50,3103.7560627811763,,,mixed-phase ring-site C-H stretching,nu(C3-N9),bond,4.6784915982785026e-07,-,-7.431084753252929e-05,0.31505836222860206
50,3103.7560627811763,,,mixed-phase ring-site C-H stretching,"gamma(O1;C2,C3,H10)",oop,2.384558704832933e-07,-,-9.021158702678475e-05,0.10896147127568684
51,3125.0010114012553,,,ring-site C-H stretching,nu(C4-H12),bond,95.39031235524851,-,-1.0191942086997343,0.3445519910153448
51,3125.0010114012553,,,ring-site C-H stretching,nu(C4-H13),bond,2.9283963572842304,+,0.18571972091071207,0.3185504336763951
51,3125.0010114012553,,,ring-site C-H stretching,nu(C7-H16),bond,0.7714418605175347,+,0.09156222718174707,0.34525095819208307
51,3125.0010114012553,,,ring-site C-H stretching,nu(C3-H11),bond,0.14177280440114126,-,-0.040942173891610346,0.3173332068895945
51,3125.0010114012553,,,ring-site C-H stretching,delta(C4-O5-C6),angle,0.138781677609207,+,0.03101188427314862,0.5414273760865053
51,3125.0010114012553,,,ring-site C-H stretching,delta(O5-C4-H12),angle,0.1341111971723104,+,0.037800790856192805,0.3521499690707172
51,3125.0010114012553,,,ring-site C-H stretching,delta(O5-C4-H13),angle,0.10129774754346736,-,-0.03393514369128758,0.33003864165600133
51,3125.0010114012553,,,ring-site C-H stretching,delta(C3-C4-H12),angle,0.07197213716524699,+,0.029345733297809838,0.313573139325566
51,3125.0010114012553,,,ring-site C-H stretching,"gamma(N9;C3,C2,C4)",oop,0.05968590106547185,+,0.022509571195366052,0.44197906466807035
51,3125.0010114012553,,,ring-site C-H stretching,delta(C4-C3-H11),angle,0.052962950309444846,-,-0.020060305871380944,0.4938117910383473
51,3125.0010114012553,,,ring-site C-H stretching,"gamma(N9;C3,C4,H11)",oop,0.048849367130539716,+,0.017758432619643744,0.5811845564107604
51,3125.0010114012553,,,ring-site C-H stretching,nu(C3-C4),bond,0.04415488424243498,+,0.02380820735678615,0.2922737052353564
51,3125.0010114012553,,,ring-site C-H stretching,delta(H12-C4-H13),angle,0.03804768432211023,+,0.022416192298775027,0.284098492946767
51,3125.0010114012553,,,ring-site C-H stretching,tau(C2-C3-C4-O5),dihedral,0.033558827754922506,-,-0.028507703427430055,0.15493398999329233
51,3125.0010114012553,,,ring-site C-H stretching,nu(C4-O5),bond,0.02693381663268475,+,0.017461696384869115,0.3314281718002575
51,3125.0010114012553,,,ring-site C-H stretching,nu(C6-H14),bond,0.0038089878711095025,-,-0.006476176333992587,0.3407506136937907
51,3125.0010114012553,,,ring-site C-H stretching,nu(C8-H17),bond,0.0023524420876685887,+,0.00501549465324048,0.3508777138495141
51,3125.0010114012553,,,ring-site C-H stretching,tau(H10-C2-C3-C4),dihedral,0.0019815895977815853,-,-0.028714556548771853,0.00901724508707496
51,3125.0010114012553,,,ring-site C-H stretching,nu(C7-C8),bond,0.0014513701132870056,-,-0.0037684871338064586,0.3834497769963347
51,3125.0010114012553,,,ring-site C-H stretching,nu(C6-H15),bond,0.0009098521785156704,-,-0.003293777087229005,0.3146638256816722
51,3125.0010114012553,,,ring-site C-H stretching,delta(N9-C7-H16),angle,0.0009036101792655734,-,-0.0028187159240277565,0.4267198877605949
51,3125.0010114012553,,,ring-site C-H stretching,delta(C6-C7-H16),angle,0.0008044308265757731,-,-0.0024045328424745715,0.522025437102308
51,3125.0010114012553,,,ring-site C-H stretching,nu(C7-N9),bond,0.0007995629897878337,-,-0.0028016462554618397,0.38219981510192685
51,3125.0010114012553,,,ring-site C-H stretching,nu(C6-C7),bond,0.0007452738351258591,-,-0.002990439047611237,0.31268737896018667
51,3125.0010114012553,,,ring-site C-H stretching,nu(C2-H10),bond,0.0007158055373956182,+,0.002989521137594017,0.3005081011048296
51,3125.0010114012553,,,ring-site C-H stretching,delta(C2-C3-H11),angle,0.0005569886184730587,+,0.0019490284020104156,0.5501414560655805
51,3125.0010114012553,,,ring-site C-H stretching,"gamma(C8;C7,N9,H16)",oop,0.0004058224529639397,+,0.0014770555177069957,0.6979218906199945
51,3125.0010114012553,,,ring-site C-H stretching,"gamma(N9;C7,C6,C8)",oop,0.00036921052894515213,+,0.0009822166453384276,1.4358989750573936
51,3125.0010114012553,,,ring-site C-H stretching,"gamma(H15;C6,O5,C7)",oop,0.0003032822820959139,+,0.002253767587689649,0.22402328903471713
51,3125.0010114012553,,,ring-site C-H stretching,nu(O1-C2),bond,0.0002723387880233168,-,-0.0010930916767134217,0.8551862569590472
51,3125.0010114012553,,,ring-site C-H stretching,nu(C3-N9),bond,0.00023057566358848774,+,0.0016570797944082897,0.31505836222860206
51,3125.0010114012553,,,ring-site C-H stretching,nu(O5-C6),bond,0.00017628151032107723,+,0.0013885683413109098,0.34303357664828
51,3125.0010114012553,,,ring-site C-H stretching,delta(C7-C8-H18),angle,0.00015741137535918703,-,-0.0016756118608914493,0.21035539225769873
51,3125.0010114012553,,,ring-site C-H stretching,"gamma(C8;C7,C6,N9)",oop,0.0001344382763464238,-,-0.000767256027752582,0.8568537564805015
51,3125.0010114012553,,,ring-site C-H stretching,"gamma(N9;C8,C7,H18)",oop,0.00012911706544153017,+,0.0009043894589893875,0.5922936146637127
51,3125.0010114012553,,,ring-site C-H stretching,nu(C2-C3),bond,0.00011339762811200701,+,0.0012892124465450914,0.25598786529004025
51,3125.0010114012553,,,ring-site C-H stretching,delta(C3-N9-C8),angle,8.221685987661391e-05,+,0.001059143635778881,0.27498914531836777
51,3125.0010114012553,,,ring-site C-H stretching,"gamma(O1;C2,C3,H10)",oop,7.830945559649307e-05,+,0.001642112158610166,0.10896147127568684
51,3125.0010114012553,,,ring-site C-H stretching,"gamma(N9;C3,C2,H11)",oop,7.753090172576273e-05,-,-0.0009535740315071944,0.319911897315103
51,3125.0010114012553,,,ring-site C-H stretching,nu(C8-H18),bond,6.683587497838862e-05,+,0.0008525734403607594,0.3449931141630818
51,3125.0010114012553,,,ring-site C-H stretching,delta(O1-C2-C3),angle,3.6389251867695774e-05,+,0.000613372668105811,0.3629014258602332
51,3125.0010114012553,,,ring-site C-H stretching,delta(O1-C2-H10),angle,2.5671577452085882e-05,+,0.0005755710828576585,0.29074952250985897
51,3125.0010114012553,,,ring-site C-H stretching,"gamma(H15;C6,C7,H14)",oop,1.804671408009934e-05,-,-0.0005416739795634138,0.23077384044063307
51,3125.0010114012553,,,ring-site C-H stretching,tau(C4-O5-C6-H14),dihedral,8.903771267888466e-06,+,0.0005335758618838631,0.11733998626181286
51,3125.0010114012553,,,ring-site C-H stretching,delta(O5-C6-H14),angle,2.201292589932225e-06,+,0.00015046749295035701,0.3648016460119256
51,3125.0010114012553,,,ring-site C-H stretching,delta(N9-C8-H17),angle,1.29521207626972e-06,-,-0.00014833749114345228,0.22085305625644952
51,3125.0010114012553,,,ring-site C-H stretching,tau(H17-C8-N9-C3),dihedral,8.765911439681489e-07,+,0.00015070492316107914,0.14481267848705123
51,3125.0010114012553,,,ring-site C-H stretching,"gamma(H15;C6,O5,H14)",oop,3.646919752526982e-07,+,8.288260572733423e-05,0.1991882893990281
52,3132.070282395403,,,ring-site C-H stretching,nu(C7-H16),bond,88.6343751262823,-,-0.9793228440866639,0.34525095819208307
52,3132.070282395403,,,ring-site C-H stretching,nu(C6-H14),bond,8.677165945813009,-,-0.30843444024830496,0.3407506136937907
52,3132.070282395403,,,ring-site C-H stretching,nu(C8-H17),bond,0.7761307404838421,+,0.09090374763258112,0.3508777138495141
52,3132.070282395403,,,ring-site C-H stretching,nu(C4-H12),bond,0.648680906713313,-,-0.08386493475138829,0.3445519910153448
52,3132.070282395403,,,ring-site C-H stretching,nu(C6-H15),bond,0.30642934821387163,+,0.06031620481483685,0.3146638256816722
52,3132.070282395403,,,ring-site C-H stretching,nu(C8-H18),bond,0.25023025859264636,-,-0.05205433907766095,0.3449931141630818
52,3132.070282395403,,,ring-site C-H stretching,nu(C6-C7),bond,0.15448635359518353,+,0.042961765770512986,0.31268737896018667
52,3132.070282395403,,,ring-site C-H stretching,nu(C7-C8),bond,0.132158747381275,+,0.03588276905012575,0.3834497769963347
52,3132.070282395403,,,ring-site C-H stretching,delta(N9-C7-H16),angle,0.11776475372151883,+,0.03210912418667107,0.4267198877605949
52,3132.070282395403,,,ring-site C-H stretching,nu(C7-N9),bond,0.0793183977099371,+,0.02784415019758633,0.38219981510192685
52,3132.070282395403,,,ring-site C-H stretching,"gamma(C8;C7,N9,H16)",oop,0.07258520185950917,-,-0.019711191265512382,0.6979218906199945
52,3132.070282395403,,,ring-site C-H stretching,delta(C7-C8-H18),angle,0.04708877107224146,+,0.028918388731103896,0.21035539225769873
52,3132.070282395403,,,ring-site C-H stretching,delta(C4-O5-C6),angle,0.019840849425230695,+,0.011700441857940932,0.5414273760865053
52,3132.070282395403,,,ring-site C-H stretching,delta(C6-C7-H16),angle,0.01594184349277556,+,0.01068109248547552,0.522025437102308
52,3132.070282395403,,,ring-site C-H stretching,delta(O5-C6-H14),angle,0.015037197587660898,+,0.01240930035533605,0.3648016460119256
52,3132.070282395403,,,ring-site C-H stretching,nu(C4-H13),bond,0.012600895433191529,+,0.01215636807396337,0.3185504336763951
52,3132.070282395403,,,ring-site C-H stretching,"gamma(C8;C7,C6,N9)",oop,0.011590389766033646,+,0.0071086626655191,0.8568537564805015
52,3132.070282395403,,,ring-site C-H stretching,"gamma(N9;C7,C6,C8)",oop,0.0065873569537884345,-,-0.0041398622803561205,1.4358989750573936
52,3132.070282395403,,,ring-site C-H stretching,nu(C3-H11),bond,0.005647689595742879,-,-0.008153984605115199,0.3173332068895945
52,3132.070282395403,,,ring-site C-H stretching,"gamma(N9;C8,C7,H18)",oop,0.005380982694920567,-,-0.0058257857668444985,0.5922936146637127
52,3132.070282395403,,,ring-site C-H stretching,"gamma(H15;C6,O5,C7)",oop,0.0021380158414716316,+,0.005971055565118049,0.22402328903471713
52,3132.070282395403,,,ring-site C-H stretching,nu(O5-C6),bond,0.0015664993486445933,+,0.004130370701042912,0.34303357664828
52,3132.070282395403,,,ring-site C-H stretching,delta(N9-C8-H17),angle,0.0011423878147546048,-,-0.004395895017206359,0.22085305625644952
52,3132.070282395403,,,ring-site C-H stretching,delta(O5-C4-H12),angle,0.0010238804371827171,+,0.0032957406838626142,0.3521499690707172
52,3132.070282395403,,,ring-site C-H stretching,"gamma(H15;C6,O5,H14)",oop,0.0008782534078079768,+,0.004058543999822442,0.1991882893990281
52,3132.070282395403,,,ring-site C-H stretching,tau(H17-C8-N9-C3),dihedral,0.0006072471186117699,+,0.003957962507672106,0.14481267848705123
52,3132.070282395403,,,ring-site C-H stretching,delta(O5-C4-H13),angle,0.0006010779855689341,-,-0.002608406377825953,0.33003864165600133
52,3132.070282395403,,,ring-site C-H stretching,nu(C3-C4),bond,0.000547251639308641,+,0.0026447882132905652,0.2922737052353564
52,3132.070282395403,,,ring-site C-H stretching,delta(C3-N9-C8),angle,0.0005011238865661934,-,-0.0026091978642613675,0.27498914531836777
52,3132.070282395403,,,ring-site C-H stretching,delta(C4-C3-H11),angle,0.0003248219396000581,-,-0.0015675961480818405,0.4938117910383473
52,3132.070282395403,,,ring-site C-H stretching,delta(C3-C4-H12),angle,0.0003042938302365799,+,0.0019040106981948717,0.313573139325566
52,3132.070282395403,,,ring-site C-H stretching,tau(C2-C3-C4-O5),dihedral,0.0002920673435334861,-,-0.0026537523113759594,0.15493398999329233
52,3132.070282395403,,,ring-site C-H stretching,nu(C4-O5),bond,0.0002880353082142646,+,0.0018018572903219625,0.3314281718002575
52,3132.070282395403,,,ring-site C-H stretching,delta(H12-C4-H13),angle,0.0002646073145334009,+,0.001865342973029073,0.284098492946767
52,3132.070282395403,,,ring-site C-H stretching,"gamma(N9;C3,C2,C4)",oop,0.00016004846173138957,+,0.001163100227699574,0.44197906466807035
52,3132.070282395403,,,ring-site C-H stretching,delta(C2-C3-H11),angle,0.00015081262816154514,+,0.0010119846048034303,0.5501414560655805
52,3132.070282395403,,,ring-site C-H stretching,"gamma(N9;C3,C2,H11)",oop,4.43825270456085e-05,-,-0.000719918038045487,0.319911897315103
52,3132.070282395403,,,ring-site C-H stretching,"gamma(H15;C6,C7,H14)",oop,4.2784254490244696e-05,+,0.0008322253366380762,0.23077384044063307
52,3132.070282395403,,,ring-site C-H stretching,"gamma(N9;C3,C4,H11)",oop,1.5113602145950634e-05,+,0.000311687365294904,0.5811845564107604
52,3132.070282395403,,,ring-site C-H stretching,nu(O1-C2),bond,1.5013462371928007e-05,-,-0.0002560957145898453,0.8551862569590472
52,3132.070282395403,,,ring-site C-H stretching,nu(C2-H10),bond,1.4725957595993336e-05,+,0.00042786416898021835,0.3005081011048296
52,3132.070282395403,,,ring-site C-H stretching,nu(C2-C3),bond,1.133292773776878e-05,-,-0.0004066807429014917,0.25598786529004025
52,3132.070282395403,,,ring-site C-H stretching,tau(H10-C2-C3-C4),dihedral,1.0083865345863328e-05,-,-0.0020439431853820187,0.00901724508707496
52,3132.070282395403,,,ring-site C-H stretching,tau(C4-O5-C6-H14),dihedral,7.193489980681139e-06,+,0.0004785629169445437,0.11733998626181286
52,3132.070282395403,,,ring-site C-H stretching,"gamma(O1;C2,C3,H10)",oop,4.1337995102721215e-06,+,0.00037647007727513064,0.10896147127568684
52,3132.070282395403,,,ring-site C-H stretching,delta(O1-C2-C3),angle,1.3568350235356905e-06,+,0.00011818474519523583,0.3629014258602332
52,3132.070282395403,,,ring-site C-H stretching,delta(O1-C2-H10),angle,8.958779124375687e-07,+,0.00010728948172781806,0.29074952250985897
52,3132.070282395403,,,ring-site C-H stretching,nu(C3-N9),bond,8.027069174317773e-07,-,-9.756077353356963e-05,0.31505836222860206
53,3182.1483113480235,,,mixed-phase ring-site C-H stretching,nu(C8-H17),bond,65.77938070408214,-,-0.8539025444101688,0.3508777138495141
53,3182.1483113480235,,,mixed-phase ring-site C-H stretching,nu(C8-H18),bond,32.58353086320743,+,0.6060872784304714,0.3449931141630818
53,3182.1483113480235,,,mixed-phase ring-site C-H stretching,nu(C7-H16),bond,0.8969781893023996,-,-0.10052285275079792,0.34525095819208307
53,3182.1483113480235,,,mixed-phase ring-site C-H stretching,delta(N9-C8-H17),angle,0.1598840697388095,+,0.05306304891395151,0.22085305625644952
53,3182.1483113480235,,,mixed-phase ring-site C-H stretching,delta(C7-C8-H18),angle,0.14961196375613528,-,-0.0525953860129463,0.21035539225769873
53,3182.1483113480235,,,mixed-phase ring-site C-H stretching,"gamma(C8;C7,C6,N9)",oop,0.07586830915463239,-,-0.018557444051904414,0.8568537564805015
53,3182.1483113480235,,,mixed-phase ring-site C-H stretching,delta(C3-N9-C8),angle,0.07241490845073249,+,0.032003503720639204,0.27498914531836777
53,3182.1483113480235,,,mixed-phase ring-site C-H stretching,"gamma(C8;C7,N9,H16)",oop,0.06184628737397832,+,0.018564989872729414,0.6979218906199945
53,3182.1483113480235,,,mixed-phase ring-site C-H stretching,"gamma(N9;C8,C7,H18)",oop,0.06084902091251873,-,-0.019989391862483167,0.5922936146637127
53,3182.1483113480235,,,mixed-phase ring-site C-H stretching,nu(C6-H14),bond,0.030395966098962383,-,-0.018626487366470962,0.3407506136937907
53,3182.1483113480235,,,mixed-phase ring-site C-H stretching,nu(C7-C8),bond,0.029403605879156212,+,0.017269802123780837,0.3834497769963347
53,3182.1483113480235,,,mixed-phase ring-site C-H stretching,nu(C4-H13),bond,0.026081117744869146,+,0.017844948928136168,0.3185504336763951
53,3182.1483113480235,,,mixed-phase ring-site C-H stretching,tau(H17-C8-N9-C3),dihedral,0.023378360485731126,-,-0.025057921368222227,0.14481267848705123
53,3182.1483113480235,,,mixed-phase ring-site C-H stretching,nu(C6-H15),bond,0.018936743333029353,+,0.015299264288340145,0.3146638256816722
53,3182.1483113480235,,,mixed-phase ring-site C-H stretching,"gamma(N9;C7,C6,C8)",oop,0.01641936423246929,-,-0.006668951139171886,1.4358989750573936
53,3182.1483113480235,,,mixed-phase ring-site C-H stretching,nu(C4-H12),bond,0.008307088159993337,-,-0.009683633353513167,0.3445519910153448
53,3182.1483113480235,,,mixed-phase ring-site C-H stretching,delta(N9-C7-H16),angle,0.0015325400964820845,+,0.0037374534370102548,0.4267198877605949
53,3182.1483113480235,,,mixed-phase ring-site C-H stretching,delta(C6-C7-H16),angle,0.0014869745607105902,+,0.003328489921471725,0.522025437102308
53,3182.1483113480235,,,mixed-phase ring-site C-H stretching,nu(C6-C7),bond,0.0010070620022270373,+,0.003539274431137589,0.31268737896018667
53,3182.1483113480235,,,mixed-phase ring-site C-H stretching,nu(C7-N9),bond,0.0008997070687342938,+,0.003025844738200809,0.38219981510192685
53,3182.1483113480235,,,mixed-phase ring-site C-H stretching,nu(C3-H11),bond,0.0007219429462977849,-,-0.002974643935865448,0.3173332068895945
53,3182.1483113480235,,,mixed-phase ring-site C-H stretching,delta(O5-C6-H14),angle,0.00021964113581591412,+,0.0015302759596438416,0.3648016460119256
53,3182.1483113480235,,,mixed-phase ring-site C-H stretching,delta(C4-O5-C6),angle,0.00021357070589169083,+,0.001238631286897883,0.5414273760865053
53,3182.1483113480235,,,mixed-phase ring-site C-H stretching,nu(C2-H10),bond,0.00016937890600241928,-,-0.0014806175042647504,0.3005081011048296
53,3182.1483113480235,,,mixed-phase ring-site C-H stretching,"gamma(H15;C6,C7,H14)",oop,6.179522310965686e-05,+,0.0010205292888799558,0.23077384044063307
53,3182.1483113480235,,,mixed-phase ring-site C-H stretching,delta(O5-C4-H13),angle,5.57020811480986e-05,-,-0.0008102044517034549,0.33003864165600133
53,3182.1483113480235,,,mixed-phase ring-site C-H stretching,delta(O5-C4-H12),angle,5.495586077848776e-05,+,0.0007790843667857886,0.3521499690707172
53,3182.1483113480235,,,mixed-phase ring-site C-H stretching,delta(C3-C4-H12),angle,4.904651478054403e-05,+,0.0007799665160909882,0.313573139325566
53,3182.1483113480235,,,mixed-phase ring-site C-H stretching,"gamma(H15;C6,O5,H14)",oop,4.886906919369376e-05,-,-0.0009768467644888524,0.1991882893990281
53,3182.1483113480235,,,mixed-phase ring-site C-H stretching,delta(C4-C3-H11),angle,4.206197765086081e-05,-,-0.0005755796438445357,0.4938117910383473
53,3182.1483113480235,,,mixed-phase ring-site C-H stretching,tau(C2-C3-C4-O5),dihedral,3.414469496825404e-05,-,-0.0009258264324240381,0.15493398999329233
53,3182.1483113480235,,,mixed-phase ring-site C-H stretching,"gamma(N9;C3,C2,C4)",oop,3.045818397419509e-05,-,-0.0005177170446039487,0.44197906466807035
53,3182.1483113480235,,,mixed-phase ring-site C-H stretching,"gamma(N9;C3,C2,H11)",oop,2.905458622887108e-05,-,-0.0005943379493924687,0.319911897315103
53,3182.1483113480235,,,mixed-phase ring-site C-H stretching,"gamma(N9;C3,C4,H11)",oop,1.4122506365297896e-05,+,0.0003074256972114551,0.5811845564107604
53,3182.1483113480235,,,mixed-phase ring-site C-H stretching,nu(O1-C2),bond,8.763446161599508e-06,+,0.00019964039235786398,0.8551862569590472
53,3182.1483113480235,,,mixed-phase ring-site C-H stretching,delta(H12-C4-H13),angle,7.777601567743653e-06,-,-0.000326309479466666,0.284098492946767
53,3182.1483113480235,,,mixed-phase ring-site C-H stretching,nu(C4-O5),bond,5.274703931997706e-06,-,-0.00024879728859522805,0.3314281718002575
53,3182.1483113480235,,,mixed-phase ring-site C-H stretching,"gamma(H15;C6,O5,C7)",oop,4.6965852519421395e-06,-,-0.00028555241024774057,0.22402328903471713
53,3182.1483113480235,,,mixed-phase ring-site C-H stretching,tau(C4-O5-C6-H14),dihedral,4.004125547975006e-06,+,0.00036431087571655603,0.11733998626181286
53,3182.1483113480235,,,mixed-phase ring-site C-H stretching,nu(O5-C6),bond,3.3623504578123897e-06,-,-0.00019525154677070317,0.34303357664828
53,3182.1483113480235,,,mixed-phase ring-site C-H stretching,delta(O1-C2-C3),angle,2.9993539303219187e-06,-,-0.00017929196653960973,0.3629014258602332
53,3182.1483113480235,,,mixed-phase ring-site C-H stretching,nu(C3-N9),bond,1.3907567828281164e-06,-,-0.0001310301980965373,0.31505836222860206
53,3182.1483113480235,,,mixed-phase ring-site C-H stretching,delta(C2-C3-H11),angle,1.3136533809453911e-06,+,9.63705899176928e-05,0.5501414560655805
53,3182.1483113480235,,,mixed-phase ring-site C-H stretching,"gamma(O1;C2,C3,H10)",oop,1.0016549499528052e-06,+,0.0001890879707791996,0.10896147127568684
53,3182.1483113480235,,,mixed-phase ring-site C-H stretching,nu(C3-C4),bond,8.397375892217333e-07,-,-0.00010571052607803616,0.2922737052353564
53,3182.1483113480235,,,mixed-phase ring-site C-H stretching,delta(O1-C2-H10),angle,4.2625765628194855e-07,+,7.551233522360389e-05,0.29074952250985897
53,3182.1483113480235,,,mixed-phase ring-site C-H stretching,nu(C2-C3),bond,2.9675404523495234e-07,+,6.714751491030154e-05,0.25598786529004025
53,3182.1483113480235,,,mixed-phase ring-site C-H stretching,tau(H10-C2-C3-C4),dihedral,2.629854013040558e-07,-,-0.00033679853463610635,0.00901724508707496
