mode,harmonic_frequency_cm-1,vpt2_fundamental_cm-1,harmonic_intensity_km_mol,assignment,internal_coordinate,type,percent,phase,D_value,F_diagonal
6,63.25664101152374,,,C-C torsion,tau(O3-C2-C7-O9),dihedral,31.769152210285966,+,0.051603269663864824,0.11552506365896313
6,63.25664101152374,,,C-C torsion,tau(O3-C2-C7-N8),dihedral,29.97408612033514,+,0.053982985941651386,0.09959950414138982
6,63.25664101152374,,,C-C torsion,tau(O3-C4-C5-H15),dihedral,11.590205478382947,+,0.07910719197420209,0.017934291688590415
6,63.25664101152374,,,C-C torsion,delta(O3-C4-C5),angle,6.749616977616501,-,-0.009413256763285733,0.73760584533266
6,63.25664101152374,,,C-C torsion,"gamma(C2;C4,C5,H13)",oop,6.089782381584803,+,0.010981166116319432,0.48902367153120335
6,63.25664101152374,,,C-C torsion,tau(O9-C7-N8-H17),dihedral,4.075076807346901,-,-0.03564641571030927,0.031054825617639323
6,63.25664101152374,,,C-C torsion,tau(H10-C1-C2-C7),dihedral,2.3918880795016526,+,0.011874775820245792,0.16425365664741987
6,63.25664101152374,,,C-C torsion,tau(C2-O3-C4-C5),dihedral,1.2538243680210877,-,-0.006038942599557384,0.3329200368533325
6,63.25664101152374,,,C-C torsion,delta(C4-C5-O6),angle,0.9574179930240013,-,-0.00467258719214142,0.4246310893417379
6,63.25664101152374,,,C-C torsion,tau(C7-C2-O3-C4),dihedral,0.8916547359500826,-,-0.005192038754547019,0.3202918595636512
6,63.25664101152374,,,C-C torsion,tau(C2-C7-N8-H18),dihedral,0.6667884327278029,+,0.015622760879821222,0.026454375718111652
6,63.25664101152374,,,C-C torsion,tau(H15-C5-O6-H16),dihedral,0.6632942790752473,-,-0.020308183128878294,0.015573604478316995
6,63.25664101152374,,,C-C torsion,tau(H12-C1-C2-O3),dihedral,0.5487715155531926,+,0.005648382650596316,0.16655910224267684
6,63.25664101152374,,,C-C torsion,delta(O3-C2-C7),angle,0.48955105149440803,-,-0.0030607545048655406,0.506018068089154
6,63.25664101152374,,,C-C torsion,delta(C5-C4-H13),angle,0.3297056717704993,+,0.0033101234922332237,0.29138222577639733
6,63.25664101152374,,,C-C torsion,nu(C2-C4),bond,0.3214286828689917,+,0.0029129250872845665,0.3668183290081972
6,63.25664101152374,,,C-C torsion,delta(C4-C5-H14),angle,0.24707589053253518,+,0.0025675336495945963,0.36293020366388096
6,63.25664101152374,,,C-C torsion,delta(C5-O6-H16),angle,0.16310475309269137,-,-0.002934250967270229,0.18344130679358742
6,63.25664101152374,,,C-C torsion,"gamma(O3;C2,C1,C4)",oop,0.14469866983074492,-,-0.0009123042102171401,1.6834887239813823
6,63.25664101152374,,,C-C torsion,delta(O6-C5-H15),angle,0.12794541812238533,+,0.001899524864579546,0.34336798788252265
6,63.25664101152374,,,C-C torsion,delta(C7-N8-H18),angle,0.11823698795303983,-,-0.002167249262375638,0.24375900097385186
6,63.25664101152374,,,C-C torsion,tau(C1-C2-C4-H13),dihedral,0.10388757376684847,+,0.0017826904661479481,0.31654594256257856
6,63.25664101152374,,,C-C torsion,delta(H17-N8-H18),angle,0.06460395334747025,-,-0.0016768737805226113,0.2224761076628819
6,63.25664101152374,,,C-C torsion,delta(N8-C7-O9),angle,0.05844062732969557,-,-0.0010483548340686332,0.5149004794564609
6,63.25664101152374,,,C-C torsion,delta(O6-C5-H14),angle,0.04301159261376466,-,-0.0010248813885658191,0.3965183969738679
6,63.25664101152374,,,C-C torsion,nu(C7-N8),bond,0.038613938444705405,+,0.0009119815833734292,0.44956966026774636
6,63.25664101152374,,,C-C torsion,delta(H11-C1-H12),angle,0.024616884748431177,-,-0.0009980693741885613,0.23929667529530443
6,63.25664101152374,,,C-C torsion,nu(C4-C5),bond,0.019073530798232787,+,0.0008088183112668722,0.2823281460877687
6,63.25664101152374,,,C-C torsion,delta(C2-C1-H12),angle,0.015426674612893255,+,0.0007008189918660343,0.3041484625700951
6,63.25664101152374,,,C-C torsion,delta(C1-C2-C4),angle,0.015222388082210875,-,-0.0005588836105640897,0.47191640306808397
6,63.25664101152374,,,C-C torsion,nu(C1-C2),bond,0.012445693596441614,-,-0.0006447295890159588,0.28992718037655574
6,63.25664101152374,,,C-C torsion,nu(C2-C7),bond,0.010339672033284317,+,0.0006162222484516905,0.2636677700131217
6,63.25664101152374,,,C-C torsion,delta(H14-C5-H15),angle,0.010253109800318775,-,-0.0005747712297635082,0.3005319136675133
6,63.25664101152374,,,C-C torsion,nu(O6-H16),bond,0.00553136849514775,+,0.0003216592473024694,0.5176849510111644
6,63.25664101152374,,,C-C torsion,nu(C5-H15),bond,0.0035880204938258113,-,-0.00032119286712124805,0.3367814495898813
6,63.25664101152374,,,C-C torsion,nu(C2-O3),bond,0.0020946501053681677,+,0.00022988761351394187,0.38380035796927126
6,63.25664101152374,,,C-C torsion,nu(C7-O9),bond,0.0020136801593474453,-,-0.00015715474661609323,0.7895152384577152
6,63.25664101152374,,,C-C torsion,nu(C4-H13),bond,0.0016467635140127131,-,-0.00021614343822444295,0.34132818878264654
6,63.25664101152374,,,C-C torsion,nu(C5-O6),bond,0.0013536663867421861,-,-0.00019833803394610976,0.33321509590887466
6,63.25664101152374,,,C-C torsion,nu(C1-H11),bond,0.0013522562335878795,-,-0.00019730968359315667,0.3363467402870326
6,63.25664101152374,,,C-C torsion,nu(C5-H14),bond,0.000838145482785651,-,-0.00015654554748922804,0.33117916004476916
6,63.25664101152374,,,C-C torsion,nu(C1-H10),bond,0.0008317613040136706,-,-0.00015229936601982995,0.3472382446251712
6,63.25664101152374,,,C-C torsion,nu(N8-H17),bond,0.0005378330591997848,+,0.00010503052513183475,0.4721080993655485
6,63.25664101152374,,,C-C torsion,"gamma(H10;C1,H11,H12)",oop,0.00046777104319231666,-,-0.00014330120736253575,0.22057620785762186
6,63.25664101152374,,,C-C torsion,delta(C2-C7-N8),angle,0.0002531725990966845,-,-6.8237411200954e-05,0.5264979045723385
6,63.25664101152374,,,C-C torsion,nu(C1-H12),bond,0.00023746670056625126,-,-8.18121332914093e-05,0.34355186841315943
6,63.25664101152374,,,C-C torsion,nu(N8-H18),bond,1.0600479549977194e-05,+,1.4687573678584014e-05,0.475828474339461
6,63.25664101152374,,,C-C torsion,delta(C2-C1-H11),angle,6.996986300327602e-07,+,4.251879401797025e-06,0.3747780774393608
7,78.98566863698798,,,C-C torsion,tau(O3-C2-C7-N8),dihedral,39.712869226935105,+,0.07815734935613362,0.09959950414138982
7,78.98566863698798,,,C-C torsion,tau(O3-C2-C7-O9),dihedral,36.00882593903222,+,0.0691033576949978,0.11552506365896313
7,78.98566863698798,,,C-C torsion,tau(O3-C4-C5-H15),dihedral,8.050237772033604,-,-0.08292682099159453,0.017934291688590415
7,78.98566863698798,,,C-C torsion,tau(O9-C7-N8-H17),dihedral,5.461006897883202,-,-0.051904449901369755,0.031054825617639323
7,78.98566863698798,,,C-C torsion,delta(O3-C4-C5),angle,2.535217822729351,+,0.007256517422363781,0.73760584533266
7,78.98566863698798,,,C-C torsion,"gamma(C2;C4,C5,H13)",oop,2.049489171218668,-,-0.008012917116526474,0.48902367153120335
7,78.98566863698798,,,C-C torsion,tau(C1-C2-C4-H13),dihedral,1.4885698656544875,-,-0.008487875748154008,0.31654594256257856
7,78.98566863698798,,,C-C torsion,"gamma(O3;C2,C1,C4)",oop,0.9466798505033801,-,-0.002935142820673983,1.6834887239813823
7,78.98566863698798,,,C-C torsion,tau(H15-C5-O6-H16),dihedral,0.7150373251190125,+,0.026521773602538372,0.015573604478316995
7,78.98566863698798,,,C-C torsion,tau(C2-C7-N8-H18),dihedral,0.6055790360377163,+,0.018727052802615635,0.026454375718111652
7,78.98566863698798,,,C-C torsion,delta(C5-C4-H13),angle,0.4527689664887487,-,-0.0048790983818673235,0.29138222577639733
7,78.98566863698798,,,C-C torsion,delta(C1-C2-C4),angle,0.43929066141566103,-,-0.003776384674719416,0.47191640306808397
7,78.98566863698798,,,C-C torsion,delta(O3-C2-C7),angle,0.3259984299814205,-,-0.003141647970578562,0.506018068089154
7,78.98566863698798,,,C-C torsion,delta(C7-N8-H18),angle,0.1442385667976583,-,-0.00301087791487229,0.24375900097385186
7,78.98566863698798,,,C-C torsion,tau(H12-C1-C2-O3),dihedral,0.12427224909594026,+,0.0033809260449382144,0.16655910224267684
7,78.98566863698798,,,C-C torsion,delta(C5-O6-H16),angle,0.11130782389501433,+,0.0030489272079349413,0.18344130679358742
7,78.98566863698798,,,C-C torsion,delta(C2-C1-H11),angle,0.10974836318381062,+,0.0021180914830688426,0.3747780774393608
7,78.98566863698798,,,C-C torsion,delta(O6-C5-H15),angle,0.10527638071869032,-,-0.0021672965952978527,0.34336798788252265
7,78.98566863698798,,,C-C torsion,delta(N8-C7-O9),angle,0.09933611592133926,-,-0.0017191933273112705,0.5149004794564609
7,78.98566863698798,,,C-C torsion,delta(H17-N8-H18),angle,0.07375330373402147,-,-0.0022536259156096727,0.2224761076628819
7,78.98566863698798,,,C-C torsion,delta(C4-C5-H14),angle,0.07358642576771962,-,-0.0017624632731518797,0.36293020366388096
7,78.98566863698798,,,C-C torsion,nu(C7-N8),bond,0.0624778071544321,+,0.0014591406927905576,0.44956966026774636
7,78.98566863698798,,,C-C torsion,delta(O6-C5-H14),angle,0.06123133429681156,+,0.0015381120277594997,0.3965183969738679
7,78.98566863698798,,,C-C torsion,delta(C4-C5-O6),angle,0.056182696654184815,+,0.0014237317622995075,0.4246310893417379
7,78.98566863698798,,,C-C torsion,delta(H11-C1-H12),angle,0.030438238102573446,-,-0.001395963940775277,0.23929667529530443
7,78.98566863698798,,,C-C torsion,nu(C2-O3),bond,0.0299112339433581,+,0.001092690719633669,0.38380035796927126
7,78.98566863698798,,,C-C torsion,delta(H14-C5-H15),angle,0.029575584410683697,+,0.0012278749705178851,0.3005319136675133
7,78.98566863698798,,,C-C torsion,nu(C5-O6),bond,0.015640477988053708,+,0.0008479992224172899,0.33321509590887466
7,78.98566863698798,,,C-C torsion,delta(C2-C1-H12),angle,0.014711399789448147,-,-0.0008608291474511998,0.3041484625700951
7,78.98566863698798,,,C-C torsion,tau(C7-C2-O3-C4),dihedral,0.014261400781832335,-,-0.0008259255847337468,0.3202918595636512
7,78.98566863698798,,,C-C torsion,tau(H10-C1-C2-C7),dihedral,0.012965449324207328,-,-0.0010996868712459123,0.16425365664741987
7,78.98566863698798,,,C-C torsion,nu(C4-C5),bond,0.009700837259285245,-,-0.0007255382260466271,0.2823281460877687
7,78.98566863698798,,,C-C torsion,nu(C2-C4),bond,0.007672818299583743,+,0.0005660890057092102,0.3668183290081972
7,78.98566863698798,,,C-C torsion,tau(C2-O3-C4-C5),dihedral,0.006137212129139301,+,0.0005314328272982841,0.3329200368533325
7,78.98566863698798,,,C-C torsion,nu(O6-H16),bond,0.003472303334314841,-,-0.0003205596358252716,0.5176849510111644
7,78.98566863698798,,,C-C torsion,nu(C2-C7),bond,0.003471875984172608,+,0.0004491447796674765,0.2636677700131217
7,78.98566863698798,,,C-C torsion,nu(C1-H11),bond,0.0021741169472039687,-,-0.0003146883147625497,0.3363467402870326
7,78.98566863698798,,,C-C torsion,"gamma(H10;C1,H11,H12)",oop,0.001849659617560638,-,-0.0003584258732278052,0.22057620785762186
7,78.98566863698798,,,C-C torsion,nu(C5-H15),bond,0.0016039070927662154,+,0.0002701147502596473,0.3367814495898813
7,78.98566863698798,,,C-C torsion,nu(C1-C2),bond,0.0014855485080841238,-,-0.00028017651586633303,0.28992718037655574
7,78.98566863698798,,,C-C torsion,nu(N8-H17),bond,0.0006679178841722496,+,0.00014722229654971886,0.4721080993655485
7,78.98566863698798,,,C-C torsion,nu(C7-O9),bond,0.0006127355678464756,-,-0.00010904080889466203,0.7895152384577152
7,78.98566863698798,,,C-C torsion,nu(C1-H10),bond,0.00021748338050860285,+,9.795622474063438e-05,0.3472382446251712
7,78.98566863698798,,,C-C torsion,delta(C2-C7-N8),angle,0.00016819940771078742,-,-6.995949809109202e-05,0.5264979045723385
7,78.98566863698798,,,C-C torsion,nu(C1-H12),bond,0.00011785962896074264,-,-7.249685301680357e-05,0.34355186841315943
7,78.98566863698798,,,C-C torsion,nu(C5-H14),bond,9.966826516191275e-05,+,6.790155605380803e-05,0.33117916004476916
7,78.98566863698798,,,C-C torsion,nu(C4-H13),bond,3.9077059107185975e-05,-,-4.188009279680663e-05,0.34132818878264654
7,78.98566863698798,,,C-C torsion,nu(N8-H18),bond,2.2963042112384665e-05,-,-2.719081812615716e-05,0.475828474339461
8,132.51986653991614,,,C-C torsion,tau(H12-C1-C2-O3),dihedral,45.62594446294138,+,0.17808584392806312,0.16655910224267684
8,132.51986653991614,,,C-C torsion,tau(H10-C1-C2-C7),dihedral,39.68823083679747,+,0.16725572695941004,0.16425365664741987
8,132.51986653991614,,,C-C torsion,tau(C2-O3-C4-C5),dihedral,3.672463498099552,+,0.03573686302223861,0.3329200368533325
8,132.51986653991614,,,C-C torsion,"gamma(C2;C4,C5,H13)",oop,3.418236151045083,-,-0.02844747609114595,0.48902367153120335
8,132.51986653991614,,,C-C torsion,delta(O3-C4-C5),angle,1.7986723077406253,+,0.01680240698494299,0.73760584533266
8,132.51986653991614,,,C-C torsion,delta(C4-C5-O6),angle,1.2636918085366786,+,0.01856189629068079,0.4246310893417379
8,132.51986653991614,,,C-C torsion,delta(C1-C2-C4),angle,1.0063751942970325,-,-0.01571285402485124,0.47191640306808397
8,132.51986653991614,,,C-C torsion,tau(O3-C2-C7-O9),dihedral,0.865573387030373,+,0.029452454240526334,0.11552506365896313
8,132.51986653991614,,,C-C torsion,tau(C7-C2-O3-C4),dihedral,0.6365700433794776,-,-0.01516902959686267,0.3202918595636512
8,132.51986653991614,,,C-C torsion,delta(O3-C2-C7),angle,0.6100375043787414,+,0.011814161581080446,0.506018068089154
8,132.51986653991614,,,C-C torsion,tau(O3-C2-C7-N8),dihedral,0.4006989942468029,+,0.0215818260919798,0.09959950414138982
8,132.51986653991614,,,C-C torsion,delta(C2-C7-N8),angle,0.15209840562750868,+,0.005783245889824258,0.5264979045723385
8,132.51986653991614,,,C-C torsion,"gamma(O3;C2,C1,C4)",oop,0.11768898704621449,-,-0.0028449226118414444,1.6834887239813823
8,132.51986653991614,,,C-C torsion,delta(C5-C4-H13),angle,0.1108225621905469,+,0.006635753056111042,0.29138222577639733
8,132.51986653991614,,,C-C torsion,delta(C2-C1-H12),angle,0.09347875070752222,+,0.005965148883833316,0.3041484625700951
8,132.51986653991614,,,C-C torsion,tau(O9-C7-N8-H17),dihedral,0.08623166579752933,-,-0.01792984317701929,0.031054825617639323
8,132.51986653991614,,,C-C torsion,delta(C2-C1-H11),angle,0.07478467281077998,+,0.004806476907024993,0.3747780774393608
8,132.51986653991614,,,C-C torsion,tau(O3-C4-C5-H15),dihedral,0.06883069692526655,-,-0.02107932110415825,0.017934291688590415
8,132.51986653991614,,,C-C torsion,tau(C2-C7-N8-H18),dihedral,0.05045672603079523,+,0.014859986864419026,0.026454375718111652
8,132.51986653991614,,,C-C torsion,delta(H11-C1-H12),angle,0.04388331265300949,-,-0.004607751193366617,0.23929667529530443
8,132.51986653991614,,,C-C torsion,nu(C2-C7),bond,0.03339703963296351,-,-0.0038294209907282018,0.2636677700131217
8,132.51986653991614,,,C-C torsion,tau(C1-C2-C4-H13),dihedral,0.030091628268008985,-,-0.003317509071695969,0.31654594256257856
8,132.51986653991614,,,C-C torsion,delta(H14-C5-H15),angle,0.02620160125607601,-,-0.003177066233146033,0.3005319136675133
8,132.51986653991614,,,C-C torsion,nu(C4-C5),bond,0.01902723289008738,+,0.0027933051326662667,0.2823281460877687
8,132.51986653991614,,,C-C torsion,tau(H15-C5-O6-H16),dihedral,0.016667688439757123,+,0.011131425067147037,0.015573604478316995
8,132.51986653991614,,,C-C torsion,delta(C4-C5-H14),angle,0.01612731744620862,-,-0.0022681781460045813,0.36293020366388096
8,132.51986653991614,,,C-C torsion,delta(O6-C5-H14),angle,0.013757468896261034,-,-0.00200421934424297,0.3965183969738679
8,132.51986653991614,,,C-C torsion,nu(C1-C2),bond,0.011511315177356908,+,0.0021440043250972574,0.28992718037655574
8,132.51986653991614,,,C-C torsion,delta(O6-C5-H15),angle,0.009582554810200476,-,-0.0017974979544766612,0.34336798788252265
8,132.51986653991614,,,C-C torsion,nu(C5-O6),bond,0.009170181891770775,-,-0.0017849838513940976,0.33321509590887466
8,132.51986653991614,,,C-C torsion,delta(H17-N8-H18),angle,0.006723201980142328,-,-0.00187048418709679,0.2224761076628819
8,132.51986653991614,,,C-C torsion,delta(C5-O6-H16),angle,0.006496524630874016,+,0.002024881569821527,0.18344130679358742
8,132.51986653991614,,,C-C torsion,nu(C1-H11),bond,0.0035130394237468153,-,-0.001099652715030791,0.3363467402870326
8,132.51986653991614,,,C-C torsion,delta(C7-N8-H18),angle,0.0028150764615119186,-,-0.0011563050374569636,0.24375900097385186
8,132.51986653991614,,,C-C torsion,nu(C2-O3),bond,0.00281134605703641,+,0.000920899244387612,0.38380035796927126
8,132.51986653991614,,,C-C torsion,nu(C5-H14),bond,0.0018161709213406455,-,-0.0007968095111064274,0.33117916004476916
8,132.51986653991614,,,C-C torsion,nu(C2-C4),bond,0.0012452958525591444,-,-0.000626929069000312,0.3668183290081972
8,132.51986653991614,,,C-C torsion,nu(C5-H15),bond,0.0010032484646236414,+,0.0005872700074885673,0.3367814495898813
8,132.51986653991614,,,C-C torsion,delta(N8-C7-O9),angle,0.0008542685978352755,-,-0.00043827149342385896,0.5149004794564609
8,132.51986653991614,,,C-C torsion,nu(C1-H10),bond,0.0005492565934895912,-,-0.0004279386517692455,0.3472382446251712
8,132.51986653991614,,,C-C torsion,nu(C7-O9),bond,0.00047925951916851666,+,0.0002651018546550901,0.7895152384577152
8,132.51986653991614,,,C-C torsion,nu(C7-N8),bond,0.00036000227801960576,+,0.00030448210802593777,0.44956966026774636
8,132.51986653991614,,,C-C torsion,nu(O6-H16),bond,0.0003188358885406155,-,-0.0002670290314573634,0.5176849510111644
8,132.51986653991614,,,C-C torsion,nu(C1-H12),bond,0.00024398919438930837,+,0.0002867456179485211,0.34355186841315943
8,132.51986653991614,,,C-C torsion,nu(C4-H13),bond,0.00023745661853926138,-,-0.0002838008631605812,0.34132818878264654
8,132.51986653991614,,,C-C torsion,nu(N8-H18),bond,0.00012478190150089417,+,0.0001742441622047515,0.475828474339461
8,132.51986653991614,,,C-C torsion,"gamma(H10;C1,H11,H12)",oop,0.00010258184327789608,+,0.0002320403793788288,0.22057620785762186
8,132.51986653991614,,,C-C torsion,nu(N8-H17),bond,1.6667823153698313e-06,+,2.0217449500460162e-05,0.4721080993655485
9,165.99275837413276,,,mixed cyclic-ring torsional/out-of-plane deformation / O-C-C bending,tau(C7-C2-O3-C4),dihedral,37.74220301500632,+,0.055675186613329736,0.3202918595636512
9,165.99275837413276,,,mixed cyclic-ring torsional/out-of-plane deformation / O-C-C bending,delta(O3-C4-C5),angle,17.487612347934853,+,0.024973194096144177,0.73760584533266
9,165.99275837413276,,,mixed cyclic-ring torsional/out-of-plane deformation / O-C-C bending,tau(C1-C2-C4-H13),dihedral,7.552553385488805,+,0.02505241140445969,0.31654594256257856
9,165.99275837413276,,,mixed cyclic-ring torsional/out-of-plane deformation / O-C-C bending,"gamma(C2;C4,C5,H13)",oop,6.807983498218112,-,-0.01913662360449017,0.48902367153120335
9,165.99275837413276,,,mixed cyclic-ring torsional/out-of-plane deformation / O-C-C bending,tau(H10-C1-C2-C7),dihedral,6.762983689336953,-,-0.032910361692821105,0.16425365664741987
9,165.99275837413276,,,mixed cyclic-ring torsional/out-of-plane deformation / O-C-C bending,delta(O3-C2-C7),angle,5.946075641881422,+,0.01758139014601919,0.506018068089154
9,165.99275837413276,,,mixed cyclic-ring torsional/out-of-plane deformation / O-C-C bending,"gamma(O3;C2,C1,C4)",oop,4.551858926489196,+,0.008433547582931607,1.6834887239813823
9,165.99275837413276,,,mixed cyclic-ring torsional/out-of-plane deformation / O-C-C bending,tau(O3-C2-C7-O9),dihedral,2.880703296596611,-,-0.025611331957054843,0.11552506365896313
9,165.99275837413276,,,mixed cyclic-ring torsional/out-of-plane deformation / O-C-C bending,delta(C1-C2-C4),angle,2.4043432954169672,+,0.011576751487970426,0.47191640306808397
9,165.99275837413276,,,mixed cyclic-ring torsional/out-of-plane deformation / O-C-C bending,tau(O3-C4-C5-H15),dihedral,2.2224376498172167,+,0.05709442283407658,0.017934291688590415
9,165.99275837413276,,,mixed cyclic-ring torsional/out-of-plane deformation / O-C-C bending,tau(C2-C7-N8-H18),dihedral,0.8868369082318335,-,-0.029695738461633644,0.026454375718111652
9,165.99275837413276,,,mixed cyclic-ring torsional/out-of-plane deformation / O-C-C bending,delta(C4-C5-H14),angle,0.8003349495984727,+,0.007616322823171705,0.36293020366388096
9,165.99275837413276,,,mixed cyclic-ring torsional/out-of-plane deformation / O-C-C bending,tau(C2-O3-C4-C5),dihedral,0.6270235083299649,+,0.007038708073926848,0.3329200368533325
9,165.99275837413276,,,mixed cyclic-ring torsional/out-of-plane deformation / O-C-C bending,tau(O3-C2-C7-N8),dihedral,0.6148373546379264,+,0.01274302523620063,0.09959950414138982
9,165.99275837413276,,,mixed cyclic-ring torsional/out-of-plane deformation / O-C-C bending,delta(C2-C7-N8),angle,0.4980470241155287,+,0.004988360824324285,0.5264979045723385
9,165.99275837413276,,,mixed cyclic-ring torsional/out-of-plane deformation / O-C-C bending,nu(C4-C5),bond,0.43374184477970845,-,-0.006357107882297751,0.2823281460877687
9,165.99275837413276,,,mixed cyclic-ring torsional/out-of-plane deformation / O-C-C bending,nu(C2-C7),bond,0.4325614143558871,-,-0.00656925883607007,0.2636677700131217
9,165.99275837413276,,,mixed cyclic-ring torsional/out-of-plane deformation / O-C-C bending,delta(C2-C1-H12),angle,0.3970262731356188,+,0.0058598678148102604,0.3041484625700951
9,165.99275837413276,,,mixed cyclic-ring torsional/out-of-plane deformation / O-C-C bending,delta(C2-C1-H11),angle,0.17221633058626873,-,-0.003476730959535992,0.3747780774393608
9,165.99275837413276,,,mixed cyclic-ring torsional/out-of-plane deformation / O-C-C bending,delta(C4-C5-O6),angle,0.17111188680777523,+,0.0032557811531674853,0.4246310893417379
9,165.99275837413276,,,mixed cyclic-ring torsional/out-of-plane deformation / O-C-C bending,delta(C5-C4-H13),angle,0.14211069065548124,-,-0.003581812564012277,0.29138222577639733
9,165.99275837413276,,,mixed cyclic-ring torsional/out-of-plane deformation / O-C-C bending,delta(N8-C7-O9),angle,0.08552415467210181,+,0.002090276585033782,0.5149004794564609
9,165.99275837413276,,,mixed cyclic-ring torsional/out-of-plane deformation / O-C-C bending,nu(C2-C4),bond,0.07444995120200601,-,-0.002310615611488683,0.3668183290081972
9,165.99275837413276,,,mixed cyclic-ring torsional/out-of-plane deformation / O-C-C bending,delta(H14-C5-H15),angle,0.060324918807010484,-,-0.0022978627411221505,0.3005319136675133
9,165.99275837413276,,,mixed cyclic-ring torsional/out-of-plane deformation / O-C-C bending,delta(H17-N8-H18),angle,0.051524049121582,-,-0.002468222532034751,0.2224761076628819
9,165.99275837413276,,,mixed cyclic-ring torsional/out-of-plane deformation / O-C-C bending,delta(O6-C5-H14),angle,0.0420777773219885,+,0.0016707664018368524,0.3965183969738679
9,165.99275837413276,,,mixed cyclic-ring torsional/out-of-plane deformation / O-C-C bending,tau(H15-C5-O6-H16),dihedral,0.030503684360005588,-,-0.007177985678134354,0.015573604478316995
9,165.99275837413276,,,mixed cyclic-ring torsional/out-of-plane deformation / O-C-C bending,nu(C5-O6),bond,0.03012008471310442,-,-0.0015420085045794011,0.33321509590887466
9,165.99275837413276,,,mixed cyclic-ring torsional/out-of-plane deformation / O-C-C bending,delta(H11-C1-H12),angle,0.027168055242772132,+,0.0017281520550364877,0.23929667529530443
9,165.99275837413276,,,mixed cyclic-ring torsional/out-of-plane deformation / O-C-C bending,nu(C2-O3),bond,0.016975141401071977,-,-0.0010786362737984316,0.38380035796927126
9,165.99275837413276,,,mixed cyclic-ring torsional/out-of-plane deformation / O-C-C bending,delta(C5-O6-H16),angle,0.013510475593850527,-,-0.001391899117609157,0.18344130679358742
9,165.99275837413276,,,mixed cyclic-ring torsional/out-of-plane deformation / O-C-C bending,nu(C1-C2),bond,0.01308457590405467,-,-0.0010895730888389537,0.28992718037655574
9,165.99275837413276,,,mixed cyclic-ring torsional/out-of-plane deformation / O-C-C bending,delta(O6-C5-H15),angle,0.004402385121296241,+,0.0005807445233213262,0.34336798788252265
9,165.99275837413276,,,mixed cyclic-ring torsional/out-of-plane deformation / O-C-C bending,nu(C5-H14),bond,0.002298822647539352,+,0.0004273091987366594,0.33117916004476916
9,165.99275837413276,,,mixed cyclic-ring torsional/out-of-plane deformation / O-C-C bending,nu(C1-H12),bond,0.002176984069158073,-,-0.0004082747078712389,0.34355186841315943
9,165.99275837413276,,,mixed cyclic-ring torsional/out-of-plane deformation / O-C-C bending,delta(C7-N8-H18),angle,0.002102307825533673,+,0.00047630904798416954,0.24375900097385186
9,165.99275837413276,,,mixed cyclic-ring torsional/out-of-plane deformation / O-C-C bending,nu(C7-N8),bond,0.0018421420567183969,+,0.00032830996906793873,0.44956966026774636
9,165.99275837413276,,,mixed cyclic-ring torsional/out-of-plane deformation / O-C-C bending,nu(C1-H10),bond,0.0017682197918501628,+,0.0003659951718549703,0.3472382446251712
9,165.99275837413276,,,mixed cyclic-ring torsional/out-of-plane deformation / O-C-C bending,nu(C5-H15),bond,0.0016314857522003417,+,0.00035697563139394536,0.3367814495898813
9,165.99275837413276,,,mixed cyclic-ring torsional/out-of-plane deformation / O-C-C bending,nu(C1-H11),bond,0.0014933693462230088,+,0.00034175195951597823,0.3363467402870326
9,165.99275837413276,,,mixed cyclic-ring torsional/out-of-plane deformation / O-C-C bending,tau(H12-C1-C2-O3),dihedral,0.000990784116564615,+,0.0003955727266335682,0.16655910224267684
9,165.99275837413276,,,mixed cyclic-ring torsional/out-of-plane deformation / O-C-C bending,nu(N8-H17),bond,0.0005616269320339899,+,0.00017689853891575034,0.4721080993655485
9,165.99275837413276,,,mixed cyclic-ring torsional/out-of-plane deformation / O-C-C bending,nu(C4-H13),bond,0.00039277003879728697,-,-0.00017398191483707602,0.34132818878264654
9,165.99275837413276,,,mixed cyclic-ring torsional/out-of-plane deformation / O-C-C bending,nu(C7-O9),bond,0.00030740153350527675,-,-0.0001012030881949029,0.7895152384577152
9,165.99275837413276,,,mixed cyclic-ring torsional/out-of-plane deformation / O-C-C bending,"gamma(H10;C1,H11,H12)",oop,8.31217325318191e-05,-,-9.956322807417768e-05,0.22057620785762186
9,165.99275837413276,,,mixed cyclic-ring torsional/out-of-plane deformation / O-C-C bending,nu(N8-H18),bond,4.8935277047370246e-05,+,5.2012391242031376e-05,0.475828474339461
9,165.99275837413276,,,mixed cyclic-ring torsional/out-of-plane deformation / O-C-C bending,nu(O6-H16),bond,2.064710889047769e-05,-,-3.2390515699410116e-05,0.5176849510111644
9,165.99275837413276,,,mixed cyclic-ring torsional/out-of-plane deformation / O-C-C bending,tau(O9-C7-N8-H17),dihedral,1.3196889653877706e-05,-,-0.0001057285445741663,0.031054825617639323
10,168.66897321198357,,,C-C torsion,tau(H12-C1-C2-O3),dihedral,49.32641029835548,+,0.2463039899960813,0.16655910224267684
10,168.66897321198357,,,C-C torsion,tau(H10-C1-C2-C7),dihedral,44.706408957488776,+,0.23612569395879826,0.16425365664741987
10,168.66897321198357,,,C-C torsion,tau(C2-O3-C4-C5),dihedral,1.2078944007592538,-,-0.027262168290218502,0.3329200368533325
10,168.66897321198357,,,C-C torsion,"gamma(C2;C4,C5,H13)",oop,1.1178072573401114,+,0.021638861083511804,0.48902367153120335
10,168.66897321198357,,,C-C torsion,delta(C4-C5-O6),angle,0.8160188430627312,-,-0.019840841015266772,0.4246310893417379
10,168.66897321198357,,,C-C torsion,delta(O3-C4-C5),angle,0.5303157952949837,-,-0.01213587190561418,0.73760584533266
10,168.66897321198357,,,C-C torsion,tau(O3-C2-C7-O9),dihedral,0.5144668465297403,-,-0.03020344390683808,0.11552506365896313
10,168.66897321198357,,,C-C torsion,tau(O3-C2-C7-N8),dihedral,0.3406280729221718,-,-0.026468388954240522,0.09959950414138982
10,168.66897321198357,,,C-C torsion,tau(C7-C2-O3-C4),dihedral,0.3363996771881593,+,0.014667993609941341,0.3202918595636512
10,168.66897321198357,,,C-C torsion,delta(O3-C2-C7),angle,0.21380633109002428,-,-0.009303431103291175,0.506018068089154
10,168.66897321198357,,,C-C torsion,delta(C2-C1-H12),angle,0.1638954707877047,+,0.0105064631266795,0.3041484625700951
10,168.66897321198357,,,C-C torsion,delta(C2-C1-H11),angle,0.10607224773733537,+,0.007614294564862412,0.3747780774393608
10,168.66897321198357,,,C-C torsion,delta(C2-C7-N8),angle,0.09216175431812461,-,-0.005988153442862804,0.5264979045723385
10,168.66897321198357,,,C-C torsion,tau(O3-C4-C5-H15),dihedral,0.08077004251538719,+,0.030373785289191244,0.017934291688590415
10,168.66897321198357,,,C-C torsion,tau(O9-C7-N8-H17),dihedral,0.05681170410388342,+,0.019358434711826928,0.031054825617639323
10,168.66897321198357,,,C-C torsion,delta(O6-C5-H14),angle,0.05592250655747858,+,0.0053749882727112085,0.3965183969738679
10,168.66897321198357,,,C-C torsion,tau(C1-C2-C4-H13),dihedral,0.05043538526365671,-,-0.005713012484268349,0.31654594256257856
10,168.66897321198357,,,C-C torsion,tau(H15-C5-O6-H16),dihedral,0.04578326270069863,-,-0.024540006673483918,0.015573604478316995
10,168.66897321198357,,,C-C torsion,delta(C5-C4-H13),angle,0.04102360095637842,-,-0.005370333280821483,0.29138222577639733
10,168.66897321198357,,,C-C torsion,nu(C2-C4),bond,0.03339293282756218,-,-0.004318348075360885,0.3668183290081972
10,168.66897321198357,,,C-C torsion,delta(C4-C5-H14),angle,0.024331364382460457,+,0.0037058475757455224,0.36293020366388096
10,168.66897321198357,,,C-C torsion,nu(C4-C5),bond,0.02125283459030726,-,-0.003926876294797453,0.2823281460877687
10,168.66897321198357,,,C-C torsion,delta(H11-C1-H12),angle,0.01923713753620895,-,-0.00405805351560963,0.23929667529530443
10,168.66897321198357,,,C-C torsion,tau(C2-C7-N8-H18),dihedral,0.018947426090171963,-,-0.01211273537955818,0.026454375718111652
10,168.66897321198357,,,C-C torsion,delta(N8-C7-O9),angle,0.018946153829208962,+,0.0027454577127215747,0.5149004794564609
10,168.66897321198357,,,C-C torsion,nu(C2-C7),bond,0.014665191603403785,-,-0.003375446469838442,0.2636677700131217
10,168.66897321198357,,,C-C torsion,delta(C5-O6-H16),angle,0.005765353356663978,-,-0.002537349398881891,0.18344130679358742
10,168.66897321198357,,,C-C torsion,delta(C1-C2-C4),angle,0.005077378420558577,-,-0.0014845782969192132,0.47191640306808397
10,168.66897321198357,,,C-C torsion,delta(O6-C5-H15),angle,0.00473596977444257,+,0.001680894424303192,0.34336798788252265
10,168.66897321198357,,,C-C torsion,delta(H14-C5-H15),angle,0.0041553656570785125,+,0.0016829654566053016,0.3005319136675133
10,168.66897321198357,,,C-C torsion,"gamma(H10;C1,H11,H12)",oop,0.004134254424680199,-,-0.001959454323929791,0.22057620785762186
10,168.66897321198357,,,C-C torsion,delta(H17-N8-H18),angle,0.003798263107047948,+,0.001870108099179816,0.2224761076628819
10,168.66897321198357,,,C-C torsion,delta(C7-N8-H18),angle,0.003650243614557476,+,0.0017514448701210353,0.24375900097385186
10,168.66897321198357,,,C-C torsion,nu(C1-H10),bond,0.0031151612026406386,+,0.0013556337233042591,0.3472382446251712
10,168.66897321198357,,,C-C torsion,nu(C1-H11),bond,0.002819515051804159,-,-0.0013104168671708352,0.3363467402870326
10,168.66897321198357,,,C-C torsion,nu(C5-H14),bond,0.0016819293784766838,+,0.0010199720133017615,0.33117916004476916
10,168.66897321198357,,,C-C torsion,nu(C1-H12),bond,0.0014661407184590625,+,0.000934991252255186,0.34355186841315943
10,168.66897321198357,,,C-C torsion,nu(C7-O9),bond,0.0013330464968877335,-,-0.0005881095990417864,0.7895152384577152
10,168.66897321198357,,,C-C torsion,nu(C5-O6),bond,0.0013040052383284852,+,0.0008953507694606858,0.33321509590887466
10,168.66897321198357,,,C-C torsion,nu(C2-O3),bond,0.001224237123767524,+,0.0008083435216598335,0.38380035796927126
10,168.66897321198357,,,C-C torsion,nu(C7-N8),bond,0.0008272124237817369,+,0.0006139399637452572,0.44956966026774636
10,168.66897321198357,,,C-C torsion,nu(C5-H15),bond,0.0004036248357952265,-,-0.0004954852573968305,0.3367814495898813
10,168.66897321198357,,,C-C torsion,"gamma(O3;C2,C1,C4)",oop,0.00026590998537820274,-,-0.00017987801837432424,1.6834887239813823
10,168.66897321198357,,,C-C torsion,nu(O6-H16),bond,0.00019690712706292452,+,0.0002791346979969115,0.5176849510111644
10,168.66897321198357,,,C-C torsion,nu(C1-C2),bond,0.0001618115300537928,+,0.00033812411337056145,0.28992718037655574
10,168.66897321198357,,,C-C torsion,nu(N8-H18),bond,4.8181187372372966e-05,-,-0.00014402219080257564,0.475828474339461
10,168.66897321198357,,,C-C torsion,nu(C4-H13),bond,2.8413305878906097e-05,+,0.00013058421497973746,0.34132818878264654
10,168.66897321198357,,,C-C torsion,nu(N8-H17),bond,1.5802078507392946e-06,+,2.6184980773058666e-05,0.4721080993655485
11,270.6111163301671,,,mixed C-C torsion / C-C-C bending,delta(C1-C2-C4),angle,20.046429322560996,-,-0.04470558594277796,0.47191640306808397
11,270.6111163301671,,,mixed C-C torsion / C-C-C bending,tau(H10-C1-C2-C7),dihedral,15.433713789452389,-,-0.0664895681331599,0.16425365664741987
11,270.6111163301671,,,mixed C-C torsion / C-C-C bending,tau(C1-C2-C4-H13),dihedral,13.698538451165609,-,-0.04512264563470696,0.31654594256257856
11,270.6111163301671,,,mixed C-C torsion / C-C-C bending,tau(C2-O3-C4-C5),dihedral,10.143039875281683,+,0.03786081110280753,0.3329200368533325
11,270.6111163301671,,,mixed C-C torsion / C-C-C bending,delta(O3-C4-C5),angle,8.47057204572264,-,-0.02324448935265385,0.73760584533266
11,270.6111163301671,,,mixed C-C torsion / C-C-C bending,"gamma(O3;C2,C1,C4)",oop,5.208540396442578,-,-0.012065038909523098,1.6834887239813823
11,270.6111163301671,,,mixed C-C torsion / C-C-C bending,delta(O3-C2-C7),angle,4.882714198658507,-,-0.02130705634834788,0.506018068089154
11,270.6111163301671,,,mixed C-C torsion / C-C-C bending,tau(O3-C2-C7-O9),dihedral,4.433388671967354,-,-0.042491847065418906,0.11552506365896313
11,270.6111163301671,,,mixed C-C torsion / C-C-C bending,delta(C5-C4-H13),angle,2.4789468862706467,+,0.020006812267657617,0.29138222577639733
11,270.6111163301671,,,mixed C-C torsion / C-C-C bending,delta(C2-C1-H11),angle,2.073206119115786,+,0.016132808023757637,0.3747780774393608
11,270.6111163301671,,,mixed C-C torsion / C-C-C bending,delta(C2-C7-N8),angle,1.9932421614162472,-,-0.013346196759404115,0.5264979045723385
11,270.6111163301671,,,mixed C-C torsion / C-C-C bending,tau(C7-C2-O3-C4),dihedral,1.8414003752987833,+,0.016446632096010737,0.3202918595636512
11,270.6111163301671,,,mixed C-C torsion / C-C-C bending,nu(C2-C4),bond,1.8149053092195644,-,-0.015257285950596396,0.3668183290081972
11,270.6111163301671,,,mixed C-C torsion / C-C-C bending,tau(C2-C7-N8-H18),dihedral,1.2362669163577853,-,-0.04689031813866195,0.026454375718111652
11,270.6111163301671,,,mixed C-C torsion / C-C-C bending,nu(C4-C5),bond,0.8188903458958957,-,-0.011681849363298009,0.2823281460877687
11,270.6111163301671,,,mixed C-C torsion / C-C-C bending,tau(H15-C5-O6-H16),dihedral,0.7176784137217747,-,-0.046563560976181494,0.015573604478316995
11,270.6111163301671,,,mixed C-C torsion / C-C-C bending,delta(C4-C5-O6),angle,0.7147878449111502,-,-0.008899354352315966,0.4246310893417379
11,270.6111163301671,,,mixed C-C torsion / C-C-C bending,delta(C2-C1-H12),angle,0.5907421649341971,-,-0.009559429765431119,0.3041484625700951
11,270.6111163301671,,,mixed C-C torsion / C-C-C bending,tau(O9-C7-N8-H17),dihedral,0.4983917958734696,+,0.027478733317451653,0.031054825617639323
11,270.6111163301671,,,mixed C-C torsion / C-C-C bending,nu(C5-O6),bond,0.4600470215000868,-,-0.008059620480619858,0.33321509590887466
11,270.6111163301671,,,mixed C-C torsion / C-C-C bending,"gamma(C2;C4,C5,H13)",oop,0.3760255207426053,-,-0.0060147770511994195,0.48902367153120335
11,270.6111163301671,,,mixed C-C torsion / C-C-C bending,delta(O6-C5-H15),angle,0.30761175810675045,+,0.006492282042461635,0.34336798788252265
11,270.6111163301671,,,mixed C-C torsion / C-C-C bending,nu(C2-C7),bond,0.284924720925597,-,-0.0071303747740077495,0.2636677700131217
11,270.6111163301671,,,mixed C-C torsion / C-C-C bending,"gamma(H10;C1,H11,H12)",oop,0.23567648094541438,+,0.007090136620149557,0.22057620785762186
11,270.6111163301671,,,mixed C-C torsion / C-C-C bending,tau(O3-C4-C5-H15),dihedral,0.20390470644046838,-,-0.023128492406279337,0.017934291688590415
11,270.6111163301671,,,mixed C-C torsion / C-C-C bending,delta(O6-C5-H14),angle,0.17511419906151166,-,-0.004558320152798947,0.3965183969738679
11,270.6111163301671,,,mixed C-C torsion / C-C-C bending,tau(H12-C1-C2-O3),dihedral,0.15661243733451866,-,-0.006651272681485442,0.16655910224267684
11,270.6111163301671,,,mixed C-C torsion / C-C-C bending,nu(C2-O3),bond,0.15062794927975034,+,0.004297104431169426,0.38380035796927126
11,270.6111163301671,,,mixed C-C torsion / C-C-C bending,tau(O3-C2-C7-N8),dihedral,0.11864078591528304,-,-0.007486248406878457,0.09959950414138982
11,270.6111163301671,,,mixed C-C torsion / C-C-C bending,delta(N8-C7-O9),angle,0.11448097574292834,+,0.0032343039220364854,0.5149004794564609
11,270.6111163301671,,,mixed C-C torsion / C-C-C bending,delta(H17-N8-H18),angle,0.05338859264713034,+,0.003360147653884374,0.2224761076628819
11,270.6111163301671,,,mixed C-C torsion / C-C-C bending,delta(C4-C5-H14),angle,0.045842960048379885,-,-0.0024378140971492847,0.36293020366388096
11,270.6111163301671,,,mixed C-C torsion / C-C-C bending,nu(C5-H14),bond,0.042656880318943304,-,-0.0024617211640240505,0.33117916004476916
11,270.6111163301671,,,mixed C-C torsion / C-C-C bending,nu(C1-H10),bond,0.039176071935645616,-,-0.0023039469903374105,0.3472382446251712
11,270.6111163301671,,,mixed C-C torsion / C-C-C bending,delta(H11-C1-H12),angle,0.03749696924426841,+,0.002715223384330582,0.23929667529530443
11,270.6111163301671,,,mixed C-C torsion / C-C-C bending,delta(C5-O6-H16),angle,0.020117263106283576,-,-0.0022714945258793828,0.18344130679358742
11,270.6111163301671,,,mixed C-C torsion / C-C-C bending,nu(C4-H13),bond,0.017138907495560424,-,-0.0015370263171733173,0.34132818878264654
11,270.6111163301671,,,mixed C-C torsion / C-C-C bending,nu(C7-N8),bond,0.015486849838057235,+,0.0012730892785733515,0.44956966026774636
11,270.6111163301671,,,mixed C-C torsion / C-C-C bending,delta(C7-N8-H18),angle,0.01542929623888974,+,0.001725712887645839,0.24375900097385186
11,270.6111163301671,,,mixed C-C torsion / C-C-C bending,nu(C7-O9),bond,0.01479736995724946,-,-0.0009390480646507577,0.7895152384577152
11,270.6111163301671,,,mixed C-C torsion / C-C-C bending,nu(C1-H12),bond,0.00960915198124033,+,0.0011471552264980354,0.34355186841315943
11,270.6111163301671,,,mixed C-C torsion / C-C-C bending,nu(C1-H11),bond,0.0063056763399473035,-,-0.0009391782804902001,0.3363467402870326
11,270.6111163301671,,,mixed C-C torsion / C-C-C bending,nu(N8-H18),bond,0.002110451448520666,-,-0.00045681281998510186,0.475828474339461
11,270.6111163301671,,,mixed C-C torsion / C-C-C bending,nu(C5-H15),bond,0.00046137898583354796,+,0.00025388125613721177,0.3367814495898813
11,270.6111163301671,,,mixed C-C torsion / C-C-C bending,nu(N8-H17),bond,0.0004176077345592903,-,-0.00020400431599023808,0.4721080993655485
11,270.6111163301671,,,mixed C-C torsion / C-C-C bending,nu(C1-C2),bond,0.00033706386549029485,-,-0.0002338769636476119,0.28992718037655574
11,270.6111163301671,,,mixed C-C torsion / C-C-C bending,nu(O6-H16),bond,0.00015617104951244246,+,0.00011913608067484627,0.5176849510111644
11,270.6111163301671,,,mixed C-C torsion / C-C-C bending,delta(H14-C5-H15),angle,9.697502521785525e-06,-,-3.8963724735843386e-05,0.3005319136675133
12,282.6439382753861,,,mixed ring-site C-H out-of-plane bending / O-C-C bending,tau(C1-C2-C4-H13),dihedral,21.15435751188335,-,-0.06595276042122292,0.31654594256257856
12,282.6439382753861,,,mixed ring-site C-H out-of-plane bending / O-C-C bending,delta(C2-C7-N8),angle,13.7838877214535,+,0.04127993198657976,0.5264979045723385
12,282.6439382753861,,,mixed ring-site C-H out-of-plane bending / O-C-C bending,delta(O3-C4-C5),angle,10.830434645171264,-,-0.030914498188107487,0.73760584533266
12,282.6439382753861,,,mixed ring-site C-H out-of-plane bending / O-C-C bending,delta(C4-C5-O6),angle,9.82484983068574,-,-0.03880685963581052,0.4246310893417379
12,282.6439382753861,,,mixed ring-site C-H out-of-plane bending / O-C-C bending,"gamma(C2;C4,C5,H13)",oop,9.32474660134077,+,0.03522938092869027,0.48902367153120335
12,282.6439382753861,,,mixed ring-site C-H out-of-plane bending / O-C-C bending,"gamma(O3;C2,C1,C4)",oop,9.12503684941596,-,-0.018782943006997444,1.6834887239813823
12,282.6439382753861,,,mixed ring-site C-H out-of-plane bending / O-C-C bending,delta(O3-C2-C7),angle,7.105294607999259,+,0.030231483978743454,0.506018068089154
12,282.6439382753861,,,mixed ring-site C-H out-of-plane bending / O-C-C bending,tau(H10-C1-C2-C7),dihedral,3.6929340188163113,-,-0.03825424931273694,0.16425365664741987
12,282.6439382753861,,,mixed ring-site C-H out-of-plane bending / O-C-C bending,tau(H12-C1-C2-O3),dihedral,2.5185046036152436,+,0.031371741083352896,0.16655910224267684
12,282.6439382753861,,,mixed ring-site C-H out-of-plane bending / O-C-C bending,tau(C2-O3-C4-C5),dihedral,2.1078149700700264,-,-0.02030007808604642,0.3329200368533325
12,282.6439382753861,,,mixed ring-site C-H out-of-plane bending / O-C-C bending,delta(C2-C1-H12),angle,2.099913974173153,-,-0.02119870699935264,0.3041484625700951
12,282.6439382753861,,,mixed ring-site C-H out-of-plane bending / O-C-C bending,tau(H15-C5-O6-H16),dihedral,1.5488440560120518,-,-0.08045642097507971,0.015573604478316995
12,282.6439382753861,,,mixed ring-site C-H out-of-plane bending / O-C-C bending,nu(C2-C4),bond,1.1042082699437055,-,-0.01399753031770726,0.3668183290081972
12,282.6439382753861,,,mixed ring-site C-H out-of-plane bending / O-C-C bending,tau(O3-C2-C7-O9),dihedral,1.0428592913190144,-,-0.024239640938104726,0.11552506365896313
12,282.6439382753861,,,mixed ring-site C-H out-of-plane bending / O-C-C bending,nu(C2-C7),bond,1.0158255189234422,-,-0.015835525117194986,0.2636677700131217
12,282.6439382753861,,,mixed ring-site C-H out-of-plane bending / O-C-C bending,tau(C7-C2-O3-C4),dihedral,0.6748924153745025,+,0.011711047876578356,0.3202918595636512
12,282.6439382753861,,,mixed ring-site C-H out-of-plane bending / O-C-C bending,tau(O3-C2-C7-N8),dihedral,0.6337546524502667,-,-0.020350890864459674,0.09959950414138982
12,282.6439382753861,,,mixed ring-site C-H out-of-plane bending / O-C-C bending,delta(C2-C1-H11),angle,0.5756499728836512,+,0.009998701148818831,0.3747780774393608
12,282.6439382753861,,,mixed ring-site C-H out-of-plane bending / O-C-C bending,nu(C4-C5),bond,0.40933072667540127,-,-0.009714300153797215,0.2823281460877687
12,282.6439382753861,,,mixed ring-site C-H out-of-plane bending / O-C-C bending,delta(O6-C5-H15),angle,0.25844350678127614,+,0.006999295739678041,0.34336798788252265
12,282.6439382753861,,,mixed ring-site C-H out-of-plane bending / O-C-C bending,delta(C1-C2-C4),angle,0.22517742304450486,-,-0.005572900883854746,0.47191640306808397
12,282.6439382753861,,,mixed ring-site C-H out-of-plane bending / O-C-C bending,tau(O9-C7-N8-H17),dihedral,0.14187603211246358,+,0.01724413454410149,0.031054825617639323
12,282.6439382753861,,,mixed ring-site C-H out-of-plane bending / O-C-C bending,delta(O6-C5-H14),angle,0.13355848783569135,+,0.004682259817550919,0.3965183969738679
12,282.6439382753861,,,mixed ring-site C-H out-of-plane bending / O-C-C bending,delta(C5-O6-H16),angle,0.11025522675068027,-,-0.006254642028315407,0.18344130679358742
12,282.6439382753861,,,mixed ring-site C-H out-of-plane bending / O-C-C bending,delta(H14-C5-H15),angle,0.10000381686626195,+,0.00465387187737628,0.3005319136675133
12,282.6439382753861,,,mixed ring-site C-H out-of-plane bending / O-C-C bending,tau(O3-C4-C5-H15),dihedral,0.09148785632951835,+,0.018221790305955395,0.017934291688590415
12,282.6439382753861,,,mixed ring-site C-H out-of-plane bending / O-C-C bending,tau(C2-C7-N8-H18),dihedral,0.08567152103327004,-,-0.014518472064933488,0.026454375718111652
12,282.6439382753861,,,mixed ring-site C-H out-of-plane bending / O-C-C bending,"gamma(H10;C1,H11,H12)",oop,0.054030163915964796,-,-0.003992916632229841,0.22057620785762186
12,282.6439382753861,,,mixed ring-site C-H out-of-plane bending / O-C-C bending,delta(C4-C5-H14),angle,0.053026841655685206,+,0.003083811029181492,0.36293020366388096
12,282.6439382753861,,,mixed ring-site C-H out-of-plane bending / O-C-C bending,delta(C7-N8-H18),angle,0.048480575187301304,-,-0.0035979488457137834,0.24375900097385186
12,282.6439382753861,,,mixed ring-site C-H out-of-plane bending / O-C-C bending,delta(H17-N8-H18),angle,0.03232032096492958,-,-0.0030750173946243386,0.2224761076628819
12,282.6439382753861,,,mixed ring-site C-H out-of-plane bending / O-C-C bending,nu(C5-O6),bond,0.028196760965717382,-,-0.002346868254013833,0.33321509590887466
12,282.6439382753861,,,mixed ring-site C-H out-of-plane bending / O-C-C bending,delta(H11-C1-H12),angle,0.02563178007176785,-,-0.002640416784767989,0.23929667529530443
12,282.6439382753861,,,mixed ring-site C-H out-of-plane bending / O-C-C bending,nu(C2-O3),bond,0.014776269405262474,-,-0.0015830008417207135,0.38380035796927126
12,282.6439382753861,,,mixed ring-site C-H out-of-plane bending / O-C-C bending,delta(N8-C7-O9),angle,0.0049227161868211225,+,0.0007888459205380928,0.5149004794564609
12,282.6439382753861,,,mixed ring-site C-H out-of-plane bending / O-C-C bending,nu(C7-O9),bond,0.0038604630608332848,-,-0.0005641451715380027,0.7895152384577152
12,282.6439382753861,,,mixed ring-site C-H out-of-plane bending / O-C-C bending,nu(O6-H16),bond,0.0027893478292002165,+,0.0005922021774576329,0.5176849510111644
12,282.6439382753861,,,mixed ring-site C-H out-of-plane bending / O-C-C bending,nu(N8-H18),bond,0.002361504638413204,+,0.0005683562249245215,0.475828474339461
12,282.6439382753861,,,mixed ring-site C-H out-of-plane bending / O-C-C bending,nu(C1-H12),bond,0.0021833141011062583,-,-0.0006431516462583254,0.34355186841315943
12,282.6439382753861,,,mixed ring-site C-H out-of-plane bending / O-C-C bending,nu(C5-H15),bond,0.0016326347934278232,-,-0.0005617225723930078,0.3367814495898813
12,282.6439382753861,,,mixed ring-site C-H out-of-plane bending / O-C-C bending,nu(N8-H17),bond,0.0012265997195941582,-,-0.0004112274892291514,0.4721080993655485
12,282.6439382753861,,,mixed ring-site C-H out-of-plane bending / O-C-C bending,nu(C1-H11),bond,0.0011650837761540405,-,-0.0004748280854777629,0.3363467402870326
12,282.6439382753861,,,mixed ring-site C-H out-of-plane bending / O-C-C bending,nu(C5-H14),bond,0.0009875436252909364,+,0.0004405529137781222,0.33117916004476916
12,282.6439382753861,,,mixed ring-site C-H out-of-plane bending / O-C-C bending,nu(C7-N8),bond,0.0009808925523489994,-,-0.0003768457783134136,0.44956966026774636
12,282.6439382753861,,,mixed ring-site C-H out-of-plane bending / O-C-C bending,nu(C4-H13),bond,0.000957065954828628,-,-0.0004272049624599256,0.34132818878264654
12,282.6439382753861,,,mixed ring-site C-H out-of-plane bending / O-C-C bending,nu(C1-C2),bond,0.0004989818755085982,-,-0.0003346950988358157,0.28992718037655574
12,282.6439382753861,,,mixed ring-site C-H out-of-plane bending / O-C-C bending,nu(C1-H10),bond,0.0003406566686799744,-,-0.0002526946834290783,0.3472382446251712
12,282.6439382753861,,,mixed ring-site C-H out-of-plane bending / O-C-C bending,delta(C5-C4-H13),angle,1.637409084639617e-05,-,-6.047815068939065e-05,0.29138222577639733
13,349.97892334712395,,,mixed C-C-C bending / N-C-O bending,delta(C1-C2-C4),angle,24.923807919207235,+,0.06695609122846087,0.47191640306808397
13,349.97892334712395,,,mixed C-C-C bending / N-C-O bending,delta(N8-C7-O9),angle,10.465210810914785,+,0.041536296754245076,0.5149004794564609
13,349.97892334712395,,,mixed C-C-C bending / N-C-O bending,tau(C1-C2-C4-H13),dihedral,9.237141588879433,-,-0.04976979545180385,0.31654594256257856
13,349.97892334712395,,,mixed C-C-C bending / N-C-O bending,tau(C2-O3-C4-C5),dihedral,8.81147258210155,+,0.047399058057729475,0.3329200368533325
13,349.97892334712395,,,mixed C-C-C bending / N-C-O bending,delta(C2-C7-N8),angle,8.452274234746733,-,-0.03691508708193283,0.5264979045723385
13,349.97892334712395,,,mixed C-C-C bending / N-C-O bending,nu(C2-C7),bond,5.842703095264083,-,-0.04337043887170321,0.2636677700131217
13,349.97892334712395,,,mixed C-C-C bending / N-C-O bending,delta(O3-C2-C7),angle,5.139789401757862,-,-0.029363314808497264,0.506018068089154
13,349.97892334712395,,,mixed C-C-C bending / N-C-O bending,"gamma(C2;C4,C5,H13)",oop,5.135754597492237,-,-0.02985744369164229,0.48902367153120335
13,349.97892334712395,,,mixed C-C-C bending / N-C-O bending,"gamma(O3;C2,C1,C4)",oop,5.121850937942477,-,-0.016070292912104475,1.6834887239813823
13,349.97892334712395,,,mixed C-C-C bending / N-C-O bending,tau(H12-C1-C2-O3),dihedral,4.181995652138585,-,-0.0461660836277566,0.16655910224267684
13,349.97892334712395,,,mixed C-C-C bending / N-C-O bending,delta(C4-C5-O6),angle,3.065230660528275,+,0.02475375668157604,0.4246310893417379
13,349.97892334712395,,,mixed C-C-C bending / N-C-O bending,delta(C5-C4-H13),angle,2.1040957278434917,+,0.02475806222902775,0.29138222577639733
13,349.97892334712395,,,mixed C-C-C bending / N-C-O bending,delta(C2-C1-H12),angle,1.451913919402633,-,-0.02012996652927501,0.3041484625700951
13,349.97892334712395,,,mixed C-C-C bending / N-C-O bending,delta(C7-N8-H18),angle,1.4163914084289666,+,0.022208884338047356,0.24375900097385186
13,349.97892334712395,,,mixed C-C-C bending / N-C-O bending,delta(C4-C5-H14),angle,1.2834841762556186,-,-0.017326032881554442,0.36293020366388096
13,349.97892334712395,,,mixed C-C-C bending / N-C-O bending,nu(C4-C5),bond,0.7163305201437982,-,-0.014675573118174372,0.2823281460877687
13,349.97892334712395,,,mixed C-C-C bending / N-C-O bending,delta(C2-C1-H11),angle,0.6370948724114803,-,-0.01201241690479049,0.3747780774393608
13,349.97892334712395,,,mixed C-C-C bending / N-C-O bending,tau(C7-C2-O3-C4),dihedral,0.5737233414956537,+,0.012330870598710653,0.3202918595636512
13,349.97892334712395,,,mixed C-C-C bending / N-C-O bending,nu(C7-N8),bond,0.28031626688326217,-,-0.00727513546103277,0.44956966026774636
13,349.97892334712395,,,mixed C-C-C bending / N-C-O bending,nu(C2-C4),bond,0.23715486820045378,-,-0.007408084697937042,0.3668183290081972
13,349.97892334712395,,,mixed C-C-C bending / N-C-O bending,delta(H11-C1-H12),angle,0.12394060356744184,-,-0.006630616379606798,0.23929667529530443
13,349.97892334712395,,,mixed C-C-C bending / N-C-O bending,delta(O3-C4-C5),angle,0.12231466437219819,-,-0.0037518245444807794,0.73760584533266
13,349.97892334712395,,,mixed C-C-C bending / N-C-O bending,"gamma(H10;C1,H11,H12)",oop,0.10106820002317024,-,-0.006236534995579083,0.22057620785762186
13,349.97892334712395,,,mixed C-C-C bending / N-C-O bending,tau(O3-C4-C5-H15),dihedral,0.08717191827961608,-,-0.020312417674852846,0.017934291688590415
13,349.97892334712395,,,mixed C-C-C bending / N-C-O bending,nu(C2-O3),bond,0.08606155321153408,+,0.004362820381144402,0.38380035796927126
13,349.97892334712395,,,mixed C-C-C bending / N-C-O bending,tau(O3-C2-C7-N8),dihedral,0.0773211726921424,-,-0.008117757228095041,0.09959950414138982
13,349.97892334712395,,,mixed C-C-C bending / N-C-O bending,nu(C5-O6),bond,0.07220566661803465,-,-0.00428882906946197,0.33321509590887466
13,349.97892334712395,,,mixed C-C-C bending / N-C-O bending,tau(H15-C5-O6-H16),dihedral,0.06722527288561476,+,0.01914199276071629,0.015573604478316995
13,349.97892334712395,,,mixed C-C-C bending / N-C-O bending,delta(H17-N8-H18),angle,0.06026501942537509,+,0.004795196324359174,0.2224761076628819
13,349.97892334712395,,,mixed C-C-C bending / N-C-O bending,tau(O3-C2-C7-O9),dihedral,0.0422652043021322,+,0.005572740358646524,0.11552506365896313
13,349.97892334712395,,,mixed C-C-C bending / N-C-O bending,delta(H14-C5-H15),angle,0.017048972336004168,-,-0.0021944173875559844,0.3005319136675133
13,349.97892334712395,,,mixed C-C-C bending / N-C-O bending,nu(C1-C2),bond,0.015343334485294523,-,-0.002119487411910056,0.28992718037655574
13,349.97892334712395,,,mixed C-C-C bending / N-C-O bending,tau(O9-C7-N8-H17),dihedral,0.01035763819597167,+,0.005320852891861399,0.031054825617639323
13,349.97892334712395,,,mixed C-C-C bending / N-C-O bending,nu(N8-H18),bond,0.010043380215098164,-,-0.0013385363497889487,0.475828474339461
13,349.97892334712395,,,mixed C-C-C bending / N-C-O bending,delta(C5-O6-H16),angle,0.00845566384300398,+,0.0019780657257334657,0.18344130679358742
13,349.97892334712395,,,mixed C-C-C bending / N-C-O bending,nu(N8-H17),bond,0.006361659869478792,+,0.001069497880697814,0.4721080993655485
13,349.97892334712395,,,mixed C-C-C bending / N-C-O bending,tau(H10-C1-C2-C7),dihedral,0.006246617856479158,+,0.001796719895758108,0.16425365664741987
13,349.97892334712395,,,mixed C-C-C bending / N-C-O bending,delta(O6-C5-H14),angle,0.0028415296363502006,-,-0.0007799375954730752,0.3965183969738679
13,349.97892334712395,,,mixed C-C-C bending / N-C-O bending,nu(C5-H14),bond,0.0028128484043099798,+,0.0008490965854471125,0.33117916004476916
13,349.97892334712395,,,mixed C-C-C bending / N-C-O bending,nu(C1-H11),bond,0.0007042878180688219,+,0.0004215964136568639,0.3363467402870326
13,349.97892334712395,,,mixed C-C-C bending / N-C-O bending,nu(C5-H15),bond,0.0006521737744230764,+,0.0004054366600337265,0.3367814495898813
13,349.97892334712395,,,mixed C-C-C bending / N-C-O bending,delta(O6-C5-H15),angle,0.0006219759056897368,+,0.00039212299396443654,0.34336798788252265
13,349.97892334712395,,,mixed C-C-C bending / N-C-O bending,nu(O6-H16),bond,0.0004011320546147544,-,-0.00025646396067160017,0.5176849510111644
13,349.97892334712395,,,mixed C-C-C bending / N-C-O bending,nu(C1-H12),bond,0.00028098884766775107,-,-0.00026348980456897546,0.34355186841315943
13,349.97892334712395,,,mixed C-C-C bending / N-C-O bending,nu(C1-H10),bond,0.00023692675247142142,+,0.00024066265630216216,0.3472382446251712
13,349.97892334712395,,,mixed C-C-C bending / N-C-O bending,tau(C2-C7-N8-H18),dihedral,1.0104140555542908e-05,+,0.00018005963353707978,0.026454375718111652
13,349.97892334712395,,,mixed C-C-C bending / N-C-O bending,nu(C7-O9),bond,4.686207656575807e-06,-,-2.2446360693535398e-05,0.7895152384577152
13,349.97892334712395,,,mixed C-C-C bending / N-C-O bending,nu(C4-H13),bond,2.2224101124692432e-07,-,-7.434323500848828e-06,0.34132818878264654
14,371.43123887228705,,,mixed C-N torsion / C-O torsion,tau(C2-C7-N8-H18),dihedral,34.9958522094506,+,0.4066289011757813,0.026454375718111652
14,371.43123887228705,,,mixed C-N torsion / C-O torsion,tau(O9-C7-N8-H17),dihedral,34.85184600100988,-,-0.3745303879143415,0.031054825617639323
14,371.43123887228705,,,mixed C-N torsion / C-O torsion,tau(H15-C5-O6-H16),dihedral,7.588044450287915,-,-0.24677949856081793,0.015573604478316995
14,371.43123887228705,,,mixed C-N torsion / C-O torsion,"gamma(O3;C2,C1,C4)",oop,6.001241727462496,+,0.021108344277389758,1.6834887239813823
14,371.43123887228705,,,mixed C-N torsion / C-O torsion,tau(C1-C2-C4-H13),dihedral,5.662289102561853,+,0.04728423410692431,0.31654594256257856
14,371.43123887228705,,,mixed C-N torsion / C-O torsion,tau(O3-C2-C7-N8),dihedral,2.5144939282764067,+,0.05617400934369555,0.09959950414138982
14,371.43123887228705,,,mixed C-N torsion / C-O torsion,delta(C7-N8-H18),angle,1.0834780807889086,-,-0.023570481200890205,0.24375900097385186
14,371.43123887228705,,,mixed C-N torsion / C-O torsion,delta(H17-N8-H18),angle,0.9578753705712263,-,-0.023198052614418804,0.2224761076628819
14,371.43123887228705,,,mixed C-N torsion / C-O torsion,tau(O3-C2-C7-O9),dihedral,0.7848267569386167,+,0.02913986308486835,0.11552506365896313
14,371.43123887228705,,,mixed C-N torsion / C-O torsion,delta(C1-C2-C4),angle,0.73655187396469,+,0.013967151617663813,0.47191640306808397
14,371.43123887228705,,,mixed C-N torsion / C-O torsion,tau(C2-O3-C4-C5),dihedral,0.7273441957723752,+,0.016524896056378576,0.3329200368533325
14,371.43123887228705,,,mixed C-N torsion / C-O torsion,tau(H12-C1-C2-O3),dihedral,0.5975262423791093,-,-0.021175468161436756,0.16655910224267684
14,371.43123887228705,,,mixed C-N torsion / C-O torsion,tau(H10-C1-C2-C7),dihedral,0.5950317761579128,+,0.021279002749917418,0.16425365664741987
14,371.43123887228705,,,mixed C-N torsion / C-O torsion,delta(C5-C4-H13),angle,0.5390669269903864,+,0.015206474229969806,0.29138222577639733
14,371.43123887228705,,,mixed C-N torsion / C-O torsion,delta(C2-C1-H12),angle,0.5286834298123703,+,0.014739873329093229,0.3041484625700951
14,371.43123887228705,,,mixed C-N torsion / C-O torsion,delta(C2-C1-H11),angle,0.4120331108027698,-,-0.011722430963525148,0.3747780774393608
14,371.43123887228705,,,mixed C-N torsion / C-O torsion,delta(O3-C4-C5),angle,0.2487294736991435,-,-0.006492174212392512,0.73760584533266
14,371.43123887228705,,,mixed C-N torsion / C-O torsion,nu(C4-C5),bond,0.19746836104859933,-,-0.00934997365764058,0.2823281460877687
14,371.43123887228705,,,mixed C-N torsion / C-O torsion,nu(C7-N8),bond,0.19216819015452694,+,0.007309387182218161,0.44956966026774636
14,371.43123887228705,,,mixed C-N torsion / C-O torsion,nu(C2-C4),bond,0.1821843933970184,-,-0.007878958011532749,0.3668183290081972
14,371.43123887228705,,,mixed C-N torsion / C-O torsion,delta(O3-C2-C7),angle,0.13864005058662643,+,0.005851942587057663,0.506018068089154
14,371.43123887228705,,,mixed C-N torsion / C-O torsion,tau(O3-C4-C5-H15),dihedral,0.07920321898881195,-,-0.02349459789062305,0.017934291688590415
14,371.43123887228705,,,mixed C-N torsion / C-O torsion,delta(C4-C5-H14),angle,0.07492235442913467,-,-0.005079639208515248,0.36293020366388096
14,371.43123887228705,,,mixed C-N torsion / C-O torsion,nu(C2-C7),bond,0.07325552659338319,-,-0.005892917877547853,0.2636677700131217
14,371.43123887228705,,,mixed C-N torsion / C-O torsion,nu(C5-O6),bond,0.043094510594033464,-,-0.0040205674928722205,0.33321509590887466
14,371.43123887228705,,,mixed C-N torsion / C-O torsion,tau(C7-C2-O3-C4),dihedral,0.02878691868101888,-,-0.0033516862266246986,0.3202918595636512
14,371.43123887228705,,,mixed C-N torsion / C-O torsion,delta(C2-C7-N8),angle,0.024147551128622356,-,-0.002394291028880779,0.5264979045723385
14,371.43123887228705,,,mixed C-N torsion / C-O torsion,delta(C4-C5-O6),angle,0.017916976946125627,-,-0.002296493328991729,0.4246310893417379
14,371.43123887228705,,,mixed C-N torsion / C-O torsion,nu(N8-H17),bond,0.01438728007014518,+,0.0019516742763973653,0.4721080993655485
14,371.43123887228705,,,mixed C-N torsion / C-O torsion,delta(O6-C5-H15),angle,0.013242390449457598,+,0.0021955433036956475,0.34336798788252265
14,371.43123887228705,,,mixed C-N torsion / C-O torsion,delta(N8-C7-O9),angle,0.01282364663629079,+,0.0017643422644504664,0.5149004794564609
14,371.43123887228705,,,mixed C-N torsion / C-O torsion,nu(C7-O9),bond,0.012606539460326624,-,-0.0014127209970794042,0.7895152384577152
14,371.43123887228705,,,mixed C-N torsion / C-O torsion,"gamma(C2;C4,C5,H13)",oop,0.012236346861035452,-,-0.0017684780074456302,0.48902367153120335
14,371.43123887228705,,,mixed C-N torsion / C-O torsion,delta(C5-O6-H16),angle,0.011927890287191238,-,-0.0028508342304530555,0.18344130679358742
14,371.43123887228705,,,mixed C-N torsion / C-O torsion,nu(C1-C2),bond,0.011427551341308228,-,-0.0022195801861447533,0.28992718037655574
14,371.43123887228705,,,mixed C-N torsion / C-O torsion,nu(N8-H18),bond,0.010781277140589176,+,0.0016828623955998621,0.475828474339461
14,371.43123887228705,,,mixed C-N torsion / C-O torsion,delta(O6-C5-H14),angle,0.004672831832753694,-,-0.0012136602264978674,0.3965183969738679
14,371.43123887228705,,,mixed C-N torsion / C-O torsion,nu(O6-H16),bond,0.0039946321054019785,+,0.000982074283031102,0.5176849510111644
14,371.43123887228705,,,mixed C-N torsion / C-O torsion,nu(C4-H13),bond,0.003777827248807906,-,-0.0011761797119659288,0.34132818878264654
14,371.43123887228705,,,mixed C-N torsion / C-O torsion,delta(H14-C5-H15),angle,0.0034483072642817743,+,0.0011975575546663384,0.3005319136675133
14,371.43123887228705,,,mixed C-N torsion / C-O torsion,nu(C2-O3),bond,0.0018233941145756897,-,-0.0007705952031747247,0.38380035796927126
14,371.43123887228705,,,mixed C-N torsion / C-O torsion,nu(C5-H14),bond,0.0017212164494219437,+,0.0008059812867102404,0.33117916004476916
14,371.43123887228705,,,mixed C-N torsion / C-O torsion,nu(C1-H11),bond,0.0015366625818309346,+,0.0007556737933953337,0.3363467402870326
14,371.43123887228705,,,mixed C-N torsion / C-O torsion,nu(C1-H12),bond,0.0012517235854791152,-,-0.0006748337196417279,0.34355186841315943
14,371.43123887228705,,,mixed C-N torsion / C-O torsion,nu(C1-H10),bond,0.000806007243019572,-,-0.000538634802602452,0.3472382446251712
14,371.43123887228705,,,mixed C-N torsion / C-O torsion,delta(H11-C1-H12),angle,0.0006189562941440655,+,0.0005685915145058126,0.23929667529530443
14,371.43123887228705,,,mixed C-N torsion / C-O torsion,"gamma(H10;C1,H11,H12)",oop,0.0001965923474966391,+,0.000333766454924707,0.22057620785762186
14,371.43123887228705,,,mixed C-N torsion / C-O torsion,nu(C5-H15),bond,1.6217211916201442e-05,+,7.75805277525705e-05,0.3367814495898813
15,396.38464549224085,,,mixed C-O torsion / C-N torsion,tau(H15-C5-O6-H16),dihedral,52.709216136244976,-,-0.5184973251525952,0.015573604478316995
15,396.38464549224085,,,mixed C-O torsion / C-N torsion,tau(C2-C7-N8-H18),dihedral,16.06335547479738,-,-0.2196176237852931,0.026454375718111652
15,396.38464549224085,,,mixed C-O torsion / C-N torsion,tau(O9-C7-N8-H17),dihedral,13.062760697497902,+,0.18278929163297047,0.031054825617639323
15,396.38464549224085,,,mixed C-O torsion / C-N torsion,delta(C4-C5-O6),angle,4.494065427044,+,0.028994232245531392,0.4246310893417379
15,396.38464549224085,,,mixed C-O torsion / C-N torsion,tau(C1-C2-C4-H13),dihedral,3.5411788358533,+,0.02980940902720227,0.31654594256257856
15,396.38464549224085,,,mixed C-O torsion / C-N torsion,"gamma(O3;C2,C1,C4)",oop,2.343065414336097,+,0.010514410114446388,1.6834887239813823
15,396.38464549224085,,,mixed C-O torsion / C-N torsion,delta(C1-C2-C4),angle,1.0175096497190288,+,0.013086832493126348,0.47191640306808397
15,396.38464549224085,,,mixed C-O torsion / C-N torsion,delta(C4-C5-H14),angle,0.9306500466012191,-,-0.01427182321036771,0.36293020366388096
15,396.38464549224085,,,mixed C-O torsion / C-N torsion,delta(C7-N8-H18),angle,0.6940316783478054,+,0.01503859030617318,0.24375900097385186
15,396.38464549224085,,,mixed C-O torsion / C-N torsion,delta(C2-C1-H11),angle,0.49904692458262806,-,-0.010284458122334124,0.3747780774393608
15,396.38464549224085,,,mixed C-O torsion / C-N torsion,tau(O3-C2-C7-O9),dihedral,0.4344338703755208,+,0.01728309600012088,0.11552506365896313
15,396.38464549224085,,,mixed C-O torsion / C-N torsion,nu(C2-C4),bond,0.42402840292523714,+,0.009582300183234308,0.3668183290081972
15,396.38464549224085,,,mixed C-O torsion / C-N torsion,delta(O3-C4-C5),angle,0.4171474614511065,+,0.006702401488536167,0.73760584533266
15,396.38464549224085,,,mixed C-O torsion / C-N torsion,delta(O6-C5-H14),angle,0.4135682030979756,-,-0.009102060364582115,0.3965183969738679
15,396.38464549224085,,,mixed C-O torsion / C-N torsion,delta(H17-N8-H18),angle,0.3180193043146776,+,0.01065572158326818,0.2224761076628819
15,396.38464549224085,,,mixed C-O torsion / C-N torsion,nu(C2-C7),bond,0.3174392344969122,+,0.0097791158327863,0.2636677700131217
15,396.38464549224085,,,mixed C-O torsion / C-N torsion,delta(C2-C7-N8),angle,0.3164018830127894,-,-0.006909060855862516,0.5264979045723385
15,396.38464549224085,,,mixed C-O torsion / C-N torsion,tau(H12-C1-C2-O3),dihedral,0.3145938691838671,-,-0.012248664906554062,0.16655910224267684
15,396.38464549224085,,,mixed C-O torsion / C-N torsion,tau(C2-O3-C4-C5),dihedral,0.2613127612916474,+,0.0078960184487891,0.3329200368533325
15,396.38464549224085,,,mixed C-O torsion / C-N torsion,tau(H10-C1-C2-C7),dihedral,0.2204268932985343,+,0.010324584388303883,0.16425365664741987
15,396.38464549224085,,,mixed C-O torsion / C-N torsion,delta(C5-C4-H13),angle,0.21492593783232045,+,0.0076543919843131405,0.29138222577639733
15,396.38464549224085,,,mixed C-O torsion / C-N torsion,delta(O3-C2-C7),angle,0.2107053151635089,+,0.005751121533281968,0.506018068089154
15,396.38464549224085,,,mixed C-O torsion / C-N torsion,nu(C7-N8),bond,0.14269822487234501,-,-0.005021212482603205,0.44956966026774636
15,396.38464549224085,,,mixed C-O torsion / C-N torsion,delta(C2-C1-H12),angle,0.13270773602475136,+,0.00588712312928136,0.3041484625700951
15,396.38464549224085,,,mixed C-O torsion / C-N torsion,"gamma(C2;C4,C5,H13)",oop,0.12229106511203733,-,-0.004456872750803404,0.48902367153120335
15,396.38464549224085,,,mixed C-O torsion / C-N torsion,delta(O6-C5-H15),angle,0.11824164594652012,-,-0.0052300175153910285,0.34336798788252265
15,396.38464549224085,,,mixed C-O torsion / C-N torsion,nu(C4-C5),bond,0.05996121805221248,+,0.004107295476810463,0.2823281460877687
15,396.38464549224085,,,mixed C-O torsion / C-N torsion,tau(C7-C2-O3-C4),dihedral,0.04667894325793304,+,0.0034023999961359953,0.3202918595636512
15,396.38464549224085,,,mixed C-O torsion / C-N torsion,nu(O6-H16),bond,0.03775468517965064,+,0.002406857998776161,0.5176849510111644
15,396.38464549224085,,,mixed C-O torsion / C-N torsion,"gamma(H10;C1,H11,H12)",oop,0.0282586934549892,-,-0.0031900281682662366,0.22057620785762186
15,396.38464549224085,,,mixed C-O torsion / C-N torsion,delta(C5-O6-H16),angle,0.021190103746528598,-,-0.003029115167174761,0.18344130679358742
15,396.38464549224085,,,mixed C-O torsion / C-N torsion,nu(C5-H14),bond,0.014298914553124927,+,0.0018519013450514384,0.33117916004476916
15,396.38464549224085,,,mixed C-O torsion / C-N torsion,nu(C5-O6),bond,0.01357298932300157,+,0.0017987600414305419,0.33321509590887466
15,396.38464549224085,,,mixed C-O torsion / C-N torsion,tau(O3-C2-C7-N8),dihedral,0.010573065576003805,-,-0.0029038199629282907,0.09959950414138982
15,396.38464549224085,,,mixed C-O torsion / C-N torsion,nu(C4-H13),bond,0.007741958701279203,+,0.0013422615782821353,0.34132818878264654
15,396.38464549224085,,,mixed C-O torsion / C-N torsion,nu(N8-H17),bond,0.0064681821146813,-,-0.001043201507161535,0.4721080993655485
15,396.38464549224085,,,mixed C-O torsion / C-N torsion,delta(H14-C5-H15),angle,0.004502283430178681,+,0.0010908597788655075,0.3005319136675133
15,396.38464549224085,,,mixed C-O torsion / C-N torsion,nu(C7-O9),bond,0.004182967587521229,+,0.0006487237578285378,0.7895152384577152
15,396.38464549224085,,,mixed C-O torsion / C-N torsion,nu(N8-H18),bond,0.004107310536861504,-,-0.000828040097447036,0.475828474339461
15,396.38464549224085,,,mixed C-O torsion / C-N torsion,nu(C1-C2),bond,0.003246544134165338,-,-0.0009431135866622934,0.28992718037655574
15,396.38464549224085,,,mixed C-O torsion / C-N torsion,tau(O3-C4-C5-H15),dihedral,0.0014980338300464588,-,-0.002575825912868833,0.017934291688590415
15,396.38464549224085,,,mixed C-O torsion / C-N torsion,nu(C2-O3),bond,0.0008018557475527006,-,-0.00040737394366405195,0.38380035796927126
15,396.38464549224085,,,mixed C-O torsion / C-N torsion,delta(N8-C7-O9),angle,0.0005695897623032351,+,0.00029642665350340745,0.5149004794564609
15,396.38464549224085,,,mixed C-O torsion / C-N torsion,nu(C1-H12),bond,0.0003342065991158627,-,-0.000277977192885137,0.34355186841315943
15,396.38464549224085,,,mixed C-O torsion / C-N torsion,nu(C1-H10),bond,0.00015284301840990554,-,-0.00018698503012061425,0.3472382446251712
15,396.38464549224085,,,mixed C-O torsion / C-N torsion,nu(C1-H11),bond,0.00013984870938028943,+,0.0001817328475995746,0.3363467402870326
15,396.38464549224085,,,mixed C-O torsion / C-N torsion,nu(C5-H15),bond,0.00013602070348196906,-,-0.0001791126416633969,0.3367814495898813
15,396.38464549224085,,,mixed C-O torsion / C-N torsion,delta(H11-C1-H12),angle,7.648557502148147e-06,-,-5.038708654014797e-05,0.23929667529530443
16,434.5435639328034,,,mixed ring-site C-H out-of-plane bending / cyclic-ring out-of-plane deformation,tau(C1-C2-C4-H13),dihedral,25.76943105710585,+,0.12056183134242734,0.31654594256257856
16,434.5435639328034,,,mixed ring-site C-H out-of-plane bending / cyclic-ring out-of-plane deformation,"gamma(O3;C2,C1,C4)",oop,21.111997292237753,+,0.047318977511895274,1.6834887239813823
16,434.5435639328034,,,mixed ring-site C-H out-of-plane bending / cyclic-ring out-of-plane deformation,delta(C4-C5-O6),angle,11.735508257428686,-,-0.0702458795303711,0.4246310893417379
16,434.5435639328034,,,mixed ring-site C-H out-of-plane bending / cyclic-ring out-of-plane deformation,tau(O3-C2-C7-O9),dihedral,6.52625998246895,+,0.10043148257123995,0.11552506365896313
16,434.5435639328034,,,mixed ring-site C-H out-of-plane bending / cyclic-ring out-of-plane deformation,delta(O3-C2-C7),angle,5.213757387832594,+,0.04289119968556458,0.506018068089154
16,434.5435639328034,,,mixed ring-site C-H out-of-plane bending / cyclic-ring out-of-plane deformation,tau(C7-C2-O3-C4),dihedral,2.7462274559117024,-,-0.039126508849367976,0.3202918595636512
16,434.5435639328034,,,mixed ring-site C-H out-of-plane bending / cyclic-ring out-of-plane deformation,delta(N8-C7-O9),angle,2.543640358577104,+,0.02969901202659153,0.5149004794564609
16,434.5435639328034,,,mixed ring-site C-H out-of-plane bending / cyclic-ring out-of-plane deformation,delta(C2-C7-N8),angle,2.4216118840295793,-,-0.028656935282220682,0.5264979045723385
16,434.5435639328034,,,mixed ring-site C-H out-of-plane bending / cyclic-ring out-of-plane deformation,delta(C2-C1-H12),angle,2.2685798051967687,+,0.03649303762599517,0.3041484625700951
16,434.5435639328034,,,mixed ring-site C-H out-of-plane bending / cyclic-ring out-of-plane deformation,nu(C2-C4),bond,2.2494876491935503,-,-0.03308964357815723,0.3668183290081972
16,434.5435639328034,,,mixed ring-site C-H out-of-plane bending / cyclic-ring out-of-plane deformation,delta(C2-C1-H11),angle,2.0228744811918284,-,-0.03104367836462453,0.3747780774393608
16,434.5435639328034,,,mixed ring-site C-H out-of-plane bending / cyclic-ring out-of-plane deformation,nu(C4-C5),bond,1.6880626573374096,-,-0.03267329921617684,0.2823281460877687
16,434.5435639328034,,,mixed ring-site C-H out-of-plane bending / cyclic-ring out-of-plane deformation,tau(H10-C1-C2-C7),dihedral,1.6401745244221708,+,0.04222438224932219,0.16425365664741987
16,434.5435639328034,,,mixed ring-site C-H out-of-plane bending / cyclic-ring out-of-plane deformation,tau(H12-C1-C2-O3),dihedral,1.6096726314641991,-,-0.04153941644192243,0.16655910224267684
16,434.5435639328034,,,mixed ring-site C-H out-of-plane bending / cyclic-ring out-of-plane deformation,tau(O9-C7-N8-H17),dihedral,1.4474926831920074,+,0.09122616913920639,0.031054825617639323
16,434.5435639328034,,,mixed ring-site C-H out-of-plane bending / cyclic-ring out-of-plane deformation,nu(C1-C2),bond,1.2378469915710786,-,-0.02760989872301533,0.28992718037655574
16,434.5435639328034,,,mixed ring-site C-H out-of-plane bending / cyclic-ring out-of-plane deformation,delta(C7-N8-H18),angle,1.205244560705698,+,0.029712080034336345,0.24375900097385186
16,434.5435639328034,,,mixed ring-site C-H out-of-plane bending / cyclic-ring out-of-plane deformation,tau(C2-C7-N8-H18),dihedral,0.7403437238467675,-,-0.07068768154824186,0.026454375718111652
16,434.5435639328034,,,mixed ring-site C-H out-of-plane bending / cyclic-ring out-of-plane deformation,tau(O3-C2-C7-N8),dihedral,0.6972687737370573,+,0.03535471305831269,0.09959950414138982
16,434.5435639328034,,,mixed ring-site C-H out-of-plane bending / cyclic-ring out-of-plane deformation,tau(C2-O3-C4-C5),dihedral,0.6875973466775878,+,0.01920316996651883,0.3329200368533325
16,434.5435639328034,,,mixed ring-site C-H out-of-plane bending / cyclic-ring out-of-plane deformation,tau(H15-C5-O6-H16),dihedral,0.6491254609025358,+,0.08626716944236484,0.015573604478316995
16,434.5435639328034,,,mixed ring-site C-H out-of-plane bending / cyclic-ring out-of-plane deformation,delta(O6-C5-H14),angle,0.6438246798167333,+,0.017026600108433928,0.3965183969738679
16,434.5435639328034,,,mixed ring-site C-H out-of-plane bending / cyclic-ring out-of-plane deformation,delta(C4-C5-H14),angle,0.618957165727122,+,0.017449964114318137,0.36293020366388096
16,434.5435639328034,,,mixed ring-site C-H out-of-plane bending / cyclic-ring out-of-plane deformation,delta(O6-C5-H15),angle,0.4828964401081723,+,0.01584611841260465,0.34336798788252265
16,434.5435639328034,,,mixed ring-site C-H out-of-plane bending / cyclic-ring out-of-plane deformation,nu(C2-O3),bond,0.4639830393695019,+,0.014691771385721324,0.38380035796927126
16,434.5435639328034,,,mixed ring-site C-H out-of-plane bending / cyclic-ring out-of-plane deformation,tau(O3-C4-C5-H15),dihedral,0.362940143258706,-,-0.06011061695880273,0.017934291688590415
16,434.5435639328034,,,mixed ring-site C-H out-of-plane bending / cyclic-ring out-of-plane deformation,nu(C5-O6),bond,0.36067249628400133,-,-0.013901766046134722,0.33321509590887466
16,434.5435639328034,,,mixed ring-site C-H out-of-plane bending / cyclic-ring out-of-plane deformation,nu(C2-C7),bond,0.29656773748241577,-,-0.01417128478632442,0.2636677700131217
16,434.5435639328034,,,mixed ring-site C-H out-of-plane bending / cyclic-ring out-of-plane deformation,nu(C7-N8),bond,0.1868591413442943,-,-0.008614587248304809,0.44956966026774636
16,434.5435639328034,,,mixed ring-site C-H out-of-plane bending / cyclic-ring out-of-plane deformation,"gamma(C2;C4,C5,H13)",oop,0.10283339778533973,-,-0.006127424218012559,0.48902367153120335
16,434.5435639328034,,,mixed ring-site C-H out-of-plane bending / cyclic-ring out-of-plane deformation,delta(C5-C4-H13),angle,0.08670005866160312,-,-0.007288765269555279,0.29138222577639733
16,434.5435639328034,,,mixed ring-site C-H out-of-plane bending / cyclic-ring out-of-plane deformation,delta(O3-C4-C5),angle,0.04825572399701684,-,-0.0034177322767704726,0.73760584533266
16,434.5435639328034,,,mixed ring-site C-H out-of-plane bending / cyclic-ring out-of-plane deformation,nu(C7-O9),bond,0.030327121355953175,+,0.002618853069052116,0.7895152384577152
16,434.5435639328034,,,mixed ring-site C-H out-of-plane bending / cyclic-ring out-of-plane deformation,delta(H17-N8-H18),angle,0.030110845146423846,+,0.00491581556821445,0.2224761076628819
16,434.5435639328034,,,mixed ring-site C-H out-of-plane bending / cyclic-ring out-of-plane deformation,delta(H14-C5-H15),angle,0.025824230868344754,+,0.003916915442817264,0.3005319136675133
16,434.5435639328034,,,mixed ring-site C-H out-of-plane bending / cyclic-ring out-of-plane deformation,delta(C5-O6-H16),angle,0.0197291879898311,-,-0.004382095464944311,0.18344130679358742
16,434.5435639328034,,,mixed ring-site C-H out-of-plane bending / cyclic-ring out-of-plane deformation,nu(C1-H12),bond,0.0058474738894158905,-,-0.001743266502127213,0.34355186841315943
16,434.5435639328034,,,mixed ring-site C-H out-of-plane bending / cyclic-ring out-of-plane deformation,nu(C1-H10),bond,0.00420189882909429,-,-0.00146988993637404,0.3472382446251712
16,434.5435639328034,,,mixed ring-site C-H out-of-plane bending / cyclic-ring out-of-plane deformation,delta(H11-C1-H12),angle,0.0038522278565007225,+,0.0016953659175206533,0.23929667529530443
16,434.5435639328034,,,mixed ring-site C-H out-of-plane bending / cyclic-ring out-of-plane deformation,nu(C5-H14),bond,0.0032573211776983344,-,-0.0013251791313421176,0.33117916004476916
16,434.5435639328034,,,mixed ring-site C-H out-of-plane bending / cyclic-ring out-of-plane deformation,nu(N8-H17),bond,0.0030486903318090535,+,0.0010737711420591748,0.4721080993655485
16,434.5435639328034,,,mixed ring-site C-H out-of-plane bending / cyclic-ring out-of-plane deformation,nu(N8-H18),bond,0.002111056925812,-,-0.000890021617728866,0.475828474339461
16,434.5435639328034,,,mixed ring-site C-H out-of-plane bending / cyclic-ring out-of-plane deformation,delta(C1-C2-C4),angle,0.0019964253318824825,-,-0.000869100092639067,0.47191640306808397
16,434.5435639328034,,,mixed ring-site C-H out-of-plane bending / cyclic-ring out-of-plane deformation,nu(C1-H11),bond,0.0012998111800021038,+,0.0008306581286229151,0.3363467402870326
16,434.5435639328034,,,mixed ring-site C-H out-of-plane bending / cyclic-ring out-of-plane deformation,nu(O6-H16),bond,0.001236328321484601,-,-0.0006529951199670454,0.5176849510111644
16,434.5435639328034,,,mixed ring-site C-H out-of-plane bending / cyclic-ring out-of-plane deformation,nu(C5-H15),bond,0.00020247201031784798,+,0.00032763041603775793,0.3367814495898813
16,434.5435639328034,,,mixed ring-site C-H out-of-plane bending / cyclic-ring out-of-plane deformation,"gamma(H10;C1,H11,H12)",oop,0.00016197840306166305,+,0.00036209707801960307,0.22057620785762186
16,434.5435639328034,,,mixed ring-site C-H out-of-plane bending / cyclic-ring out-of-plane deformation,nu(C4-H13),bond,9.79415166237615e-05,-,-0.00022634616003447728,0.34132818878264654
17,487.0423531911367,,,mixed O-C-C bending / C-H bending,delta(O3-C4-C5),angle,32.60918438968072,+,0.10227524778790735,0.73760584533266
17,487.0423531911367,,,mixed O-C-C bending / C-H bending,delta(C4-C5-H14),angle,7.265441188598741,+,0.06882277607399422,0.36293020366388096
17,487.0423531911367,,,mixed O-C-C bending / C-H bending,delta(C2-C7-N8),angle,6.930560606099344,-,-0.05580827594253221,0.5264979045723385
17,487.0423531911367,,,mixed O-C-C bending / C-H bending,delta(C5-C4-H13),angle,6.5149986578956725,-,-0.07273415271148712,0.29138222577639733
17,487.0423531911367,,,mixed O-C-C bending / C-H bending,delta(C1-C2-C4),angle,5.864149595081018,-,-0.05422289870144081,0.47191640306808397
17,487.0423531911367,,,mixed O-C-C bending / C-H bending,"gamma(O3;C2,C1,C4)",oop,5.521887739368453,-,-0.02785809580615691,1.6834887239813823
17,487.0423531911367,,,mixed O-C-C bending / C-H bending,tau(H10-C1-C2-C7),dihedral,4.293072436474626,-,-0.07863924437118305,0.16425365664741987
17,487.0423531911367,,,mixed O-C-C bending / C-H bending,delta(C4-C5-O6),angle,4.28504146128157,-,-0.048863477027718254,0.4246310893417379
17,487.0423531911367,,,mixed O-C-C bending / C-H bending,tau(C1-C2-C4-H13),dihedral,4.269078762665336,-,-0.05648868372307587,0.31654594256257856
17,487.0423531911367,,,mixed O-C-C bending / C-H bending,"gamma(C2;C4,C5,H13)",oop,3.2760342596890926,-,-0.03981273593811615,0.48902367153120335
17,487.0423531911367,,,mixed O-C-C bending / C-H bending,tau(C7-C2-O3-C4),dihedral,3.1454847964431853,-,-0.04820405704271061,0.3202918595636512
17,487.0423531911367,,,mixed O-C-C bending / C-H bending,tau(C2-O3-C4-C5),dihedral,2.435970305943402,-,-0.041608185307839225,0.3329200368533325
17,487.0423531911367,,,mixed O-C-C bending / C-H bending,delta(C2-C1-H12),angle,2.305086517467238,-,-0.042346112745876754,0.3041484625700951
17,487.0423531911367,,,mixed O-C-C bending / C-H bending,delta(C2-C1-H11),angle,1.8605041606922077,+,0.034272120826572286,0.3747780774393608
17,487.0423531911367,,,mixed O-C-C bending / C-H bending,tau(H15-C5-O6-H16),dihedral,1.6576515489772472,-,-0.15869556814742777,0.015573604478316995
17,487.0423531911367,,,mixed O-C-C bending / C-H bending,nu(C2-O3),bond,1.6030897541123237,+,0.03143684678466689,0.38380035796927126
17,487.0423531911367,,,mixed O-C-C bending / C-H bending,tau(O3-C4-C5-H15),dihedral,1.4293992094759218,+,0.13732430232649276,0.017934291688590415
17,487.0423531911367,,,mixed O-C-C bending / C-H bending,tau(C2-C7-N8-H18),dihedral,0.8503455773574118,+,0.08720908240382226,0.026454375718111652
17,487.0423531911367,,,mixed O-C-C bending / C-H bending,delta(N8-C7-O9),angle,0.6370495109569332,+,0.01710951473710198,0.5149004794564609
17,487.0423531911367,,,mixed O-C-C bending / C-H bending,nu(C2-C4),bond,0.5339620471038233,-,-0.018558481041690528,0.3668183290081972
17,487.0423531911367,,,mixed O-C-C bending / C-H bending,nu(C4-C5),bond,0.435567619093699,+,0.019105721894714458,0.2823281460877687
17,487.0423531911367,,,mixed O-C-C bending / C-H bending,delta(O6-C5-H14),angle,0.43270692980669423,+,0.01606859857383643,0.3965183969738679
17,487.0423531911367,,,mixed O-C-C bending / C-H bending,delta(C7-N8-H18),angle,0.4134391567268282,+,0.02003264151639444,0.24375900097385186
17,487.0423531911367,,,mixed O-C-C bending / C-H bending,tau(O3-C2-C7-N8),dihedral,0.3707383483815463,-,-0.029676857698830376,0.09959950414138982
17,487.0423531911367,,,mixed O-C-C bending / C-H bending,nu(C1-C2),bond,0.34049216523278375,-,-0.016669471949792666,0.28992718037655574
17,487.0423531911367,,,mixed O-C-C bending / C-H bending,nu(C2-C7),bond,0.31180932910192194,+,0.016727412866630972,0.2636677700131217
17,487.0423531911367,,,mixed O-C-C bending / C-H bending,nu(C7-N8),bond,0.15621918935553056,-,-0.009067372125321747,0.44956966026774636
17,487.0423531911367,,,mixed O-C-C bending / C-H bending,nu(C7-O9),bond,0.06929512314544824,+,0.004557050318443003,0.7895152384577152
17,487.0423531911367,,,mixed O-C-C bending / C-H bending,delta(O3-C2-C7),angle,0.04450961057070013,+,0.004562014193345037,0.506018068089154
17,487.0423531911367,,,mixed O-C-C bending / C-H bending,delta(C5-O6-H16),angle,0.04118928434473625,-,-0.0072888045094527815,0.18344130679358742
17,487.0423531911367,,,mixed O-C-C bending / C-H bending,tau(H12-C1-C2-O3),dihedral,0.022632350593489763,-,-0.005670134911688285,0.16655910224267684
17,487.0423531911367,,,mixed O-C-C bending / C-H bending,tau(O9-C7-N8-H17),dihedral,0.019757814034177965,-,-0.01226923955946121,0.031054825617639323
17,487.0423531911367,,,mixed O-C-C bending / C-H bending,delta(H11-C1-H12),angle,0.008412390289058496,-,-0.0028840588716921084,0.23929667529530443
17,487.0423531911367,,,mixed O-C-C bending / C-H bending,nu(C1-H12),bond,0.007961260295994201,+,0.0023415719195868114,0.34355186841315943
17,487.0423531911367,,,mixed O-C-C bending / C-H bending,"gamma(H10;C1,H11,H12)",oop,0.0076688924118231885,-,-0.002868135972139629,0.22057620785762186
17,487.0423531911367,,,mixed O-C-C bending / C-H bending,tau(O3-C2-C7-O9),dihedral,0.006853582233428258,+,0.0037465665621521445,0.11552506365896313
17,487.0423531911367,,,mixed O-C-C bending / C-H bending,nu(C5-H14),bond,0.004560914228196693,+,0.001805124660562411,0.33117916004476916
17,487.0423531911367,,,mixed O-C-C bending / C-H bending,nu(N8-H17),bond,0.00399588455715572,+,0.0014151370054269641,0.4721080993655485
17,487.0423531911367,,,mixed O-C-C bending / C-H bending,nu(C5-H15),bond,0.003834302235047914,+,0.0016412768254360287,0.3367814495898813
17,487.0423531911367,,,mixed O-C-C bending / C-H bending,nu(C5-O6),bond,0.0038126298169294916,-,-0.001645366810817316,0.33321509590887466
17,487.0423531911367,,,mixed O-C-C bending / C-H bending,nu(C1-H11),bond,0.0027519519327597465,-,-0.0013913601399903157,0.3363467402870326
17,487.0423531911367,,,mixed O-C-C bending / C-H bending,delta(H14-C5-H15),angle,0.0010051113398664821,+,0.000889558543291228,0.3005319136675133
17,487.0423531911367,,,mixed O-C-C bending / C-H bending,delta(O6-C5-H15),angle,0.0008484711078558294,+,0.0007646300720799588,0.34336798788252265
17,487.0423531911367,,,mixed O-C-C bending / C-H bending,nu(N8-H18),bond,0.0007658015319941613,-,-0.0006170859362529926,0.475828474339461
17,487.0423531911367,,,mixed O-C-C bending / C-H bending,nu(O6-H16),bond,0.0006113486410905334,+,0.0005285967059383662,0.5176849510111644
17,487.0423531911367,,,mixed O-C-C bending / C-H bending,nu(C4-H13),bond,0.0003081368197661494,-,-0.0004621665045407925,0.34132818878264654
17,487.0423531911367,,,mixed O-C-C bending / C-H bending,delta(H17-N8-H18),angle,0.0001584519337589494,+,0.00041050630320793965,0.2224761076628819
17,487.0423531911367,,,mixed O-C-C bending / C-H bending,nu(C1-H10),bond,0.00010142487348002667,+,0.0002628882698773898,0.3472382446251712
18,521.9998459783155,,,mixed O-C-C bending / cyclic C-O stretching,delta(O3-C4-C5),angle,18.122403589710864,-,-0.060482215097938025,0.73760584533266
18,521.9998459783155,,,mixed O-C-C bending / cyclic C-O stretching,nu(C2-O3),bond,11.424666101371617,+,0.06657344553080242,0.38380035796927126
18,521.9998459783155,,,mixed O-C-C bending / cyclic C-O stretching,delta(O3-C2-C7),angle,11.381458244395601,+,0.05786925706143618,0.506018068089154
18,521.9998459783155,,,mixed O-C-C bending / cyclic C-O stretching,"gamma(O3;C2,C1,C4)",oop,8.82780612959347,-,-0.02794172742678747,1.6834887239813823
18,521.9998459783155,,,mixed O-C-C bending / cyclic C-O stretching,delta(C2-C7-N8),angle,8.288836587409072,-,-0.0484150549994486,0.5264979045723385
18,521.9998459783155,,,mixed O-C-C bending / cyclic C-O stretching,nu(C2-C7),bond,7.351605126867787,+,0.06443094885860925,0.2636677700131217
18,521.9998459783155,,,mixed O-C-C bending / cyclic C-O stretching,tau(C7-C2-O3-C4),dihedral,5.8398777864261175,+,0.05210277962515489,0.3202918595636512
18,521.9998459783155,,,mixed O-C-C bending / cyclic C-O stretching,delta(N8-C7-O9),angle,4.364993924463657,-,-0.03552729465129692,0.5149004794564609
18,521.9998459783155,,,mixed O-C-C bending / cyclic C-O stretching,delta(C1-C2-C4),angle,4.281490740096785,+,0.0367533501611751,0.47191640306808397
18,521.9998459783155,,,mixed O-C-C bending / cyclic C-O stretching,tau(C1-C2-C4-H13),dihedral,3.599399915201433,-,-0.04114609644151043,0.31654594256257856
18,521.9998459783155,,,mixed O-C-C bending / cyclic C-O stretching,tau(O3-C2-C7-O9),dihedral,2.6235260133777034,-,-0.058148235861667535,0.11552506365896313
18,521.9998459783155,,,mixed O-C-C bending / cyclic C-O stretching,delta(C4-C5-H14),angle,2.5592892133614953,-,-0.03240261727551204,0.36293020366388096
18,521.9998459783155,,,mixed O-C-C bending / cyclic C-O stretching,delta(C2-C1-H12),angle,2.0983101986001036,-,-0.03204970210593381,0.3041484625700951
18,521.9998459783155,,,mixed O-C-C bending / cyclic C-O stretching,tau(H12-C1-C2-O3),dihedral,1.9580015342872226,+,0.041836398632325196,0.16655910224267684
18,521.9998459783155,,,mixed O-C-C bending / cyclic C-O stretching,delta(C5-C4-H13),angle,1.9498628532785747,+,0.031564758349105576,0.29138222577639733
18,521.9998459783155,,,mixed O-C-C bending / cyclic C-O stretching,nu(C7-N8),bond,1.1225807628785893,-,-0.01928156428697933,0.44956966026774636
18,521.9998459783155,,,mixed O-C-C bending / cyclic C-O stretching,tau(H10-C1-C2-C7),dihedral,1.0896799470125706,-,-0.031428519286646694,0.16425365664741987
18,521.9998459783155,,,mixed O-C-C bending / cyclic C-O stretching,nu(C4-C5),bond,0.538742566108245,-,-0.01685565064308233,0.2823281460877687
18,521.9998459783155,,,mixed O-C-C bending / cyclic C-O stretching,nu(C7-O9),bond,0.46088920454840404,+,0.009322877413290043,0.7895152384577152
18,521.9998459783155,,,mixed O-C-C bending / cyclic C-O stretching,tau(H15-C5-O6-H16),dihedral,0.4172995817547408,+,0.06316279921130877,0.015573604478316995
18,521.9998459783155,,,mixed O-C-C bending / cyclic C-O stretching,tau(C2-O3-C4-C5),dihedral,0.3288434042665001,+,0.012127089002937871,0.3329200368533325
18,521.9998459783155,,,mixed O-C-C bending / cyclic C-O stretching,tau(O9-C7-N8-H17),dihedral,0.3086690212755844,-,-0.03846926947682046,0.031054825617639323
18,521.9998459783155,,,mixed O-C-C bending / cyclic C-O stretching,nu(C2-C4),bond,0.1968505810081403,+,0.008938709032691831,0.3668183290081972
18,521.9998459783155,,,mixed O-C-C bending / cyclic C-O stretching,delta(H11-C1-H12),angle,0.16793825180203933,-,-0.010222060472298858,0.23929667529530443
18,521.9998459783155,,,mixed O-C-C bending / cyclic C-O stretching,tau(O3-C2-C7-N8),dihedral,0.15043583675860736,-,-0.014996124215339978,0.09959950414138982
18,521.9998459783155,,,mixed O-C-C bending / cyclic C-O stretching,tau(C2-C7-N8-H18),dihedral,0.10965119398170131,-,-0.024842190515951143,0.026454375718111652
18,521.9998459783155,,,mixed O-C-C bending / cyclic C-O stretching,delta(C4-C5-O6),angle,0.08328838466006087,+,0.005404036702124672,0.4246310893417379
18,521.9998459783155,,,mixed O-C-C bending / cyclic C-O stretching,"gamma(C2;C4,C5,H13)",oop,0.08315134017566643,-,-0.005031548344689404,0.48902367153120335
18,521.9998459783155,,,mixed O-C-C bending / cyclic C-O stretching,delta(O6-C5-H15),angle,0.07610314005280262,+,0.005744514772892514,0.34336798788252265
18,521.9998459783155,,,mixed O-C-C bending / cyclic C-O stretching,delta(O6-C5-H14),angle,0.059380992791483296,-,-0.004721978664889188,0.3965183969738679
18,521.9998459783155,,,mixed O-C-C bending / cyclic C-O stretching,tau(O3-C4-C5-H15),dihedral,0.03454895516668208,-,-0.016935862096694003,0.017934291688590415
18,521.9998459783155,,,mixed O-C-C bending / cyclic C-O stretching,nu(C1-C2),bond,0.023194297115902467,+,0.003451263403694751,0.28992718037655574
18,521.9998459783155,,,mixed O-C-C bending / cyclic C-O stretching,nu(C5-O6),bond,0.01421714398570216,-,-0.002520436794070492,0.33321509590887466
18,521.9998459783155,,,mixed O-C-C bending / cyclic C-O stretching,nu(C1-H12),bond,0.014213042388536413,+,0.0024818717314721776,0.34355186841315943
18,521.9998459783155,,,mixed O-C-C bending / cyclic C-O stretching,delta(C2-C1-H11),angle,0.011644229560360188,+,0.0021508011207372066,0.3747780774393608
18,521.9998459783155,,,mixed O-C-C bending / cyclic C-O stretching,delta(H14-C5-H15),angle,0.010396879151278548,+,0.002269541684538147,0.3005319136675133
18,521.9998459783155,,,mixed O-C-C bending / cyclic C-O stretching,delta(H17-N8-H18),angle,0.009900878410107422,-,-0.0025741102202251048,0.2224761076628819
18,521.9998459783155,,,mixed O-C-C bending / cyclic C-O stretching,nu(C4-H13),bond,0.0057765833017897885,+,0.001587381835620099,0.34132818878264654
18,521.9998459783155,,,mixed O-C-C bending / cyclic C-O stretching,"gamma(H10;C1,H11,H12)",oop,0.0030155576750898728,+,0.0014267124489989777,0.22057620785762186
18,521.9998459783155,,,mixed O-C-C bending / cyclic C-O stretching,nu(C5-H15),bond,0.0029301092858104783,-,-0.0011381507598022724,0.3367814495898813
18,521.9998459783155,,,mixed O-C-C bending / cyclic C-O stretching,delta(C7-N8-H18),angle,0.0022287130828653294,-,-0.0011667524319804545,0.24375900097385186
18,521.9998459783155,,,mixed O-C-C bending / cyclic C-O stretching,nu(N8-H17),bond,0.0011478009075358555,+,0.0006016508305440177,0.4721080993655485
18,521.9998459783155,,,mixed O-C-C bending / cyclic C-O stretching,delta(C5-O6-H16),angle,0.0007447403174689328,+,0.0007774739191057908,0.18344130679358742
18,521.9998459783155,,,mixed O-C-C bending / cyclic C-O stretching,nu(N8-H18),bond,0.0003330928455391949,+,0.0003228415344822131,0.475828474339461
18,521.9998459783155,,,mixed O-C-C bending / cyclic C-O stretching,nu(C1-H10),bond,0.00027244289829655874,-,-0.000341787310005737,0.3472382446251712
18,521.9998459783155,,,mixed O-C-C bending / cyclic C-O stretching,nu(C1-H11),bond,0.00026670957420344934,+,0.0003436035607203044,0.3363467402870326
18,521.9998459783155,,,mixed O-C-C bending / cyclic C-O stretching,nu(C5-H14),bond,8.659925784153733e-05,+,0.00019731384022246226,0.33117916004476916
18,521.9998459783155,,,mixed O-C-C bending / cyclic C-O stretching,nu(O6-H16),bond,5.0057558357738285e-05,-,-0.00011998695311740111,0.5176849510111644
19,574.9565116096463,,,mixed N-C-O bending / O-C-C bending,delta(N8-C7-O9),angle,24.67576163645541,-,-0.11724195396775508,0.5149004794564609
19,574.9565116096463,,,mixed N-C-O bending / O-C-C bending,"gamma(C2;C4,C5,H13)",oop,12.21758230903094,-,-0.08465197763565066,0.48902367153120335
19,574.9565116096463,,,mixed N-C-O bending / O-C-C bending,delta(O3-C2-C7),angle,10.005301310711403,-,-0.07530806462831152,0.506018068089154
19,574.9565116096463,,,mixed N-C-O bending / O-C-C bending,delta(C2-C7-N8),angle,9.334251528342014,+,0.07131006609783776,0.5264979045723385
19,574.9565116096463,,,mixed N-C-O bending / O-C-C bending,delta(C7-N8-H18),angle,7.0777719740622596,-,-0.09125934880844429,0.24375900097385186
19,574.9565116096463,,,mixed N-C-O bending / O-C-C bending,delta(C1-C2-C4),angle,6.758000714151902,+,0.06408936858898626,0.47191640306808397
19,574.9565116096463,,,mixed N-C-O bending / O-C-C bending,delta(O3-C4-C5),angle,6.651376896408236,+,0.05085726683582442,0.73760584533266
19,574.9565116096463,,,mixed N-C-O bending / O-C-C bending,tau(C2-O3-C4-C5),dihedral,5.788272843540703,+,0.07061776086739693,0.3329200368533325
19,574.9565116096463,,,mixed N-C-O bending / O-C-C bending,tau(H12-C1-C2-O3),dihedral,4.535484539953549,-,-0.08837655585281787,0.16655910224267684
19,574.9565116096463,,,mixed N-C-O bending / O-C-C bending,delta(C4-C5-O6),angle,1.8722565851350876,-,-0.03556200201366287,0.4246310893417379
19,574.9565116096463,,,mixed N-C-O bending / O-C-C bending,nu(C4-C5),bond,1.3079440414847066,-,-0.03645246540216664,0.2823281460877687
19,574.9565116096463,,,mixed N-C-O bending / O-C-C bending,tau(O3-C2-C7-O9),dihedral,1.3031869978809234,+,0.05688197585314969,0.11552506365896313
19,574.9565116096463,,,mixed N-C-O bending / O-C-C bending,nu(C1-C2),bond,1.2835994381994378,+,0.0356352414672972,0.28992718037655574
19,574.9565116096463,,,mixed N-C-O bending / O-C-C bending,delta(C2-C1-H11),angle,0.9989519758146653,-,-0.027649967702856947,0.3747780774393608
19,574.9565116096463,,,mixed N-C-O bending / O-C-C bending,nu(C2-O3),bond,0.7640448955348446,+,0.02389550231108349,0.38380035796927126
19,574.9565116096463,,,mixed N-C-O bending / O-C-C bending,nu(C2-C4),bond,0.648779209787997,-,-0.022523317601743895,0.3668183290081972
19,574.9565116096463,,,mixed N-C-O bending / O-C-C bending,tau(H10-C1-C2-C7),dihedral,0.6033444552287761,+,0.03245895638517531,0.16425365664741987
19,574.9565116096463,,,mixed N-C-O bending / O-C-C bending,delta(C4-C5-H14),angle,0.5888295219243208,+,0.021572110910911425,0.36293020366388096
19,574.9565116096463,,,mixed N-C-O bending / O-C-C bending,tau(O9-C7-N8-H17),dihedral,0.5395535309665643,+,0.070593080663855,0.031054825617639323
19,574.9565116096463,,,mixed N-C-O bending / O-C-C bending,delta(O6-C5-H14),angle,0.4861810822708439,+,0.01875325978682092,0.3965183969738679
19,574.9565116096463,,,mixed N-C-O bending / O-C-C bending,"gamma(O3;C2,C1,C4)",oop,0.47910793845630606,-,-0.009034850907560994,1.6834887239813823
19,574.9565116096463,,,mixed N-C-O bending / O-C-C bending,nu(C5-O6),bond,0.44821627014395116,-,-0.0196422343015542,0.33321509590887466
19,574.9565116096463,,,mixed N-C-O bending / O-C-C bending,tau(C2-C7-N8-H18),dihedral,0.3272764875470292,+,0.059568691013753956,0.026454375718111652
19,574.9565116096463,,,mixed N-C-O bending / O-C-C bending,nu(C2-C7),bond,0.2882442741328008,-,-0.01770766242774055,0.2636677700131217
19,574.9565116096463,,,mixed N-C-O bending / O-C-C bending,delta(O6-C5-H15),angle,0.16924114607424823,+,0.011890017389879833,0.34336798788252265
19,574.9565116096463,,,mixed N-C-O bending / O-C-C bending,nu(C7-N8),bond,0.12994370798356433,-,-0.009105180153181621,0.44956966026774636
19,574.9565116096463,,,mixed N-C-O bending / O-C-C bending,delta(H17-N8-H18),angle,0.11962593536375492,+,0.012418821852270303,0.2224761076628819
19,574.9565116096463,,,mixed N-C-O bending / O-C-C bending,tau(C1-C2-C4-H13),dihedral,0.10695928440212024,-,-0.009844650020841146,0.31654594256257856
19,574.9565116096463,,,mixed N-C-O bending / O-C-C bending,tau(C7-C2-O3-C4),dihedral,0.10122725173870817,-,-0.009521057442992049,0.3202918595636512
19,574.9565116096463,,,mixed N-C-O bending / O-C-C bending,tau(O3-C2-C7-N8),dihedral,0.09179391678956396,-,-0.016258773286676385,0.09959950414138982
19,574.9565116096463,,,mixed N-C-O bending / O-C-C bending,tau(H15-C5-O6-H16),dihedral,0.0904995141317337,-,-0.04082610669038308,0.015573604478316995
19,574.9565116096463,,,mixed N-C-O bending / O-C-C bending,nu(C7-O9),bond,0.05891968533058461,-,-0.004626572411047381,0.7895152384577152
19,574.9565116096463,,,mixed N-C-O bending / O-C-C bending,nu(N8-H17),bond,0.05093608413427449,-,-0.00556290270593961,0.4721080993655485
19,574.9565116096463,,,mixed N-C-O bending / O-C-C bending,delta(C5-C4-H13),angle,0.048394624544401466,-,-0.006902023711822998,0.29138222577639733
19,574.9565116096463,,,mixed N-C-O bending / O-C-C bending,delta(H11-C1-H12),angle,0.023204435951478676,-,-0.005273835611546112,0.23929667529530443
19,574.9565116096463,,,mixed N-C-O bending / O-C-C bending,"gamma(H10;C1,H11,H12)",oop,0.008595915833383047,-,-0.003343306224967164,0.22057620785762186
19,574.9565116096463,,,mixed N-C-O bending / O-C-C bending,delta(C5-O6-H16),angle,0.0068539483449101095,-,-0.003273642561818151,0.18344130679358742
19,574.9565116096463,,,mixed N-C-O bending / O-C-C bending,nu(C5-H15),bond,0.0026904080260274988,+,0.0015137160184334052,0.3367814495898813
19,574.9565116096463,,,mixed N-C-O bending / O-C-C bending,nu(C5-H14),bond,0.0026217573253838034,+,0.0015068643477862112,0.33117916004476916
19,574.9565116096463,,,mixed N-C-O bending / O-C-C bending,delta(C2-C1-H12),angle,0.0015062056518998094,-,-0.0011918146964044634,0.3041484625700951
19,574.9565116096463,,,mixed N-C-O bending / O-C-C bending,nu(C1-H10),bond,0.0014114292834627737,+,0.001079754937184533,0.3472382446251712
19,574.9565116096463,,,mixed N-C-O bending / O-C-C bending,nu(C1-H12),bond,0.0009653346804910205,+,0.0008977433768684579,0.34355186841315943
19,574.9565116096463,,,mixed N-C-O bending / O-C-C bending,nu(N8-H18),bond,0.0007074149743452497,+,0.0006530122424649095,0.475828474339461
19,574.9565116096463,,,mixed N-C-O bending / O-C-C bending,nu(O6-H16),bond,0.00021696446428281574,-,-0.0003467136553904421,0.5176849510111644
19,574.9565116096463,,,mixed N-C-O bending / O-C-C bending,tau(O3-C4-C5-H15),dihedral,0.00018529828723594586,-,-0.0017214840403730846,0.017934291688590415
19,574.9565116096463,,,mixed N-C-O bending / O-C-C bending,delta(H14-C5-H15),angle,0.00014120662793491606,+,0.00036710614596880385,0.3005319136675133
19,574.9565116096463,,,mixed N-C-O bending / O-C-C bending,nu(C4-H13),bond,3.2680408959668246e-05,+,0.00016571700509436098,0.34132818878264654
19,574.9565116096463,,,mixed N-C-O bending / O-C-C bending,nu(C1-H11),bond,5.392482580730897e-06,+,6.781256575693397e-05,0.3363467402870326
20,641.5218026295369,,,mixed C-N torsion / cyclic-ring torsional/out-of-plane deformation,tau(O9-C7-N8-H17),dihedral,33.400621872502725,-,-0.3838357370727013,0.031054825617639323
20,641.5218026295369,,,mixed C-N torsion / cyclic-ring torsional/out-of-plane deformation,tau(C2-C7-N8-H18),dihedral,30.08305030678448,-,-0.3946797592988456,0.026454375718111652
20,641.5218026295369,,,mixed C-N torsion / cyclic-ring torsional/out-of-plane deformation,tau(C7-C2-O3-C4),dihedral,5.276757519054072,-,-0.0475054347273117,0.3202918595636512
20,641.5218026295369,,,mixed C-N torsion / cyclic-ring torsional/out-of-plane deformation,delta(C4-C5-O6),angle,3.5981374929468584,-,-0.03406949229784707,0.4246310893417379
20,641.5218026295369,,,mixed C-N torsion / cyclic-ring torsional/out-of-plane deformation,delta(O3-C4-C5),angle,3.5249997600479253,+,0.02558586177743252,0.73760584533266
20,641.5218026295369,,,mixed C-N torsion / cyclic-ring torsional/out-of-plane deformation,delta(N8-C7-O9),angle,3.1739338477470187,-,-0.02905828410850687,0.5149004794564609
20,641.5218026295369,,,mixed C-N torsion / cyclic-ring torsional/out-of-plane deformation,tau(O3-C2-C7-N8),dihedral,2.654599616083143,+,0.060423183602305724,0.09959950414138982
20,641.5218026295369,,,mixed C-N torsion / cyclic-ring torsional/out-of-plane deformation,delta(C7-N8-H18),angle,2.2391650067669344,-,-0.035472794006198814,0.24375900097385186
20,641.5218026295369,,,mixed C-N torsion / cyclic-ring torsional/out-of-plane deformation,tau(H10-C1-C2-C7),dihedral,1.9245347953508525,+,0.04006249925165729,0.16425365664741987
20,641.5218026295369,,,mixed C-N torsion / cyclic-ring torsional/out-of-plane deformation,tau(C2-O3-C4-C5),dihedral,1.7088879380517112,+,0.026516701729149425,0.3329200368533325
20,641.5218026295369,,,mixed C-N torsion / cyclic-ring torsional/out-of-plane deformation,tau(C1-C2-C4-H13),dihedral,1.6598619083888733,+,0.026800955771557094,0.31654594256257856
20,641.5218026295369,,,mixed C-N torsion / cyclic-ring torsional/out-of-plane deformation,nu(C2-C7),bond,1.6400116846715553,-,-0.02918956523560774,0.2636677700131217
20,641.5218026295369,,,mixed C-N torsion / cyclic-ring torsional/out-of-plane deformation,tau(H12-C1-C2-O3),dihedral,1.6192659792812794,-,-0.03649283373425404,0.16655910224267684
20,641.5218026295369,,,mixed C-N torsion / cyclic-ring torsional/out-of-plane deformation,delta(C4-C5-H14),angle,1.2224270621424995,+,0.02147991705620769,0.36293020366388096
20,641.5218026295369,,,mixed C-N torsion / cyclic-ring torsional/out-of-plane deformation,nu(C1-C2),bond,1.1088434114655987,-,-0.022888815716294694,0.28992718037655574
20,641.5218026295369,,,mixed C-N torsion / cyclic-ring torsional/out-of-plane deformation,delta(O3-C2-C7),angle,1.0347631496035163,-,-0.01673671201058913,0.506018068089154
20,641.5218026295369,,,mixed C-N torsion / cyclic-ring torsional/out-of-plane deformation,delta(C2-C1-H11),angle,1.032413208361254,-,-0.019425507104495542,0.3747780774393608
20,641.5218026295369,,,mixed C-N torsion / cyclic-ring torsional/out-of-plane deformation,nu(C2-O3),bond,0.6774566978493284,-,-0.015549655117471977,0.38380035796927126
20,641.5218026295369,,,mixed C-N torsion / cyclic-ring torsional/out-of-plane deformation,delta(C2-C7-N8),angle,0.46170671375843464,+,0.010960174019648047,0.5264979045723385
20,641.5218026295369,,,mixed C-N torsion / cyclic-ring torsional/out-of-plane deformation,delta(O6-C5-H14),angle,0.3279637662356189,+,0.010644222397463078,0.3965183969738679
20,641.5218026295369,,,mixed C-N torsion / cyclic-ring torsional/out-of-plane deformation,"gamma(O3;C2,C1,C4)",oop,0.3254815894820138,+,0.0051462488923907975,1.6834887239813823
20,641.5218026295369,,,mixed C-N torsion / cyclic-ring torsional/out-of-plane deformation,"gamma(C2;C4,C5,H13)",oop,0.2924058396804739,-,-0.009050253795005103,0.48902367153120335
20,641.5218026295369,,,mixed C-N torsion / cyclic-ring torsional/out-of-plane deformation,delta(C1-C2-C4),angle,0.27192351872002696,+,0.008884306391393839,0.47191640306808397
20,641.5218026295369,,,mixed C-N torsion / cyclic-ring torsional/out-of-plane deformation,nu(C4-C5),bond,0.2257689631686117,+,0.01046616818799108,0.2823281460877687
20,641.5218026295369,,,mixed C-N torsion / cyclic-ring torsional/out-of-plane deformation,nu(C7-N8),bond,0.11251975562459307,-,-0.00585529217775805,0.44956966026774636
20,641.5218026295369,,,mixed C-N torsion / cyclic-ring torsional/out-of-plane deformation,delta(C5-C4-H13),angle,0.08789161959025608,-,-0.006427985431717916,0.29138222577639733
20,641.5218026295369,,,mixed C-N torsion / cyclic-ring torsional/out-of-plane deformation,nu(C5-O6),bond,0.06214281450093503,-,-0.005054355717697409,0.33321509590887466
20,641.5218026295369,,,mixed C-N torsion / cyclic-ring torsional/out-of-plane deformation,delta(O6-C5-H15),angle,0.06101552356288564,+,0.0049337023807927635,0.34336798788252265
20,641.5218026295369,,,mixed C-N torsion / cyclic-ring torsional/out-of-plane deformation,delta(H11-C1-H12),angle,0.04046440319240129,-,-0.004812834366227647,0.23929667529530443
20,641.5218026295369,,,mixed C-N torsion / cyclic-ring torsional/out-of-plane deformation,delta(C2-C1-H12),angle,0.027488451800024256,+,0.003518560360770484,0.3041484625700951
20,641.5218026295369,,,mixed C-N torsion / cyclic-ring torsional/out-of-plane deformation,nu(C2-C4),bond,0.020250173750727636,+,0.0027499293813530302,0.3668183290081972
20,641.5218026295369,,,mixed C-N torsion / cyclic-ring torsional/out-of-plane deformation,delta(C5-O6-H16),angle,0.01911235118549389,-,-0.003777819195918584,0.18344130679358742
20,641.5218026295369,,,mixed C-N torsion / cyclic-ring torsional/out-of-plane deformation,nu(N8-H17),bond,0.018851722576373155,-,-0.002338769775940175,0.4721080993655485
20,641.5218026295369,,,mixed C-N torsion / cyclic-ring torsional/out-of-plane deformation,tau(O3-C2-C7-O9),dihedral,0.016967306126461343,-,-0.004485398338594096,0.11552506365896313
20,641.5218026295369,,,mixed C-N torsion / cyclic-ring torsional/out-of-plane deformation,nu(C7-O9),bond,0.00954167818777072,-,-0.0012866629708363749,0.7895152384577152
20,641.5218026295369,,,mixed C-N torsion / cyclic-ring torsional/out-of-plane deformation,nu(C4-H13),bond,0.007492084927434483,-,-0.0017339954202592487,0.34132818878264654
20,641.5218026295369,,,mixed C-N torsion / cyclic-ring torsional/out-of-plane deformation,"gamma(H10;C1,H11,H12)",oop,0.007230432011267952,-,-0.002119022014846299,0.22057620785762186
20,641.5218026295369,,,mixed C-N torsion / cyclic-ring torsional/out-of-plane deformation,delta(H17-N8-H18),angle,0.006631853845411201,+,0.002020730808060128,0.2224761076628819
20,641.5218026295369,,,mixed C-N torsion / cyclic-ring torsional/out-of-plane deformation,tau(O3-C4-C5-H15),dihedral,0.005521867002683735,-,-0.00649431776880679,0.017934291688590415
20,641.5218026295369,,,mixed C-N torsion / cyclic-ring torsional/out-of-plane deformation,tau(H15-C5-O6-H16),dihedral,0.0041215247009469295,-,-0.006020978292771582,0.015573604478316995
20,641.5218026295369,,,mixed C-N torsion / cyclic-ring torsional/out-of-plane deformation,delta(H14-C5-H15),angle,0.0027491195529200933,+,0.0011193971408970922,0.3005319136675133
20,641.5218026295369,,,mixed C-N torsion / cyclic-ring torsional/out-of-plane deformation,nu(C1-H11),bond,0.0019102398868942382,+,0.0008820293187900843,0.3363467402870326
20,641.5218026295369,,,mixed C-N torsion / cyclic-ring torsional/out-of-plane deformation,nu(N8-H18),bond,0.0009682146539971135,+,0.0005279506031710013,0.475828474339461
20,641.5218026295369,,,mixed C-N torsion / cyclic-ring torsional/out-of-plane deformation,nu(C1-H10),bond,0.0008928430690610767,-,-0.0005934805194365233,0.3472382446251712
20,641.5218026295369,,,mixed C-N torsion / cyclic-ring torsional/out-of-plane deformation,nu(C5-H15),bond,0.0007948883207700086,+,0.0005686062844662106,0.3367814495898813
20,641.5218026295369,,,mixed C-N torsion / cyclic-ring torsional/out-of-plane deformation,nu(C5-H14),bond,0.00037691097602794325,+,0.0003948394793401791,0.33117916004476916
20,641.5218026295369,,,mixed C-N torsion / cyclic-ring torsional/out-of-plane deformation,nu(O6-H16),bond,8.257177415962502e-05,-,-0.00014781404989935477,0.5176849510111644
20,641.5218026295369,,,mixed C-N torsion / cyclic-ring torsional/out-of-plane deformation,nu(C1-H12),bond,1.0356695463898927e-09,+,6.426094738990595e-07,0.34355186841315943
21,701.3816355239621,,,mixed C-C out-of-plane bending / cyclic C-O stretching / exocyclic C-C stretching,"gamma(C2;C4,C5,H13)",oop,18.035493811287203,+,0.10134578650107445,0.48902367153120335
21,701.3816355239621,,,mixed C-C out-of-plane bending / cyclic C-O stretching / exocyclic C-C stretching,nu(C2-O3),bond,17.875582436884702,-,-0.11388959075465549,0.38380035796927126
21,701.3816355239621,,,mixed C-C out-of-plane bending / cyclic C-O stretching / exocyclic C-C stretching,"gamma(O3;C2,C1,C4)",oop,12.998307280690955,+,0.046370834681520465,1.6834887239813823
21,701.3816355239621,,,mixed C-C out-of-plane bending / cyclic C-O stretching / exocyclic C-C stretching,nu(C1-C2),bond,12.292887165539826,-,-0.1086648540898071,0.28992718037655574
21,701.3816355239621,,,mixed C-C out-of-plane bending / cyclic C-O stretching / exocyclic C-C stretching,delta(N8-C7-O9),angle,10.97497487952282,-,-0.0770454043569221,0.5149004794564609
21,701.3816355239621,,,mixed C-C out-of-plane bending / cyclic C-O stretching / exocyclic C-C stretching,delta(C7-N8-H18),angle,4.009931563258152,-,-0.06768536405597728,0.24375900097385186
21,701.3816355239621,,,mixed C-C out-of-plane bending / cyclic C-O stretching / exocyclic C-C stretching,nu(C2-C7),bond,3.5139322351059716,-,-0.06092208909741262,0.2636677700131217
21,701.3816355239621,,,mixed C-C out-of-plane bending / cyclic C-O stretching / exocyclic C-C stretching,delta(O3-C4-C5),angle,3.3666460684874364,-,-0.0356527616340225,0.73760584533266
21,701.3816355239621,,,mixed C-C out-of-plane bending / cyclic C-O stretching / exocyclic C-C stretching,nu(C7-N8),bond,3.0892898891214595,-,-0.04374590985225645,0.44956966026774636
21,701.3816355239621,,,mixed C-C out-of-plane bending / cyclic C-O stretching / exocyclic C-C stretching,delta(O3-C2-C7),angle,2.155863987569439,+,0.03444564222111802,0.506018068089154
21,701.3816355239621,,,mixed C-C out-of-plane bending / cyclic C-O stretching / exocyclic C-C stretching,delta(C4-C5-O6),angle,1.3791595375546102,+,0.030075162262328935,0.4246310893417379
21,701.3816355239621,,,mixed C-C out-of-plane bending / cyclic C-O stretching / exocyclic C-C stretching,delta(C5-C4-H13),angle,1.37245219859427,+,0.03621793666307636,0.29138222577639733
21,701.3816355239621,,,mixed C-C out-of-plane bending / cyclic C-O stretching / exocyclic C-C stretching,tau(O9-C7-N8-H17),dihedral,1.2121233734585322,+,0.10425946330064147,0.031054825617639323
21,701.3816355239621,,,mixed C-C out-of-plane bending / cyclic C-O stretching / exocyclic C-C stretching,delta(C4-C5-H14),angle,1.106470689781685,-,-0.02913835434093318,0.36293020366388096
21,701.3816355239621,,,mixed C-C out-of-plane bending / cyclic C-O stretching / exocyclic C-C stretching,nu(C2-C4),bond,1.0939637543248302,-,-0.028819243197210225,0.3668183290081972
21,701.3816355239621,,,mixed C-C out-of-plane bending / cyclic C-O stretching / exocyclic C-C stretching,delta(C2-C1-H12),angle,0.9033137402588729,-,-0.028759618110592983,0.3041484625700951
21,701.3816355239621,,,mixed C-C out-of-plane bending / cyclic C-O stretching / exocyclic C-C stretching,tau(C2-O3-C4-C5),dihedral,0.8342924169472385,-,-0.026417748454391692,0.3329200368533325
21,701.3816355239621,,,mixed C-C out-of-plane bending / cyclic C-O stretching / exocyclic C-C stretching,tau(H10-C1-C2-C7),dihedral,0.7390753895330644,-,-0.035399201570873715,0.16425365664741987
21,701.3816355239621,,,mixed C-C out-of-plane bending / cyclic C-O stretching / exocyclic C-C stretching,tau(O3-C2-C7-N8),dihedral,0.45041054036779193,+,0.035488063694185716,0.09959950414138982
21,701.3816355239621,,,mixed C-C out-of-plane bending / cyclic C-O stretching / exocyclic C-C stretching,delta(C1-C2-C4),angle,0.43388682172950427,-,-0.016001559577373314,0.47191640306808397
21,701.3816355239621,,,mixed C-C out-of-plane bending / cyclic C-O stretching / exocyclic C-C stretching,tau(C2-C7-N8-H18),dihedral,0.39678862528366343,+,0.06463049284994965,0.026454375718111652
21,701.3816355239621,,,mixed C-C out-of-plane bending / cyclic C-O stretching / exocyclic C-C stretching,tau(C1-C2-C4-H13),dihedral,0.3250691697804454,-,-0.016911266555460637,0.31654594256257856
21,701.3816355239621,,,mixed C-C out-of-plane bending / cyclic C-O stretching / exocyclic C-C stretching,nu(C4-C5),bond,0.2869473046173928,+,0.01682405216029508,0.2823281460877687
21,701.3816355239621,,,mixed C-C out-of-plane bending / cyclic C-O stretching / exocyclic C-C stretching,delta(O6-C5-H14),angle,0.2578557290666994,-,-0.013457467545711763,0.3965183969738679
21,701.3816355239621,,,mixed C-C out-of-plane bending / cyclic C-O stretching / exocyclic C-C stretching,tau(H15-C5-O6-H16),dihedral,0.25053167226346706,+,0.06693347419815392,0.015573604478316995
21,701.3816355239621,,,mixed C-C out-of-plane bending / cyclic C-O stretching / exocyclic C-C stretching,"gamma(H10;C1,H11,H12)",oop,0.13334793823902005,-,-0.01297539056198515,0.22057620785762186
21,701.3816355239621,,,mixed C-C out-of-plane bending / cyclic C-O stretching / exocyclic C-C stretching,delta(C2-C7-N8),angle,0.106723045358597,-,-0.007513415399799896,0.5264979045723385
21,701.3816355239621,,,mixed C-C out-of-plane bending / cyclic C-O stretching / exocyclic C-C stretching,nu(C5-O6),bond,0.08537619685291419,+,0.008447198266937727,0.33321509590887466
21,701.3816355239621,,,mixed C-C out-of-plane bending / cyclic C-O stretching / exocyclic C-C stretching,delta(H17-N8-H18),angle,0.06847267849153703,+,0.009258136700184515,0.2224761076628819
21,701.3816355239621,,,mixed C-C out-of-plane bending / cyclic C-O stretching / exocyclic C-C stretching,tau(O3-C2-C7-O9),dihedral,0.04400913296079129,-,-0.010300063863502703,0.11552506365896313
21,701.3816355239621,,,mixed C-C out-of-plane bending / cyclic C-O stretching / exocyclic C-C stretching,delta(C2-C1-H11),angle,0.038775406719193786,+,0.005367817117567197,0.3747780774393608
21,701.3816355239621,,,mixed C-C out-of-plane bending / cyclic C-O stretching / exocyclic C-C stretching,nu(C4-H13),bond,0.029584122003747618,-,-0.004913035291651403,0.34132818878264654
21,701.3816355239621,,,mixed C-C out-of-plane bending / cyclic C-O stretching / exocyclic C-C stretching,tau(O3-C4-C5-H15),dihedral,0.029156881152543456,-,-0.021278207431250376,0.017934291688590415
21,701.3816355239621,,,mixed C-C out-of-plane bending / cyclic C-O stretching / exocyclic C-C stretching,delta(H14-C5-H15),angle,0.022464727830387266,-,-0.004562594806024003,0.3005319136675133
21,701.3816355239621,,,mixed C-C out-of-plane bending / cyclic C-O stretching / exocyclic C-C stretching,nu(C7-O9),bond,0.019608507235036852,-,-0.0026299568770576363,0.7895152384577152
21,701.3816355239621,,,mixed C-C out-of-plane bending / cyclic C-O stretching / exocyclic C-C stretching,delta(O6-C5-H15),angle,0.019080498187978075,-,-0.003933884209182593,0.34336798788252265
21,701.3816355239621,,,mixed C-C out-of-plane bending / cyclic C-O stretching / exocyclic C-C stretching,nu(N8-H17),bond,0.017309142521759382,-,-0.0031953885220683833,0.4721080993655485
21,701.3816355239621,,,mixed C-C out-of-plane bending / cyclic C-O stretching / exocyclic C-C stretching,tau(H12-C1-C2-O3),dihedral,0.009982483804227211,-,-0.004085467320692848,0.16655910224267684
21,701.3816355239621,,,mixed C-C out-of-plane bending / cyclic C-O stretching / exocyclic C-C stretching,tau(C7-C2-O3-C4),dihedral,0.007300290253151384,+,0.0025194383331919677,0.3202918595636512
21,701.3816355239621,,,mixed C-C out-of-plane bending / cyclic C-O stretching / exocyclic C-C stretching,nu(C1-H10),bond,0.006451219326403446,-,-0.002274645630307298,0.3472382446251712
21,701.3816355239621,,,mixed C-C out-of-plane bending / cyclic C-O stretching / exocyclic C-C stretching,delta(C5-O6-H16),angle,0.002867919911660739,-,-0.0020866113306180203,0.18344130679358742
21,701.3816355239621,,,mixed C-C out-of-plane bending / cyclic C-O stretching / exocyclic C-C stretching,delta(H11-C1-H12),angle,0.002308861977844448,-,-0.0016392201088893212,0.23929667529530443
21,701.3816355239621,,,mixed C-C out-of-plane bending / cyclic C-O stretching / exocyclic C-C stretching,nu(C5-H14),bond,0.001458730176294452,-,-0.0011075481166125864,0.33117916004476916
21,701.3816355239621,,,mixed C-C out-of-plane bending / cyclic C-O stretching / exocyclic C-C stretching,nu(N8-H18),bond,0.00021183221616274863,-,-0.0003521092309092088,0.475828474339461
21,701.3816355239621,,,mixed C-C out-of-plane bending / cyclic C-O stretching / exocyclic C-C stretching,nu(C1-H12),bond,0.0001913691587200372,-,-0.000393864134887005,0.34355186841315943
21,701.3816355239621,,,mixed C-C out-of-plane bending / cyclic C-O stretching / exocyclic C-C stretching,nu(O6-H16),bond,3.5755126436637174e-05,+,0.0001386893166778598,0.5176849510111644
21,701.3816355239621,,,mixed C-C out-of-plane bending / cyclic C-O stretching / exocyclic C-C stretching,nu(C1-H11),bond,2.660447957696538e-05,-,-0.00014841930442409406,0.3363467402870326
21,701.3816355239621,,,mixed C-C out-of-plane bending / cyclic C-O stretching / exocyclic C-C stretching,nu(C5-H15),bond,6.374985981177517e-06,-,-7.260594052513171e-05,0.3367814495898813
22,771.4527753340424,,,mixed C-C torsion / cyclic-ring torsional/out-of-plane deformation,tau(O3-C2-C7-N8),dihedral,17.753742328575527,-,-0.1955717296099936,0.09959950414138982
22,771.4527753340424,,,mixed C-C torsion / cyclic-ring torsional/out-of-plane deformation,tau(C7-C2-O3-C4),dihedral,13.068735788211523,+,0.09356933588385685,0.3202918595636512
22,771.4527753340424,,,mixed C-C torsion / cyclic-ring torsional/out-of-plane deformation,tau(O3-C2-C7-O9),dihedral,12.417747519924157,+,0.15187035671696103,0.11552506365896313
22,771.4527753340424,,,mixed C-C torsion / cyclic-ring torsional/out-of-plane deformation,tau(O9-C7-N8-H17),dihedral,10.683685352095486,-,-0.27169753960852394,0.031054825617639323
22,771.4527753340424,,,mixed C-C torsion / cyclic-ring torsional/out-of-plane deformation,delta(C4-C5-O6),angle,8.608075979772352,+,0.06595335010734031,0.4246310893417379
22,771.4527753340424,,,mixed C-C torsion / cyclic-ring torsional/out-of-plane deformation,tau(C2-O3-C4-C5),dihedral,7.051029878070027,-,-0.06741336703930693,0.3329200368533325
22,771.4527753340424,,,mixed C-C torsion / cyclic-ring torsional/out-of-plane deformation,tau(H10-C1-C2-C7),dihedral,7.033402831755394,-,-0.09585503524047084,0.16425365664741987
22,771.4527753340424,,,mixed C-C torsion / cyclic-ring torsional/out-of-plane deformation,nu(C2-C4),bond,5.57045502439698,-,-0.057083360289899875,0.3668183290081972
22,771.4527753340424,,,mixed C-C torsion / cyclic-ring torsional/out-of-plane deformation,tau(C1-C2-C4-H13),dihedral,4.82177920663882,-,-0.05717089523677841,0.31654594256257856
22,771.4527753340424,,,mixed C-C torsion / cyclic-ring torsional/out-of-plane deformation,delta(C2-C1-H11),angle,2.7977760001575005,+,0.04002294934830815,0.3747780774393608
22,771.4527753340424,,,mixed C-C torsion / cyclic-ring torsional/out-of-plane deformation,delta(O3-C4-C5),angle,2.6128484517321615,-,-0.027569865292643596,0.73760584533266
22,771.4527753340424,,,mixed C-C torsion / cyclic-ring torsional/out-of-plane deformation,nu(C4-C5),bond,1.3060630481960218,-,-0.031506103224252444,0.2823281460877687
22,771.4527753340424,,,mixed C-C torsion / cyclic-ring torsional/out-of-plane deformation,nu(C2-O3),bond,0.9221572657194587,+,0.022705941628086243,0.38380035796927126
22,771.4527753340424,,,mixed C-C torsion / cyclic-ring torsional/out-of-plane deformation,"gamma(O3;C2,C1,C4)",oop,0.749613656775213,+,0.009774697987227274,1.6834887239813823
22,771.4527753340424,,,mixed C-C torsion / cyclic-ring torsional/out-of-plane deformation,tau(H12-C1-C2-O3),dihedral,0.700895550235793,+,0.03004914880108545,0.16655910224267684
22,771.4527753340424,,,mixed C-C torsion / cyclic-ring torsional/out-of-plane deformation,delta(C4-C5-H14),angle,0.6298617261263482,-,-0.019297487214499427,0.36293020366388096
22,771.4527753340424,,,mixed C-C torsion / cyclic-ring torsional/out-of-plane deformation,delta(O6-C5-H14),angle,0.530854347993897,-,-0.016949064292449745,0.3965183969738679
22,771.4527753340424,,,mixed C-C torsion / cyclic-ring torsional/out-of-plane deformation,delta(C1-C2-C4),angle,0.5042270675451701,-,-0.01514154702885388,0.47191640306808397
22,771.4527753340424,,,mixed C-C torsion / cyclic-ring torsional/out-of-plane deformation,nu(C1-C2),bond,0.483379621161172,-,-0.018914262458128623,0.28992718037655574
22,771.4527753340424,,,mixed C-C torsion / cyclic-ring torsional/out-of-plane deformation,delta(O6-C5-H15),angle,0.33800439812796296,-,-0.014533525684707378,0.34336798788252265
22,771.4527753340424,,,mixed C-C torsion / cyclic-ring torsional/out-of-plane deformation,delta(C5-C4-H13),angle,0.2760037353685596,+,0.01425659000515747,0.29138222577639733
22,771.4527753340424,,,mixed C-C torsion / cyclic-ring torsional/out-of-plane deformation,delta(O3-C2-C7),angle,0.2675507257352883,+,0.010651475263653162,0.506018068089154
22,771.4527753340424,,,mixed C-C torsion / cyclic-ring torsional/out-of-plane deformation,tau(O3-C4-C5-H15),dihedral,0.18098950163315056,+,0.0465344179514799,0.017934291688590415
22,771.4527753340424,,,mixed C-C torsion / cyclic-ring torsional/out-of-plane deformation,delta(C2-C1-H12),angle,0.14500296703226356,-,-0.010114288568047322,0.3041484625700951
22,771.4527753340424,,,mixed C-C torsion / cyclic-ring torsional/out-of-plane deformation,delta(C5-O6-H16),angle,0.09668590121780121,+,0.01063463810767398,0.18344130679358742
22,771.4527753340424,,,mixed C-C torsion / cyclic-ring torsional/out-of-plane deformation,nu(C5-O6),bond,0.07426562508770215,+,0.006915463521375253,0.33321509590887466
22,771.4527753340424,,,mixed C-C torsion / cyclic-ring torsional/out-of-plane deformation,delta(H11-C1-H12),angle,0.07136446908769192,+,0.00799949176792042,0.23929667529530443
22,771.4527753340424,,,mixed C-C torsion / cyclic-ring torsional/out-of-plane deformation,delta(N8-C7-O9),angle,0.05465854728235532,-,-0.00477262270339446,0.5149004794564609
22,771.4527753340424,,,mixed C-C torsion / cyclic-ring torsional/out-of-plane deformation,delta(H17-N8-H18),angle,0.0538854812901265,+,0.007209147358575278,0.2224761076628819
22,771.4527753340424,,,mixed C-C torsion / cyclic-ring torsional/out-of-plane deformation,nu(C7-N8),bond,0.04692770837986432,-,-0.004732666312721463,0.44956966026774636
22,771.4527753340424,,,mixed C-C torsion / cyclic-ring torsional/out-of-plane deformation,nu(C2-C7),bond,0.031768740311601935,-,-0.005084651393326672,0.2636677700131217
22,771.4527753340424,,,mixed C-C torsion / cyclic-ring torsional/out-of-plane deformation,delta(H14-C5-H15),angle,0.031015361214488932,-,-0.004705793135772823,0.3005319136675133
22,771.4527753340424,,,mixed C-C torsion / cyclic-ring torsional/out-of-plane deformation,tau(C2-C7-N8-H18),dihedral,0.026956251706466407,-,-0.014786680920238226,0.026454375718111652
22,771.4527753340424,,,mixed C-C torsion / cyclic-ring torsional/out-of-plane deformation,delta(C7-N8-H18),angle,0.016877283408960077,-,-0.003854434319161505,0.24375900097385186
22,771.4527753340424,,,mixed C-C torsion / cyclic-ring torsional/out-of-plane deformation,nu(C7-O9),bond,0.014566694988649096,-,-0.0019897108285894536,0.7895152384577152
22,771.4527753340424,,,mixed C-C torsion / cyclic-ring torsional/out-of-plane deformation,delta(C2-C7-N8),angle,0.007992227536331935,+,0.0018047843020669693,0.5264979045723385
22,771.4527753340424,,,mixed C-C torsion / cyclic-ring torsional/out-of-plane deformation,nu(C1-H11),bond,0.007610127600725878,-,-0.002203393512539839,0.3363467402870326
22,771.4527753340424,,,mixed C-C torsion / cyclic-ring torsional/out-of-plane deformation,"gamma(H10;C1,H11,H12)",oop,0.0064686360968738655,-,-0.002508515191738441,0.22057620785762186
22,771.4527753340424,,,mixed C-C torsion / cyclic-ring torsional/out-of-plane deformation,"gamma(C2;C4,C5,H13)",oop,0.003882305954760687,+,0.0013051777051038538,0.48902367153120335
22,771.4527753340424,,,mixed C-C torsion / cyclic-ring torsional/out-of-plane deformation,nu(C5-H14),bond,0.0007250461804892351,-,-0.0006853951752103253,0.33117916004476916
22,771.4527753340424,,,mixed C-C torsion / cyclic-ring torsional/out-of-plane deformation,nu(N8-H17),bond,0.0002576851390596392,-,-0.00034222652666467503,0.4721080993655485
22,771.4527753340424,,,mixed C-C torsion / cyclic-ring torsional/out-of-plane deformation,nu(N8-H18),bond,8.073291384753637e-05,-,-0.00019080502527892235,0.475828474339461
22,771.4527753340424,,,mixed C-C torsion / cyclic-ring torsional/out-of-plane deformation,nu(C1-H12),bond,7.582186998864812e-05,+,0.00021761598671503303,0.34355186841315943
22,771.4527753340424,,,mixed C-C torsion / cyclic-ring torsional/out-of-plane deformation,nu(O6-H16),bond,4.0509006857529865e-05,+,0.00012957843677727167,0.5176849510111644
22,771.4527753340424,,,mixed C-C torsion / cyclic-ring torsional/out-of-plane deformation,tau(H15-C5-O6-H16),dihedral,8.368523907657742e-06,+,0.0003395623799035467,0.015573604478316995
22,771.4527753340424,,,mixed C-C torsion / cyclic-ring torsional/out-of-plane deformation,nu(C4-H13),bond,3.089206724641251e-06,+,4.406838309955293e-05,0.34132818878264654
22,771.4527753340424,,,mixed C-C torsion / cyclic-ring torsional/out-of-plane deformation,nu(C1-H10),bond,1.0509022318506247e-06,-,-2.5483383483548884e-05,0.3472382446251712
22,771.4527753340424,,,mixed C-C torsion / cyclic-ring torsional/out-of-plane deformation,nu(C5-H15),bond,3.6211226162952765e-07,-,-1.5189281925664424e-05,0.3367814495898813
23,808.9597408689443,,,mixed exocyclic C-C stretching / C-C out-of-plane bending,"gamma(C2;C4,C5,H13)",oop,15.600494007007732,-,-0.1072823677267773,0.48902367153120335
23,808.9597408689443,,,mixed exocyclic C-C stretching / C-C out-of-plane bending,"gamma(O3;C2,C1,C4)",oop,14.243849390164591,-,-0.05525005260857515,1.6834887239813823
23,808.9597408689443,,,mixed exocyclic C-C stretching / C-C out-of-plane bending,nu(C2-O3),bond,13.52450235327528,+,0.11275403034532983,0.38380035796927126
23,808.9597408689443,,,mixed exocyclic C-C stretching / C-C out-of-plane bending,nu(C2-C7),bond,11.747462945863504,-,-0.12678492970440958,0.2636677700131217
23,808.9597408689443,,,mixed exocyclic C-C stretching / C-C out-of-plane bending,nu(C1-C2),bond,5.9861303987290215,-,-0.08630833446523391,0.28992718037655574
23,808.9597408689443,,,mixed exocyclic C-C stretching / C-C out-of-plane bending,tau(C2-O3-C4-C5),dihedral,4.939830537804893,-,-0.07316614503600219,0.3329200368533325
23,808.9597408689443,,,mixed exocyclic C-C stretching / C-C out-of-plane bending,delta(C4-C5-H14),angle,4.3937545481772755,+,0.06608919395103546,0.36293020366388096
23,808.9597408689443,,,mixed exocyclic C-C stretching / C-C out-of-plane bending,tau(H12-C1-C2-O3),dihedral,2.942397594391123,+,0.07983449970983066,0.16655910224267684
23,808.9597408689443,,,mixed exocyclic C-C stretching / C-C out-of-plane bending,delta(C5-C4-H13),angle,2.8989169949804485,-,-0.05991153920067024,0.29138222577639733
23,808.9597408689443,,,mixed exocyclic C-C stretching / C-C out-of-plane bending,delta(C4-C5-O6),angle,2.527253187431969,+,0.046338566850435574,0.4246310893417379
23,808.9597408689443,,,mixed exocyclic C-C stretching / C-C out-of-plane bending,delta(C7-N8-H18),angle,2.4542012246272766,-,-0.06026967768571854,0.24375900097385186
23,808.9597408689443,,,mixed exocyclic C-C stretching / C-C out-of-plane bending,delta(C2-C7-N8),angle,2.2643804275825428,+,0.03939131580544767,0.5264979045723385
23,808.9597408689443,,,mixed exocyclic C-C stretching / C-C out-of-plane bending,delta(C2-C1-H12),angle,1.5732976827806315,+,0.04320029913961355,0.3041484625700951
23,808.9597408689443,,,mixed exocyclic C-C stretching / C-C out-of-plane bending,tau(O3-C2-C7-O9),dihedral,1.5591625820112585,-,-0.06978011951267374,0.11552506365896313
23,808.9597408689443,,,mixed exocyclic C-C stretching / C-C out-of-plane bending,delta(O6-C5-H15),angle,1.5558377915718824,-,-0.040432106799748575,0.34336798788252265
23,808.9597408689443,,,mixed exocyclic C-C stretching / C-C out-of-plane bending,delta(C1-C2-C4),angle,1.4964460968036835,-,-0.0338237782001732,0.47191640306808397
23,808.9597408689443,,,mixed exocyclic C-C stretching / C-C out-of-plane bending,nu(C7-N8),bond,1.2144081450476805,-,-0.03121820683438877,0.44956966026774636
23,808.9597408689443,,,mixed exocyclic C-C stretching / C-C out-of-plane bending,tau(H15-C5-O6-H16),dihedral,0.9501407176736073,-,-0.14836228377605612,0.015573604478316995
23,808.9597408689443,,,mixed exocyclic C-C stretching / C-C out-of-plane bending,nu(C4-C5),bond,0.9003428584152646,-,-0.03391962085620872,0.2823281460877687
23,808.9597408689443,,,mixed exocyclic C-C stretching / C-C out-of-plane bending,tau(C1-C2-C4-H13),dihedral,0.8962431243286918,-,-0.03196087482555366,0.31654594256257856
23,808.9597408689443,,,mixed exocyclic C-C stretching / C-C out-of-plane bending,delta(C2-C1-H11),angle,0.8905542256968695,+,0.02927973961336525,0.3747780774393608
23,808.9597408689443,,,mixed exocyclic C-C stretching / C-C out-of-plane bending,tau(C7-C2-O3-C4),dihedral,0.8387105429159382,-,-0.030736698424594346,0.3202918595636512
23,808.9597408689443,,,mixed exocyclic C-C stretching / C-C out-of-plane bending,tau(H10-C1-C2-C7),dihedral,0.8101480904858792,+,0.04218410101951954,0.16425365664741987
23,808.9597408689443,,,mixed exocyclic C-C stretching / C-C out-of-plane bending,delta(N8-C7-O9),angle,0.7929555602144305,-,-0.023571482162210965,0.5149004794564609
23,808.9597408689443,,,mixed exocyclic C-C stretching / C-C out-of-plane bending,delta(C5-O6-H16),angle,0.7138330069103016,+,0.03746915165443845,0.18344130679358742
23,808.9597408689443,,,mixed exocyclic C-C stretching / C-C out-of-plane bending,tau(O3-C4-C5-H15),dihedral,0.6146429234385558,+,0.11119709556721323,0.017934291688590415
23,808.9597408689443,,,mixed exocyclic C-C stretching / C-C out-of-plane bending,nu(C2-C4),bond,0.5057778084732106,-,-0.022303780706502525,0.3668183290081972
23,808.9597408689443,,,mixed exocyclic C-C stretching / C-C out-of-plane bending,delta(O3-C4-C5),angle,0.32387504951469953,+,0.012586375569073027,0.73760584533266
23,808.9597408689443,,,mixed exocyclic C-C stretching / C-C out-of-plane bending,tau(O9-C7-N8-H17),dihedral,0.24612518763805727,+,0.05347337528537354,0.031054825617639323
23,808.9597408689443,,,mixed exocyclic C-C stretching / C-C out-of-plane bending,nu(C5-O6),bond,0.21571663724801654,+,0.01528282365547258,0.33321509590887466
23,808.9597408689443,,,mixed exocyclic C-C stretching / C-C out-of-plane bending,delta(H11-C1-H12),angle,0.20860253105410265,+,0.01773436202347231,0.23929667529530443
23,808.9597408689443,,,mixed exocyclic C-C stretching / C-C out-of-plane bending,delta(H17-N8-H18),angle,0.049314864653828436,+,0.008942755339038797,0.2224761076628819
23,808.9597408689443,,,mixed exocyclic C-C stretching / C-C out-of-plane bending,nu(C7-O9),bond,0.040733953610065016,-,-0.004314417205253793,0.7895152384577152
23,808.9597408689443,,,mixed exocyclic C-C stretching / C-C out-of-plane bending,nu(C4-H13),bond,0.03454540245081414,+,0.006042729664234049,0.34132818878264654
23,808.9597408689443,,,mixed exocyclic C-C stretching / C-C out-of-plane bending,tau(O3-C2-C7-N8),dihedral,0.013833713313627748,+,0.007078885908677232,0.09959950414138982
23,808.9597408689443,,,mixed exocyclic C-C stretching / C-C out-of-plane bending,nu(N8-H17),bond,0.007417992431023726,-,-0.0023809297559143176,0.4721080993655485
23,808.9597408689443,,,mixed exocyclic C-C stretching / C-C out-of-plane bending,delta(H14-C5-H15),angle,0.005970990769007775,+,0.002677330693245039,0.3005319136675133
23,808.9597408689443,,,mixed exocyclic C-C stretching / C-C out-of-plane bending,nu(C1-H10),bond,0.005912993512751305,-,-0.0024786433475615954,0.3472382446251712
23,808.9597408689443,,,mixed exocyclic C-C stretching / C-C out-of-plane bending,delta(O3-C2-C7),angle,0.004514786462077454,+,0.0017941539694237534,0.506018068089154
23,808.9597408689443,,,mixed exocyclic C-C stretching / C-C out-of-plane bending,delta(O6-C5-H14),angle,0.0037999424961919796,+,0.0018594348088090966,0.3965183969738679
23,808.9597408689443,,,mixed exocyclic C-C stretching / C-C out-of-plane bending,nu(C1-H11),bond,0.0012746783876529536,-,-0.0011693130994535142,0.3363467402870326
23,808.9597408689443,,,mixed exocyclic C-C stretching / C-C out-of-plane bending,nu(C5-H14),bond,0.0011445091958570564,-,-0.0011166119166809959,0.33117916004476916
23,808.9597408689443,,,mixed exocyclic C-C stretching / C-C out-of-plane bending,nu(C1-H12),bond,0.0008411255572184529,-,-0.0009398496249242971,0.34355186841315943
23,808.9597408689443,,,mixed exocyclic C-C stretching / C-C out-of-plane bending,"gamma(H10;C1,H11,H12)",oop,0.00028862192268857585,+,0.0006870833746237928,0.22057620785762186
23,808.9597408689443,,,mixed exocyclic C-C stretching / C-C out-of-plane bending,tau(C2-C7-N8-H18),dihedral,0.0001809293742531143,+,0.0015708325693159955,0.026454375718111652
23,808.9597408689443,,,mixed exocyclic C-C stretching / C-C out-of-plane bending,nu(C5-H15),bond,0.0001576359541149657,-,-0.0004109392975681522,0.3367814495898813
23,808.9597408689443,,,mixed exocyclic C-C stretching / C-C out-of-plane bending,nu(O6-H16),bond,5.9836792583699485e-05,+,0.0002042092913468471,0.5176849510111644
23,808.9597408689443,,,mixed exocyclic C-C stretching / C-C out-of-plane bending,nu(N8-H18),bond,1.3850857801770758e-05,+,0.0001024795564377232,0.475828474339461
24,879.0116377406339,,,mixed cyclic C-O stretching / C-C torsion,nu(C2-O3),bond,21.006186979492067,+,0.17197602184863373,0.38380035796927126
24,879.0116377406339,,,mixed cyclic C-O stretching / C-C torsion,nu(C2-C4),bond,14.892354377140256,-,-0.14811639726856296,0.3668183290081972
24,879.0116377406339,,,mixed cyclic C-O stretching / C-C torsion,delta(C2-C1-H11),angle,10.430512953678758,-,-0.12263451470075785,0.3747780774393608
24,879.0116377406339,,,mixed cyclic C-O stretching / C-C torsion,"gamma(O3;C2,C1,C4)",oop,9.782875173661806,+,0.05603703177062265,1.6834887239813823
24,879.0116377406339,,,mixed cyclic C-O stretching / C-C torsion,tau(H12-C1-C2-O3),dihedral,6.222723548641909,-,-0.1420865734455311,0.16655910224267684
24,879.0116377406339,,,mixed cyclic C-O stretching / C-C torsion,tau(H10-C1-C2-C7),dihedral,6.126025757511005,+,0.14196420633715923,0.16425365664741987
24,879.0116377406339,,,mixed cyclic C-O stretching / C-C torsion,tau(C7-C2-O3-C4),dihedral,4.2999400663421685,-,-0.08517364311078209,0.3202918595636512
24,879.0116377406339,,,mixed cyclic C-O stretching / C-C torsion,delta(O3-C2-C7),angle,4.150174560753004,-,-0.06657284895650586,0.506018068089154
24,879.0116377406339,,,mixed cyclic C-O stretching / C-C torsion,tau(O3-C2-C7-N8),dihedral,3.774643545841349,+,0.14310551063249807,0.09959950414138982
24,879.0116377406339,,,mixed cyclic C-O stretching / C-C torsion,delta(C2-C1-H12),angle,2.8966011646991294,+,0.07173787544058675,0.3041484625700951
24,879.0116377406339,,,mixed cyclic C-O stretching / C-C torsion,"gamma(C2;C4,C5,H13)",oop,2.7359421419387937,-,-0.05498389308228288,0.48902367153120335
24,879.0116377406339,,,mixed cyclic C-O stretching / C-C torsion,tau(C2-O3-C4-C5),dihedral,2.179296797087954,-,-0.059475102089288176,0.3329200368533325
24,879.0116377406339,,,mixed cyclic C-O stretching / C-C torsion,delta(C4-C5-O6),angle,1.9732292476870528,+,0.05011062863988457,0.4246310893417379
24,879.0116377406339,,,mixed cyclic C-O stretching / C-C torsion,nu(C2-C7),bond,1.9207987101818238,+,0.06274214723565097,0.2636677700131217
24,879.0116377406339,,,mixed cyclic C-O stretching / C-C torsion,tau(C1-C2-C4-H13),dihedral,1.630375845389529,-,-0.05275607336846825,0.31654594256257856
24,879.0116377406339,,,mixed cyclic C-O stretching / C-C torsion,delta(O3-C4-C5),angle,1.3647338126079875,-,-0.031619774902960064,0.73760584533266
24,879.0116377406339,,,mixed cyclic C-O stretching / C-C torsion,delta(C1-C2-C4),angle,0.9752051494658371,+,0.033416613018642884,0.47191640306808397
24,879.0116377406339,,,mixed cyclic C-O stretching / C-C torsion,delta(C2-C7-N8),angle,0.8771750891467508,+,0.03000487309153818,0.5264979045723385
24,879.0116377406339,,,mixed cyclic C-O stretching / C-C torsion,nu(C1-C2),bond,0.7733614125570639,-,-0.037965904971229786,0.28992718037655574
24,879.0116377406339,,,mixed cyclic C-O stretching / C-C torsion,delta(C4-C5-H14),angle,0.40169770306425506,-,-0.024455981145985878,0.36293020366388096
24,879.0116377406339,,,mixed cyclic C-O stretching / C-C torsion,nu(C7-N8),bond,0.3217413406159216,+,0.019665360360735892,0.44956966026774636
24,879.0116377406339,,,mixed cyclic C-O stretching / C-C torsion,delta(O6-C5-H14),angle,0.19261691104550455,-,-0.01620177172847418,0.3965183969738679
24,879.0116377406339,,,mixed cyclic C-O stretching / C-C torsion,tau(C2-C7-N8-H18),dihedral,0.18822766136510427,-,-0.062006888272156224,0.026454375718111652
24,879.0116377406339,,,mixed cyclic C-O stretching / C-C torsion,tau(O3-C4-C5-H15),dihedral,0.13953428941045276,+,0.06484034708795355,0.017934291688590415
24,879.0116377406339,,,mixed cyclic C-O stretching / C-C torsion,delta(N8-C7-O9),angle,0.12945803433508835,+,0.01165600779083343,0.5149004794564609
24,879.0116377406339,,,mixed cyclic C-O stretching / C-C torsion,tau(O3-C2-C7-O9),dihedral,0.11991812162040173,+,0.023683793906192154,0.11552506365896313
24,879.0116377406339,,,mixed cyclic C-O stretching / C-C torsion,tau(O9-C7-N8-H17),dihedral,0.10233526995121121,+,0.04219831359303911,0.031054825617639323
24,879.0116377406339,,,mixed cyclic C-O stretching / C-C torsion,delta(C7-N8-H18),angle,0.09680250706895902,+,0.014649066308984531,0.24375900097385186
24,879.0116377406339,,,mixed cyclic C-O stretching / C-C torsion,nu(C4-C5),bond,0.07451648682793366,+,0.011942522561553297,0.2823281460877687
24,879.0116377406339,,,mixed cyclic C-O stretching / C-C torsion,delta(C5-C4-H13),angle,0.05545720914701253,+,0.010141319138127585,0.29138222577639733
24,879.0116377406339,,,mixed cyclic C-O stretching / C-C torsion,delta(H11-C1-H12),angle,0.04646197931447773,-,-0.010243007580229762,0.23929667529530443
24,879.0116377406339,,,mixed cyclic C-O stretching / C-C torsion,"gamma(H10;C1,H11,H12)",oop,0.0380619321845467,-,-0.009656351263241617,0.22057620785762186
24,879.0116377406339,,,mixed cyclic C-O stretching / C-C torsion,tau(H15-C5-O6-H16),dihedral,0.021355381348539853,+,0.0272211248907605,0.015573604478316995
24,879.0116377406339,,,mixed cyclic C-O stretching / C-C torsion,delta(H14-C5-H15),angle,0.02073921855819359,-,-0.006106577436916458,0.3005319136675133
24,879.0116377406339,,,mixed cyclic C-O stretching / C-C torsion,delta(H17-N8-H18),angle,0.010365767059369148,+,0.005017715188501448,0.2224761076628819
24,879.0116377406339,,,mixed cyclic C-O stretching / C-C torsion,delta(O6-C5-H15),angle,0.006997143143375736,-,-0.003318390186825335,0.34336798788252265
24,879.0116377406339,,,mixed cyclic C-O stretching / C-C torsion,delta(C5-O6-H16),angle,0.006292539765520792,-,-0.004305379013334546,0.18344130679358742
24,879.0116377406339,,,mixed cyclic C-O stretching / C-C torsion,nu(C4-H13),bond,0.005506348627972228,-,-0.002952519313602231,0.34132818878264654
24,879.0116377406339,,,mixed cyclic C-O stretching / C-C torsion,nu(N8-H17),bond,0.0044092042968699365,+,0.002246499665825683,0.4721080993655485
24,879.0116377406339,,,mixed cyclic C-O stretching / C-C torsion,nu(C5-O6),bond,0.001955679899210374,-,-0.0017808753585314913,0.33321509590887466
24,879.0116377406339,,,mixed cyclic C-O stretching / C-C torsion,nu(C5-H15),bond,0.0012317792205598153,+,0.0014058511118582976,0.3367814495898813
24,879.0116377406339,,,mixed cyclic C-O stretching / C-C torsion,nu(N8-H18),bond,0.0009243209090135676,+,0.0010245499769412107,0.475828474339461
24,879.0116377406339,,,mixed cyclic C-O stretching / C-C torsion,nu(C7-O9),bond,0.00034971647785893696,-,-0.0004892431598006025,0.7895152384577152
24,879.0116377406339,,,mixed cyclic C-O stretching / C-C torsion,nu(C1-H11),bond,0.0002669002340848185,+,0.0006548289008310113,0.3363467402870326
24,879.0116377406339,,,mixed cyclic C-O stretching / C-C torsion,nu(O6-H16),bond,0.0002296359355710948,+,0.0004895917922699636,0.5176849510111644
24,879.0116377406339,,,mixed cyclic C-O stretching / C-C torsion,nu(C5-H14),bond,0.00015704203422365977,+,0.0005062015012860919,0.33117916004476916
24,879.0116377406339,,,mixed cyclic C-O stretching / C-C torsion,nu(C1-H10),bond,0.0001488835595639524,-,-0.00048134511494829545,0.3472382446251712
24,879.0116377406339,,,mixed cyclic C-O stretching / C-C torsion,nu(C1-H12),bond,8.465915494927248e-05,-,-0.00036491169318750397,0.34355186841315943
25,906.7237759285222,,,mixed mixed-phase exocyclic C-C stretching / C-H bending / cyclic C-O stretching,nu(C2-O3),bond,19.185985845278847,-,-0.13744338341210427,0.38380035796927126
25,906.7237759285222,,,mixed mixed-phase exocyclic C-C stretching / C-H bending / cyclic C-O stretching,nu(C4-C5),bond,14.791410173040509,-,-0.14070585433453395,0.2823281460877687
25,906.7237759285222,,,mixed mixed-phase exocyclic C-C stretching / C-H bending / cyclic C-O stretching,nu(C2-C7),bond,12.01315357087185,+,0.13121529368790394,0.2636677700131217
25,906.7237759285222,,,mixed mixed-phase exocyclic C-C stretching / C-H bending / cyclic C-O stretching,delta(C2-C1-H12),angle,10.202700107913524,-,-0.11258984296145635,0.3041484625700951
25,906.7237759285222,,,mixed mixed-phase exocyclic C-C stretching / C-H bending / cyclic C-O stretching,delta(C4-C5-H14),angle,6.851836910149887,+,0.08446492831151482,0.36293020366388096
25,906.7237759285222,,,mixed mixed-phase exocyclic C-C stretching / C-H bending / cyclic C-O stretching,tau(C1-C2-C4-H13),dihedral,6.07379191756686,-,-0.08515223363971731,0.31654594256257856
25,906.7237759285222,,,mixed mixed-phase exocyclic C-C stretching / C-H bending / cyclic C-O stretching,nu(C1-C2),bond,3.416616283367679,-,-0.06673260871357058,0.28992718037655574
25,906.7237759285222,,,mixed mixed-phase exocyclic C-C stretching / C-H bending / cyclic C-O stretching,delta(O6-C5-H14),angle,3.271896550662098,+,0.055840921496663205,0.3965183969738679
25,906.7237759285222,,,mixed mixed-phase exocyclic C-C stretching / C-H bending / cyclic C-O stretching,delta(C4-C5-O6),angle,3.2084052563188443,+,0.05343467608377392,0.4246310893417379
25,906.7237759285222,,,mixed mixed-phase exocyclic C-C stretching / C-H bending / cyclic C-O stretching,delta(O6-C5-H15),angle,3.122223403324544,-,-0.058618749705597065,0.34336798788252265
25,906.7237759285222,,,mixed mixed-phase exocyclic C-C stretching / C-H bending / cyclic C-O stretching,delta(C5-O6-H16),angle,2.6147991127321473,+,0.0733930712973432,0.18344130679358742
25,906.7237759285222,,,mixed mixed-phase exocyclic C-C stretching / C-H bending / cyclic C-O stretching,nu(C7-N8),bond,2.4846035653306653,+,0.045699823222034426,0.44956966026774636
25,906.7237759285222,,,mixed mixed-phase exocyclic C-C stretching / C-H bending / cyclic C-O stretching,tau(H12-C1-C2-O3),dihedral,2.240885228329123,-,-0.07130337497888611,0.16655910224267684
25,906.7237759285222,,,mixed mixed-phase exocyclic C-C stretching / C-H bending / cyclic C-O stretching,nu(C5-O6),bond,1.6614789321948364,-,-0.04340797742888232,0.33321509590887466
25,906.7237759285222,,,mixed mixed-phase exocyclic C-C stretching / C-H bending / cyclic C-O stretching,delta(C7-N8-H18),angle,1.5258689173109605,+,0.048636548538312216,0.24375900097385186
25,906.7237759285222,,,mixed mixed-phase exocyclic C-C stretching / C-H bending / cyclic C-O stretching,nu(C2-C4),bond,1.4969063802266152,-,-0.039269581327707026,0.3668183290081972
25,906.7237759285222,,,mixed mixed-phase exocyclic C-C stretching / C-H bending / cyclic C-O stretching,delta(C2-C1-H11),angle,1.3122820148812822,-,-0.03637566690110095,0.3747780774393608
25,906.7237759285222,,,mixed mixed-phase exocyclic C-C stretching / C-H bending / cyclic C-O stretching,tau(H15-C5-O6-H16),dihedral,0.9791784380850778,-,-0.15414193829250866,0.015573604478316995
25,906.7237759285222,,,mixed mixed-phase exocyclic C-C stretching / C-H bending / cyclic C-O stretching,delta(H11-C1-H12),angle,0.8776037506751312,-,-0.03722762824315374,0.23929667529530443
25,906.7237759285222,,,mixed mixed-phase exocyclic C-C stretching / C-H bending / cyclic C-O stretching,delta(C1-C2-C4),angle,0.4355836680586924,+,0.018676165887299617,0.47191640306808397
25,906.7237759285222,,,mixed mixed-phase exocyclic C-C stretching / C-H bending / cyclic C-O stretching,delta(O3-C2-C7),angle,0.3435836557890834,-,-0.01601834715034807,0.506018068089154
25,906.7237759285222,,,mixed mixed-phase exocyclic C-C stretching / C-H bending / cyclic C-O stretching,tau(O3-C4-C5-H15),dihedral,0.3212023067711504,+,0.08226814004978339,0.017934291688590415
25,906.7237759285222,,,mixed mixed-phase exocyclic C-C stretching / C-H bending / cyclic C-O stretching,delta(C2-C7-N8),angle,0.27215369909843473,-,-0.013976333743051008,0.5264979045723385
25,906.7237759285222,,,mixed mixed-phase exocyclic C-C stretching / C-H bending / cyclic C-O stretching,"gamma(H10;C1,H11,H12)",oop,0.23840539351016546,-,-0.020209853741957808,0.22057620785762186
25,906.7237759285222,,,mixed mixed-phase exocyclic C-C stretching / C-H bending / cyclic C-O stretching,delta(N8-C7-O9),angle,0.18152207470223108,+,0.011542171968382739,0.5149004794564609
25,906.7237759285222,,,mixed mixed-phase exocyclic C-C stretching / C-H bending / cyclic C-O stretching,tau(H10-C1-C2-C7),dihedral,0.14424658248322408,-,-0.01821711954807649,0.16425365664741987
25,906.7237759285222,,,mixed mixed-phase exocyclic C-C stretching / C-H bending / cyclic C-O stretching,delta(H17-N8-H18),angle,0.14364160380822588,-,-0.015620067249448321,0.2224761076628819
25,906.7237759285222,,,mixed mixed-phase exocyclic C-C stretching / C-H bending / cyclic C-O stretching,"gamma(C2;C4,C5,H13)",oop,0.12901704577208473,-,-0.009984885086268628,0.48902367153120335
25,906.7237759285222,,,mixed mixed-phase exocyclic C-C stretching / C-H bending / cyclic C-O stretching,tau(C7-C2-O3-C4),dihedral,0.11856746703312898,-,-0.01182753620157763,0.3202918595636512
25,906.7237759285222,,,mixed mixed-phase exocyclic C-C stretching / C-H bending / cyclic C-O stretching,tau(C2-O3-C4-C5),dihedral,0.08609278449105447,+,0.00988548259033401,0.3329200368533325
25,906.7237759285222,,,mixed mixed-phase exocyclic C-C stretching / C-H bending / cyclic C-O stretching,tau(O3-C2-C7-O9),dihedral,0.05904167234907501,-,-0.013897147990317646,0.11552506365896313
25,906.7237759285222,,,mixed mixed-phase exocyclic C-C stretching / C-H bending / cyclic C-O stretching,"gamma(O3;C2,C1,C4)",oop,0.044938192578284984,+,0.0031760487508356067,1.6834887239813823
25,906.7237759285222,,,mixed mixed-phase exocyclic C-C stretching / C-H bending / cyclic C-O stretching,nu(C7-O9),bond,0.03516142718148114,+,0.004102394812108463,0.7895152384577152
25,906.7237759285222,,,mixed mixed-phase exocyclic C-C stretching / C-H bending / cyclic C-O stretching,delta(H14-C5-H15),angle,0.03247110095049548,-,-0.006389806016946519,0.3005319136675133
25,906.7237759285222,,,mixed mixed-phase exocyclic C-C stretching / C-H bending / cyclic C-O stretching,tau(O3-C2-C7-N8),dihedral,0.0229191575465307,+,0.009325136598480804,0.09959950414138982
25,906.7237759285222,,,mixed mixed-phase exocyclic C-C stretching / C-H bending / cyclic C-O stretching,nu(C5-H15),bond,0.01407321635611506,+,0.003973809710198372,0.3367814495898813
25,906.7237759285222,,,mixed mixed-phase exocyclic C-C stretching / C-H bending / cyclic C-O stretching,delta(O3-C4-C5),angle,0.008254379052409527,+,0.002056432669895653,0.73760584533266
25,906.7237759285222,,,mixed mixed-phase exocyclic C-C stretching / C-H bending / cyclic C-O stretching,delta(C5-C4-H13),angle,0.007133269888791588,-,-0.0030415661427042914,0.29138222577639733
25,906.7237759285222,,,mixed mixed-phase exocyclic C-C stretching / C-H bending / cyclic C-O stretching,nu(C1-H12),bond,0.007042239669746817,+,0.002783195469002254,0.34355186841315943
25,906.7237759285222,,,mixed mixed-phase exocyclic C-C stretching / C-H bending / cyclic C-O stretching,nu(C4-H13),bond,0.005414285010326271,-,-0.0024483243057082547,0.34132818878264654
25,906.7237759285222,,,mixed mixed-phase exocyclic C-C stretching / C-H bending / cyclic C-O stretching,tau(C2-C7-N8-H18),dihedral,0.004744752024094093,-,-0.008232703348426853,0.026454375718111652
25,906.7237759285222,,,mixed mixed-phase exocyclic C-C stretching / C-H bending / cyclic C-O stretching,nu(N8-H17),bond,0.003720953719125627,+,0.0017258016267236336,0.4721080993655485
25,906.7237759285222,,,mixed mixed-phase exocyclic C-C stretching / C-H bending / cyclic C-O stretching,nu(O6-H16),bond,0.0037024733250691465,-,-0.0016439842949578993,0.5176849510111644
25,906.7237759285222,,,mixed mixed-phase exocyclic C-C stretching / C-H bending / cyclic C-O stretching,tau(O9-C7-N8-H17),dihedral,0.0032174251148275605,+,0.0062571150685470315,0.031054825617639323
25,906.7237759285222,,,mixed mixed-phase exocyclic C-C stretching / C-H bending / cyclic C-O stretching,nu(C1-H10),bond,0.0009085449808482392,-,-0.0009943605963372599,0.3472382446251712
25,906.7237759285222,,,mixed mixed-phase exocyclic C-C stretching / C-H bending / cyclic C-O stretching,nu(N8-H18),bond,0.0007083823049273118,+,0.0007500549884903336,0.475828474339461
25,906.7237759285222,,,mixed mixed-phase exocyclic C-C stretching / C-H bending / cyclic C-O stretching,nu(C1-H11),bond,0.0006469984893252631,+,0.0008525944223971077,0.3363467402870326
25,906.7237759285222,,,mixed mixed-phase exocyclic C-C stretching / C-H bending / cyclic C-O stretching,nu(C5-H14),bond,0.0002588896805403536,-,-0.000543513499150917,0.33117916004476916
26,1012.445937156237,,,mixed C-H bending / C-C out-of-plane bending,"gamma(C2;C4,C5,H13)",oop,29.381078449662457,+,0.2054661039981365,0.48902367153120335
26,1012.445937156237,,,mixed C-H bending / C-C out-of-plane bending,delta(C2-C1-H12),angle,10.409170753699623,+,0.1550731162457766,0.3041484625700951
26,1012.445937156237,,,mixed C-H bending / C-C out-of-plane bending,delta(O3-C4-C5),angle,8.389895176605581,-,-0.08939996589780663,0.73760584533266
26,1012.445937156237,,,mixed C-H bending / C-C out-of-plane bending,delta(O6-C5-H15),angle,7.998491164128542,-,-0.12793677340842652,0.34336798788252265
26,1012.445937156237,,,mixed C-H bending / C-C out-of-plane bending,nu(C1-C2),bond,6.956233436124154,+,0.12984160295495506,0.28992718037655574
26,1012.445937156237,,,mixed C-H bending / C-C out-of-plane bending,delta(C4-C5-H14),angle,6.675033134305767,+,0.11368061575924461,0.36293020366388096
26,1012.445937156237,,,mixed C-H bending / C-C out-of-plane bending,delta(O6-C5-H14),angle,6.55967085560722,+,0.10781535417328608,0.3965183969738679
26,1012.445937156237,,,mixed C-H bending / C-C out-of-plane bending,delta(C5-O6-H16),angle,5.639678301397488,+,0.14697716246703632,0.18344130679358742
26,1012.445937156237,,,mixed C-H bending / C-C out-of-plane bending,"gamma(O3;C2,C1,C4)",oop,4.075705676951062,+,0.04124464423497805,1.6834887239813823
26,1012.445937156237,,,mixed C-H bending / C-C out-of-plane bending,nu(C5-O6),bond,3.5011979470571517,-,-0.08592454854437265,0.33321509590887466
26,1012.445937156237,,,mixed C-H bending / C-C out-of-plane bending,nu(C7-N8),bond,1.8464539120857038,-,-0.053720741590804456,0.44956966026774636
26,1012.445937156237,,,mixed C-H bending / C-C out-of-plane bending,delta(O3-C2-C7),angle,1.379441419301202,+,0.04376630469362837,0.506018068089154
26,1012.445937156237,,,mixed C-H bending / C-C out-of-plane bending,tau(O3-C4-C5-H15),dihedral,0.6599732169982051,+,0.16080231685275528,0.017934291688590415
26,1012.445937156237,,,mixed C-H bending / C-C out-of-plane bending,delta(C4-C5-O6),angle,0.5968569954879888,+,0.03142682526774385,0.4246310893417379
26,1012.445937156237,,,mixed C-H bending / C-C out-of-plane bending,tau(C1-C2-C4-H13),dihedral,0.5913346110642028,+,0.03623010015517528,0.31654594256257856
26,1012.445937156237,,,mixed C-H bending / C-C out-of-plane bending,delta(C2-C1-H11),angle,0.5004335118529384,-,-0.03063073115322258,0.3747780774393608
26,1012.445937156237,,,mixed C-H bending / C-C out-of-plane bending,tau(C2-O3-C4-C5),dihedral,0.4809228805325033,-,-0.03185950423202923,0.3329200368533325
26,1012.445937156237,,,mixed C-H bending / C-C out-of-plane bending,delta(H11-C1-H12),angle,0.44928971553109387,+,0.03632169999611878,0.23929667529530443
26,1012.445937156237,,,mixed C-H bending / C-C out-of-plane bending,delta(C5-C4-H13),angle,0.41290003223984284,-,-0.03155456451066181,0.29138222577639733
26,1012.445937156237,,,mixed C-H bending / C-C out-of-plane bending,tau(H10-C1-C2-C7),dihedral,0.40290485836517137,+,0.04151595087664303,0.16425365664741987
26,1012.445937156237,,,mixed C-H bending / C-C out-of-plane bending,nu(C2-O3),bond,0.36330445542666623,-,-0.0257901539639942,0.38380035796927126
26,1012.445937156237,,,mixed C-H bending / C-C out-of-plane bending,delta(C1-C2-C4),angle,0.33749245938685746,-,-0.022416652578308983,0.47191640306808397
26,1012.445937156237,,,mixed C-H bending / C-C out-of-plane bending,tau(H15-C5-O6-H16),dihedral,0.30796127916664734,-,-0.11787582563146067,0.015573604478316995
26,1012.445937156237,,,mixed C-H bending / C-C out-of-plane bending,delta(C7-N8-H18),angle,0.2793231831712089,+,0.028375558696619195,0.24375900097385186
26,1012.445937156237,,,mixed C-H bending / C-C out-of-plane bending,nu(C2-C7),bond,0.25849957514285843,-,-0.0262465759309231,0.2636677700131217
26,1012.445937156237,,,mixed C-H bending / C-C out-of-plane bending,delta(C2-C7-N8),angle,0.24991055959139044,-,-0.018262710744430696,0.5264979045723385
26,1012.445937156237,,,mixed C-H bending / C-C out-of-plane bending,nu(C4-C5),bond,0.24832796786536832,-,-0.02486033575248314,0.2823281460877687
26,1012.445937156237,,,mixed C-H bending / C-C out-of-plane bending,nu(C2-C4),bond,0.17583042216288763,+,0.018352395334854235,0.3668183290081972
26,1012.445937156237,,,mixed C-H bending / C-C out-of-plane bending,tau(H12-C1-C2-O3),dihedral,0.16004688831101482,+,0.025984280295500404,0.16655910224267684
26,1012.445937156237,,,mixed C-H bending / C-C out-of-plane bending,"gamma(H10;C1,H11,H12)",oop,0.15923525169330485,+,0.022522237658615163,0.22057620785762186
26,1012.445937156237,,,mixed C-H bending / C-C out-of-plane bending,delta(H14-C5-H15),angle,0.11500192281371328,-,-0.01639753298089697,0.3005319136675133
26,1012.445937156237,,,mixed C-H bending / C-C out-of-plane bending,tau(O3-C2-C7-N8),dihedral,0.1038481401628254,+,0.027067119105048998,0.09959950414138982
26,1012.445937156237,,,mixed C-H bending / C-C out-of-plane bending,nu(C7-O9),bond,0.08027485423531099,-,-0.008452414084866253,0.7895152384577152
26,1012.445937156237,,,mixed C-H bending / C-C out-of-plane bending,delta(H17-N8-H18),angle,0.06830687700111125,+,0.014687970332339975,0.2224761076628819
26,1012.445937156237,,,mixed C-H bending / C-C out-of-plane bending,tau(C7-C2-O3-C4),dihedral,0.0674124496400221,-,-0.012160974129272015,0.3202918595636512
26,1012.445937156237,,,mixed C-H bending / C-C out-of-plane bending,tau(O3-C2-C7-O9),dihedral,0.036559185521380655,+,0.01491184594280892,0.11552506365896313
26,1012.445937156237,,,mixed C-H bending / C-C out-of-plane bending,delta(N8-C7-O9),angle,0.024029220482772368,-,-0.005726370630901883,0.5149004794564609
26,1012.445937156237,,,mixed C-H bending / C-C out-of-plane bending,nu(C5-H15),bond,0.02001652318043438,+,0.0064623652657502,0.3367814495898813
26,1012.445937156237,,,mixed C-H bending / C-C out-of-plane bending,nu(C1-H12),bond,0.013729746379136676,-,-0.005299151801246951,0.34355186841315943
26,1012.445937156237,,,mixed C-H bending / C-C out-of-plane bending,nu(O6-H16),bond,0.008022033906689981,-,-0.0032997477171894827,0.5176849510111644
26,1012.445937156237,,,mixed C-H bending / C-C out-of-plane bending,tau(C2-C7-N8-H18),dihedral,0.005971454357938318,-,-0.012593967276880315,0.026454375718111652
26,1012.445937156237,,,mixed C-H bending / C-C out-of-plane bending,nu(C1-H10),bond,0.005796403633103647,+,0.00342481245758141,0.3472382446251712
26,1012.445937156237,,,mixed C-H bending / C-C out-of-plane bending,nu(N8-H18),bond,0.001966391613010334,-,-0.0017040449772613728,0.475828474339461
26,1012.445937156237,,,mixed C-H bending / C-C out-of-plane bending,nu(C1-H11),bond,0.0014358742138210027,+,0.0017319519823571921,0.3363467402870326
26,1012.445937156237,,,mixed C-H bending / C-C out-of-plane bending,nu(C5-H14),bond,0.0004897618405140197,-,-0.0010193709023120952,0.33117916004476916
26,1012.445937156237,,,mixed C-H bending / C-C out-of-plane bending,nu(N8-H17),bond,0.0002954640248445185,+,0.0006631363580445055,0.4721080993655485
26,1012.445937156237,,,mixed C-H bending / C-C out-of-plane bending,nu(C4-H13),bond,0.0002314580654285134,-,-0.0006902737241806455,0.34132818878264654
26,1012.445937156237,,,mixed C-H bending / C-C out-of-plane bending,tau(O9-C7-N8-H17),dihedral,1.4148011840797053e-05,-,-0.0005657888967695581,0.031054825617639323
27,1040.4343150845061,,,mixed C-O stretching / C-H bending,nu(C5-O6),bond,67.42429021403228,-,-0.33290188496178114,0.33321509590887466
27,1040.4343150845061,,,mixed C-O stretching / C-H bending,delta(C2-C1-H11),angle,7.9646593226726194,+,0.10788645161254819,0.3747780774393608
27,1040.4343150845061,,,mixed C-O stretching / C-H bending,delta(C4-C5-H14),angle,6.842238144114149,-,-0.10161502619235284,0.36293020366388096
27,1040.4343150845061,,,mixed C-O stretching / C-H bending,delta(C4-C5-O6),angle,2.7430435687699752,+,0.059481355332166544,0.4246310893417379
27,1040.4343150845061,,,mixed C-O stretching / C-H bending,"gamma(C2;C4,C5,H13)",oop,2.1032708101152044,-,-0.04853477862768284,0.48902367153120335
27,1040.4343150845061,,,mixed C-O stretching / C-H bending,tau(C2-O3-C4-C5),dihedral,2.0449595366954356,-,-0.05800197600624838,0.3329200368533325
27,1040.4343150845061,,,mixed C-O stretching / C-H bending,delta(C5-O6-H16),angle,1.871077453767899,+,0.07474251578242565,0.18344130679358742
27,1040.4343150845061,,,mixed C-O stretching / C-H bending,delta(O6-C5-H15),angle,1.4455538277214128,+,0.04801839380822518,0.34336798788252265
27,1040.4343150845061,,,mixed C-O stretching / C-H bending,nu(C1-C2),bond,0.8035002915641919,-,-0.03896000017584401,0.28992718037655574
27,1040.4343150845061,,,mixed C-O stretching / C-H bending,delta(O3-C4-C5),angle,0.5754417750130671,+,0.020670877600730032,0.73760584533266
27,1040.4343150845061,,,mixed C-O stretching / C-H bending,tau(H12-C1-C2-O3),dihedral,0.5718723003369007,+,0.04336463963822826,0.16655910224267684
27,1040.4343150845061,,,mixed C-O stretching / C-H bending,delta(C2-C1-H12),angle,0.520407889696699,-,-0.03061255088896279,0.3041484625700951
27,1040.4343150845061,,,mixed C-O stretching / C-H bending,delta(H14-C5-H15),angle,0.5197456828132742,-,-0.030776593168997717,0.3005319136675133
27,1040.4343150845061,,,mixed C-O stretching / C-H bending,tau(C1-C2-C4-H13),dihedral,0.47969999825369797,-,-0.02880957686025134,0.31654594256257856
27,1040.4343150845061,,,mixed C-O stretching / C-H bending,nu(C2-O3),bond,0.4451767800759425,+,0.025204840936377624,0.38380035796927126
27,1040.4343150845061,,,mixed C-O stretching / C-H bending,nu(C4-C5),bond,0.43529054019256747,+,0.029059151098988194,0.2823281460877687
27,1040.4343150845061,,,mixed C-O stretching / C-H bending,delta(C5-C4-H13),angle,0.4340899981043721,+,0.028564640212458355,0.29138222577639733
27,1040.4343150845061,,,mixed C-O stretching / C-H bending,delta(C1-C2-C4),angle,0.37868121643827446,+,0.02096402852952667,0.47191640306808397
27,1040.4343150845061,,,mixed C-O stretching / C-H bending,tau(H10-C1-C2-C7),dihedral,0.3648431811516688,-,-0.034879157841596425,0.16425365664741987
27,1040.4343150845061,,,mixed C-O stretching / C-H bending,delta(O3-C2-C7),angle,0.36441021188546785,-,-0.019860155932273,0.506018068089154
27,1040.4343150845061,,,mixed C-O stretching / C-H bending,delta(H11-C1-H12),angle,0.30353474664493096,+,0.02635762477608684,0.23929667529530443
27,1040.4343150845061,,,mixed C-O stretching / C-H bending,nu(C2-C4),bond,0.27786796476911263,+,0.020368738037936086,0.3668183290081972
27,1040.4343150845061,,,mixed C-O stretching / C-H bending,nu(C7-N8),bond,0.16925541115671602,+,0.014359627711508659,0.44956966026774636
27,1040.4343150845061,,,mixed C-O stretching / C-H bending,tau(C7-C2-O3-C4),dihedral,0.1610224332086027,-,-0.016593600836692864,0.3202918595636512
27,1040.4343150845061,,,mixed C-O stretching / C-H bending,tau(O3-C4-C5-H15),dihedral,0.14571611014063468,-,-0.06670863696680082,0.017934291688590415
27,1040.4343150845061,,,mixed C-O stretching / C-H bending,tau(H15-C5-O6-H16),dihedral,0.1355912472419276,+,0.06905444739918404,0.015573604478316995
27,1040.4343150845061,,,mixed C-O stretching / C-H bending,delta(C2-C7-N8),angle,0.10177496042097463,+,0.01028945907917033,0.5264979045723385
27,1040.4343150845061,,,mixed C-O stretching / C-H bending,nu(C5-H14),bond,0.09986587989606936,+,0.012851311871544233,0.33117916004476916
27,1040.4343150845061,,,mixed C-O stretching / C-H bending,"gamma(O3;C2,C1,C4)",oop,0.07892533276530417,-,-0.005067263655238117,1.6834887239813823
27,1040.4343150845061,,,mixed C-O stretching / C-H bending,nu(C2-C7),bond,0.04899657177495679,+,0.010088456384755052,0.2636677700131217
27,1040.4343150845061,,,mixed C-O stretching / C-H bending,tau(O3-C2-C7-N8),dihedral,0.04565138185481928,+,0.01584414370143285,0.09959950414138982
27,1040.4343150845061,,,mixed C-O stretching / C-H bending,nu(O6-H16),bond,0.03912690725641431,-,-0.0064339160081780065,0.5176849510111644
27,1040.4343150845061,,,mixed C-O stretching / C-H bending,nu(C7-O9),bond,0.013742108135424133,+,0.0030875700477711343,0.7895152384577152
27,1040.4343150845061,,,mixed C-O stretching / C-H bending,nu(C5-H15),bond,0.011191434313039537,+,0.0042661801516802565,0.3367814495898813
27,1040.4343150845061,,,mixed C-O stretching / C-H bending,delta(O6-C5-H14),angle,0.007148856524511712,-,-0.0031423678036511964,0.3965183969738679
27,1040.4343150845061,,,mixed C-O stretching / C-H bending,nu(C4-H13),bond,0.005753812176395155,+,0.003038520418911196,0.34132818878264654
27,1040.4343150845061,,,mixed C-O stretching / C-H bending,nu(C1-H11),bond,0.005224292123114235,-,-0.00291669160613501,0.3363467402870326
27,1040.4343150845061,,,mixed C-O stretching / C-H bending,tau(O9-C7-N8-H17),dihedral,0.004585668393006837,+,0.00899305340292769,0.031054825617639323
27,1040.4343150845061,,,mixed C-O stretching / C-H bending,tau(C2-C7-N8-H18),dihedral,0.0038898914244572323,-,-0.008974089113669738,0.026454375718111652
27,1040.4343150845061,,,mixed C-O stretching / C-H bending,tau(O3-C2-C7-O9),dihedral,0.0038172018122793437,-,-0.0042540721288923024,0.11552506365896313
27,1040.4343150845061,,,mixed C-O stretching / C-H bending,delta(H17-N8-H18),angle,0.0015541944251584055,-,-0.0019560564381510465,0.2224761076628819
27,1040.4343150845061,,,mixed C-O stretching / C-H bending,"gamma(H10;C1,H11,H12)",oop,0.0010975543456101017,+,0.0016508365684112004,0.22057620785762186
27,1040.4343150845061,,,mixed C-O stretching / C-H bending,nu(C1-H12),bond,0.0009400858258776251,+,0.0012242158321844373,0.34355186841315943
27,1040.4343150845061,,,mixed C-O stretching / C-H bending,delta(N8-C7-O9),angle,0.0008555859981774863,-,-0.0009539828843714359,0.5149004794564609
27,1040.4343150845061,,,mixed C-O stretching / C-H bending,nu(C1-H10),bond,0.00028757009388793786,+,0.0006734858573793252,0.3472382446251712
27,1040.4343150845061,,,mixed C-O stretching / C-H bending,delta(C7-N8-H18),angle,0.00021585785515609363,-,-0.0006964244259027969,0.24375900097385186
27,1040.4343150845061,,,mixed C-O stretching / C-H bending,nu(N8-H18),bond,0.00010580538957190041,+,0.0003489788268825858,0.475828474339461
27,1040.4343150845061,,,mixed C-O stretching / C-H bending,nu(N8-H17),bond,8.390618756536833e-06,+,9.866126181059555e-05,0.4721080993655485
28,1091.8423441533237,,,mixed N-H bending / C-H bending / exocyclic C-C stretching,delta(C7-N8-H18),angle,27.879161873755457,+,0.2383875591345069,0.24375900097385186
28,1091.8423441533237,,,mixed N-H bending / C-H bending / exocyclic C-C stretching,nu(C4-C5),bond,14.262085664724207,-,-0.1584303906094918,0.2823281460877687
28,1091.8423441533237,,,mixed N-H bending / C-H bending / exocyclic C-C stretching,nu(C7-N8),bond,10.62470952425158,-,-0.10836376758797765,0.44956966026774636
28,1091.8423441533237,,,mixed N-H bending / C-H bending / exocyclic C-C stretching,delta(O6-C5-H15),angle,6.275884166383518,+,0.09529752435095332,0.34336798788252265
28,1091.8423441533237,,,mixed N-H bending / C-H bending / exocyclic C-C stretching,delta(C2-C1-H11),angle,5.725111254931843,+,0.08712222065648377,0.3747780774393608
28,1091.8423441533237,,,mixed N-H bending / C-H bending / exocyclic C-C stretching,delta(O3-C4-C5),angle,4.791116086356022,+,0.05681071206878618,0.73760584533266
28,1091.8423441533237,,,mixed N-H bending / C-H bending / exocyclic C-C stretching,nu(C7-O9),bond,4.425317396539874,-,-0.052773514200554955,0.7895152384577152
28,1091.8423441533237,,,mixed N-H bending / C-H bending / exocyclic C-C stretching,delta(O6-C5-H14),angle,3.8060958539786927,-,-0.06906090268592076,0.3965183969738679
28,1091.8423441533237,,,mixed N-H bending / C-H bending / exocyclic C-C stretching,delta(C5-O6-H16),angle,3.801803946486292,-,-0.10147763837309554,0.18344130679358742
28,1091.8423441533237,,,mixed N-H bending / C-H bending / exocyclic C-C stretching,tau(C7-C2-O3-C4),dihedral,2.5510146022572884,-,-0.06290824689830489,0.3202918595636512
28,1091.8423441533237,,,mixed N-H bending / C-H bending / exocyclic C-C stretching,"gamma(C2;C4,C5,H13)",oop,2.213589476590265,-,-0.047425035052820384,0.48902367153120335
28,1091.8423441533237,,,mixed N-H bending / C-H bending / exocyclic C-C stretching,delta(C2-C7-N8),angle,2.0969734509399514,+,0.04448588176884797,0.5264979045723385
28,1091.8423441533237,,,mixed N-H bending / C-H bending / exocyclic C-C stretching,delta(C4-C5-H14),angle,1.7319438955505484,-,-0.04869444432693897,0.36293020366388096
28,1091.8423441533237,,,mixed N-H bending / C-H bending / exocyclic C-C stretching,nu(C5-O6),bond,1.6162210454900023,+,0.049092155976851626,0.33321509590887466
28,1091.8423441533237,,,mixed N-H bending / C-H bending / exocyclic C-C stretching,tau(C1-C2-C4-H13),dihedral,1.1448584643913347,-,-0.042391773385711595,0.31654594256257856
28,1091.8423441533237,,,mixed N-H bending / C-H bending / exocyclic C-C stretching,nu(C2-C7),bond,0.8698856281054328,+,0.040488027152541295,0.2636677700131217
28,1091.8423441533237,,,mixed N-H bending / C-H bending / exocyclic C-C stretching,delta(N8-C7-O9),angle,0.8446495810896133,-,-0.028549644065602196,0.5149004794564609
28,1091.8423441533237,,,mixed N-H bending / C-H bending / exocyclic C-C stretching,delta(C4-C5-O6),angle,0.6925934455131889,+,0.028468026109491694,0.4246310893417379
28,1091.8423441533237,,,mixed N-H bending / C-H bending / exocyclic C-C stretching,delta(H11-C1-H12),angle,0.6069132089202373,+,0.0354992373723862,0.23929667529530443
28,1091.8423441533237,,,mixed N-H bending / C-H bending / exocyclic C-C stretching,nu(C2-O3),bond,0.5386071867940782,-,-0.026406293439900332,0.38380035796927126
28,1091.8423441533237,,,mixed N-H bending / C-H bending / exocyclic C-C stretching,delta(O3-C2-C7),angle,0.4996031852146167,-,-0.022148975765455273,0.506018068089154
28,1091.8423441533237,,,mixed N-H bending / C-H bending / exocyclic C-C stretching,tau(O3-C2-C7-N8),dihedral,0.4718433751241198,+,0.04851705190927096,0.09959950414138982
28,1091.8423441533237,,,mixed N-H bending / C-H bending / exocyclic C-C stretching,delta(C5-C4-H13),angle,0.42978841154418823,-,-0.027071971444014364,0.29138222577639733
28,1091.8423441533237,,,mixed N-H bending / C-H bending / exocyclic C-C stretching,tau(O3-C4-C5-H15),dihedral,0.349362948207428,-,-0.09838306950767321,0.017934291688590415
28,1091.8423441533237,,,mixed N-H bending / C-H bending / exocyclic C-C stretching,tau(H12-C1-C2-O3),dihedral,0.299980800336589,+,0.02991483452462377,0.16655910224267684
28,1091.8423441533237,,,mixed N-H bending / C-H bending / exocyclic C-C stretching,delta(H17-N8-H18),angle,0.26495568663760266,+,0.02432590433296469,0.2224761076628819
28,1091.8423441533237,,,mixed N-H bending / C-H bending / exocyclic C-C stretching,"gamma(O3;C2,C1,C4)",oop,0.23688016423743155,+,0.008361482836278328,1.6834887239813823
28,1091.8423441533237,,,mixed N-H bending / C-H bending / exocyclic C-C stretching,nu(C1-C2),bond,0.23110305860749158,+,0.019901345595662742,0.28992718037655574
28,1091.8423441533237,,,mixed N-H bending / C-H bending / exocyclic C-C stretching,tau(C2-O3-C4-C5),dihedral,0.2305648101654951,-,-0.018550285830457727,0.3329200368533325
28,1091.8423441533237,,,mixed N-H bending / C-H bending / exocyclic C-C stretching,delta(C2-C1-H12),angle,0.15070851492785767,+,0.0156909826867301,0.3041484625700951
28,1091.8423441533237,,,mixed N-H bending / C-H bending / exocyclic C-C stretching,"gamma(H10;C1,H11,H12)",oop,0.12798301532936868,+,0.016979343594000943,0.22057620785762186
28,1091.8423441533237,,,mixed N-H bending / C-H bending / exocyclic C-C stretching,tau(C2-C7-N8-H18),dihedral,0.045259296475597746,-,-0.029156084589337054,0.026454375718111652
28,1091.8423441533237,,,mixed N-H bending / C-H bending / exocyclic C-C stretching,delta(H14-C5-H15),angle,0.043619951139665346,+,0.008492222215087364,0.3005319136675133
28,1091.8423441533237,,,mixed N-H bending / C-H bending / exocyclic C-C stretching,nu(N8-H18),bond,0.03262071265374165,-,-0.005836406997148959,0.475828474339461
28,1091.8423441533237,,,mixed N-H bending / C-H bending / exocyclic C-C stretching,nu(N8-H17),bond,0.015579863313147159,+,0.004049348515222721,0.4721080993655485
28,1091.8423441533237,,,mixed N-H bending / C-H bending / exocyclic C-C stretching,tau(H15-C5-O6-H16),dihedral,0.015563548946787222,+,0.022283520687827352,0.015573604478316995
28,1091.8423441533237,,,mixed N-H bending / C-H bending / exocyclic C-C stretching,nu(C2-C4),bond,0.011193151764405827,-,-0.0038938098807933595,0.3668183290081972
28,1091.8423441533237,,,mixed N-H bending / C-H bending / exocyclic C-C stretching,nu(C5-H14),bond,0.009324403537481164,-,-0.003740271179663712,0.33117916004476916
28,1091.8423441533237,,,mixed N-H bending / C-H bending / exocyclic C-C stretching,nu(O6-H16),bond,0.00806891776518561,+,0.002782908551389419,0.5176849510111644
28,1091.8423441533237,,,mixed N-H bending / C-H bending / exocyclic C-C stretching,nu(C4-H13),bond,0.008032130032754808,-,-0.003419427090020832,0.34132818878264654
28,1091.8423441533237,,,mixed N-H bending / C-H bending / exocyclic C-C stretching,nu(C1-H11),bond,0.005473382515870988,-,-0.002843533502862168,0.3363467402870326
28,1091.8423441533237,,,mixed N-H bending / C-H bending / exocyclic C-C stretching,tau(O9-C7-N8-H17),dihedral,0.004972040210902882,+,0.008919219038801485,0.031054825617639323
28,1091.8423441533237,,,mixed N-H bending / C-H bending / exocyclic C-C stretching,nu(C1-H10),bond,0.00431251397780302,+,0.002484136995004059,0.3472382446251712
28,1091.8423441533237,,,mixed N-H bending / C-H bending / exocyclic C-C stretching,delta(C1-C2-C4),angle,0.0022152550740910998,+,0.0015272262998327752,0.47191640306808397
28,1091.8423441533237,,,mixed N-H bending / C-H bending / exocyclic C-C stretching,nu(C5-H15),bond,0.0020312513256967027,-,-0.0017311384826540594,0.3367814495898813
28,1091.8423441533237,,,mixed N-H bending / C-H bending / exocyclic C-C stretching,nu(C1-H12),bond,0.000302453246101621,-,-0.0006613890925473777,0.34355186841315943
28,1091.8423441533237,,,mixed N-H bending / C-H bending / exocyclic C-C stretching,tau(O3-C2-C7-O9),dihedral,0.00011179673842355014,-,-0.0006934266351878982,0.11552506365896313
28,1091.8423441533237,,,mixed N-H bending / C-H bending / exocyclic C-C stretching,tau(H10-C1-C2-C7),dihedral,9.607900705712388e-06,-,-0.0001704828867211252,0.16425365664741987
29,1103.0803453958565,,,mixed C-H bending / exocyclic C-C stretching / N-H bending,delta(C2-C1-H11),angle,23.819859425203234,+,0.17547073794379459,0.3747780774393608
29,1103.0803453958565,,,mixed C-H bending / exocyclic C-C stretching / N-H bending,nu(C4-C5),bond,21.722837681320588,-,-0.19306492706714135,0.2823281460877687
29,1103.0803453958565,,,mixed C-H bending / exocyclic C-C stretching / N-H bending,delta(C7-N8-H18),angle,15.054307298097537,-,-0.17297058440524823,0.24375900097385186
29,1103.0803453958565,,,mixed C-H bending / exocyclic C-C stretching / N-H bending,nu(C7-N8),bond,6.964677758178899,+,0.08663117627030441,0.44956966026774636
29,1103.0803453958565,,,mixed C-H bending / exocyclic C-C stretching / N-H bending,"gamma(O3;C2,C1,C4)",oop,4.415455900932408,+,0.0356455126322826,1.6834887239813823
29,1103.0803453958565,,,mixed C-H bending / exocyclic C-C stretching / N-H bending,tau(C7-C2-O3-C4),dihedral,3.760079757271703,-,-0.07541327006517197,0.3202918595636512
29,1103.0803453958565,,,mixed C-H bending / exocyclic C-C stretching / N-H bending,nu(C5-O6),bond,3.7323227185609893,+,0.07366300898649251,0.33321509590887466
29,1103.0803453958565,,,mixed C-H bending / exocyclic C-C stretching / N-H bending,nu(C7-O9),bond,3.439011527934546,+,0.0459365899163445,0.7895152384577152
29,1103.0803453958565,,,mixed C-H bending / exocyclic C-C stretching / N-H bending,delta(H11-C1-H12),angle,1.8535742773727106,+,0.06125744229421549,0.23929667529530443
29,1103.0803453958565,,,mixed C-H bending / exocyclic C-C stretching / N-H bending,delta(C2-C7-N8),angle,1.7954766660967083,-,-0.040645620145829425,0.5264979045723385
29,1103.0803453958565,,,mixed C-H bending / exocyclic C-C stretching / N-H bending,delta(O6-C5-H15),angle,1.5689384320762294,+,0.04704844172646187,0.34336798788252265
29,1103.0803453958565,,,mixed C-H bending / exocyclic C-C stretching / N-H bending,delta(C5-O6-H16),angle,1.5561696464664476,-,-0.06410650452883,0.18344130679358742
29,1103.0803453958565,,,mixed C-H bending / exocyclic C-C stretching / N-H bending,tau(H12-C1-C2-O3),dihedral,1.421032078328427,+,0.06428948550148746,0.16655910224267684
29,1103.0803453958565,,,mixed C-H bending / exocyclic C-C stretching / N-H bending,delta(O3-C4-C5),angle,1.0515441734888682,+,0.026279904383323335,0.73760584533266
29,1103.0803453958565,,,mixed C-H bending / exocyclic C-C stretching / N-H bending,tau(O3-C2-C7-N8),dihedral,1.050420758066138,+,0.07147847110999749,0.09959950414138982
29,1103.0803453958565,,,mixed C-H bending / exocyclic C-C stretching / N-H bending,nu(C1-C2),bond,0.9680813556791531,+,0.040219221229916904,0.28992718037655574
29,1103.0803453958565,,,mixed C-H bending / exocyclic C-C stretching / N-H bending,delta(O6-C5-H14),angle,0.9207624573469504,-,-0.033540097883624186,0.3965183969738679
29,1103.0803453958565,,,mixed C-H bending / exocyclic C-C stretching / N-H bending,tau(H10-C1-C2-C7),dihedral,0.8113452559259227,-,-0.04891786815235894,0.16425365664741987
29,1103.0803453958565,,,mixed C-H bending / exocyclic C-C stretching / N-H bending,delta(C4-C5-O6),angle,0.7831476241590751,+,0.029890839899386873,0.4246310893417379
29,1103.0803453958565,,,mixed C-H bending / exocyclic C-C stretching / N-H bending,delta(C5-C4-H13),angle,0.7021872267599553,-,-0.03416780888982159,0.29138222577639733
29,1103.0803453958565,,,mixed C-H bending / exocyclic C-C stretching / N-H bending,"gamma(H10;C1,H11,H12)",oop,0.46787981133823897,+,0.032056050601661265,0.22057620785762186
29,1103.0803453958565,,,mixed C-H bending / exocyclic C-C stretching / N-H bending,delta(N8-C7-O9),angle,0.46772909262505813,+,0.020977693643058726,0.5149004794564609
29,1103.0803453958565,,,mixed C-H bending / exocyclic C-C stretching / N-H bending,delta(C4-C5-H14),angle,0.3331013153515712,-,-0.021086223845560574,0.36293020366388096
29,1103.0803453958565,,,mixed C-H bending / exocyclic C-C stretching / N-H bending,delta(H17-N8-H18),angle,0.2384053628167849,-,-0.022784448259073015,0.2224761076628819
29,1103.0803453958565,,,mixed C-H bending / exocyclic C-C stretching / N-H bending,tau(C2-O3-C4-C5),dihedral,0.16676671557555514,-,-0.015577828407438274,0.3329200368533325
29,1103.0803453958565,,,mixed C-H bending / exocyclic C-C stretching / N-H bending,nu(C2-C7),bond,0.15060743444648458,+,0.016634772935757783,0.2636677700131217
29,1103.0803453958565,,,mixed C-H bending / exocyclic C-C stretching / N-H bending,delta(C1-C2-C4),angle,0.1331621240241737,+,0.01169176332401707,0.47191640306808397
29,1103.0803453958565,,,mixed C-H bending / exocyclic C-C stretching / N-H bending,"gamma(C2;C4,C5,H13)",oop,0.12809770330125345,+,0.011264915168733071,0.48902367153120335
29,1103.0803453958565,,,mixed C-H bending / exocyclic C-C stretching / N-H bending,tau(O3-C4-C5-H15),dihedral,0.07981973262087995,-,-0.046433905671321836,0.017934291688590415
29,1103.0803453958565,,,mixed C-H bending / exocyclic C-C stretching / N-H bending,tau(C1-C2-C4-H13),dihedral,0.07778592511904174,-,-0.010910743094865154,0.31654594256257856
29,1103.0803453958565,,,mixed C-H bending / exocyclic C-C stretching / N-H bending,tau(C2-C7-N8-H18),dihedral,0.07698738876783186,-,-0.03754769064869537,0.026454375718111652
29,1103.0803453958565,,,mixed C-H bending / exocyclic C-C stretching / N-H bending,nu(C2-C4),bond,0.05586335544856845,+,0.008589347827641316,0.3668183290081972
29,1103.0803453958565,,,mixed C-H bending / exocyclic C-C stretching / N-H bending,delta(H14-C5-H15),angle,0.05381429577623766,+,0.009313774680786644,0.3005319136675133
29,1103.0803453958565,,,mixed C-H bending / exocyclic C-C stretching / N-H bending,tau(O3-C2-C7-O9),dihedral,0.0364917432697989,+,0.012370333040993031,0.11552506365896313
29,1103.0803453958565,,,mixed C-H bending / exocyclic C-C stretching / N-H bending,nu(C5-H14),bond,0.027508661472223927,-,-0.006343448585448539,0.33117916004476916
29,1103.0803453958565,,,mixed C-H bending / exocyclic C-C stretching / N-H bending,nu(N8-H18),bond,0.025433585257932816,+,0.0050886288259974185,0.475828474339461
29,1103.0803453958565,,,mixed C-H bending / exocyclic C-C stretching / N-H bending,delta(O3-C2-C7),angle,0.020818099827381805,+,0.004464365324296091,0.506018068089154
29,1103.0803453958565,,,mixed C-H bending / exocyclic C-C stretching / N-H bending,nu(C1-H11),bond,0.0198360443488808,-,-0.0053451034953979635,0.3363467402870326
29,1103.0803453958565,,,mixed C-H bending / exocyclic C-C stretching / N-H bending,nu(C4-H13),bond,0.011803988775325618,-,-0.004093082616970562,0.34132818878264654
29,1103.0803453958565,,,mixed C-H bending / exocyclic C-C stretching / N-H bending,tau(O9-C7-N8-H17),dihedral,0.010764799392690566,+,0.012958675595610633,0.031054825617639323
29,1103.0803453958565,,,mixed C-H bending / exocyclic C-C stretching / N-H bending,nu(O6-H16),bond,0.007882000760900763,+,0.002715861765364521,0.5176849510111644
29,1103.0803453958565,,,mixed C-H bending / exocyclic C-C stretching / N-H bending,nu(C1-H10),bond,0.006432474503255816,+,0.0029956940417225648,0.3472382446251712
29,1103.0803453958565,,,mixed C-H bending / exocyclic C-C stretching / N-H bending,nu(N8-H17),bond,0.006227497542790771,-,-0.0025278904651434265,0.4721080993655485
29,1103.0803453958565,,,mixed C-H bending / exocyclic C-C stretching / N-H bending,delta(C2-C1-H12),angle,0.004747898136665484,-,-0.002749983440282923,0.3041484625700951
29,1103.0803453958565,,,mixed C-H bending / exocyclic C-C stretching / N-H bending,nu(C1-H12),bond,0.0005780996187212924,+,0.0009028744826581399,0.34355186841315943
29,1103.0803453958565,,,mixed C-H bending / exocyclic C-C stretching / N-H bending,nu(C5-H15),bond,0.00010912686574678727,-,-0.00039619952903690946,0.3367814495898813
29,1103.0803453958565,,,mixed C-H bending / exocyclic C-C stretching / N-H bending,tau(H15-C5-O6-H16),dihedral,8.910533662329668e-05,+,0.0016648667589434759,0.015573604478316995
29,1103.0803453958565,,,mixed C-H bending / exocyclic C-C stretching / N-H bending,nu(C2-O3),bond,2.459841292269299e-05,+,0.000176206956906112,0.38380035796927126
30,1115.1615423978474,,,mixed C-H bending / ring-site C-H out-of-plane bending,delta(C2-C1-H12),angle,30.494243099897414,-,-0.30185125201233065,0.3041484625700951
30,1115.1615423978474,,,mixed C-H bending / ring-site C-H out-of-plane bending,delta(C2-C1-H11),angle,24.51629355293878,+,0.2438187958872757,0.3747780774393608
30,1115.1615423978474,,,mixed C-H bending / ring-site C-H out-of-plane bending,tau(C1-C2-C4-H13),dihedral,9.600191908376855,+,0.16601542707938016,0.31654594256257856
30,1115.1615423978474,,,mixed C-H bending / ring-site C-H out-of-plane bending,nu(C2-O3),bond,7.597102563927607,+,0.13412142909274385,0.38380035796927126
30,1115.1615423978474,,,mixed C-H bending / ring-site C-H out-of-plane bending,"gamma(O3;C2,C1,C4)",oop,7.342371504923576,+,0.06295640735055573,1.6834887239813823
30,1115.1615423978474,,,mixed C-H bending / ring-site C-H out-of-plane bending,delta(O6-C5-H15),angle,3.0516833953103917,-,-0.0898704053984187,0.34336798788252265
30,1115.1615423978474,,,mixed C-H bending / ring-site C-H out-of-plane bending,tau(H10-C1-C2-C7),dihedral,2.6634999781369157,-,-0.12139357198578839,0.16425365664741987
30,1115.1615423978474,,,mixed C-H bending / ring-site C-H out-of-plane bending,delta(O3-C4-C5),angle,2.376136540482733,-,-0.054106617772411936,0.73760584533266
30,1115.1615423978474,,,mixed C-H bending / ring-site C-H out-of-plane bending,delta(O6-C5-H14),angle,1.4143239012365434,+,0.05693372964199698,0.3965183969738679
30,1115.1615423978474,,,mixed C-H bending / ring-site C-H out-of-plane bending,nu(C4-C5),bond,1.2445539204105371,+,0.06329313911101386,0.2823281460877687
30,1115.1615423978474,,,mixed C-H bending / ring-site C-H out-of-plane bending,delta(C5-O6-H16),angle,1.104297436381088,+,0.07396416000446487,0.18344130679358742
30,1115.1615423978474,,,mixed C-H bending / ring-site C-H out-of-plane bending,delta(C2-C7-N8),angle,1.028129229571257,+,0.04212621062331454,0.5264979045723385
30,1115.1615423978474,,,mixed C-H bending / ring-site C-H out-of-plane bending,tau(O3-C2-C7-N8),dihedral,0.8435358139062825,+,0.08773038598802248,0.09959950414138982
30,1115.1615423978474,,,mixed C-H bending / ring-site C-H out-of-plane bending,nu(C2-C4),bond,0.8025555315944336,-,-0.04459014630959923,0.3668183290081972
30,1115.1615423978474,,,mixed C-H bending / ring-site C-H out-of-plane bending,"gamma(C2;C4,C5,H13)",oop,0.6954888334399527,+,0.03595067135692122,0.48902367153120335
30,1115.1615423978474,,,mixed C-H bending / ring-site C-H out-of-plane bending,delta(O3-C2-C7),angle,0.6750319034156288,-,-0.034818174906615915,0.506018068089154
30,1115.1615423978474,,,mixed C-H bending / ring-site C-H out-of-plane bending,nu(C7-N8),bond,0.6633949545893252,-,-0.03661967199491664,0.44956966026774636
30,1115.1615423978474,,,mixed C-H bending / ring-site C-H out-of-plane bending,delta(C1-C2-C4),angle,0.654012677158783,+,0.03548848110040138,0.47191640306808397
30,1115.1615423978474,,,mixed C-H bending / ring-site C-H out-of-plane bending,tau(C7-C2-O3-C4),dihedral,0.5563358379220756,-,-0.03973035387765747,0.3202918595636512
30,1115.1615423978474,,,mixed C-H bending / ring-site C-H out-of-plane bending,delta(C4-C5-H14),angle,0.5125837638442409,+,0.03582595135488231,0.36293020366388096
30,1115.1615423978474,,,mixed C-H bending / ring-site C-H out-of-plane bending,nu(C2-C7),bond,0.29685606372092727,-,-0.031986837525280344,0.2636677700131217
30,1115.1615423978474,,,mixed C-H bending / ring-site C-H out-of-plane bending,nu(C5-O6),bond,0.2966495213301318,+,0.028443717523716223,0.33321509590887466
30,1115.1615423978474,,,mixed C-H bending / ring-site C-H out-of-plane bending,nu(C7-O9),bond,0.24793657223468635,-,-0.016893393692220496,0.7895152384577152
30,1115.1615423978474,,,mixed C-H bending / ring-site C-H out-of-plane bending,nu(C1-C2),bond,0.19910555362542823,+,0.024981820654359242,0.28992718037655574
30,1115.1615423978474,,,mixed C-H bending / ring-site C-H out-of-plane bending,delta(H17-N8-H18),angle,0.17853806303169667,+,0.027005398220517774,0.2224761076628819
30,1115.1615423978474,,,mixed C-H bending / ring-site C-H out-of-plane bending,tau(O3-C4-C5-H15),dihedral,0.1770102403479809,+,0.09470740709154282,0.017934291688590415
30,1115.1615423978474,,,mixed C-H bending / ring-site C-H out-of-plane bending,tau(O3-C2-C7-O9),dihedral,0.17669474725661485,+,0.037282117984827105,0.11552506365896313
30,1115.1615423978474,,,mixed C-H bending / ring-site C-H out-of-plane bending,delta(H11-C1-H12),angle,0.15149127897949735,-,-0.023985697320647176,0.23929667529530443
30,1115.1615423978474,,,mixed C-H bending / ring-site C-H out-of-plane bending,delta(C4-C5-O6),angle,0.09638304974341641,-,-0.014362211017856065,0.4246310893417379
30,1115.1615423978474,,,mixed C-H bending / ring-site C-H out-of-plane bending,delta(C7-N8-H18),angle,0.07797055325519009,+,0.017049507665594762,0.24375900097385186
30,1115.1615423978474,,,mixed C-H bending / ring-site C-H out-of-plane bending,nu(C1-H12),bond,0.05681587331572924,+,0.01225929656258814,0.34355186841315943
30,1115.1615423978474,,,mixed C-H bending / ring-site C-H out-of-plane bending,tau(H12-C1-C2-O3),dihedral,0.05553299854805448,+,0.01740677203347422,0.16655910224267684
30,1115.1615423978474,,,mixed C-H bending / ring-site C-H out-of-plane bending,tau(C2-C7-N8-H18),dihedral,0.054311721160573694,-,-0.04319414576582246,0.026454375718111652
30,1115.1615423978474,,,mixed C-H bending / ring-site C-H out-of-plane bending,nu(C1-H11),bond,0.03209040902045657,-,-0.009311526422936487,0.3363467402870326
30,1115.1615423978474,,,mixed C-H bending / ring-site C-H out-of-plane bending,"gamma(H10;C1,H11,H12)",oop,0.02218294999792599,-,-0.009559984371978206,0.22057620785762186
30,1115.1615423978474,,,mixed C-H bending / ring-site C-H out-of-plane bending,delta(C5-C4-H13),angle,0.012571226519513352,-,-0.006261583306734302,0.29138222577639733
30,1115.1615423978474,,,mixed C-H bending / ring-site C-H out-of-plane bending,tau(C2-O3-C4-C5),dihedral,0.006392210534958241,+,0.0041771727237566395,0.3329200368533325
30,1115.1615423978474,,,mixed C-H bending / ring-site C-H out-of-plane bending,delta(N8-C7-O9),angle,0.005165001968548597,+,0.003019259648266978,0.5149004794564609
30,1115.1615423978474,,,mixed C-H bending / ring-site C-H out-of-plane bending,tau(O9-C7-N8-H17),dihedral,0.005135424783417796,+,0.012258871821715762,0.031054825617639323
30,1115.1615423978474,,,mixed C-H bending / ring-site C-H out-of-plane bending,tau(H15-C5-O6-H16),dihedral,0.0046934189859238066,-,-0.016549198217899692,0.015573604478316995
30,1115.1615423978474,,,mixed C-H bending / ring-site C-H out-of-plane bending,nu(C1-H10),bond,0.0036522410117710083,-,-0.003091667663870901,0.3472382446251712
30,1115.1615423978474,,,mixed C-H bending / ring-site C-H out-of-plane bending,nu(C4-H13),bond,0.0032173453873586863,+,0.0029267769760461353,0.34132818878264654
30,1115.1615423978474,,,mixed C-H bending / ring-site C-H out-of-plane bending,delta(H14-C5-H15),angle,0.0011649096366623491,+,0.0018768418801990334,0.3005319136675133
30,1115.1615423978474,,,mixed C-H bending / ring-site C-H out-of-plane bending,nu(N8-H17),bond,0.0007833901447009092,+,0.0012279910215916977,0.4721080993655485
30,1115.1615423978474,,,mixed C-H bending / ring-site C-H out-of-plane bending,nu(C5-H15),bond,0.000612357413084567,+,0.001285450253079434,0.3367814495898813
30,1115.1615423978474,,,mixed C-H bending / ring-site C-H out-of-plane bending,nu(C5-H14),bond,0.0005574994128160185,-,-0.001236851534485268,0.33117916004476916
30,1115.1615423978474,,,mixed C-H bending / ring-site C-H out-of-plane bending,nu(N8-H18),bond,0.0005251606933933283,-,-0.0010014926309573576,0.475828474339461
30,1115.1615423978474,,,mixed C-H bending / ring-site C-H out-of-plane bending,nu(O6-H16),bond,0.00019387047511767956,-,-0.0005833778456988575,0.5176849510111644
31,1123.1113926485757,,,mixed C-C out-of-plane bending / ring-site C-H out-of-plane bending,"gamma(C2;C4,C5,H13)",oop,42.827116619262206,+,0.34829872866691264,0.48902367153120335
31,1123.1113926485757,,,mixed C-C out-of-plane bending / ring-site C-H out-of-plane bending,tau(C1-C2-C4-H13),dihedral,27.55024739459961,+,0.34721764577999714,0.31654594256257856
31,1123.1113926485757,,,mixed C-C out-of-plane bending / ring-site C-H out-of-plane bending,tau(C2-O3-C4-C5),dihedral,4.8061217317521665,-,-0.14141153239164736,0.3329200368533325
31,1123.1113926485757,,,mixed C-C out-of-plane bending / ring-site C-H out-of-plane bending,delta(C5-C4-H13),angle,3.7456624252693786,-,-0.13344128061412577,0.29138222577639733
31,1123.1113926485757,,,mixed C-C out-of-plane bending / ring-site C-H out-of-plane bending,delta(C1-C2-C4),angle,2.948917297582433,-,-0.09303710157251342,0.47191640306808397
31,1123.1113926485757,,,mixed C-C out-of-plane bending / ring-site C-H out-of-plane bending,delta(C4-C5-O6),angle,2.904428123927995,+,0.09733786920209163,0.4246310893417379
31,1123.1113926485757,,,mixed C-C out-of-plane bending / ring-site C-H out-of-plane bending,delta(C2-C1-H11),angle,2.3854713086800867,-,-0.09389823337304506,0.3747780774393608
31,1123.1113926485757,,,mixed C-C out-of-plane bending / ring-site C-H out-of-plane bending,delta(C4-C5-H14),angle,2.107839691169522,-,-0.0896942587320891,0.36293020366388096
31,1123.1113926485757,,,mixed C-C out-of-plane bending / ring-site C-H out-of-plane bending,nu(C4-C5),bond,2.0501201165373817,-,-0.10029285111653881,0.2823281460877687
31,1123.1113926485757,,,mixed C-C out-of-plane bending / ring-site C-H out-of-plane bending,delta(O6-C5-H14),angle,1.5474629439440806,-,-0.07352514172874744,0.3965183969738679
31,1123.1113926485757,,,mixed C-C out-of-plane bending / ring-site C-H out-of-plane bending,delta(C2-C1-H12),angle,0.8071013480645997,-,-0.06062875299129353,0.3041484625700951
31,1123.1113926485757,,,mixed C-C out-of-plane bending / ring-site C-H out-of-plane bending,nu(C5-O6),bond,0.8060226105517816,-,-0.05788535357736823,0.33321509590887466
31,1123.1113926485757,,,mixed C-C out-of-plane bending / ring-site C-H out-of-plane bending,nu(C1-C2),bond,0.627145913461398,+,0.05473904856988034,0.28992718037655574
31,1123.1113926485757,,,mixed C-C out-of-plane bending / ring-site C-H out-of-plane bending,tau(C7-C2-O3-C4),dihedral,0.6129914226579243,-,-0.05148866843684194,0.3202918595636512
31,1123.1113926485757,,,mixed C-C out-of-plane bending / ring-site C-H out-of-plane bending,delta(C7-N8-H18),angle,0.5845706932650314,-,-0.05763623466493749,0.24375900097385186
31,1123.1113926485757,,,mixed C-C out-of-plane bending / ring-site C-H out-of-plane bending,delta(H11-C1-H12),angle,0.5519918587302323,-,-0.0565269321659423,0.23929667529530443
31,1123.1113926485757,,,mixed C-C out-of-plane bending / ring-site C-H out-of-plane bending,nu(C2-C7),bond,0.5465602534384468,-,-0.053585577082544904,0.2636677700131217
31,1123.1113926485757,,,mixed C-C out-of-plane bending / ring-site C-H out-of-plane bending,nu(C2-C4),bond,0.47531216432362167,-,-0.04236638052403883,0.3668183290081972
31,1123.1113926485757,,,mixed C-C out-of-plane bending / ring-site C-H out-of-plane bending,delta(O3-C4-C5),angle,0.44682521015134824,+,0.02896770382532157,0.73760584533266
31,1123.1113926485757,,,mixed C-C out-of-plane bending / ring-site C-H out-of-plane bending,nu(C7-N8),bond,0.3054765063347981,-,-0.030679467854733897,0.44956966026774636
31,1123.1113926485757,,,mixed C-C out-of-plane bending / ring-site C-H out-of-plane bending,nu(C2-O3),bond,0.2910482993194063,+,0.03241061391434868,0.38380035796927126
31,1123.1113926485757,,,mixed C-C out-of-plane bending / ring-site C-H out-of-plane bending,delta(O6-C5-H15),angle,0.2775338542664058,+,0.03346073634516412,0.34336798788252265
31,1123.1113926485757,,,mixed C-C out-of-plane bending / ring-site C-H out-of-plane bending,tau(H12-C1-C2-O3),dihedral,0.2702239583103444,-,-0.04740620085096113,0.16655910224267684
31,1123.1113926485757,,,mixed C-C out-of-plane bending / ring-site C-H out-of-plane bending,delta(N8-C7-O9),angle,0.1168279372880716,+,0.01772838271255677,0.5149004794564609
31,1123.1113926485757,,,mixed C-C out-of-plane bending / ring-site C-H out-of-plane bending,delta(O3-C2-C7),angle,0.09684161164819717,+,0.01628191204247201,0.506018068089154
31,1123.1113926485757,,,mixed C-C out-of-plane bending / ring-site C-H out-of-plane bending,"gamma(H10;C1,H11,H12)",oop,0.09374727300868024,-,-0.024263720853221628,0.22057620785762186
31,1123.1113926485757,,,mixed C-C out-of-plane bending / ring-site C-H out-of-plane bending,delta(H17-N8-H18),angle,0.0554536619539879,+,0.018581502950305067,0.2224761076628819
31,1123.1113926485757,,,mixed C-C out-of-plane bending / ring-site C-H out-of-plane bending,tau(H15-C5-O6-H16),dihedral,0.05212881855121431,+,0.06809289250775492,0.015573604478316995
31,1123.1113926485757,,,mixed C-C out-of-plane bending / ring-site C-H out-of-plane bending,"gamma(O3;C2,C1,C4)",oop,0.02975768598260097,+,0.004948252862460562,1.6834887239813823
31,1123.1113926485757,,,mixed C-C out-of-plane bending / ring-site C-H out-of-plane bending,tau(H10-C1-C2-C7),dihedral,0.02393860909740041,+,0.014208536437713868,0.16425365664741987
31,1123.1113926485757,,,mixed C-C out-of-plane bending / ring-site C-H out-of-plane bending,delta(C2-C7-N8),angle,0.01987131596084352,-,-0.007230567804831995,0.5264979045723385
31,1123.1113926485757,,,mixed C-C out-of-plane bending / ring-site C-H out-of-plane bending,nu(C7-O9),bond,0.008868974728715206,-,-0.003944698932085114,0.7895152384577152
31,1123.1113926485757,,,mixed C-C out-of-plane bending / ring-site C-H out-of-plane bending,tau(O3-C2-C7-O9),dihedral,0.00731344674502926,-,-0.009364408609682259,0.11552506365896313
31,1123.1113926485757,,,mixed C-C out-of-plane bending / ring-site C-H out-of-plane bending,delta(H14-C5-H15),angle,0.005335159131561777,-,-0.004958905162384233,0.3005319136675133
31,1123.1113926485757,,,mixed C-C out-of-plane bending / ring-site C-H out-of-plane bending,tau(O3-C2-C7-N8),dihedral,0.004342872076340417,-,-0.007771723527308518,0.09959950414138982
31,1123.1113926485757,,,mixed C-C out-of-plane bending / ring-site C-H out-of-plane bending,nu(C4-H13),bond,0.004071776798884467,-,-0.004065025888549097,0.34132818878264654
31,1123.1113926485757,,,mixed C-C out-of-plane bending / ring-site C-H out-of-plane bending,nu(C1-H12),bond,0.0020006847892864114,+,0.0028402109009409474,0.34355186841315943
31,1123.1113926485757,,,mixed C-C out-of-plane bending / ring-site C-H out-of-plane bending,nu(C1-H10),bond,0.0011879145126854722,-,-0.0021768887261086434,0.3472382446251712
31,1123.1113926485757,,,mixed C-C out-of-plane bending / ring-site C-H out-of-plane bending,tau(O9-C7-N8-H17),dihedral,0.0007124440989222762,-,-0.005637262542461606,0.031054825617639323
31,1123.1113926485757,,,mixed C-C out-of-plane bending / ring-site C-H out-of-plane bending,nu(C1-H11),bond,0.0005482168732741269,+,0.0015025882895014996,0.3363467402870326
31,1123.1113926485757,,,mixed C-C out-of-plane bending / ring-site C-H out-of-plane bending,nu(N8-H17),bond,0.00038425284388796674,-,-0.0010618061387098739,0.4721080993655485
31,1123.1113926485757,,,mixed C-C out-of-plane bending / ring-site C-H out-of-plane bending,nu(C5-H15),bond,0.0001587497622110052,-,-0.000808053048324534,0.3367814495898813
31,1123.1113926485757,,,mixed C-C out-of-plane bending / ring-site C-H out-of-plane bending,tau(O3-C4-C5-H15),dihedral,0.0001543732229686394,+,0.0034530374090720635,0.017934291688590415
31,1123.1113926485757,,,mixed C-C out-of-plane bending / ring-site C-H out-of-plane bending,nu(O6-H16),bond,0.00011070625077981471,-,-0.0005442653840694398,0.5176849510111644
31,1123.1113926485757,,,mixed C-C out-of-plane bending / ring-site C-H out-of-plane bending,nu(C5-H14),bond,2.672633236851333e-05,+,0.00033434558635557493,0.33117916004476916
31,1123.1113926485757,,,mixed C-C out-of-plane bending / ring-site C-H out-of-plane bending,tau(C2-C7-N8-H18),dihedral,1.440263720790336e-05,-,-0.0008684196946925051,0.026454375718111652
31,1123.1113926485757,,,mixed C-C out-of-plane bending / ring-site C-H out-of-plane bending,delta(C5-O6-H16),angle,9.866308670324864e-06,-,-0.000272951945158455,0.18344130679358742
31,1123.1113926485757,,,mixed C-C out-of-plane bending / ring-site C-H out-of-plane bending,nu(N8-H18),bond,7.737960062126796e-07,-,-4.746193502493985e-05,0.475828474339461
32,1208.4395614588664,,,mixed C-H bending / ring-site C-H out-of-plane bending / C-C out-of-plane bending,tau(C1-C2-C4-H13),dihedral,16.454991958231293,+,0.2011420980574276,0.31654594256257856
32,1208.4395614588664,,,mixed C-H bending / ring-site C-H out-of-plane bending / C-C out-of-plane bending,"gamma(C2;C4,C5,H13)",oop,15.789147641650729,+,0.15852104116730664,0.48902367153120335
32,1208.4395614588664,,,mixed C-H bending / ring-site C-H out-of-plane bending / C-C out-of-plane bending,delta(C5-O6-H16),angle,9.269166013015436,+,0.19830984574330912,0.18344130679358742
32,1208.4395614588664,,,mixed C-H bending / ring-site C-H out-of-plane bending / C-C out-of-plane bending,nu(C1-C2),bond,9.05382755901936,-,-0.15589929725905396,0.28992718037655574
32,1208.4395614588664,,,mixed C-H bending / ring-site C-H out-of-plane bending / C-C out-of-plane bending,delta(O6-C5-H15),angle,8.220058018054674,-,-0.13649918359855095,0.34336798788252265
32,1208.4395614588664,,,mixed C-H bending / ring-site C-H out-of-plane bending / C-C out-of-plane bending,delta(C4-C5-H14),angle,5.271085531353067,-,-0.10631902608513638,0.36293020366388096
32,1208.4395614588664,,,mixed C-H bending / ring-site C-H out-of-plane bending / C-C out-of-plane bending,nu(C7-N8),bond,4.315532789573232,+,0.08643531663060872,0.44956966026774636
32,1208.4395614588664,,,mixed C-H bending / ring-site C-H out-of-plane bending / C-C out-of-plane bending,delta(O6-C5-H14),angle,4.257320448817826,+,0.09141322139680995,0.3965183969738679
32,1208.4395614588664,,,mixed C-H bending / ring-site C-H out-of-plane bending / C-C out-of-plane bending,delta(C7-N8-H18),angle,3.54088970776721,+,0.10632818076139966,0.24375900097385186
32,1208.4395614588664,,,mixed C-H bending / ring-site C-H out-of-plane bending / C-C out-of-plane bending,delta(C1-C2-C4),angle,3.3914800888218553,+,0.07478846395810003,0.47191640306808397
32,1208.4395614588664,,,mixed C-H bending / ring-site C-H out-of-plane bending / C-C out-of-plane bending,"gamma(O3;C2,C1,C4)",oop,2.7895740935617903,-,-0.03591173261993173,1.6834887239813823
32,1208.4395614588664,,,mixed C-H bending / ring-site C-H out-of-plane bending / C-C out-of-plane bending,delta(O3-C2-C7),angle,2.758794476906413,-,-0.06514021325825901,0.506018068089154
32,1208.4395614588664,,,mixed C-H bending / ring-site C-H out-of-plane bending / C-C out-of-plane bending,delta(H11-C1-H12),angle,2.1242345889679863,+,0.08311997806683932,0.23929667529530443
32,1208.4395614588664,,,mixed C-H bending / ring-site C-H out-of-plane bending / C-C out-of-plane bending,nu(C2-C7),bond,1.677657023626214,+,0.07037130110678173,0.2636677700131217
32,1208.4395614588664,,,mixed C-H bending / ring-site C-H out-of-plane bending / C-C out-of-plane bending,delta(N8-C7-O9),angle,1.4617085734412936,-,-0.04700469762107802,0.5149004794564609
32,1208.4395614588664,,,mixed C-H bending / ring-site C-H out-of-plane bending / C-C out-of-plane bending,delta(C5-C4-H13),angle,1.3389279701893684,+,0.05980253488022859,0.29138222577639733
32,1208.4395614588664,,,mixed C-H bending / ring-site C-H out-of-plane bending / C-C out-of-plane bending,delta(C2-C1-H12),angle,1.296970448597348,+,0.05760958435615946,0.3041484625700951
32,1208.4395614588664,,,mixed C-H bending / ring-site C-H out-of-plane bending / C-C out-of-plane bending,tau(C2-O3-C4-C5),dihedral,1.1188845844553494,+,0.05114405899340422,0.3329200368533325
32,1208.4395614588664,,,mixed C-H bending / ring-site C-H out-of-plane bending / C-C out-of-plane bending,nu(C5-O6),bond,1.0596774959052524,+,0.04975045256512001,0.33321509590887466
32,1208.4395614588664,,,mixed C-H bending / ring-site C-H out-of-plane bending / C-C out-of-plane bending,delta(C2-C1-H11),angle,0.8949658732255112,+,0.043111056130479435,0.3747780774393608
32,1208.4395614588664,,,mixed C-H bending / ring-site C-H out-of-plane bending / C-C out-of-plane bending,delta(O3-C4-C5),angle,0.775297881955556,+,0.02860188381251845,0.73760584533266
32,1208.4395614588664,,,mixed C-H bending / ring-site C-H out-of-plane bending / C-C out-of-plane bending,delta(C2-C7-N8),angle,0.6031981499762188,+,0.02986098924761565,0.5264979045723385
32,1208.4395614588664,,,mixed C-H bending / ring-site C-H out-of-plane bending / C-C out-of-plane bending,tau(C7-C2-O3-C4),dihedral,0.549010025162581,+,0.03652495598249585,0.3202918595636512
32,1208.4395614588664,,,mixed C-H bending / ring-site C-H out-of-plane bending / C-C out-of-plane bending,delta(H17-N8-H18),angle,0.3731603327030854,-,-0.03613088181676822,0.2224761076628819
32,1208.4395614588664,,,mixed C-H bending / ring-site C-H out-of-plane bending / C-C out-of-plane bending,tau(H12-C1-C2-O3),dihedral,0.2703461379964925,+,0.035542536124715716,0.16655910224267684
32,1208.4395614588664,,,mixed C-H bending / ring-site C-H out-of-plane bending / C-C out-of-plane bending,tau(O3-C4-C5-H15),dihedral,0.25193861431290426,+,0.10456293568872377,0.017934291688590415
32,1208.4395614588664,,,mixed C-H bending / ring-site C-H out-of-plane bending / C-C out-of-plane bending,tau(H15-C5-O6-H16),dihedral,0.2257594583349223,+,0.10621868513271705,0.015573604478316995
32,1208.4395614588664,,,mixed C-H bending / ring-site C-H out-of-plane bending / C-C out-of-plane bending,tau(O3-C2-C7-N8),dihedral,0.22404584847526182,-,-0.04184199435447883,0.09959950414138982
32,1208.4395614588664,,,mixed C-H bending / ring-site C-H out-of-plane bending / C-C out-of-plane bending,nu(C4-C5),bond,0.20009908597808096,-,-0.023486482489253516,0.2823281460877687
32,1208.4395614588664,,,mixed C-H bending / ring-site C-H out-of-plane bending / C-C out-of-plane bending,nu(C2-C4),bond,0.09728013863422148,-,-0.014366768393221058,0.3668183290081972
32,1208.4395614588664,,,mixed C-H bending / ring-site C-H out-of-plane bending / C-C out-of-plane bending,tau(O3-C2-C7-O9),dihedral,0.08692342161077317,-,-0.024199300505432907,0.11552506365896313
32,1208.4395614588664,,,mixed C-H bending / ring-site C-H out-of-plane bending / C-C out-of-plane bending,delta(C4-C5-O6),angle,0.06798559396231194,-,-0.011162849470330251,0.4246310893417379
32,1208.4395614588664,,,mixed C-H bending / ring-site C-H out-of-plane bending / C-C out-of-plane bending,nu(C2-O3),bond,0.04812638703713667,+,0.009878965213611602,0.38380035796927126
32,1208.4395614588664,,,mixed C-H bending / ring-site C-H out-of-plane bending / C-C out-of-plane bending,"gamma(H10;C1,H11,H12)",oop,0.04473601219835101,-,-0.012563823169460323,0.22057620785762186
32,1208.4395614588664,,,mixed C-H bending / ring-site C-H out-of-plane bending / C-C out-of-plane bending,nu(C4-H13),bond,0.03476152397280061,-,-0.008902989068121836,0.34132818878264654
32,1208.4395614588664,,,mixed C-H bending / ring-site C-H out-of-plane bending / C-C out-of-plane bending,delta(H14-C5-H15),angle,0.019878361396393263,-,-0.007174927331013602,0.3005319136675133
32,1208.4395614588664,,,mixed C-H bending / ring-site C-H out-of-plane bending / C-C out-of-plane bending,tau(C2-C7-N8-H18),dihedral,0.013069893079240088,+,0.01960919534477631,0.026454375718111652
32,1208.4395614588664,,,mixed C-H bending / ring-site C-H out-of-plane bending / C-C out-of-plane bending,nu(O6-H16),bond,0.01152772232727839,-,-0.004163048758950563,0.5176849510111644
32,1208.4395614588664,,,mixed C-H bending / ring-site C-H out-of-plane bending / C-C out-of-plane bending,nu(C1-H12),bond,0.0059787927595744235,-,-0.0036802990262939706,0.34355186841315943
32,1208.4395614588664,,,mixed C-H bending / ring-site C-H out-of-plane bending / C-C out-of-plane bending,nu(C1-H11),bond,0.005814962600240029,-,-0.0036681945865361483,0.3363467402870326
32,1208.4395614588664,,,mixed C-H bending / ring-site C-H out-of-plane bending / C-C out-of-plane bending,nu(C5-H15),bond,0.0031878791387751227,-,-0.0027142469415313325,0.3367814495898813
32,1208.4395614588664,,,mixed C-H bending / ring-site C-H out-of-plane bending / C-C out-of-plane bending,nu(N8-H17),bond,0.0011709932052022902,+,0.0013894053798991603,0.4721080993655485
32,1208.4395614588664,,,mixed C-H bending / ring-site C-H out-of-plane bending / C-C out-of-plane bending,nu(C5-H14),bond,0.000801264829752808,+,0.0013722367761322281,0.33117916004476916
32,1208.4395614588664,,,mixed C-H bending / ring-site C-H out-of-plane bending / C-C out-of-plane bending,tau(H10-C1-C2-C7),dihedral,0.00038347690883569615,+,0.0013479835731889237,0.16425365664741987
32,1208.4395614588664,,,mixed C-H bending / ring-site C-H out-of-plane bending / C-C out-of-plane bending,nu(C1-H10),bond,0.0002968398600652924,-,-0.0008156800628690442,0.3472382446251712
32,1208.4395614588664,,,mixed C-H bending / ring-site C-H out-of-plane bending / C-C out-of-plane bending,tau(O9-C7-N8-H17),dihedral,0.00016306593904225736,+,0.0020215737732129867,0.031054825617639323
32,1208.4395614588664,,,mixed C-H bending / ring-site C-H out-of-plane bending / C-C out-of-plane bending,nu(C7-O9),bond,0.00015608428784688618,-,-0.0003922580359194157,0.7895152384577152
32,1208.4395614588664,,,mixed C-H bending / ring-site C-H out-of-plane bending / C-C out-of-plane bending,nu(N8-H18),bond,7.166175842877952e-06,+,0.00010826573556145373,0.475828474339461
33,1230.5790627812328,,,mixed C-H bending / C-C out-of-plane bending,"gamma(C2;C4,C5,H13)",oop,24.213222653546822,+,0.2138284391981216,0.48902367153120335
33,1230.5790627812328,,,mixed C-H bending / C-C out-of-plane bending,delta(C4-C5-H14),angle,15.512717417432675,+,0.19867192213214163,0.36293020366388096
33,1230.5790627812328,,,mixed C-H bending / C-C out-of-plane bending,delta(C5-O6-H16),angle,12.603287761535075,-,-0.25188219395533834,0.18344130679358742
33,1230.5790627812328,,,mixed C-H bending / C-C out-of-plane bending,delta(O6-C5-H15),angle,6.896073686686858,+,0.13618370771104363,0.34336798788252265
33,1230.5790627812328,,,mixed C-H bending / C-C out-of-plane bending,tau(C1-C2-C4-H13),dihedral,6.718431226980865,+,0.13999730371315977,0.31654594256257856
33,1230.5790627812328,,,mixed C-H bending / C-C out-of-plane bending,delta(O6-C5-H14),angle,5.952830183358834,-,-0.11774275271623673,0.3965183969738679
33,1230.5790627812328,,,mixed C-H bending / C-C out-of-plane bending,delta(O3-C4-C5),angle,5.160424745014698,-,-0.08037753047302473,0.73760584533266
33,1230.5790627812328,,,mixed C-H bending / C-C out-of-plane bending,delta(C1-C2-C4),angle,3.5999615029835965,+,0.08393063344804096,0.47191640306808397
33,1230.5790627812328,,,mixed C-H bending / C-C out-of-plane bending,nu(C1-C2),bond,3.5448878552421883,-,-0.10625781798840551,0.28992718037655574
33,1230.5790627812328,,,mixed C-H bending / C-C out-of-plane bending,nu(C4-C5),bond,3.202799333929991,+,0.10235095179628091,0.2823281460877687
33,1230.5790627812328,,,mixed C-H bending / C-C out-of-plane bending,nu(C7-N8),bond,1.8723198025275356,+,0.06201483993006503,0.44956966026774636
33,1230.5790627812328,,,mixed C-H bending / C-C out-of-plane bending,tau(C7-C2-O3-C4),dihedral,1.851147977050677,+,0.07305529974704676,0.3202918595636512
33,1230.5790627812328,,,mixed C-H bending / C-C out-of-plane bending,delta(O3-C2-C7),angle,1.0254544289016967,-,-0.04325927927277036,0.506018068089154
33,1230.5790627812328,,,mixed C-H bending / C-C out-of-plane bending,delta(C7-N8-H18),angle,0.957675697799191,+,0.06023279437632899,0.24375900097385186
33,1230.5790627812328,,,mixed C-H bending / C-C out-of-plane bending,"gamma(H10;C1,H11,H12)",oop,0.7992874058493993,-,-0.05784638996899098,0.22057620785762186
33,1230.5790627812328,,,mixed C-H bending / C-C out-of-plane bending,delta(C5-C4-H13),angle,0.794899553717647,-,-0.050191330395606734,0.29138222577639733
33,1230.5790627812328,,,mixed C-H bending / C-C out-of-plane bending,delta(H11-C1-H12),angle,0.7363577523934065,+,0.05330650489818461,0.23929667529530443
33,1230.5790627812328,,,mixed C-H bending / C-C out-of-plane bending,nu(C2-C7),bond,0.6672074850924065,+,0.048339932642348746,0.2636677700131217
33,1230.5790627812328,,,mixed C-H bending / C-C out-of-plane bending,delta(N8-C7-O9),angle,0.5665802553699043,-,-0.03187668705839656,0.5149004794564609
33,1230.5790627812328,,,mixed C-H bending / C-C out-of-plane bending,tau(C2-O3-C4-C5),dihedral,0.4823013980582643,+,0.03657576366117448,0.3329200368533325
33,1230.5790627812328,,,mixed C-H bending / C-C out-of-plane bending,nu(C5-O6),bond,0.364694213257646,-,-0.03179114801150522,0.33321509590887466
33,1230.5790627812328,,,mixed C-H bending / C-C out-of-plane bending,nu(C2-C4),bond,0.36359805782963767,-,-0.03025445767282858,0.3668183290081972
33,1230.5790627812328,,,mixed C-H bending / C-C out-of-plane bending,delta(C2-C7-N8),angle,0.30192042515110157,+,0.023011876401964924,0.5264979045723385
33,1230.5790627812328,,,mixed C-H bending / C-C out-of-plane bending,tau(H15-C5-O6-H16),dihedral,0.2940166519880974,-,-0.13203695574862423,0.015573604478316995
33,1230.5790627812328,,,mixed C-H bending / C-C out-of-plane bending,delta(C2-C1-H11),angle,0.29220420308303396,+,0.026832445063585307,0.3747780774393608
33,1230.5790627812328,,,mixed C-H bending / C-C out-of-plane bending,delta(C4-C5-O6),angle,0.27526852808538954,+,0.024466761891018537,0.4246310893417379
33,1230.5790627812328,,,mixed C-H bending / C-C out-of-plane bending,nu(C2-O3),bond,0.23338927373869314,+,0.023696918103971846,0.38380035796927126
33,1230.5790627812328,,,mixed C-H bending / C-C out-of-plane bending,delta(H14-C5-H15),angle,0.1493609398225948,-,-0.021422854073894212,0.3005319136675133
33,1230.5790627812328,,,mixed C-H bending / C-C out-of-plane bending,tau(O3-C2-C7-N8),dihedral,0.11572478902728858,-,-0.03275583839476306,0.09959950414138982
33,1230.5790627812328,,,mixed C-H bending / C-C out-of-plane bending,delta(H17-N8-H18),angle,0.10935240473359586,-,-0.021304757203011053,0.2224761076628819
33,1230.5790627812328,,,mixed C-H bending / C-C out-of-plane bending,tau(H12-C1-C2-O3),dihedral,0.09742314707976799,+,0.02324079611226414,0.16655910224267684
33,1230.5790627812328,,,mixed C-H bending / C-C out-of-plane bending,tau(H10-C1-C2-C7),dihedral,0.08832139509681869,-,-0.02228330198693093,0.16425365664741987
33,1230.5790627812328,,,mixed C-H bending / C-C out-of-plane bending,tau(O3-C4-C5-H15),dihedral,0.07308849962390526,-,-0.06134603780797226,0.017934291688590415
33,1230.5790627812328,,,mixed C-H bending / C-C out-of-plane bending,nu(O6-H16),bond,0.021900261354710945,+,0.0062502298370488915,0.5176849510111644
33,1230.5790627812328,,,mixed C-H bending / C-C out-of-plane bending,nu(C5-H15),bond,0.010192855974860669,+,0.005286618506822124,0.3367814495898813
33,1230.5790627812328,,,mixed C-H bending / C-C out-of-plane bending,tau(C2-C7-N8-H18),dihedral,0.008994664604757096,+,0.017719352072014135,0.026454375718111652
33,1230.5790627812328,,,mixed C-H bending / C-C out-of-plane bending,delta(C2-C1-H12),angle,0.00874950040937384,-,-0.005154100993842147,0.3041484625700951
33,1230.5790627812328,,,mixed C-H bending / C-C out-of-plane bending,nu(C4-H13),bond,0.008445410553804005,+,0.004780005697730984,0.34132818878264654
33,1230.5790627812328,,,mixed C-H bending / C-C out-of-plane bending,tau(O3-C2-C7-O9),dihedral,0.007907564537830414,-,-0.007950370599573564,0.11552506365896313
33,1230.5790627812328,,,mixed C-H bending / C-C out-of-plane bending,"gamma(O3;C2,C1,C4)",oop,0.0074896738747446704,-,-0.002026891292263528,1.6834887239813823
33,1230.5790627812328,,,mixed C-H bending / C-C out-of-plane bending,nu(C1-H11),bond,0.004761603860834207,-,-0.0036156562012465555,0.3363467402870326
33,1230.5790627812328,,,mixed C-H bending / C-C out-of-plane bending,nu(C7-O9),bond,0.002575246054206181,+,0.001735534358746863,0.7895152384577152
33,1230.5790627812328,,,mixed C-H bending / C-C out-of-plane bending,nu(C1-H10),bond,0.0011074689291957049,-,-0.0017161534129769953,0.3472382446251712
33,1230.5790627812328,,,mixed C-H bending / C-C out-of-plane bending,nu(C1-H12),bond,0.0007659370990319005,-,-0.001434843400249933,0.34355186841315943
33,1230.5790627812328,,,mixed C-H bending / C-C out-of-plane bending,nu(N8-H17),bond,0.0007352627549090512,+,0.0011992360273601445,0.4721080993655485
33,1230.5790627812328,,,mixed C-H bending / C-C out-of-plane bending,nu(N8-H18),bond,8.75847085680355e-05,+,0.00041228073347809516,0.475828474339461
33,1230.5790627812328,,,mixed C-H bending / C-C out-of-plane bending,nu(C5-H14),bond,3.3826735450763547e-05,-,-0.00030711614826586515,0.33117916004476916
33,1230.5790627812328,,,mixed C-H bending / C-C out-of-plane bending,tau(O9-C7-N8-H17),dihedral,2.248655839261245e-05,-,-0.0008177132916733642,0.031054825617639323
34,1334.7982675013182,,,mixed C-H bending / ring-site C-H out-of-plane bending,delta(C5-C4-H13),angle,28.82820173782007,-,-0.3135113365304183,0.29138222577639733
34,1334.7982675013182,,,mixed C-H bending / ring-site C-H out-of-plane bending,tau(C1-C2-C4-H13),dihedral,16.98513850758551,-,-0.23088311449095228,0.31654594256257856
34,1334.7982675013182,,,mixed C-H bending / ring-site C-H out-of-plane bending,nu(C2-C4),bond,13.179555391268705,+,0.18892997503256492,0.3668183290081972
34,1334.7982675013182,,,mixed C-H bending / ring-site C-H out-of-plane bending,nu(C1-C2),bond,6.9464613585175226,-,-0.1542813205656831,0.28992718037655574
34,1334.7982675013182,,,mixed C-H bending / ring-site C-H out-of-plane bending,"gamma(C2;C4,C5,H13)",oop,6.695286241198417,-,-0.11662606829832911,0.48902367153120335
34,1334.7982675013182,,,mixed C-H bending / ring-site C-H out-of-plane bending,nu(C2-O3),bond,6.298639576221759,+,0.1276870026894558,0.38380035796927126
34,1334.7982675013182,,,mixed C-H bending / ring-site C-H out-of-plane bending,"gamma(H10;C1,H11,H12)",oop,4.27801086721112,-,-0.13880899507578978,0.22057620785762186
34,1334.7982675013182,,,mixed C-H bending / ring-site C-H out-of-plane bending,delta(C2-C1-H11),angle,2.76282852000158,-,-0.08557873787062191,0.3747780774393608
34,1334.7982675013182,,,mixed C-H bending / ring-site C-H out-of-plane bending,tau(C7-C2-O3-C4),dihedral,2.572886954587377,+,0.0893333053835263,0.3202918595636512
34,1334.7982675013182,,,mixed C-H bending / ring-site C-H out-of-plane bending,"gamma(O3;C2,C1,C4)",oop,1.949453374805403,-,-0.03391777241651685,1.6834887239813823
34,1334.7982675013182,,,mixed C-H bending / ring-site C-H out-of-plane bending,delta(O6-C5-H14),angle,1.8817050190987037,-,-0.06866257749423098,0.3965183969738679
34,1334.7982675013182,,,mixed C-H bending / ring-site C-H out-of-plane bending,tau(C2-O3-C4-C5),dihedral,1.1255771917449175,+,0.05795536915361711,0.3329200368533325
34,1334.7982675013182,,,mixed C-H bending / ring-site C-H out-of-plane bending,delta(O3-C2-C7),angle,1.083150542748887,-,-0.04611448895813488,0.506018068089154
34,1334.7982675013182,,,mixed C-H bending / ring-site C-H out-of-plane bending,delta(O6-C5-H15),angle,0.986012450515178,-,-0.05341181044842195,0.34336798788252265
34,1334.7982675013182,,,mixed C-H bending / ring-site C-H out-of-plane bending,delta(C2-C1-H12),angle,0.8850370400760985,-,-0.053766765641084756,0.3041484625700951
34,1334.7982675013182,,,mixed C-H bending / ring-site C-H out-of-plane bending,delta(C2-C7-N8),angle,0.8239026507212556,+,0.039428987772214964,0.5264979045723385
34,1334.7982675013182,,,mixed C-H bending / ring-site C-H out-of-plane bending,delta(C5-O6-H16),angle,0.718620036219632,+,0.06238455687019613,0.18344130679358742
34,1334.7982675013182,,,mixed C-H bending / ring-site C-H out-of-plane bending,tau(O3-C2-C7-N8),dihedral,0.688138142049724,-,-0.08284861040818722,0.09959950414138982
34,1334.7982675013182,,,mixed C-H bending / ring-site C-H out-of-plane bending,nu(C4-C5),bond,0.35291871236899974,-,-0.0352400289284856,0.2823281460877687
34,1334.7982675013182,,,mixed C-H bending / ring-site C-H out-of-plane bending,tau(H12-C1-C2-O3),dihedral,0.15665763064780117,-,-0.03056803997756409,0.16655910224267684
34,1334.7982675013182,,,mixed C-H bending / ring-site C-H out-of-plane bending,delta(C4-C5-H14),angle,0.15018577709916114,+,0.020275839661198797,0.36293020366388096
34,1334.7982675013182,,,mixed C-H bending / ring-site C-H out-of-plane bending,delta(H11-C1-H12),angle,0.10882429416016647,-,-0.02125546442221493,0.23929667529530443
34,1334.7982675013182,,,mixed C-H bending / ring-site C-H out-of-plane bending,tau(C2-C7-N8-H18),dihedral,0.07780977967481381,+,0.054056053474511236,0.026454375718111652
34,1334.7982675013182,,,mixed C-H bending / ring-site C-H out-of-plane bending,delta(H17-N8-H18),angle,0.07704990297243729,+,0.01854899399553457,0.2224761076628819
34,1334.7982675013182,,,mixed C-H bending / ring-site C-H out-of-plane bending,nu(C2-C7),bond,0.07673833139583996,-,-0.017004100148805146,0.2636677700131217
34,1334.7982675013182,,,mixed C-H bending / ring-site C-H out-of-plane bending,tau(H15-C5-O6-H16),dihedral,0.06641222664136298,+,0.06508867813688109,0.015573604478316995
34,1334.7982675013182,,,mixed C-H bending / ring-site C-H out-of-plane bending,nu(C4-H13),bond,0.06410733481507765,+,0.01365978250060702,0.34132818878264654
34,1334.7982675013182,,,mixed C-H bending / ring-site C-H out-of-plane bending,delta(H14-C5-H15),angle,0.05277792178190064,+,0.013208601736314989,0.3005319136675133
34,1334.7982675013182,,,mixed C-H bending / ring-site C-H out-of-plane bending,tau(O3-C2-C7-O9),dihedral,0.033279217965382794,-,-0.01691704284569897,0.11552506365896313
34,1334.7982675013182,,,mixed C-H bending / ring-site C-H out-of-plane bending,delta(C4-C5-O6),angle,0.03212807018668413,-,-0.008669866844218473,0.4246310893417379
34,1334.7982675013182,,,mixed C-H bending / ring-site C-H out-of-plane bending,nu(C1-H10),bond,0.020953438446553577,-,-0.0077426544192957135,0.3472382446251712
34,1334.7982675013182,,,mixed C-H bending / ring-site C-H out-of-plane bending,tau(H10-C1-C2-C7),dihedral,0.010608189986231526,+,0.008010121849697028,0.16425365664741987
34,1334.7982675013182,,,mixed C-H bending / ring-site C-H out-of-plane bending,tau(O9-C7-N8-H17),dihedral,0.006472040910962712,-,-0.014389048647958685,0.031054825617639323
34,1334.7982675013182,,,mixed C-H bending / ring-site C-H out-of-plane bending,nu(C7-N8),bond,0.006394303108707619,+,0.003759015475785821,0.44956966026774636
34,1334.7982675013182,,,mixed C-H bending / ring-site C-H out-of-plane bending,nu(C7-O9),bond,0.005708304227301418,-,-0.002680089507839719,0.7895152384577152
34,1334.7982675013182,,,mixed C-H bending / ring-site C-H out-of-plane bending,nu(C5-H14),bond,0.002592186932565631,-,-0.002788545015699389,0.33117916004476916
34,1334.7982675013182,,,mixed C-H bending / ring-site C-H out-of-plane bending,nu(C5-O6),bond,0.0025234887018088363,+,0.002742927631986003,0.33321509590887466
34,1334.7982675013182,,,mixed C-H bending / ring-site C-H out-of-plane bending,nu(O6-H16),bond,0.0022771767357339886,-,-0.002090458741077874,0.5176849510111644
34,1334.7982675013182,,,mixed C-H bending / ring-site C-H out-of-plane bending,delta(N8-C7-O9),angle,0.0020948010444288376,-,-0.002010415130761547,0.5149004794564609
34,1334.7982675013182,,,mixed C-H bending / ring-site C-H out-of-plane bending,nu(C1-H11),bond,0.0012656862143877144,+,0.0019335055134611662,0.3363467402870326
34,1334.7982675013182,,,mixed C-H bending / ring-site C-H out-of-plane bending,delta(C7-N8-H18),angle,0.0006030133781308244,+,0.0015676862326275535,0.24375900097385186
34,1334.7982675013182,,,mixed C-H bending / ring-site C-H out-of-plane bending,delta(O3-C4-C5),angle,0.00033572170720216237,+,0.0006724399977059692,0.73760584533266
34,1334.7982675013182,,,mixed C-H bending / ring-site C-H out-of-plane bending,delta(C1-C2-C4),angle,0.00029439873532307264,+,0.000787247762430028,0.47191640306808397
34,1334.7982675013182,,,mixed C-H bending / ring-site C-H out-of-plane bending,nu(C5-H15),bond,0.00022340107526875311,+,0.0008117915941372926,0.3367814495898813
34,1334.7982675013182,,,mixed C-H bending / ring-site C-H out-of-plane bending,nu(N8-H18),bond,6.0068936614861266e-05,-,-0.0003541406333395959,0.475828474339461
34,1334.7982675013182,,,mixed C-H bending / ring-site C-H out-of-plane bending,nu(C1-H12),bond,5.401758681717796e-05,-,-0.0003952277530453735,0.34355186841315943
34,1334.7982675013182,,,mixed C-H bending / ring-site C-H out-of-plane bending,tau(O3-C4-C5-H15),dihedral,2.627859539698719e-05,-,-0.0012065212102262367,0.017934291688590415
34,1334.7982675013182,,,mixed C-H bending / ring-site C-H out-of-plane bending,nu(N8-H17),bond,1.8681575069519032e-05,-,-0.000198272289052116,0.4721080993655485
35,1364.5776409678472,,,mixed C-H bending / O-H bending,delta(O6-C5-H14),angle,36.20846688938059,+,0.32398839722178663,0.3965183969738679
35,1364.5776409678472,,,mixed C-H bending / O-H bending,delta(C4-C5-H14),angle,13.51065099733046,-,-0.20686291561421377,0.36293020366388096
35,1364.5776409678472,,,mixed C-H bending / O-H bending,delta(C5-O6-H16),angle,8.076844859536807,-,-0.22497194481366795,0.18344130679358742
35,1364.5776409678472,,,mixed C-H bending / O-H bending,nu(C7-N8),bond,7.116764395525741,-,-0.13489593318812546,0.44956966026774636
35,1364.5776409678472,,,mixed C-H bending / O-H bending,delta(C7-N8-H18),angle,4.879804320609084,-,-0.15169697930584564,0.24375900097385186
35,1364.5776409678472,,,mixed C-H bending / O-H bending,nu(C1-C2),bond,4.184972367717939,-,-0.12881246507905858,0.28992718037655574
35,1364.5776409678472,,,mixed C-H bending / O-H bending,nu(C2-C4),bond,4.141418967229134,+,0.11392135186847491,0.3668183290081972
35,1364.5776409678472,,,mixed C-H bending / O-H bending,delta(N8-C7-O9),angle,3.767275432203969,+,0.09170818503035881,0.5149004794564609
35,1364.5776409678472,,,mixed C-H bending / O-H bending,nu(C2-C7),bond,3.4121273089518938,+,0.12196638454592656,0.2636677700131217
35,1364.5776409678472,,,mixed C-H bending / O-H bending,delta(H17-N8-H18),angle,2.750410061827511,+,0.1192101117667488,0.2224761076628819
35,1364.5776409678472,,,mixed C-H bending / O-H bending,delta(C5-C4-H13),angle,2.442890917465966,+,0.09816949776616804,0.29138222577639733
35,1364.5776409678472,,,mixed C-H bending / O-H bending,delta(O3-C2-C7),angle,2.0624701193674064,-,-0.06844896418534085,0.506018068089154
35,1364.5776409678472,,,mixed C-H bending / O-H bending,nu(C2-O3),bond,1.5693590921358362,+,0.06855900975306745,0.38380035796927126
35,1364.5776409678472,,,mixed C-H bending / O-H bending,"gamma(C2;C4,C5,H13)",oop,1.3898442285711803,+,0.057157626074447916,0.48902367153120335
35,1364.5776409678472,,,mixed C-H bending / O-H bending,tau(C1-C2-C4-H13),dihedral,1.372492333917761,+,0.07059804066019708,0.31654594256257856
35,1364.5776409678472,,,mixed C-H bending / O-H bending,"gamma(O3;C2,C1,C4)",oop,0.8183458669885658,-,-0.023638472030970848,1.6834887239813823
35,1364.5776409678472,,,mixed C-H bending / O-H bending,tau(C7-C2-O3-C4),dihedral,0.5027227952698157,+,0.042476370332903995,0.3202918595636512
35,1364.5776409678472,,,mixed C-H bending / O-H bending,nu(C5-O6),bond,0.2639886908027332,-,-0.030177717373166848,0.33321509590887466
35,1364.5776409678472,,,mixed C-H bending / O-H bending,tau(O3-C2-C7-N8),dihedral,0.24427516651650116,-,-0.053096651171687444,0.09959950414138982
35,1364.5776409678472,,,mixed C-H bending / O-H bending,"gamma(H10;C1,H11,H12)",oop,0.2270736752529765,+,0.034400132987281645,0.22057620785762186
35,1364.5776409678472,,,mixed C-H bending / O-H bending,delta(O3-C4-C5),angle,0.22564827490434203,-,-0.018752531079478017,0.73760584533266
35,1364.5776409678472,,,mixed C-H bending / O-H bending,tau(H10-C1-C2-C7),dihedral,0.21653811799913883,+,0.038928324834297846,0.16425365664741987
35,1364.5776409678472,,,mixed C-H bending / O-H bending,tau(C2-O3-C4-C5),dihedral,0.17925912155956178,+,0.024878645102273802,0.3329200368533325
35,1364.5776409678472,,,mixed C-H bending / O-H bending,delta(C2-C7-N8),angle,0.08797339338478552,+,0.01385904830728101,0.5264979045723385
35,1364.5776409678472,,,mixed C-H bending / O-H bending,tau(H15-C5-O6-H16),dihedral,0.07563229828263345,-,-0.07471626236429675,0.015573604478316995
35,1364.5776409678472,,,mixed C-H bending / O-H bending,delta(O6-C5-H15),angle,0.06107551114564445,-,-0.014299133252349445,0.34336798788252265
35,1364.5776409678472,,,mixed C-H bending / O-H bending,delta(C1-C2-C4),angle,0.033278735788314064,+,0.009003408044517904,0.47191640306808397
35,1364.5776409678472,,,mixed C-H bending / O-H bending,delta(C2-C1-H12),angle,0.028057490106925938,+,0.010297638846946473,0.3041484625700951
35,1364.5776409678472,,,mixed C-H bending / O-H bending,nu(O6-H16),bond,0.027229278320191796,+,0.007775733282145339,0.5176849510111644
35,1364.5776409678472,,,mixed C-H bending / O-H bending,delta(H14-C5-H15),angle,0.02688942134674629,+,0.010141483531812207,0.3005319136675133
35,1364.5776409678472,,,mixed C-H bending / O-H bending,tau(O3-C2-C7-O9),dihedral,0.025914837122088717,-,-0.01605802735815307,0.11552506365896313
35,1364.5776409678472,,,mixed C-H bending / O-H bending,tau(O3-C4-C5-H15),dihedral,0.020310044489800668,+,0.03608023710010889,0.017934291688590415
35,1364.5776409678472,,,mixed C-H bending / O-H bending,tau(C2-C7-N8-H18),dihedral,0.016380706451238732,+,0.026679249906202723,0.026454375718111652
35,1364.5776409678472,,,mixed C-H bending / O-H bending,nu(C5-H14),bond,0.011925894956768095,+,0.006433836936665325,0.33117916004476916
35,1364.5776409678472,,,mixed C-H bending / O-H bending,nu(C4-C5),bond,0.0050332939488730135,-,-0.004526943966587909,0.2823281460877687
35,1364.5776409678472,,,mixed C-H bending / O-H bending,nu(C7-O9),bond,0.004569134135438619,-,-0.002579245939181848,0.7895152384577152
35,1364.5776409678472,,,mixed C-H bending / O-H bending,delta(C2-C1-H11),angle,0.003750695916952793,+,0.0033917583144656084,0.3747780774393608
35,1364.5776409678472,,,mixed C-H bending / O-H bending,tau(H12-C1-C2-O3),dihedral,0.0024450316292924466,-,-0.004107845633225028,0.16655910224267684
35,1364.5776409678472,,,mixed C-H bending / O-H bending,nu(C5-H15),bond,0.0021274702492864034,-,-0.0026947205032721504,0.3367814495898813
35,1364.5776409678472,,,mixed C-H bending / O-H bending,nu(C4-H13),bond,0.0007714620171034339,-,-0.0016118597703332956,0.34132818878264654
35,1364.5776409678472,,,mixed C-H bending / O-H bending,nu(C1-H11),bond,0.0007471227985003469,+,0.001597932548281481,0.3363467402870326
35,1364.5776409678472,,,mixed C-H bending / O-H bending,delta(C4-C5-O6),angle,0.0005524351298282092,-,-0.00122289961987186,0.4246310893417379
35,1364.5776409678472,,,mixed C-H bending / O-H bending,delta(H11-C1-H12),angle,0.0005057333068335931,-,-0.0015586496482393926,0.23929667529530443
35,1364.5776409678472,,,mixed C-H bending / O-H bending,nu(N8-H17),bond,0.000419370000544041,-,-0.0010104946405731807,0.4721080993655485
35,1364.5776409678472,,,mixed C-H bending / O-H bending,tau(O9-C7-N8-H17),dihedral,0.0003756859132644736,-,-0.0037290994711699052,0.031054825617639323
35,1364.5776409678472,,,mixed C-H bending / O-H bending,nu(C1-H12),bond,0.00022969721893426954,-,-0.0008766732821938239,0.34355186841315943
35,1364.5776409678472,,,mixed C-H bending / O-H bending,nu(C1-H10),bond,0.00015810832392468917,-,-0.000723468541210973,0.3472382446251712
35,1364.5776409678472,,,mixed C-H bending / O-H bending,nu(N8-H18),bond,3.1469511639190906e-06,+,8.71918410668015e-05,0.475828474339461
36,1379.4837224567548,,,mixed C-H bending / C-N stretching,nu(C7-N8),bond,17.201533993728848,-,-0.2025961838318884,0.44956966026774636
36,1379.4837224567548,,,mixed C-H bending / C-N stretching,delta(O6-C5-H14),angle,17.067714049999278,-,-0.21488305863849788,0.3965183969738679
36,1379.4837224567548,,,mixed C-H bending / C-N stretching,nu(C2-C7),bond,14.666597633866537,+,0.2442768632849029,0.2636677700131217
36,1379.4837224567548,,,mixed C-H bending / C-N stretching,delta(C7-N8-H18),angle,10.26255787095111,-,-0.21251698594520607,0.24375900097385186
36,1379.4837224567548,,,mixed C-H bending / C-N stretching,delta(C4-C5-H14),angle,9.674543451548868,+,0.16910243156127872,0.36293020366388096
36,1379.4837224567548,,,mixed C-H bending / C-N stretching,delta(N8-C7-O9),angle,8.8692808428731,+,0.13593419643820837,0.5149004794564609
36,1379.4837224567548,,,mixed C-H bending / C-N stretching,delta(H17-N8-H18),angle,4.592445195364887,+,0.1488080656008513,0.2224761076628819
36,1379.4837224567548,,,mixed C-H bending / C-N stretching,delta(C5-O6-H16),angle,4.25667370511594,+,0.15777303556339217,0.18344130679358742
36,1379.4837224567548,,,mixed C-H bending / C-N stretching,delta(H11-C1-H12),angle,2.592123482875865,+,0.10779675308813448,0.23929667529530443
36,1379.4837224567548,,,mixed C-H bending / C-N stretching,delta(C1-C2-C4),angle,2.2411829036544275,+,0.07137601264917304,0.47191640306808397
36,1379.4837224567548,,,mixed C-H bending / C-N stretching,delta(O3-C2-C7),angle,2.1562306568012444,-,-0.06760997339387768,0.506018068089154
36,1379.4837224567548,,,mixed C-H bending / C-N stretching,nu(C2-C4),bond,1.6253104178899722,-,-0.0689427836149814,0.3668183290081972
36,1379.4837224567548,,,mixed C-H bending / C-N stretching,nu(C2-O3),bond,1.1924948370204822,-,-0.05773268220699171,0.38380035796927126
36,1379.4837224567548,,,mixed C-H bending / C-N stretching,"gamma(H10;C1,H11,H12)",oop,1.0815240135072544,-,-0.07252452936839651,0.22057620785762186
36,1379.4837224567548,,,mixed C-H bending / C-N stretching,tau(C2-O3-C4-C5),dihedral,0.8249574459886371,+,0.051557514820998226,0.3329200368533325
36,1379.4837224567548,,,mixed C-H bending / C-N stretching,delta(H14-C5-H15),angle,0.385768246541191,-,-0.037107706167013234,0.3005319136675133
36,1379.4837224567548,,,mixed C-H bending / C-N stretching,nu(C5-O6),bond,0.2596649284672069,+,0.02891282200751516,0.33321509590887466
36,1379.4837224567548,,,mixed C-H bending / C-N stretching,delta(C2-C7-N8),angle,0.14988662487195215,-,-0.017475486927997993,0.5264979045723385
36,1379.4837224567548,,,mixed C-H bending / C-N stretching,nu(C1-C2),bond,0.12772324172310046,-,-0.02173885517822451,0.28992718037655574
36,1379.4837224567548,,,mixed C-H bending / C-N stretching,delta(O3-C4-C5),angle,0.1247340636926513,+,0.013468726365159042,0.73760584533266
36,1379.4837224567548,,,mixed C-H bending / C-N stretching,tau(C7-C2-O3-C4),dihedral,0.10239387381603317,+,0.0185186875954301,0.3202918595636512
36,1379.4837224567548,,,mixed C-H bending / C-N stretching,tau(H10-C1-C2-C7),dihedral,0.07390263456226769,+,0.02196942073121208,0.16425365664741987
36,1379.4837224567548,,,mixed C-H bending / C-N stretching,tau(H12-C1-C2-O3),dihedral,0.07225020853465115,+,0.02157155912660502,0.16655910224267684
36,1379.4837224567548,,,mixed C-H bending / C-N stretching,delta(O6-C5-H15),angle,0.05745688490111034,+,0.013397917689869795,0.34336798788252265
36,1379.4837224567548,,,mixed C-H bending / C-N stretching,"gamma(O3;C2,C1,C4)",oop,0.053991722989704866,-,-0.005865494831959705,1.6834887239813823
36,1379.4837224567548,,,mixed C-H bending / C-N stretching,tau(H15-C5-O6-H16),dihedral,0.05204579123639478,+,0.05987484556102593,0.015573604478316995
36,1379.4837224567548,,,mixed C-H bending / C-N stretching,delta(C2-C1-H11),angle,0.0482643677097796,-,-0.011753640143064242,0.3747780774393608
36,1379.4837224567548,,,mixed C-H bending / C-N stretching,nu(C7-O9),bond,0.04041952371218197,+,0.007410738800571654,0.7895152384577152
36,1379.4837224567548,,,mixed C-H bending / C-N stretching,delta(C4-C5-O6),angle,0.03426310129633613,-,-0.00930365527157273,0.4246310893417379
36,1379.4837224567548,,,mixed C-H bending / C-N stretching,delta(C2-C1-H12),angle,0.02358496028363463,-,-0.009120547946952997,0.3041484625700951
36,1379.4837224567548,,,mixed C-H bending / C-N stretching,tau(O3-C4-C5-H15),dihedral,0.023497838238700726,-,-0.03749022175659532,0.017934291688590415
36,1379.4837224567548,,,mixed C-H bending / C-N stretching,tau(C1-C2-C4-H13),dihedral,0.021697043983659074,-,-0.00857488053178961,0.31654594256257856
36,1379.4837224567548,,,mixed C-H bending / C-N stretching,nu(O6-H16),bond,0.01634899804004754,-,-0.005820482256419942,0.5176849510111644
36,1379.4837224567548,,,mixed C-H bending / C-N stretching,delta(C5-C4-H13),angle,0.0040625392845625545,-,-0.0038673495500230475,0.29138222577639733
36,1379.4837224567548,,,mixed C-H bending / C-N stretching,nu(C5-H15),bond,0.0038367439255780076,+,0.0034958556782081346,0.3367814495898813
36,1379.4837224567548,,,mixed C-H bending / C-N stretching,nu(C1-H11),bond,0.003591484258548879,-,-0.003384461210698551,0.3363467402870326
36,1379.4837224567548,,,mixed C-H bending / C-N stretching,nu(C1-H10),bond,0.00357423836643673,+,0.0033229526202957814,0.3472382446251712
36,1379.4837224567548,,,mixed C-H bending / C-N stretching,nu(C1-H12),bond,0.0033354213006815334,-,-0.003227196133005961,0.34355186841315943
36,1379.4837224567548,,,mixed C-H bending / C-N stretching,nu(C5-H14),bond,0.0022631270541822097,-,-0.0027075041871231446,0.33117916004476916
36,1379.4837224567548,,,mixed C-H bending / C-N stretching,nu(N8-H17),bond,0.0020573417330011098,-,-0.00216211436012774,0.4721080993655485
36,1379.4837224567548,,,mixed C-H bending / C-N stretching,tau(C2-C7-N8-H18),dihedral,0.0017914093840931788,-,-0.008523046005969101,0.026454375718111652
36,1379.4837224567548,,,mixed C-H bending / C-N stretching,"gamma(C2;C4,C5,H13)",oop,0.0009375265752242188,-,-0.001434078819239006,0.48902367153120335
36,1379.4837224567548,,,mixed C-H bending / C-N stretching,tau(O3-C2-C7-N8),dihedral,0.0007177059151529998,+,0.0027802947752303786,0.09959950414138982
36,1379.4837224567548,,,mixed C-H bending / C-N stretching,nu(C4-C5),bond,0.00032142266961336023,+,0.0011051146410327411,0.2823281460877687
36,1379.4837224567548,,,mixed C-H bending / C-N stretching,tau(O3-C2-C7-O9),dihedral,0.00032139147648020227,+,0.0017275285682427492,0.11552506365896313
36,1379.4837224567548,,,mixed C-H bending / C-N stretching,nu(N8-H18),bond,9.36192694944736e-05,+,0.0004594133162888211,0.475828474339461
36,1379.4837224567548,,,mixed C-H bending / C-N stretching,nu(C4-H13),bond,2.049629860492458e-05,-,-0.0002538036190904571,0.34132818878264654
36,1379.4837224567548,,,mixed C-H bending / C-N stretching,tau(O9-C7-N8-H17),dihedral,1.097670130824015e-05,-,-0.0006157686080667461,0.031054825617639323
37,1410.9802475559159,,,mixed C-H bending / O-H bending,delta(O6-C5-H15),angle,56.835438397713915,-,-0.38528389759498816,0.34336798788252265
37,1410.9802475559159,,,mixed C-H bending / O-H bending,delta(C5-O6-H16),angle,21.42267656456743,-,-0.32362305328197694,0.18344130679358742
37,1410.9802475559159,,,mixed C-H bending / O-H bending,delta(C4-C5-H14),angle,4.034300713449534,+,0.09984440439305318,0.36293020366388096
37,1410.9802475559159,,,mixed C-H bending / O-H bending,nu(C2-C4),bond,3.8437676386799615,-,-0.09694026492248467,0.3668183290081972
37,1410.9802475559159,,,mixed C-H bending / O-H bending,delta(C5-C4-H13),angle,2.0622706139486042,-,-0.07966956608039553,0.29138222577639733
37,1410.9802475559159,,,mixed C-H bending / O-H bending,nu(C2-O3),bond,1.6536910347669598,-,-0.06216209626198175,0.38380035796927126
37,1410.9802475559159,,,mixed C-H bending / O-H bending,tau(C1-C2-C4-H13),dihedral,1.589893189357432,-,-0.06711456075300808,0.31654594256257856
37,1410.9802475559159,,,mixed C-H bending / O-H bending,delta(H11-C1-H12),angle,1.3045852914815397,+,0.06992284007239263,0.23929667529530443
37,1410.9802475559159,,,mixed C-H bending / O-H bending,tau(O3-C4-C5-H15),dihedral,1.1563380327508295,+,0.2404647623018009,0.017934291688590415
37,1410.9802475559159,,,mixed C-H bending / O-H bending,nu(C1-C2),bond,0.8556112294264849,+,0.05144520773569511,0.28992718037655574
37,1410.9802475559159,,,mixed C-H bending / O-H bending,delta(O6-C5-H14),angle,0.8549991758813411,-,-0.04397464381742614,0.3965183969738679
37,1410.9802475559159,,,mixed C-H bending / O-H bending,nu(C4-C5),bond,0.6839004217516966,-,-0.04660907680956277,0.2823281460877687
37,1410.9802475559159,,,mixed C-H bending / O-H bending,nu(C5-O6),bond,0.6457879330822772,+,0.041690181127804836,0.33321509590887466
37,1410.9802475559159,,,mixed C-H bending / O-H bending,delta(C4-C5-O6),angle,0.6410624680548144,+,0.03679556152927849,0.4246310893417379
37,1410.9802475559159,,,mixed C-H bending / O-H bending,"gamma(C2;C4,C5,H13)",oop,0.43325827383829435,-,-0.028187700271709734,0.48902367153120335
37,1410.9802475559159,,,mixed C-H bending / O-H bending,tau(H15-C5-O6-H16),dihedral,0.38215181044706004,+,0.14834555701428562,0.015573604478316995
37,1410.9802475559159,,,mixed C-H bending / O-H bending,nu(C2-C7),bond,0.28666119825759706,+,0.03122533354780331,0.2636677700131217
37,1410.9802475559159,,,mixed C-H bending / O-H bending,tau(H12-C1-C2-O3),dihedral,0.20265090136087258,+,0.03303248432093743,0.16655910224267684
37,1410.9802475559159,,,mixed C-H bending / O-H bending,delta(C1-C2-C4),angle,0.18445718839366035,+,0.018722610786180326,0.47191640306808397
37,1410.9802475559159,,,mixed C-H bending / O-H bending,tau(C7-C2-O3-C4),dihedral,0.15682213000124542,-,-0.020954720717660368,0.3202918595636512
37,1410.9802475559159,,,mixed C-H bending / O-H bending,delta(C2-C7-N8),angle,0.14326870971136446,-,-0.015621707598528791,0.5264979045723385
37,1410.9802475559159,,,mixed C-H bending / O-H bending,delta(H17-N8-H18),angle,0.12728006981423076,-,-0.022651119270102583,0.2224761076628819
37,1410.9802475559159,,,mixed C-H bending / O-H bending,delta(H14-C5-H15),angle,0.09737095813673702,-,-0.01704592513333085,0.3005319136675133
37,1410.9802475559159,,,mixed C-H bending / O-H bending,tau(O3-C2-C7-N8),dihedral,0.08070337432783498,+,0.026956804683827783,0.09959950414138982
37,1410.9802475559159,,,mixed C-H bending / O-H bending,delta(O3-C2-C7),angle,0.06758875112801385,+,0.010944737556876666,0.506018068089154
37,1410.9802475559159,,,mixed C-H bending / O-H bending,nu(O6-H16),bond,0.05056930887560208,+,0.009359699211914135,0.5176849510111644
37,1410.9802475559159,,,mixed C-H bending / O-H bending,nu(C5-H15),bond,0.049203224410365023,-,-0.011446530093483974,0.3367814495898813
37,1410.9802475559159,,,mixed C-H bending / O-H bending,nu(C7-N8),bond,0.039870307626093185,-,-0.008918204961248092,0.44956966026774636
37,1410.9802475559159,,,mixed C-H bending / O-H bending,tau(H10-C1-C2-C7),dihedral,0.022195192091558628,-,-0.011008371669396475,0.16425365664741987
37,1410.9802475559159,,,mixed C-H bending / O-H bending,"gamma(O3;C2,C1,C4)",oop,0.0207533138973646,+,0.003324985646362813,1.6834887239813823
37,1410.9802475559159,,,mixed C-H bending / O-H bending,delta(N8-C7-O9),angle,0.014627727208413897,+,0.005047518640759563,0.5149004794564609
37,1410.9802475559159,,,mixed C-H bending / O-H bending,delta(C7-N8-H18),angle,0.010543205225715311,+,0.006228122596299129,0.24375900097385186
37,1410.9802475559159,,,mixed C-H bending / O-H bending,"gamma(H10;C1,H11,H12)",oop,0.008568452798579327,+,0.005902323711532055,0.22057620785762186
37,1410.9802475559159,,,mixed C-H bending / O-H bending,tau(C2-C7-N8-H18),dihedral,0.007680765116097556,-,-0.0161363251631346,0.026454375718111652
37,1410.9802475559159,,,mixed C-H bending / O-H bending,tau(O3-C2-C7-O9),dihedral,0.005186641535131404,+,0.006345358470121272,0.11552506365896313
37,1410.9802475559159,,,mixed C-H bending / O-H bending,delta(C2-C1-H12),angle,0.004764731704511309,+,0.003748241511335237,0.3041484625700951
37,1410.9802475559159,,,mixed C-H bending / O-H bending,nu(C4-H13),bond,0.004701541550540717,-,-0.0035146753418676194,0.34132818878264654
37,1410.9802475559159,,,mixed C-H bending / O-H bending,nu(C5-H14),bond,0.004205594488781898,+,0.0033746858505351997,0.33117916004476916
37,1410.9802475559159,,,mixed C-H bending / O-H bending,tau(C2-O3-C4-C5),dihedral,0.003971763730468286,-,-0.0032709423445239365,0.3329200368533325
37,1410.9802475559159,,,mixed C-H bending / O-H bending,nu(C1-H11),bond,0.0026531388979987294,-,-0.0026597298980279593,0.3363467402870326
37,1410.9802475559159,,,mixed C-H bending / O-H bending,nu(C1-H10),bond,0.002389369818290087,+,0.0024841571373601856,0.3472382446251712
37,1410.9802475559159,,,mixed C-H bending / O-H bending,nu(C1-H12),bond,0.001057040094293886,-,-0.0016611189254473425,0.34355186841315943
37,1410.9802475559159,,,mixed C-H bending / O-H bending,nu(N8-H17),bond,0.0003654592455294514,-,-0.0008332012338134428,0.4721080993655485
37,1410.9802475559159,,,mixed C-H bending / O-H bending,delta(C2-C1-H11),angle,7.678105604766049e-05,+,0.00042863842882265177,0.3747780774393608
37,1410.9802475559159,,,mixed C-H bending / O-H bending,nu(C7-O9),bond,4.367104653514132e-05,-,-0.00022272434718461164,0.7895152384577152
37,1410.9802475559159,,,mixed C-H bending / O-H bending,nu(N8-H18),bond,2.0787973677878338e-05,+,0.00019793929483349684,0.475828474339461
37,1410.9802475559159,,,mixed C-H bending / O-H bending,delta(O3-C4-C5),angle,1.53410933351879e-05,+,0.000136573718626035,0.73760584533266
37,1410.9802475559159,,,mixed C-H bending / O-H bending,tau(O9-C7-N8-H17),dihedral,5.70185320524876e-07,+,0.0001283200800706254,0.031054825617639323
38,1419.8507350645332,,,mixed C-H out-of-plane bending / C-H bending,"gamma(H10;C1,H11,H12)",oop,54.34388615261025,-,-0.7214452791719782,0.22057620785762186
38,1419.8507350645332,,,mixed C-H out-of-plane bending / C-H bending,delta(C2-C1-H12),angle,16.48224245244901,-,-0.3383550941653844,0.3041484625700951
38,1419.8507350645332,,,mixed C-H out-of-plane bending / C-H bending,delta(C2-C1-H11),angle,12.63647555408496,-,-0.26689059774005214,0.3747780774393608
38,1419.8507350645332,,,mixed C-H out-of-plane bending / C-H bending,delta(H11-C1-H12),angle,9.89601902660603,+,0.29557609797024065,0.23929667529530443
38,1419.8507350645332,,,mixed C-H out-of-plane bending / C-H bending,nu(C1-C2),bond,3.5234484639144257,+,0.16023112389185196,0.28992718037655574
38,1419.8507350645332,,,mixed C-H out-of-plane bending / C-H bending,delta(C5-C4-H13),angle,0.654837880872502,+,0.06890373311711886,0.29138222577639733
38,1419.8507350645332,,,mixed C-H out-of-plane bending / C-H bending,tau(H10-C1-C2-C7),dihedral,0.5570986691186318,+,0.08464784774235694,0.16425365664741987
38,1419.8507350645332,,,mixed C-H out-of-plane bending / C-H bending,delta(O6-C5-H14),angle,0.5161260533712567,+,0.052438903659351624,0.3965183969738679
38,1419.8507350645332,,,mixed C-H out-of-plane bending / C-H bending,nu(C2-C7),bond,0.2654456657909579,-,-0.04611759799690058,0.2636677700131217
38,1419.8507350645332,,,mixed C-H out-of-plane bending / C-H bending,delta(C1-C2-C4),angle,0.15225991004975253,-,-0.026107640930150357,0.47191640306808397
38,1419.8507350645332,,,mixed C-H out-of-plane bending / C-H bending,delta(H14-C5-H15),angle,0.1417287461378086,-,-0.03156392895365549,0.3005319136675133
38,1419.8507350645332,,,mixed C-H out-of-plane bending / C-H bending,tau(C1-C2-C4-H13),dihedral,0.0881110782148626,+,0.024249582472653065,0.31654594256257856
38,1419.8507350645332,,,mixed C-H out-of-plane bending / C-H bending,delta(C4-C5-H14),angle,0.08694431161977956,-,-0.02249657550292551,0.36293020366388096
38,1419.8507350645332,,,mixed C-H out-of-plane bending / C-H bending,tau(C7-C2-O3-C4),dihedral,0.08516937890019834,-,-0.02370151858608988,0.3202918595636512
38,1419.8507350645332,,,mixed C-H out-of-plane bending / C-H bending,tau(H12-C1-C2-O3),dihedral,0.0767462206741504,-,-0.031199791837986494,0.16655910224267684
38,1419.8507350645332,,,mixed C-H out-of-plane bending / C-H bending,delta(O3-C2-C7),angle,0.07427742124904944,+,0.017609733346167552,0.506018068089154
38,1419.8507350645332,,,mixed C-H out-of-plane bending / C-H bending,nu(C7-O9),bond,0.059695748151163665,+,0.012638595791483662,0.7895152384577152
38,1419.8507350645332,,,mixed C-H out-of-plane bending / C-H bending,tau(C2-O3-C4-C5),dihedral,0.053999201608980196,-,-0.018511051344103375,0.3329200368533325
38,1419.8507350645332,,,mixed C-H out-of-plane bending / C-H bending,delta(N8-C7-O9),angle,0.04198088623693733,-,-0.013124160600618849,0.5149004794564609
38,1419.8507350645332,,,mixed C-H out-of-plane bending / C-H bending,delta(C5-O6-H16),angle,0.040174096878215784,-,-0.021509577335589215,0.18344130679358742
38,1419.8507350645332,,,mixed C-H out-of-plane bending / C-H bending,nu(C4-C5),bond,0.03492762964811873,-,-0.01616645700546217,0.2823281460877687
38,1419.8507350645332,,,mixed C-H out-of-plane bending / C-H bending,delta(C7-N8-H18),angle,0.03017342666902516,+,0.01617109280120082,0.24375900097385186
38,1419.8507350645332,,,mixed C-H out-of-plane bending / C-H bending,delta(O6-C5-H15),angle,0.029041140310915068,+,0.013367011258838924,0.34336798788252265
38,1419.8507350645332,,,mixed C-H out-of-plane bending / C-H bending,"gamma(O3;C2,C1,C4)",oop,0.025190266272050066,+,0.005622360080309412,1.6834887239813823
38,1419.8507350645332,,,mixed C-H out-of-plane bending / C-H bending,nu(C1-H10),bond,0.022898771069117908,-,-0.0118031980579729,0.3472382446251712
38,1419.8507350645332,,,mixed C-H out-of-plane bending / C-H bending,nu(C7-N8),bond,0.0188221102665749,+,0.009404658765099879,0.44956966026774636
38,1419.8507350645332,,,mixed C-H out-of-plane bending / C-H bending,tau(O3-C2-C7-N8),dihedral,0.011282889945667281,+,0.015469952169672513,0.09959950414138982
38,1419.8507350645332,,,mixed C-H out-of-plane bending / C-H bending,"gamma(C2;C4,C5,H13)",oop,0.009486870385081775,-,-0.006401826879488635,0.48902367153120335
38,1419.8507350645332,,,mixed C-H out-of-plane bending / C-H bending,delta(H17-N8-H18),angle,0.00891838542080769,-,-0.00920256328572746,0.2224761076628819
38,1419.8507350645332,,,mixed C-H out-of-plane bending / C-H bending,nu(C1-H11),bond,0.008756744014457021,-,-0.007416262590337731,0.3363467402870326
38,1419.8507350645332,,,mixed C-H out-of-plane bending / C-H bending,nu(C1-H12),bond,0.008517722059300103,-,-0.007237239718322854,0.34355186841315943
38,1419.8507350645332,,,mixed C-H out-of-plane bending / C-H bending,nu(C2-C4),bond,0.006972525223856482,+,0.006336900908424932,0.3668183290081972
38,1419.8507350645332,,,mixed C-H out-of-plane bending / C-H bending,tau(O3-C4-C5-H15),dihedral,0.0020617848280704795,-,-0.015584287027306682,0.017934291688590415
38,1419.8507350645332,,,mixed C-H out-of-plane bending / C-H bending,delta(O3-C4-C5),angle,0.0016465903172898256,+,0.0021716407719890194,0.73760584533266
38,1419.8507350645332,,,mixed C-H out-of-plane bending / C-H bending,tau(C2-C7-N8-H18),dihedral,0.000972013871164919,-,-0.00881038436899107,0.026454375718111652
38,1419.8507350645332,,,mixed C-H out-of-plane bending / C-H bending,nu(C4-H13),bond,0.0006741122037697191,-,-0.0020426191523212215,0.34132818878264654
38,1419.8507350645332,,,mixed C-H out-of-plane bending / C-H bending,nu(C5-H14),bond,0.0006315305681712621,+,0.002007118764933374,0.33117916004476916
38,1419.8507350645332,,,mixed C-H out-of-plane bending / C-H bending,nu(C5-O6),bond,0.0006015384000583444,-,-0.0019528852582620852,0.33321509590887466
38,1419.8507350645332,,,mixed C-H out-of-plane bending / C-H bending,tau(O3-C2-C7-O9),dihedral,0.0005740413485339856,+,0.003239969059140984,0.11552506365896313
38,1419.8507350645332,,,mixed C-H out-of-plane bending / C-H bending,nu(C2-O3),bond,0.0004272469258342374,+,0.0015335366816328574,0.38380035796927126
38,1419.8507350645332,,,mixed C-H out-of-plane bending / C-H bending,delta(C2-C7-N8),angle,0.00031058663315575163,+,0.0011163501626406764,0.5264979045723385
38,1419.8507350645332,,,mixed C-H out-of-plane bending / C-H bending,nu(O6-H16),bond,0.00021664522634413894,+,0.0009402626282184388,0.5176849510111644
38,1419.8507350645332,,,mixed C-H out-of-plane bending / C-H bending,nu(N8-H17),bond,0.00011817540019501179,+,0.0007271938517131764,0.4721080993655485
38,1419.8507350645332,,,mixed C-H out-of-plane bending / C-H bending,tau(H15-C5-O6-H16),dihedral,4.867433859823649e-05,+,0.002569584134662109,0.015573604478316995
38,1419.8507350645332,,,mixed C-H out-of-plane bending / C-H bending,tau(O9-C7-N8-H17),dihedral,2.603513740753357e-05,+,0.0013308305833837524,0.031054825617639323
38,1419.8507350645332,,,mixed C-H out-of-plane bending / C-H bending,delta(C4-C5-O6),angle,2.585178931691157e-05,+,0.0003586301460848495,0.4246310893417379
38,1419.8507350645332,,,mixed C-H out-of-plane bending / C-H bending,nu(C5-H15),bond,8.823781308792208e-06,-,-0.00023526681333945325,0.3367814495898813
38,1419.8507350645332,,,mixed C-H out-of-plane bending / C-H bending,nu(N8-H18),bond,9.494069115701748e-07,+,6.492446265584105e-05,0.475828474339461
39,1464.6840244888997,,,mixed C-H bending / cyclic C-C stretching,delta(H11-C1-H12),angle,19.10159237575334,-,-0.3403155697963687,0.23929667529530443
39,1464.6840244888997,,,mixed C-H bending / cyclic C-C stretching,delta(C5-C4-H13),angle,18.05277287893239,+,0.2998166834868363,0.29138222577639733
39,1464.6840244888997,,,mixed C-H bending / cyclic C-C stretching,delta(C4-C5-H14),angle,16.86141428342482,+,0.259627569753149,0.36293020366388096
39,1464.6840244888997,,,mixed C-H bending / cyclic C-C stretching,nu(C2-C4),bond,9.61278458070775,+,0.19499095025165677,0.3668183290081972
39,1464.6840244888997,,,mixed C-H bending / cyclic C-C stretching,nu(C4-C5),bond,6.659297850861349,-,-0.18499180787586172,0.2823281460877687
39,1464.6840244888997,,,mixed C-H bending / cyclic C-C stretching,delta(O6-C5-H14),angle,5.568424970285975,-,-0.14274137636574477,0.3965183969738679
39,1464.6840244888997,,,mixed C-H bending / cyclic C-C stretching,tau(C1-C2-C4-H13),dihedral,4.993357011176871,+,0.15128410427567715,0.31654594256257856
39,1464.6840244888997,,,mixed C-H bending / cyclic C-C stretching,delta(H14-C5-H15),angle,4.949002843597125,-,-0.15457132084777667,0.3005319136675133
39,1464.6840244888997,,,mixed C-H bending / cyclic C-C stretching,tau(H12-C1-C2-O3),dihedral,4.188041855598675,-,-0.1910014595053643,0.16655910224267684
39,1464.6840244888997,,,mixed C-H bending / cyclic C-C stretching,nu(C2-O3),bond,2.005886086485652,+,0.08707947661012229,0.38380035796927126
39,1464.6840244888997,,,mixed C-H bending / cyclic C-C stretching,delta(O6-C5-H15),angle,1.61996279775198,-,-0.0827347547010404,0.34336798788252265
39,1464.6840244888997,,,mixed C-H bending / cyclic C-C stretching,"gamma(H10;C1,H11,H12)",oop,1.4533320928632214,-,-0.09777289254966934,0.22057620785762186
39,1464.6840244888997,,,mixed C-H bending / cyclic C-C stretching,nu(C1-C2),bond,0.8256459251211824,-,-0.06427880877595712,0.28992718037655574
39,1464.6840244888997,,,mixed C-H bending / cyclic C-C stretching,delta(C1-C2-C4),angle,0.7851133729703517,-,-0.04913025471420875,0.47191640306808397
39,1464.6840244888997,,,mixed C-H bending / cyclic C-C stretching,delta(C2-C1-H11),angle,0.6530823375354502,+,0.050281965365889573,0.3747780774393608
39,1464.6840244888997,,,mixed C-H bending / cyclic C-C stretching,nu(C5-O6),bond,0.45794844054304173,+,0.0446540981726832,0.33321509590887466
39,1464.6840244888997,,,mixed C-H bending / cyclic C-C stretching,nu(C2-C7),bond,0.3993004728953545,-,-0.04687451141596894,0.2636677700131217
39,1464.6840244888997,,,mixed C-H bending / cyclic C-C stretching,tau(H10-C1-C2-C7),dihedral,0.37048999261222887,+,0.057206592818742096,0.16425365664741987
39,1464.6840244888997,,,mixed C-H bending / cyclic C-C stretching,delta(C5-O6-H16),angle,0.24882443503334747,-,-0.04436222399645509,0.18344130679358742
39,1464.6840244888997,,,mixed C-H bending / cyclic C-C stretching,tau(C2-O3-C4-C5),dihedral,0.24403395485054824,+,0.032611481362715335,0.3329200368533325
39,1464.6840244888997,,,mixed C-H bending / cyclic C-C stretching,delta(C2-C7-N8),angle,0.14548834533722707,+,0.020023092035118466,0.5264979045723385
39,1464.6840244888997,,,mixed C-H bending / cyclic C-C stretching,"gamma(C2;C4,C5,H13)",oop,0.11885311425263931,+,0.018778275514952977,0.48902367153120335
39,1464.6840244888997,,,mixed C-H bending / cyclic C-C stretching,tau(H15-C5-O6-H16),dihedral,0.11400816848180165,+,0.10305967744246754,0.015573604478316995
39,1464.6840244888997,,,mixed C-H bending / cyclic C-C stretching,delta(H17-N8-H18),angle,0.11118605055554005,+,0.02692767319589029,0.2224761076628819
39,1464.6840244888997,,,mixed C-H bending / cyclic C-C stretching,"gamma(O3;C2,C1,C4)",oop,0.08698164739328619,-,-0.008658129419888866,1.6834887239813823
39,1464.6840244888997,,,mixed C-H bending / cyclic C-C stretching,delta(O3-C2-C7),angle,0.07323196544084715,-,-0.014490477529838295,0.506018068089154
39,1464.6840244888997,,,mixed C-H bending / cyclic C-C stretching,delta(C2-C1-H12),angle,0.07101545958321542,+,0.018405558617999397,0.3041484625700951
39,1464.6840244888997,,,mixed C-H bending / cyclic C-C stretching,tau(O3-C2-C7-N8),dihedral,0.06724727533256496,-,-0.03129854315268396,0.09959950414138982
39,1464.6840244888997,,,mixed C-H bending / cyclic C-C stretching,nu(C7-N8),bond,0.030876815420758014,+,0.00998235747701417,0.44956966026774636
39,1464.6840244888997,,,mixed C-H bending / cyclic C-C stretching,nu(C1-H11),bond,0.02459582788428603,+,0.010300361713763131,0.3363467402870326
39,1464.6840244888997,,,mixed C-H bending / cyclic C-C stretching,nu(C1-H10),bond,0.022432372167433108,-,-0.009681422862840652,0.3472382446251712
39,1464.6840244888997,,,mixed C-H bending / cyclic C-C stretching,nu(C4-H13),bond,0.017610453096922354,-,-0.008651960971720619,0.34132818878264654
39,1464.6840244888997,,,mixed C-H bending / cyclic C-C stretching,tau(O3-C2-C7-O9),dihedral,0.010839369829764318,-,-0.011667539334789626,0.11552506365896313
39,1464.6840244888997,,,mixed C-H bending / cyclic C-C stretching,delta(N8-C7-O9),angle,0.010102771348924938,-,-0.005335485925996262,0.5149004794564609
39,1464.6840244888997,,,mixed C-H bending / cyclic C-C stretching,delta(O3-C4-C5),angle,0.009903438679213663,+,0.004413632799262796,0.73760584533266
39,1464.6840244888997,,,mixed C-H bending / cyclic C-C stretching,delta(C7-N8-H18),angle,0.007692467592867313,-,-0.006766558982498411,0.24375900097385186
39,1464.6840244888997,,,mixed C-H bending / cyclic C-C stretching,nu(C1-H12),bond,0.006153805973982221,+,0.005097897591393074,0.34355186841315943
39,1464.6840244888997,,,mixed C-H bending / cyclic C-C stretching,tau(C2-C7-N8-H18),dihedral,0.005873317332831684,+,0.017947680893729976,0.026454375718111652
39,1464.6840244888997,,,mixed C-H bending / cyclic C-C stretching,tau(C7-C2-O3-C4),dihedral,0.0056723134144520924,+,0.005069002715597074,0.3202918595636512
39,1464.6840244888997,,,mixed C-H bending / cyclic C-C stretching,nu(C7-O9),bond,0.0029880096207630497,-,-0.0023432903398908187,0.7895152384577152
39,1464.6840244888997,,,mixed C-H bending / cyclic C-C stretching,tau(O3-C4-C5-H15),dihedral,0.002372415003387372,-,-0.013853789396575477,0.017934291688590415
39,1464.6840244888997,,,mixed C-H bending / cyclic C-C stretching,delta(C4-C5-O6),angle,0.0020967879989897188,+,0.0026766200818369736,0.4246310893417379
39,1464.6840244888997,,,mixed C-H bending / cyclic C-C stretching,nu(C5-H14),bond,0.0007857042291097857,-,-0.001855296862024197,0.33117916004476916
39,1464.6840244888997,,,mixed C-H bending / cyclic C-C stretching,tau(O9-C7-N8-H17),dihedral,0.0005427237289832419,+,0.005035472429954103,0.031054825617639323
39,1464.6840244888997,,,mixed C-H bending / cyclic C-C stretching,nu(N8-H17),bond,0.0004632344745856559,+,0.0011931500825101246,0.4721080993655485
39,1464.6840244888997,,,mixed C-H bending / cyclic C-C stretching,nu(O6-H16),bond,0.00038850433979363715,+,0.0010434713559753696,0.5176849510111644
39,1464.6840244888997,,,mixed C-H bending / cyclic C-C stretching,nu(C5-H15),bond,0.00028781369907024737,+,0.0011135174171138414,0.3367814495898813
39,1464.6840244888997,,,mixed C-H bending / cyclic C-C stretching,nu(N8-H18),bond,1.268786133895845e-06,+,6.219913757518232e-05,0.475828474339461
40,1488.9855170985215,,,mixed C-H bending / C-C torsion,tau(H10-C1-C2-C7),dihedral,23.463049256819446,+,0.3437884014383387,0.16425365664741987
40,1488.9855170985215,,,mixed C-H bending / C-C torsion,delta(C2-C1-H11),angle,22.751860102674566,+,0.22411859055148264,0.3747780774393608
40,1488.9855170985215,,,mixed C-H bending / C-C torsion,delta(H14-C5-H15),angle,12.799624024620591,-,-0.18771968890675805,0.3005319136675133
40,1488.9855170985215,,,mixed C-H bending / C-C torsion,tau(H12-C1-C2-O3),dihedral,10.31513303737321,-,-0.22636524535593036,0.16655910224267684
40,1488.9855170985215,,,mixed C-H bending / C-C torsion,delta(H11-C1-H12),angle,6.743713181950066,-,-0.1526995407430731,0.23929667529530443
40,1488.9855170985215,,,mixed C-H bending / C-C torsion,delta(C5-C4-H13),angle,6.045239308905245,-,-0.13101823313279276,0.29138222577639733
40,1488.9855170985215,,,mixed C-H bending / C-C torsion,nu(C2-C4),bond,4.927484220014538,-,-0.10542500365786596,0.3668183290081972
40,1488.9855170985215,,,mixed C-H bending / C-C torsion,delta(O6-C5-H14),angle,2.7938795269956893,+,0.07635345338495765,0.3965183969738679
40,1488.9855170985215,,,mixed C-H bending / C-C torsion,delta(O6-C5-H15),angle,2.0771521985413344,+,0.07074744754181808,0.34336798788252265
40,1488.9855170985215,,,mixed C-H bending / C-C torsion,tau(C1-C2-C4-H13),dihedral,1.6677167889846485,-,-0.06602361393092439,0.31654594256257856
40,1488.9855170985215,,,mixed C-H bending / C-C torsion,"gamma(H10;C1,H11,H12)",oop,1.4815797987150814,+,0.07454863719349168,0.22057620785762186
40,1488.9855170985215,,,mixed C-H bending / C-C torsion,delta(C2-C1-H12),angle,1.259481203600893,-,-0.05853418155301174,0.3041484625700951
40,1488.9855170985215,,,mixed C-H bending / C-C torsion,nu(C4-C5),bond,1.0466405356822672,+,0.05538322034978826,0.2823281460877687
40,1488.9855170985215,,,mixed C-H bending / C-C torsion,nu(C2-O3),bond,0.4572580092428377,-,-0.031396735234908386,0.38380035796927126
40,1488.9855170985215,,,mixed C-H bending / C-C torsion,nu(C2-C7),bond,0.33570986352483306,+,0.032457124802086935,0.2636677700131217
40,1488.9855170985215,,,mixed C-H bending / C-C torsion,delta(C1-C2-C4),angle,0.27876778715179734,+,0.022107787174900282,0.47191640306808397
40,1488.9855170985215,,,mixed C-H bending / C-C torsion,nu(C5-O6),bond,0.22820527514253486,-,-0.02380438815152823,0.33321509590887466
40,1488.9855170985215,,,mixed C-H bending / C-C torsion,tau(O3-C4-C5-H15),dihedral,0.20234582367126538,-,-0.09661877476965701,0.017934291688590415
40,1488.9855170985215,,,mixed C-H bending / C-C torsion,delta(C4-C5-H14),angle,0.1699191104738248,-,-0.019681857109024006,0.36293020366388096
40,1488.9855170985215,,,mixed C-H bending / C-C torsion,delta(C4-C5-O6),angle,0.15925306888652843,+,0.017615481916834676,0.4246310893417379
40,1488.9855170985215,,,mixed C-H bending / C-C torsion,tau(H15-C5-O6-H16),dihedral,0.12850275520206036,+,0.08262627366210683,0.015573604478316995
40,1488.9855170985215,,,mixed C-H bending / C-C torsion,nu(C1-H11),bond,0.1262280593436976,+,0.01762141822834428,0.3363467402870326
40,1488.9855170985215,,,mixed C-H bending / C-C torsion,tau(O3-C2-C7-N8),dihedral,0.11544334613652409,+,0.030967944700323463,0.09959950414138982
40,1488.9855170985215,,,mixed C-H bending / C-C torsion,tau(C2-O3-C4-C5),dihedral,0.11236559891186836,-,-0.01671103066746172,0.3329200368533325
40,1488.9855170985215,,,mixed C-H bending / C-C torsion,tau(C7-C2-O3-C4),dihedral,0.05822657953363555,-,-0.012264340700763066,0.3202918595636512
40,1488.9855170985215,,,mixed C-H bending / C-C torsion,"gamma(O3;C2,C1,C4)",oop,0.03513586594918293,+,0.004155533068100664,1.6834887239813823
40,1488.9855170985215,,,mixed C-H bending / C-C torsion,nu(C7-O9),bond,0.03210284791142653,+,0.005800267726642421,0.7895152384577152
40,1488.9855170985215,,,mixed C-H bending / C-C torsion,nu(C7-N8),bond,0.027317262005265634,-,-0.0070904958058261485,0.44956966026774636
40,1488.9855170985215,,,mixed C-H bending / C-C torsion,delta(O3-C4-C5),angle,0.02006304381777259,-,-0.004743978954567596,0.73760584533266
40,1488.9855170985215,,,mixed C-H bending / C-C torsion,tau(O3-C2-C7-O9),dihedral,0.01806501139562038,+,0.011374636569871846,0.11552506365896313
40,1488.9855170985215,,,mixed C-H bending / C-C torsion,nu(C1-H12),bond,0.017167690533318042,-,-0.006430078847287733,0.34355186841315943
40,1488.9855170985215,,,mixed C-H bending / C-C torsion,nu(C5-H14),bond,0.016503754733423744,+,0.006421202971887569,0.33117916004476916
40,1488.9855170985215,,,mixed C-H bending / C-C torsion,"gamma(C2;C4,C5,H13)",oop,0.014812667873031031,-,-0.005006200271302624,0.48902367153120335
40,1488.9855170985215,,,mixed C-H bending / C-C torsion,delta(O3-C2-C7),angle,0.014648493600473041,-,-0.004894067878118358,0.506018068089154
40,1488.9855170985215,,,mixed C-H bending / C-C torsion,delta(H17-N8-H18),angle,0.012572730512249828,-,-0.006838008437366897,0.2224761076628819
40,1488.9855170985215,,,mixed C-H bending / C-C torsion,tau(C2-C7-N8-H18),dihedral,0.010787503743312507,-,-0.018368269333582824,0.026454375718111652
40,1488.9855170985215,,,mixed C-H bending / C-C torsion,delta(C5-O6-H16),angle,0.006452131520396729,+,0.005394603821836835,0.18344130679358742
40,1488.9855170985215,,,mixed C-H bending / C-C torsion,nu(C1-H10),bond,0.0063533426573752026,+,0.0038908445617019975,0.3472382446251712
40,1488.9855170985215,,,mixed C-H bending / C-C torsion,delta(N8-C7-O9),angle,0.004813686852625031,+,0.0027812100296790965,0.5149004794564609
40,1488.9855170985215,,,mixed C-H bending / C-C torsion,nu(C5-H15),bond,0.004750518074024137,+,0.0034162757972151566,0.3367814495898813
40,1488.9855170985215,,,mixed C-H bending / C-C torsion,nu(C4-H13),bond,0.004252715774950223,+,0.003210728763610089,0.34132818878264654
40,1488.9855170985215,,,mixed C-H bending / C-C torsion,delta(C2-C7-N8),angle,0.004033387173096552,-,-0.0025176372212290707,0.5264979045723385
40,1488.9855170985215,,,mixed C-H bending / C-C torsion,nu(C1-C2),bond,0.003945535138412191,+,0.0033555600062551375,0.28992718037655574
40,1488.9855170985215,,,mixed C-H bending / C-C torsion,delta(C7-N8-H18),angle,0.0012622726778886864,+,0.0020699162694172942,0.24375900097385186
40,1488.9855170985215,,,mixed C-H bending / C-C torsion,nu(N8-H17),bond,8.14739772038328e-05,-,-0.0003778724685715867,0.4721080993655485
40,1488.9855170985215,,,mixed C-H bending / C-C torsion,nu(O6-H16),bond,6.973810948357107e-05,-,-0.00033385572856084494,0.5176849510111644
40,1488.9855170985215,,,mixed C-H bending / C-C torsion,tau(O9-C7-N8-H17),dihedral,1.7310733786451505e-05,+,0.0006791249860582104,0.031054825617639323
40,1488.9855170985215,,,mixed C-H bending / C-C torsion,nu(N8-H18),bond,1.255313666659061e-05,+,0.00014774317664323242,0.475828474339461
41,1495.7963469041986,,,C-H bending,delta(H14-C5-H15),angle,75.57132396201318,+,0.6576620727334811,0.3005319136675133
41,1495.7963469041986,,,C-H bending,delta(O6-C5-H14),angle,8.693811951750465,-,-0.19419722960811292,0.3965183969738679
41,1495.7963469041986,,,C-H bending,delta(O6-C5-H15),angle,6.532775032216844,-,-0.18089998441984756,0.34336798788252265
41,1495.7963469041986,,,C-H bending,tau(H10-C1-C2-C7),dihedral,1.771727347773898,+,0.13621047296273794,0.16425365664741987
41,1495.7963469041986,,,C-H bending,delta(C4-C5-H14),angle,1.430789591261516,-,-0.08234664500252309,0.36293020366388096
41,1495.7963469041986,,,C-H bending,tau(O3-C4-C5-H15),dihedral,1.0350129317547287,+,0.31506513966378996,0.017934291688590415
41,1495.7963469041986,,,C-H bending,delta(C5-C4-H13),angle,0.9544603010011778,+,0.07506145634655795,0.29138222577639733
41,1495.7963469041986,,,C-H bending,tau(H15-C5-O6-H16),dihedral,0.7491912716797204,-,-0.28765462690063187,0.015573604478316995
41,1495.7963469041986,,,C-H bending,delta(C2-C1-H11),angle,0.746764394941321,+,0.05854290807075327,0.3747780774393608
41,1495.7963469041986,,,C-H bending,delta(C4-C5-O6),angle,0.45812347893953226,-,-0.043077943365191565,0.4246310893417379
41,1495.7963469041986,,,C-H bending,delta(C2-C1-H12),angle,0.35990766582784584,-,-0.04511514064356258,0.3041484625700951
41,1495.7963469041986,,,C-H bending,nu(C5-O6),bond,0.3119726343155902,+,0.04012966143884797,0.33321509590887466
41,1495.7963469041986,,,C-H bending,tau(H12-C1-C2-O3),dihedral,0.2996285857568882,-,-0.055625895605318776,0.16655910224267684
41,1495.7963469041986,,,C-H bending,tau(C1-C2-C4-H13),dihedral,0.23832376120237767,+,0.035986107783495064,0.31654594256257856
41,1495.7963469041986,,,C-H bending,tau(C2-O3-C4-C5),dihedral,0.17666311321603975,+,0.030211518368262302,0.3329200368533325
41,1495.7963469041986,,,C-H bending,nu(C2-C4),bond,0.1680264780510256,+,0.02806938697842552,0.3668183290081972
41,1495.7963469041986,,,C-H bending,"gamma(H10;C1,H11,H12)",oop,0.1137696439512849,+,0.02978540065175911,0.22057620785762186
41,1495.7963469041986,,,C-H bending,nu(C2-O3),bond,0.08016189196654483,+,0.01895399979164776,0.38380035796927126
41,1495.7963469041986,,,C-H bending,nu(C5-H14),bond,0.07429942067034519,-,-0.019644039260101172,0.33117916004476916
41,1495.7963469041986,,,C-H bending,nu(C4-C5),bond,0.04442833952625443,+,0.016452145161650555,0.2823281460877687
41,1495.7963469041986,,,C-H bending,nu(C1-C2),bond,0.044303683153853475,-,-0.016212314879660183,0.28992718037655574
41,1495.7963469041986,,,C-H bending,nu(C5-H15),bond,0.02866136317713793,-,-0.01209884519678037,0.3367814495898813
41,1495.7963469041986,,,C-H bending,delta(H17-N8-H18),angle,0.025203553899738936,+,0.013959143859937104,0.2224761076628819
41,1495.7963469041986,,,C-H bending,delta(O3-C2-C7),angle,0.018265370630006297,-,-0.007879539052108753,0.506018068089154
41,1495.7963469041986,,,C-H bending,delta(C5-O6-H16),angle,0.013737005638230458,+,0.011349247063315306,0.18344130679358742
41,1495.7963469041986,,,C-H bending,delta(C2-C7-N8),angle,0.01027213840714625,+,0.005792975443941431,0.5264979045723385
41,1495.7963469041986,,,C-H bending,"gamma(C2;C4,C5,H13)",oop,0.009176284450738724,-,-0.005681173762368724,0.48902367153120335
41,1495.7963469041986,,,C-H bending,delta(O3-C4-C5),angle,0.008587110836543071,+,0.004474875318325038,0.73760584533266
41,1495.7963469041986,,,C-H bending,nu(C1-H11),bond,0.006879602767962296,+,0.005931405965054242,0.3363467402870326
41,1495.7963469041986,,,C-H bending,delta(C7-N8-H18),angle,0.0060007110235732,-,-0.006507146818408499,0.24375900097385186
41,1495.7963469041986,,,C-H bending,delta(H11-C1-H12),angle,0.005956084643726408,+,0.006543071679083571,0.23929667529530443
41,1495.7963469041986,,,C-H bending,delta(C1-C2-C4),angle,0.003535319579263244,-,-0.0035896440220686433,0.47191640306808397
41,1495.7963469041986,,,C-H bending,nu(C1-H12),bond,0.0026261710699174517,-,-0.003626059522556709,0.34355186841315943
41,1495.7963469041986,,,C-H bending,"gamma(O3;C2,C1,C4)",oop,0.0022114012942580667,-,-0.0015031359218195262,1.6834887239813823
41,1495.7963469041986,,,C-H bending,nu(C1-H10),bond,0.001298473880940321,+,0.0025361352645033052,0.3472382446251712
41,1495.7963469041986,,,C-H bending,nu(C2-C7),bond,0.0007619857946331903,-,-0.0022295360260856556,0.2636677700131217
41,1495.7963469041986,,,C-H bending,nu(C7-O9),bond,0.0003567394046684172,+,0.0008815863619900829,0.7895152384577152
41,1495.7963469041986,,,C-H bending,nu(C4-H13),bond,0.00024043520773738353,-,-0.0011007343851557785,0.34132818878264654
41,1495.7963469041986,,,C-H bending,delta(N8-C7-O9),angle,0.0002133668402993888,+,0.0008442506325280045,0.5149004794564609
41,1495.7963469041986,,,C-H bending,nu(C7-N8),bond,0.0001994287398097423,-,-0.0008735041144888929,0.44956966026774636
41,1495.7963469041986,,,C-H bending,nu(O6-H16),bond,0.00013908280533307042,-,-0.0006797880575267194,0.5176849510111644
41,1495.7963469041986,,,C-H bending,tau(O3-C2-C7-N8),dihedral,9.52020703047638e-05,-,-0.0012822248462019353,0.09959950414138982
41,1495.7963469041986,,,C-H bending,tau(O9-C7-N8-H17),dihedral,3.2443133281698775e-05,+,0.0013404987945029754,0.031054825617639323
41,1495.7963469041986,,,C-H bending,tau(C7-C2-O3-C4),dihedral,3.042293051599814e-05,-,-0.00040420078457313016,0.3202918595636512
41,1495.7963469041986,,,C-H bending,tau(O3-C2-C7-O9),dihedral,2.8053669809491336e-05,+,0.0006462883272821245,0.11552506365896313
41,1495.7963469041986,,,C-H bending,nu(N8-H17),bond,2.2550315680979498e-05,+,0.00028663232553162443,0.4721080993655485
41,1495.7963469041986,,,C-H bending,tau(C2-C7-N8-H18),dihedral,3.853967404848959e-06,+,0.0005005815512788648,0.026454375718111652
41,1495.7963469041986,,,C-H bending,nu(N8-H18),bond,3.628509281345289e-07,+,3.621666744959822e-05,0.475828474339461
42,1507.6195931508973,,,mixed C-H bending / C-H out-of-plane bending,delta(H11-C1-H12),angle,46.27417669427463,-,-0.49975554576033204,0.23929667529530443
42,1507.6195931508973,,,mixed C-H bending / C-H out-of-plane bending,"gamma(H10;C1,H11,H12)",oop,19.079073544491408,-,-0.334238067970567,0.22057620785762186
42,1507.6195931508973,,,mixed C-H bending / C-H out-of-plane bending,tau(H12-C1-C2-O3),dihedral,8.041695852431598,-,-0.24971592560725808,0.16655910224267684
42,1507.6195931508973,,,mixed C-H bending / C-H out-of-plane bending,delta(C4-C5-H14),angle,4.724813709976112,-,-0.12966936764239692,0.36293020366388096
42,1507.6195931508973,,,mixed C-H bending / C-H out-of-plane bending,delta(H14-C5-H15),angle,4.43409729615524,+,0.13804284937462635,0.3005319136675133
42,1507.6195931508973,,,mixed C-H bending / C-H out-of-plane bending,nu(C2-C4),bond,4.372266559091771,-,-0.12407503482559397,0.3668183290081972
42,1507.6195931508973,,,mixed C-H bending / C-H out-of-plane bending,delta(C5-C4-H13),angle,2.7575685815815887,-,-0.11055750702219906,0.29138222577639733
42,1507.6195931508973,,,mixed C-H bending / C-H out-of-plane bending,delta(C2-C1-H12),angle,2.0004404572368015,+,0.09216724500748998,0.3041484625700951
42,1507.6195931508973,,,mixed C-H bending / C-H out-of-plane bending,nu(C2-O3),bond,1.6113778741630538,-,-0.07363810680886672,0.38380035796927126
42,1507.6195931508973,,,mixed C-H bending / C-H out-of-plane bending,nu(C4-C5),bond,1.5463036516138882,+,0.08410598604873254,0.2823281460877687
42,1507.6195931508973,,,mixed C-H bending / C-H out-of-plane bending,tau(H10-C1-C2-C7),dihedral,1.168146195486363,-,-0.09584019315702798,0.16425365664741987
42,1507.6195931508973,,,mixed C-H bending / C-H out-of-plane bending,delta(O6-C5-H14),angle,0.9069886921979596,+,0.0543532940812027,0.3965183969738679
42,1507.6195931508973,,,mixed C-H bending / C-H out-of-plane bending,nu(C2-C7),bond,0.7979672540021121,+,0.06252023704936889,0.2636677700131217
42,1507.6195931508973,,,mixed C-H bending / C-H out-of-plane bending,tau(C1-C2-C4-H13),dihedral,0.515420911332596,-,-0.04585843672267426,0.31654594256257856
42,1507.6195931508973,,,mixed C-H bending / C-H out-of-plane bending,nu(C1-C2),bond,0.45990889055487966,+,0.045263490417965235,0.28992718037655574
42,1507.6195931508973,,,mixed C-H bending / C-H out-of-plane bending,nu(C7-N8),bond,0.19434624784048532,-,-0.023629045961136,0.44956966026774636
42,1507.6195931508973,,,mixed C-H bending / C-H out-of-plane bending,delta(C1-C2-C4),angle,0.19429310694997431,+,0.023059652816223533,0.47191640306808397
42,1507.6195931508973,,,mixed C-H bending / C-H out-of-plane bending,"gamma(O3;C2,C1,C4)",oop,0.1657197942776579,+,0.011275574819048437,1.6834887239813823
42,1507.6195931508973,,,mixed C-H bending / C-H out-of-plane bending,delta(C2-C1-H11),angle,0.15827521746920845,+,0.023354790409202457,0.3747780774393608
42,1507.6195931508973,,,mixed C-H bending / C-H out-of-plane bending,nu(C7-O9),bond,0.15597629328369705,+,0.015973704404728586,0.7895152384577152
42,1507.6195931508973,,,mixed C-H bending / C-H out-of-plane bending,nu(C1-H10),bond,0.0851644276525753,-,-0.01779803040004738,0.3472382446251712
42,1507.6195931508973,,,mixed C-H bending / C-H out-of-plane bending,delta(C2-C7-N8),angle,0.056173411246089586,-,-0.011738799361357296,0.5264979045723385
42,1507.6195931508973,,,mixed C-H bending / C-H out-of-plane bending,tau(H15-C5-O6-H16),dihedral,0.054783240848957665,-,-0.06740403479624832,0.015573604478316995
42,1507.6195931508973,,,mixed C-H bending / C-H out-of-plane bending,tau(O3-C4-C5-H15),dihedral,0.04625019627358624,+,0.05771268501272272,0.017934291688590415
42,1507.6195931508973,,,mixed C-H bending / C-H out-of-plane bending,tau(O3-C2-C7-N8),dihedral,0.0437118911342855,+,0.023808268632929817,0.09959950414138982
42,1507.6195931508973,,,mixed C-H bending / C-H out-of-plane bending,delta(N8-C7-O9),angle,0.04287476627402786,+,0.010370407900966928,0.5149004794564609
42,1507.6195931508973,,,mixed C-H bending / C-H out-of-plane bending,nu(C1-H12),bond,0.0204011868702626,+,0.008757661679492875,0.34355186841315943
42,1507.6195931508973,,,mixed C-H bending / C-H out-of-plane bending,nu(C5-O6),bond,0.01963665279562342,-,-0.00872424796196309,0.33321509590887466
42,1507.6195931508973,,,mixed C-H bending / C-H out-of-plane bending,delta(O6-C5-H15),angle,0.016166137611389783,-,-0.0077979390820588955,0.34336798788252265
42,1507.6195931508973,,,mixed C-H bending / C-H out-of-plane bending,tau(C7-C2-O3-C4),dihedral,0.014762270032342656,-,-0.007715431616678158,0.3202918595636512
42,1507.6195931508973,,,mixed C-H bending / C-H out-of-plane bending,delta(C7-N8-H18),angle,0.009994294057845922,-,-0.0072769993354977365,0.24375900097385186
42,1507.6195931508973,,,mixed C-H bending / C-H out-of-plane bending,delta(C4-C5-O6),angle,0.006558180367967282,-,-0.004466243413136613,0.4246310893417379
42,1507.6195931508973,,,mixed C-H bending / C-H out-of-plane bending,tau(C2-O3-C4-C5),dihedral,0.0048750855289506605,-,-0.004348883331658489,0.3329200368533325
42,1507.6195931508973,,,mixed C-H bending / C-H out-of-plane bending,tau(C2-C7-N8-H18),dihedral,0.004331235565542751,-,-0.014541652022137384,0.026454375718111652
42,1507.6195931508973,,,mixed C-H bending / C-H out-of-plane bending,"gamma(C2;C4,C5,H13)",oop,0.0034899528539221645,+,0.003035997735522257,0.48902367153120335
42,1507.6195931508973,,,mixed C-H bending / C-H out-of-plane bending,tau(O3-C2-C7-O9),dihedral,0.003285234859375962,+,0.006060405828591126,0.11552506365896313
42,1507.6195931508973,,,mixed C-H bending / C-H out-of-plane bending,nu(C5-H15),bond,0.0030371645454720835,-,-0.0034128459389803287,0.3367814495898813
42,1507.6195931508973,,,mixed C-H bending / C-H out-of-plane bending,nu(C1-H11),bond,0.0017576824925382136,+,0.0025979644631087587,0.3363467402870326
42,1507.6195931508973,,,mixed C-H bending / C-H out-of-plane bending,delta(H17-N8-H18),angle,0.001565418296522725,-,-0.0030146029384868845,0.2224761076628819
42,1507.6195931508973,,,mixed C-H bending / C-H out-of-plane bending,delta(O3-C2-C7),angle,0.0013756273739560048,-,-0.0018738032885779455,0.506018068089154
42,1507.6195931508973,,,mixed C-H bending / C-H out-of-plane bending,nu(C4-H13),bond,0.0003690925733368535,+,0.0011817842003464594,0.34132818878264654
42,1507.6195931508973,,,mixed C-H bending / C-H out-of-plane bending,delta(O3-C4-C5),angle,0.00025325563174415696,+,0.000665922954282613,0.73760584533266
42,1507.6195931508973,,,mixed C-H bending / C-H out-of-plane bending,delta(C5-O6-H16),angle,0.00017476221320523324,+,0.0011092560458823382,0.18344130679358742
42,1507.6195931508973,,,mixed C-H bending / C-H out-of-plane bending,nu(C5-H14),bond,6.178019430463164e-05,-,-0.0004908510665629078,0.33117916004476916
42,1507.6195931508973,,,mixed C-H bending / C-H out-of-plane bending,nu(N8-H17),bond,4.545387935177509e-05,-,-0.00035263170427423063,0.4721080993655485
42,1507.6195931508973,,,mixed C-H bending / C-H out-of-plane bending,nu(O6-H16),bond,2.8521934570107853e-05,+,0.0002667554638704754,0.5176849510111644
42,1507.6195931508973,,,mixed C-H bending / C-H out-of-plane bending,nu(N8-H18),bond,1.1320315677698452e-05,+,0.00017529142009993273,0.475828474339461
42,1507.6195931508973,,,mixed C-H bending / C-H out-of-plane bending,tau(O9-C7-N8-H17),dihedral,4.932165577154232e-06,+,0.00045290892682069503,0.031054825617639323
43,1599.1623969335633,,,N-H bending,delta(H17-N8-H18),angle,75.6792492397599,+,0.7386949307280186,0.2224761076628819
43,1599.1623969335633,,,N-H bending,delta(C7-N8-H18),angle,14.7131310670467,-,-0.31116491390914974,0.24375900097385186
43,1599.1623969335633,,,N-H bending,nu(C7-N8),bond,5.027478905612805,+,0.13393529272291374,0.44956966026774636
43,1599.1623969335633,,,N-H bending,nu(C7-O9),bond,2.1060894024831116,+,0.06541487909746645,0.7895152384577152
43,1599.1623969335633,,,N-H bending,delta(N8-C7-O9),angle,0.93916326811619,-,-0.054091285296776905,0.5149004794564609
43,1599.1623969335633,,,N-H bending,nu(C2-C7),bond,0.8667537383806013,-,-0.07261690562645039,0.2636677700131217
43,1599.1623969335633,,,N-H bending,delta(C2-C7-N8),angle,0.16435091985544883,+,0.022377220742795544,0.5264979045723385
43,1599.1623969335633,,,N-H bending,nu(C1-C2),bond,0.07055621954415008,+,0.019757936508492974,0.28992718037655574
43,1599.1623969335633,,,N-H bending,nu(C2-C4),bond,0.06323066925339407,-,-0.01662864168472111,0.3668183290081972
43,1599.1623969335633,,,N-H bending,nu(N8-H17),bond,0.055064372017213016,+,0.01367832819119528,0.4721080993655485
43,1599.1623969335633,,,N-H bending,nu(C2-O3),bond,0.049502918275831996,-,-0.014384047657277452,0.38380035796927126
43,1599.1623969335633,,,N-H bending,delta(O3-C2-C7),angle,0.04578323745170639,+,0.012047269831493426,0.506018068089154
43,1599.1623969335633,,,N-H bending,delta(C5-C4-H13),angle,0.0456334409171532,-,-0.015849971310361047,0.29138222577639733
43,1599.1623969335633,,,N-H bending,tau(C1-C2-C4-H13),dihedral,0.023998711172312177,-,-0.011027929572366523,0.31654594256257856
43,1599.1623969335633,,,N-H bending,tau(O9-C7-N8-H17),dihedral,0.02023423045574357,+,0.0323293667956085,0.031054825617639323
43,1599.1623969335633,,,N-H bending,tau(C2-O3-C4-C5),dihedral,0.01825106628318201,-,-0.009377618356600744,0.3329200368533325
43,1599.1623969335633,,,N-H bending,tau(C2-C7-N8-H18),dihedral,0.01691932397222937,-,-0.032030310193187514,0.026454375718111652
43,1599.1623969335633,,,N-H bending,"gamma(H10;C1,H11,H12)",oop,0.015193900365649627,+,0.010511718062979923,0.22057620785762186
43,1599.1623969335633,,,N-H bending,delta(C1-C2-C4),angle,0.010553885974330025,-,-0.005989520591966551,0.47191640306808397
43,1599.1623969335633,,,N-H bending,tau(C7-C2-O3-C4),dihedral,0.01018618148785629,-,-0.007142514890086139,0.3202918595636512
43,1599.1623969335633,,,N-H bending,delta(C2-C1-H12),angle,0.008017067737814345,+,0.006502544961515982,0.3041484625700951
43,1599.1623969335633,,,N-H bending,nu(C4-C5),bond,0.0069288346074102385,+,0.006274388546429468,0.2823281460877687
43,1599.1623969335633,,,N-H bending,delta(C4-C5-H14),angle,0.006472238788050152,-,-0.0053485259803454895,0.36293020366388096
43,1599.1623969335633,,,N-H bending,tau(H12-C1-C2-O3),dihedral,0.006309668822235633,+,0.007795383702535187,0.16655910224267684
43,1599.1623969335633,,,N-H bending,delta(C5-O6-H16),angle,0.0051184550976915,-,-0.006690202774983302,0.18344130679358742
43,1599.1623969335633,,,N-H bending,"gamma(C2;C4,C5,H13)",oop,0.004826102604554186,-,-0.003978796566438827,0.48902367153120335
43,1599.1623969335633,,,N-H bending,"gamma(O3;C2,C1,C4)",oop,0.004801487535859135,+,0.0021389527795649533,1.6834887239813823
43,1599.1623969335633,,,N-H bending,delta(H14-C5-H15),angle,0.0037904917034909955,-,-0.004498014766265539,0.3005319136675133
43,1599.1623969335633,,,N-H bending,delta(O6-C5-H15),angle,0.003329906046221803,-,-0.003944159672062251,0.34336798788252265
43,1599.1623969335633,,,N-H bending,tau(O3-C2-C7-N8),dihedral,0.002500899309707686,+,0.006346553058690686,0.09959950414138982
43,1599.1623969335633,,,N-H bending,delta(O6-C5-H14),angle,0.0018407931760043056,+,0.0027289100891479024,0.3965183969738679
43,1599.1623969335633,,,N-H bending,tau(H10-C1-C2-C7),dihedral,0.0014759030041103301,-,-0.0037965557799862345,0.16425365664741987
43,1599.1623969335633,,,N-H bending,delta(C4-C5-O6),angle,0.0010410703082985148,+,0.001983136173138107,0.4246310893417379
43,1599.1623969335633,,,N-H bending,delta(H11-C1-H12),angle,0.000523388183436593,+,0.001873104573702848,0.23929667529530443
43,1599.1623969335633,,,N-H bending,nu(N8-H18),bond,0.00042292789819866255,+,0.0011940605589126408,0.475828474339461
43,1599.1623969335633,,,N-H bending,nu(C4-H13),bond,0.0003559355525109363,-,-0.001293355775206075,0.34132818878264654
43,1599.1623969335633,,,N-H bending,delta(O3-C4-C5),angle,0.0002776855863925655,+,0.000777110709378051,0.73760584533266
43,1599.1623969335633,,,N-H bending,tau(H15-C5-O6-H16),dihedral,0.00022975109836281826,+,0.004864661520509647,0.015573604478316995
43,1599.1623969335633,,,N-H bending,nu(C5-H15),bond,0.0001487172936173758,-,-0.0008416374576008658,0.3367814495898813
43,1599.1623969335633,,,N-H bending,nu(C1-H12),bond,9.792035622727906e-05,-,-0.0006761744165809378,0.34355186841315943
43,1599.1623969335633,,,N-H bending,nu(C1-H11),bond,9.764939556377709e-05,-,-0.0006824322906891169,0.3363467402870326
43,1599.1623969335633,,,N-H bending,nu(O6-H16),bond,4.0189312017035355e-05,+,0.00035289127083828906,0.5176849510111644
43,1599.1623969335633,,,N-H bending,tau(O3-C2-C7-O9),dihedral,1.5177110288573486e-05,-,-0.0004590656915206749,0.11552506365896313
43,1599.1623969335633,,,N-H bending,tau(O3-C4-C5-H15),dihedral,5.817013052799636e-06,+,0.0007213172274037412,0.017934291688590415
43,1599.1623969335633,,,N-H bending,nu(C5-O6),bond,3.962511081223668e-06,+,0.0001381151472244781,0.33321509590887466
43,1599.1623969335633,,,N-H bending,nu(C1-H10),bond,1.9845304284316807e-06,+,9.574883645229604e-05,0.3472382446251712
43,1599.1623969335633,,,N-H bending,delta(C2-C1-H11),angle,7.067327585869744e-07,+,5.499952283330384e-05,0.3747780774393608
43,1599.1623969335633,,,N-H bending,nu(C5-H14),bond,5.702591095269017e-07,+,5.2556086123041305e-05,0.33117916004476916
44,1763.9199549519942,,,mixed C-O stretching / C-N stretching,nu(C7-O9),bond,68.76139415640364,+,0.36807777422391796,0.7895152384577152
44,1763.9199549519942,,,mixed C-O stretching / C-N stretching,nu(C7-N8),bond,9.195140600152692,-,-0.17837262577152213,0.44956966026774636
44,1763.9199549519942,,,mixed C-O stretching / C-N stretching,delta(C2-C7-N8),angle,8.03283346200807,+,0.1540577581615224,0.5264979045723385
44,1763.9199549519942,,,mixed C-O stretching / C-N stretching,delta(C7-N8-H18),angle,5.324072264396282,+,0.18432708531189176,0.24375900097385186
44,1763.9199549519942,,,mixed C-O stretching / C-N stretching,nu(C2-C7),bond,2.2200010529350482,-,-0.11444467306341569,0.2636677700131217
44,1763.9199549519942,,,mixed C-O stretching / C-N stretching,delta(H17-N8-H18),angle,2.2053152283845976,-,-0.12417700044149084,0.2224761076628819
44,1763.9199549519942,,,mixed C-O stretching / C-N stretching,delta(O3-C2-C7),angle,1.8607489992253483,-,-0.07563249034569355,0.506018068089154
44,1763.9199549519942,,,mixed C-O stretching / C-N stretching,delta(N8-C7-O9),angle,1.8157572202786914,-,-0.07406529508576691,0.5149004794564609
44,1763.9199549519942,,,mixed C-O stretching / C-N stretching,tau(H10-C1-C2-C7),dihedral,0.25617521720250974,+,0.04925593289205848,0.16425365664741987
44,1763.9199549519942,,,mixed C-O stretching / C-N stretching,"gamma(H10;C1,H11,H12)",oop,0.17082791802633715,+,0.034709439981287206,0.22057620785762186
44,1763.9199549519942,,,mixed C-O stretching / C-N stretching,nu(C2-O3),bond,0.03261565684694183,+,0.011497618453219198,0.38380035796927126
44,1763.9199549519942,,,mixed C-O stretching / C-N stretching,tau(C1-C2-C4-H13),dihedral,0.029215814903212574,+,0.01198224353658726,0.31654594256257856
44,1763.9199549519942,,,mixed C-O stretching / C-N stretching,nu(C2-C4),bond,0.023908607701889635,+,0.010069296856437199,0.3668183290081972
44,1763.9199549519942,,,mixed C-O stretching / C-N stretching,nu(C1-C2),bond,0.01907175543800041,-,-0.010115756907369626,0.28992718037655574
44,1763.9199549519942,,,mixed C-O stretching / C-N stretching,tau(H12-C1-C2-O3),dihedral,0.008870324614624763,+,0.009101921523475718,0.16655910224267684
44,1763.9199549519942,,,mixed C-O stretching / C-N stretching,nu(N8-H17),bond,0.007028512367534745,+,0.004812364304700978,0.4721080993655485
44,1763.9199549519942,,,mixed C-O stretching / C-N stretching,delta(H11-C1-H12),angle,0.006180384446929931,+,0.006338506336073118,0.23929667529530443
44,1763.9199549519942,,,mixed C-O stretching / C-N stretching,delta(C5-C4-H13),angle,0.005292230680300812,+,0.005315392882760141,0.29138222577639733
44,1763.9199549519942,,,mixed C-O stretching / C-N stretching,delta(C2-C1-H11),angle,0.0032890116806038455,+,0.0036948187095098644,0.3747780774393608
44,1763.9199549519942,,,mixed C-O stretching / C-N stretching,nu(N8-H18),bond,0.003141629990841276,-,-0.003204791787841556,0.475828474339461
44,1763.9199549519942,,,mixed C-O stretching / C-N stretching,delta(C4-C5-H14),angle,0.002587157961086465,+,0.0033300245274672643,0.36293020366388096
44,1763.9199549519942,,,mixed C-O stretching / C-N stretching,nu(C1-H12),bond,0.0024898307202119306,-,-0.003357656535475992,0.34355186841315943
44,1763.9199549519942,,,mixed C-O stretching / C-N stretching,delta(C1-C2-C4),angle,0.0024186732352738352,-,-0.0028236026354276278,0.47191640306808397
44,1763.9199549519942,,,mixed C-O stretching / C-N stretching,nu(C4-C5),bond,0.002379287351824049,-,-0.00362071111698436,0.2823281460877687
44,1763.9199549519942,,,mixed C-O stretching / C-N stretching,delta(H14-C5-H15),angle,0.0014442972418457801,-,-0.002734201443376608,0.3005319136675133
44,1763.9199549519942,,,mixed C-O stretching / C-N stretching,nu(C1-H11),bond,0.0013513341455835466,-,-0.0024999727767767996,0.3363467402870326
44,1763.9199549519942,,,mixed C-O stretching / C-N stretching,delta(C2-C1-H12),angle,0.0009187644785406922,+,0.0021677380508780607,0.3041484625700951
44,1763.9199549519942,,,mixed C-O stretching / C-N stretching,tau(C2-C7-N8-H18),dihedral,0.0008144602517413917,+,0.006920439943339174,0.026454375718111652
44,1763.9199549519942,,,mixed C-O stretching / C-N stretching,delta(O6-C5-H14),angle,0.000709842199648594,-,-0.0016687710307150426,0.3965183969738679
44,1763.9199549519942,,,mixed C-O stretching / C-N stretching,delta(O6-C5-H15),angle,0.0006386563628353581,-,-0.0017009879443268526,0.34336798788252265
44,1763.9199549519942,,,mixed C-O stretching / C-N stretching,delta(C5-O6-H16),angle,0.0006382699457428732,-,-0.0023264897610791543,0.18344130679358742
44,1763.9199549519942,,,mixed C-O stretching / C-N stretching,delta(C4-C5-O6),angle,0.0005189015858779344,+,0.0013787455405517063,0.4246310893417379
44,1763.9199549519942,,,mixed C-O stretching / C-N stretching,"gamma(C2;C4,C5,H13)",oop,0.0004388248735923015,+,0.0011814849473595335,0.48902367153120335
44,1763.9199549519942,,,mixed C-O stretching / C-N stretching,tau(O9-C7-N8-H17),dihedral,0.00033140888114562467,-,-0.004074412912270952,0.031054825617639323
44,1763.9199549519942,,,mixed C-O stretching / C-N stretching,delta(O3-C4-C5),angle,0.0003208640645494452,+,0.0008226135921390965,0.73760584533266
44,1763.9199549519942,,,mixed C-O stretching / C-N stretching,nu(C1-H10),bond,0.00023153372164532888,+,0.0010184527048815104,0.3472382446251712
44,1763.9199549519942,,,mixed C-O stretching / C-N stretching,"gamma(O3;C2,C1,C4)",oop,0.00020767977555446242,-,-0.00043806596514090905,1.6834887239813823
44,1763.9199549519942,,,mixed C-O stretching / C-N stretching,nu(C5-H14),bond,0.00017252735408206007,-,-0.0009002124116837512,0.33117916004476916
44,1763.9199549519942,,,mixed C-O stretching / C-N stretching,nu(C4-H13),bond,0.00016128597978411945,-,-0.0008573531463432351,0.34132818878264654
44,1763.9199549519942,,,mixed C-O stretching / C-N stretching,nu(C5-H15),bond,0.00012955106305155106,-,-0.000773559858386579,0.3367814495898813
44,1763.9199549519942,,,mixed C-O stretching / C-N stretching,tau(O3-C2-C7-O9),dihedral,0.00010630302926875635,+,0.0011964160423836622,0.11552506365896313
44,1763.9199549519942,,,mixed C-O stretching / C-N stretching,nu(C5-O6),bond,4.450630869446912e-05,+,0.0004558227211462041,0.33321509590887466
44,1763.9199549519942,,,mixed C-O stretching / C-N stretching,tau(C2-O3-C4-C5),dihedral,3.125089674584848e-05,-,-0.00038212793783271904,0.3329200368533325
44,1763.9199549519942,,,mixed C-O stretching / C-N stretching,nu(O6-H16),bond,2.29038083911724e-05,+,0.0002623424659150021,0.5176849510111644
44,1763.9199549519942,,,mixed C-O stretching / C-N stretching,tau(C7-C2-O3-C4),dihedral,7.358492329496725e-06,-,-0.00018904665005270495,0.3202918595636512
44,1763.9199549519942,,,mixed C-O stretching / C-N stretching,tau(H15-C5-O6-H16),dihedral,3.828719809433085e-06,+,0.0006184146053581441,0.015573604478316995
44,1763.9199549519942,,,mixed C-O stretching / C-N stretching,tau(O3-C2-C7-N8),dihedral,5.476924284357532e-07,-,-9.248840630939749e-05,0.09959950414138982
44,1763.9199549519942,,,mixed C-O stretching / C-N stretching,tau(O3-C4-C5-H15),dihedral,1.0217464040731046e-07,+,9.414059961588303e-05,0.017934291688590415
45,3042.2487612363157,,,C-H stretching,nu(C5-H14),bond,72.71791173484964,-,-0.8794889852063539,0.33117916004476916
45,3042.2487612363157,,,C-H stretching,nu(C5-H15),bond,19.986975035724694,-,-0.4572362556314589,0.3367814495898813
45,3042.2487612363157,,,C-H stretching,nu(C1-H10),bond,2.537039830093738,+,0.16043202756938818,0.3472382446251712
45,3042.2487612363157,,,C-H stretching,nu(C1-H11),bond,2.5103151233934056,+,0.162148044425933,0.3363467402870326
45,3042.2487612363157,,,C-H stretching,nu(C1-H12),bond,1.2586901097487904,+,0.11360683424263143,0.34355186841315943
45,3042.2487612363157,,,C-H stretching,nu(C4-H13),bond,0.3378151892422624,-,-0.05904657533990239,0.34132818878264654
45,3042.2487612363157,,,C-H stretching,delta(C4-C5-O6),angle,0.16697485846835136,-,-0.03721867034020987,0.4246310893417379
45,3042.2487612363157,,,C-H stretching,nu(C4-C5),bond,0.1372958499660748,+,0.041389751828489876,0.2823281460877687
45,3042.2487612363157,,,C-H stretching,delta(H14-C5-H15),angle,0.09136100376621795,+,0.03272475006946481,0.3005319136675133
45,3042.2487612363157,,,C-H stretching,nu(C5-O6),bond,0.07748817496657728,+,0.02862177659375241,0.33321509590887466
45,3042.2487612363157,,,C-H stretching,tau(C2-O3-C4-C5),dihedral,0.05033255863028336,+,0.023077871061743502,0.3329200368533325
45,3042.2487612363157,,,C-H stretching,delta(O6-C5-H14),angle,0.034498277045203675,+,0.017506859140425848,0.3965183969738679
45,3042.2487612363157,,,C-H stretching,delta(C5-C4-H13),angle,0.02166646399839286,+,0.016184664350482575,0.29138222577639733
45,3042.2487612363157,,,C-H stretching,"gamma(C2;C4,C5,H13)",oop,0.014059736609348991,-,-0.010063866265427365,0.48902367153120335
45,3042.2487612363157,,,C-H stretching,nu(C1-C2),bond,0.01312189281603692,-,-0.012626848873374133,0.28992718037655574
45,3042.2487612363157,,,C-H stretching,delta(C4-C5-H14),angle,0.009703014509685958,+,0.009704719554768586,0.36293020366388096
45,3042.2487612363157,,,C-H stretching,"gamma(H10;C1,H11,H12)",oop,0.006560822405962282,+,0.010236253050391286,0.22057620785762186
45,3042.2487612363157,,,C-H stretching,delta(O3-C4-C5),angle,0.006503300296694637,-,-0.005573088439189603,0.73760584533266
45,3042.2487612363157,,,C-H stretching,delta(O6-C5-H15),angle,0.00566537936245626,-,-0.007623875611216053,0.34336798788252265
45,3042.2487612363157,,,C-H stretching,nu(O6-H16),bond,0.005239144895829296,-,-0.005970884085816047,0.5176849510111644
45,3042.2487612363157,,,C-H stretching,delta(C2-C1-H12),angle,0.003109399597679238,+,0.006001180118522484,0.3041484625700951
45,3042.2487612363157,,,C-H stretching,tau(H15-C5-O6-H16),dihedral,0.002446578257884811,-,-0.023524813610003092,0.015573604478316995
45,3042.2487612363157,,,C-H stretching,tau(O3-C4-C5-H15),dihedral,0.0014955365750099286,+,0.017139478768425018,0.017934291688590415
45,3042.2487612363157,,,C-H stretching,delta(C2-C1-H11),angle,0.0008579352142456825,+,0.0028397582049184706,0.3747780774393608
45,3042.2487612363157,,,C-H stretching,delta(H11-C1-H12),angle,0.0006676252619858411,-,-0.003135012334600308,0.23929667529530443
45,3042.2487612363157,,,C-H stretching,delta(C1-C2-C4),angle,0.0005736839837281946,+,0.002069402796779362,0.47191640306808397
45,3042.2487612363157,,,C-H stretching,tau(C1-C2-C4-H13),dihedral,0.0005428010189521484,-,-0.0024577808557957764,0.31654594256257856
45,3042.2487612363157,,,C-H stretching,tau(C7-C2-O3-C4),dihedral,0.0004207651727320106,+,0.002151236450005285,0.3202918595636512
45,3042.2487612363157,,,C-H stretching,delta(C5-O6-H16),angle,0.0003059804780911361,+,0.0024240384103696878,0.18344130679358742
45,3042.2487612363157,,,C-H stretching,nu(C2-C4),bond,0.0001784442182759706,+,0.0013090822431949696,0.3668183290081972
45,3042.2487612363157,,,C-H stretching,"gamma(O3;C2,C1,C4)",oop,6.493625242568402e-05,-,-0.0003686206921314274,1.6834887239813823
45,3042.2487612363157,,,C-H stretching,delta(O3-C2-C7),angle,3.81094490574252e-05,-,-0.0005150798120885419,0.506018068089154
45,3042.2487612363157,,,C-H stretching,nu(C2-C7),bond,3.471514622224432e-05,+,0.0006810393124124937,0.2636677700131217
45,3042.2487612363157,,,C-H stretching,tau(H10-C1-C2-C7),dihedral,1.4025034152028177e-05,+,0.0005484482384717563,0.16425365664741987
45,3042.2487612363157,,,C-H stretching,nu(C2-O3),bond,1.1686866659662997e-05,+,0.00032751980166523866,0.38380035796927126
45,3042.2487612363157,,,C-H stretching,tau(H12-C1-C2-O3),dihedral,5.834921192845598e-06,+,0.00035129706168158766,0.16655910224267684
45,3042.2487612363157,,,C-H stretching,nu(C7-O9),bond,5.753470612504315e-06,-,-0.00016022338279170987,0.7895152384577152
45,3042.2487612363157,,,C-H stretching,delta(C2-C7-N8),angle,2.8377337614959157e-06,+,0.00013779349178260855,0.5264979045723385
45,3042.2487612363157,,,C-H stretching,tau(O3-C2-C7-N8),dihedral,2.1702669642414626e-06,-,-0.00027705704459049166,0.09959950414138982
45,3042.2487612363157,,,C-H stretching,delta(H17-N8-H18),angle,1.4620479246222354e-06,-,-0.00015215293036876555,0.2224761076628819
45,3042.2487612363157,,,C-H stretching,delta(N8-C7-O9),angle,7.873218941838728e-07,+,7.339318277531685e-05,0.5149004794564609
45,3042.2487612363157,,,C-H stretching,nu(N8-H17),bond,6.530363187615154e-07,+,6.980542051034444e-05,0.4721080993655485
45,3042.2487612363157,,,C-H stretching,tau(C2-C7-N8-H18),dihedral,4.5952885350858336e-07,+,0.00024737103132505065,0.026454375718111652
45,3042.2487612363157,,,C-H stretching,tau(O9-C7-N8-H17),dihedral,1.3491119315533657e-07,-,-0.0001237088158170307,0.031054825617639323
45,3042.2487612363157,,,C-H stretching,nu(N8-H18),bond,1.3316188493771885e-07,-,-3.139828729184674e-05,0.475828474339461
45,3042.2487612363157,,,C-H stretching,delta(C7-N8-H18),angle,2.6944615285707668e-08,+,1.9733170506319586e-05,0.24375900097385186
45,3042.2487612363157,,,C-H stretching,nu(C7-N8),bond,1.4222144343779268e-08,+,1.055662876127226e-05,0.44956966026774636
45,3042.2487612363157,,,C-H stretching,tau(O3-C2-C7-O9),dihedral,9.115904922969517e-09,+,1.6672586940483733e-05,0.11552506365896313
46,3054.5461651288897,,,C-H stretching,nu(C1-H11),bond,58.17670445941152,+,0.7789066715938187,0.3363467402870326
46,3054.5461651288897,,,C-H stretching,nu(C1-H12),bond,21.49278258509033,+,0.46844072296591854,0.34355186841315943
46,3054.5461651288897,,,C-H stretching,nu(C1-H10),bond,13.995001239353549,+,0.3759907596215635,0.3472382446251712
46,3054.5461651288897,,,C-H stretching,nu(C5-H14),bond,3.904281140305996,+,0.2033496917908627,0.33117916004476916
46,3054.5461651288897,,,C-H stretching,nu(C5-H15),bond,2.045006534475773,+,0.14594114400723654,0.3367814495898813
46,3054.5461651288897,,,C-H stretching,nu(C1-C2),bond,0.16286193962774392,-,-0.044388432878070976,0.28992718037655574
46,3054.5461651288897,,,C-H stretching,"gamma(H10;C1,H11,H12)",oop,0.07669109717321818,+,0.034921880323259394,0.22057620785762186
46,3054.5461651288897,,,C-H stretching,delta(H11-C1-H12),angle,0.039251014378072706,-,-0.02398620755120619,0.23929667529530443
46,3054.5461651288897,,,C-H stretching,delta(C2-C1-H12),angle,0.03586545253511461,+,0.020337605645882724,0.3041484625700951
46,3054.5461651288897,,,C-H stretching,nu(C4-H13),bond,0.014420390344589272,+,0.01217326026408092,0.34132818878264654
46,3054.5461651288897,,,C-H stretching,delta(C4-C5-O6),angle,0.011456393889105958,+,0.009727977373057656,0.4246310893417379
46,3054.5461651288897,,,C-H stretching,delta(C1-C2-C4),angle,0.010652058011301995,-,-0.00889792420925867,0.47191640306808397
46,3054.5461651288897,,,C-H stretching,nu(C4-C5),bond,0.008598609761773054,-,-0.01033573840157614,0.2823281460877687
46,3054.5461651288897,,,C-H stretching,delta(H14-C5-H15),angle,0.006152664932068547,-,-0.00847404588101206,0.3005319136675133
46,3054.5461651288897,,,C-H stretching,nu(C5-O6),bond,0.0049073700338422045,-,-0.007187312801469222,0.33321509590887466
46,3054.5461651288897,,,C-H stretching,tau(C2-O3-C4-C5),dihedral,0.002912500951909841,-,-0.0055394614984091905,0.3329200368533325
46,3054.5461651288897,,,C-H stretching,tau(H12-C1-C2-O3),dihedral,0.0024912559930089398,-,-0.007243183199119872,0.16655910224267684
46,3054.5461651288897,,,C-H stretching,"gamma(C2;C4,C5,H13)",oop,0.0019547262261582397,+,0.0037444023243321557,0.48902367153120335
46,3054.5461651288897,,,C-H stretching,tau(H10-C1-C2-C7),dihedral,0.0015481176911123344,+,0.005749749718611477,0.16425365664741987
46,3054.5461651288897,,,C-H stretching,delta(C5-C4-H13),angle,0.0010900624634978865,-,-0.003622418652618293,0.29138222577639733
46,3054.5461651288897,,,C-H stretching,"gamma(O3;C2,C1,C4)",oop,0.0010310698076284458,-,-0.001465694324596276,1.6834887239813823
46,3054.5461651288897,,,C-H stretching,tau(C1-C2-C4-H13),dihedral,0.0008270043809512272,-,-0.003027192276810473,0.31654594256257856
46,3054.5461651288897,,,C-H stretching,delta(O6-C5-H14),angle,0.0007296166964180385,-,-0.0025405057851681178,0.3965183969738679
46,3054.5461651288897,,,C-H stretching,nu(O6-H16),bond,0.0007126693999299587,+,0.0021974336106792025,0.5176849510111644
46,3054.5461651288897,,,C-H stretching,delta(C2-C1-H11),angle,0.0005889421860903471,+,0.002347760111918408,0.3747780774393608
46,3054.5461651288897,,,C-H stretching,nu(C7-O9),bond,0.00044436494723084865,+,0.00140505755811437,0.7895152384577152
46,3054.5461651288897,,,C-H stretching,delta(C4-C5-H14),angle,0.00029560180988683624,-,-0.0016902325672684664,0.36293020366388096
46,3054.5461651288897,,,C-H stretching,delta(C5-O6-H16),angle,0.00021737720357967034,-,-0.002038744996533837,0.18344130679358742
46,3054.5461651288897,,,C-H stretching,tau(H15-C5-O6-H16),dihedral,0.00012534220856564405,+,0.005313229536594301,0.015573604478316995
46,3054.5461651288897,,,C-H stretching,delta(C2-C7-N8),angle,9.81176991683677e-05,+,0.000808499641133818,0.5264979045723385
46,3054.5461651288897,,,C-H stretching,nu(C2-C4),bond,6.588750670809489e-05,-,-0.000793744081188778,0.3668183290081972
46,3054.5461651288897,,,C-H stretching,tau(O3-C4-C5-H15),dihedral,5.456884463076857e-05,-,-0.003266891734339643,0.017934291688590415
46,3054.5461651288897,,,C-H stretching,delta(N8-C7-O9),angle,3.807035649603844e-05,-,-0.0005092561716733367,0.5149004794564609
46,3054.5461651288897,,,C-H stretching,delta(C7-N8-H18),angle,3.53437586334834e-05,+,0.0007131493864678791,0.24375900097385186
46,3054.5461651288897,,,C-H stretching,nu(C2-C7),bond,2.93293913619084e-05,-,-0.0006246366744555532,0.2636677700131217
46,3054.5461651288897,,,C-H stretching,delta(O3-C2-C7),angle,2.5985062748193922e-05,-,-0.0004244077932055842,0.506018068089154
46,3054.5461651288897,,,C-H stretching,nu(N8-H17),bond,1.9550046545706492e-05,-,-0.00038111641053321113,0.4721080993655485
46,3054.5461651288897,,,C-H stretching,nu(C7-N8),bond,9.48766306998242e-06,-,-0.0002720731010030715,0.44956966026774636
46,3054.5461651288897,,,C-H stretching,tau(C7-C2-O3-C4),dihedral,9.06527268269551e-06,-,-0.0003150808169481096,0.3202918595636512
46,3054.5461651288897,,,C-H stretching,nu(C2-O3),bond,7.52333458654564e-06,+,0.0002622146654922108,0.38380035796927126
46,3054.5461651288897,,,C-H stretching,delta(O6-C5-H15),angle,1.5626951482725537e-06,+,0.00012634606116371252,0.34336798788252265
46,3054.5461651288897,,,C-H stretching,delta(O3-C4-C5),angle,1.509013977725608e-06,+,8.471082934645147e-05,0.73760584533266
46,3054.5461651288897,,,C-H stretching,delta(H17-N8-H18),angle,1.4171201550858441e-06,+,0.00014947416147936482,0.2224761076628819
46,3054.5461651288897,,,C-H stretching,tau(O3-C2-C7-O9),dihedral,5.571373965319736e-07,+,0.0001300611303726022,0.11552506365896313
46,3054.5461651288897,,,C-H stretching,tau(O9-C7-N8-H17),dihedral,2.3768441059570803e-07,+,0.0001638476733340214,0.031054825617639323
46,3054.5461651288897,,,C-H stretching,nu(N8-H18),bond,1.6464191195749006e-07,+,3.4837699116163736e-05,0.475828474339461
46,3054.5461651288897,,,C-H stretching,tau(C2-C7-N8-H18),dihedral,2.1059776834563295e-08,-,-5.284240811908096e-05,0.026454375718111652
46,3054.5461651288897,,,C-H stretching,tau(O3-C2-C7-N8),dihedral,4.206901546974027e-10,-,-3.849081113673466e-06,0.09959950414138982
47,3091.546409295859,,,mixed-phase C-H stretching,nu(C5-H15),bond,67.72948651384057,+,0.8647099631436346,0.3367814495898813
47,3091.546409295859,,,mixed-phase C-H stretching,nu(C5-H14),bond,17.53850857328254,-,-0.44373172682427886,0.33117916004476916
47,3091.546409295859,,,mixed-phase C-H stretching,nu(C4-H13),bond,13.093003389748214,-,-0.37764976119364335,0.34132818878264654
47,3091.546409295859,,,mixed-phase C-H stretching,delta(O3-C4-C5),angle,0.3438772535666518,-,-0.04163371857502359,0.73760584533266
47,3091.546409295859,,,mixed-phase C-H stretching,nu(C1-H11),bond,0.27543982356931185,-,-0.05517920087538499,0.3363467402870326
47,3091.546409295859,,,mixed-phase C-H stretching,nu(C1-H10),bond,0.22515918145465674,+,0.049100589569144065,0.3472382446251712
47,3091.546409295859,,,mixed-phase C-H stretching,delta(C4-C5-H14),angle,0.1755702203447372,+,0.0424101221420625,0.36293020366388096
47,3091.546409295859,,,mixed-phase C-H stretching,delta(O6-C5-H14),angle,0.15044821324611712,+,0.037559300778842425,0.3965183969738679
47,3091.546409295859,,,mixed-phase C-H stretching,delta(O6-C5-H15),angle,0.14525210774423133,-,-0.03965856284951611,0.34336798788252265
47,3091.546409295859,,,mixed-phase C-H stretching,delta(C5-C4-H13),angle,0.0666392191299878,+,0.02916010435540194,0.29138222577639733
47,3091.546409295859,,,mixed-phase C-H stretching,delta(C5-O6-H16),angle,0.05488186737475392,-,-0.03335197254186639,0.18344130679358742
47,3091.546409295859,,,mixed-phase C-H stretching,nu(C1-H12),bond,0.03722443635978704,-,-0.02007121024719232,0.34355186841315943
47,3091.546409295859,,,mixed-phase C-H stretching,"gamma(C2;C4,C5,H13)",oop,0.035261532404976724,+,0.016373491640343567,0.48902367153120335
47,3091.546409295859,,,mixed-phase C-H stretching,tau(C2-O3-C4-C5),dihedral,0.03448584205127161,+,0.019624839008552813,0.3329200368533325
47,3091.546409295859,,,mixed-phase C-H stretching,nu(O6-H16),bond,0.023647727172233624,+,0.013032195469128064,0.5176849510111644
47,3091.546409295859,,,mixed-phase C-H stretching,nu(C2-C4),bond,0.01726437810866187,+,0.013228347887915423,0.3668183290081972
47,3091.546409295859,,,mixed-phase C-H stretching,delta(C1-C2-C4),angle,0.014560050435235086,+,0.010710372005643174,0.47191640306808397
47,3091.546409295859,,,mixed-phase C-H stretching,delta(H14-C5-H15),angle,0.014230706111751493,-,-0.013268553468983835,0.3005319136675133
47,3091.546409295859,,,mixed-phase C-H stretching,tau(C7-C2-O3-C4),dihedral,0.011012776017283817,+,0.011306575969295869,0.3202918595636512
47,3091.546409295859,,,mixed-phase C-H stretching,nu(C5-O6),bond,0.004781446340782621,-,-0.00730420512978949,0.33321509590887466
47,3091.546409295859,,,mixed-phase C-H stretching,tau(C1-C2-C4-H13),dihedral,0.002597729968640608,-,-0.005523753364285424,0.31654594256257856
47,3091.546409295859,,,mixed-phase C-H stretching,delta(C4-C5-O6),angle,0.001649967518391892,+,0.0038009088580073305,0.4246310893417379
47,3091.546409295859,,,mixed-phase C-H stretching,"gamma(O3;C2,C1,C4)",oop,0.0013537259704048568,+,0.0017290833418410739,1.6834887239813823
47,3091.546409295859,,,mixed-phase C-H stretching,nu(C4-C5),bond,0.0009612127247962874,+,0.003557855618038957,0.2823281460877687
47,3091.546409295859,,,mixed-phase C-H stretching,tau(H15-C5-O6-H16),dihedral,0.0006921302896415857,-,-0.01285449470779831,0.015573604478316995
47,3091.546409295859,,,mixed-phase C-H stretching,delta(H11-C1-H12),angle,0.0005771805465319101,+,0.002994629941610986,0.23929667529530443
47,3091.546409295859,,,mixed-phase C-H stretching,delta(C2-C1-H11),angle,0.0004795269511809589,+,0.0021810974672042197,0.3747780774393608
47,3091.546409295859,,,mixed-phase C-H stretching,tau(O3-C4-C5-H15),dihedral,0.0003964582501595982,+,0.009065928044364758,0.017934291688590415
47,3091.546409295859,,,mixed-phase C-H stretching,tau(H12-C1-C2-O3),dihedral,0.0003659211235648006,+,0.00285801962812871,0.16655910224267684
47,3091.546409295859,,,mixed-phase C-H stretching,nu(C2-O3),bond,4.156283027566117e-05,+,0.0006345349114224513,0.38380035796927126
47,3091.546409295859,,,mixed-phase C-H stretching,tau(H10-C1-C2-C7),dihedral,3.431939235257298e-05,-,-0.000881389604416568,0.16425365664741987
47,3091.546409295859,,,mixed-phase C-H stretching,nu(N8-H17),bond,2.7629892651078234e-05,+,0.0004664708671099459,0.4721080993655485
47,3091.546409295859,,,mixed-phase C-H stretching,nu(C2-C7),bond,2.2735767136652466e-05,-,-0.0005662157368263979,0.2636677700131217
47,3091.546409295859,,,mixed-phase C-H stretching,tau(O3-C2-C7-N8),dihedral,2.006801330081978e-05,-,-0.0008655242779050553,0.09959950414138982
47,3091.546409295859,,,mixed-phase C-H stretching,nu(N8-H18),bond,1.9746327337881864e-05,+,0.000392801922529919,0.475828474339461
47,3091.546409295859,,,mixed-phase C-H stretching,tau(O3-C2-C7-O9),dihedral,6.660975911354703e-06,-,-0.00046300584718404433,0.11552506365896313
47,3091.546409295859,,,mixed-phase C-H stretching,nu(C1-C2),bond,3.971741904686034e-06,+,0.00022568448083919724,0.28992718037655574
47,3091.546409295859,,,mixed-phase C-H stretching,delta(C2-C7-N8),angle,3.495082214998614e-06,+,0.00015710356019455417,0.5264979045723385
47,3091.546409295859,,,mixed-phase C-H stretching,delta(O3-C2-C7),angle,2.8651664021050753e-06,+,0.0001450933690777543,0.506018068089154
47,3091.546409295859,,,mixed-phase C-H stretching,nu(C7-O9),bond,2.079557765250004e-06,-,-9.896027380967438e-05,0.7895152384577152
47,3091.546409295859,,,mixed-phase C-H stretching,"gamma(H10;C1,H11,H12)",oop,1.8195512044155174e-06,+,0.00017512915820972724,0.22057620785762186
47,3091.546409295859,,,mixed-phase C-H stretching,delta(H17-N8-H18),angle,1.7778339176463652e-06,-,-0.00017236915683427657,0.2224761076628819
47,3091.546409295859,,,mixed-phase C-H stretching,nu(C7-N8),bond,9.83085520175852e-07,-,-9.016807639674801e-05,0.44956966026774636
47,3091.546409295859,,,mixed-phase C-H stretching,tau(O9-C7-N8-H17),dihedral,4.0093635606250844e-07,+,0.00021909316257783944,0.031054825617639323
47,3091.546409295859,,,mixed-phase C-H stretching,tau(C2-C7-N8-H18),dihedral,3.64326245338891e-07,+,0.00022628310153512395,0.026454375718111652
47,3091.546409295859,,,mixed-phase C-H stretching,delta(N8-C7-O9),angle,3.1527045774119905e-07,+,4.771288121667819e-05,0.5149004794564609
47,3091.546409295859,,,mixed-phase C-H stretching,delta(C2-C1-H12),angle,6.610198623388531e-08,+,2.8426284238282883e-05,0.3041484625700951
47,3091.546409295859,,,mixed-phase C-H stretching,delta(C7-N8-H18),angle,2.649998484649183e-08,+,2.010472488288012e-05,0.24375900097385186
48,3112.20640424524,,,ring-site C-H stretching,nu(C4-H13),bond,83.17706902433109,+,0.9494951227356703,0.34132818878264654
48,3112.20640424524,,,ring-site C-H stretching,nu(C5-H15),bond,8.226431575536214,+,0.30061363418098624,0.3367814495898813
48,3112.20640424524,,,ring-site C-H stretching,nu(C5-H14),bond,4.1591041082996325,-,-0.2155486988404949,0.33117916004476916
48,3112.20640424524,,,ring-site C-H stretching,nu(C1-H11),bond,1.6332734624795024,-,-0.13403334349145318,0.3363467402870326
48,3112.20640424524,,,ring-site C-H stretching,nu(C1-H10),bond,1.145814974656239,+,0.11048936581271758,0.3472382446251712
48,3112.20640424524,,,ring-site C-H stretching,nu(C1-H12),bond,0.9304514253777889,+,0.10009853130663526,0.34355186841315943
48,3112.20640424524,,,ring-site C-H stretching,tau(C2-O3-C4-C5),dihedral,0.13359304124555624,-,-0.03852999576776557,0.3329200368533325
48,3112.20640424524,,,ring-site C-H stretching,nu(C2-C4),bond,0.11894760679338391,-,-0.03463612913503061,0.3668183290081972
48,3112.20640424524,,,ring-site C-H stretching,delta(O3-C4-C5),angle,0.1130337097869681,+,0.02381051702571916,0.73760584533266
48,3112.20640424524,,,ring-site C-H stretching,nu(C4-C5),bond,0.09212669891135548,-,-0.03474502885641821,0.2823281460877687
48,3112.20640424524,,,ring-site C-H stretching,tau(C7-C2-O3-C4),dihedral,0.06932434817332576,-,-0.028297427566737487,0.3202918595636512
48,3112.20640424524,,,ring-site C-H stretching,delta(C1-C2-C4),angle,0.035970219050468,-,-0.016792525435042286,0.47191640306808397
48,3112.20640424524,,,ring-site C-H stretching,delta(O6-C5-H15),angle,0.031041193373103383,-,-0.018288004202883724,0.34336798788252265
48,3112.20640424524,,,ring-site C-H stretching,delta(O6-C5-H14),angle,0.025507372072316098,+,0.015426883423880659,0.3965183969738679
48,3112.20640424524,,,ring-site C-H stretching,delta(C4-C5-O6),angle,0.023229165944126436,+,0.014226167713223511,0.4246310893417379
48,3112.20640424524,,,ring-site C-H stretching,tau(C1-C2-C4-H13),dihedral,0.022626104949405337,+,0.01626160969265718,0.31654594256257856
48,3112.20640424524,,,ring-site C-H stretching,delta(C4-C5-H14),angle,0.012321251956138856,-,-0.011207090346464683,0.36293020366388096
48,3112.20640424524,,,ring-site C-H stretching,"gamma(O3;C2,C1,C4)",oop,0.011204729435201278,-,-0.004962180880401223,1.6834887239813823
48,3112.20640424524,,,ring-site C-H stretching,delta(C5-O6-H16),angle,0.008749330259157884,-,-0.013283601766005846,0.18344130679358742
48,3112.20640424524,,,ring-site C-H stretching,delta(C2-C1-H11),angle,0.007791964507934875,+,0.008770278878305835,0.3747780774393608
48,3112.20640424524,,,ring-site C-H stretching,tau(O3-C4-C5-H15),dihedral,0.0045179273427794495,+,0.030528433265793783,0.017934291688590415
48,3112.20640424524,,,ring-site C-H stretching,delta(C5-C4-H13),angle,0.0043100722155220705,-,-0.007397547376330949,0.29138222577639733
48,3112.20640424524,,,ring-site C-H stretching,"gamma(C2;C4,C5,H13)",oop,0.003968956720664048,+,0.005479617583438858,0.48902367153120335
48,3112.20640424524,,,ring-site C-H stretching,nu(O6-H16),bond,0.0032567020369908425,+,0.004824288292622542,0.5176849510111644
48,3112.20640424524,,,ring-site C-H stretching,tau(H10-C1-C2-C7),dihedral,0.0014768806784756856,-,-0.005767560927734744,0.16425365664741987
48,3112.20640424524,,,ring-site C-H stretching,delta(H14-C5-H15),angle,0.0010496092702636766,-,-0.0035945583718343826,0.3005319136675133
48,3112.20640424524,,,ring-site C-H stretching,"gamma(H10;C1,H11,H12)",oop,0.0009573488703851254,+,0.0040071240895986765,0.22057620785762186
48,3112.20640424524,,,ring-site C-H stretching,tau(H12-C1-C2-O3),dihedral,0.0007249081348877785,+,0.004012678001415517,0.16655910224267684
48,3112.20640424524,,,ring-site C-H stretching,nu(C2-O3),bond,0.0006230406947212474,-,-0.0024506569928214902,0.38380035796927126
48,3112.20640424524,,,ring-site C-H stretching,delta(H11-C1-H12),angle,0.0005733672237706229,+,0.0029773172194013198,0.23929667529530443
48,3112.20640424524,,,ring-site C-H stretching,nu(N8-H17),bond,0.00020295060462980377,-,-0.0012611056144341535,0.4721080993655485
48,3112.20640424524,,,ring-site C-H stretching,nu(C1-C2),bond,0.0001857498225335775,-,-0.0015395604566222697,0.28992718037655574
48,3112.20640424524,,,ring-site C-H stretching,delta(C2-C1-H12),angle,0.00016165419337564336,-,-0.0014022572195820722,0.3041484625700951
48,3112.20640424524,,,ring-site C-H stretching,nu(C5-O6),bond,7.841271188167066e-05,+,0.0009330564359090511,0.33321509590887466
48,3112.20640424524,,,ring-site C-H stretching,nu(N8-H18),bond,5.8420197461561384e-05,-,-0.0006739587352042384,0.475828474339461
48,3112.20640424524,,,ring-site C-H stretching,tau(H15-C5-O6-H16),dihedral,4.851115195545546e-05,-,-0.0033947143280126752,0.015573604478316995
48,3112.20640424524,,,ring-site C-H stretching,nu(C7-O9),bond,3.49528234471696e-05,+,0.0004047043600498495,0.7895152384577152
48,3112.20640424524,,,ring-site C-H stretching,nu(C2-C7),bond,3.425786610177543e-05,+,0.0006933118780007593,0.2636677700131217
48,3112.20640424524,,,ring-site C-H stretching,delta(H17-N8-H18),angle,3.297429450815722e-05,+,0.0007404966146444472,0.2224761076628819
48,3112.20640424524,,,ring-site C-H stretching,tau(O3-C2-C7-N8),dihedral,2.801617696292796e-05,+,0.0010201237479245595,0.09959950414138982
48,3112.20640424524,,,ring-site C-H stretching,nu(C7-N8),bond,2.2268763574256044e-05,+,0.00042808160361786166,0.44956966026774636
48,3112.20640424524,,,ring-site C-H stretching,delta(C2-C7-N8),angle,2.0893128800525815e-05,-,-0.0003831602317356522,0.5264979045723385
48,3112.20640424524,,,ring-site C-H stretching,delta(N8-C7-O9),angle,1.5015394667307174e-05,-,-0.0003284609447856231,0.5149004794564609
48,3112.20640424524,,,ring-site C-H stretching,tau(O9-C7-N8-H17),dihedral,2.8321958449604463e-06,-,-0.0005808635211785534,0.031054825617639323
48,3112.20640424524,,,ring-site C-H stretching,delta(O3-C2-C7),angle,2.505369681384955e-06,+,0.00013534116379305204,0.506018068089154
48,3112.20640424524,,,ring-site C-H stretching,tau(C2-C7-N8-H18),dihedral,3.7842379587643793e-07,-,-0.00023004747466447593,0.026454375718111652
48,3112.20640424524,,,ring-site C-H stretching,tau(O3-C2-C7-O9),dihedral,6.819658282579012e-08,+,4.67326284748392e-05,0.11552506365896313
48,3112.20640424524,,,ring-site C-H stretching,delta(C7-N8-H18),angle,1.8356853749016918e-08,+,1.6691516775711545e-05,0.24375900097385186
49,3117.665641396605,,,mixed-phase C-H stretching,nu(C1-H12),bond,47.80368529881904,-,-0.7225096715872109,0.34355186841315943
49,3117.665641396605,,,mixed-phase C-H stretching,nu(C1-H11),bond,36.499743216546186,+,0.6380583934703314,0.3363467402870326
49,3117.665641396605,,,mixed-phase C-H stretching,nu(C1-H10),bond,11.58867222989547,-,-0.3538442940894871,0.3472382446251712
49,3117.665641396605,,,mixed-phase C-H stretching,nu(C4-H13),bond,2.3850934218324995,+,0.16191077524316358,0.34132818878264654
49,3117.665641396605,,,mixed-phase C-H stretching,nu(C5-H14),bond,0.7511683136261507,-,-0.09224572803590798,0.33117916004476916
49,3117.665641396605,,,mixed-phase C-H stretching,nu(C5-H15),bond,0.429424462612728,+,0.06916373569526772,0.3367814495898813
49,3117.665641396605,,,mixed-phase C-H stretching,delta(C2-C1-H11),angle,0.20823507566904428,-,-0.0456561184275608,0.3747780774393608
49,3117.665641396605,,,mixed-phase C-H stretching,delta(C1-C2-C4),angle,0.06256799226554761,-,-0.022302456765198618,0.47191640306808397
49,3117.665641396605,,,mixed-phase C-H stretching,"gamma(O3;C2,C1,C4)",oop,0.0542413992341006,-,-0.010994347742691367,1.6834887239813823
49,3117.665641396605,,,mixed-phase C-H stretching,tau(H10-C1-C2-C7),dihedral,0.0517608935683292,+,0.034383690763255294,0.16425365664741987
49,3117.665641396605,,,mixed-phase C-H stretching,tau(C1-C2-C4-H13),dihedral,0.04941756461659702,-,-0.024200894969359364,0.31654594256257856
49,3117.665641396605,,,mixed-phase C-H stretching,delta(C2-C1-H12),angle,0.041680615922462354,+,0.022674273679068276,0.3041484625700951
49,3117.665641396605,,,mixed-phase C-H stretching,"gamma(H10;C1,H11,H12)",oop,0.01965344417458311,-,-0.01828307053444605,0.22057620785762186
49,3117.665641396605,,,mixed-phase C-H stretching,tau(H12-C1-C2-O3),dihedral,0.01700022636816955,-,-0.01956826402839017,0.16655910224267684
49,3117.665641396605,,,mixed-phase C-H stretching,nu(C1-C2),bond,0.014778826716741114,+,0.013828804773851894,0.28992718037655574
49,3117.665641396605,,,mixed-phase C-H stretching,nu(C2-C4),bond,0.005303495438658485,-,-0.007364863783592288,0.3668183290081972
49,3117.665641396605,,,mixed-phase C-H stretching,tau(C2-O3-C4-C5),dihedral,0.003288712249747472,-,-0.006087684042719712,0.3329200368533325
49,3117.665641396605,,,mixed-phase C-H stretching,tau(C7-C2-O3-C4),dihedral,0.0028096378418041054,-,-0.0057366896343420265,0.3202918595636512
49,3117.665641396605,,,mixed-phase C-H stretching,delta(O6-C5-H14),angle,0.002483358456278029,+,0.004847269516937886,0.3965183969738679
49,3117.665641396605,,,mixed-phase C-H stretching,delta(O6-C5-H15),angle,0.0023241633691173788,-,-0.005039211161594896,0.34336798788252265
49,3117.665641396605,,,mixed-phase C-H stretching,nu(C4-C5),bond,0.0017182869421994008,-,-0.0047783712611749445,0.2823281460877687
49,3117.665641396605,,,mixed-phase C-H stretching,delta(O3-C4-C5),angle,0.0015957026714669587,+,0.002848872048743383,0.73760584533266
49,3117.665641396605,,,mixed-phase C-H stretching,delta(H11-C1-H12),angle,0.0014956868491677368,-,-0.004842405322340666,0.23929667529530443
49,3117.665641396605,,,mixed-phase C-H stretching,delta(C5-O6-H16),angle,0.0006231520594194608,-,-0.0035699125909863373,0.18344130679358742
49,3117.665641396605,,,mixed-phase C-H stretching,nu(O6-H16),bond,0.00028326129570606704,+,0.0014327485630707276,0.5176849510111644
49,3117.665641396605,,,mixed-phase C-H stretching,delta(C4-C5-O6),angle,0.0002573126229332442,+,0.00150776544190349,0.4246310893417379
49,3117.665641396605,,,mixed-phase C-H stretching,tau(O3-C4-C5-H15),dihedral,0.00024563240660694844,+,0.007168195644503703,0.017934291688590415
49,3117.665641396605,,,mixed-phase C-H stretching,"gamma(C2;C4,C5,H13)",oop,0.00016678287211408898,+,0.0011311492613851164,0.48902367153120335
49,3117.665641396605,,,mixed-phase C-H stretching,nu(C5-O6),bond,0.00011546399738869166,+,0.00114017126941768,0.33321509590887466
49,3117.665641396605,,,mixed-phase C-H stretching,tau(O3-C2-C7-N8),dihedral,3.078595282598746e-05,+,0.0010768540473181942,0.09959950414138982
49,3117.665641396605,,,mixed-phase C-H stretching,nu(C2-O3),bond,2.4371558756549768e-05,+,0.0004880879643781757,0.38380035796927126
49,3117.665641396605,,,mixed-phase C-H stretching,nu(C2-C7),bond,2.144982071761013e-05,+,0.000552449319903307,0.2636677700131217
49,3117.665641396605,,,mixed-phase C-H stretching,nu(C7-O9),bond,1.8144702478955933e-05,-,-0.0002936322820395927,0.7895152384577152
49,3117.665641396605,,,mixed-phase C-H stretching,tau(H15-C5-O6-H16),dihedral,1.696802239855511e-05,-,-0.0020217626868670284,0.015573604478316995
49,3117.665641396605,,,mixed-phase C-H stretching,delta(C5-C4-H13),angle,1.589454758690753e-05,+,0.0004523782229989708,0.29138222577639733
49,3117.665641396605,,,mixed-phase C-H stretching,delta(O3-C2-C7),angle,1.296667028561912e-05,-,-0.00031005615341597303,0.506018068089154
49,3117.665641396605,,,mixed-phase C-H stretching,tau(O3-C2-C7-O9),dihedral,5.378338927227854e-06,+,0.00041792187925650444,0.11552506365896313
49,3117.665641396605,,,mixed-phase C-H stretching,delta(C4-C5-H14),angle,4.732137943012631e-06,-,-0.00022117002895105626,0.36293020366388096
49,3117.665641396605,,,mixed-phase C-H stretching,nu(C7-N8),bond,3.820601738818772e-06,+,0.00017855685182955016,0.44956966026774636
49,3117.665641396605,,,mixed-phase C-H stretching,tau(C2-C7-N8-H18),dihedral,2.9964936092305035e-06,-,-0.0006518790924831979,0.026454375718111652
49,3117.665641396605,,,mixed-phase C-H stretching,nu(N8-H18),bond,2.4868002964523383e-06,-,-0.0001400246109203795,0.475828474339461
49,3117.665641396605,,,mixed-phase C-H stretching,delta(C7-N8-H18),angle,2.2655978126855165e-06,-,-0.00018673262860525544,0.24375900097385186
49,3117.665641396605,,,mixed-phase C-H stretching,nu(N8-H17),bond,1.337437138168533e-06,+,0.000103092031256947,0.4721080993655485
49,3117.665641396605,,,mixed-phase C-H stretching,delta(C2-C7-N8),angle,1.1685912546221586e-06,-,-9.12519440307213e-05,0.5264979045723385
49,3117.665641396605,,,mixed-phase C-H stretching,delta(H17-N8-H18),angle,9.421106598203236e-07,+,0.0001260429046992176,0.2224761076628819
49,3117.665641396605,,,mixed-phase C-H stretching,delta(H14-C5-H15),angle,5.740812177608418e-07,+,8.465458865543777e-05,0.3005319136675133
49,3117.665641396605,,,mixed-phase C-H stretching,delta(N8-C7-O9),angle,7.536103236014559e-08,+,2.343262295396148e-05,0.5149004794564609
49,3117.665641396605,,,mixed-phase C-H stretching,tau(O9-C7-N8-H17),dihedral,1.023308848583599e-08,+,3.5159925836622604e-05,0.031054825617639323
50,3149.9606750386897,,,mixed-phase C-H stretching,nu(C1-H10),bond,69.67107111793077,-,-0.8761662100899628,0.3472382446251712
50,3149.9606750386897,,,mixed-phase C-H stretching,nu(C1-H12),bond,27.84178553667355,+,0.5568348615561424,0.34355186841315943
50,3149.9606750386897,,,mixed-phase C-H stretching,nu(C1-H11),bond,1.185011078714032,+,0.11610251472071907,0.3363467402870326
50,3149.9606750386897,,,mixed-phase C-H stretching,nu(C5-H14),bond,0.6792334167744001,-,-0.08858334069040362,0.33117916004476916
50,3149.9606750386897,,,mixed-phase C-H stretching,nu(C5-H15),bond,0.12286762295137056,+,0.03736101616245224,0.3367814495898813
50,3149.9606750386897,,,mixed-phase C-H stretching,delta(C2-C1-H12),angle,0.09828132994357405,-,-0.03516144643116822,0.3041484625700951
50,3149.9606750386897,,,mixed-phase C-H stretching,delta(H11-C1-H12),angle,0.09471795031337947,-,-0.03891543111212372,0.23929667529530443
50,3149.9606750386897,,,mixed-phase C-H stretching,nu(C4-H13),bond,0.06773095921449139,+,0.0275538041814098,0.34132818878264654
50,3149.9606750386897,,,mixed-phase C-H stretching,delta(C1-C2-C4),angle,0.06438280564682819,-,-0.02284685604663538,0.47191640306808397
50,3149.9606750386897,,,mixed-phase C-H stretching,tau(C1-C2-C4-H13),dihedral,0.05149984722262429,+,0.024949315065576193,0.31654594256257856
50,3149.9606750386897,,,mixed-phase C-H stretching,"gamma(O3;C2,C1,C4)",oop,0.0406441244492799,+,0.009610983086788726,1.6834887239813823
50,3149.9606750386897,,,mixed-phase C-H stretching,"gamma(H10;C1,H11,H12)",oop,0.02535421999880734,-,-0.020971033153208345,0.22057620785762186
50,3149.9606750386897,,,mixed-phase C-H stretching,tau(H12-C1-C2-O3),dihedral,0.02469562631950363,-,-0.02381770267591713,0.16655910224267684
50,3149.9606750386897,,,mixed-phase C-H stretching,delta(C2-C1-H11),angle,0.016701784382616006,-,-0.013057750903641106,0.3747780774393608
50,3149.9606750386897,,,mixed-phase C-H stretching,nu(C1-C2),bond,0.005769976305306455,+,0.008726027584963889,0.28992718037655574
50,3149.9606750386897,,,mixed-phase C-H stretching,tau(H10-C1-C2-C7),dihedral,0.004051715095057293,-,-0.009714846861025531,0.16425365664741987
50,3149.9606750386897,,,mixed-phase C-H stretching,delta(O6-C5-H14),angle,0.001184285921192621,+,0.0033804198636198574,0.3965183969738679
50,3149.9606750386897,,,mixed-phase C-H stretching,delta(O6-C5-H15),angle,0.001095826262257461,-,-0.003494338579493284,0.34336798788252265
50,3149.9606750386897,,,mixed-phase C-H stretching,delta(C4-C5-H14),angle,0.0006254994198852682,+,0.0025678871384275568,0.36293020366388096
50,3149.9606750386897,,,mixed-phase C-H stretching,nu(C2-C4),bond,0.0005473780437231821,-,-0.0023894184079196945,0.3668183290081972
50,3149.9606750386897,,,mixed-phase C-H stretching,nu(C2-O3),bond,0.0004746319878158354,-,-0.002175203267721239,0.38380035796927126
50,3149.9606750386897,,,mixed-phase C-H stretching,delta(C5-C4-H13),angle,0.00033544969747258076,+,0.0020987282419552547,0.29138222577639733
50,3149.9606750386897,,,mixed-phase C-H stretching,delta(C5-O6-H16),angle,0.00027820393528011755,-,-0.0024088352583316605,0.18344130679358742
50,3149.9606750386897,,,mixed-phase C-H stretching,delta(O3-C4-C5),angle,0.00023336247602969503,-,-0.001100214514002391,0.73760584533266
50,3149.9606750386897,,,mixed-phase C-H stretching,nu(N8-H18),bond,0.00018918166858638362,-,-0.0012333556986945599,0.475828474339461
50,3149.9606750386897,,,mixed-phase C-H stretching,delta(C4-C5-O6),angle,0.00015426047138905215,-,-0.0011789502145413155,0.4246310893417379
50,3149.9606750386897,,,mixed-phase C-H stretching,nu(C7-O9),bond,0.00014392109608444057,+,0.0008351336888150204,0.7895152384577152
50,3149.9606750386897,,,mixed-phase C-H stretching,nu(N8-H17),bond,0.00013609668173308052,-,-0.0010502122394103605,0.4721080993655485
50,3149.9606750386897,,,mixed-phase C-H stretching,nu(C5-O6),bond,0.00012980681710924547,+,0.0012208447754854417,0.33321509590887466
50,3149.9606750386897,,,mixed-phase C-H stretching,delta(H14-C5-H15),angle,0.0001201108794689256,+,0.0012365734216913588,0.3005319136675133
50,3149.9606750386897,,,mixed-phase C-H stretching,nu(O6-H16),bond,8.779809207320351e-05,+,0.0008055338624902856,0.5176849510111644
50,3149.9606750386897,,,mixed-phase C-H stretching,nu(C2-C7),bond,8.711513486872386e-05,+,0.0011243261616329867,0.2636677700131217
50,3149.9606750386897,,,mixed-phase C-H stretching,tau(C7-C2-O3-C4),dihedral,8.604099468464958e-05,-,-0.001013803516825669,0.3202918595636512
50,3149.9606750386897,,,mixed-phase C-H stretching,nu(C7-N8),bond,8.101948248738341e-05,-,-0.0008303673563485437,0.44956966026774636
50,3149.9606750386897,,,mixed-phase C-H stretching,"gamma(C2;C4,C5,H13)",oop,6.708986446495896e-05,+,0.0007244985972545352,0.48902367153120335
50,3149.9606750386897,,,mixed-phase C-H stretching,nu(C4-C5),bond,5.0870433509786925e-05,+,0.0008302897256423719,0.2823281460877687
50,3149.9606750386897,,,mixed-phase C-H stretching,tau(O3-C4-C5-H15),dihedral,4.4971254205224484e-05,+,0.0030974151489025696,0.017934291688590415
50,3149.9606750386897,,,mixed-phase C-H stretching,tau(H15-C5-O6-H16),dihedral,2.0925155455402064e-05,-,-0.0022673251679339785,0.015573604478316995
50,3149.9606750386897,,,mixed-phase C-H stretching,delta(N8-C7-O9),angle,9.989354385168823e-06,+,0.0002724464132684541,0.5149004794564609
50,3149.9606750386897,,,mixed-phase C-H stretching,tau(C2-O3-C4-C5),dihedral,8.019239980353739e-06,+,0.00030357826231988406,0.3329200368533325
50,3149.9606750386897,,,mixed-phase C-H stretching,delta(C2-C7-N8),angle,2.5447457754298536e-06,-,-0.0001359871619536886,0.5264979045723385
50,3149.9606750386897,,,mixed-phase C-H stretching,tau(O3-C2-C7-O9),dihedral,2.281235758640952e-06,+,0.0002748659919670116,0.11552506365896313
50,3149.9606750386897,,,mixed-phase C-H stretching,delta(H17-N8-H18),angle,1.6984724329868506e-06,+,0.00017090768637081084,0.2224761076628819
50,3149.9606750386897,,,mixed-phase C-H stretching,delta(O3-C2-C7),angle,9.735983992193986e-07,+,8.579874712968122e-05,0.506018068089154
50,3149.9606750386897,,,mixed-phase C-H stretching,tau(O3-C2-C7-N8),dihedral,8.353181601067867e-07,+,0.0001791312704842764,0.09959950414138982
50,3149.9606750386897,,,mixed-phase C-H stretching,delta(C7-N8-H18),angle,6.516115509334116e-07,+,0.0001011318819808102,0.24375900097385186
50,3149.9606750386897,,,mixed-phase C-H stretching,tau(C2-C7-N8-H18),dihedral,4.744686473678883e-08,-,-8.283789107431581e-05,0.026454375718111652
50,3149.9606750386897,,,mixed-phase C-H stretching,tau(O9-C7-N8-H17),dihedral,1.2712920062446303e-09,-,-1.251503715581588e-05,0.031054825617639323
51,3577.3152373988473,,,in-phase N-H stretching,nu(N8-H17),bond,54.7646638259036,+,0.7528249057692532,0.4721080993655485
51,3577.3152373988473,,,in-phase N-H stretching,nu(N8-H18),bond,44.82937950403331,+,0.678454365334429,0.475828474339461
51,3577.3152373988473,,,in-phase N-H stretching,nu(C7-N8),bond,0.24370643341726675,-,-0.05146352033943436,0.44956966026774636
51,3577.3152373988473,,,in-phase N-H stretching,delta(H17-N8-H18),angle,0.12416528056045899,-,-0.052218319266767094,0.2224761076628819
51,3577.3152373988473,,,in-phase N-H stretching,delta(C7-N8-H18),angle,0.03675919335741996,+,0.027143581246226817,0.24375900097385186
51,3577.3152373988473,,,in-phase N-H stretching,nu(C7-O9),bond,0.00030831812171009103,-,-0.001381286471809661,0.7895152384577152
51,3577.3152373988473,,,in-phase N-H stretching,nu(O6-H16),bond,0.0001854411755243641,-,-0.0013229237298441028,0.5176849510111644
51,3577.3152373988473,,,in-phase N-H stretching,nu(C4-H13),bond,0.0001828564435293127,+,0.0016178324690192454,0.34132818878264654
51,3577.3152373988473,,,in-phase N-H stretching,delta(C2-C7-N8),angle,0.0001674021558237177,+,0.0012463691497042447,0.5264979045723385
51,3577.3152373988473,,,in-phase N-H stretching,delta(N8-C7-O9),angle,0.00014564517636879776,-,-0.001175576499734552,0.5149004794564609
51,3577.3152373988473,,,in-phase N-H stretching,nu(C1-H10),bond,9.756880709922197e-05,-,-0.0011716724344877966,0.3472382446251712
51,3577.3152373988473,,,in-phase N-H stretching,nu(C1-H12),bond,9.096379268579766e-05,+,0.001137372211943271,0.34355186841315943
51,3577.3152373988473,,,in-phase N-H stretching,tau(O3-C2-C7-N8),dihedral,3.912021417215525e-05,+,0.0013852766526752545,0.09959950414138982
51,3577.3152373988473,,,in-phase N-H stretching,tau(C2-C7-N8-H18),dihedral,1.8007022517632008e-05,+,0.0018236298241068594,0.026454375718111652
51,3577.3152373988473,,,in-phase N-H stretching,tau(O9-C7-N8-H17),dihedral,1.4331359956173987e-05,-,-0.0015015633019301478,0.031054825617639323
51,3577.3152373988473,,,in-phase N-H stretching,delta(C5-C4-H13),angle,1.4127027027417961e-05,-,-0.0004866966431103213,0.29138222577639733
51,3577.3152373988473,,,in-phase N-H stretching,delta(O3-C4-C5),angle,1.2052918227666837e-05,+,0.0002825520230649775,0.73760584533266
51,3577.3152373988473,,,in-phase N-H stretching,"gamma(O3;C2,C1,C4)",oop,1.1396902689240092e-05,-,-0.00018186654028701612,1.6834887239813823
51,3577.3152373988473,,,in-phase N-H stretching,nu(C2-O3),bond,7.929824534783596e-06,-,-0.0003177192963804239,0.38380035796927126
51,3577.3152373988473,,,in-phase N-H stretching,nu(C2-C7),bond,7.720038196985428e-06,+,0.00037822104696730915,0.2636677700131217
51,3577.3152373988473,,,in-phase N-H stretching,nu(C1-H11),bond,4.52573009613933e-06,+,0.0002563983372819344,0.3363467402870326
51,3577.3152373988473,,,in-phase N-H stretching,delta(C4-C5-H14),angle,2.209882114929985e-06,-,-0.00017247950149990835,0.36293020366388096
51,3577.3152373988473,,,in-phase N-H stretching,"gamma(H10;C1,H11,H12)",oop,2.0685697690282573e-06,+,0.00021405247051367243,0.22057620785762186
51,3577.3152373988473,,,in-phase N-H stretching,nu(C2-C4),bond,1.728524797261481e-06,+,0.00015173186083767168,0.3668183290081972
51,3577.3152373988473,,,in-phase N-H stretching,delta(C2-C1-H12),angle,1.7127336964336497e-06,+,0.00016586952436349955,0.3041484625700951
51,3577.3152373988473,,,in-phase N-H stretching,"gamma(C2;C4,C5,H13)",oop,1.3196901861193654e-06,-,-0.00011482475925661604,0.48902367153120335
51,3577.3152373988473,,,in-phase N-H stretching,tau(C7-C2-O3-C4),dihedral,1.2813949720860413e-06,+,0.00013980833006123155,0.3202918595636512
51,3577.3152373988473,,,in-phase N-H stretching,delta(O3-C2-C7),angle,1.2712206211057603e-06,-,-0.00011078780130816363,0.506018068089154
51,3577.3152373988473,,,in-phase N-H stretching,delta(C1-C2-C4),angle,1.2466249615188213e-06,-,-0.00011360563245697044,0.47191640306808397
51,3577.3152373988473,,,in-phase N-H stretching,tau(C1-C2-C4-H13),dihedral,1.1718903787913793e-06,-,-0.0001344898811380635,0.31654594256257856
51,3577.3152373988473,,,in-phase N-H stretching,tau(C2-O3-C4-C5),dihedral,6.34093095477999e-07,+,9.64652815266785e-05,0.3329200368533325
51,3577.3152373988473,,,in-phase N-H stretching,delta(C5-O6-H16),angle,5.668005744932393e-07,+,0.00012286581452182057,0.18344130679358742
51,3577.3152373988473,,,in-phase N-H stretching,delta(C4-C5-O6),angle,5.60816448234588e-07,-,-8.032837256942661e-05,0.4246310893417379
51,3577.3152373988473,,,in-phase N-H stretching,nu(C1-C2),bond,5.572452513197123e-07,-,-9.690433668676159e-05,0.28992718037655574
51,3577.3152373988473,,,in-phase N-H stretching,nu(C5-H14),bond,4.847023441666397e-07,-,-8.456108580268002e-05,0.33117916004476916
51,3577.3152373988473,,,in-phase N-H stretching,nu(C4-C5),bond,4.2015517267895327e-07,+,8.52692140804205e-05,0.2823281460877687
51,3577.3152373988473,,,in-phase N-H stretching,delta(C2-C1-H11),angle,3.8440649041671e-07,-,-7.079013774388606e-05,0.3747780774393608
51,3577.3152373988473,,,in-phase N-H stretching,tau(H10-C1-C2-C7),dihedral,2.856806009068068e-07,-,-9.218225822137896e-05,0.16425365664741987
51,3577.3152373988473,,,in-phase N-H stretching,tau(H12-C1-C2-O3),dihedral,1.971559536015164e-07,+,7.6047554610679e-05,0.16655910224267684
51,3577.3152373988473,,,in-phase N-H stretching,delta(H14-C5-H15),angle,8.433856549202e-08,+,3.702817414124105e-05,0.3005319136675133
51,3577.3152373988473,,,in-phase N-H stretching,delta(H11-C1-H12),angle,4.1776741116283936e-08,-,-2.920541878355437e-05,0.23929667529530443
51,3577.3152373988473,,,in-phase N-H stretching,nu(C5-H15),bond,4.133768297295369e-08,+,2.4488572804119275e-05,0.3367814495898813
51,3577.3152373988473,,,in-phase N-H stretching,tau(O3-C2-C7-O9),dihedral,2.64931296694096e-08,+,3.347287496837229e-05,0.11552506365896313
51,3577.3152373988473,,,in-phase N-H stretching,tau(O3-C4-C5-H15),dihedral,2.2906136994420376e-08,-,-7.899476353144899e-05,0.017934291688590415
51,3577.3152373988473,,,in-phase N-H stretching,delta(O6-C5-H14),angle,2.1151946844839224e-08,+,1.6143882698185918e-05,0.3965183969738679
51,3577.3152373988473,,,in-phase N-H stretching,nu(C5-O6),bond,1.3731144531618276e-08,-,-1.4189122104292976e-05,0.33321509590887466
51,3577.3152373988473,,,in-phase N-H stretching,delta(O6-C5-H15),angle,2.506798574638064e-09,+,5.972337043410824e-06,0.34336798788252265
51,3577.3152373988473,,,in-phase N-H stretching,tau(H15-C5-O6-H16),dihedral,1.881896892787179e-10,+,7.683654586290827e-06,0.015573604478316995
52,3712.229459223943,,,opposite-phase N-H stretching,nu(N8-H18),bond,54.86876478012952,-,-0.776574424762858,0.475828474339461
52,3712.229459223943,,,opposite-phase N-H stretching,nu(N8-H17),bond,44.80939221236221,+,0.7045462484209235,0.4721080993655485
52,3712.229459223943,,,opposite-phase N-H stretching,delta(C7-N8-H18),angle,0.11936644499931384,+,0.05060652363447878,0.24375900097385186
52,3712.229459223943,,,opposite-phase N-H stretching,delta(N8-C7-O9),angle,0.1006027151616202,-,-0.03196604515144957,0.5149004794564609
52,3712.229459223943,,,opposite-phase N-H stretching,delta(C2-C7-N8),angle,0.10009748414253565,+,0.03153254056743181,0.5264979045723385
52,3712.229459223943,,,opposite-phase N-H stretching,nu(C7-O9),bond,0.0005346449145306277,-,-0.0018819070420895319,0.7895152384577152
52,3712.229459223943,,,opposite-phase N-H stretching,nu(C7-N8),bond,0.0003969916711196058,+,0.002149007375401519,0.44956966026774636
52,3712.229459223943,,,opposite-phase N-H stretching,delta(H17-N8-H18),angle,0.00034317715932704793,-,-0.0028402933978577977,0.2224761076628819
52,3712.229459223943,,,opposite-phase N-H stretching,nu(O6-H16),bond,0.00022944158771082647,-,-0.0015224709164830942,0.5176849510111644
52,3712.229459223943,,,opposite-phase N-H stretching,tau(O9-C7-N8-H17),dihedral,8.522029049596463e-05,+,0.003788372394967046,0.031054825617639323
52,3712.229459223943,,,opposite-phase N-H stretching,nu(C2-C7),bond,5.898207511610036e-05,+,0.001081626219889696,0.2636677700131217
52,3712.229459223943,,,opposite-phase N-H stretching,tau(O3-C2-C7-N8),dihedral,3.9774591614706534e-05,+,0.0014451734759359188,0.09959950414138982
52,3712.229459223943,,,opposite-phase N-H stretching,tau(C2-C7-N8-H18),dihedral,2.8968860028092604e-05,+,0.0023931099345341957,0.026454375718111652
52,3712.229459223943,,,opposite-phase N-H stretching,nu(C1-H10),bond,8.85925516611547e-06,+,0.0003652839032708318,0.3472382446251712
52,3712.229459223943,,,opposite-phase N-H stretching,nu(C4-H13),bond,6.49816718071636e-06,+,0.00031554046975554875,0.34132818878264654
52,3712.229459223943,,,opposite-phase N-H stretching,delta(C1-C2-C4),angle,6.1512521263620524e-06,+,0.00026109282256259913,0.47191640306808397
52,3712.229459223943,,,opposite-phase N-H stretching,nu(C1-C2),bond,3.975062550856885e-06,-,-0.0002677769700979398,0.28992718037655574
52,3712.229459223943,,,opposite-phase N-H stretching,delta(C5-C4-H13),angle,3.637860882990734e-06,-,-0.0002555272499207688,0.29138222577639733
52,3712.229459223943,,,opposite-phase N-H stretching,"gamma(O3;C2,C1,C4)",oop,3.4957783692643817e-06,-,-0.00010421075566671931,1.6834887239813823
52,3712.229459223943,,,opposite-phase N-H stretching,nu(C2-O3),bond,3.2940733631529136e-06,-,-0.00021186521179142133,0.38380035796927126
52,3712.229459223943,,,opposite-phase N-H stretching,delta(O3-C2-C7),angle,3.2680654430930053e-06,+,0.00018378415502042246,0.506018068089154
52,3712.229459223943,,,opposite-phase N-H stretching,tau(C1-C2-C4-H13),dihedral,3.1480304929232645e-06,-,-0.0002280587792373317,0.31654594256257856
52,3712.229459223943,,,opposite-phase N-H stretching,tau(C2-O3-C4-C5),dihedral,2.4207889033440693e-06,+,0.00019500879494555574,0.3329200368533325
52,3712.229459223943,,,opposite-phase N-H stretching,nu(C1-H12),bond,2.078280151993061e-06,+,0.0001778695446509237,0.34355186841315943
52,3712.229459223943,,,opposite-phase N-H stretching,"gamma(C2;C4,C5,H13)",oop,1.9281674577254105e-06,-,-0.0001435995698891408,0.48902367153120335
52,3712.229459223943,,,opposite-phase N-H stretching,delta(O3-C4-C5),angle,1.8910348132219918e-06,+,0.00011579326314002078,0.73760584533266
52,3712.229459223943,,,opposite-phase N-H stretching,nu(C5-H15),bond,1.6467644451017955e-06,+,0.00015991432363168405,0.3367814495898813
52,3712.229459223943,,,opposite-phase N-H stretching,nu(C2-C4),bond,1.5981700860381435e-06,-,-0.00015094950398693993,0.3668183290081972
52,3712.229459223943,,,opposite-phase N-H stretching,delta(C2-C1-H12),angle,1.2599162170487172e-06,+,0.00014718844797069008,0.3041484625700951
52,3712.229459223943,,,opposite-phase N-H stretching,tau(H10-C1-C2-C7),dihedral,1.0131061916608416e-06,-,-0.0001796038603807299,0.16425365664741987
52,3712.229459223943,,,opposite-phase N-H stretching,delta(C2-C1-H11),angle,7.684546433449562e-07,+,0.00010355420424803402,0.3747780774393608
52,3712.229459223943,,,opposite-phase N-H stretching,nu(C5-H14),bond,5.571987624548611e-07,+,9.380355053812545e-05,0.33117916004476916
52,3712.229459223943,,,opposite-phase N-H stretching,tau(C7-C2-O3-C4),dihedral,4.082600095240697e-07,+,8.164717747687918e-05,0.3202918595636512
52,3712.229459223943,,,opposite-phase N-H stretching,nu(C5-O6),bond,2.637783180301651e-07,+,6.434323893534778e-05,0.33321509590887466
52,3712.229459223943,,,opposite-phase N-H stretching,delta(O6-C5-H14),angle,2.0313955641456522e-07,-,-5.1762028155818636e-05,0.3965183969738679
52,3712.229459223943,,,opposite-phase N-H stretching,delta(C4-C5-O6),angle,1.4547358663185654e-07,-,-4.23284031539462e-05,0.4246310893417379
52,3712.229459223943,,,opposite-phase N-H stretching,delta(O6-C5-H15),angle,1.394746076479738e-07,-,-4.6090707861454864e-05,0.34336798788252265
52,3712.229459223943,,,opposite-phase N-H stretching,nu(C1-H11),bond,1.3940367610182306e-07,+,4.6557452332619415e-05,0.3363467402870326
52,3712.229459223943,,,opposite-phase N-H stretching,tau(H12-C1-C2-O3),dihedral,1.2157362632067285e-07,-,-6.178473745513264e-05,0.16655910224267684
52,3712.229459223943,,,opposite-phase N-H stretching,delta(H11-C1-H12),angle,1.097404238316424e-07,+,4.8973448908961524e-05,0.23929667529530443
52,3712.229459223943,,,opposite-phase N-H stretching,delta(C4-C5-H14),angle,6.37027102804261e-08,-,-3.0297940229667267e-05,0.36293020366388096
52,3712.229459223943,,,opposite-phase N-H stretching,tau(O3-C2-C7-O9),dihedral,3.4092816318631667e-08,-,-3.928611075970914e-05,0.11552506365896313
52,3712.229459223943,,,opposite-phase N-H stretching,nu(C4-C5),bond,1.3976680586827785e-08,-,-1.6090540677431748e-05,0.2823281460877687
52,3712.229459223943,,,opposite-phase N-H stretching,delta(C5-O6-H16),angle,1.278907873956298e-08,-,-1.9094872747969e-05,0.18344130679358742
52,3712.229459223943,,,opposite-phase N-H stretching,tau(H15-C5-O6-H16),dihedral,7.680802938774197e-09,-,-5.0787220667735664e-05,0.015573604478316995
52,3712.229459223943,,,opposite-phase N-H stretching,"gamma(H10;C1,H11,H12)",oop,6.221137555959096e-09,-,-1.2145105024236188e-05,0.22057620785762186
52,3712.229459223943,,,opposite-phase N-H stretching,delta(H14-C5-H15),angle,3.3029248796559274e-09,+,7.581406014382782e-06,0.3005319136675133
52,3712.229459223943,,,opposite-phase N-H stretching,tau(O3-C4-C5-H15),dihedral,1.770740333595157e-11,+,2.2723803806975206e-06,0.017934291688590415
53,3796.094800217695,,,O-H stretching,nu(O6-H16),bond,99.91887334574146,-,-1.0266460187189028,0.5176849510111644
53,3796.094800217695,,,O-H stretching,nu(C5-O6),bond,0.026352268439553152,+,0.020781476574390816,0.33321509590887466
53,3796.094800217695,,,O-H stretching,delta(O6-C5-H15),angle,0.023575692786839724,+,0.019363419898975793,0.34336798788252265
53,3796.094800217695,,,O-H stretching,nu(C5-H15),bond,0.014492342636691604,+,0.015329392668132649,0.3367814495898813
53,3796.094800217695,,,O-H stretching,delta(C4-C5-O6),angle,0.006421435332980284,-,-0.009087405256536304,0.4246310893417379
53,3796.094800217695,,,O-H stretching,delta(O6-C5-H14),angle,0.005175299454364005,-,-0.00844239765377664,0.3965183969738679
53,3796.094800217695,,,O-H stretching,delta(C5-O6-H16),angle,0.004340180456556707,+,0.011366717304184244,0.18344130679358742
53,3796.094800217695,,,O-H stretching,nu(N8-H17),bond,0.0003493626681975967,-,-0.002010236969111989,0.4721080993655485
53,3796.094800217695,,,O-H stretching,nu(C5-H14),bond,0.00010037520730432747,-,-0.0012865049475253066,0.33117916004476916
53,3796.094800217695,,,O-H stretching,delta(O3-C4-C5),angle,8.856585430597693e-05,-,-0.0008097495521723905,0.73760584533266
53,3796.094800217695,,,O-H stretching,nu(C4-C5),bond,5.527873621498143e-05,-,-0.0010340265688525796,0.2823281460877687
53,3796.094800217695,,,O-H stretching,"gamma(C2;C4,C5,H13)",oop,5.3423131960570075e-05,+,0.0007723772349181822,0.48902367153120335
53,3796.094800217695,,,O-H stretching,delta(C4-C5-H14),angle,2.721671926299874e-05,+,0.0006399352949355276,0.36293020366388096
53,3796.094800217695,,,O-H stretching,delta(H14-C5-H15),angle,2.0439423107722837e-05,-,-0.0006094228752314092,0.3005319136675133
53,3796.094800217695,,,O-H stretching,delta(C5-C4-H13),angle,1.4785938175843102e-05,+,0.0005264082027392824,0.29138222577639733
53,3796.094800217695,,,O-H stretching,tau(H15-C5-O6-H16),dihedral,1.0757075162668355e-05,-,-0.0019421477430512583,0.015573604478316995
53,3796.094800217695,,,O-H stretching,nu(C1-H11),bond,7.882970287445398e-06,+,0.0003577511731156123,0.3363467402870326
53,3796.094800217695,,,O-H stretching,tau(C1-C2-C4-H13),dihedral,7.571190849848915e-06,+,0.00036140441571146884,0.31654594256257856
53,3796.094800217695,,,O-H stretching,nu(N8-H18),bond,6.905283434704437e-06,+,0.00028151093826389573,0.475828474339461
53,3796.094800217695,,,O-H stretching,tau(O3-C4-C5-H15),dihedral,6.409091943278355e-06,+,0.0013969661079265032,0.017934291688590415
53,3796.094800217695,,,O-H stretching,nu(C2-O3),bond,4.308921754749862e-06,+,0.0002476061055558866,0.38380035796927126
53,3796.094800217695,,,O-H stretching,nu(C4-H13),bond,3.4170221637029786e-06,+,0.00023381240712795463,0.34132818878264654
53,3796.094800217695,,,O-H stretching,nu(C2-C7),bond,2.6330811758775963e-06,-,-0.00023352497504391603,0.2636677700131217
53,3796.094800217695,,,O-H stretching,nu(C1-H10),bond,2.1620337315700166e-06,-,-0.00018439417174825792,0.3472382446251712
53,3796.094800217695,,,O-H stretching,"gamma(O3;C2,C1,C4)",oop,1.5699007851802092e-06,+,7.136096769551619e-05,1.6834887239813823
53,3796.094800217695,,,O-H stretching,nu(C7-N8),bond,1.3159961673655084e-06,+,0.00012643244837229144,0.44956966026774636
53,3796.094800217695,,,O-H stretching,delta(C1-C2-C4),angle,1.0395129381410988e-06,-,-0.00010967613723472612,0.47191640306808397
53,3796.094800217695,,,O-H stretching,nu(C7-O9),bond,9.578919649388285e-07,+,8.139687655936638e-05,0.7895152384577152
53,3796.094800217695,,,O-H stretching,nu(C2-C4),bond,6.484865228047956e-07,-,-9.825500827718262e-05,0.3668183290081972
53,3796.094800217695,,,O-H stretching,delta(H17-N8-H18),angle,4.985021060656015e-07,+,0.0001106169152278901,0.2224761076628819
53,3796.094800217695,,,O-H stretching,"gamma(H10;C1,H11,H12)",oop,3.515607472012821e-07,-,-9.329332885126912e-05,0.22057620785762186
53,3796.094800217695,,,O-H stretching,delta(C2-C1-H12),angle,2.810149804334992e-07,-,-7.103160967973277e-05,0.3041484625700951
53,3796.094800217695,,,O-H stretching,tau(H10-C1-C2-C7),dihedral,2.4930699722458985e-07,-,-9.104150824264434e-05,0.16425365664741987
53,3796.094800217695,,,O-H stretching,tau(C7-C2-O3-C4),dihedral,2.22740730686169e-07,-,-6.16249532487634e-05,0.3202918595636512
53,3796.094800217695,,,O-H stretching,delta(N8-C7-O9),angle,1.6638252559655836e-07,-,-4.200702655646731e-05,0.5149004794564609
53,3796.094800217695,,,O-H stretching,delta(C7-N8-H18),angle,1.1018148080534913e-07,-,-4.9682530182486424e-05,0.24375900097385186
53,3796.094800217695,,,O-H stretching,delta(O3-C2-C7),angle,1.0912266305543833e-07,+,3.431659578529393e-05,0.506018068089154
53,3796.094800217695,,,O-H stretching,delta(H11-C1-H12),angle,1.0721531916525948e-07,-,-4.946406706114633e-05,0.23929667529530443
53,3796.094800217695,,,O-H stretching,tau(H12-C1-C2-O3),dihedral,1.0402490246858986e-07,+,5.8400182764833226e-05,0.16655910224267684
53,3796.094800217695,,,O-H stretching,delta(C2-C7-N8),angle,6.19335011033948e-08,+,2.5345112625689772e-05,0.5264979045723385
53,3796.094800217695,,,O-H stretching,tau(O9-C7-N8-H17),dihedral,3.158060638313952e-08,+,7.452044131781236e-05,0.031054825617639323
53,3796.094800217695,,,O-H stretching,tau(O3-C2-C7-N8),dihedral,3.100559899870104e-08,+,4.123074746167545e-05,0.09959950414138982
53,3796.094800217695,,,O-H stretching,tau(C2-C7-N8-H18),dihedral,2.0830953267733173e-08,-,-6.557458441941039e-05,0.026454375718111652
53,3796.094800217695,,,O-H stretching,nu(C1-C2),bond,1.638385412408016e-08,+,1.7566826159505744e-05,0.28992718037655574
53,3796.094800217695,,,O-H stretching,tau(C2-O3-C4-C5),dihedral,1.6209023388602646e-08,-,-1.630565280579889e-05,0.3329200368533325
53,3796.094800217695,,,O-H stretching,delta(C2-C1-H11),angle,1.4652940688612775e-08,+,1.4611844427229808e-05,0.3747780774393608
53,3796.094800217695,,,O-H stretching,tau(O3-C2-C7-O9),dihedral,9.025723262113929e-09,-,-2.0655353489131742e-05,0.11552506365896313
53,3796.094800217695,,,O-H stretching,nu(C1-H12),bond,7.339441900285114e-09,-,-1.080102805975998e-05,0.34355186841315943
