220
878
1448
1600
1622
1685
4390
5186
5298
5567
6824
8932
9510
10159
10353
11029
11083
11756
11808
13009
14666
15310
15346
15579
15653
16885
17131
17366
18676
18888
19667
20154
20496
23047
23402
24102
25838
26831
27175
27332
27629
28614
29522
29581
30460
31429
32092
32596
32875
33487
34026
34082
34232
34448
35106
36822
37296
38668
39373
39725
40491
40714
41070
41133
41369
41444
41658
41718
43064
43670
43785
43992
44518
44939
45749
47999
48184
49046
49368
49575
51257
53816
55227
55693
56845
57744
57896
58877
59286
59971
60328
61440
61795
63964
64154
64505
64561
66297
66655
66779
67167
67418
69200
69344
69521
70380
70484
70552
70747
71617
73171
74035
74334
74449
74959
75080
75166
75403
75433
77139
77923
77930
78603
78950
79976
80931
81307
81566
82076
82147
82318
82884
83026
83238
83757
84236
84656
84978
85529
86737
88097
88138
89810
89913
90478
91446
92438
92496
93836
95143
95168
96125
96518
98114
98371
98630
98730
100268
101886
102303
102556
102781
103058
103555
103615
104254
105600
106187
106624
107045
108426
108466
109451
109615
110170
111110
112259
112753
113500
115421
115462
117597
118136
120806
120942
121723
122076
123829
124124
124523
124960
125368
125875
127996
128363
128542
128727
128870
128916
128989
