44
60
101
115
182
225
247
317
336
363
393
460
520
547
572
601
615
678
729
812
893
896
917
972
981
1019
1029
1117
1245
1307
1332
1379
1473
1482
1552
1628
1820
1823
1951
1973
2014
2058
2060
2120
2174
2179
2181
2197
2258
2282
2324
2333
2421
2452
2513
2519
2545
2594
2667
2673
2675
2683
2712
2780
2820
2861
2926
2979
3010
3016
3079
3112
3121
3134
3278
3304
3325
3326
3429
3466
3556
3581
3713
3728
3733
3759
3773
3775
3980
4083
4101
4113
4228
4280
4290
4297
4330
4480
4484
4513
4575
4614
4686
4713
4716
4726
4752
4836
4848
5018
5076
5079
5099
5147
5155
5196
5226
5229
5289
5326
5386
5425
5449
5451
5690
5700
5820
5837
5844
5869
5885
5971
6034
6063
6101
6122
6134
6154
6159
6216
6222
6281
6346
6370
6379
6403
6415
6428
6431
6457
6511
6518
6544
6602
6604
6620
6643
6645
6682
6732
6755
6857
6920
6934
6967
6978
7068
7096
7232
7369
7411
7459
7532
7538
7552
7783
7872
7885
7956
8063
8110
8153
8167
8237
8313
8315
8396
8452
8529
8570
8575
8591
8616
8653
8747
8896
8940
8949
8994
9047
9058
9088
9103
9264
9286
9317
9387
9428
9516
9548
9568
9597
9681
9698
9722
9836
9886
9913
9918
9924
9946
9953
9971
10041
10168
10182
10217
10221
10361
10381
10505
10516
10545
10741
10785
10789
10813
10890
10893
10899
10907
10917
11041
11094
11166
11337
11338
11389
11395
11407
11432
11452
11549
11615
11616
11625
11645
11742
11769
11793
11865
11879
11896
11904
11915
11948
11987
11995
12025
12047
12102
12111
12145
12168
12174
12190
12253
12258
12266
12277
12289
12295
12298
12323
12348
12568
12586
12649
12671
12675
12684
12722
12840
12879
12892
12897
12898
12929
12930
13024
13036
13115
13129
13130
13145
13153
13170
13189
13257
13295
13349
13356
13359
13366
13395
13401
13431
13439
13469
13499
13531
13641
13664
13718
13787
13851
13893
13916
13925
14048
14151
14209
14257
14349
14418
14426
14451
14466
14499
14511
14593
14599
14681
14735
14768
14788
14922
14938
15005
15029
15045
15048
15070
15097
15098
15108
15169
15190
15206
15401
15493
15501
15536
15665
15671
15722
15724
15765
15813
15840
15843
15854
15856
16114
16173
16179
16197
16205
16212
16228
16295
16313
16326
16396
16419
16438
16526
16554
16557
16679
16724
16755
16769
16793
16844
16905
16929
16932
16936
16973
16984
17046
17077
17086
17110
17266
17337
17343
17344
17385
17392
17479
17489
17490
17539
17552
17553
17616
17708
17832
17894
17920
18008
18050
18086
18149
18210
18217
18254
18285
18296
18330
18421
18446
18455
18494
18638
18642
18670
18671
18715
18746
18900
18927
19111
19127
19148
19205
19308
19339
19371
19397
19447
19527
19645
19752
19772
19824
19846
19979
20068
20144
20213
20228
20251
20273
20284
20294
20299
20337
20455
20502
20522
20537
20554
20572
20634
20645
20674
20782
20784
20788
20831
20840
20851
20886
20934
20949
20953
20988
21030
21055
21072
21076
21102
21316
21346
21366
21384
21385
21399
21472
21505
21508
21537
21577
21580
21608
21695
21714
21728
21753
21801
21891
21976
22093
22115
22153
22169
22207
22229
22301
22321
22449
22523
22595
22608
22707
22720
22723
22880
22986
22996
23035
23036
23115
23208
23224
23231
23274
23332
23407
23435
23470
23541
23632
23647
23734
23780
23791
23825
23826
23827
23901
23926
23949
23970
24108
24128
24134
24166
24192
24195
24203
24374
24375
24400
24417
24418
24422
24475
24590
24638
24664
24698
24711
24753
24789
24805
24812
24832
24916
25134
25157
25212
25235
25240
25243
25306
25492
25530
25546
25551
25560
25565
25575
25601
25704
25785
25810
25811
25841
25847
25875
25956
26000
26107
26200
26292
26297
26313
26409
26440
26488
26605
26751
26781
26819
26834
26929
26981
27008
27025
27050
27079
27123
27214
27263
27281
27285
27393
27411
27430
27441
27499
27514
27526
27557
27595
27600
27602
27648
27679
27846
27908
27911
27949
28001
28070
28072
28081
28086
28336
28370
28474
28521
28613
28772
28919
28940
28943
28966
28976
28977
29020
29055
29090
29098
29105
29161
29185
29278
29326
29364
29499
29651
29673
29702
29776
29862
29868
29892
29960
29986
30025
30044
30124
30137
30149
30221
30241
30265
30401
30403
30412
30438
30440
30456
30497
30498
30530
30542
30547
30616
30660
30731
30771
30780
30799
30841
30852
30858
30864
30898
30900
30921
30926
30960
30974
31074
31127
31130
31242
31297
31435
31494
31701
31790
31804
31806
31861
32016
32046
32048
32108
32151
32153
32202
32206
32217
32246
32255
32339
32357
32368
32424
32448
32458
32538
32549
32569
32694
32728
32739
32771
32814
32911
32920
32951
32986
32988
33012
33033
33054
33137
33246
33294
33366
33414
33443
33478
33492
33533
33560
33629
33633
33637
33716
33751
33773
33885
33909
33939
33978
34130
34155
34170
34200
34322
34342
34384
34462
34512
34538
34580
34587
34703
34797
35010
35074
35126
35144
35164
35206
35216
35258
35264
35297
35433
35455
35464
35525
35527
35595
35598
35739
35772
35784
35823
35829
35874
35941
35943
35994
36016
36042
36075
36096
36149
36191
36209
36255
36283
36360
36395
36498
36512
36521
36567
36578
36606
36670
36680
36701
36772
36836
36858
36868
36905
37042
37068
37098
37115
37208
37246
37417
37445
37458
37477
37547
37590
37644
37665
37806
37862
37873
37891
37906
37931
37947
37971
38020
38028
38073
38118
38311
38366
38378
38411
38415
38427
38453
38539
38554
38573
38759
38766
38779
38826
38841
38879
38948
38998
38999
39075
39094
39095
39222
39233
39236
39287
39288
39297
39331
39354
39419
39453
39476
39509
39516
39573
39604
39673
39707
39798
39824
39859
39864
39898
39904
39907
39909
40055
40074
40098
40112
40197
40256
40268
40279
40299
40354
40358
40389
40417
40461
40473
40497
40527
40664
40776
40825
40826
40830
40893
40983
41010
41090
41189
41282
41309
41323
41387
41483
41514
41550
41610
41671
41723
41974
42216
42245
42458
42472
42478
42530
42568
42569
42582
42675
42786
42824
42850
42852
42895
43058
43076
43085
43142
43159
43186
43446
43488
43513
43522
43530
43541
43542
43592
43607
43681
43731
43745
43786
43809
43811
43969
43991
44011
44018
44174
44214
44222
44288
44375
44441
44453
44460
44517
44576
44660
44667
44679
44687
44696
44722
44752
44758
44761
44780
44784
44933
44958
45016
45032
45096
45125
45136
45145
45176
45209
45255
45273
45414
45425
45489
45493
45569
45630
45727
45756
45823
45835
45844
45997
46024
46041
46046
46056
46094
46111
46157
46303
46360
46363
46375
46393
46401
46406
46479
46573
46741
46749
46756
46880
46881
46896
46971
46980
46981
47041
47119
47124
47264
47300
47306
47365
47408
47439
47445
47449
47507
47551
47588
47671
47731
47814
47818
47824
47930
47989
48021
48068
48080
48083
48145
48150
48154
48196
48231
48320
48326
48348
48403
48435
48445
48487
48490
48560
48650
48900
48952
48990
49075
49080
49091
49141
49177
49195
49221
49255
49312
49343
49357
49396
49465
49583
49601
49729
49797
49851
49857
49915
49938
49984
49985
50014
50019
50150
50213
50216
50253
50267
50277
50282
50302
50365
50416
50471
50601
50609
50628
50687
50695
50716
50719
50720
50722
50734
50855
50990
51014
51061
51123
51167
51199
51230
51287
51300
51363
51388
51393
51396
51405
51422
51463
51486
51521
51536
51558
51564
51578
51614
51642
51682
51702
51719
51730
51890
51902
51937
51990
51993
52048
52050
52056
52068
52082
52144
52150
52166
52199
52214
52405
52446
52456
52476
52520
52525
52554
52578
52605
52610
52686
52731
52738
52804
52811
52829
52874
52934
52997
52999
53008
53055
53094
53105
53133
53180
53234
53326
53387
53475
53502
53563
53574
53614
53634
53677
53731
53800
53865
53893
53903
54032
54047
54131
54136
54204
54215
54224
54233
54262
54366
54409
54449
54459
54471
54528
54548
54612
54693
54741
54752
54775
54804
54851
54854
54887
54944
54982
55003
55028
55156
55182
55230
55247
55445
55476
55501
55534
55753
55822
55852
55855
55969
56005
56006
56138
56174
56301
56337
56372
56378
56402
56422
56441
56473
56592
56677
56749
56781
56882
56892
56926
56979
57020
57022
57031
57107
57267
57363
57464
57560
57670
57691
57715
57793
57805
57833
57837
57872
57874
57891
57922
57954
58008
58011
58021
58068
58119
58164
58181
58196
58202
58265
58345
58372
58390
58417
58449
58454
58458
58478
58487
58525
58597
58609
58710
58714
58724
58732
58835
58848
58861
58873
58886
58891
58962
59077
59111
59176
59253
59291
59314
59470
59521
59590
59659
59678
59738
59812
59818
59844
59876
59986
59992
60010
60023
60070
60129
60132
60196
60241
60251
60271
60279
60373
60378
60433
60455
60467
60471
60748
60778
60780
60800
60851
60901
60920
60993
60998
61038
61073
61130
61138
61159
61194
61235
61321
61387
61417
61441
61450
61453
61514
61545
61609
61646
61680
61694
61725
61735
61789
61824
61868
61918
61967
62174
62183
62265
62298
62311
62321
62419
62430
62455
62510
62579
62580
62628
62632
62640
62711
62712
62733
62782
62807
62985
62991
63008
63010
63172
63197
63226
63243
63359
63394
63471
63492
63524
63559
63562
63672
63854
63967
63991
64056
64101
64168
64188
64229
64239
64250
64257
64293
64325
64378
64380
64423
64433
64475
64507
64522
64540
64550
64571
64580
64655
64667
64677
64729
64750
64839
64884
65005
65031
65105
65127
65191
65201
65218
65231
65237
65311
65317
65356
65374
65429
65451
65506
65525
65564
65643
65689
65732
65734
65756
65778
65822
65832
65877
65922
65995
66123
66206
66207
66327
66331
66361
66388
66429
66440
66441
66524
66603
66606
66659
66704
66721
66776
66786
66824
66831
66858
66882
66912
66918
66919
66963
67046
67074
67099
67103
67138
67147
67156
67163
67181
67210
67244
67294
67307
67322
67348
67369
67398
67417
67454
67539
67543
67557
67564
67567
67569
67727
67756
67777
67778
67801
67917
67970
68028
68193
68341
68359
68366
68411
68461
68478
68483
68491
68545
68679
68680
68737
68772
68777
68779
68787
68865
68898
68932
68957
68967
69149
69309
69352
69382
69453
69457
69472
69493
69545
69581
69604
69654
69664
69670
69693
69714
69811
69877
69886
70042
70057
70100
70263
70313
70398
70426
70541
70600
70604
70642
70693
70737
70764
70773
70775
70797
70834
70836
70877
70927
71007
71039
71083
71171
71244
71355
71393
71405
71471
71477
71508
71536
71548
71554
71562
71621
71631
71649
71794
71837
71839
71857
71907
71991
72023
72035
72059
72128
72188
72235
72269
72281
72291
72321
72323
72331
72361
72365
72383
72414
72525
72582
72647
72681
72695
72724
72728
72799
72800
72806
72811
72835
72897
72914
73001
73118
73186
73270
73297
73391
73470
73480
73491
73493
73508
73522
73548
73607
73675
73723
73746
73833
73839
73855
73912
73918
73998
74007
74122
74123
74126
74254
74306
74332
74373
74404
74427
74511
74536
74547
74591
74697
74709
74730
74740
74742
74824
74862
74900
74907
74922
74930
74977
74981
75056
75083
75141
75190
75199
75228
75305
75317
75375
75391
75413
75432
75441
75461
75473
75481
75520
75527
75581
75593
75594
75681
75693
75724
75768
75775
75833
75868
75919
75936
75941
75943
75947
76006
76008
76037
76056
76106
76196
76231
76242
76271
76273
76315
76342
76378
76468
76547
76548
76557
76560
76580
76593
76686
76699
76763
76821
76862
76882
76926
76927
77019
77058
77061
77078
77093
77113
77200
77209
77262
77277
77297
77346
77347
77492
77604
77645
77712
77723
77734
77823
77932
77942
78009
78170
78184
78202
78204
78224
78334
78400
78549
78567
78662
78667
78695
78704
78720
78816
78847
78893
78907
79018
79019
79068
79069
79073
79216
79236
79246
79292
79317
79391
79429
79617
79669
79719
79742
79772
79774
79859
79877
79929
79960
79998
80042
80099
80127
80129
80215
80229
80277
80323
80393
80473
80527
80604
80629
80746
80861
80903
80997
81126
81155
81156
81192
81202
81275
81406
81409
81551
81592
81602
81676
81725
81746
81808
81817
81853
81862
81896
81899
81938
82086
82170
82191
82193
82205
82244
82253
82267
82282
82291
82347
82351
82401
82480
82513
82534
82552
82682
82697
82751
82755
82839
82947
82966
83061
83114
83152
83169
83182
83198
83227
83277
83281
83300
83383
83406
83539
83565
83599
83618
83636
83667
83764
83833
83846
83856
83868
83890
83899
83965
83969
84002
84037
84038
84052
84120
84135
84234
84284
84315
84324
84338
84355
84431
84488
84494
84499
84566
84605
84657
84752
84908
84964
85119
85149
85209
85256
85265
85292
85451
85487
85491
85525
85624
85652
85661
85663
85693
85801
85810
85842
85950
86111
86200
86312
86321
86539
86556
86563
86637
86687
86694
86755
86769
86821
86881
86904
87005
87035
87060
87110
87137
87154
87224
87241
87332
87365
87400
87592
87596
87639
87679
87730
87739
87744
87760
87806
87827
88008
88026
88071
88092
88093
88103
88106
88150
88291
88315
88406
88556
88558
88561
88613
88675
88736
88740
88768
88790
88821
88913
88941
89007
89010
89040
89094
89097
89143
89170
89172
89175
89205
89238
89374
89407
89506
89567
89618
89622
89635
89637
89665
89734
89773
89787
89795
89801
89839
89884
89946
89962
89996
90001
90126
90185
90193
90252
90332
90377
90422
90469
90496
90544
90548
90626
90887
90891
90926
90944
91013
91054
91067
91110
91120
91132
91149
91293
91300
91430
91445
91482
91556
91602
91624
91727
91751
91754
91760
91783
91854
91870
91891
91894
91909
91932
92040
92101
92129
92152
92170
92194
92214
92228
92235
92239
92260
92296
92466
92471
92477
92527
92571
92573
92585
92668
92675
92846
92881
92888
92900
92926
93027
93050
93088
93135
93144
93195
93259
93322
93338
93440
93449
93472
93477
93481
93670
93713
93772
93846
93953
94016
94022
94046
94090
94123
94254
94293
94323
94327
94384
94456
94499
94545
94549
94557
94650
94671
94685
94692
94716
94719
94731
94738
94773
94844
94879
94913
95020
95024
95102
95134
95236
95247
95272
95274
95320
95347
95351
95377
95390
95447
95476
95552
95556
95557
95572
95602
95663
95778
95779
95841
95855
95906
95909
95950
96064
96073
96077
96138
96141
96161
96170
96182
96263
96298
96319
96324
96336
96356
96443
96504
96511
96540
96566
96601
96609
96614
96659
96706
96724
96755
96763
96772
96941
97074
97095
97096
97108
97109
97191
97332
97335
97367
97412
97483
97509
97516
97530
97591
97604
97763
97918
97955
97963
98022
98054
98070
98081
98150
98203
98246
98368
98397
98452
98464
98468
98470
98473
98495
98708
98721
98723
98795
98819
98858
98881
98891
98894
98924
98974
99056
99093
99115
99118
99198
99232
99281
99319
99327
99454
99462
99504
99505
99507
99535
99586
99592
99665
99798
99939
100004
100024
100088
100239
100272
100286
100295
100325
100384
100430
100570
100675
100681
100727
100836
100894
100999
101033
101040
101094
101120
101188
101195
101282
101319
101457
101484
101493
101647
101678
101699
101703
101740
101787
101835
101877
101897
101987
102120
102129
102214
102293
102330
102371
102412
102427
102451
102462
102479
102505
102575
102619
102675
102681
102717
102755
102757
102845
102850
102921
102984
102991
103004
103018
103023
103147
103210
103237
103305
103408
103561
103566
103585
103623
103640
103662
103667
103688
103704
103740
103774
103778
103802
103983
104006
104020
104044
104060
104066
104184
104186
104191
104223
104287
104310
104329
104333
104372
104441
104442
104469
104486
104579
104587
104623
104682
104744
104758
104782
104845
104936
104938
104958
105038
105049
105058
105150
105173
105202
105204
105221
105223
105226
105255
105321
105481
105552
105578
105617
105683
105714
105716
105802
105904
105947
106004
106061
106147
106201
106205
106335
106361
106388
106438
106462
106507
106561
106629
106641
106676
106744
106771
106827
106854
106865
106891
107013
107015
107087
107132
107243
107248
107285
107327
107338
107354
107355
107452
107464
107493
107499
107631
107656
107724
107762
107777
107802
107812
107865
107868
107874
107879
107886
107889
107940
107970
107971
108038
108074
108119
108126
108171
108233
108365
108417
108431
108448
108465
108513
108525
108533
108614
108623
108650
108656
108660
108670
108674
108675
108684
108743
108792
108803
108804
108879
108922
109003
109014
109027
109232
109242
109275
109294
109324
109399
109428
109456
109464
109497
109525
109637
109947
109953
110036
110109
110142
110177
110211
110249
110255
110256
110278
110291
110303
110319
110320
110322
110331
110332
110388
110407
110438
110474
110599
110603
110656
110669
110694
110720
110837
110915
110959
111006
111040
111121
111166
111223
111262
111289
111327
111367
111382
111428
111434
111452
111465
111536
111577
111683
111685
111716
111744
111782
111837
111851
111942
111956
111957
111968
111969
111974
111981
112100
112113
112120
112177
112216
112348
112358
112375
112389
112402
112430
112446
112523
112531
112633
112669
112748
112828
112854
112859
112863
112917
112920
112924
112958
112985
113027
113120
113147
113156
113158
113261
113321
113342
113486
113496
113509
113518
113557
113576
113624
113625
113688
113729
113756
113781
113810
113823
113846
113886
113907
113912
113942
113982
114082
114118
114122
114146
114156
114347
114432
114437
114511
114586
114674
114683
114695
114739
114779
114794
114881
114907
114943
114958
114995
114999
115015
115173
115204
115222
115347
115430
115447
115494
115501
115509
115591
115648
115735
115743
115782
115785
115797
115835
115896
115951
115966
116146
116162
116198
116229
116253
116311
116330
116335
116451
116576
116687
116773
116774
116917
116931
116959
117008
117068
117284
117296
117332
117383
117483
117544
117546
117561
117654
117737
117741
117796
117836
117850
118019
118179
118215
118221
118310
118375
118451
118537
118817
118857
118984
119279
119391
119465
119480
119502
119702
119718
119724
119746
119757
119859
119863
119951
119987
120035
120036
120123
120254
120275
120321
120340
120386
120449
120521
120571
120572
120684
120831
120913
121131
121194
121203
121233
121253
121290
121334
121431
121482
121555
121560
121562
121764
121848
121931
121960
122062
122094
122183
122257
122266
122283
122291
122332
122337
122406
122441
122451
122486
122521
122612
122627
122670
122688
122727
122798
122875
122997
123022
123084
123147
123154
123170
123202
123212
123241
123268
123270
123273
123290
123332
123346
123385
123401
123407
123433
123456
123519
123523
123674
123675
123680
123733
123739
123745
123781
123796
123817
123852
123865
123877
123912
124058
124064
124075
124130
124215
124242
124319
124345
124347
124360
124428
124446
124458
124492
124511
124536
124611
124784
124787
124821
124859
124944
124946
124951
124953
124961
124965
125008
125026
125108
125135
125147
125179
125236
125278
125280
125359
125529
125609
125624
125638
125654
125660
125777
125806
125878
125920
125959
126093
126097
126102
126152
126177
126207
126213
126242
126354
126358
126392
126432
126468
126502
126512
126609
126619
126742
126815
126849
126874
126882
126913
127000
127009
127045
127097
127098
127346
127372
127373
127406
127441
127494
127661
127695
127697
127704
127726
127826
128015
128025
128031
128040
128044
128078
128095
128145
128200
128201
128230
128385
128421
128464
128493
128496
128497
128505
128510
128547
128569
128574
128630
128646
128721
128768
128802
128809
128835
128860
128868
128874
128877
128899
128958
128971
129195
129253
129414
129447
129477
129501
129553
129589
129625
129689
129794
129816
