14
16
35
44
60
93
94
101
102
115
120
132
159
180
182
222
225
247
249
265
292
317
318
320
329
336
363
375
393
396
403
411
418
425
432
438
460
461
488
508
520
547
553
566
569
572
574
601
615
632
634
637
640
663
676
678
686
702
729
769
793
802
805
812
831
852
873
893
895
896
906
915
917
928
966
972
981
983
987
990
991
1006
1019
1029
1044
1049
1115
1117
1125
1196
1217
1223
1231
1245
1248
1307
1325
1329
1332
1341
1357
1366
1376
1379
1386
1417
1421
1423
1426
1445
1473
1482
1516
1517
1536
1552
1573
1575
1613
1618
1628
1642
1651
1652
1696
1706
1713
1731
1761
1774
1808
1820
1823
1843
1849
1851
1862
1882
1907
1918
1951
1960
1972
1973
1980
1996
2006
2014
2015
2018
2022
2058
2060
2090
2096
2101
2103
2105
2109
2120
2167
2174
2179
2181
2183
2187
2197
2214
2217
2241
2248
2256
2258
2282
2324
2333
2353
2383
2393
2407
2416
2420
2421
2428
2452
2454
2456
2486
2492
2509
2513
2519
2528
2545
2571
2576
2591
2593
2594
2598
2604
2611
2653
2660
2667
2673
2675
2679
2683
2695
2708
2711
2712
2720
2722
2730
2780
2807
2811
2820
2833
2842
2853
2860
2861
2889
2896
2909
2914
2921
2926
2927
2932
2937
2951
2958
2959
2964
2979
3000
3010
3016
3032
3036
3070
3079
3091
3109
3112
3121
3127
3134
3140
3191
3193
3200
3208
3219
3231
3278
3283
3304
3307
3309
3325
3326
3366
3367
3375
3429
3456
3466
3486
3511
3535
3556
3566
3579
3581
3622
3639
3650
3666
3699
3713
3728
3733
3757
3759
3772
3773
3775
3785
3802
3835
3860
3904
3928
3980
4077
4083
4101
4113
4129
4144
4174
4175
4216
4222
4228
4230
4272
4279
4280
4290
4297
4299
4301
4330
4360
4363
4439
4447
4450
4452
4457
4471
4480
4484
4495
4512
4513
4523
4529
4567
4573
4575
4598
4614
4634
4642
4667
4686
4687
4703
4713
4716
4726
4745
4752
4767
4810
4836
4848
4850
4863
4865
4885
4887
4905
4906
4915
4929
4964
4984
4998
5005
5018
5053
5076
5079
5080
5088
5095
5099
5109
5147
5155
5169
5196
5226
5229
5280
5289
5302
5326
5338
5350
5360
5376
5377
5386
5390
5407
5423
5425
5431
5449
5451
5453
5499
5533
5535
5536
5538
5546
5563
5583
5587
5609
5628
5640
5647
5656
5678
5690
5700
5712
5763
5777
5779
5820
5824
5835
5837
5844
5869
5885
5896
5971
5978
5986
6034
6035
6045
6055
6063
6073
6081
6088
6101
6122
6129
6134
6152
6154
6159
6216
6222
6226
6227
6281
6294
6343
6346
6355
6370
6379
6383
6403
6415
6419
6428
6431
6457
6459
6476
6485
6502
6507
6511
6518
6521
6540
6544
6558
6561
6579
6600
6602
6604
6606
6618
6620
6633
6643
6645
6668
6682
6689
6690
6714
6732
6755
6800
6818
6826
6827
6842
6857
6908
6920
6934
6967
6978
7000
7004
7048
7068
7074
7096
7151
7173
7183
7185
7203
7223
7231
7232
7246
7257
7269
7297
7330
7358
7362
7369
7371
7372
7379
7401
7403
7411
7459
7475
7484
7532
7533
7538
7540
7544
7552
7558
7564
7626
7631
7633
7730
7736
7756
7770
7782
7783
7803
7830
7838
7847
7854
7872
7873
7876
7881
7885
7899
7900
7908
7956
7962
7970
7984
7987
8007
8023
8054
8058
8063
8092
8109
8110
8113
8122
8133
8138
8140
8150
8153
8167
8190
8218
8237
8287
8307
8313
8315
8323
8342
8361
8376
8384
8396
8412
8427
8448
8451
8452
8461
8474
8499
8508
8513
8527
8529
8554
8563
8570
8572
8575
8576
8580
8583
8591
8596
8602
8603
8612
8613
8614
8616
8635
8651
8653
8672
8684
8692
8699
8711
8713
8724
8747
8760
8775
8801
8806
8832
8833
8839
8843
8863
8864
8889
8890
8896
8911
8940
8942
8949
8959
8969
8981
8990
8991
8994
9012
9045
9047
9058
9069
9071
9088
9103
9110
9119
9133
9138
9206
9252
9257
9264
9286
9316
9317
9330
9355
9387
9408
9421
9428
9429
9432
9446
9454
9462
9471
9494
9516
9548
9568
9575
9585
9595
9596
9597
9644
9663
9666
9676
9680
9681
9698
9705
9722
9772
9779
9827
9836
9849
9858
9862
9873
9886
9906
9913
9918
9919
9924
9926
9931
9942
9946
9953
9971
9972
9973
9989
10023
10041
10050
10061
10065
10080
10082
10114
10128
10143
10156
10168
10182
10188
10200
10214
10217
10221
10225
10325
10326
10327
10361
10362
10377
10381
10397
10406
10462
10487
10497
10505
10512
10515
10516
10543
10545
10553
10602
10609
10632
10651
10668
10681
10692
10707
10713
10719
10741
10753
10772
10785
10789
10797
10809
10813
10890
10893
10899
10907
10915
10916
10917
10927
10945
10952
10979
10983
10988
10991
10994
11003
11027
11040
11041
11047
11059
11068
11084
11091
11094
11140
11166
11172
11197
11239
11265
11270
11274
11277
11289
11291
11299
11322
11329
11337
11338
11358
11361
11389
11395
11396
11397
11407
11417
11418
11432
11438
11452
11456
11519
11549
11593
11611
11613
11615
11616
11625
11633
11645
11664
11692
11727
11730
11742
11768
11769
11782
11793
11794
11796
11837
11841
11848
11857
11865
11879
11883
11891
11896
11904
11907
11915
11917
11930
11937
11944
11948
11966
11973
11975
11987
11995
12014
12025
12030
12041
12043
12046
12047
12081
12084
12092
12102
12104
12111
12145
12153
12155
12168
12174
12190
12220
12244
12248
12253
12258
12260
12266
12277
12288
12289
12295
12298
12304
12323
12344
12348
12350
12362
12374
12409
12411
12415
12503
12506
12539
12553
12557
12564
12568
12571
12586
12592
12600
12613
12630
12649
12650
12654
12657
12670
12671
12675
12684
12719
12722
12723
12732
12733
12753
12783
12811
12825
12840
12879
12890
12892
12894
12897
12898
12899
12908
12911
12925
12929
12930
12931
12938
12970
12979
12982
12990
13004
13006
13008
13012
13024
13036
13115
13120
13125
13129
13130
13145
13151
13153
13170
13171
13189
13192
13227
13228
13230
13233
13235
13257
13264
13275
13278
13283
13286
13295
13297
13349
13356
13359
13366
13373
13395
13401
13431
13439
13465
13468
13469
13473
13482
13490
13493
13494
13497
13499
13501
13521
13531
13578
13582
13584
13621
13636
13641
13645
13664
13708
13718
13729
13733
13740
13769
13778
13787
13792
13797
13798
13851
13878
13884
13892
13893
13898
13900
13916
13925
13947
13949
13951
13973
13977
13978
13990
13998
14025
14034
14048
14059
14065
14089
14103
14107
14114
14120
14130
14139
14151
14170
14176
14209
14223
14253
14257
14280
14284
14335
14349
14353
14360
14381
14408
14418
14426
14451
14453
14461
14466
14478
14499
14511
14531
14539
14593
14599
14610
14619
14620
14627
14660
14670
14681
14691
14714
14722
14735
14737
14742
14752
14768
14771
14788
14871
14889
14902
14918
14922
14938
14947
14958
14969
14972
14981
14989
15005
15023
15026
15029
15041
15045
15046
15048
15070
15085
15095
15097
15098
15104
15108
15113
15118
15142
15169
15190
15206
15225
15236
15240
15247
15269
15278
15302
15304
15311
15355
15367
15377
15380
15401
15408
15431
15440
15455
15466
15475
15480
15493
15495
15501
15536
15538
15542
15567
15573
15582
15595
15636
15648
15649
15655
15665
15671
15692
15698
15722
15724
15728
15736
15750
15757
15765
15771
15785
15813
15836
15840
15843
15854
15856
15860
15871
15887
15908
15946
15960
15965
15994
16022
16051
16058
16068
16069
16074
16089
16095
16114
16117
16144
16173
16179
16180
16196
16197
16205
16209
16212
16228
16242
16270
16275
16295
16297
16304
16313
16326
16339
16368
16384
16387
16396
16401
16408
16416
16419
16426
16438
16447
16455
16460
16462
16492
16494
16526
16537
16548
16554
16557
16661
16664
16677
16679
16706
16711
16724
16727
16740
16741
16751
16755
16759
16766
16769
16776
16793
16816
16844
16847
16887
16899
16905
16906
16909
16926
16929
16932
16936
16942
16949
16973
16978
16984
16994
17046
17063
17077
17079
17084
17086
17090
17093
17110
17112
17117
17122
17128
17133
17177
17179
17193
17209
17220
17247
17266
17275
17297
17332
17337
17343
17344
17353
17364
17369
17374
17384
17385
17392
17395
17426
17428
17433
17437
17441
17449
17450
17463
17479
17489
17490
17504
17506
17513
17521
17528
17531
17539
17552
17553
17559
17568
17580
17597
17608
17616
17654
17667
17672
17679
17686
17708
17714
17740
17768
17785
17797
17800
17803
17814
17832
17857
17894
17909
17920
17934
17937
17969
17974
17981
18004
18008
18012
18050
18072
18085
18086
18095
18118
18143
18149
18170
18175
18198
18203
18210
18217
18226
18254
18267
18285
18296
18297
18318
18320
18330
18333
18364
18381
18393
18402
18415
18421
18446
18455
18460
18474
18492
18494
18502
18523
18543
18544
18547
18584
18587
18590
18597
18603
18608
18609
18628
18629
18638
18642
18645
18653
18670
18671
18687
18694
18704
18705
18715
18716
18718
18742
18746
18755
18776
18780
18794
18831
18840
18859
18860
18877
18891
18900
18927
18933
18941
18945
18969
19000
19014
19026
19030
19044
19059
19082
19095
19111
19114
19127
19148
19152
19168
19176
19182
19205
19237
19248
19253
19285
19307
19308
19311
19339
19368
19371
19373
19378
19397
19412
19436
19444
19447
19449
19454
19455
19470
19489
19490
19527
19536
19559
19580
19599
19611
19628
19631
19645
19661
19696
19699
19704
19710
19723
19726
19743
19747
19752
19756
19772
19824
19846
19926
19945
19965
19975
19979
19992
19994
20020
20024
20068
20144
20176
20183
20213
20228
20251
20263
20273
20280
20283
20284
20294
20299
20312
20315
20337
20364
20384
20397
20433
20435
20440
20451
20455
20461
20474
20497
20502
20508
20522
20532
20537
20554
20556
20557
20568
20572
20574
20592
20602
20607
20618
20621
20634
20645
20652
20658
20674
20697
20701
20721
20768
20777
20781
20782
20784
20788
20816
20825
20828
20831
20840
20847
20851
20875
20885
20886
20914
20934
20949
20952
20953
20988
20998
21018
21019
21027
21030
21042
21055
21067
21072
21073
21076
21081
21102
21103
21112
21117
21160
21205
21224
21235
21240
21245
21247
21277
21314
21316
21332
21341
21346
21356
21360
21365
21366
21373
21379
21384
21385
21399
21416
21449
21458
21465
21472
21505
21507
21508
21536
21537
21545
21558
21577
21580
21590
21598
21603
21607
21608
21609
21630
21672
21678
21695
21714
21727
21728
21729
21753
21760
21784
21799
21801
21882
21884
21891
21906
21916
21976
21986
22020
22030
22064
22093
22107
22111
22115
22116
22135
22142
22153
22158
22166
22169
22173
22192
22200
22201
22207
22216
22229
22239
22275
22280
22296
22301
22321
22367
22376
22402
22428
22431
22449
22455
22479
22486
22489
22521
22523
22563
22573
22576
22577
22595
22606
22608
22693
22703
22707
22710
22711
22715
22720
22723
22734
22744
22763
22770
22792
22880
22922
22941
22946
22963
22971
22972
22977
22986
22996
23027
23035
23036
23042
23055
23059
23082
23103
23108
23111
23115
23169
23177
23178
23208
23224
23231
23259
23269
23270
23274
23290
23296
23308
23311
23324
23327
23330
23332
23362
23383
23388
23407
23423
23431
23435
23470
23484
23485
23498
23505
23530
23533
23541
23545
23632
23642
23643
23647
23654
23655
23666
23686
23706
23730
23734
23758
23771
23772
23780
23789
23791
23799
23803
23825
23826
23827
23844
23873
23897
23901
23926
23949
23970
23986
23998
23999
24008
24017
24024
24033
24038
24042
24045
24056
24083
24108
24112
24118
24128
24130
24134
24161
24166
24185
24189
24191
24192
24195
24203
24215
24278
24294
24314
24323
24325
24334
24339
24341
24362
24374
24375
24378
24385
24399
24400
24417
24418
24422
24433
24458
24464
24475
24482
24505
24509
24515
24518
24522
24530
24578
24581
24590
24614
24638
24645
24664
24682
24688
24698
24711
24720
24731
24732
24753
24776
24789
24802
24805
24812
24832
24834
24836
24870
24875
24896
24916
24920
24935
25023
25038
25124
25134
25157
25158
25212
25217
25223
25232
25235
25240
25243
25261
25262
25268
25291
25306
25310
25405
25416
25432
25433
25492
25520
25525
25528
25530
25543
25546
25551
25557
25560
25565
25570
25575
25579
25582
25601
25604
25607
25611
25614
25633
25655
25674
25680
25704
25711
25733
25744
25753
25766
25785
25810
25811
25820
25841
25847
25858
25863
25875
25929
25950
25956
25977
26000
26032
26037
26057
26091
26107
26123
26132
26134
26200
26223
26225
26272
26292
26293
26297
26310
26313
26346
26361
26407
26409
26420
26424
26425
26430
26440
26488
26494
26523
26582
26597
26605
26619
26641
26678
26679
26692
26693
26701
26707
26740
26746
26751
26755
26763
26781
26806
26819
26834
26878
26900
26920
26929
26930
26934
26981
26989
26990
26993
27008
27021
27025
27050
27079
27103
27111
27123
27142
27154
27162
27181
27208
27214
27221
27243
27263
27281
27285
27320
27336
27356
27361
27380
27382
27385
27393
27397
27411
27413
27419
27430
27432
27437
27441
27451
27454
27483
27499
27510
27514
27526
27535
27543
27552
27557
27567
27572
27595
27600
27602
27603
27632
27639
27648
27657
27666
27673
27679
27740
27808
27825
27831
27832
27834
27846
27856
27859
27866
27868
27889
27900
27908
27911
27939
27949
27951
28001
28011
28013
28016
28024
28030
28038
28040
28070
28072
28080
28081
28086
28118
28125
28126
28131
28137
28250
28278
28281
28322
28336
28352
28370
28375
28405
28472
28474
28492
28514
28521
28546
28561
28587
28591
28595
28613
28637
28639
28646
28650
28652
28665
28674
28706
28713
28720
28739
28740
28769
28772
28787
28849
28858
28883
28900
28904
28909
28914
28919
28940
28943
28966
28972
28976
28977
29006
29020
29055
29063
29067
29070
29090
29098
29105
29111
29114
29117
29143
29161
29164
29183
29185
29189
29220
29229
29273
29278
29279
29326
29362
29364
29391
29403
29431
29441
29449
29453
29460
29464
29471
29499
29501
29520
29521
29541
29564
29571
29573
29597
29620
29641
29651
29673
29681
29684
29702
29735
29749
29776
29782
29791
29836
29849
29855
29862
29868
29892
29894
29899
29924
29946
29960
29982
29984
29986
29999
30025
30033
30044
30070
30096
30098
30124
30137
30141
30149
30178
30221
30241
30256
30265
30282
30305
30331
30344
30354
30373
30380
30390
30401
30403
30411
30412
30428
30433
30438
30440
30456
30480
30486
30497
30498
30500
30501
30520
30530
30542
30547
30551
30561
30567
30569
30585
30607
30616
30630
30645
30656
30660
30688
30731
30740
30747
30753
30768
30771
30775
30780
30799
30808
30820
30821
30841
30852
30858
30864
30871
30877
30898
30900
30915
30921
30926
30938
30939
30948
30960
30964
30968
30974
30991
30997
31017
31021
31030
31070
31074
31075
31083
31114
31117
31127
31130
31198
31208
31212
31232
31242
31243
31246
31253
31271
31297
31315
31321
31379
31406
31413
31415
31435
31437
31440
31443
31454
31487
31494
31495
31501
31538
31548
31557
31571
31586
31611
31632
31650
31651
31666
31668
31686
31693
31694
31701
31702
31709
31728
31745
31752
31763
31790
31796
31802
31803
31804
31806
31812
31833
31850
31861
31862
31901
31910
31945
31988
31996
31998
32000
32008
32016
32024
32042
32046
32048
32058
32067
32076
32083
32089
32102
32108
32128
32136
32151
32153
32158
32193
32202
32206
32217
32219
32246
32252
32255
32259
32284
32291
32339
32342
32355
32357
32368
32397
32423
32424
32433
32448
32458
32472
32481
32492
32527
32531
32538
32549
32558
32569
32694
32695
32704
32725
32728
32739
32742
32745
32748
32753
32771
32814
32822
32826
32873
32887
32897
32909
32911
32920
32951
32955
32958
32960
32982
32986
32988
33012
33013
33016
33019
33023
33033
33040
33054
33060
33075
33095
33098
33101
33109
33113
33130
33137
33138
33147
33158
33202
33239
33246
33260
33277
33294
33301
33310
33312
33316
33327
33360
33364
33366
33369
33410
33414
33415
33433
33443
33447
33459
33468
33477
33478
33483
33489
33492
33514
33533
33560
33572
33581
33585
33609
33613
33622
33629
33633
33637
33643
33655
33690
33699
33716
33722
33738
33751
33773
33787
33809
33829
33885
33909
33925
33939
33953
33967
33978
33980
34003
34046
34089
34091
34108
34111
34130
34138
34139
34143
34147
34151
34155
34170
34184
34186
34200
34214
34225
34236
34283
34287
34303
34315
34322
34338
34342
34356
34381
34384
34405
34411
34425
34439
34462
34509
34512
34538
34554
34557
34561
34580
34587
34620
34621
34623
34637
34683
34703
34711
34757
34763
34765
34768
34772
34797
34829
34855
34857
34870
34899
34934
34956
34961
34966
35001
35006
35010
35018
35042
35071
35074
35095
35097
35110
35126
35130
35142
35144
35156
35164
35167
35180
35188
35196
35197
35198
35206
35216
35239
35243
35258
35259
35264
35286
35289
35297
35337
35379
35388
35433
35437
35455
35464
35474
35477
35485
35506
35507
35519
35521
35525
35527
35539
35567
35595
35598
35599
35601
35632
35634
35651
35677
35701
35732
35739
35740
35765
35772
35784
35823
35829
35833
35853
35874
35888
35901
35904
35922
35941
35943
35959
35980
35994
36016
36042
36053
36075
36077
36092
36096
36137
36139
36143
36144
36145
36148
36149
36162
36173
36191
36209
36212
36255
36271
36273
36283
36329
36336
36337
36360
36390
36395
36396
36408
36432
36436
36444
36451
36498
36512
36521
36533
36536
36547
36552
36563
36567
36578
36588
36597
36601
36604
36606
36632
36636
36638
36670
36680
36692
36701
36707
36737
36738
36744
36759
36763
36772
36787
36810
36813
36830
36832
36836
36845
36858
36868
36881
36905
36923
36940
36975
36986
37009
37025
37032
37042
37061
37065
37068
37098
37109
37110
37115
37132
37146
37164
37175
37176
37183
37195
37208
37209
37218
37227
37246
37248
37260
37265
37295
37327
37337
37343
37365
37379
37395
37402
37417
37445
37448
37458
37469
37477
37486
37493
37500
37502
37547
37548
37552
37569
37587
37590
37605
37623
37631
37632
37644
37665
37702
37715
37742
37750
37781
37806
37826
37843
37845
37862
37872
37873
37881
37891
37893
37897
37898
37904
37906
37912
37929
37931
37932
37947
37958
37971
37993
38007
38013
38020
38028
38044
38052
38073
38118
38126
38148
38165
38184
38228
38239
38248
38254
38269
38271
38280
38289
38292
38296
38299
38311
38324
38329
38341
38349
38366
38374
38375
38378
38402
38409
38411
38415
38427
38446
38451
38453
38523
38536
38539
38543
38553
38554
38573
38586
38596
38610
38636
38653
38665
38675
38721
38731
38738
38759
38766
38767
38779
38781
38799
38800
38802
38820
38822
38826
38841
38848
38851
38865
38879
38935
38936
38948
38998
38999
39004
39005
39017
39018
39039
39075
39083
39094
39095
39104
39111
39130
39148
39155
39163
39207
39208
39222
39229
39233
39236
39237
39239
39240
39245
39249
39266
39271
39287
39288
39294
39297
39300
39303
39328
39331
39354
39377
39382
39395
39396
39409
39419
39428
39437
39440
39453
39476
39499
39509
39516
39524
39563
39567
39568
39573
39589
39600
39601
39604
39632
39656
39668
39672
39673
39693
39701
39705
39707
39719
39729
39763
39789
39798
39803
39806
39824
39826
39845
39848
39859
39864
39898
39904
39907
39909
39999
40007
40017
40020
40032
40040
40055
40074
40083
40092
40098
40112
40128
40146
40161
40193
40195
40197
40209
40217
40250
40256
40268
40269
40279
40287
40299
40314
40319
40325
40335
40354
40358
40362
40389
40406
40416
40417
40422
40451
40461
40468
40473
40476
40497
40518
40527
40534
40570
40590
40616
40632
40651
40654
40664
40683
40723
40771
40776
40782
40799
40825
40826
40830
40849
40868
40877
40893
40896
40952
40972
40983
40985
41003
41004
41005
41010
41021
41078
41090
41111
41126
41150
41189
41211
41214
41228
41282
41295
41305
41309
41323
41324
41331
41349
41371
41373
41387
41413
41455
41461
41483
41506
41507
41514
41550
41598
41603
41605
41610
41634
41662
41671
41687
41703
41723
41744
41750
41757
41829
41844
41845
41856
41879
41930
41974
41998
42002
42076
42097
42100
42106
42144
42153
42213
42216
42245
42247
42298
42342
42345
42393
42419
42436
42458
42459
42472
42478
42488
42503
42509
42516
42530
42531
42534
42535
42536
42542
42551
42553
42568
42569
42582
42607
42663
42673
42675
42676
42681
42776
42783
42784
42785
42786
42793
42823
42824
42845
42849
42850
42852
42860
42892
42895
42944
42989
43001
43058
43059
43076
43085
43107
43127
43128
43142
43159
43173
43180
43186
43199
43203
43204
43211
43222
43255
43262
43264
43268
43273
43279
43280
43284
43285
43343
43364
43370
43372
43379
43421
43426
43446
43456
43488
43491
43493
43508
43513
43522
43530
43533
43541
43542
43557
43573
43592
43593
43605
43607
43640
43650
43653
43681
43702
43728
43731
43745
43753
43761
43763
43773
43783
43786
43793
43808
43809
43810
43811
43832
43864
43866
43894
43916
43923
43930
43935
43950
43963
43969
43971
43991
44011
44018
44031
44036
44055
44058
44065
44081
44100
44129
44130
44174
44192
44193
44197
44204
44214
44222
44230
44263
44285
44288
44298
44301
44311
44335
44360
44375
44386
44389
44405
44415
44436
44441
44447
44453
44454
44455
44460
44461
44475
44483
44490
44506
44517
44537
44570
44576
44579
44584
44591
44608
44629
44644
44645
44660
44667
44668
44678
44679
44687
44694
44695
44696
44704
44707
44722
44725
44748
44752
44758
44761
44777
44780
44784
44791
44798
44801
44812
44860
44930
44933
44958
44969
44982
45016
45032
45033
45059
45060
45063
45076
45077
45093
45095
45096
45100
45105
45107
45115
45125
45133
45136
45145
45149
45156
45176
45184
45186
45187
45209
45210
45216
45239
45248
45255
45273
45278
45290
45313
45315
45331
45336
45386
45398
45414
45416
45425
45435
45489
45493
45500
45567
45569
45572
45578
45584
45601
45618
45627
45630
45635
45652
45680
45685
45720
45727
45745
45746
45756
45758
45776
45783
45813
45823
45826
45830
45835
45844
45849
45874
45909
45997
46012
46015
46016
46024
46039
46041
46044
46046
46049
46056
46072
46085
46092
46094
46111
46120
46137
46157
46176
46183
46205
46234
46246
46255
46270
46292
46300
46303
46312
46313
46329
46337
46340
46351
46358
46360
46363
46370
46374
46375
46379
46383
46393
46401
46406
46411
46462
46479
46482
46498
46527
46534
46573
46595
46611
46637
46653
46678
46700
46713
46718
46741
46749
46754
46756
46759
46778
46784
46828
46834
46836
46845
46848
46880
46881
46885
46896
46918
46948
46958
46964
46971
46980
46981
47025
47041
47078
47104
47119
47124
47154
47215
47236
47264
47271
47297
47300
47306
47307
47332
47357
47359
47365
47368
47371
47398
47408
47437
47439
47445
47449
47455
47477
47478
47507
47551
47553
47573
47578
47588
47630
47653
47671
47714
47731
47745
47749
47752
47770
47786
47814
47818
47824
47828
47837
47884
47914
47916
47925
47928
47930
47946
47955
47989
48010
48013
48021
48050
48068
48069
48071
48080
48081
48083
48086
48088
48095
48130
48145
48150
48154
48157
48167
48172
48182
48196
48231
48233
48269
48297
48320
48326
48332
48348
48358
48368
48382
48403
48413
48433
48435
48445
48455
48456
48484
48486
48487
48490
48527
48537
48560
48568
48574
48577
48590
48594
48596
48608
48650
48653
48661
48662
48688
48700
48701
48710
48711
48767
48809
48874
48900
48942
48952
48961
48962
48990
49022
49025
49043
49049
49067
49074
49075
49076
49078
49080
49091
49109
49141
49147
49175
49177
49182
49193
49195
49196
49221
49238
49245
49247
49255
49265
49275
49296
49297
49308
49312
49323
49331
49341
49343
49351
49357
49366
49370
49396
49408
49413
49423
49440
49449
49465
49467
49483
49484
49499
49512
49522
49565
49583
49601
49620
49628
49653
49671
49686
49729
49753
49775
49784
49797
49804
49815
49819
49851
49857
49865
49868
49883
49893
49898
49902
49905
49915
49938
49940
49942
49949
49967
49972
49984
49985
49993
50000
50008
50014
50019
50092
50097
50100
50114
50147
50150
50179
50180
50187
50213
50215
50216
50230
50233
50240
50251
50253
50261
50267
50277
50282
50302
50311
50317
50345
50347
50360
50365
50416
50422
50426
50433
50434
50471
50492
50496
50509
50515
50533
50535
50538
50546
50554
50581
50595
50601
50609
50620
50628
50666
50675
50678
50687
50695
50716
50719
50720
50722
50734
50739
50741
50755
50765
50775
50783
50837
50847
50852
50855
50858
50880
50891
50917
50959
50990
50998
51014
51017
51029
51041
51055
51061
51063
51069
51070
51083
51123
51139
51155
51167
51172
51174
51190
51194
51199
51220
51221
51230
51231
51262
51285
51287
51293
51300
51308
51347
51349
51363
51385
51388
51393
51396
51402
51404
51405
51408
51410
51422
51424
51428
51446
51463
51469
51486
51507
51521
51536
51541
51547
51558
51564
51578
51585
51590
51614
51622
51628
51633
51642
51643
51645
51647
51675
51682
51702
51719
51726
51730
51738
51740
51745
51775
51784
51820
51851
51873
51881
51887
51890
51901
51902
51910
51913
51914
51930
51932
51937
51938
51960
51981
51982
51990
51992
51993
52005
52048
52050
52056
52068
52082
52127
52137
52140
52144
52150
52156
52166
52199
52214
52240
52260
52263
52297
52305
52322
52328
52332
52349
52356
52363
52393
52399
52401
52405
52413
52419
52420
52423
52428
52432
52437
52446
52455
52456
52471
52476
52502
52520
52525
52534
52553
52554
52558
52578
52588
52597
52605
52610
52621
52651
52671
52672
52677
52681
52685
52686
52731
52737
52738
52765
52804
52811
52814
52829
52861
52862
52874
52895
52930
52934
52936
52945
52953
52969
52981
52997
52999
53008
53033
53055
53094
53095
53099
53105
53133
53180
53197
53200
53229
53234
53237
53252
53290
53309
53316
53319
53326
53349
53387
53401
53406
53437
53460
53464
53468
53475
53485
53502
53514
53534
53547
53563
53567
53574
53585
53606
53608
53612
53613
53614
53618
53624
53626
53629
53632
53634
53651
53677
53702
53711
53727
53731
53750
53753
53767
53768
53774
53779
53792
53800
53823
53830
53844
53865
53870
53884
53890
53893
53894
53896
53901
53903
53915
53920
53948
53964
53974
53985
54001
54032
54047
54069
54081
54088
54100
54105
54106
54115
54131
54136
54137
54141
54146
54164
54190
54191
54196
54202
54204
54215
54216
54222
54224
54233
54234
54241
54242
54256
54259
54260
54262
54269
54301
54322
54366
54391
54396
54401
54405
54409
54449
54452
54454
54459
54460
54471
54472
54502
54518
54524
54528
54537
54548
54597
54612
54617
54618
54640
54670
54672
54693
54713
54741
54748
54752
54775
54780
54790
54804
54805
54839
54851
54854
54876
54887
54891
54896
54911
54919
54920
54921
54930
54937
54944
54948
54951
54961
54962
54972
54982
54983
55000
55003
55006
55018
55028
55029
55041
55046
55049
55068
55075
55112
55132
55143
55156
55174
55182
55184
55197
55218
55221
55230
55247
55250
55252
55265
55273
55284
55290
55320
55338
55341
55350
55354
55386
55396
55434
55445
55451
55457
55476
55486
55501
55506
55534
55547
55553
55555
55580
55665
55680
55682
55716
55728
55738
55745
55746
55753
55798
55822
55826
55836
55852
55855
55863
55896
55923
55969
56005
56006
56015
56054
56083
56094
56095
56138
56141
56174
56180
56201
56210
56214
56215
56239
56244
56263
56275
56280
56301
56314
56337
56352
56359
56368
56372
56378
56390
56397
56402
56417
56422
56429
56441
56471
56473
56477
56499
56520
56526
56533
56546
56557
56567
56571
56578
56592
56605
56610
56612
56617
56636
56664
56677
56687
56726
56745
56749
56763
56778
56781
56782
56813
56854
56864
56880
56882
56892
56899
56903
56915
56921
56926
56950
56963
56979
56992
57020
57022
57026
57031
57048
57102
57107
57150
57155
57191
57203
57210
57267
57315
57320
57322
57363
57419
57436
57463
57464
57486
57509
57529
57531
57533
57540
57548
57560
57564
57566
57599
57636
57642
57661
57668
57669
57670
57675
57690
57691
57695
57703
57715
57722
57724
57727
57752
57771
57783
57792
57793
57805
57833
57837
57850
57851
57870
57872
57874
57883
57891
57922
57932
57954
57955
57972
57974
58008
58011
58016
58021
58039
58041
58051
58057
58068
58093
58094
58104
58112
58119
58163
58164
58169
58181
58196
58202
58203
58228
58230
58251
58260
58265
58277
58278
58284
58315
58327
58345
58346
58351
58362
58367
58372
58389
58390
58417
58431
58434
58440
58449
58454
58458
58468
58478
58487
58491
58500
58502
58503
58525
58542
58549
58557
58576
58592
58597
58600
58609
58612
58629
58658
58673
58710
58714
58724
58732
58742
58744
58784
58817
58821
58835
58836
58837
58844
58848
58861
58873
58875
58886
58891
58901
58931
58962
58971
58973
58979
58995
59006
59009
59030
59035
59073
59077
59088
59098
59104
59111
59116
59157
59162
59172
59176
59195
59206
59236
59250
59253
59263
59280
59285
59291
59314
59335
59340
59382
59395
59470
59512
59521
59590
59594
59600
59627
59637
59644
59659
59670
59678
59711
59738
59757
59799
59803
59809
59812
59817
59818
59841
59844
59850
59868
59876
59881
59899
59901
59905
59914
59923
59933
59947
59966
59968
59974
59977
59982
59986
59992
60006
60010
60023
60070
60084
60110
60125
60129
60132
60196
60206
60220
60227
60240
60241
60251
60265
60271
60279
60286
60287
60294
60307
60308
60315
60317
60333
60350
60372
60373
60378
60395
60398
60402
60414
60433
60441
60455
60467
60469
60471
60486
60494
60502
60512
60516
60543
60560
60561
60580
60607
60608
60646
60666
60680
60681
60684
60697
60714
60723
60733
60745
60748
60752
60778
60780
60781
60786
60800
60809
60815
60819
60836
60851
60896
60901
60920
60921
60932
60938
60947
60954
60956
60961
60980
60993
60998
61003
61013
61036
61038
61049
61073
61099
61100
61101
61108
61109
61117
61130
61138
61153
61156
61159
61163
61178
61194
61207
61235
61243
61269
61290
61293
61321
61342
61345
61350
61362
61387
61406
61409
61417
61434
61441
61450
61453
61514
61521
61545
61547
61563
61581
61582
61609
61630
61646
61664
61666
61680
61689
61694
61697
61707
61708
61709
61722
61725
61732
61735
61782
61789
61792
61824
61868
61872
61912
61918
61920
61954
61967
61996
62004
62008
62125
62154
62174
62177
62183
62187
62192
62201
62215
62224
62229
62260
62262
62265
62275
62298
62311
62314
62321
62326
62335
62350
62371
62379
62384
62419
62422
62430
62437
62452
62455
62510
62511
62529
62531
62539
62551
62579
62580
62590
62604
62607
62609
62611
62622
62628
62632
62637
62640
62681
62694
62711
62712
62722
62730
62733
62757
62774
62782
62803
62806
62807
62834
62844
62845
62860
62862
62902
62909
62933
62948
62953
62960
62967
62973
62984
62985
62991
62993
63008
63010
63015
63026
63034
63040
63060
63068
63086
63167
63172
63183
63197
63224
63226
63236
63243
63272
63278
63300
63316
63358
63359
63363
63394
63406
63418
63453
63457
63462
63471
63491
63492
63505
63507
63524
63530
63548
63552
63559
63562
63563
63597
63619
63625
63641
63647
63658
63659
63660
63663
63668
63672
63717
63719
63720
63770
63795
63801
63812
63813
63836
63837
63854
63855
63880
63898
63965
63967
63976
63985
63986
63991
64007
64021
64032
64047
64056
64077
64101
64103
64112
64123
64131
64132
64143
64152
64164
64168
64177
64186
64188
64200
64229
64239
64250
64257
64260
64293
64301
64307
64325
64340
64356
64370
64378
64380
64423
64433
64475
64499
64507
64520
64522
64524
64540
64541
64545
64550
64559
64562
64566
64571
64579
64580
64627
64634
64655
64667
64676
64677
64721
64727
64729
64732
64744
64750
64752
64754
64756
64819
64839
64868
64884
64902
64918
64953
64961
64991
65005
65013
65031
65044
65045
65063
65105
65111
65116
65127
65153
65163
65191
65193
65201
65205
65208
65217
65218
65229
65231
65237
65265
65283
65303
65311
65317
65328
65340
65356
65371
65374
65378
65394
65429
65451
65478
65482
65504
65506
65525
65526
65529
65551
65552
65564
65604
65620
65629
65643
65657
65660
65683
65689
65698
65709
65718
65732
65734
65756
65765
65774
65778
65801
65806
65822
65826
65832
65845
65877
65902
65922
65927
65932
65965
65968
65995
66051
66061
66076
66077
66108
66121
66123
66125
66137
66140
66158
66176
66206
66207
66209
66212
66231
66232
66241
66260
66264
66266
66278
66294
66305
66327
66331
66361
66388
66409
66410
66429
66439
66440
66441
66442
66476
66503
66518
66524
66539
66586
66603
66606
66614
66641
66659
66685
66693
66704
66705
66721
66740
66742
66746
66776
66783
66786
66800
66808
66812
66819
66824
66831
66837
66841
66850
66858
66863
66866
66875
66882
66885
66887
66892
66912
66918
66919
66934
66963
67002
67043
67046
67055
67066
67074
67079
67099
67103
67114
67138
67147
67156
67163
67181
67210
67211
67244
67286
67294
67296
67298
67304
67307
67320
67322
67339
67346
67348
67354
67356
67369
67379
67388
67398
67417
67438
67440
67454
67457
67460
67468
67478
67490
67492
67539
67543
67544
67553
67557
67564
67565
67567
67569
67570
67603
67615
67636
67640
67686
67716
67717
67727
67734
67739
67756
67777
67778
67780
67784
67790
67801
67823
67835
67861
67907
67917
67920
67929
67948
67970
67971
68010
68024
68028
68042
68087
68091
68098
68108
68111
68116
68120
68125
68126
68144
68147
68193
68206
68242
68270
68330
68341
68353
68359
68366
68395
68399
68406
68411
68446
68449
68458
68461
68478
68483
68484
68491
68519
68524
68526
68528
68539
68545
68559
68566
68575
68595
68607
68613
68641
68664
68679
68680
68690
68696
68706
68712
68737
68740
68744
68772
68777
68779
68787
68790
68804
68837
68849
68865
68870
68898
68899
68906
68923
68928
68932
68945
68951
68957
68967
68975
68979
68985
68990
68993
69076
69109
69118
69122
69149
69180
69202
69216
69237
69247
69257
69282
69289
69296
69309
69315
69325
69332
69351
69352
69354
69382
69413
69422
69425
69448
69453
69457
69472
69491
69493
69495
69510
69545
69581
69604
69620
69654
69658
69664
69670
69672
69693
69711
69714
69716
69769
69778
69787
69790
69811
69877
69880
69886
69895
69987
70009
70019
70024
70038
70039
70042
70057
70061
70066
70070
70088
70100
70105
70114
70141
70156
70189
70214
70263
70289
70292
70294
70295
70299
70313
70328
70334
70341
70353
70372
70374
70382
70398
70426
70442
70467
70472
70478
70482
70499
70504
70541
70546
70548
70554
70600
70604
70605
70620
70621
70642
70660
70674
70675
70681
70693
70728
70729
70733
70734
70737
70739
70759
70764
70773
70775
70786
70793
70795
70797
70817
70819
70834
70836
70846
70856
70870
70875
70877
70901
70927
70955
70958
70965
70995
71007
71009
71017
71030
71038
71039
71055
71057
71064
71077
71083
71122
71150
71157
71171
71174
71182
71194
71213
71214
71225
71244
71248
71256
71270
71330
71333
71355
71357
71388
71393
71397
71401
71405
71433
71460
71471
71477
71478
71508
71536
71539
71548
71554
71555
71562
71574
71599
71621
71631
71632
71649
71650
71665
71686
71715
71721
71739
71743
71794
71802
71834
71837
71839
71840
71857
71868
71869
71875
71902
71907
71954
71972
71975
71991
72000
72023
72027
72033
72035
72041
72054
72059
72075
72103
72110
72116
72123
72124
72128
72130
72136
72140
72152
72155
72170
72188
72207
72210
72218
72230
72235
72250
72269
72281
72291
72294
72310
72321
72323
72327
72331
72361
72363
72365
72383
72387
72389
72396
72414
72440
72441
72447
72465
72466
72485
72498
72505
72524
72525
72550
72551
72552
72560
72571
72582
72585
72641
72647
72652
72671
72678
72681
72689
72695
72708
72712
72724
72728
72731
72736
72746
72747
72756
72793
72796
72799
72800
72802
72804
72806
72811
72824
72835
72836
72840
72866
72871
72897
72914
72918
72919
72987
72991
72992
73001
73006
73007
73028
73066
73069
73085
73111
73118
73122
73137
73140
73142
73147
73158
73163
73174
73186
73187
73195
73216
73270
73277
73287
73290
73297
73308
73315
73317
73322
73330
73334
73367
73390
73391
73411
73416
73427
73450
73462
73470
73477
73478
73480
73491
73493
73506
73508
73522
73537
73539
73545
73548
73552
73576
73581
73596
73598
73601
73607
73675
73697
73702
73723
73740
73746
73751
73754
73758
73793
73798
73833
73839
73855
73856
73864
73870
73875
73883
73906
73912
73918
73970
73991
73998
74007
74014
74022
74028
74077
74098
74109
74122
74123
74126
74129
74162
74211
74254
74266
74296
74306
74321
74332
74373
74398
74400
74404
74419
74427
74431
74434
74459
74463
74467
74510
74511
74513
74515
74516
74522
74536
74547
74548
74551
74556
74564
74577
74581
74585
74591
74595
74599
74611
74613
74697
74709
74717
74730
74740
74742
74762
74782
74794
74801
74822
74824
74842
74862
74874
74879
74891
74900
74902
74907
74911
74922
74924
74930
74934
74939
74947
74958
74977
74978
74981
74988
75036
75037
75049
75056
75083
75122
75141
75177
75190
75192
75199
75206
75210
75218
75228
75229
75236
75262
75263
75270
75282
75305
75317
75318
75363
75369
75371
75375
75376
75379
75391
75412
75413
75431
75432
75441
75453
75456
75461
75473
75481
75493
75512
75520
75527
75534
75552
75554
75581
75584
75593
75594
75605
75619
75638
75641
75663
75670
75681
75692
75693
75724
75733
75760
75768
75775
75776
75782
75799
75803
75814
75821
75823
75833
75840
75848
75849
75865
75868
75880
75889
75907
75919
75936
75940
75941
75943
75947
75954
75971
76006
76008
76029
76037
76053
76056
76106
76141
76162
76196
76200
76202
76205
76221
76231
76242
76271
76273
76315
76333
76336
76342
76350
76376
76378
76385
76410
76426
76427
76432
76446
76463
76468
76469
76501
76514
76518
76523
76547
76548
76552
76553
76557
76560
76569
76574
76580
76588
76589
76592
76593
76623
76633
76635
76642
76649
76655
76686
76687
76699
76703
76705
76725
76736
76742
76750
76758
76763
76791
76795
76816
76821
76830
76835
76845
76847
76849
76862
76880
76882
76883
76893
76923
76926
76927
76928
76940
76948
76963
76968
76999
77004
77017
77018
77019
77058
77061
77078
77080
77093
77113
77119
77140
77156
77160
77167
77169
77183
77186
77200
77209
77225
77231
77248
77253
77254
77262
77277
77282
77290
77291
77293
77297
77332
77333
77346
77347
77368
77397
77417
77418
77428
77443
77445
77492
77495
77511
77531
77552
77596
77603
77604
77606
77608
77628
77645
77647
77656
77669
77704
77705
77712
77714
77722
77723
77729
77734
77756
77766
77769
77787
77823
77860
77861
77873
77886
77901
77912
77915
77919
77921
77931
77932
77942
77945
77967
77975
77982
77990
77992
77994
78009
78046
78061
78064
78085
78092
78099
78102
78104
78170
78184
78186
78192
78202
78203
78204
78224
78298
78301
78302
78334
78350
78370
78383
78400
78435
78437
78444
78482
78514
78529
78538
78543
78545
78549
78567
78578
78581
78585
78614
78626
78635
78637
78649
78650
78657
78662
78667
78678
78695
78698
78704
78713
78720
78727
78739
78741
78752
78757
78782
78783
78790
78816
78827
78831
78847
78854
78866
78890
78892
78893
78907
78917
78922
78935
78960
78973
78998
79018
79019
79053
79068
79069
79073
79104
79128
79143
79152
79173
79177
79181
79191
79216
79223
79236
79246
79284
79288
79290
79292
79302
79309
79317
79349
79381
79385
79386
79391
79394
79402
79420
79429
79455
79522
79530
79559
79561
79569
79584
79605
79617
79625
79649
79651
79665
79666
79669
79672
79706
79719
79722
79735
79738
79742
79751
79772
79774
79779
79795
79812
79821
79859
79867
79877
79881
79897
79898
79902
79905
79911
79912
79929
79931
79955
79960
79973
79998
80001
80014
80017
80042
80046
80054
80099
80115
80127
80129
80140
80144
80161
80163
80164
80177
80185
80188
80195
80203
80215
80229
80246
80255
80264
80277
80323
80344
80352
80355
80357
80358
80368
80393
80398
80403
80405
80412
80473
80474
80478
80500
80527
80548
80564
80604
80607
80611
80620
80629
80632
80660
80668
80708
80736
80746
80754
80773
80794
80800
80854
80861
80887
80891
80893
80897
80900
80903
80912
80915
80920
80977
80980
80997
81000
81008
81036
81062
81087
81113
81114
81126
81127
81155
81156
81159
81160
81161
81192
81193
81197
81202
81232
81242
81246
81270
81275
81320
81339
81342
81350
81361
81362
81366
81393
81402
81406
81409
81418
81449
81484
81530
81531
81541
81551
81582
81586
81592
81598
81602
81603
81635
81636
81655
81676
81715
81725
81729
81741
81746
81755
81799
81808
81817
81853
81862
81874
81884
81892
81896
81897
81899
81938
81966
81979
81980
82038
82086
82108
82109
82117
82151
82156
82170
82176
82178
82180
82185
82191
82193
82205
82221
82235
82244
82253
82266
82267
82280
82282
82291
82310
82323
82347
82351
82393
82397
82401
82424
82443
82460
82461
82463
82467
82477
82480
82491
82495
82513
82531
82534
82552
82553
82561
82562
82573
82575
82615
82623
82633
82647
82652
82655
82659
82661
82662
82671
82682
82697
82700
82750
82751
82755
82772
82789
82799
82817
82833
82839
82840
82874
82917
82918
82921
82930
82934
82939
82947
82954
82966
82967
82978
82979
82983
83027
83030
83036
83053
83061
83114
83128
83152
83158
83161
83163
83169
83182
83185
83198
83199
83227
83272
83277
83281
83300
83305
83317
83329
83335
83342
83359
83383
83386
83402
83406
83468
83477
83483
83517
83518
83539
83550
83565
83577
83582
83589
83593
83599
83602
83603
83618
83629
83630
83636
83651
83667
83694
83696
83727
83735
83739
83764
83814
83833
83846
83856
83868
83890
83894
83899
83913
83917
83926
83935
83965
83969
83982
84000
84002
84015
84029
84037
84038
84040
84052
84053
84054
84086
84094
84120
84135
84144
84157
84172
84188
84191
84234
84238
84242
84254
84277
84284
84294
84315
84324
84331
84332
84338
84341
84355
84362
84363
84365
84379
84405
84411
84412
84421
84431
84442
84458
84485
84488
84494
84495
84499
84502
84508
84515
84516
84519
84521
84544
84551
84566
84605
84651
84657
84662
84688
84691
84711
84712
84716
84739
84747
84752
84784
84790
84807
84888
84896
84900
84908
84914
84915
84916
84929
84932
84945
84964
84976
85002
85010
85072
85119
85130
85133
85140
85149
85160
85209
85214
85217
85230
85256
85265
85292
85309
85310
85314
85316
85361
85389
85425
85451
85454
85487
85491
85501
85506
85525
85537
85555
85579
85615
85624
85652
85661
85663
85666
85687
85688
85690
85693
85696
85721
85728
85737
85748
85756
85757
85798
85801
85810
85842
85893
85907
85950
85951
85963
85964
85965
85972
85982
85984
86030
86049
86054
86070
86075
86111
86128
86166
86168
86188
86189
86200
86206
86207
86212
86227
86230
86238
86252
86254
86261
86266
86277
86307
86312
86321
86322
86323
86330
86355
86367
86378
86388
86403
86407
86428
86435
86440
86442
86478
86480
86504
86506
86508
86510
86521
86539
86556
86563
86602
86621
86624
86633
86637
86650
86653
86687
86689
86694
86735
86742
86755
86756
86757
86765
86767
86768
86769
86779
86780
86782
86821
86833
86881
86896
86897
86903
86904
86912
86923
86932
86984
87003
87005
87012
87017
87028
87035
87037
87060
87063
87076
87079
87080
87088
87099
87101
87110
87126
87137
87138
87154
87163
87172
87179
87180
87194
87211
87224
87232
87234
87241
87252
87261
87302
87320
87332
87337
87355
87361
87365
87384
87385
87386
87387
87392
87400
87407
87411
87426
87434
87478
87512
87514
87516
87537
87545
87549
87559
87592
87596
87637
87639
87640
87644
87679
87681
87704
87723
87730
87737
87739
87741
87744
87760
87772
87781
87791
87806
87819
87825
87827
87863
87868
87880
87882
87927
87936
87944
87958
87989
87996
88008
88009
88020
88026
88028
88029
88042
88049
88071
88079
88089
88092
88093
88103
88104
88106
88147
88150
88167
88290
88291
88315
88378
88383
88406
88440
88458
88471
88477
88513
88529
88533
88535
88556
88558
88561
88594
88613
88641
88675
88687
88692
88712
88736
88739
88740
88744
88746
88752
88767
88768
88771
88790
88791
88799
88810
88821
88834
88840
88846
88854
88869
88895
88898
88909
88912
88913
88917
88927
88941
88973
89007
89010
89023
89036
89040
89063
89070
89071
89094
89097
89113
89121
89143
89170
89172
89174
89175
89181
89205
89223
89235
89238
89268
89305
89309
89310
89317
89345
89355
89367
89374
89387
89406
89407
89451
89453
89506
89508
89552
89567
89599
89609
89618
89622
89628
89633
89635
89637
89655
89665
89687
89689
89708
89734
89737
89773
89775
89777
89787
89795
89801
89804
89818
89834
89836
89839
89856
89884
89888
89895
89946
89949
89962
89966
89981
89987
89996
90001
90004
90020
90028
90032
90043
90056
90063
90082
90105
90126
90173
90184
90185
90193
90210
90213
90215
90252
90288
90301
90321
90332
90338
90340
90355
90369
90377
90383
90385
90400
90404
90422
90454
90469
90482
90486
90488
90496
90498
90506
90510
90512
90514
90517
90519
90528
90536
90544
90548
90582
90626
90632
90633
90634
90643
90657
90660
90687
90715
90741
90780
90815
90887
90891
90903
90926
90939
90944
90982
91002
91013
91018
91039
91054
91067
91074
91079
91087
91108
91110
91120
91130
91132
91134
91135
91149
91153
91158
91161
91167
91170
91254
91267
91292
91293
91296
91300
91305
91352
91364
91388
91430
91444
91445
91462
91469
91482
91496
91504
91524
91545
91556
91597
91602
91605
91624
91649
91672
91713
91720
91727
91748
91751
91752
91754
91755
91760
91783
91830
91840
91846
91854
91868
91870
91886
91887
91891
91894
91905
91909
91932
91940
91964
91965
91982
92013
92018
92028
92040
92062
92071
92101
92116
92129
92130
92142
92144
92152
92157
92170
92194
92214
92226
92228
92235
92239
92251
92260
92273
92289
92296
92306
92313
92315
92347
92351
92360
92414
92418
92448
92462
92466
92471
92476
92477
92479
92524
92525
92527
92539
92549
92551
92571
92573
92585
92668
92675
92699
92732
92744
92770
92783
92791
92795
92803
92814
92820
92830
92846
92869
92873
92875
92881
92888
92900
92920
92921
92926
92955
92977
93008
93027
93028
93041
93050
93060
93062
93088
93100
93135
93144
93145
93155
93166
93173
93180
93181
93188
93195
93211
93216
93220
93232
93243
93252
93259
93264
93287
93288
93317
93322
93325
93338
93384
93387
93420
93440
93449
93450
93472
93477
93478
93480
93481
93501
93506
93525
93539
93565
93575
93606
93607
93614
93620
93621
93624
93629
93633
93640
93670
93698
93702
93713
93716
93721
93772
93785
93787
93808
93812
93834
93846
93868
93917
93949
93953
93964
93975
94003
94008
94011
94016
94022
94032
94046
94048
94061
94090
94097
94099
94123
94141
94152
94157
94163
94171
94179
94189
94198
94199
94213
94216
94254
94262
94293
94310
94323
94327
94340
94372
94373
94384
94393
94403
94411
94438
94446
94456
94471
94499
94519
94520
94523
94534
94535
94545
94549
94552
94557
94559
94569
94572
94576
94595
94612
94633
94635
94650
94671
94682
94685
94692
94693
94716
94719
94731
94738
94742
94752
94763
94773
94796
94824
94830
94844
94847
94850
94879
94887
94911
94913
94940
94948
94983
95020
95024
95029
95102
95104
95113
95116
95126
95134
95157
95165
95170
95172
95175
95194
95204
95216
95220
95236
95247
95272
95274
95300
95306
95320
95347
95351
95356
95377
95390
95414
95428
95447
95458
95462
95476
95504
95520
95524
95526
95552
95556
95557
95565
95572
95588
95601
95602
95618
95637
95663
95669
95686
95692
95730
95754
95765
95773
95778
95779
95826
95828
95839
95841
95842
95855
95872
95892
95906
95909
95918
95933
95947
95950
95959
95982
96003
96028
96064
96073
96077
96092
96094
96103
96115
96134
96138
96141
96145
96151
96154
96155
96161
96166
96170
96182
96207
96210
96215
96248
96251
96263
96271
96279
96285
96286
96298
96319
96324
96336
96343
96345
96356
96362
96367
96378
96407
96417
96438
96443
96476
96494
96504
96511
96524
96540
96553
96557
96566
96586
96588
96601
96609
96614
96617
96657
96659
96706
96711
96718
96724
96748
96755
96758
96762
96763
96772
96780
96804
96817
96823
96825
96849
96881
96941
96973
96977
96998
97007
97014
97023
97041
97044
97055
97062
97074
97076
97083
97094
97095
97096
97108
97109
97119
97126
97141
97161
97184
97191
97192
97205
97229
97233
97249
97267
97275
97283
97292
97321
97332
97334
97335
97362
97363
97367
97375
97389
97390
97405
97412
97421
97424
97455
97483
97509
97516
97529
97530
97570
97583
97584
97591
97598
97604
97614
97627
97641
97647
97664
97683
97704
97731
97757
97758
97763
97764
97782
97783
97808
97810
97856
97878
97897
97904
97918
97923
97931
97955
97963
97984
97994
98022
98054
98058
98069
98070
98081
98087
98110
98113
98117
98150
98161
98162
98164
98180
98203
98212
98219
98232
98246
98277
98288
98317
98330
98336
98354
98357
98360
98368
98397
98404
98410
98412
98417
98452
98453
98464
98468
98470
98473
98495
98511
98522
98537
98547
98549
98564
98614
98619
98640
98653
98665
98682
98694
98708
98712
98721
98723
98732
98744
98784
98786
98791
98795
98802
98809
98810
98819
98850
98858
98871
98880
98881
98886
98891
98894
98899
98916
98924
98925
98934
98936
98948
98974
98993
99000
99012
99020
99021
99023
99037
99050
99054
99056
99063
99069
99079
99081
99086
99093
99107
99115
99118
99134
99136
99144
99174
99175
99198
99219
99232
99243
99252
99261
99281
99288
99294
99297
99305
99319
99324
99326
99327
99333
99343
99344
99376
99400
99414
99419
99424
99435
99446
99447
99454
99462
99471
99494
99504
99505
99507
99535
99558
99565
99580
99586
99591
99592
99600
99608
99621
99624
99626
99629
99650
99658
99665
99697
99704
99750
99755
99775
99794
99798
99844
99846
99847
99851
99856
99858
99867
99899
99922
99939
99946
99956
100004
100024
100031
100055
100065
100088
100097
100100
100110
100119
100120
100174
100191
100192
100193
100239
100272
100278
100283
100286
100295
100297
100299
100301
100325
100343
100347
100358
100366
100377
100384
100400
100404
100425
100430
100431
100440
100509
100570
100576
100594
100613
100614
100638
100647
100650
100665
100675
100681
100682
100704
100727
100771
100774
100781
100786
100788
100803
100836
100856
100858
100894
100923
100942
100956
100969
100986
100993
100999
101033
101040
101093
101094
101098
101120
101121
101130
101139
101182
101188
101191
101195
101196
101197
101203
101245
101252
101282
101289
101304
101319
101320
101337
101392
101407
101421
101425
101430
101443
101457
101460
101473
101477
101484
101493
101497
101516
101526
101543
101552
101556
101564
101577
101582
101606
101627
101639
101640
101647
101651
101655
101663
101678
101680
101699
101703
101704
101734
101740
101754
101787
101791
101811
101816
101835
101841
101842
101862
101868
101872
101877
101897
101898
101927
101932
101938
101951
101987
102026
102045
102046
102052
102075
102080
102097
102102
102113
102120
102122
102127
102129
102196
102206
102214
102219
102244
102260
102292
102293
102325
102330
102358
102360
102371
102377
102388
102389
102408
102412
102418
102427
102439
102451
102462
102479
102501
102505
102575
102582
102587
102612
102619
102625
102627
102653
102654
102658
102666
102670
102674
102675
102677
102681
102689
102693
102696
102716
102717
102719
102746
102750
102755
102757
102789
102804
102825
102845
102850
102865
102892
102896
102921
102934
102941
102953
102962
102965
102967
102983
102984
102991
103004
103012
103018
103023
103025
103076
103078
103101
103108
103130
103140
103147
103210
103223
103237
103247
103259
103305
103326
103329
103336
103353
103357
103369
103370
103404
103406
103408
103416
103435
103443
103476
103504
103560
103561
103566
103571
103584
103585
103590
103594
103623
103640
103646
103662
103666
103667
103678
103688
103704
103739
103740
103747
103755
103774
103778
103802
103826
103832
103839
103844
103904
103946
103948
103962
103966
103973
103983
103987
103991
103997
104006
104020
104021
104044
104060
104066
104111
104170
104184
104186
104191
104201
104206
104217
104218
104221
104223
104244
104249
104266
104272
104285
104287
104298
104310
104326
104329
104333
104335
104337
104356
104368
104372
104387
104420
104421
104423
104425
104426
104436
104438
104441
104442
104462
104464
104469
104486
104488
104579
104587
104596
104620
104623
104627
104628
104661
104672
104674
104676
104682
104714
104731
104741
104744
104756
104758
104782
104808
104814
104835
104841
104845
104860
104864
104870
104873
104881
104884
104885
104894
104907
104912
104917
104927
104936
104938
104946
104958
104971
105003
105019
105022
105038
105049
105050
105052
105058
105090
105105
105108
105134
105150
105166
105173
105181
105193
105202
105204
105216
105221
105223
105225
105226
105253
105255
105273
105284
105321
105334
105371
105372
105385
105395
105402
105413
105419
105423
105481
105499
105513
105546
105547
105552
105553
105570
105578
105589
105617
105626
105632
105644
105652
105668
105683
105688
105690
105697
105702
105705
105714
105716
105745
105750
105757
105762
105785
105797
105802
105803
105812
105813
105904
105927
105930
105932
105935
105947
105958
106004
106010
106025
106032
106040
106060
106061
106069
106080
106132
106133
106147
106153
106156
106168
106172
106173
106201
106205
106284
106335
106344
106361
106388
106416
106418
106438
106462
106469
106470
106506
106507
106510
106530
106532
106550
106561
106564
106607
106609
106629
106641
106645
106650
106659
106676
106697
106709
106715
106728
106737
106738
106740
106741
106744
106771
106773
106780
106791
106813
106827
106854
106865
106887
106891
106910
106911
106941
106964
106988
107013
107015
107043
107048
107083
107087
107091
107127
107132
107145
107175
107205
107214
107216
107234
107243
107244
107248
107259
107285
107288
107301
107307
107327
107335
107338
107342
107350
107354
107355
107357
107368
107369
107386
107404
107414
107420
107452
107453
107458
107464
107465
107469
107473
107475
107484
107493
107495
107499
107503
107505
107509
107580
107616
107618
107628
107631
107634
107655
107656
107658
107659
107660
107710
107724
107749
107762
107769
107777
107800
107802
107812
107850
107858
107865
107868
107874
107879
107886
107889
107890
107892
107926
107928
107932
107935
107936
107940
107941
107959
107966
107970
107971
107972
107984
108033
108038
108044
108071
108074
108079
108082
108104
108119
108122
108126
108133
108141
108143
108161
108171
108175
108196
108208
108218
108233
108262
108265
108284
108286
108304
108307
108312
108365
108371
108417
108418
108423
108428
108431
108448
108465
108468
108513
108517
108525
108533
108540
108544
108552
108569
108614
108623
108625
108650
108656
108660
108670
108674
108675
108676
108684
108688
108743
108767
108779
108792
108803
108804
108814
108823
108849
108879
108893
108909
108912
108922
108923
108928
108943
108946
108952
108972
108997
109003
109004
109007
109014
109027
109062
109086
109093
109107
109110
109119
109120
109124
109142
109157
109162
109170
109190
109204
109205
109209
109212
109232
109239
109242
109268
109275
109280
109283
109292
109294
109317
109324
109330
109336
109356
109373
109393
109399
109421
109428
109446
109456
109464
109481
109497
109503
109507
109522
109525
109533
109567
109578
109595
109598
109605
109606
109611
109625
109632
109636
109637
109661
109670
109679
109680
109687
109700
109729
109746
109789
109793
109806
109839
109849
109924
109932
109947
109953
109971
110025
110036
110049
110063
110069
110085
110105
110109
110111
110114
110117
110140
110142
110167
110177
110202
110206
110211
110220
110228
110249
110255
110256
110278
110291
110296
110300
110303
110319
110320
110322
110329
110331
110332
110350
110373
110376
110388
110401
110407
110410
110420
110438
110439
110449
110453
110464
110473
110474
110508
110541
110548
110562
110568
110572
110579
110599
110602
110603
110613
110635
110639
110644
110656
110669
110683
110694
110697
110720
110723
110747
110757
110818
110827
110833
110837
110850
110883
110898
110915
110956
110959
110973
111006
111007
111040
111044
111055
111069
111107
111114
111121
111149
111151
111166
111167
111199
111206
111208
111223
111228
111246
111250
111262
111289
111327
111335
111367
111368
111382
111404
111428
111432
111434
111452
111465
111496
111513
111526
111536
111550
111570
111577
111585
111598
111610
111643
111655
111668
111682
111683
111685
111716
111717
111744
111750
111757
111782
111787
111797
111800
111837
111851
111862
111866
111870
111892
111894
111904
111917
111934
111935
111942
111953
111956
111957
111959
111968
111969
111974
111980
111981
111984
112009
112029
112034
112041
112049
112054
112058
112067
112088
112092
112100
112101
112113
112120
112177
112184
112192
112198
112202
112204
112216
112229
112242
112311
112329
112346
112348
112358
112367
112375
112381
112382
112389
112402
112419
112430
112446
112463
112513
112523
112526
112531
112551
112616
112628
112633
112669
112679
112692
112724
112732
112748
112770
112793
112806
112813
112823
112828
112831
112851
112854
112859
112863
112886
112917
112920
112924
112933
112945
112958
112966
112985
112989
112993
113025
113027
113049
113069
113074
113076
113104
113111
113120
113147
113151
113153
113154
113156
113158
113175
113219
113224
113239
113259
113261
113265
113308
113316
113321
113342
113352
113369
113386
113390
113403
113436
113458
113460
113486
113491
113496
113503
113505
113509
113518
113557
113558
113572
113576
113592
113599
113621
113624
113625
113684
113686
113688
113697
113726
113727
113729
113743
113749
113756
113765
113778
113781
113810
113823
113833
113835
113846
113865
113886
113892
113907
113912
113917
113928
113942
113982
114004
114032
114045
114079
114081
114082
114118
114121
114122
114133
114135
114145
114146
114156
114244
114266
114274
114332
114340
114346
114347
114363
114432
114437
114452
114460
114468
114474
114475
114493
114511
114561
114586
114612
114633
114674
114683
114686
114695
114722
114730
114739
114767
114768
114779
114788
114790
114794
114799
114820
114824
114862
114881
114886
114903
114907
114915
114935
114943
114958
114976
114995
114999
115007
115015
115093
115104
115144
115173
115192
115204
115218
115219
115222
115241
115250
115251
115271
115288
115297
115322
115336
115347
115374
115380
115390
115410
115418
115420
115430
115447
115469
115477
115494
115501
115509
115531
115533
115544
115591
115595
115616
115620
115622
115648
115649
115656
115667
115721
115730
115734
115735
115743
115782
115785
115789
115797
115827
115835
115863
115896
115918
115931
115932
115937
115950
115951
115966
116093
116117
116127
116146
116159
116162
116166
116196
116198
116212
116229
116247
116253
116295
116311
116330
116335
116364
116369
116392
116432
116434
116439
116444
116451
116473
116485
116576
116636
116643
116644
116646
116655
116668
116687
116724
116766
116773
116774
116840
116884
116887
116891
116917
116918
116931
116935
116955
116959
117008
117058
117067
117068
117088
117104
117108
117127
117140
117180
117204
117214
117220
117248
117278
117284
117296
117319
117321
117332
117335
117345
117377
117383
117384
117399
117412
117434
117482
117483
117525
117526
117528
117531
117544
117546
117547
117558
117561
117573
117654
117735
117737
117741
117770
117779
117782
117796
117807
117813
117822
117836
117849
117850
117905
117942
117978
117985
117994
118012
118014
118019
118022
118033
118146
118179
118214
118215
118221
118223
118300
118306
118310
118349
118351
118353
118366
118370
118373
118375
118385
118435
118445
118451
118453
118454
118456
118464
118487
118535
118537
118550
118558
118603
118613
118628
118647
118655
118664
118668
118681
118773
118813
118817
118824
118839
118857
118869
118895
118898
118910
118917
118922
118934
118939
118963
118979
118984
119057
119061
119211
119244
119268
119279
119302
119303
119304
119316
119330
119371
119388
119391
119405
119408
119465
119480
119502
119517
119519
119526
119539
119557
119575
119579
119635
119653
119672
119683
119697
119698
119702
119718
119724
119729
119746
119757
119788
119796
119803
119854
119859
119860
119862
119863
119918
119926
119951
119968
119979
119987
120007
120035
120036
120088
120123
120130
120143
120156
120178
120179
120181
120200
120228
120234
120254
120260
120265
120275
120279
120288
120300
120305
120308
120321
120340
120350
120375
120381
120386
120392
120449
120460
120467
120476
120497
120521
120525
120541
120557
120571
120572
120573
120581
120615
120616
120643
120645
120684
120707
120711
120716
120774
120808
120829
120831
120910
120913
121131
121148
121156
121157
121166
121176
121184
121194
121199
121203
121205
121216
121233
121250
121253
121278
121290
121299
121309
121334
121348
121378
121385
121431
121434
121465
121482
121491
121496
121524
121549
121555
121560
121562
121578
121593
121600
121620
121633
121635
121649
121684
121695
121706
121764
121848
121857
121860
121927
121931
121934
121960
121962
121965
122008
122020
122062
122094
122102
122107
122133
122157
122173
122183
122221
122257
122263
122266
122283
122284
122291
122319
122325
122330
122332
122337
122339
122351
122371
122406
122412
122441
122442
122451
122452
122465
122472
122486
122506
122521
122562
122569
122592
122594
122605
122612
122618
122624
122627
122646
122650
122670
122688
122692
122693
122697
122727
122744
122745
122790
122792
122798
122820
122844
122875
122878
122892
122925
122945
122965
122978
122986
122997
123007
123014
123021
123022
123028
123042
123065
123084
123094
123147
123154
123168
123170
123193
123200
123202
123212
123222
123232
123240
123241
123246
123261
123268
123270
123273
123274
123289
123290
123297
123307
123312
123318
123329
123332
123339
123346
123362
123385
123401
123407
123433
123436
123443
123456
123460
123468
123479
123487
123495
123506
123519
123523
123527
123530
123579
123639
123650
123652
123673
123674
123675
123676
123679
123680
123733
123738
123739
123745
123756
123781
123782
123796
123815
123817
123834
123836
123852
123853
123865
123875
123876
123877
123902
123907
123909
123912
123923
123932
123946
123979
123989
124006
124021
124023
124026
124044
124058
124064
124075
124091
124094
124096
124099
124127
124130
124133
124152
124163
124168
124174
124190
124206
124213
124215
124229
124242
124251
124259
124261
124265
124269
124274
124319
124345
124347
124356
124360
124380
124389
124421
124428
124446
124454
124455
124458
124471
124489
124492
124511
124516
124536
124537
124583
124596
124597
124611
124667
124680
124707
124715
124717
124732
124777
124781
124784
124787
124821
124835
124853
124859
124866
124874
124918
124940
124944
124946
124951
124953
124961
124964
124965
124969
124972
124983
125001
125006
125008
125013
125015
125026
125027
125051
125086
125108
125132
125135
125137
125147
125159
125166
125179
125185
125192
125226
125236
125246
125270
125278
125280
125295
125306
125338
125341
125357
125359
125360
125381
125425
125476
125503
125507
125521
125528
125529
125537
125559
125609
125614
125617
125624
125638
125641
125654
125660
125683
125689
125720
125734
125777
125806
125807
125837
125869
125877
125878
125893
125910
125911
125912
125919
125920
125944
125945
125959
125971
125978
125980
125986
126005
126008
126014
126039
126041
126065
126071
126073
126074
126077
126083
126085
126086
126093
126097
126102
126108
126128
126152
126177
126202
126206
126207
126208
126213
126236
126242
126255
126256
126297
126325
126330
126345
126354
126358
126365
126392
126426
126432
126437
126454
126460
126462
126468
126477
126478
126493
126502
126511
126512
126521
126533
126545
126547
126596
126600
126609
126619
126625
126626
126641
126643
126644
126699
126711
126723
126742
126746
126757
126777
126782
126792
126815
126817
126834
126849
126862
126874
126876
126882
126899
126913
126919
126954
126957
126982
126992
127000
127007
127009
127017
127038
127045
127097
127098
127102
127110
127114
127115
127128
127141
127161
127166
127168
127172
127188
127195
127213
127246
127247
127261
127282
127286
127292
127298
127316
127346
127359
127369
127372
127373
127379
127403
127406
127421
127441
127451
127458
127467
127469
127482
127483
127494
127529
127532
127548
127571
127586
127600
127661
127678
127695
127697
127704
127705
127707
127708
127709
127721
127726
127753
127756
127787
127788
127792
127813
127826
127893
127897
127908
127914
127938
127949
127963
127965
127994
128009
128015
128025
128031
128040
128044
128055
128078
128091
128095
128111
128123
128136
128138
128140
128145
128147
128155
128168
128179
128184
128193
128197
128200
128201
128222
128230
128243
128260
128268
128273
128279
128280
128298
128301
128308
128341
128355
128357
128360
128362
128385
128389
128396
128421
128434
128439
128453
128461
128464
128468
128473
128493
128496
128497
128505
128510
128518
128521
128535
128547
128562
128569
128574
128580
128591
128628
128630
128635
128641
128646
128707
128721
128726
128733
128762
128768
128791
128799
128802
128809
128828
128835
128860
128868
128874
128877
128883
128889
128898
128899
128934
128958
128967
128971
128974
128977
128984
128993
129028
129033
129038
129058
129073
129076
129085
129111
129121
129126
129130
129163
129166
129185
129189
129195
129213
129227
129253
129259
129261
129306
129316
129328
129331
129386
129414
129435
129447
129448
129457
129477
129501
129511
129540
129553
129578
129589
129625
129685
129689
129703
129720
129724
129766
129794
129809
129810
129814
129816
