mode,harmonic_frequency_cm-1,vpt2_fundamental_cm-1,harmonic_intensity_km_mol,assignment,internal_coordinate,type,percent,phase,D_value,F_diagonal
6,76.80649430622738,,,mixed C-C torsion / cyclic-ring torsional/out-of-plane deformation,tau(C1-C2-C3-C5),dihedral,29.704301594788088,-,-0.10229718595430705,0.022396216584251973
6,76.80649430622738,,,mixed C-C torsion / cyclic-ring torsional/out-of-plane deformation,tau(C2-C3-C9-C8),dihedral,16.87754246433389,-,-0.015443822029784365,0.558318887434276
6,76.80649430622738,,,mixed C-C torsion / cyclic-ring torsional/out-of-plane deformation,tau(C3-C5-C6-O7),dihedral,12.099073441918586,-,-0.01922531419754867,0.2582782931735298
6,76.80649430622738,,,mixed C-C torsion / cyclic-ring torsional/out-of-plane deformation,tau(C5-C6-C8-C9),dihedral,9.533088105864916,+,0.011391286733286512,0.5796565217156813
6,76.80649430622738,,,mixed C-C torsion / cyclic-ring torsional/out-of-plane deformation,"gamma(C2;C3,O4,C9)",oop,6.31547405355957,+,0.009187618476440805,0.5903135300950473
6,76.80649430622738,,,mixed C-C torsion / cyclic-ring torsional/out-of-plane deformation,tau(H10-C1-C2-H14),dihedral,4.943895099944293,-,-0.015155388374542254,0.16983132350687483
6,76.80649430622738,,,mixed C-C torsion / cyclic-ring torsional/out-of-plane deformation,delta(C2-C3-O4),angle,4.212836845563657,+,0.00822045812273489,0.49188693193989014
6,76.80649430622738,,,mixed C-C torsion / cyclic-ring torsional/out-of-plane deformation,delta(C1-C2-C3),angle,3.122167411433366,+,0.007289461063115242,0.4636049159394469
6,76.80649430622738,,,mixed C-C torsion / cyclic-ring torsional/out-of-plane deformation,tau(H11-C1-C2-H13),dihedral,2.899419435921953,-,-0.011402848542163663,0.17594098589112622
6,76.80649430622738,,,mixed C-C torsion / cyclic-ring torsional/out-of-plane deformation,tau(H12-C1-C2-C3),dihedral,2.751529831521466,-,-0.011223612205639513,0.1723421900449818
6,76.80649430622738,,,mixed C-C torsion / cyclic-ring torsional/out-of-plane deformation,"gamma(C6;C5,C3,O4)",oop,2.2238293578717006,+,0.004391453711894359,0.9098452403956017
6,76.80649430622738,,,mixed C-C torsion / cyclic-ring torsional/out-of-plane deformation,delta(C5-C6-O7),angle,1.3413803322470859,+,0.004773327996097358,0.4645067893229545
6,76.80649430622738,,,mixed C-C torsion / cyclic-ring torsional/out-of-plane deformation,delta(C3-C2-H14),angle,1.1550389046955554,-,-0.0038862041102021697,0.6034316514517557
6,76.80649430622738,,,mixed C-C torsion / cyclic-ring torsional/out-of-plane deformation,delta(C1-C2-H13),angle,0.5778453433269561,-,-0.003515458726481119,0.3689183843817206
6,76.80649430622738,,,mixed C-C torsion / cyclic-ring torsional/out-of-plane deformation,"gamma(C6;C5,O4,H15)",oop,0.5725985630217758,+,0.005189499607710695,0.1677575110310718
6,76.80649430622738,,,mixed C-C torsion / cyclic-ring torsional/out-of-plane deformation,delta(O4-C3-C9),angle,0.4744617003817108,-,-0.002762256689422029,0.4906318980424579
6,76.80649430622738,,,mixed C-C torsion / cyclic-ring torsional/out-of-plane deformation,delta(C1-C2-H14),angle,0.33664044983576286,+,0.0021791553268949884,0.5593357924954511
6,76.80649430622738,,,mixed C-C torsion / cyclic-ring torsional/out-of-plane deformation,delta(C2-C1-H11),angle,0.32481296526623876,+,0.003396642913778634,0.2221346249262574
6,76.80649430622738,,,mixed C-C torsion / cyclic-ring torsional/out-of-plane deformation,tau(H16-C6-O7-H17),dihedral,0.12850055306235994,+,0.006760767327170396,0.02218174478859686
6,76.80649430622738,,,mixed C-C torsion / cyclic-ring torsional/out-of-plane deformation,delta(C6-O7-H17),angle,0.08147853835112731,+,0.0018328792369416832,0.19136310701446652
6,76.80649430622738,,,mixed C-C torsion / cyclic-ring torsional/out-of-plane deformation,delta(O7-C6-H16),angle,0.06014370473879803,-,-0.0013385018293665103,0.26487131353131593
6,76.80649430622738,,,mixed C-C torsion / cyclic-ring torsional/out-of-plane deformation,"gamma(H19;C9,C3,C8)",oop,0.05767463950655722,-,-0.0021959796973568774,0.09436499790933232
6,76.80649430622738,,,mixed C-C torsion / cyclic-ring torsional/out-of-plane deformation,delta(O4-C5-H15),angle,0.03181059251999144,-,-0.0010638779694480051,0.22175366907519878
6,76.80649430622738,,,mixed C-C torsion / cyclic-ring torsional/out-of-plane deformation,delta(C2-C1-H12),angle,0.03096907958817499,-,-0.0010556442734056114,0.21926827150728725
6,76.80649430622738,,,mixed C-C torsion / cyclic-ring torsional/out-of-plane deformation,nu(O4-C5),bond,0.019333551572499216,+,0.0006920662127781375,0.3184923710839102
6,76.80649430622738,,,mixed C-C torsion / cyclic-ring torsional/out-of-plane deformation,nu(C6-O7),bond,0.01581224545184241,-,-0.0006175170087941179,0.3271737003263393
6,76.80649430622738,,,mixed C-C torsion / cyclic-ring torsional/out-of-plane deformation,delta(C3-C9-H19),angle,0.014143046945064755,+,0.0007240030501426813,0.2128849100581254
6,76.80649430622738,,,mixed C-C torsion / cyclic-ring torsional/out-of-plane deformation,tau(H18-C8-C9-C3),dihedral,0.013584888151416664,-,-0.0012882834886883685,0.06458265171461727
6,76.80649430622738,,,mixed C-C torsion / cyclic-ring torsional/out-of-plane deformation,nu(C3-C5),bond,0.013228316993977916,-,-0.0004874755184286923,0.439219548300516
6,76.80649430622738,,,mixed C-C torsion / cyclic-ring torsional/out-of-plane deformation,nu(C6-C8),bond,0.00924940557376569,-,-0.0004976558524700645,0.2946715982642608
6,76.80649430622738,,,mixed C-C torsion / cyclic-ring torsional/out-of-plane deformation,nu(C1-H11),bond,0.008902895347551341,+,0.00045590021490231233,0.33796705053671766
6,76.80649430622738,,,mixed C-C torsion / cyclic-ring torsional/out-of-plane deformation,nu(C2-H13),bond,0.008237551589294217,+,0.0004454407635571472,0.32756758471856046
6,76.80649430622738,,,mixed C-C torsion / cyclic-ring torsional/out-of-plane deformation,nu(C1-C2),bond,0.007663675079405596,-,-0.000469075277678053,0.2748113603490793
6,76.80649430622738,,,mixed C-C torsion / cyclic-ring torsional/out-of-plane deformation,nu(C6-H16),bond,0.006046979720000532,+,0.0003791075716275124,0.33196804628701443
6,76.80649430622738,,,mixed C-C torsion / cyclic-ring torsional/out-of-plane deformation,nu(C9-H19),bond,0.0048680990026013955,-,-0.0003265168564294695,0.3602723030176744
6,76.80649430622738,,,mixed C-C torsion / cyclic-ring torsional/out-of-plane deformation,nu(O7-H17),bond,0.004763016709873053,-,-0.00027204344867825847,0.5077947994859329
6,76.80649430622738,,,mixed C-C torsion / cyclic-ring torsional/out-of-plane deformation,"gamma(C8;C6,O7,H16)",oop,0.004755594004765229,-,-0.0003217214728941234,0.3625161519618344
6,76.80649430622738,,,mixed C-C torsion / cyclic-ring torsional/out-of-plane deformation,nu(C8-C9),bond,0.003554786989536218,-,-0.00020791771003595474,0.6488036770482433
6,76.80649430622738,,,mixed C-C torsion / cyclic-ring torsional/out-of-plane deformation,nu(C1-H10),bond,0.0034164917510722133,-,-0.0002837965565942206,0.3346946884301047
6,76.80649430622738,,,mixed C-C torsion / cyclic-ring torsional/out-of-plane deformation,nu(C2-C3),bond,0.0024430082916378185,-,-0.0002563064955701923,0.29341911498367274
6,76.80649430622738,,,mixed C-C torsion / cyclic-ring torsional/out-of-plane deformation,delta(H13-C2-H14),angle,0.0008386182528158609,-,-0.00011128952612546574,0.5342424723339905
6,76.80649430622738,,,mixed C-C torsion / cyclic-ring torsional/out-of-plane deformation,delta(C2-C1-H10),angle,0.0007545577435736779,-,-0.0001635673611700569,0.22252656956113886
6,76.80649430622738,,,mixed C-C torsion / cyclic-ring torsional/out-of-plane deformation,nu(C3-C9),bond,0.0005801934001267464,-,-0.00012067367600427619,0.31436224837181065
6,76.80649430622738,,,mixed C-C torsion / cyclic-ring torsional/out-of-plane deformation,nu(C5-C6),bond,0.0005107614973618749,-,-0.00011657484446439241,0.29654537103395157
6,76.80649430622738,,,mixed C-C torsion / cyclic-ring torsional/out-of-plane deformation,nu(C2-H14),bond,0.0002618882404970588,-,-7.879361745913271e-05,0.3328255096398904
6,76.80649430622738,,,mixed C-C torsion / cyclic-ring torsional/out-of-plane deformation,delta(C9-C8-H18),angle,0.000211085825804817,+,8.950176800391267e-05,0.2079115088694835
6,76.80649430622738,,,mixed C-C torsion / cyclic-ring torsional/out-of-plane deformation,nu(C3-O4),bond,0.0001339733403240888,-,-7.01020395163314e-05,0.2150996809255757
6,76.80649430622738,,,mixed C-C torsion / cyclic-ring torsional/out-of-plane deformation,delta(C6-C8-C9),angle,0.00010162346072378002,+,2.7868919824160705e-05,1.0323724235705396
6,76.80649430622738,,,mixed C-C torsion / cyclic-ring torsional/out-of-plane deformation,nu(C5-H15),bond,5.1238162212135556e-05,+,3.396950818581713e-05,0.35034644344056987
6,76.80649430622738,,,mixed C-C torsion / cyclic-ring torsional/out-of-plane deformation,nu(C8-H18),bond,3.1461749263229215e-05,+,2.6250090406428296e-05,0.3602499637414734
6,76.80649430622738,,,mixed C-C torsion / cyclic-ring torsional/out-of-plane deformation,nu(C1-H12),bond,8.035889412482642e-06,+,1.3726295344096807e-05,0.3365192870641175
7,116.77443765033233,,,cyclic-ring torsional/out-of-plane deformation,tau(C3-C5-C6-O7),dihedral,33.41397726443315,+,0.06441191175933422,0.2582782931735298
7,116.77443765033233,,,cyclic-ring torsional/out-of-plane deformation,tau(C5-C6-C8-C9),dihedral,25.00433532214016,-,-0.037193611528507774,0.5796565217156813
7,116.77443765033233,,,cyclic-ring torsional/out-of-plane deformation,tau(C2-C3-C9-C8),dihedral,11.804026125615481,+,0.026038740761982555,0.558318887434276
7,116.77443765033233,,,cyclic-ring torsional/out-of-plane deformation,"gamma(C6;C5,C3,O4)",oop,6.038284797026096,-,-0.014588783837859144,0.9098452403956017
7,116.77443765033233,,,cyclic-ring torsional/out-of-plane deformation,"gamma(C2;C3,O4,C9)",oop,5.784160985098666,-,-0.017726576691894258,0.5903135300950473
7,116.77443765033233,,,cyclic-ring torsional/out-of-plane deformation,delta(C5-C6-O7),angle,2.9093257274515416,-,-0.014172491247620617,0.4645067893229545
7,116.77443765033233,,,cyclic-ring torsional/out-of-plane deformation,tau(H11-C1-C2-H13),dihedral,2.365431324018632,-,-0.020764320228470835,0.17594098589112622
7,116.77443765033233,,,cyclic-ring torsional/out-of-plane deformation,delta(C1-C2-C3),angle,2.126542740034635,-,-0.012128556018150272,0.4636049159394469
7,116.77443765033233,,,cyclic-ring torsional/out-of-plane deformation,tau(H12-C1-C2-C3),dihedral,1.8506839226372245,-,-0.018557367959667483,0.1723421900449818
7,116.77443765033233,,,cyclic-ring torsional/out-of-plane deformation,tau(C1-C2-C3-C5),dihedral,1.5877990734776835,-,-0.04768222354846934,0.022396216584251973
7,116.77443765033233,,,cyclic-ring torsional/out-of-plane deformation,"gamma(C6;C5,O4,H15)",oop,1.5620410129571662,-,-0.017280300323238806,0.1677575110310718
7,116.77443765033233,,,cyclic-ring torsional/out-of-plane deformation,delta(C2-C3-O4),angle,1.4804779929474405,-,-0.009824589027337086,0.49188693193989014
7,116.77443765033233,,,cyclic-ring torsional/out-of-plane deformation,tau(H10-C1-C2-H14),dihedral,1.2432615176124657,-,-0.015322103983078953,0.16983132350687483
7,116.77443765033233,,,cyclic-ring torsional/out-of-plane deformation,delta(O4-C3-C9),angle,0.9427792786840754,+,0.007850063702756996,0.4906318980424579
7,116.77443765033233,,,cyclic-ring torsional/out-of-plane deformation,tau(H16-C6-O7-H17),dihedral,0.4699811965547013,-,-0.026066843586427094,0.02218174478859686
7,116.77443765033233,,,cyclic-ring torsional/out-of-plane deformation,delta(C6-O7-H17),angle,0.24767802236036554,-,-0.006442592839790382,0.19136310701446652
7,116.77443765033233,,,cyclic-ring torsional/out-of-plane deformation,delta(C1-C2-H14),angle,0.23765557076628685,+,0.003691337465341074,0.5593357924954511
7,116.77443765033233,,,cyclic-ring torsional/out-of-plane deformation,delta(O7-C6-H16),angle,0.2197000594805904,+,0.00515755278420631,0.26487131353131593
7,116.77443765033233,,,cyclic-ring torsional/out-of-plane deformation,nu(C5-C6),bond,0.1508896968795592,+,0.004039524766913505,0.29654537103395157
7,116.77443765033233,,,cyclic-ring torsional/out-of-plane deformation,delta(H13-C2-H14),angle,0.10778026194615975,+,0.002543586248631342,0.5342424723339905
7,116.77443765033233,,,cyclic-ring torsional/out-of-plane deformation,nu(C3-O4),bond,0.10422572168636163,+,0.003941972853568539,0.2150996809255757
7,116.77443765033233,,,cyclic-ring torsional/out-of-plane deformation,delta(O4-C5-H15),angle,0.08937290396189915,+,0.0035951216002330154,0.22175366907519878
7,116.77443765033233,,,cyclic-ring torsional/out-of-plane deformation,nu(C2-C3),bond,0.030270601176136207,-,-0.0018189148910352179,0.29341911498367274
7,116.77443765033233,,,cyclic-ring torsional/out-of-plane deformation,delta(C3-C2-H14),angle,0.029864019581130014,+,0.001259813171080178,0.6034316514517557
7,116.77443765033233,,,cyclic-ring torsional/out-of-plane deformation,"gamma(C8;C6,O7,H16)",oop,0.024902831110991792,-,-0.0014842489067019577,0.3625161519618344
7,116.77443765033233,,,cyclic-ring torsional/out-of-plane deformation,nu(C1-C2),bond,0.02312082472632472,+,0.0016425945461546957,0.2748113603490793
7,116.77443765033233,,,cyclic-ring torsional/out-of-plane deformation,nu(C6-O7),bond,0.02178730625343934,+,0.0014613647684893214,0.3271737003263393
7,116.77443765033233,,,cyclic-ring torsional/out-of-plane deformation,delta(C2-C1-H12),angle,0.019518086785651603,+,0.0016895723070374932,0.21926827150728725
7,116.77443765033233,,,cyclic-ring torsional/out-of-plane deformation,nu(C6-H16),bond,0.0159243790443575,-,-0.0012403069256593186,0.33196804628701443
7,116.77443765033233,,,cyclic-ring torsional/out-of-plane deformation,nu(O7-H17),bond,0.014170309105237937,+,0.0009460009974457147,0.5077947994859329
7,116.77443765033233,,,cyclic-ring torsional/out-of-plane deformation,delta(C2-C1-H10),angle,0.012955642906352705,-,-0.0013664212421461263,0.22252656956113886
7,116.77443765033233,,,cyclic-ring torsional/out-of-plane deformation,"gamma(H19;C9,C3,C8)",oop,0.012635261272607846,+,0.0020722049310471675,0.09436499790933232
7,116.77443765033233,,,cyclic-ring torsional/out-of-plane deformation,nu(C3-C9),bond,0.012474181988809637,-,-0.0011280722126052857,0.31436224837181065
7,116.77443765033233,,,cyclic-ring torsional/out-of-plane deformation,nu(O4-C5),bond,0.010520790251090291,-,-0.0010292496332394375,0.3184923710839102
7,116.77443765033233,,,cyclic-ring torsional/out-of-plane deformation,delta(C6-C8-C9),angle,0.008391744242448854,-,-0.000510568454948342,1.0323724235705396
7,116.77443765033233,,,cyclic-ring torsional/out-of-plane deformation,nu(C8-C9),bond,0.006427515979404236,-,-0.0005636519165044652,0.6488036770482433
7,116.77443765033233,,,cyclic-ring torsional/out-of-plane deformation,nu(C6-C8),bond,0.0038027922258683407,-,-0.0006433217225570454,0.2946715982642608
7,116.77443765033233,,,cyclic-ring torsional/out-of-plane deformation,delta(C3-C9-H19),angle,0.0030107465837076993,-,-0.0006734583139101311,0.2128849100581254
7,116.77443765033233,,,cyclic-ring torsional/out-of-plane deformation,delta(C2-C1-H11),angle,0.0019770660956778315,+,0.0005342549092927969,0.2221346249262574
7,116.77443765033233,,,cyclic-ring torsional/out-of-plane deformation,delta(C9-C8-H18),angle,0.0018492003516087081,-,-0.0005340707280704801,0.2079115088694835
7,116.77443765033233,,,cyclic-ring torsional/out-of-plane deformation,nu(C9-H19),bond,0.0012395927906944217,-,-0.0003321774445888356,0.3602723030176744
7,116.77443765033233,,,cyclic-ring torsional/out-of-plane deformation,nu(C1-H10),bond,0.0009682925974104797,-,-0.0003045965307169466,0.3346946884301047
7,116.77443765033233,,,cyclic-ring torsional/out-of-plane deformation,tau(H18-C8-C9-C3),dihedral,0.0009219985103340282,+,0.0006766330858969025,0.06458265171461727
7,116.77443765033233,,,cyclic-ring torsional/out-of-plane deformation,nu(C2-H14),bond,0.0007454365683141361,-,-0.00026800512611281765,0.3328255096398904
7,116.77443765033233,,,cyclic-ring torsional/out-of-plane deformation,nu(C3-C5),bond,0.0006636278832518504,+,0.00022012407241612606,0.439219548300516
7,116.77443765033233,,,cyclic-ring torsional/out-of-plane deformation,delta(C1-C2-H13),angle,0.0005432566728147264,-,-0.0002173118667455111,0.3689183843817206
7,116.77443765033233,,,cyclic-ring torsional/out-of-plane deformation,nu(C1-H12),bond,0.00034579744046099207,-,-0.00018153148646582421,0.3365192870641175
7,116.77443765033233,,,cyclic-ring torsional/out-of-plane deformation,nu(C1-H11),bond,0.0003088952803174606,+,0.00017120423850189165,0.33796705053671766
7,116.77443765033233,,,cyclic-ring torsional/out-of-plane deformation,nu(C2-H13),bond,0.00013136335379127,-,-0.0001134051327739236,0.32756758471856046
7,116.77443765033233,,,cyclic-ring torsional/out-of-plane deformation,nu(C8-H18),bond,8.111747066815208e-05,-,-8.497697833231011e-05,0.3602499637414734
7,116.77443765033233,,,cyclic-ring torsional/out-of-plane deformation,nu(C5-H15),bond,3.680398076708033e-05,+,5.8042297887009714e-05,0.35034644344056987
8,190.09677719283567,,,C-C torsion,tau(H12-C1-C2-C3),dihedral,32.13047428492696,-,-0.1819433612808716,0.1723421900449818
8,190.09677719283567,,,C-C torsion,tau(H10-C1-C2-H14),dihedral,23.43580944304682,-,-0.1565325035484055,0.16983132350687483
8,190.09677719283567,,,C-C torsion,tau(H11-C1-C2-H13),dihedral,23.306524657418024,-,-0.15336586133909716,0.17594098589112622
8,190.09677719283567,,,C-C torsion,tau(C2-C3-C9-C8),dihedral,9.44316588895003,+,0.05480133002227235,0.558318887434276
8,190.09677719283567,,,C-C torsion,tau(C5-C6-C8-C9),dihedral,4.302774599759953,+,0.036304660863537105,0.5796565217156813
8,190.09677719283567,,,C-C torsion,delta(C2-C3-O4),angle,2.5426998807645638,-,-0.030296213894960747,0.49188693193989014
8,190.09677719283567,,,C-C torsion,tau(C3-C5-C6-O7),dihedral,1.5651352201483675,-,-0.03280238545992597,0.2582782931735298
8,190.09677719283567,,,C-C torsion,delta(C3-C2-H14),angle,0.9972348599235987,-,-0.01713003033231553,0.6034316514517557
8,190.09677719283567,,,C-C torsion,delta(C5-C6-O7),angle,0.45383206460522907,-,-0.013171189696972565,0.4645067893229545
8,190.09677719283567,,,C-C torsion,delta(O4-C3-C9),angle,0.3720634748839258,-,-0.011603902690652299,0.4906318980424579
8,190.09677719283567,,,C-C torsion,"gamma(C6;C5,C3,O4)",oop,0.34548902068051507,-,-0.008211203411223061,0.9098452403956017
8,190.09677719283567,,,C-C torsion,"gamma(C8;C6,O7,H16)",oop,0.2606949161626315,+,0.011299937714175945,0.3625161519618344
8,190.09677719283567,,,C-C torsion,"gamma(C6;C5,O4,H15)",oop,0.21802907007269623,-,-0.015191115423038344,0.1677575110310718
8,190.09677719283567,,,C-C torsion,"gamma(H19;C9,C3,C8)",oop,0.15859862945504016,-,-0.017274985718554372,0.09436499790933232
8,190.09677719283567,,,C-C torsion,tau(H18-C8-C9-C3),dihedral,0.11057291021881861,-,-0.017435719875168,0.06458265171461727
8,190.09677719283567,,,C-C torsion,nu(C5-C6),bond,0.08997603677949993,-,-0.007339919629733767,0.29654537103395157
8,190.09677719283567,,,C-C torsion,"gamma(C2;C3,O4,C9)",oop,0.06762542204944055,-,-0.004510109382864082,0.5903135300950473
8,190.09677719283567,,,C-C torsion,delta(C1-C2-H14),angle,0.04757499135623187,-,-0.0038862121277905585,0.5593357924954511
8,190.09677719283567,,,C-C torsion,delta(C1-C2-H13),angle,0.04106876552986475,+,0.004445945397804516,0.3689183843817206
8,190.09677719283567,,,C-C torsion,nu(C6-C8),bond,0.02756533547277772,+,0.0040755474245476675,0.2946715982642608
8,190.09677719283567,,,C-C torsion,nu(C8-C9),bond,0.018213663289618518,+,0.0022326232849743553,0.6488036770482433
8,190.09677719283567,,,C-C torsion,tau(C1-C2-C3-C5),dihedral,0.01137933722047787,+,0.009498272034615306,0.022396216584251973
8,190.09677719283567,,,C-C torsion,delta(O4-C5-H15),angle,0.010432404876674028,+,0.002890215720448275,0.22175366907519878
8,190.09677719283567,,,C-C torsion,nu(C3-O4),bond,0.007031792736001481,+,0.0024092762355817656,0.2150996809255757
8,190.09677719283567,,,C-C torsion,nu(C3-C9),bond,0.006757819836862515,+,0.0019537165743318628,0.31436224837181065
8,190.09677719283567,,,C-C torsion,delta(C6-C8-C9),angle,0.0048817160490376935,+,0.0009163080647333443,1.0323724235705396
8,190.09677719283567,,,C-C torsion,nu(C3-C5),bond,0.004804011686940295,-,-0.0013935887971892765,0.439219548300516
8,190.09677719283567,,,C-C torsion,nu(O4-C5),bond,0.004151356861972349,-,-0.0015213143658652755,0.3184923710839102
8,190.09677719283567,,,C-C torsion,delta(C2-C1-H11),angle,0.0033884426445712455,-,-0.0016457557809839304,0.2221346249262574
8,190.09677719283567,,,C-C torsion,delta(C3-C9-H19),angle,0.0030369710758175847,+,0.0015915538517535224,0.2128849100581254
8,190.09677719283567,,,C-C torsion,delta(C9-C8-H18),angle,0.0018960555876766651,-,-0.0012725056433194456,0.2079115088694835
8,190.09677719283567,,,C-C torsion,delta(C1-C2-C3),angle,0.00151682524274922,-,-0.0007621969504817067,0.4636049159394469
8,190.09677719283567,,,C-C torsion,delta(C2-C1-H10),angle,0.0010978274643606832,+,0.0009359433404892507,0.22252656956113886
8,190.09677719283567,,,C-C torsion,nu(C2-C3),bond,0.0006633961528228682,+,0.0006336008077053369,0.29341911498367274
8,190.09677719283567,,,C-C torsion,tau(H16-C6-O7-H17),dihedral,0.0006204437529229378,-,-0.0022285726956930954,0.02218174478859686
8,190.09677719283567,,,C-C torsion,delta(O7-C6-H16),angle,0.0006071558429839823,-,-0.0006379785483830307,0.26487131353131593
8,190.09677719283567,,,C-C torsion,nu(C6-O7),bond,0.0005305214972055098,-,-0.0005365815673071106,0.3271737003263393
8,190.09677719283567,,,C-C torsion,delta(C2-C1-H12),angle,0.00043416275799644673,-,-0.0005929414846975908,0.21926827150728725
8,190.09677719283567,,,C-C torsion,delta(C6-O7-H17),angle,0.00041279302384164025,-,-0.000618885798438757,0.19136310701446652
8,190.09677719283567,,,C-C torsion,delta(H13-C2-H14),angle,0.0003443015284775459,+,0.00033827797247352917,0.5342424723339905
8,190.09677719283567,,,C-C torsion,nu(C2-H13),bond,0.00030359130818407963,-,-0.0004056651098673659,0.32756758471856046
8,190.09677719283567,,,C-C torsion,nu(C6-H16),bond,0.0002239497507343934,+,0.0003460992034386059,0.33196804628701443
8,190.09677719283567,,,C-C torsion,nu(C1-H11),bond,0.00020825014151389958,+,0.00033077213853947103,0.33796705053671766
8,190.09677719283567,,,C-C torsion,nu(C1-C2),bond,0.00012767838406171436,-,-0.0002872200788468881,0.2748113603490793
8,190.09677719283567,,,C-C torsion,nu(O7-H17),bond,9.5250166457769e-06,+,5.7711477970760285e-05,0.5077947994859329
8,190.09677719283567,,,C-C torsion,nu(C9-H19),bond,8.34926588104647e-06,+,6.414785769507116e-05,0.3602723030176744
8,190.09677719283567,,,C-C torsion,nu(C8-H18),bond,4.284553478231536e-06,-,-4.5954099514724695e-05,0.3602499637414734
8,190.09677719283567,,,C-C torsion,nu(C1-H10),bond,2.8013024217139577e-06,+,3.855041321840518e-05,0.3346946884301047
8,190.09677719283567,,,C-C torsion,nu(C5-H15),bond,6.400652511054475e-07,+,1.801095403378156e-05,0.35034644344056987
8,190.09677719283567,,,C-C torsion,nu(C2-H14),bond,3.3003819932808227e-07,-,-1.3269276717231353e-05,0.3328255096398904
8,190.09677719283567,,,C-C torsion,nu(C1-H12),bond,1.2883961702540482e-07,-,-8.245047877210693e-06,0.3365192870641175
9,197.3297291881399,,,mixed cyclic-ring torsional/out-of-plane deformation / cyclic-ring out-of-plane deformation,tau(C2-C3-C9-C8),dihedral,28.58542073860702,-,-0.07423706704943307,0.558318887434276
9,197.3297291881399,,,mixed cyclic-ring torsional/out-of-plane deformation / cyclic-ring out-of-plane deformation,tau(C5-C6-C8-C9),dihedral,19.841768408324956,-,-0.060700811331118716,0.5796565217156813
9,197.3297291881399,,,mixed cyclic-ring torsional/out-of-plane deformation / cyclic-ring out-of-plane deformation,tau(C3-C5-C6-O7),dihedral,17.56570094200952,+,0.08556151374324802,0.2582782931735298
9,197.3297291881399,,,mixed cyclic-ring torsional/out-of-plane deformation / cyclic-ring out-of-plane deformation,"gamma(C2;C3,O4,C9)",oop,17.283694436961646,+,0.05613924816842289,0.5903135300950473
9,197.3297291881399,,,mixed cyclic-ring torsional/out-of-plane deformation / cyclic-ring out-of-plane deformation,delta(C1-C2-C3),angle,8.680635846533264,+,0.04489432268008159,0.4636049159394469
9,197.3297291881399,,,mixed cyclic-ring torsional/out-of-plane deformation / cyclic-ring out-of-plane deformation,delta(C5-C6-O7),angle,2.4659348951329947,-,-0.023904762934501757,0.4645067893229545
9,197.3297291881399,,,mixed cyclic-ring torsional/out-of-plane deformation / cyclic-ring out-of-plane deformation,delta(C3-C2-H14),angle,1.155699371602462,-,-0.014358136126583142,0.6034316514517557
9,197.3297291881399,,,mixed cyclic-ring torsional/out-of-plane deformation / cyclic-ring out-of-plane deformation,delta(C2-C3-O4),angle,0.4888199775404665,+,0.010342642232172268,0.49188693193989014
9,197.3297291881399,,,mixed cyclic-ring torsional/out-of-plane deformation / cyclic-ring out-of-plane deformation,tau(H10-C1-C2-H14),dihedral,0.4445190897432791,-,-0.016785179199133877,0.16983132350687483
9,197.3297291881399,,,mixed cyclic-ring torsional/out-of-plane deformation / cyclic-ring out-of-plane deformation,tau(C1-C2-C3-C5),dihedral,0.44433668600966114,-,-0.046212389749377226,0.022396216584251973
9,197.3297291881399,,,mixed cyclic-ring torsional/out-of-plane deformation / cyclic-ring out-of-plane deformation,"gamma(C6;C5,C3,O4)",oop,0.4160700784385941,-,-0.0070159930416866445,0.9098452403956017
9,197.3297291881399,,,mixed cyclic-ring torsional/out-of-plane deformation / cyclic-ring out-of-plane deformation,tau(H16-C6-O7-H17),dihedral,0.4009056422428081,-,-0.0441075467527463,0.02218174478859686
9,197.3297291881399,,,mixed cyclic-ring torsional/out-of-plane deformation / cyclic-ring out-of-plane deformation,delta(C1-C2-H14),angle,0.31662060161411687,-,-0.007805899406949513,0.5593357924954511
9,197.3297291881399,,,mixed cyclic-ring torsional/out-of-plane deformation / cyclic-ring out-of-plane deformation,delta(O4-C3-C9),angle,0.23985025060657672,+,0.0072540721239932465,0.4906318980424579
9,197.3297291881399,,,mixed cyclic-ring torsional/out-of-plane deformation / cyclic-ring out-of-plane deformation,"gamma(C6;C5,O4,H15)",oop,0.18383904119375968,-,-0.010860943568171622,0.1677575110310718
9,197.3297291881399,,,mixed cyclic-ring torsional/out-of-plane deformation / cyclic-ring out-of-plane deformation,delta(C2-C1-H12),angle,0.17457627961765465,-,-0.009257514298598184,0.21926827150728725
9,197.3297291881399,,,mixed cyclic-ring torsional/out-of-plane deformation / cyclic-ring out-of-plane deformation,delta(O7-C6-H16),angle,0.1607831721284088,+,0.008083370866131555,0.26487131353131593
9,197.3297291881399,,,mixed cyclic-ring torsional/out-of-plane deformation / cyclic-ring out-of-plane deformation,delta(H13-C2-H14),angle,0.1586912010564965,-,-0.005654534899081371,0.5342424723339905
9,197.3297291881399,,,mixed cyclic-ring torsional/out-of-plane deformation / cyclic-ring out-of-plane deformation,delta(C6-O7-H17),angle,0.15261637703670947,-,-0.00926533516188754,0.19136310701446652
9,197.3297291881399,,,mixed cyclic-ring torsional/out-of-plane deformation / cyclic-ring out-of-plane deformation,delta(C1-C2-H13),angle,0.15236900783305207,-,-0.0066676507238153885,0.3689183843817206
9,197.3297291881399,,,mixed cyclic-ring torsional/out-of-plane deformation / cyclic-ring out-of-plane deformation,tau(H11-C1-C2-H13),dihedral,0.0936534399871389,+,0.007569514538574438,0.17594098589112622
9,197.3297291881399,,,mixed cyclic-ring torsional/out-of-plane deformation / cyclic-ring out-of-plane deformation,delta(C2-C1-H11),angle,0.07607652465544959,+,0.006071652031195572,0.2221346249262574
9,197.3297291881399,,,mixed cyclic-ring torsional/out-of-plane deformation / cyclic-ring out-of-plane deformation,tau(H12-C1-C2-C3),dihedral,0.06438213699086655,-,-0.006341274616022573,0.1723421900449818
9,197.3297291881399,,,mixed cyclic-ring torsional/out-of-plane deformation / cyclic-ring out-of-plane deformation,"gamma(C8;C6,O7,H16)",oop,0.05754344633866126,+,0.004133556942252411,0.3625161519618344
9,197.3297291881399,,,mixed cyclic-ring torsional/out-of-plane deformation / cyclic-ring out-of-plane deformation,nu(C5-C6),bond,0.05651349171513885,-,-0.004529186112710679,0.29654537103395157
9,197.3297291881399,,,mixed cyclic-ring torsional/out-of-plane deformation / cyclic-ring out-of-plane deformation,nu(C3-C5),bond,0.052228909255594744,-,-0.0035777032758112304,0.439219548300516
9,197.3297291881399,,,mixed cyclic-ring torsional/out-of-plane deformation / cyclic-ring out-of-plane deformation,"gamma(H19;C9,C3,C8)",oop,0.0488002621731866,+,0.007460969786761228,0.09436499790933232
9,197.3297291881399,,,mixed cyclic-ring torsional/out-of-plane deformation / cyclic-ring out-of-plane deformation,tau(H18-C8-C9-C3),dihedral,0.04470093008533142,+,0.008631574321815215,0.06458265171461727
9,197.3297291881399,,,mixed cyclic-ring torsional/out-of-plane deformation / cyclic-ring out-of-plane deformation,delta(C2-C1-H10),angle,0.03301435420787461,+,0.003996226890037198,0.22252656956113886
9,197.3297291881399,,,mixed cyclic-ring torsional/out-of-plane deformation / cyclic-ring out-of-plane deformation,nu(C2-C3),bond,0.030319447651229996,+,0.003335078895929824,0.29341911498367274
9,197.3297291881399,,,mixed cyclic-ring torsional/out-of-plane deformation / cyclic-ring out-of-plane deformation,nu(C8-C9),bond,0.028705797432930266,+,0.0021823169593033495,0.6488036770482433
9,197.3297291881399,,,mixed cyclic-ring torsional/out-of-plane deformation / cyclic-ring out-of-plane deformation,nu(C3-C9),bond,0.022802140971872886,+,0.0027942309004452314,0.31436224837181065
9,197.3297291881399,,,mixed cyclic-ring torsional/out-of-plane deformation / cyclic-ring out-of-plane deformation,nu(C3-O4),bond,0.017508603439583686,+,0.0029600261042752917,0.2150996809255757
9,197.3297291881399,,,mixed cyclic-ring torsional/out-of-plane deformation / cyclic-ring out-of-plane deformation,nu(C1-C2),bond,0.011203234757360266,-,-0.0020948071534709137,0.2748113603490793
9,197.3297291881399,,,mixed cyclic-ring torsional/out-of-plane deformation / cyclic-ring out-of-plane deformation,nu(C6-H16),bond,0.008746251292375664,-,-0.0016840403973820454,0.33196804628701443
9,197.3297291881399,,,mixed cyclic-ring torsional/out-of-plane deformation / cyclic-ring out-of-plane deformation,nu(O4-C5),bond,0.008367738595438682,+,0.0016816832800626155,0.3184923710839102
9,197.3297291881399,,,mixed cyclic-ring torsional/out-of-plane deformation / cyclic-ring out-of-plane deformation,delta(C9-C8-H18),angle,0.007000615058710623,-,-0.0019037876484511566,0.2079115088694835
9,197.3297291881399,,,mixed cyclic-ring torsional/out-of-plane deformation / cyclic-ring out-of-plane deformation,nu(O7-H17),bond,0.006604136078266487,+,0.0011831874467683088,0.5077947994859329
9,197.3297291881399,,,mixed cyclic-ring torsional/out-of-plane deformation / cyclic-ring out-of-plane deformation,nu(C6-O7),bond,0.00462320112518904,+,0.001233308917390129,0.3271737003263393
9,197.3297291881399,,,mixed cyclic-ring torsional/out-of-plane deformation / cyclic-ring out-of-plane deformation,delta(C3-C9-H19),angle,0.0042019798387754005,+,0.0014576196488110878,0.2128849100581254
9,197.3297291881399,,,mixed cyclic-ring torsional/out-of-plane deformation / cyclic-ring out-of-plane deformation,nu(C6-C8),bond,0.0034290549810672352,+,0.0011192001404634376,0.2946715982642608
9,197.3297291881399,,,mixed cyclic-ring torsional/out-of-plane deformation / cyclic-ring out-of-plane deformation,nu(C2-H13),bond,0.0017817243355880209,+,0.0007651727016003564,0.32756758471856046
9,197.3297291881399,,,mixed cyclic-ring torsional/out-of-plane deformation / cyclic-ring out-of-plane deformation,delta(C6-C8-C9),angle,0.0013596547757599008,-,-0.00037651804898318573,1.0323724235705396
9,197.3297291881399,,,mixed cyclic-ring torsional/out-of-plane deformation / cyclic-ring out-of-plane deformation,delta(O4-C5-H15),angle,0.001041582158744603,+,0.0007110514559376631,0.22175366907519878
9,197.3297291881399,,,mixed cyclic-ring torsional/out-of-plane deformation / cyclic-ring out-of-plane deformation,nu(C2-H14),bond,0.0010084527944099822,+,0.0005710960482632917,0.3328255096398904
9,197.3297291881399,,,mixed cyclic-ring torsional/out-of-plane deformation / cyclic-ring out-of-plane deformation,nu(C1-H12),bond,0.0006842431382399675,+,0.0004678319912580744,0.3365192870641175
9,197.3297291881399,,,mixed cyclic-ring torsional/out-of-plane deformation / cyclic-ring out-of-plane deformation,nu(C9-H19),bond,0.0002911247286496291,+,0.0002949264895417895,0.3602723030176744
9,197.3297291881399,,,mixed cyclic-ring torsional/out-of-plane deformation / cyclic-ring out-of-plane deformation,nu(C1-H11),bond,0.0002721342778391283,+,0.0002944042766976701,0.33796705053671766
9,197.3297291881399,,,mixed cyclic-ring torsional/out-of-plane deformation / cyclic-ring out-of-plane deformation,nu(C1-H10),bond,0.00020039801518456228,+,0.0002538703424392529,0.3346946884301047
9,197.3297291881399,,,mixed cyclic-ring torsional/out-of-plane deformation / cyclic-ring out-of-plane deformation,nu(C8-H18),bond,6.343841165372246e-05,+,0.00013767777808618972,0.3602499637414734
9,197.3297291881399,,,mixed cyclic-ring torsional/out-of-plane deformation / cyclic-ring out-of-plane deformation,nu(C5-H15),bond,1.9506498434649175e-05,+,7.741595455263602e-05,0.35034644344056987
10,249.34044106081498,,,C-C torsion,tau(H12-C1-C2-C3),dihedral,29.4824059147153,-,-0.2290838708032846,0.1723421900449818
10,249.34044106081498,,,C-C torsion,tau(H11-C1-C2-H13),dihedral,26.735959601484538,-,-0.2159102366232398,0.17594098589112622
10,249.34044106081498,,,C-C torsion,tau(H10-C1-C2-H14),dihedral,26.29782353884601,-,-0.21795149995670554,0.16983132350687483
10,249.34044106081498,,,C-C torsion,tau(C2-C3-C9-C8),dihedral,7.7926090705866295,-,-0.06543485444622023,0.558318887434276
10,249.34044106081498,,,C-C torsion,tau(C5-C6-C8-C9),dihedral,3.768392292267868,-,-0.04465823410276236,0.5796565217156813
10,249.34044106081498,,,C-C torsion,delta(C5-C6-O7),angle,1.758957710827049,+,0.034083212466893,0.4645067893229545
10,249.34044106081498,,,C-C torsion,"gamma(C6;C5,C3,O4)",oop,1.1538702713655804,+,0.019724390142414394,0.9098452403956017
10,249.34044106081498,,,C-C torsion,tau(C3-C5-C6-O7),dihedral,0.7869253772667849,+,0.03057255094952143,0.2582782931735298
10,249.34044106081498,,,C-C torsion,"gamma(C6;C5,O4,H15)",oop,0.65884089688759,+,0.03471028212889538,0.1677575110310718
10,249.34044106081498,,,C-C torsion,"gamma(C8;C6,O7,H16)",oop,0.6077649289376895,-,-0.022678430380703354,0.3625161519618344
10,249.34044106081498,,,C-C torsion,delta(O4-C3-C9),angle,0.2164509160637878,+,0.01163350765242516,0.4906318980424579
10,249.34044106081498,,,C-C torsion,nu(C5-C6),bond,0.11932947764703897,+,0.011110590749502207,0.29654537103395157
10,249.34044106081498,,,C-C torsion,"gamma(H19;C9,C3,C8)",oop,0.10739809579380079,+,0.01868536901620491,0.09436499790933232
10,249.34044106081498,,,C-C torsion,tau(H18-C8-C9-C3),dihedral,0.08870674082515137,+,0.020527177180766524,0.06458265171461727
10,249.34044106081498,,,C-C torsion,tau(C1-C2-C3-C5),dihedral,0.08396987410872597,+,0.03391433279420961,0.022396216584251973
10,249.34044106081498,,,C-C torsion,nu(C6-C8),bond,0.04974898771809588,-,-0.0071966741730946256,0.2946715982642608
10,249.34044106081498,,,C-C torsion,tau(H16-C6-O7-H17),dihedral,0.04965743535696491,+,0.02620614542223373,0.02218174478859686
10,249.34044106081498,,,C-C torsion,delta(C1-C2-C3),angle,0.04194794575030058,-,-0.005268538868888325,0.4636049159394469
10,249.34044106081498,,,C-C torsion,delta(C2-C3-O4),angle,0.04178515423163759,+,0.005104899754450531,0.49188693193989014
10,249.34044106081498,,,C-C torsion,nu(C3-C5),bond,0.026266132374628527,+,0.004283177669736943,0.439219548300516
10,249.34044106081498,,,C-C torsion,delta(C1-C2-H13),angle,0.01789413023253953,+,0.003857438437391947,0.3689183843817206
10,249.34044106081498,,,C-C torsion,delta(O4-C5-H15),angle,0.01765847161970707,-,-0.004942537857970054,0.22175366907519878
10,249.34044106081498,,,C-C torsion,delta(C3-C2-H14),angle,0.016999981087123944,-,-0.0029398084359999986,0.6034316514517557
10,249.34044106081498,,,C-C torsion,delta(C2-C1-H11),angle,0.013050318667293385,-,-0.004245328338042312,0.2221346249262574
10,249.34044106081498,,,C-C torsion,delta(C6-O7-H17),angle,0.012065596194901442,+,0.004397989034728723,0.19136310701446652
10,249.34044106081498,,,C-C torsion,nu(C3-O4),bond,0.009940105136061772,-,-0.003765168890544567,0.2150996809255757
10,249.34044106081498,,,C-C torsion,delta(C1-C2-H14),angle,0.007703164982257111,-,-0.002055451103532179,0.5593357924954511
10,249.34044106081498,,,C-C torsion,nu(C8-C9),bond,0.007141278108402501,-,-0.0018375542846441034,0.6488036770482433
10,249.34044106081498,,,C-C torsion,nu(C3-C9),bond,0.00651971057018735,-,-0.0025223643574617816,0.31436224837181065
10,249.34044106081498,,,C-C torsion,delta(C2-C1-H10),angle,0.006299206587277748,+,0.002946869101575454,0.22252656956113886
10,249.34044106081498,,,C-C torsion,delta(C9-C8-H18),angle,0.00291497588947971,+,0.0020738964785753087,0.2079115088694835
10,249.34044106081498,,,C-C torsion,delta(C6-C8-C9),angle,0.002906270862057052,+,0.0009293059163198317,1.0323724235705396
10,249.34044106081498,,,C-C torsion,delta(C3-C9-H19),angle,0.0022360943677893876,-,-0.0017950703787057033,0.2128849100581254
10,249.34044106081498,,,C-C torsion,delta(O7-C6-H16),angle,0.0020217993545844043,-,-0.001530243064988511,0.26487131353131593
10,249.34044106081498,,,C-C torsion,nu(C6-O7),bond,0.001884907320731643,+,0.0013294275162033975,0.3271737003263393
10,249.34044106081498,,,C-C torsion,"gamma(C2;C3,O4,C9)",oop,0.0014014479207211745,-,-0.000853406544247256,0.5903135300950473
10,249.34044106081498,,,C-C torsion,nu(C1-C2),bond,0.000690643609439895,+,0.000878048516867517,0.2748113603490793
10,249.34044106081498,,,C-C torsion,delta(H13-C2-H14),angle,0.0005508431736062689,+,0.0005624107793655201,0.5342424723339905
10,249.34044106081498,,,C-C torsion,nu(O7-H17),bond,0.0004871624211096656,-,-0.0005425023471446878,0.5077947994859329
10,249.34044106081498,,,C-C torsion,nu(C2-H13),bond,0.0001855727755917407,-,-0.0004168842890085606,0.32756758471856046
10,249.34044106081498,,,C-C torsion,nu(C1-H11),bond,0.00016493118759004994,+,0.00038692168292078636,0.33796705053671766
10,249.34044106081498,,,C-C torsion,nu(C2-C3),bond,0.0001541774454720884,+,0.0004014903185316443,0.29341911498367274
10,249.34044106081498,,,C-C torsion,nu(O4-C5),bond,0.00011822607701256248,+,0.0003374550861961513,0.3184923710839102
10,249.34044106081498,,,C-C torsion,delta(C2-C1-H12),angle,7.245344457016286e-05,-,-0.0003183834452846515,0.21926827150728725
10,249.34044106081498,,,C-C torsion,nu(C6-H16),bond,7.143022588201344e-05,-,-0.0002569222556759432,0.33196804628701443
10,249.34044106081498,,,C-C torsion,nu(C8-H18),bond,4.124280440395763e-05,+,0.0001874049151741559,0.3602499637414734
10,249.34044106081498,,,C-C torsion,nu(C9-H19),bond,7.622101448562836e-06,+,8.056210036724619e-05,0.3602723030176744
10,249.34044106081498,,,C-C torsion,nu(C1-H12),bond,3.961224259637675e-06,-,-6.009226735638608e-05,0.3365192870641175
10,249.34044106081498,,,C-C torsion,nu(C5-H15),bond,1.593649384893801e-06,+,3.7355657855205814e-05,0.35034644344056987
10,249.34044106081498,,,C-C torsion,nu(C2-H14),bond,1.3396325290789689e-06,-,-3.5139323421214814e-05,0.3328255096398904
10,249.34044106081498,,,C-C torsion,nu(C1-H10),bond,9.782714138715653e-07,-,-2.994429738996295e-05,0.3346946884301047
11,335.2142454091541,,,mixed cyclic-ring torsional/out-of-plane deformation / C-C-C bending,tau(C2-C3-C9-C8),dihedral,38.95504364422813,-,-0.08210601109967514,0.558318887434276
11,335.2142454091541,,,mixed cyclic-ring torsional/out-of-plane deformation / C-C-C bending,delta(C1-C2-C3),angle,20.17070584732868,-,-0.06483668437120829,0.4636049159394469
11,335.2142454091541,,,mixed cyclic-ring torsional/out-of-plane deformation / C-C-C bending,delta(C5-C6-O7),angle,6.4110516291804664,-,-0.036517654052308855,0.4645067893229545
11,335.2142454091541,,,mixed cyclic-ring torsional/out-of-plane deformation / C-C-C bending,tau(H11-C1-C2-H13),dihedral,5.147000556256824,-,-0.05316525030613512,0.17594098589112622
11,335.2142454091541,,,mixed cyclic-ring torsional/out-of-plane deformation / C-C-C bending,nu(C3-C5),bond,4.7215696197146455,-,-0.03222824335394547,0.439219548300516
11,335.2142454091541,,,mixed cyclic-ring torsional/out-of-plane deformation / C-C-C bending,nu(C2-C3),bond,2.63176608856044,-,-0.029438366495975657,0.29341911498367274
11,335.2142454091541,,,mixed cyclic-ring torsional/out-of-plane deformation / C-C-C bending,delta(C1-C2-H14),angle,2.3876000897388185,+,0.02030854238107753,0.5593357924954511
11,335.2142454091541,,,mixed cyclic-ring torsional/out-of-plane deformation / C-C-C bending,nu(C5-C6),bond,2.0477701312645835,-,-0.025830290670672437,0.29654537103395157
11,335.2142454091541,,,mixed cyclic-ring torsional/out-of-plane deformation / C-C-C bending,delta(C2-C3-O4),angle,1.756406794965478,+,0.018574373654511006,0.49188693193989014
11,335.2142454091541,,,mixed cyclic-ring torsional/out-of-plane deformation / C-C-C bending,delta(C1-C2-H13),angle,1.754789295732173,+,0.02143786862547632,0.3689183843817206
11,335.2142454091541,,,mixed cyclic-ring torsional/out-of-plane deformation / C-C-C bending,nu(C1-C2),bond,1.4530560686936944,-,-0.022602585007083783,0.2748113603490793
11,335.2142454091541,,,mixed cyclic-ring torsional/out-of-plane deformation / C-C-C bending,delta(C2-C1-H12),angle,1.4424913405669066,+,0.025211749114524337,0.21926827150728725
11,335.2142454091541,,,mixed cyclic-ring torsional/out-of-plane deformation / C-C-C bending,tau(C5-C6-C8-C9),dihedral,1.4079922769147215,-,-0.015319656903117361,0.5796565217156813
11,335.2142454091541,,,mixed cyclic-ring torsional/out-of-plane deformation / C-C-C bending,delta(C3-C2-H14),angle,1.384693127763999,+,0.014890078632703,0.6034316514517557
11,335.2142454091541,,,mixed cyclic-ring torsional/out-of-plane deformation / C-C-C bending,"gamma(C2;C3,O4,C9)",oop,1.0776330885106693,+,0.01328092597768905,0.5903135300950473
11,335.2142454091541,,,mixed cyclic-ring torsional/out-of-plane deformation / C-C-C bending,nu(O4-C5),bond,0.8825254752894225,+,0.016362451575646312,0.3184923710839102
11,335.2142454091541,,,mixed cyclic-ring torsional/out-of-plane deformation / C-C-C bending,tau(H16-C6-O7-H17),dihedral,0.8666638100471967,-,-0.06144149079239869,0.02218174478859686
11,335.2142454091541,,,mixed cyclic-ring torsional/out-of-plane deformation / C-C-C bending,"gamma(C8;C6,O7,H16)",oop,0.8646656285647822,+,0.015180800851772931,0.3625161519618344
11,335.2142454091541,,,mixed cyclic-ring torsional/out-of-plane deformation / C-C-C bending,tau(H12-C1-C2-C3),dihedral,0.7392090711458614,-,-0.02035739043323117,0.1723421900449818
11,335.2142454091541,,,mixed cyclic-ring torsional/out-of-plane deformation / C-C-C bending,delta(C6-C8-C9),angle,0.5846575057530621,-,-0.007397191007269022,1.0323724235705396
11,335.2142454091541,,,mixed cyclic-ring torsional/out-of-plane deformation / C-C-C bending,delta(C2-C1-H11),angle,0.4653929839131399,-,-0.014227744329122483,0.2221346249262574
11,335.2142454091541,,,mixed cyclic-ring torsional/out-of-plane deformation / C-C-C bending,delta(O7-C6-H16),angle,0.3769857003064639,+,0.011726792532767823,0.26487131353131593
11,335.2142454091541,,,mixed cyclic-ring torsional/out-of-plane deformation / C-C-C bending,nu(C6-O7),bond,0.3442924440243361,-,-0.010083442330155495,0.3271737003263393
11,335.2142454091541,,,mixed cyclic-ring torsional/out-of-plane deformation / C-C-C bending,"gamma(C6;C5,O4,H15)",oop,0.2780586793564387,+,0.012654981272370538,0.1677575110310718
11,335.2142454091541,,,mixed cyclic-ring torsional/out-of-plane deformation / C-C-C bending,delta(C2-C1-H10),angle,0.2671129273778817,-,-0.010769382021248998,0.22252656956113886
11,335.2142454091541,,,mixed cyclic-ring torsional/out-of-plane deformation / C-C-C bending,delta(H13-C2-H14),angle,0.25809289931952967,+,0.006832082285466647,0.5342424723339905
11,335.2142454091541,,,mixed cyclic-ring torsional/out-of-plane deformation / C-C-C bending,delta(O4-C3-C9),angle,0.25276059683360885,-,-0.007055228142801106,0.4906318980424579
11,335.2142454091541,,,mixed cyclic-ring torsional/out-of-plane deformation / C-C-C bending,nu(C6-C8),bond,0.2036584864303537,+,0.00817177466416889,0.2946715982642608
11,335.2142454091541,,,mixed cyclic-ring torsional/out-of-plane deformation / C-C-C bending,nu(C3-C9),bond,0.19302123931145107,-,-0.007702321149859834,0.31436224837181065
11,335.2142454091541,,,mixed cyclic-ring torsional/out-of-plane deformation / C-C-C bending,tau(H18-C8-C9-C3),dihedral,0.12198610524731857,+,0.013509258507141969,0.06458265171461727
11,335.2142454091541,,,mixed cyclic-ring torsional/out-of-plane deformation / C-C-C bending,delta(C6-O7-H17),angle,0.0995174414481362,-,-0.007088506796099568,0.19136310701446652
11,335.2142454091541,,,mixed cyclic-ring torsional/out-of-plane deformation / C-C-C bending,"gamma(C6;C5,C3,O4)",oop,0.07518184484969695,+,0.0028255759889495914,0.9098452403956017
11,335.2142454091541,,,mixed cyclic-ring torsional/out-of-plane deformation / C-C-C bending,delta(O4-C5-H15),angle,0.0734607288698909,-,-0.005657524916440217,0.22175366907519878
11,335.2142454091541,,,mixed cyclic-ring torsional/out-of-plane deformation / C-C-C bending,delta(C3-C9-H19),angle,0.07206889419979379,+,0.005719206214415198,0.2128849100581254
11,335.2142454091541,,,mixed cyclic-ring torsional/out-of-plane deformation / C-C-C bending,nu(C3-O4),bond,0.05577788969812462,+,0.005005476449863011,0.2150996809255757
11,335.2142454091541,,,mixed cyclic-ring torsional/out-of-plane deformation / C-C-C bending,tau(C1-C2-C3-C5),dihedral,0.04548814467208495,-,-0.014008642374719056,0.022396216584251973
11,335.2142454091541,,,mixed cyclic-ring torsional/out-of-plane deformation / C-C-C bending,"gamma(H19;C9,C3,C8)",oop,0.0351133844034312,+,0.005996048597287794,0.09436499790933232
11,335.2142454091541,,,mixed cyclic-ring torsional/out-of-plane deformation / C-C-C bending,tau(C3-C5-C6-O7),dihedral,0.030874509056739653,-,-0.0033985240086942953,0.2582782931735298
11,335.2142454091541,,,mixed cyclic-ring torsional/out-of-plane deformation / C-C-C bending,delta(C9-C8-H18),angle,0.03033440391612135,+,0.0037545918531440682,0.2079115088694835
11,335.2142454091541,,,mixed cyclic-ring torsional/out-of-plane deformation / C-C-C bending,nu(C8-C9),bond,0.019885869967085124,-,-0.001720877325421635,0.6488036770482433
11,335.2142454091541,,,mixed cyclic-ring torsional/out-of-plane deformation / C-C-C bending,nu(C1-H12),bond,0.004240961709570205,-,-0.001103472365557927,0.3365192870641175
11,335.2142454091541,,,mixed cyclic-ring torsional/out-of-plane deformation / C-C-C bending,nu(C5-H15),bond,0.0035829781538474353,-,-0.000994048305846119,0.35034644344056987
11,335.2142454091541,,,mixed cyclic-ring torsional/out-of-plane deformation / C-C-C bending,tau(H10-C1-C2-H14),dihedral,0.0026638904533590004,+,0.0012310722719974816,0.16983132350687483
11,335.2142454091541,,,mixed cyclic-ring torsional/out-of-plane deformation / C-C-C bending,nu(C9-H19),bond,0.0013954141111035873,-,-0.0006117449364470766,0.3602723030176744
11,335.2142454091541,,,mixed cyclic-ring torsional/out-of-plane deformation / C-C-C bending,nu(O7-H17),bond,0.0010531634502866465,+,0.000447649424866511,0.5077947994859329
11,335.2142454091541,,,mixed cyclic-ring torsional/out-of-plane deformation / C-C-C bending,nu(C2-H14),bond,0.0003281063081103559,-,-0.0003086265280176651,0.3328255096398904
11,335.2142454091541,,,mixed cyclic-ring torsional/out-of-plane deformation / C-C-C bending,nu(C1-H11),bond,0.0001650518730339214,+,0.0002172237534542942,0.33796705053671766
11,335.2142454091541,,,mixed cyclic-ring torsional/out-of-plane deformation / C-C-C bending,nu(C2-H13),bond,0.0001089481931784158,-,-0.00017926430543927318,0.32756758471856046
11,335.2142454091541,,,mixed cyclic-ring torsional/out-of-plane deformation / C-C-C bending,nu(C8-H18),bond,0.00010195528797952417,-,-0.0001653625538454848,0.3602499637414734
11,335.2142454091541,,,mixed cyclic-ring torsional/out-of-plane deformation / C-C-C bending,nu(C6-H16),bond,1.8507624912985297e-06,-,-2.3209269382912875e-05,0.33196804628701443
11,335.2142454091541,,,mixed cyclic-ring torsional/out-of-plane deformation / C-C-C bending,nu(C1-H10),bond,1.4162748552603718e-06,-,-2.0220115321441168e-05,0.3346946884301047
12,371.60382561712817,,,mixed C-C torsion / C-C-O bending,tau(H10-C1-C2-H14),dihedral,29.471584608504795,+,0.18572331014665103,0.16983132350687483
12,371.60382561712817,,,mixed C-C torsion / C-C-O bending,tau(H11-C1-C2-H13),dihedral,23.81703694136398,+,0.16403401814007265,0.17594098589112622
12,371.60382561712817,,,mixed C-C torsion / C-C-O bending,delta(C2-C3-O4),angle,15.426692395995278,-,-0.0789545816036956,0.49188693193989014
12,371.60382561712817,,,mixed C-C torsion / C-C-O bending,tau(H12-C1-C2-C3),dihedral,15.213699022661517,+,0.1324631795300782,0.1723421900449818
12,371.60382561712817,,,mixed C-C torsion / C-C-O bending,delta(C5-C6-O7),angle,3.042863013083182,+,0.03608433752412442,0.4645067893229545
12,371.60382561712817,,,mixed C-C torsion / C-C-O bending,delta(C3-C2-H14),angle,2.475251953212915,-,-0.028554149677154656,0.6034316514517557
12,371.60382561712817,,,mixed C-C torsion / C-C-O bending,"gamma(C8;C6,O7,H16)",oop,1.5113754782595739,-,-0.02878697787330251,0.3625161519618344
12,371.60382561712817,,,mixed C-C torsion / C-C-O bending,delta(C1-C2-C3),angle,1.2241587669674814,-,-0.02290964851727587,0.4636049159394469
12,371.60382561712817,,,mixed C-C torsion / C-C-O bending,tau(C3-C5-C6-O7),dihedral,1.2012517912551823,+,0.03040511421541927,0.2582782931735298
12,371.60382561712817,,,mixed C-C torsion / C-C-O bending,"gamma(C6;C5,C3,O4)",oop,0.9424860384932474,+,0.014349186090425976,0.9098452403956017
12,371.60382561712817,,,mixed C-C torsion / C-C-O bending,tau(H16-C6-O7-H17),dihedral,0.8143137800074776,+,0.08542236848042921,0.02218174478859686
12,371.60382561712817,,,mixed C-C torsion / C-C-O bending,tau(C5-C6-C8-C9),dihedral,0.804083924052529,-,-0.016605000589226523,0.5796565217156813
12,371.60382561712817,,,mixed C-C torsion / C-C-O bending,"gamma(C6;C5,O4,H15)",oop,0.7886551843600959,+,0.03056864322268612,0.1677575110310718
12,371.60382561712817,,,mixed C-C torsion / C-C-O bending,delta(O4-C3-C9),angle,0.5829013849432072,-,-0.01536714617651096,0.4906318980424579
12,371.60382561712817,,,mixed C-C torsion / C-C-O bending,nu(C3-O4),bond,0.3562753815047852,-,-0.018144566331285892,0.2150996809255757
12,371.60382561712817,,,mixed C-C torsion / C-C-O bending,nu(C3-C9),bond,0.35376722628562257,+,0.014956059147279516,0.31436224837181065
12,371.60382561712817,,,mixed C-C torsion / C-C-O bending,delta(C1-C2-H13),angle,0.29029014373946466,+,0.01250617683026297,0.3689183843817206
12,371.60382561712817,,,mixed C-C torsion / C-C-O bending,delta(C6-C8-C9),angle,0.2661997004888715,+,0.007159111929792347,1.0323724235705396
12,371.60382561712817,,,mixed C-C torsion / C-C-O bending,"gamma(H19;C9,C3,C8)",oop,0.2610327039233919,-,-0.023448526805511318,0.09436499790933232
12,371.60382561712817,,,mixed C-C torsion / C-C-O bending,tau(H18-C8-C9-C3),dihedral,0.2552058317467272,-,-0.028025987863315827,0.06458265171461727
12,371.60382561712817,,,mixed C-C torsion / C-C-O bending,nu(C6-C8),bond,0.22335857824614766,-,-0.012274554761885473,0.2946715982642608
12,371.60382561712817,,,mixed C-C torsion / C-C-O bending,tau(C2-C3-C9-C8),dihedral,0.14952170245432053,-,-0.007295994964269866,0.558318887434276
12,371.60382561712817,,,mixed C-C torsion / C-C-O bending,delta(C3-C9-H19),angle,0.1441999094878552,+,0.011603356177229093,0.2128849100581254
12,371.60382561712817,,,mixed C-C torsion / C-C-O bending,delta(C2-C1-H12),angle,0.10824787322792885,+,0.009905932368209166,0.21926827150728725
12,371.60382561712817,,,mixed C-C torsion / C-C-O bending,delta(C2-C1-H10),angle,0.07314520101218756,-,-0.00808305532325914,0.22252656956113886
12,371.60382561712817,,,mixed C-C torsion / C-C-O bending,nu(C1-C2),bond,0.07152514396037009,-,-0.0071925948581244865,0.2748113603490793
12,371.60382561712817,,,mixed C-C torsion / C-C-O bending,delta(H13-C2-H14),angle,0.05855661322417413,+,0.004667586104053791,0.5342424723339905
12,371.60382561712817,,,mixed C-C torsion / C-C-O bending,nu(C8-C9),bond,0.024879427306708304,+,0.002760813737035086,0.6488036770482433
12,371.60382561712817,,,mixed C-C torsion / C-C-O bending,tau(C1-C2-C3-C5),dihedral,0.010538426085527334,-,-0.009671060862519072,0.022396216584251973
12,371.60382561712817,,,mixed C-C torsion / C-C-O bending,nu(C5-C6),bond,0.009422714268289915,+,0.0025131360801255295,0.29654537103395157
12,371.60382561712817,,,mixed C-C torsion / C-C-O bending,delta(C6-O7-H17),angle,0.008387152267669831,+,0.0029515607461075553,0.19136310701446652
12,371.60382561712817,,,mixed C-C torsion / C-C-O bending,nu(C2-C3),bond,0.0054851189498973255,-,-0.0019276243002031483,0.29341911498367274
12,371.60382561712817,,,mixed C-C torsion / C-C-O bending,nu(C2-H13),bond,0.0024310777123467677,-,-0.0012145699461168246,0.32756758471856046
12,371.60382561712817,,,mixed C-C torsion / C-C-O bending,delta(C2-C1-H11),angle,0.002340715621012044,-,-0.0014472373632988306,0.2221346249262574
12,371.60382561712817,,,mixed C-C torsion / C-C-O bending,nu(O7-H17),bond,0.0013285226317824653,-,-0.0007211305975546985,0.5077947994859329
12,371.60382561712817,,,mixed C-C torsion / C-C-O bending,delta(C1-C2-H14),angle,0.0013257776872162526,-,-0.0006863926368915775,0.5593357924954511
12,371.60382561712817,,,mixed C-C torsion / C-C-O bending,delta(C9-C8-H18),angle,0.0011329436414251632,+,0.0010407309183956043,0.2079115088694835
12,371.60382561712817,,,mixed C-C torsion / C-C-O bending,delta(O7-C6-H16),angle,0.0010177309976359085,+,0.0008739218692589272,0.26487131353131593
12,371.60382561712817,,,mixed C-C torsion / C-C-O bending,nu(C3-C5),bond,0.0008973125666219823,-,-0.0006372423248299916,0.439219548300516
12,371.60382561712817,,,mixed C-C torsion / C-C-O bending,nu(C6-H16),bond,0.0006470810194377907,-,-0.0006224504111267265,0.33196804628701443
12,371.60382561712817,,,mixed C-C torsion / C-C-O bending,delta(O4-C5-H15),angle,0.0006460906666092854,-,-0.0007610004181147704,0.22175366907519878
12,371.60382561712817,,,mixed C-C torsion / C-C-O bending,"gamma(C2;C3,O4,C9)",oop,0.000320165240943781,-,-0.00032833659528736013,0.5903135300950473
12,371.60382561712817,,,mixed C-C torsion / C-C-O bending,nu(C8-H18),bond,0.0003106223997965564,+,0.0004139882179275198,0.3602499637414734
12,371.60382561712817,,,mixed C-C torsion / C-C-O bending,nu(C5-H15),bond,0.0002532179728047786,-,-0.0003790285954570644,0.35034644344056987
12,371.60382561712817,,,mixed C-C torsion / C-C-O bending,nu(C1-H10),bond,0.00022903896159468757,+,0.00036881097973522677,0.3346946884301047
12,371.60382561712817,,,mixed C-C torsion / C-C-O bending,nu(C6-O7),bond,0.00019830209618483142,+,0.0003470947369445074,0.3271737003263393
12,371.60382561712817,,,mixed C-C torsion / C-C-O bending,nu(C2-H14),bond,0.00019487457367202898,+,0.0003411480200546151,0.3328255096398904
12,371.60382561712817,,,mixed C-C torsion / C-C-O bending,nu(C9-H19),bond,0.00012102081041380136,-,-0.0002583974118777151,0.3602723030176744
12,371.60382561712817,,,mixed C-C torsion / C-C-O bending,nu(O4-C5),bond,0.00011673505717606048,+,0.00026991355919978483,0.3184923710839102
12,371.60382561712817,,,mixed C-C torsion / C-C-O bending,nu(C1-H12),bond,5.9800268800617896e-05,-,-0.00018794040433568968,0.3365192870641175
12,371.60382561712817,,,mixed C-C torsion / C-C-O bending,nu(C1-H11),bond,3.5838734124287664e-05,-,-0.00014518198123944002,0.33796705053671766
13,428.82315690432176,,,mixed cyclic-ring deformation (O-C-C bend) / cyclic-ring torsional/out-of-plane deformation,delta(O4-C3-C9),angle,31.702164490221865,+,0.09658212009807411,0.4906318980424579
13,428.82315690432176,,,mixed cyclic-ring deformation (O-C-C bend) / cyclic-ring torsional/out-of-plane deformation,delta(C2-C3-O4),angle,12.403376228575244,-,-0.06033474523770466,0.49188693193989014
13,428.82315690432176,,,mixed cyclic-ring deformation (O-C-C bend) / cyclic-ring torsional/out-of-plane deformation,tau(C5-C6-C8-C9),dihedral,11.674973373712863,-,-0.053922839462874385,0.5796565217156813
13,428.82315690432176,,,mixed cyclic-ring deformation (O-C-C bend) / cyclic-ring torsional/out-of-plane deformation,"gamma(C6;C5,C3,O4)",oop,6.794034808771478,+,0.032832978860413496,0.9098452403956017
13,428.82315690432176,,,mixed cyclic-ring deformation (O-C-C bend) / cyclic-ring torsional/out-of-plane deformation,"gamma(C2;C3,O4,C9)",oop,5.682568107560905,+,0.03727873124985125,0.5903135300950473
13,428.82315690432176,,,mixed cyclic-ring deformation (O-C-C bend) / cyclic-ring torsional/out-of-plane deformation,tau(C2-C3-C9-C8),dihedral,4.7839888810833955,-,-0.035170949083896216,0.558318887434276
13,428.82315690432176,,,mixed cyclic-ring deformation (O-C-C bend) / cyclic-ring torsional/out-of-plane deformation,tau(H18-C8-C9-C3),dihedral,4.163389896711452,+,0.09647077613747893,0.06458265171461727
13,428.82315690432176,,,mixed cyclic-ring deformation (O-C-C bend) / cyclic-ring torsional/out-of-plane deformation,"gamma(H19;C9,C3,C8)",oop,4.108784667575019,+,0.07928324011659013,0.09436499790933232
13,428.82315690432176,,,mixed cyclic-ring deformation (O-C-C bend) / cyclic-ring torsional/out-of-plane deformation,tau(H16-C6-O7-H17),dihedral,3.764981228892622,-,-0.15653581637034406,0.02218174478859686
13,428.82315690432176,,,mixed cyclic-ring deformation (O-C-C bend) / cyclic-ring torsional/out-of-plane deformation,tau(H10-C1-C2-H14),dihedral,3.2089799776511807,+,0.05222816574000135,0.16983132350687483
13,428.82315690432176,,,mixed cyclic-ring deformation (O-C-C bend) / cyclic-ring torsional/out-of-plane deformation,tau(H11-C1-C2-H13),dihedral,2.265959069872654,+,0.04311939779365534,0.17594098589112622
13,428.82315690432176,,,mixed cyclic-ring deformation (O-C-C bend) / cyclic-ring torsional/out-of-plane deformation,"gamma(C6;C5,O4,H15)",oop,1.7719802986693605,+,0.03904978296909808,0.1677575110310718
13,428.82315690432176,,,mixed cyclic-ring deformation (O-C-C bend) / cyclic-ring torsional/out-of-plane deformation,delta(C3-C2-H14),angle,0.8629928229488407,-,-0.014368774061193114,0.6034316514517557
13,428.82315690432176,,,mixed cyclic-ring deformation (O-C-C bend) / cyclic-ring torsional/out-of-plane deformation,tau(H12-C1-C2-C3),dihedral,0.8230917719993506,+,0.026257809513947114,0.1723421900449818
13,428.82315690432176,,,mixed cyclic-ring deformation (O-C-C bend) / cyclic-ring torsional/out-of-plane deformation,delta(C5-C6-O7),angle,0.7592823035654181,+,0.015361575968687225,0.4645067893229545
13,428.82315690432176,,,mixed cyclic-ring deformation (O-C-C bend) / cyclic-ring torsional/out-of-plane deformation,"gamma(C8;C6,O7,H16)",oop,0.7263330777676033,+,0.01700726182468072,0.3625161519618344
13,428.82315690432176,,,mixed cyclic-ring deformation (O-C-C bend) / cyclic-ring torsional/out-of-plane deformation,tau(C3-C5-C6-O7),dihedral,0.6823429746727221,-,-0.019529340402939768,0.2582782931735298
13,428.82315690432176,,,mixed cyclic-ring deformation (O-C-C bend) / cyclic-ring torsional/out-of-plane deformation,nu(C3-C9),bond,0.5509303026451188,+,0.01590608518831705,0.31436224837181065
13,428.82315690432176,,,mixed cyclic-ring deformation (O-C-C bend) / cyclic-ring torsional/out-of-plane deformation,delta(C6-C8-C9),angle,0.5102230678654337,-,-0.008446796168351497,1.0323724235705396
13,428.82315690432176,,,mixed cyclic-ring deformation (O-C-C bend) / cyclic-ring torsional/out-of-plane deformation,nu(C2-C3),bond,0.4337619190506357,-,-0.014608703558589385,0.29341911498367274
13,428.82315690432176,,,mixed cyclic-ring deformation (O-C-C bend) / cyclic-ring torsional/out-of-plane deformation,delta(O7-C6-H16),angle,0.431743326983674,-,-0.015340005711019141,0.26487131353131593
13,428.82315690432176,,,mixed cyclic-ring deformation (O-C-C bend) / cyclic-ring torsional/out-of-plane deformation,nu(C6-C8),bond,0.40463350795402614,+,0.01407965294168415,0.2946715982642608
13,428.82315690432176,,,mixed cyclic-ring deformation (O-C-C bend) / cyclic-ring torsional/out-of-plane deformation,nu(C3-C5),bond,0.39547364610844105,-,-0.011401135586406404,0.439219548300516
13,428.82315690432176,,,mixed cyclic-ring deformation (O-C-C bend) / cyclic-ring torsional/out-of-plane deformation,delta(C1-C2-C3),angle,0.33023214397790496,-,-0.010140650685398959,0.4636049159394469
13,428.82315690432176,,,mixed cyclic-ring deformation (O-C-C bend) / cyclic-ring torsional/out-of-plane deformation,nu(C5-C6),bond,0.13423654545818903,+,0.008083882194719151,0.29654537103395157
13,428.82315690432176,,,mixed cyclic-ring deformation (O-C-C bend) / cyclic-ring torsional/out-of-plane deformation,delta(C6-O7-H17),angle,0.1317153110677599,+,0.009968256190705266,0.19136310701446652
13,428.82315690432176,,,mixed cyclic-ring deformation (O-C-C bend) / cyclic-ring torsional/out-of-plane deformation,tau(C1-C2-C3-C5),dihedral,0.13016086645397193,-,-0.028965634956694096,0.022396216584251973
13,428.82315690432176,,,mixed cyclic-ring deformation (O-C-C bend) / cyclic-ring torsional/out-of-plane deformation,delta(C1-C2-H13),angle,0.06535078636303782,+,0.005056970578181926,0.3689183843817206
13,428.82315690432176,,,mixed cyclic-ring deformation (O-C-C bend) / cyclic-ring torsional/out-of-plane deformation,nu(C1-C2),bond,0.0617843678134697,-,-0.005697077529794065,0.2748113603490793
13,428.82315690432176,,,mixed cyclic-ring deformation (O-C-C bend) / cyclic-ring torsional/out-of-plane deformation,nu(C3-O4),bond,0.05847066981400555,+,0.0062643976562407775,0.2150996809255757
13,428.82315690432176,,,mixed cyclic-ring deformation (O-C-C bend) / cyclic-ring torsional/out-of-plane deformation,nu(C8-C9),bond,0.04711357126532437,+,0.003237773979393376,0.6488036770482433
13,428.82315690432176,,,mixed cyclic-ring deformation (O-C-C bend) / cyclic-ring torsional/out-of-plane deformation,delta(H13-C2-H14),angle,0.04697832534631391,+,0.0035629499924598835,0.5342424723339905
13,428.82315690432176,,,mixed cyclic-ring deformation (O-C-C bend) / cyclic-ring torsional/out-of-plane deformation,nu(C6-O7),bond,0.04656853978510355,+,0.004533016336556685,0.3271737003263393
13,428.82315690432176,,,mixed cyclic-ring deformation (O-C-C bend) / cyclic-ring torsional/out-of-plane deformation,nu(O4-C5),bond,0.011478238273820104,+,0.002280963143883097,0.3184923710839102
13,428.82315690432176,,,mixed cyclic-ring deformation (O-C-C bend) / cyclic-ring torsional/out-of-plane deformation,nu(C6-H16),bond,0.006482334736628039,+,0.0016789886197854035,0.33196804628701443
13,428.82315690432176,,,mixed cyclic-ring deformation (O-C-C bend) / cyclic-ring torsional/out-of-plane deformation,delta(C3-C9-H19),angle,0.006462057375518375,+,0.0020933561982717785,0.2128849100581254
13,428.82315690432176,,,mixed cyclic-ring deformation (O-C-C bend) / cyclic-ring torsional/out-of-plane deformation,delta(C2-C1-H12),angle,0.006341881413655513,+,0.0020433903070115503,0.21926827150728725
13,428.82315690432176,,,mixed cyclic-ring deformation (O-C-C bend) / cyclic-ring torsional/out-of-plane deformation,delta(C2-C1-H10),angle,0.005332333344998453,-,-0.0018599354670447072,0.22252656956113886
13,428.82315690432176,,,mixed cyclic-ring deformation (O-C-C bend) / cyclic-ring torsional/out-of-plane deformation,delta(C1-C2-H14),angle,0.0017446518863154308,-,-0.0006710397602009129,0.5593357924954511
13,428.82315690432176,,,mixed cyclic-ring deformation (O-C-C bend) / cyclic-ring torsional/out-of-plane deformation,nu(C9-H19),bond,0.0012511938812842527,+,0.0007080713708206708,0.3602723030176744
13,428.82315690432176,,,mixed cyclic-ring deformation (O-C-C bend) / cyclic-ring torsional/out-of-plane deformation,delta(O4-C5-H15),angle,0.0008493579751503989,-,-0.000743601306876485,0.22175366907519878
13,428.82315690432176,,,mixed cyclic-ring deformation (O-C-C bend) / cyclic-ring torsional/out-of-plane deformation,nu(C8-H18),bond,0.0007140717472060056,+,0.0005349326660776081,0.3602499637414734
13,428.82315690432176,,,mixed cyclic-ring deformation (O-C-C bend) / cyclic-ring torsional/out-of-plane deformation,nu(C1-H10),bond,0.0002747337948117107,+,0.0003442403696226288,0.3346946884301047
13,428.82315690432176,,,mixed cyclic-ring deformation (O-C-C bend) / cyclic-ring torsional/out-of-plane deformation,nu(C2-H13),bond,0.00019841092814563976,-,-0.00029570761062768533,0.32756758471856046
13,428.82315690432176,,,mixed cyclic-ring deformation (O-C-C bend) / cyclic-ring torsional/out-of-plane deformation,nu(C5-H15),bond,0.00019700840573105269,+,0.0002849204940495602,0.35034644344056987
13,428.82315690432176,,,mixed cyclic-ring deformation (O-C-C bend) / cyclic-ring torsional/out-of-plane deformation,delta(C9-C8-H18),angle,3.520293199783296e-05,+,0.00015634367644903153,0.2079115088694835
13,428.82315690432176,,,mixed cyclic-ring deformation (O-C-C bend) / cyclic-ring torsional/out-of-plane deformation,nu(C1-H12),bond,2.1029190249812166e-05,-,-9.498093969350586e-05,0.3365192870641175
13,428.82315690432176,,,mixed cyclic-ring deformation (O-C-C bend) / cyclic-ring torsional/out-of-plane deformation,nu(C2-H14),bond,1.1275810635531553e-05,-,-6.993518870241684e-05,0.3328255096398904
13,428.82315690432176,,,mixed cyclic-ring deformation (O-C-C bend) / cyclic-ring torsional/out-of-plane deformation,nu(O7-H17),bond,4.269319766645057e-06,+,3.4838976248652855e-05,0.5077947994859329
13,428.82315690432176,,,mixed cyclic-ring deformation (O-C-C bend) / cyclic-ring torsional/out-of-plane deformation,nu(C1-H11),bond,8.403372882395945e-07,+,1.8946099058208496e-05,0.33796705053671766
13,428.82315690432176,,,mixed cyclic-ring deformation (O-C-C bend) / cyclic-ring torsional/out-of-plane deformation,delta(C2-C1-H11),angle,2.3044240336462696e-07,+,1.2237796738022234e-05,0.2221346249262574
14,458.3302397577308,,,C-O torsion,tau(H16-C6-O7-H17),dihedral,74.00019781110642,+,0.5494010133688311,0.02218174478859686
14,458.3302397577308,,,C-O torsion,"gamma(C8;C6,O7,H16)",oop,4.356255846005769,+,0.03297341103301449,0.3625161519618344
14,458.3302397577308,,,C-O torsion,tau(C5-C6-C8-C9),dihedral,2.7806538500553586,-,-0.02083334324330259,0.5796565217156813
14,458.3302397577308,,,C-O torsion,delta(O4-C3-C9),angle,2.5624948198923185,+,0.02173824483982732,0.4906318980424579
14,458.3302397577308,,,C-O torsion,delta(C5-C6-O7),angle,2.5502389657216495,-,-0.022287701030439446,0.4645067893229545
14,458.3302397577308,,,C-O torsion,"gamma(C2;C3,O4,C9)",oop,2.4295639785761587,+,0.019297172060743065,0.5903135300950473
14,458.3302397577308,,,C-O torsion,tau(H18-C8-C9-C3),dihedral,1.7695242950237817,+,0.049789893390860436,0.06458265171461727
14,458.3302397577308,,,C-O torsion,"gamma(H19;C9,C3,C8)",oop,1.5877389014961334,+,0.039017096111764814,0.09436499790933232
14,458.3302397577308,,,C-O torsion,tau(C2-C3-C9-C8),dihedral,1.2756624774556677,-,-0.014377970844893378,0.558318887434276
14,458.3302397577308,,,C-O torsion,tau(C3-C5-C6-O7),dihedral,1.2641373672699134,-,-0.021043794329513754,0.2582782931735298
14,458.3302397577308,,,C-O torsion,delta(O7-C6-H16),angle,0.9490291368352034,-,-0.018005002184708657,0.26487131353131593
14,458.3302397577308,,,C-O torsion,nu(C6-C8),bond,0.7058015859477643,+,0.014721194255782041,0.2946715982642608
14,458.3302397577308,,,C-O torsion,delta(C6-C8-C9),angle,0.6253065050653757,-,-0.007402853307334787,1.0323724235705396
14,458.3302397577308,,,C-O torsion,nu(O4-C5),bond,0.40394873745797066,-,-0.010712343209201267,0.3184923710839102
14,458.3302397577308,,,C-O torsion,delta(C2-C3-O4),angle,0.3681638482025573,+,0.008229222331474006,0.49188693193989014
14,458.3302397577308,,,C-O torsion,nu(C3-C5),bond,0.2888236625585546,-,-0.007713410113169912,0.439219548300516
14,458.3302397577308,,,C-O torsion,tau(H11-C1-C2-H13),dihedral,0.26374983574641786,-,-0.011646178875887555,0.17594098589112622
14,458.3302397577308,,,C-O torsion,delta(C6-O7-H17),angle,0.26216688142911093,+,0.011133473380738255,0.19136310701446652
14,458.3302397577308,,,C-O torsion,nu(C2-C3),bond,0.21868192566740927,-,-0.008211700689716623,0.29341911498367274
14,458.3302397577308,,,C-O torsion,nu(C5-C6),bond,0.20643174873762382,-,-0.007936217089240596,0.29654537103395157
14,458.3302397577308,,,C-O torsion,delta(C1-C2-C3),angle,0.14485047187548333,-,-0.005316879391590814,0.4636049159394469
14,458.3302397577308,,,C-O torsion,tau(H12-C1-C2-C3),dihedral,0.1241760481324588,-,-0.008074097349725366,0.1723421900449818
14,458.3302397577308,,,C-O torsion,tau(C1-C2-C3-C5),dihedral,0.11144877029515617,-,-0.021218817573861497,0.022396216584251973
14,458.3302397577308,,,C-O torsion,"gamma(C6;C5,O4,H15)",oop,0.1044254890401261,-,-0.007504696609635243,0.1677575110310718
14,458.3302397577308,,,C-O torsion,nu(C8-C9),bond,0.09436659305656403,+,0.003627633088890061,0.6488036770482433
14,458.3302397577308,,,C-O torsion,delta(O4-C5-H15),angle,0.08243405914290419,+,0.005799476641081548,0.22175366907519878
14,458.3302397577308,,,C-O torsion,tau(H10-C1-C2-H14),dihedral,0.07757938048519658,-,-0.006428877114517409,0.16983132350687483
14,458.3302397577308,,,C-O torsion,delta(C1-C2-H14),angle,0.060840638095212764,+,0.003137122246339407,0.5593357924954511
14,458.3302397577308,,,C-O torsion,nu(C1-C2),bond,0.05295208418860517,-,-0.004175370862907769,0.2748113603490793
14,458.3302397577308,,,C-O torsion,delta(C9-C8-H18),angle,0.052263033979184026,-,-0.004769017452176898,0.2079115088694835
14,458.3302397577308,,,C-O torsion,nu(C3-O4),bond,0.04777731333655561,-,-0.004482928859821669,0.2150996809255757
14,458.3302397577308,,,C-O torsion,nu(C3-C9),bond,0.04198413987991895,+,0.003476148370760009,0.31436224837181065
14,458.3302397577308,,,C-O torsion,nu(O7-H17),bond,0.035964477706712086,-,-0.002531416592160749,0.5077947994859329
14,458.3302397577308,,,C-O torsion,nu(C6-O7),bond,0.03431661589356177,-,-0.003080590003643119,0.3271737003263393
14,458.3302397577308,,,C-O torsion,delta(C2-C1-H12),angle,0.02271316700071259,+,0.0030614122696053367,0.21926827150728725
14,458.3302397577308,,,C-O torsion,"gamma(C6;C5,C3,O4)",oop,0.01275436701864706,+,0.001126202687001184,0.9098452403956017
14,458.3302397577308,,,C-O torsion,delta(C1-C2-H13),angle,0.009399314673318296,+,0.0015182867904426703,0.3689183843817206
14,458.3302397577308,,,C-O torsion,nu(C8-H18),bond,0.004258327123004226,+,0.0010341615944698549,0.3602499637414734
14,458.3302397577308,,,C-O torsion,delta(C2-C1-H11),angle,0.004043272993776933,-,-0.0012833031816582802,0.2221346249262574
14,458.3302397577308,,,C-O torsion,delta(C3-C9-H19),angle,0.0033287432473494277,+,0.0011894291504451193,0.2128849100581254
14,458.3302397577308,,,C-O torsion,nu(C6-H16),bond,0.0027049777066471955,-,-0.0008586270608132336,0.33196804628701443
14,458.3302397577308,,,C-O torsion,delta(C3-C2-H14),angle,0.002532106433796897,+,0.0006161661033923717,0.6034316514517557
14,458.3302397577308,,,C-O torsion,delta(C2-C1-H10),angle,0.0018970412368378546,-,-0.0008782503209431701,0.22252656956113886
14,458.3302397577308,,,C-O torsion,nu(C9-H19),bond,0.0011385593887495893,+,0.0005347284294831708,0.3602723030176744
14,458.3302397577308,,,C-O torsion,nu(C2-H13),bond,0.0004798523019057178,+,0.00036406103542282596,0.32756758471856046
14,458.3302397577308,,,C-O torsion,nu(C1-H10),bond,0.0003442543394936937,+,0.0003050606347329741,0.3346946884301047
14,458.3302397577308,,,C-O torsion,delta(H13-C2-H14),angle,0.00022249825770237887,+,0.00019411762512934664,0.5342424723339905
14,458.3302397577308,,,C-O torsion,nu(C5-H15),bond,9.695237424523401e-05,+,0.00015823452067693399,0.35034644344056987
14,458.3302397577308,,,C-O torsion,nu(C2-H14),bond,6.15291059475151e-05,-,-0.00012933106902329785,0.3328255096398904
14,458.3302397577308,,,C-O torsion,nu(C1-H11),bond,5.878965624767843e-05,+,0.0001254538944244715,0.33796705053671766
14,458.3302397577308,,,C-O torsion,nu(C1-H12),bond,1.4951782763065504e-05,-,-6.340337512087244e-05,0.3365192870641175
15,528.8281323327985,,,mixed cyclic-ring torsional/out-of-plane deformation / cyclic-ring out-of-plane deformation,tau(C5-C6-C8-C9),dihedral,31.49136992765255,-,-0.10998939812816821,0.5796565217156813
15,528.8281323327985,,,mixed cyclic-ring torsional/out-of-plane deformation / cyclic-ring out-of-plane deformation,tau(C2-C3-C9-C8),dihedral,17.01874929163549,-,-0.08238783154774931,0.558318887434276
15,528.8281323327985,,,mixed cyclic-ring torsional/out-of-plane deformation / cyclic-ring out-of-plane deformation,"gamma(C8;C6,O7,H16)",oop,10.472368201641046,+,0.08020458259112938,0.3625161519618344
15,528.8281323327985,,,mixed cyclic-ring torsional/out-of-plane deformation / cyclic-ring out-of-plane deformation,delta(O4-C3-C9),angle,8.714541740931951,-,-0.06289046403448204,0.4906318980424579
15,528.8281323327985,,,mixed cyclic-ring torsional/out-of-plane deformation / cyclic-ring out-of-plane deformation,"gamma(C6;C5,C3,O4)",oop,7.896158854163177,+,0.04396069872870607,0.9098452403956017
15,528.8281323327985,,,mixed cyclic-ring torsional/out-of-plane deformation / cyclic-ring out-of-plane deformation,delta(C5-C6-O7),angle,4.2781778505973165,-,-0.045287025469305756,0.4645067893229545
15,528.8281323327985,,,mixed cyclic-ring torsional/out-of-plane deformation / cyclic-ring out-of-plane deformation,"gamma(C2;C3,O4,C9)",oop,3.897564407735938,-,-0.03834384793234732,0.5903135300950473
15,528.8281323327985,,,mixed cyclic-ring torsional/out-of-plane deformation / cyclic-ring out-of-plane deformation,nu(C2-C3),bond,2.5054090230385038,+,0.04360492352622289,0.29341911498367274
15,528.8281323327985,,,mixed cyclic-ring torsional/out-of-plane deformation / cyclic-ring out-of-plane deformation,nu(C3-O4),bond,1.9818519907086627,-,-0.04529561258889562,0.2150996809255757
15,528.8281323327985,,,mixed cyclic-ring torsional/out-of-plane deformation / cyclic-ring out-of-plane deformation,tau(H18-C8-C9-C3),dihedral,1.7007521135946788,+,0.07657781761206725,0.06458265171461727
15,528.8281323327985,,,mixed cyclic-ring torsional/out-of-plane deformation / cyclic-ring out-of-plane deformation,nu(C6-C8),bond,1.2401753823927253,+,0.03061348879783592,0.2946715982642608
15,528.8281323327985,,,mixed cyclic-ring torsional/out-of-plane deformation / cyclic-ring out-of-plane deformation,nu(C6-O7),bond,1.1663189789466786,+,0.028174738275415705,0.3271737003263393
15,528.8281323327985,,,mixed cyclic-ring torsional/out-of-plane deformation / cyclic-ring out-of-plane deformation,nu(O4-C5),bond,0.971665147186552,+,0.026064488560791785,0.3184923710839102
15,528.8281323327985,,,mixed cyclic-ring torsional/out-of-plane deformation / cyclic-ring out-of-plane deformation,delta(C1-C2-C3),angle,0.9330062325589892,-,-0.021169405807233956,0.4636049159394469
15,528.8281323327985,,,mixed cyclic-ring torsional/out-of-plane deformation / cyclic-ring out-of-plane deformation,tau(C3-C5-C6-O7),dihedral,0.8289980567123856,-,-0.02673457068395894,0.2582782931735298
15,528.8281323327985,,,mixed cyclic-ring torsional/out-of-plane deformation / cyclic-ring out-of-plane deformation,delta(O4-C5-H15),angle,0.8027641569536651,-,-0.028392196460356078,0.22175366907519878
15,528.8281323327985,,,mixed cyclic-ring torsional/out-of-plane deformation / cyclic-ring out-of-plane deformation,delta(C9-C8-H18),angle,0.7225895497320706,-,-0.02781935042414231,0.2079115088694835
15,528.8281323327985,,,mixed cyclic-ring torsional/out-of-plane deformation / cyclic-ring out-of-plane deformation,"gamma(H19;C9,C3,C8)",oop,0.5551382956859602,+,0.03619391303594392,0.09436499790933232
15,528.8281323327985,,,mixed cyclic-ring torsional/out-of-plane deformation / cyclic-ring out-of-plane deformation,nu(C3-C5),bond,0.5492925154099214,+,0.01668788976284432,0.439219548300516
15,528.8281323327985,,,mixed cyclic-ring torsional/out-of-plane deformation / cyclic-ring out-of-plane deformation,delta(O7-C6-H16),angle,0.36268306904145964,-,-0.017461702727721386,0.26487131353131593
15,528.8281323327985,,,mixed cyclic-ring torsional/out-of-plane deformation / cyclic-ring out-of-plane deformation,nu(C8-C9),bond,0.3371225820588673,+,0.010756665981471058,0.6488036770482433
15,528.8281323327985,,,mixed cyclic-ring torsional/out-of-plane deformation / cyclic-ring out-of-plane deformation,nu(C1-C2),bond,0.28707998252868416,+,0.015251920279800258,0.2748113603490793
15,528.8281323327985,,,mixed cyclic-ring torsional/out-of-plane deformation / cyclic-ring out-of-plane deformation,delta(C2-C3-O4),angle,0.266873024064512,+,0.010991579566863348,0.49188693193989014
15,528.8281323327985,,,mixed cyclic-ring torsional/out-of-plane deformation / cyclic-ring out-of-plane deformation,"gamma(C6;C5,O4,H15)",oop,0.23342444112234353,-,-0.01760242849650894,0.1677575110310718
15,528.8281323327985,,,mixed cyclic-ring torsional/out-of-plane deformation / cyclic-ring out-of-plane deformation,tau(H10-C1-C2-H14),dihedral,0.17487224406129648,+,0.015142303847341866,0.16983132350687483
15,528.8281323327985,,,mixed cyclic-ring torsional/out-of-plane deformation / cyclic-ring out-of-plane deformation,tau(H16-C6-O7-H17),dihedral,0.13414990925411158,-,-0.0366976075125693,0.02218174478859686
15,528.8281323327985,,,mixed cyclic-ring torsional/out-of-plane deformation / cyclic-ring out-of-plane deformation,nu(C5-C6),bond,0.11631513812053867,+,0.009345724140895939,0.29654537103395157
15,528.8281323327985,,,mixed cyclic-ring torsional/out-of-plane deformation / cyclic-ring out-of-plane deformation,delta(C2-C1-H12),angle,0.10083745050220037,+,0.010119602271235904,0.21926827150728725
15,528.8281323327985,,,mixed cyclic-ring torsional/out-of-plane deformation / cyclic-ring out-of-plane deformation,nu(C3-C9),bond,0.06818388390581019,+,0.006949700467207326,0.31436224837181065
15,528.8281323327985,,,mixed cyclic-ring torsional/out-of-plane deformation / cyclic-ring out-of-plane deformation,delta(C3-C9-H19),angle,0.06455452340779153,-,-0.00821734105406972,0.2128849100581254
15,528.8281323327985,,,mixed cyclic-ring torsional/out-of-plane deformation / cyclic-ring out-of-plane deformation,delta(C2-C1-H10),angle,0.0403991638085326,-,-0.006358221650657266,0.22252656956113886
15,528.8281323327985,,,mixed cyclic-ring torsional/out-of-plane deformation / cyclic-ring out-of-plane deformation,delta(C1-C2-H14),angle,0.02465429029682699,+,0.003132927602618897,0.5593357924954511
15,528.8281323327985,,,mixed cyclic-ring torsional/out-of-plane deformation / cyclic-ring out-of-plane deformation,delta(H13-C2-H14),angle,0.01407659993859291,+,0.002422256278319753,0.5342424723339905
15,528.8281323327985,,,mixed cyclic-ring torsional/out-of-plane deformation / cyclic-ring out-of-plane deformation,delta(C1-C2-H13),angle,0.010667752994144391,+,0.0025375332323513047,0.3689183843817206
15,528.8281323327985,,,mixed cyclic-ring torsional/out-of-plane deformation / cyclic-ring out-of-plane deformation,delta(C2-C1-H11),angle,0.007111956318637713,-,-0.002670095672120395,0.2221346249262574
15,528.8281323327985,,,mixed cyclic-ring torsional/out-of-plane deformation / cyclic-ring out-of-plane deformation,nu(C6-H16),bond,0.004689443522082976,-,-0.0017735887510240491,0.33196804628701443
15,528.8281323327985,,,mixed cyclic-ring torsional/out-of-plane deformation / cyclic-ring out-of-plane deformation,delta(C3-C2-H14),angle,0.004514714179023406,-,-0.0012907481145209084,0.6034316514517557
15,528.8281323327985,,,mixed cyclic-ring torsional/out-of-plane deformation / cyclic-ring out-of-plane deformation,delta(C6-C8-C9),angle,0.004318630918103189,-,-0.0009651509871010209,1.0323724235705396
15,528.8281323327985,,,mixed cyclic-ring torsional/out-of-plane deformation / cyclic-ring out-of-plane deformation,nu(C5-H15),bond,0.00368511357284284,-,-0.001530442417393968,0.35034644344056987
15,528.8281323327985,,,mixed cyclic-ring torsional/out-of-plane deformation / cyclic-ring out-of-plane deformation,tau(C1-C2-C3-C5),dihedral,0.0034469486900546562,-,-0.005854239585205825,0.022396216584251973
15,528.8281323327985,,,mixed cyclic-ring torsional/out-of-plane deformation / cyclic-ring out-of-plane deformation,nu(C2-H13),bond,0.003245025482515507,-,-0.0014852481104498953,0.32756758471856046
15,528.8281323327985,,,mixed cyclic-ring torsional/out-of-plane deformation / cyclic-ring out-of-plane deformation,nu(C8-H18),bond,0.002289664952104954,+,0.0011896642399091232,0.3602499637414734
15,528.8281323327985,,,mixed cyclic-ring torsional/out-of-plane deformation / cyclic-ring out-of-plane deformation,tau(H11-C1-C2-H13),dihedral,0.0012109943951468516,+,0.0012380208758395162,0.17594098589112622
15,528.8281323327985,,,mixed cyclic-ring torsional/out-of-plane deformation / cyclic-ring out-of-plane deformation,nu(C9-H19),bond,0.0011022949291677978,+,0.0008254178926871063,0.3602723030176744
15,528.8281323327985,,,mixed cyclic-ring torsional/out-of-plane deformation / cyclic-ring out-of-plane deformation,tau(H12-C1-C2-C3),dihedral,0.0005150549329273385,-,-0.000815776863049414,0.1723421900449818
15,528.8281323327985,,,mixed cyclic-ring torsional/out-of-plane deformation / cyclic-ring out-of-plane deformation,delta(C6-O7-H17),angle,0.0004723623920850327,+,0.0007413938203481603,0.19136310701446652
15,528.8281323327985,,,mixed cyclic-ring torsional/out-of-plane deformation / cyclic-ring out-of-plane deformation,nu(O7-H17),bond,0.0003456824922913785,+,0.00038934533889422896,0.5077947994859329
15,528.8281323327985,,,mixed cyclic-ring torsional/out-of-plane deformation / cyclic-ring out-of-plane deformation,nu(C2-H14),bond,0.00023865477615710222,+,0.0003995923582795251,0.3328255096398904
15,528.8281323327985,,,mixed cyclic-ring torsional/out-of-plane deformation / cyclic-ring out-of-plane deformation,nu(C1-H10),bond,2.458571127689397e-05,-,-0.00012789612619720683,0.3346946884301047
15,528.8281323327985,,,mixed cyclic-ring torsional/out-of-plane deformation / cyclic-ring out-of-plane deformation,nu(C1-H11),bond,2.296986633373797e-06,+,3.89029437441499e-05,0.33796705053671766
15,528.8281323327985,,,mixed cyclic-ring torsional/out-of-plane deformation / cyclic-ring out-of-plane deformation,nu(C1-H12),bond,8.033649708930926e-07,-,-2.3056420149833155e-05,0.3365192870641175
16,602.844458620134,,,mixed cyclic-ring torsional/out-of-plane deformation / cyclic-ring out-of-plane deformation / C-C-O bending,"gamma(C2;C3,O4,C9)",oop,16.170297474902377,-,-0.08628307252630192,0.5903135300950473
16,602.844458620134,,,mixed cyclic-ring torsional/out-of-plane deformation / cyclic-ring out-of-plane deformation / C-C-O bending,delta(C5-C6-O7),angle,15.267152495496005,-,-0.09451287072663009,0.4645067893229545
16,602.844458620134,,,mixed cyclic-ring torsional/out-of-plane deformation / cyclic-ring out-of-plane deformation / C-C-O bending,delta(C6-C8-C9),angle,13.224567716422033,-,-0.059003871783751896,1.0323724235705396
16,602.844458620134,,,mixed cyclic-ring torsional/out-of-plane deformation / cyclic-ring out-of-plane deformation / C-C-O bending,tau(C5-C6-C8-C9),dihedral,11.894958541755319,+,0.07467995868018801,0.5796565217156813
16,602.844458620134,,,mixed cyclic-ring torsional/out-of-plane deformation / cyclic-ring out-of-plane deformation / C-C-O bending,tau(C2-C3-C9-C8),dihedral,7.101683315261621,+,0.05879595609071634,0.558318887434276
16,602.844458620134,,,mixed cyclic-ring torsional/out-of-plane deformation / cyclic-ring out-of-plane deformation / C-C-O bending,tau(C3-C5-C6-O7),dihedral,5.6415580570483055,-,-0.07704838552356184,0.2582782931735298
16,602.844458620134,,,mixed cyclic-ring torsional/out-of-plane deformation / cyclic-ring out-of-plane deformation / C-C-O bending,"gamma(C6;C5,C3,O4)",oop,4.566995493637838,+,0.03693511823863337,0.9098452403956017
16,602.844458620134,,,mixed cyclic-ring torsional/out-of-plane deformation / cyclic-ring out-of-plane deformation / C-C-O bending,delta(C1-C2-C3),angle,4.566300980337776,+,0.05173878390292677,0.4636049159394469
16,602.844458620134,,,mixed cyclic-ring torsional/out-of-plane deformation / cyclic-ring out-of-plane deformation / C-C-O bending,delta(C2-C3-O4),angle,4.529001590354299,-,-0.05002378626760245,0.49188693193989014
16,602.844458620134,,,mixed cyclic-ring torsional/out-of-plane deformation / cyclic-ring out-of-plane deformation / C-C-O bending,nu(C6-O7),bond,3.184647214188561,-,-0.05143389781042967,0.3271737003263393
16,602.844458620134,,,mixed cyclic-ring torsional/out-of-plane deformation / cyclic-ring out-of-plane deformation / C-C-O bending,tau(H11-C1-C2-H13),dihedral,1.680432789009193,+,0.0509489254396275,0.17594098589112622
16,602.844458620134,,,mixed cyclic-ring torsional/out-of-plane deformation / cyclic-ring out-of-plane deformation / C-C-O bending,delta(O7-C6-H16),angle,1.3393453605682355,+,0.037071212601707995,0.26487131353131593
16,602.844458620134,,,mixed cyclic-ring torsional/out-of-plane deformation / cyclic-ring out-of-plane deformation / C-C-O bending,delta(C1-C2-H14),angle,1.3124322112507463,-,-0.025252832650059457,0.5593357924954511
16,602.844458620134,,,mixed cyclic-ring torsional/out-of-plane deformation / cyclic-ring out-of-plane deformation / C-C-O bending,delta(C2-C1-H12),angle,1.0241451731825417,-,-0.035628770080353055,0.21926827150728725
16,602.844458620134,,,mixed cyclic-ring torsional/out-of-plane deformation / cyclic-ring out-of-plane deformation / C-C-O bending,delta(C3-C9-H19),angle,0.9410238978710175,-,-0.03466058217482144,0.2128849100581254
16,602.844458620134,,,mixed cyclic-ring torsional/out-of-plane deformation / cyclic-ring out-of-plane deformation / C-C-O bending,"gamma(C8;C6,O7,H16)",oop,0.8215228010930278,+,0.02481727516306203,0.3625161519618344
16,602.844458620134,,,mixed cyclic-ring torsional/out-of-plane deformation / cyclic-ring out-of-plane deformation / C-C-O bending,nu(C3-C9),bond,0.7281052271760565,+,0.025089375256616545,0.31436224837181065
16,602.844458620134,,,mixed cyclic-ring torsional/out-of-plane deformation / cyclic-ring out-of-plane deformation / C-C-O bending,delta(C9-C8-H18),angle,0.6888988987461053,+,0.03000864915484062,0.2079115088694835
16,602.844458620134,,,mixed cyclic-ring torsional/out-of-plane deformation / cyclic-ring out-of-plane deformation / C-C-O bending,delta(C3-C2-H14),angle,0.5619224579186624,-,-0.015908605688665756,0.6034316514517557
16,602.844458620134,,,mixed cyclic-ring torsional/out-of-plane deformation / cyclic-ring out-of-plane deformation / C-C-O bending,nu(C6-C8),bond,0.5381726008214353,-,-0.022279201337646957,0.2946715982642608
16,602.844458620134,,,mixed cyclic-ring torsional/out-of-plane deformation / cyclic-ring out-of-plane deformation / C-C-O bending,nu(C1-C2),bond,0.46938251417115917,+,0.0215453760366199,0.2748113603490793
16,602.844458620134,,,mixed cyclic-ring torsional/out-of-plane deformation / cyclic-ring out-of-plane deformation / C-C-O bending,delta(C1-C2-H13),angle,0.4209497326560314,-,-0.017609942417107078,0.3689183843817206
16,602.844458620134,,,mixed cyclic-ring torsional/out-of-plane deformation / cyclic-ring out-of-plane deformation / C-C-O bending,tau(H18-C8-C9-C3),dihedral,0.39097113744466466,-,-0.04056228183933473,0.06458265171461727
16,602.844458620134,,,mixed cyclic-ring torsional/out-of-plane deformation / cyclic-ring out-of-plane deformation / C-C-O bending,nu(O4-C5),bond,0.3716833856711551,+,0.017809225094483218,0.3184923710839102
16,602.844458620134,,,mixed cyclic-ring torsional/out-of-plane deformation / cyclic-ring out-of-plane deformation / C-C-O bending,tau(C1-C2-C3-C5),dihedral,0.3514079384566432,+,0.06530199067898541,0.022396216584251973
16,602.844458620134,,,mixed cyclic-ring torsional/out-of-plane deformation / cyclic-ring out-of-plane deformation / C-C-O bending,"gamma(H19;C9,C3,C8)",oop,0.33486928297382323,-,-0.03105561647278634,0.09436499790933232
16,602.844458620134,,,mixed cyclic-ring torsional/out-of-plane deformation / cyclic-ring out-of-plane deformation / C-C-O bending,delta(O4-C5-H15),angle,0.33205834406864304,-,-0.02017343055522608,0.22175366907519878
16,602.844458620134,,,mixed cyclic-ring torsional/out-of-plane deformation / cyclic-ring out-of-plane deformation / C-C-O bending,delta(C2-C1-H10),angle,0.3015645800714512,+,0.019191423743990306,0.22252656956113886
16,602.844458620134,,,mixed cyclic-ring torsional/out-of-plane deformation / cyclic-ring out-of-plane deformation / C-C-O bending,nu(C3-O4),bond,0.29946591523276167,+,0.019451888978971175,0.2150996809255757
16,602.844458620134,,,mixed cyclic-ring torsional/out-of-plane deformation / cyclic-ring out-of-plane deformation / C-C-O bending,"gamma(C6;C5,O4,H15)",oop,0.21065468696336023,+,0.018473642803181596,0.1677575110310718
16,602.844458620134,,,mixed cyclic-ring torsional/out-of-plane deformation / cyclic-ring out-of-plane deformation / C-C-O bending,delta(C2-C1-H11),angle,0.18501242991565472,+,0.015045280533882986,0.2221346249262574
16,602.844458620134,,,mixed cyclic-ring torsional/out-of-plane deformation / cyclic-ring out-of-plane deformation / C-C-O bending,nu(C3-C5),bond,0.15546378617216833,-,-0.009808029322208004,0.439219548300516
16,602.844458620134,,,mixed cyclic-ring torsional/out-of-plane deformation / cyclic-ring out-of-plane deformation / C-C-O bending,delta(C6-O7-H17),angle,0.1185952981949594,-,-0.01297814418378069,0.19136310701446652
16,602.844458620134,,,mixed cyclic-ring torsional/out-of-plane deformation / cyclic-ring out-of-plane deformation / C-C-O bending,tau(H10-C1-C2-H14),dihedral,0.08809498217330142,-,-0.011873387859647935,0.16983132350687483
16,602.844458620134,,,mixed cyclic-ring torsional/out-of-plane deformation / cyclic-ring out-of-plane deformation / C-C-O bending,delta(H13-C2-H14),angle,0.054862801325205546,-,-0.00528296519736277,0.5342424723339905
16,602.844458620134,,,mixed cyclic-ring torsional/out-of-plane deformation / cyclic-ring out-of-plane deformation / C-C-O bending,delta(O4-C3-C9),angle,0.04476501449824314,+,0.0049796571271219815,0.4906318980424579
16,602.844458620134,,,mixed cyclic-ring torsional/out-of-plane deformation / cyclic-ring out-of-plane deformation / C-C-O bending,nu(C8-C9),bond,0.04311982575495202,-,-0.00425000864260538,0.6488036770482433
16,602.844458620134,,,mixed cyclic-ring torsional/out-of-plane deformation / cyclic-ring out-of-plane deformation / C-C-O bending,tau(H16-C6-O7-H17),dihedral,0.012972007381560274,+,0.012607056736476477,0.02218174478859686
16,602.844458620134,,,mixed cyclic-ring torsional/out-of-plane deformation / cyclic-ring out-of-plane deformation / C-C-O bending,nu(C5-C6),bond,0.011470846069922436,-,-0.0032423516695945682,0.29654537103395157
16,602.844458620134,,,mixed cyclic-ring torsional/out-of-plane deformation / cyclic-ring out-of-plane deformation / C-C-O bending,nu(C6-H16),bond,0.007913828638938449,+,0.0025453830376100752,0.33196804628701443
16,602.844458620134,,,mixed cyclic-ring torsional/out-of-plane deformation / cyclic-ring out-of-plane deformation / C-C-O bending,nu(C5-H15),bond,0.00692164850541638,-,-0.0023172019213644223,0.35034644344056987
16,602.844458620134,,,mixed cyclic-ring torsional/out-of-plane deformation / cyclic-ring out-of-plane deformation / C-C-O bending,nu(C2-C3),bond,0.0014133847677916815,-,-0.0011441789872921253,0.29341911498367274
16,602.844458620134,,,mixed cyclic-ring torsional/out-of-plane deformation / cyclic-ring out-of-plane deformation / C-C-O bending,nu(C1-H12),bond,0.0012734370769683422,+,0.0010141255652031324,0.3365192870641175
16,602.844458620134,,,mixed cyclic-ring torsional/out-of-plane deformation / cyclic-ring out-of-plane deformation / C-C-O bending,tau(H12-C1-C2-C3),dihedral,0.0007829565297229382,-,-0.0011111712275646535,0.1723421900449818
16,602.844458620134,,,mixed cyclic-ring torsional/out-of-plane deformation / cyclic-ring out-of-plane deformation / C-C-O bending,nu(O7-H17),bond,0.00043826533351131006,-,-0.0004843199974041429,0.5077947994859329
16,602.844458620134,,,mixed cyclic-ring torsional/out-of-plane deformation / cyclic-ring out-of-plane deformation / C-C-O bending,nu(C1-H11),bond,0.0003130715307822754,-,-0.0005017559987987135,0.33796705053671766
16,602.844458620134,,,mixed cyclic-ring torsional/out-of-plane deformation / cyclic-ring out-of-plane deformation / C-C-O bending,nu(C9-H19),bond,0.0002452774620278084,+,0.00043015140905296645,0.3602723030176744
16,602.844458620134,,,mixed cyclic-ring torsional/out-of-plane deformation / cyclic-ring out-of-plane deformation / C-C-O bending,nu(C8-H18),bond,7.568547838565328e-05,+,0.00023895288213742475,0.3602499637414734
16,602.844458620134,,,mixed cyclic-ring torsional/out-of-plane deformation / cyclic-ring out-of-plane deformation / C-C-O bending,nu(C1-H10),bond,7.222831144610583e-05,-,-0.00024217944901397246,0.3346946884301047
16,602.844458620134,,,mixed cyclic-ring torsional/out-of-plane deformation / cyclic-ring out-of-plane deformation / C-C-O bending,nu(C2-H14),bond,1.4838924886855763e-05,+,0.00011007808895849693,0.3328255096398904
16,602.844458620134,,,mixed cyclic-ring torsional/out-of-plane deformation / cyclic-ring out-of-plane deformation / C-C-O bending,nu(C2-H13),bond,6.571203336620519e-06,-,-7.383800593352144e-05,0.32756758471856046
17,636.5005247088294,,,mixed cyclic-ring out-of-plane deformation / mixed-phase cyclic C-O stretching,"gamma(C2;C3,O4,C9)",oop,19.26370530705017,-,-0.09020211159307831,0.5903135300950473
17,636.5005247088294,,,mixed cyclic-ring out-of-plane deformation / mixed-phase cyclic C-O stretching,nu(C3-O4),bond,15.691307983057076,-,-0.13486456326768054,0.2150996809255757
17,636.5005247088294,,,mixed cyclic-ring out-of-plane deformation / mixed-phase cyclic C-O stretching,delta(C1-C2-C3),angle,12.284436922213178,+,0.08128151151950352,0.4636049159394469
17,636.5005247088294,,,mixed cyclic-ring out-of-plane deformation / mixed-phase cyclic C-O stretching,nu(C2-C3),bond,10.641917086545362,-,-0.09509417043023953,0.29341911498367274
17,636.5005247088294,,,mixed cyclic-ring out-of-plane deformation / mixed-phase cyclic C-O stretching,"gamma(C6;C5,C3,O4)",oop,5.31040991861604,-,-0.038147705343888,0.9098452403956017
17,636.5005247088294,,,mixed cyclic-ring out-of-plane deformation / mixed-phase cyclic C-O stretching,nu(C3-C9),bond,5.002253400457331,-,-0.06298770880115445,0.31436224837181065
17,636.5005247088294,,,mixed cyclic-ring out-of-plane deformation / mixed-phase cyclic C-O stretching,delta(C2-C1-H12),angle,4.669188197236032,-,-0.07286533284667747,0.21926827150728725
17,636.5005247088294,,,mixed cyclic-ring out-of-plane deformation / mixed-phase cyclic C-O stretching,tau(H11-C1-C2-H13),dihedral,3.6717853143071992,+,0.07213454383398805,0.17594098589112622
17,636.5005247088294,,,mixed cyclic-ring out-of-plane deformation / mixed-phase cyclic C-O stretching,delta(C1-C2-H14),angle,2.876626221908931,-,-0.035809113693600875,0.5593357924954511
17,636.5005247088294,,,mixed cyclic-ring out-of-plane deformation / mixed-phase cyclic C-O stretching,tau(C5-C6-C8-C9),dihedral,2.809507211662553,-,-0.03476304995178864,0.5796565217156813
17,636.5005247088294,,,mixed cyclic-ring out-of-plane deformation / mixed-phase cyclic C-O stretching,delta(C2-C3-O4),angle,2.3113756350269434,-,-0.034228729805913176,0.49188693193989014
17,636.5005247088294,,,mixed cyclic-ring out-of-plane deformation / mixed-phase cyclic C-O stretching,nu(O4-C5),bond,2.0022155031380073,+,0.03959077953126354,0.3184923710839102
17,636.5005247088294,,,mixed cyclic-ring out-of-plane deformation / mixed-phase cyclic C-O stretching,tau(C2-C3-C9-C8),dihedral,1.944585747829025,+,0.029468670945934285,0.558318887434276
17,636.5005247088294,,,mixed cyclic-ring out-of-plane deformation / mixed-phase cyclic C-O stretching,nu(C6-C8),bond,1.5479714753765184,+,0.03619099285342749,0.2946715982642608
17,636.5005247088294,,,mixed cyclic-ring out-of-plane deformation / mixed-phase cyclic C-O stretching,delta(C2-C1-H10),angle,1.4167206489733082,+,0.039841835274867975,0.22252656956113886
17,636.5005247088294,,,mixed cyclic-ring out-of-plane deformation / mixed-phase cyclic C-O stretching,delta(O4-C3-C9),angle,1.2112995027329134,+,0.02481052987389255,0.4906318980424579
17,636.5005247088294,,,mixed cyclic-ring out-of-plane deformation / mixed-phase cyclic C-O stretching,delta(C6-C8-C9),angle,1.198364071544289,+,0.017012351699677727,1.0323724235705396
17,636.5005247088294,,,mixed cyclic-ring out-of-plane deformation / mixed-phase cyclic C-O stretching,delta(C2-C1-H11),angle,0.9905035067207887,+,0.03334325849936025,0.2221346249262574
17,636.5005247088294,,,mixed cyclic-ring out-of-plane deformation / mixed-phase cyclic C-O stretching,delta(C3-C2-H14),angle,0.9497288573180136,-,-0.01980951916463364,0.6034316514517557
17,636.5005247088294,,,mixed cyclic-ring out-of-plane deformation / mixed-phase cyclic C-O stretching,"gamma(C6;C5,O4,H15)",oop,0.8880024309527922,+,0.03632906749753307,0.1677575110310718
17,636.5005247088294,,,mixed cyclic-ring out-of-plane deformation / mixed-phase cyclic C-O stretching,tau(H10-C1-C2-H14),dihedral,0.841724399924376,-,-0.03515314790196205,0.16983132350687483
17,636.5005247088294,,,mixed cyclic-ring out-of-plane deformation / mixed-phase cyclic C-O stretching,delta(C1-C2-H13),angle,0.7518130481758989,-,-0.02254124713626415,0.3689183843817206
17,636.5005247088294,,,mixed cyclic-ring out-of-plane deformation / mixed-phase cyclic C-O stretching,tau(C3-C5-C6-O7),dihedral,0.28809782679392765,+,0.016676856715018815,0.2582782931735298
17,636.5005247088294,,,mixed cyclic-ring out-of-plane deformation / mixed-phase cyclic C-O stretching,nu(C8-C9),bond,0.2681336203341944,-,-0.010150960664353448,0.6488036770482433
17,636.5005247088294,,,mixed cyclic-ring out-of-plane deformation / mixed-phase cyclic C-O stretching,nu(C5-C6),bond,0.2519823846692216,-,-0.014555518355971353,0.29654537103395157
17,636.5005247088294,,,mixed cyclic-ring out-of-plane deformation / mixed-phase cyclic C-O stretching,nu(C3-C5),bond,0.22755854309130977,+,0.011365640157322613,0.439219548300516
17,636.5005247088294,,,mixed cyclic-ring out-of-plane deformation / mixed-phase cyclic C-O stretching,delta(C5-C6-O7),angle,0.22349806186838725,+,0.01095289710351635,0.4645067893229545
17,636.5005247088294,,,mixed cyclic-ring out-of-plane deformation / mixed-phase cyclic C-O stretching,nu(C6-O7),bond,0.13263684057347155,+,0.010053818746189984,0.3271737003263393
17,636.5005247088294,,,mixed cyclic-ring out-of-plane deformation / mixed-phase cyclic C-O stretching,delta(H13-C2-H14),angle,0.08421744650887901,-,-0.00626931352236921,0.5342424723339905
17,636.5005247088294,,,mixed cyclic-ring out-of-plane deformation / mixed-phase cyclic C-O stretching,delta(O7-C6-H16),angle,0.07363190395047005,-,-0.008325373239252245,0.26487131353131593
17,636.5005247088294,,,mixed cyclic-ring out-of-plane deformation / mixed-phase cyclic C-O stretching,nu(C1-C2),bond,0.043412777547962106,-,-0.006275951887733317,0.2748113603490793
17,636.5005247088294,,,mixed cyclic-ring out-of-plane deformation / mixed-phase cyclic C-O stretching,tau(H16-C6-O7-H17),dihedral,0.04113251270708769,+,0.02150220154392971,0.02218174478859686
17,636.5005247088294,,,mixed cyclic-ring out-of-plane deformation / mixed-phase cyclic C-O stretching,delta(C9-C8-H18),angle,0.03315297942629126,-,-0.006305364206104864,0.2079115088694835
17,636.5005247088294,,,mixed cyclic-ring out-of-plane deformation / mixed-phase cyclic C-O stretching,tau(H18-C8-C9-C3),dihedral,0.01347805006195682,+,0.0072134621320328945,0.06458265171461727
17,636.5005247088294,,,mixed cyclic-ring out-of-plane deformation / mixed-phase cyclic C-O stretching,delta(C6-O7-H17),angle,0.009923964544257364,+,0.0035958507311505666,0.19136310701446652
17,636.5005247088294,,,mixed cyclic-ring out-of-plane deformation / mixed-phase cyclic C-O stretching,delta(C3-C9-H19),angle,0.007335616895633818,-,-0.00293112299091758,0.2128849100581254
17,636.5005247088294,,,mixed cyclic-ring out-of-plane deformation / mixed-phase cyclic C-O stretching,"gamma(C8;C6,O7,H16)",oop,0.006977464072436194,-,-0.0021906514525829156,0.3625161519618344
17,636.5005247088294,,,mixed cyclic-ring out-of-plane deformation / mixed-phase cyclic C-O stretching,nu(C5-H15),bond,0.005945978086600352,-,-0.002057078929266326,0.35034644344056987
17,636.5005247088294,,,mixed cyclic-ring out-of-plane deformation / mixed-phase cyclic C-O stretching,tau(C1-C2-C3-C5),dihedral,0.004022020687192371,+,0.006691492272550051,0.022396216584251973
17,636.5005247088294,,,mixed cyclic-ring out-of-plane deformation / mixed-phase cyclic C-O stretching,delta(O4-C5-H15),angle,0.003482551258909419,-,-0.001978798222942553,0.22175366907519878
17,636.5005247088294,,,mixed cyclic-ring out-of-plane deformation / mixed-phase cyclic C-O stretching,nu(C9-H19),bond,0.0026237706740449714,-,-0.0013475213630553342,0.3602723030176744
17,636.5005247088294,,,mixed cyclic-ring out-of-plane deformation / mixed-phase cyclic C-O stretching,nu(C1-H12),bond,0.001124917847189424,+,0.0009129428329499246,0.3365192870641175
17,636.5005247088294,,,mixed cyclic-ring out-of-plane deformation / mixed-phase cyclic C-O stretching,nu(O7-H17),bond,0.0006082185345902678,-,-0.0005464794823731152,0.5077947994859329
17,636.5005247088294,,,mixed cyclic-ring out-of-plane deformation / mixed-phase cyclic C-O stretching,nu(C8-H18),bond,0.0005865968620155006,-,-0.0006371710787534194,0.3602499637414734
17,636.5005247088294,,,mixed cyclic-ring out-of-plane deformation / mixed-phase cyclic C-O stretching,tau(H12-C1-C2-C3),dihedral,0.0002931942897265473,-,-0.0006512835518580348,0.1723421900449818
17,636.5005247088294,,,mixed cyclic-ring out-of-plane deformation / mixed-phase cyclic C-O stretching,nu(C6-H16),bond,0.0002506212573957166,-,-0.0004338593598383856,0.33196804628701443
17,636.5005247088294,,,mixed cyclic-ring out-of-plane deformation / mixed-phase cyclic C-O stretching,"gamma(H19;C9,C3,C8)",oop,0.0001949573316708857,-,-0.0007177157534683012,0.09436499790933232
17,636.5005247088294,,,mixed cyclic-ring out-of-plane deformation / mixed-phase cyclic C-O stretching,nu(C2-H13),bond,0.00012736349184868908,-,-0.0003113581079736598,0.32756758471856046
17,636.5005247088294,,,mixed cyclic-ring out-of-plane deformation / mixed-phase cyclic C-O stretching,nu(C1-H10),bond,6.926025190489732e-05,-,-0.0002271463608951886,0.3346946884301047
17,636.5005247088294,,,mixed cyclic-ring out-of-plane deformation / mixed-phase cyclic C-O stretching,nu(C1-H11),bond,5.13002782233957e-05,-,-0.00019454086363732603,0.33796705053671766
17,636.5005247088294,,,mixed cyclic-ring out-of-plane deformation / mixed-phase cyclic C-O stretching,nu(C2-H14),bond,6.865336457389128e-06,+,7.171512674267663e-05,0.3328255096398904
18,700.4485769886205,,,mixed opposite-phase cyclic C-O stretching / C-C torsion,nu(C3-O4),bond,19.069164777469677,-,-0.17188392912270092,0.2150996809255757
18,700.4485769886205,,,mixed opposite-phase cyclic C-O stretching / C-C torsion,nu(O4-C5),bond,16.52453181452476,+,0.13149353014155968,0.3184923710839102
18,700.4485769886205,,,mixed opposite-phase cyclic C-O stretching / C-C torsion,"gamma(C2;C3,O4,C9)",oop,12.757908837221006,+,0.08486677492587592,0.5903135300950473
18,700.4485769886205,,,mixed opposite-phase cyclic C-O stretching / C-C torsion,tau(H11-C1-C2-H13),dihedral,10.137437845408444,-,-0.13857022166345434,0.17594098589112622
18,700.4485769886205,,,mixed opposite-phase cyclic C-O stretching / C-C torsion,tau(C3-C5-C6-O7),dihedral,8.968859780134027,+,0.1075756511024417,0.2582782931735298
18,700.4485769886205,,,mixed opposite-phase cyclic C-O stretching / C-C torsion,tau(H10-C1-C2-H14),dihedral,4.207389953979052,-,-0.09086294437327014,0.16983132350687483
18,700.4485769886205,,,mixed opposite-phase cyclic C-O stretching / C-C torsion,delta(C1-C2-H14),angle,3.919755387986154,+,0.048326183356557924,0.5593357924954511
18,700.4485769886205,,,mixed opposite-phase cyclic C-O stretching / C-C torsion,delta(C2-C3-O4),angle,3.0252422589371344,+,0.04527273761971982,0.49188693193989014
18,700.4485769886205,,,mixed opposite-phase cyclic C-O stretching / C-C torsion,tau(C2-C3-C9-C8),dihedral,2.645128632288926,-,-0.03973484821673871,0.558318887434276
18,700.4485769886205,,,mixed opposite-phase cyclic C-O stretching / C-C torsion,delta(C3-C2-H14),angle,2.624097154181212,+,0.03806845330310379,0.6034316514517557
18,700.4485769886205,,,mixed opposite-phase cyclic C-O stretching / C-C torsion,nu(C6-C8),bond,2.4110927568376845,-,-0.052218830360078815,0.2946715982642608
18,700.4485769886205,,,mixed opposite-phase cyclic C-O stretching / C-C torsion,tau(C5-C6-C8-C9),dihedral,2.3582429769187088,+,0.03682122489819936,0.5796565217156813
18,700.4485769886205,,,mixed opposite-phase cyclic C-O stretching / C-C torsion,delta(C1-C2-C3),angle,1.9942347713060178,-,-0.03786199083133469,0.4636049159394469
18,700.4485769886205,,,mixed opposite-phase cyclic C-O stretching / C-C torsion,nu(C5-C6),bond,1.5325199239348333,+,0.04149987705773842,0.29654537103395157
18,700.4485769886205,,,mixed opposite-phase cyclic C-O stretching / C-C torsion,tau(C1-C2-C3-C5),dihedral,1.461030239781209,-,-0.14744552396896232,0.022396216584251973
18,700.4485769886205,,,mixed opposite-phase cyclic C-O stretching / C-C torsion,delta(O4-C3-C9),angle,1.20068079333513,+,0.028557830511194118,0.4906318980424579
18,700.4485769886205,,,mixed opposite-phase cyclic C-O stretching / C-C torsion,delta(C2-C1-H10),angle,1.1390181215355466,-,-0.04130129797271465,0.22252656956113886
18,700.4485769886205,,,mixed opposite-phase cyclic C-O stretching / C-C torsion,delta(O4-C5-H15),angle,0.777485811632838,-,-0.03418221087489868,0.22175366907519878
18,700.4485769886205,,,mixed opposite-phase cyclic C-O stretching / C-C torsion,delta(C2-C1-H12),angle,0.4096572190884454,+,0.0249523658720235,0.21926827150728725
18,700.4485769886205,,,mixed opposite-phase cyclic C-O stretching / C-C torsion,delta(C1-C2-H13),angle,0.3336538954768744,-,-0.01736090141327112,0.3689183843817206
18,700.4485769886205,,,mixed opposite-phase cyclic C-O stretching / C-C torsion,nu(C3-C5),bond,0.3188602207134076,-,-0.0155542351641441,0.439219548300516
18,700.4485769886205,,,mixed opposite-phase cyclic C-O stretching / C-C torsion,"gamma(C6;C5,C3,O4)",oop,0.3133365345157542,+,0.010712999242676333,0.9098452403956017
18,700.4485769886205,,,mixed opposite-phase cyclic C-O stretching / C-C torsion,delta(C2-C1-H11),angle,0.25500216162382544,+,0.019559291606801255,0.2221346249262574
18,700.4485769886205,,,mixed opposite-phase cyclic C-O stretching / C-C torsion,nu(C3-C9),bond,0.21170948652938745,+,0.014981120123446818,0.31436224837181065
18,700.4485769886205,,,mixed opposite-phase cyclic C-O stretching / C-C torsion,tau(H12-C1-C2-C3),dihedral,0.19613875808640807,-,-0.019474899576163992,0.1723421900449818
18,700.4485769886205,,,mixed opposite-phase cyclic C-O stretching / C-C torsion,nu(C1-C2),bond,0.16884307287167086,-,-0.014309142307470121,0.2748113603490793
18,700.4485769886205,,,mixed opposite-phase cyclic C-O stretching / C-C torsion,delta(O7-C6-H16),angle,0.16237785299112797,+,0.014293390363488506,0.26487131353131593
18,700.4485769886205,,,mixed opposite-phase cyclic C-O stretching / C-C torsion,delta(C5-C6-O7),angle,0.16222110033136297,-,-0.010788149555650866,0.4645067893229545
18,700.4485769886205,,,mixed opposite-phase cyclic C-O stretching / C-C torsion,delta(C6-O7-H17),angle,0.16058684452796176,-,-0.016723038725176543,0.19136310701446652
18,700.4485769886205,,,mixed opposite-phase cyclic C-O stretching / C-C torsion,tau(H16-C6-O7-H17),dihedral,0.10329802480041192,+,0.039394670883889885,0.02218174478859686
18,700.4485769886205,,,mixed opposite-phase cyclic C-O stretching / C-C torsion,delta(C6-C8-C9),angle,0.09826408304021876,-,-0.005632076242998944,1.0323724235705396
18,700.4485769886205,,,mixed opposite-phase cyclic C-O stretching / C-C torsion,delta(H13-C2-H14),angle,0.08687445240404688,+,0.007361497252888078,0.5342424723339905
18,700.4485769886205,,,mixed opposite-phase cyclic C-O stretching / C-C torsion,delta(C3-C9-H19),angle,0.05921375462303419,-,-0.009627824844178326,0.2128849100581254
18,700.4485769886205,,,mixed opposite-phase cyclic C-O stretching / C-C torsion,tau(H18-C8-C9-C3),dihedral,0.05194214298037427,-,-0.01637160716773513,0.06458265171461727
18,700.4485769886205,,,mixed opposite-phase cyclic C-O stretching / C-C torsion,delta(C9-C8-H18),angle,0.048971722407850846,-,-0.008859776053791006,0.2079115088694835
18,700.4485769886205,,,mixed opposite-phase cyclic C-O stretching / C-C torsion,nu(C5-H15),bond,0.0477459474507155,-,-0.006739205837740632,0.35034644344056987
18,700.4485769886205,,,mixed opposite-phase cyclic C-O stretching / C-C torsion,nu(C6-O7),bond,0.04016663874275365,-,-0.006396359609978823,0.3271737003263393
18,700.4485769886205,,,mixed opposite-phase cyclic C-O stretching / C-C torsion,"gamma(C8;C6,O7,H16)",oop,0.010820443098852061,+,0.0031539017647385283,0.3625161519618344
18,700.4485769886205,,,mixed opposite-phase cyclic C-O stretching / C-C torsion,"gamma(C6;C5,O4,H15)",oop,0.0024749510553326516,+,0.002217336675435455,0.1677575110310718
18,700.4485769886205,,,mixed opposite-phase cyclic C-O stretching / C-C torsion,nu(C6-H16),bond,0.0010200412877820557,+,0.00101192902811803,0.33196804628701443
18,700.4485769886205,,,mixed opposite-phase cyclic C-O stretching / C-C torsion,nu(C1-H12),bond,0.0007275056037710216,-,-0.0008487944113887726,0.3365192870641175
18,700.4485769886205,,,mixed opposite-phase cyclic C-O stretching / C-C torsion,nu(C8-H18),bond,0.0006805688418192212,-,-0.0007934569676857834,0.3602499637414734
18,700.4485769886205,,,mixed opposite-phase cyclic C-O stretching / C-C torsion,"gamma(H19;C9,C3,C8)",oop,0.0005275588938163295,+,0.0013649581224523246,0.09436499790933232
18,700.4485769886205,,,mixed opposite-phase cyclic C-O stretching / C-C torsion,nu(C1-H10),bond,0.00031597877573096174,+,0.0005609108824269369,0.3346946884301047
18,700.4485769886205,,,mixed opposite-phase cyclic C-O stretching / C-C torsion,nu(C2-H13),bond,0.00024346655438949277,-,-0.0004976895426887418,0.32756758471856046
18,700.4485769886205,,,mixed opposite-phase cyclic C-O stretching / C-C torsion,nu(C1-H11),bond,0.0001924130452253261,+,0.00043558146952458977,0.33796705053671766
18,700.4485769886205,,,mixed opposite-phase cyclic C-O stretching / C-C torsion,nu(C2-C3),bond,0.00014543057334825502,+,0.00040641803972729364,0.29341911498367274
18,700.4485769886205,,,mixed opposite-phase cyclic C-O stretching / C-C torsion,nu(C8-C9),bond,7.266882557109555e-05,-,-0.00019319982980977595,0.6488036770482433
18,700.4485769886205,,,mixed opposite-phase cyclic C-O stretching / C-C torsion,nu(O7-H17),bond,5.1753635202850914e-05,-,-0.00018429587969363587,0.5077947994859329
18,700.4485769886205,,,mixed opposite-phase cyclic C-O stretching / C-C torsion,nu(C2-H14),bond,2.7394103885101255e-05,-,-0.00016561877436721946,0.3328255096398904
18,700.4485769886205,,,mixed opposite-phase cyclic C-O stretching / C-C torsion,nu(C9-H19),bond,1.4075087287331675e-05,-,-0.00011410362202986993,0.3602723030176744
19,747.7751327186426,,,mixed ring-site C-H out-of-plane bending / cyclic-ring out-of-plane deformation,"gamma(H19;C9,C3,C8)",oop,27.595941376487897,-,-0.3055896983602671,0.09436499790933232
19,747.7751327186426,,,mixed ring-site C-H out-of-plane bending / cyclic-ring out-of-plane deformation,tau(H18-C8-C9-C3),dihedral,27.146094063848793,-,-0.3663678101525992,0.06458265171461727
19,747.7751327186426,,,mixed ring-site C-H out-of-plane bending / cyclic-ring out-of-plane deformation,"gamma(C6;C5,C3,O4)",oop,10.996579576883372,+,0.06212503081548166,0.9098452403956017
19,747.7751327186426,,,mixed ring-site C-H out-of-plane bending / cyclic-ring out-of-plane deformation,"gamma(C8;C6,O7,H16)",oop,5.005981104377838,+,0.0664052616962009,0.3625161519618344
19,747.7751327186426,,,mixed ring-site C-H out-of-plane bending / cyclic-ring out-of-plane deformation,nu(C3-O4),bond,4.839012660017387,+,0.08475787627582787,0.2150996809255757
19,747.7751327186426,,,mixed ring-site C-H out-of-plane bending / cyclic-ring out-of-plane deformation,nu(C3-C9),bond,3.3505589890450977,-,-0.05833981012662136,0.31436224837181065
19,747.7751327186426,,,mixed ring-site C-H out-of-plane bending / cyclic-ring out-of-plane deformation,delta(O4-C3-C9),angle,3.1160711408511315,+,0.04503470915367566,0.4906318980424579
19,747.7751327186426,,,mixed ring-site C-H out-of-plane bending / cyclic-ring out-of-plane deformation,tau(C5-C6-C8-C9),dihedral,3.0010348141162337,+,0.04066040721581718,0.5796565217156813
19,747.7751327186426,,,mixed ring-site C-H out-of-plane bending / cyclic-ring out-of-plane deformation,nu(C3-C5),bond,1.9291629568394948,-,-0.0374511533513903,0.439219548300516
19,747.7751327186426,,,mixed ring-site C-H out-of-plane bending / cyclic-ring out-of-plane deformation,nu(C6-C8),bond,1.6907013036795748,+,0.04280414974237108,0.2946715982642608
19,747.7751327186426,,,mixed ring-site C-H out-of-plane bending / cyclic-ring out-of-plane deformation,delta(C9-C8-H18),angle,1.6689663160679586,-,-0.05062978590897841,0.2079115088694835
19,747.7751327186426,,,mixed ring-site C-H out-of-plane bending / cyclic-ring out-of-plane deformation,nu(C5-C6),bond,1.496726227836726,+,0.04014645294764092,0.29654537103395157
19,747.7751327186426,,,mixed ring-site C-H out-of-plane bending / cyclic-ring out-of-plane deformation,nu(C2-C3),bond,1.2805327650688965,-,-0.037331265848849916,0.29341911498367274
19,747.7751327186426,,,mixed ring-site C-H out-of-plane bending / cyclic-ring out-of-plane deformation,nu(C6-O7),bond,0.9713227371375763,+,0.03079031661941391,0.3271737003263393
19,747.7751327186426,,,mixed ring-site C-H out-of-plane bending / cyclic-ring out-of-plane deformation,delta(C2-C3-O4),angle,0.860876820615313,-,-0.02364065118740553,0.49188693193989014
19,747.7751327186426,,,mixed ring-site C-H out-of-plane bending / cyclic-ring out-of-plane deformation,tau(C2-C3-C9-C8),dihedral,0.8166332433421764,+,0.02161194919138252,0.558318887434276
19,747.7751327186426,,,mixed ring-site C-H out-of-plane bending / cyclic-ring out-of-plane deformation,nu(O4-C5),bond,0.7192165975151518,+,0.02685356217342123,0.3184923710839102
19,747.7751327186426,,,mixed ring-site C-H out-of-plane bending / cyclic-ring out-of-plane deformation,delta(C6-C8-C9),angle,0.5856771871637488,+,0.013459611565311298,1.0323724235705396
19,747.7751327186426,,,mixed ring-site C-H out-of-plane bending / cyclic-ring out-of-plane deformation,"gamma(C6;C5,O4,H15)",oop,0.5143288192264098,+,0.031289672180137,0.1677575110310718
19,747.7751327186426,,,mixed ring-site C-H out-of-plane bending / cyclic-ring out-of-plane deformation,tau(C3-C5-C6-O7),dihedral,0.4730192703313363,+,0.024183381848217278,0.2582782931735298
19,747.7751327186426,,,mixed ring-site C-H out-of-plane bending / cyclic-ring out-of-plane deformation,delta(C5-C6-O7),angle,0.38731501092259085,-,-0.016317653308408762,0.4645067893229545
19,747.7751327186426,,,mixed ring-site C-H out-of-plane bending / cyclic-ring out-of-plane deformation,delta(C2-C1-H12),angle,0.23973308336381585,-,-0.01868519606542422,0.21926827150728725
19,747.7751327186426,,,mixed ring-site C-H out-of-plane bending / cyclic-ring out-of-plane deformation,nu(C8-C9),bond,0.20765971849864598,+,0.010109764740691808,0.6488036770482433
19,747.7751327186426,,,mixed ring-site C-H out-of-plane bending / cyclic-ring out-of-plane deformation,"gamma(C2;C3,O4,C9)",oop,0.15844104618718466,+,0.009257933400173965,0.5903135300950473
19,747.7751327186426,,,mixed ring-site C-H out-of-plane bending / cyclic-ring out-of-plane deformation,delta(C3-C2-H14),angle,0.12063781762947114,+,0.00799004569747753,0.6034316514517557
19,747.7751327186426,,,mixed ring-site C-H out-of-plane bending / cyclic-ring out-of-plane deformation,delta(C1-C2-C3),angle,0.11432209746119844,+,0.008873861496279237,0.4636049159394469
19,747.7751327186426,,,mixed ring-site C-H out-of-plane bending / cyclic-ring out-of-plane deformation,tau(H10-C1-C2-H14),dihedral,0.10435851090633014,-,-0.014008015381695292,0.16983132350687483
19,747.7751327186426,,,mixed ring-site C-H out-of-plane bending / cyclic-ring out-of-plane deformation,delta(C6-O7-H17),angle,0.08651123645587924,-,-0.012015136886407533,0.19136310701446652
19,747.7751327186426,,,mixed ring-site C-H out-of-plane bending / cyclic-ring out-of-plane deformation,nu(C1-C2),bond,0.07547701065660259,-,-0.009365081794830367,0.2748113603490793
19,747.7751327186426,,,mixed ring-site C-H out-of-plane bending / cyclic-ring out-of-plane deformation,delta(C1-C2-H13),angle,0.07151659366352804,-,-0.007867918119923214,0.3689183843817206
19,747.7751327186426,,,mixed ring-site C-H out-of-plane bending / cyclic-ring out-of-plane deformation,delta(O4-C5-H15),angle,0.06781985709200951,-,-0.009882449375343959,0.22175366907519878
19,747.7751327186426,,,mixed ring-site C-H out-of-plane bending / cyclic-ring out-of-plane deformation,delta(C2-C1-H10),angle,0.055825150475966055,+,0.008950464718295999,0.22252656956113886
19,747.7751327186426,,,mixed ring-site C-H out-of-plane bending / cyclic-ring out-of-plane deformation,tau(H12-C1-C2-C3),dihedral,0.05034843274796674,+,0.009658701504151823,0.1723421900449818
19,747.7751327186426,,,mixed ring-site C-H out-of-plane bending / cyclic-ring out-of-plane deformation,delta(C3-C9-H19),angle,0.04588888482387287,-,-0.008296652167689694,0.2128849100581254
19,747.7751327186426,,,mixed ring-site C-H out-of-plane bending / cyclic-ring out-of-plane deformation,delta(C2-C1-H11),angle,0.0352606236682695,+,0.0071196465775347955,0.2221346249262574
19,747.7751327186426,,,mixed ring-site C-H out-of-plane bending / cyclic-ring out-of-plane deformation,delta(O7-C6-H16),angle,0.032380126747849805,-,-0.006248033937321151,0.26487131353131593
19,747.7751327186426,,,mixed ring-site C-H out-of-plane bending / cyclic-ring out-of-plane deformation,tau(H11-C1-C2-H13),dihedral,0.02144400681100587,+,0.006238655836656737,0.17594098589112622
19,747.7751327186426,,,mixed ring-site C-H out-of-plane bending / cyclic-ring out-of-plane deformation,delta(C1-C2-H14),angle,0.015868480533936982,-,-0.0030099060254966106,0.5593357924954511
19,747.7751327186426,,,mixed ring-site C-H out-of-plane bending / cyclic-ring out-of-plane deformation,delta(H13-C2-H14),angle,0.015336387079393618,+,0.0030277073500838184,0.5342424723339905
19,747.7751327186426,,,mixed ring-site C-H out-of-plane bending / cyclic-ring out-of-plane deformation,tau(H16-C6-O7-H17),dihedral,0.014300720457157409,-,-0.014348373620020066,0.02218174478859686
19,747.7751327186426,,,mixed ring-site C-H out-of-plane bending / cyclic-ring out-of-plane deformation,nu(C6-H16),bond,0.006652230038157491,-,-0.00252963032248264,0.33196804628701443
19,747.7751327186426,,,mixed ring-site C-H out-of-plane bending / cyclic-ring out-of-plane deformation,nu(C8-H18),bond,0.005698657354496847,+,0.00224753192692178,0.3602499637414734
19,747.7751327186426,,,mixed ring-site C-H out-of-plane bending / cyclic-ring out-of-plane deformation,nu(O7-H17),bond,0.0032233274046037336,+,0.0014237366214588604,0.5077947994859329
19,747.7751327186426,,,mixed ring-site C-H out-of-plane bending / cyclic-ring out-of-plane deformation,nu(C5-H15),bond,0.003027051675355735,-,-0.0016610497155938055,0.35034644344056987
19,747.7751327186426,,,mixed ring-site C-H out-of-plane bending / cyclic-ring out-of-plane deformation,tau(C1-C2-C3-C5),dihedral,0.001059171278260432,+,0.003886130124751537,0.022396216584251973
19,747.7751327186426,,,mixed ring-site C-H out-of-plane bending / cyclic-ring out-of-plane deformation,nu(C2-H14),bond,0.0007544435054392081,-,-0.0008507983315412628,0.3328255096398904
19,747.7751327186426,,,mixed ring-site C-H out-of-plane bending / cyclic-ring out-of-plane deformation,nu(C2-H13),bond,0.00046040445221899796,+,0.0006699476504438153,0.32756758471856046
19,747.7751327186426,,,mixed ring-site C-H out-of-plane bending / cyclic-ring out-of-plane deformation,nu(C1-H11),bond,0.0001636672584609085,-,-0.00039324688695164606,0.33796705053671766
19,747.7751327186426,,,mixed ring-site C-H out-of-plane bending / cyclic-ring out-of-plane deformation,nu(C9-H19),bond,6.869845877305699e-05,+,0.00024676276580966984,0.3602723030176744
19,747.7751327186426,,,mixed ring-site C-H out-of-plane bending / cyclic-ring out-of-plane deformation,nu(C1-H12),bond,7.220467603605353e-06,-,-8.277501193610883e-05,0.3365192870641175
19,747.7751327186426,,,mixed ring-site C-H out-of-plane bending / cyclic-ring out-of-plane deformation,nu(C1-H10),bond,2.36147180701881e-06,-,-4.746664569037673e-05,0.3346946884301047
20,784.5059236100414,,,mixed C-H bending / C-C torsion,delta(C1-C2-H14),angle,19.73159031531477,+,0.15643711111796443,0.5593357924954511
20,784.5059236100414,,,mixed C-H bending / C-C torsion,tau(H10-C1-C2-H14),dihedral,15.070088984103023,-,-0.24810988040993404,0.16983132350687483
20,784.5059236100414,,,mixed C-H bending / C-C torsion,tau(H11-C1-C2-H13),dihedral,14.76800339703362,-,-0.241308394013251,0.17594098589112622
20,784.5059236100414,,,mixed C-H bending / C-C torsion,delta(C1-C2-H13),angle,14.048472123297136,-,-0.1625340832776673,0.3689183843817206
20,784.5059236100414,,,mixed C-H bending / C-C torsion,delta(C3-C2-H14),angle,7.628373059462031,+,0.09364766794370595,0.6034316514517557
20,784.5059236100414,,,mixed C-H bending / C-C torsion,delta(C2-C1-H10),angle,7.464705477458804,-,-0.15254938116356778,0.22252656956113886
20,784.5059236100414,,,mixed C-H bending / C-C torsion,delta(C2-C1-H11),angle,7.3342194038359,+,0.15134353283789131,0.2221346249262574
20,784.5059236100414,,,mixed C-H bending / C-C torsion,tau(H12-C1-C2-C3),dihedral,3.7128146693461064,+,0.12225056642892779,0.1723421900449818
20,784.5059236100414,,,mixed C-H bending / C-C torsion,nu(C3-C9),bond,3.1067076108034515,+,0.08279994449522185,0.31436224837181065
20,784.5059236100414,,,mixed C-H bending / C-C torsion,"gamma(H19;C9,C3,C8)",oop,1.2154371519229379,-,-0.09452699117625872,0.09436499790933232
20,784.5059236100414,,,mixed C-H bending / C-C torsion,tau(H18-C8-C9-C3),dihedral,0.9196315342360927,-,-0.0993903086109944,0.06458265171461727
20,784.5059236100414,,,mixed C-H bending / C-C torsion,nu(C5-C6),bond,0.894877143186502,-,-0.04575422265382043,0.29654537103395157
20,784.5059236100414,,,mixed C-H bending / C-C torsion,nu(O4-C5),bond,0.8100614345067599,-,-0.04200534049503291,0.3184923710839102
20,784.5059236100414,,,mixed C-H bending / C-C torsion,nu(C3-O4),bond,0.5913281057090232,-,-0.043670626838902764,0.2150996809255757
20,784.5059236100414,,,mixed C-H bending / C-C torsion,delta(C2-C3-O4),angle,0.45744567857119917,-,-0.02539990956617571,0.49188693193989014
20,784.5059236100414,,,mixed C-H bending / C-C torsion,nu(C3-C5),bond,0.37844077059268916,+,0.02444855392370804,0.439219548300516
20,784.5059236100414,,,mixed C-H bending / C-C torsion,nu(C6-C8),bond,0.29868618115462586,+,0.02651755473158642,0.2946715982642608
20,784.5059236100414,,,mixed C-H bending / C-C torsion,tau(C5-C6-C8-C9),dihedral,0.2504970561409295,-,-0.017314541596169117,0.5796565217156813
20,784.5059236100414,,,mixed C-H bending / C-C torsion,delta(C3-C9-H19),angle,0.22852801386530744,+,0.02728929596732566,0.2128849100581254
20,784.5059236100414,,,mixed C-H bending / C-C torsion,delta(O4-C3-C9),angle,0.1766544146441396,+,0.015804450681768275,0.4906318980424579
20,784.5059236100414,,,mixed C-H bending / C-C torsion,tau(C3-C5-C6-O7),dihedral,0.1639994372260306,-,-0.02098805884235482,0.2582782931735298
20,784.5059236100414,,,mixed C-H bending / C-C torsion,"gamma(C6;C5,C3,O4)",oop,0.1351408624789633,-,-0.010150901824956694,0.9098452403956017
20,784.5059236100414,,,mixed C-H bending / C-C torsion,delta(C9-C8-H18),angle,0.09745254258647078,+,0.018032351745271923,0.2079115088694835
20,784.5059236100414,,,mixed C-H bending / C-C torsion,tau(C2-C3-C9-C8),dihedral,0.09676620166866066,+,0.010965179241741929,0.558318887434276
20,784.5059236100414,,,mixed C-H bending / C-C torsion,delta(C6-O7-H17),angle,0.06831630116221096,+,0.015737223527354183,0.19136310701446652
20,784.5059236100414,,,mixed C-H bending / C-C torsion,delta(C5-C6-O7),angle,0.06432156145654688,+,0.009801156061250331,0.4645067893229545
20,784.5059236100414,,,mixed C-H bending / C-C torsion,delta(O7-C6-H16),angle,0.060551458472963275,-,-0.012593309866749537,0.26487131353131593
20,784.5059236100414,,,mixed C-H bending / C-C torsion,"gamma(C8;C6,O7,H16)",oop,0.05779754867889413,-,-0.010516859624103782,0.3625161519618344
20,784.5059236100414,,,mixed C-H bending / C-C torsion,delta(O4-C5-H15),angle,0.05500736200320853,+,0.013118073198612629,0.22175366907519878
20,784.5059236100414,,,mixed C-H bending / C-C torsion,nu(C8-C9),bond,0.01705462183563272,+,0.004270310396692139,0.6488036770482433
20,784.5059236100414,,,mixed C-H bending / C-C torsion,tau(H16-C6-O7-H17),dihedral,0.017024441536231154,-,-0.023074570881462877,0.02218174478859686
20,784.5059236100414,,,mixed C-H bending / C-C torsion,nu(C2-C3),bond,0.0145308692862459,+,0.005861336361346104,0.29341911498367274
20,784.5059236100414,,,mixed C-H bending / C-C torsion,delta(C6-C8-C9),angle,0.009552363620001279,+,0.0025335662986296628,1.0323724235705396
20,784.5059236100414,,,mixed C-H bending / C-C torsion,nu(C2-H13),bond,0.007670771884008183,+,0.004030548233632237,0.32756758471856046
20,784.5059236100414,,,mixed C-H bending / C-C torsion,nu(C6-O7),bond,0.0076156052827897214,+,0.004018445368519721,0.3271737003263393
20,784.5059236100414,,,mixed C-H bending / C-C torsion,"gamma(C6;C5,O4,H15)",oop,0.007383072510043257,+,0.00552551329178844,0.1677575110310718
20,784.5059236100414,,,mixed C-H bending / C-C torsion,"gamma(C2;C3,O4,C9)",oop,0.006987898107163582,-,-0.0028656751737242254,0.5903135300950473
20,784.5059236100414,,,mixed C-H bending / C-C torsion,nu(C2-H14),bond,0.005203071841565146,-,-0.00329318900301539,0.3328255096398904
20,784.5059236100414,,,mixed C-H bending / C-C torsion,nu(C1-H11),bond,0.0037888407046200397,-,-0.002788759357508269,0.33796705053671766
20,784.5059236100414,,,mixed C-H bending / C-C torsion,nu(C1-H10),bond,0.0033482124339320493,+,0.0026343722347735416,0.3346946884301047
20,784.5059236100414,,,mixed C-H bending / C-C torsion,tau(C1-C2-C3-C5),dihedral,0.00332926605557989,-,-0.010155047757604794,0.022396216584251973
20,784.5059236100414,,,mixed C-H bending / C-C torsion,nu(C9-H19),bond,0.0027866160177570246,+,0.0023164246341094382,0.3602723030176744
20,784.5059236100414,,,mixed C-H bending / C-C torsion,nu(C1-C2),bond,0.0021010017050363317,+,0.0023029839409059154,0.2748113603490793
20,784.5059236100414,,,mixed C-H bending / C-C torsion,nu(C8-H18),bond,0.0019640265588397954,+,0.0019447633139421448,0.3602499637414734
20,784.5059236100414,,,mixed C-H bending / C-C torsion,delta(C2-C1-H12),angle,0.0017790928310616998,+,0.002372501285467929,0.21926827150728725
20,784.5059236100414,,,mixed C-H bending / C-C torsion,delta(H13-C2-H14),angle,0.0009218762875906692,-,-0.0010941129652821083,0.5342424723339905
20,784.5059236100414,,,mixed C-H bending / C-C torsion,nu(C5-H15),bond,0.00054661072865276,+,0.0010403638840280982,0.35034644344056987
20,784.5059236100414,,,mixed C-H bending / C-C torsion,nu(O7-H17),bond,0.0003384285717610895,-,-0.0006799616737931136,0.5077947994859329
20,784.5059236100414,,,mixed C-H bending / C-C torsion,delta(C1-C2-C3),angle,0.00010474694096999752,-,-0.00039590565599585453,0.4636049159394469
20,784.5059236100414,,,mixed C-H bending / C-C torsion,nu(C6-H16),bond,3.0950310448132066e-05,-,-0.0002543193539316025,0.33196804628701443
20,784.5059236100414,,,mixed C-H bending / C-C torsion,nu(C1-H12),bond,2.1814031042248438e-05,+,0.0002120596456819576,0.3365192870641175
21,854.924459641783,,,mixed C-H bending / mixed-phase cyclic C-C stretching,nu(C3-O4),bond,10.058354924163229,+,0.16099469219289536,0.2150996809255757
21,854.924459641783,,,mixed C-H bending / mixed-phase cyclic C-C stretching,nu(C3-C5),bond,9.25277524813406,-,-0.10805954614051823,0.439219548300516
21,854.924459641783,,,mixed C-H bending / mixed-phase cyclic C-C stretching,delta(C1-C2-H13),angle,8.655221587375694,-,-0.11403598271650632,0.3689183843817206
21,854.924459641783,,,mixed C-H bending / mixed-phase cyclic C-C stretching,"gamma(C2;C3,O4,C9)",oop,7.845224801545794,-,-0.08582805890880896,0.5903135300950473
21,854.924459641783,,,mixed C-H bending / mixed-phase cyclic C-C stretching,nu(C3-C9),bond,7.054127040655842,-,-0.11152555888522021,0.31436224837181065
21,854.924459641783,,,mixed C-H bending / mixed-phase cyclic C-C stretching,delta(C2-C1-H11),angle,6.5191734523125815,+,0.12754284543382402,0.2221346249262574
21,854.924459641783,,,mixed C-H bending / mixed-phase cyclic C-C stretching,delta(O4-C3-C9),angle,6.030317904975995,-,-0.08253918510843943,0.4906318980424579
21,854.924459641783,,,mixed C-H bending / mixed-phase cyclic C-C stretching,tau(H18-C8-C9-C3),dihedral,5.1481488596917915,+,0.21020138569043922,0.06458265171461727
21,854.924459641783,,,mixed C-H bending / mixed-phase cyclic C-C stretching,delta(C6-C8-C9),angle,4.5300893852433495,-,-0.04931773822350143,1.0323724235705396
21,854.924459641783,,,mixed C-H bending / mixed-phase cyclic C-C stretching,delta(C1-C2-H14),angle,3.921295943175155,+,0.06233708176782732,0.5593357924954511
21,854.924459641783,,,mixed C-H bending / mixed-phase cyclic C-C stretching,"gamma(H19;C9,C3,C8)",oop,3.756573624585838,+,0.14854514026212684,0.09436499790933232
21,854.924459641783,,,mixed C-H bending / mixed-phase cyclic C-C stretching,tau(H10-C1-C2-H14),dihedral,3.611894430231155,-,-0.10857418799080663,0.16983132350687483
21,854.924459641783,,,mixed C-H bending / mixed-phase cyclic C-C stretching,tau(C2-C3-C9-C8),dihedral,3.3435344712006865,+,0.05761422251526074,0.558318887434276
21,854.924459641783,,,mixed C-H bending / mixed-phase cyclic C-C stretching,tau(H12-C1-C2-C3),dihedral,3.2667274284586227,+,0.10250111952173853,0.1723421900449818
21,854.924459641783,,,mixed C-H bending / mixed-phase cyclic C-C stretching,delta(C2-C3-O4),angle,2.5731009234111024,-,-0.053847275092239945,0.49188693193989014
21,854.924459641783,,,mixed C-H bending / mixed-phase cyclic C-C stretching,delta(C2-C1-H12),angle,2.428783552963467,-,-0.0783563997382981,0.21926827150728725
21,854.924459641783,,,mixed C-H bending / mixed-phase cyclic C-C stretching,nu(C5-C6),bond,2.2176313929014584,+,0.06438238619445741,0.29654537103395157
21,854.924459641783,,,mixed C-H bending / mixed-phase cyclic C-C stretching,delta(C1-C2-C3),angle,1.8829851777451523,+,0.04744794389555799,0.4636049159394469
21,854.924459641783,,,mixed C-H bending / mixed-phase cyclic C-C stretching,nu(C2-C3),bond,1.520460942346445,-,-0.05359341061178603,0.29341911498367274
21,854.924459641783,,,mixed C-H bending / mixed-phase cyclic C-C stretching,delta(C2-C1-H10),angle,1.469145320499832,-,-0.06049359641936067,0.22252656956113886
21,854.924459641783,,,mixed C-H bending / mixed-phase cyclic C-C stretching,delta(C3-C9-H19),angle,1.169690757528507,-,-0.05518627146922092,0.2128849100581254
21,854.924459641783,,,mixed C-H bending / mixed-phase cyclic C-C stretching,tau(C3-C5-C6-O7),dihedral,0.9051957056043378,-,-0.04407529742278367,0.2582782931735298
21,854.924459641783,,,mixed C-H bending / mixed-phase cyclic C-C stretching,tau(C5-C6-C8-C9),dihedral,0.8449909607165657,-,-0.0284255339529881,0.5796565217156813
21,854.924459641783,,,mixed C-H bending / mixed-phase cyclic C-C stretching,delta(C5-C6-O7),angle,0.42516502646412313,+,0.022524268535036765,0.4645067893229545
21,854.924459641783,,,mixed C-H bending / mixed-phase cyclic C-C stretching,nu(C1-C2),bond,0.3811437458417839,-,-0.02772649810099659,0.2748113603490793
21,854.924459641783,,,mixed C-H bending / mixed-phase cyclic C-C stretching,nu(C6-C8),bond,0.3500630078066557,-,-0.025660902922253877,0.2946715982642608
21,854.924459641783,,,mixed C-H bending / mixed-phase cyclic C-C stretching,delta(O4-C5-H15),angle,0.26653624548747057,+,0.025811348451002636,0.22175366907519878
21,854.924459641783,,,mixed C-H bending / mixed-phase cyclic C-C stretching,tau(C1-C2-C3-C5),dihedral,0.2529019184769675,+,0.07911461073691074,0.022396216584251973
21,854.924459641783,,,mixed C-H bending / mixed-phase cyclic C-C stretching,delta(H13-C2-H14),angle,0.08633569876952703,-,-0.009464419059410898,0.5342424723339905
21,854.924459641783,,,mixed C-H bending / mixed-phase cyclic C-C stretching,delta(C3-C2-H14),angle,0.03965030137497742,+,0.006034998496503876,0.6034316514517557
21,854.924459641783,,,mixed C-H bending / mixed-phase cyclic C-C stretching,nu(C6-O7),bond,0.03505968412629736,-,-0.007706954048109611,0.3271737003263393
21,854.924459641783,,,mixed C-H bending / mixed-phase cyclic C-C stretching,delta(C9-C8-H18),angle,0.026377221944945028,-,-0.008385775369273861,0.2079115088694835
21,854.924459641783,,,mixed C-H bending / mixed-phase cyclic C-C stretching,delta(O7-C6-H16),angle,0.023038306405081962,-,-0.006943457401036778,0.26487131353131593
21,854.924459641783,,,mixed C-H bending / mixed-phase cyclic C-C stretching,nu(C8-C9),bond,0.017595345424160747,-,-0.0038771286358310238,0.6488036770482433
21,854.924459641783,,,mixed C-H bending / mixed-phase cyclic C-C stretching,nu(O4-C5),bond,0.014933884743079277,+,0.005098058839587829,0.3184923710839102
21,854.924459641783,,,mixed C-H bending / mixed-phase cyclic C-C stretching,"gamma(C6;C5,C3,O4)",oop,0.011978683180265412,-,-0.0027013990235277762,0.9098452403956017
21,854.924459641783,,,mixed C-H bending / mixed-phase cyclic C-C stretching,nu(C1-H11),bond,0.011328898655739147,-,-0.004310470012540765,0.33796705053671766
21,854.924459641783,,,mixed C-H bending / mixed-phase cyclic C-C stretching,nu(C9-H19),bond,0.01075159528801592,-,-0.004067138663129952,0.3602723030176744
21,854.924459641783,,,mixed C-H bending / mixed-phase cyclic C-C stretching,delta(C6-O7-H17),angle,0.010510004097884156,+,0.005517474045201173,0.19136310701446652
21,854.924459641783,,,mixed C-H bending / mixed-phase cyclic C-C stretching,"gamma(C6;C5,O4,H15)",oop,0.008822888834688035,-,-0.005399236855622589,0.1677575110310718
21,854.924459641783,,,mixed C-H bending / mixed-phase cyclic C-C stretching,nu(C2-H13),bond,0.007514473196090734,+,0.0035658804066320943,0.32756758471856046
21,854.924459641783,,,mixed C-H bending / mixed-phase cyclic C-C stretching,nu(C8-H18),bond,0.0051882677448973425,-,-0.00282538204016032,0.3602499637414734
21,854.924459641783,,,mixed C-H bending / mixed-phase cyclic C-C stretching,tau(H11-C1-C2-H13),dihedral,0.0025198484744312043,+,0.0028175502191638948,0.17594098589112622
21,854.924459641783,,,mixed C-H bending / mixed-phase cyclic C-C stretching,"gamma(C8;C6,O7,H16)",oop,0.0024198982186341934,+,0.0019235471325198337,0.3625161519618344
21,854.924459641783,,,mixed C-H bending / mixed-phase cyclic C-C stretching,nu(C2-H14),bond,0.0020286601654694886,-,-0.001838079582644226,0.3328255096398904
21,854.924459641783,,,mixed C-H bending / mixed-phase cyclic C-C stretching,tau(H16-C6-O7-H17),dihedral,0.0006036305459369469,-,-0.003883789785510548,0.02218174478859686
21,854.924459641783,,,mixed C-H bending / mixed-phase cyclic C-C stretching,nu(C5-H15),bond,0.0005920282143359549,+,0.000967810453493625,0.35034644344056987
21,854.924459641783,,,mixed C-H bending / mixed-phase cyclic C-C stretching,nu(C1-H12),bond,0.0005875110994759943,+,0.0009837189122138472,0.3365192870641175
21,854.924459641783,,,mixed C-H bending / mixed-phase cyclic C-C stretching,nu(C1-H10),bond,0.00046163924910717024,+,0.0008743693306139348,0.3346946884301047
21,854.924459641783,,,mixed C-H bending / mixed-phase cyclic C-C stretching,nu(O7-H17),bond,0.00044285199176273185,+,0.000695269438445214,0.5077947994859329
21,854.924459641783,,,mixed C-H bending / mixed-phase cyclic C-C stretching,nu(C6-H16),bond,4.898711565192445e-06,-,-9.044004219440561e-05,0.33196804628701443
22,859.5498486467006,,,mixed cyclic-ring out-of-plane deformation / cyclic-ring deformation (C-C-C bend),"gamma(C6;C5,C3,O4)",oop,28.86658418494722,+,0.12364398591050445,0.9098452403956017
22,859.5498486467006,,,mixed cyclic-ring out-of-plane deformation / cyclic-ring deformation (C-C-C bend),delta(C6-C8-C9),angle,27.18539594246538,+,0.11264416400951362,1.0323724235705396
22,859.5498486467006,,,mixed cyclic-ring out-of-plane deformation / cyclic-ring deformation (C-C-C bend),nu(C5-C6),bond,6.499298620299599,-,-0.10276535664857708,0.29654537103395157
22,859.5498486467006,,,mixed cyclic-ring out-of-plane deformation / cyclic-ring deformation (C-C-C bend),nu(C6-C8),bond,5.79511380069164,-,-0.09734662689180724,0.2946715982642608
22,859.5498486467006,,,mixed cyclic-ring out-of-plane deformation / cyclic-ring deformation (C-C-C bend),tau(C5-C6-C8-C9),dihedral,4.0884926299609265,+,0.05829822189582954,0.5796565217156813
22,859.5498486467006,,,mixed cyclic-ring out-of-plane deformation / cyclic-ring deformation (C-C-C bend),delta(C3-C9-H19),angle,3.9515818849411066,+,0.09457407804648627,0.2128849100581254
22,859.5498486467006,,,mixed cyclic-ring out-of-plane deformation / cyclic-ring deformation (C-C-C bend),"gamma(C8;C6,O7,H16)",oop,2.842032179048461,+,0.06146245131916498,0.3625161519618344
22,859.5498486467006,,,mixed cyclic-ring out-of-plane deformation / cyclic-ring deformation (C-C-C bend),"gamma(H19;C9,C3,C8)",oop,2.634188900215748,+,0.11597838394387656,0.09436499790933232
22,859.5498486467006,,,mixed cyclic-ring out-of-plane deformation / cyclic-ring deformation (C-C-C bend),nu(O4-C5),bond,2.193441757335824,-,-0.05760664716253552,0.3184923710839102
22,859.5498486467006,,,mixed cyclic-ring out-of-plane deformation / cyclic-ring deformation (C-C-C bend),nu(C3-C9),bond,1.6003629222480507,-,-0.04952826445166646,0.31436224837181065
22,859.5498486467006,,,mixed cyclic-ring out-of-plane deformation / cyclic-ring deformation (C-C-C bend),delta(C1-C2-H13),angle,1.3903481584764703,-,-0.04261433312433829,0.3689183843817206
22,859.5498486467006,,,mixed cyclic-ring out-of-plane deformation / cyclic-ring deformation (C-C-C bend),delta(O7-C6-H16),angle,1.3792126286659416,+,0.050090712872950076,0.26487131353131593
22,859.5498486467006,,,mixed cyclic-ring out-of-plane deformation / cyclic-ring deformation (C-C-C bend),delta(C5-C6-O7),angle,1.1940128802796601,-,-0.03519391131725065,0.4645067893229545
22,859.5498486467006,,,mixed cyclic-ring out-of-plane deformation / cyclic-ring deformation (C-C-C bend),delta(C9-C8-H18),angle,1.0707236560186608,-,-0.04981481208355121,0.2079115088694835
22,859.5498486467006,,,mixed cyclic-ring out-of-plane deformation / cyclic-ring deformation (C-C-C bend),delta(C2-C1-H11),angle,1.0514799006109985,+,0.04775858168571903,0.2221346249262574
22,859.5498486467006,,,mixed cyclic-ring out-of-plane deformation / cyclic-ring deformation (C-C-C bend),delta(C1-C2-H14),angle,1.0124661932752843,+,0.02953337108871774,0.5593357924954511
22,859.5498486467006,,,mixed cyclic-ring out-of-plane deformation / cyclic-ring deformation (C-C-C bend),nu(C3-C5),bond,0.9702552948239941,+,0.0326258054983342,0.439219548300516
22,859.5498486467006,,,mixed cyclic-ring out-of-plane deformation / cyclic-ring deformation (C-C-C bend),nu(C3-O4),bond,0.9612487325146519,+,0.046404176453354734,0.2150996809255757
22,859.5498486467006,,,mixed cyclic-ring out-of-plane deformation / cyclic-ring deformation (C-C-C bend),delta(C2-C3-O4),angle,0.9164768693418684,-,-0.02996312971374516,0.49188693193989014
22,859.5498486467006,,,mixed cyclic-ring out-of-plane deformation / cyclic-ring deformation (C-C-C bend),tau(H18-C8-C9-C3),dihedral,0.7785677483076779,+,0.07621655782638385,0.06458265171461727
22,859.5498486467006,,,mixed cyclic-ring out-of-plane deformation / cyclic-ring deformation (C-C-C bend),tau(H12-C1-C2-C3),dihedral,0.7352848170386169,+,0.04534099620551773,0.1723421900449818
22,859.5498486467006,,,mixed cyclic-ring out-of-plane deformation / cyclic-ring deformation (C-C-C bend),nu(C6-O7),bond,0.480578977702516,-,-0.026604325591909235,0.3271737003263393
22,859.5498486467006,,,mixed cyclic-ring out-of-plane deformation / cyclic-ring deformation (C-C-C bend),nu(C2-C3),bond,0.42667024446355983,-,-0.026470432632629395,0.29341911498367274
22,859.5498486467006,,,mixed cyclic-ring out-of-plane deformation / cyclic-ring deformation (C-C-C bend),delta(C6-O7-H17),angle,0.387787333713264,-,-0.03124832662991939,0.19136310701446652
22,859.5498486467006,,,mixed cyclic-ring out-of-plane deformation / cyclic-ring deformation (C-C-C bend),delta(C2-C1-H10),angle,0.37082877409277465,-,-0.028337063200275403,0.22252656956113886
22,859.5498486467006,,,mixed cyclic-ring out-of-plane deformation / cyclic-ring deformation (C-C-C bend),delta(O4-C5-H15),angle,0.33094937289095755,-,-0.026816644618772985,0.22175366907519878
22,859.5498486467006,,,mixed cyclic-ring out-of-plane deformation / cyclic-ring deformation (C-C-C bend),delta(C2-C1-H12),angle,0.2213801609862309,-,-0.022056698944564534,0.21926827150728725
22,859.5498486467006,,,mixed cyclic-ring out-of-plane deformation / cyclic-ring deformation (C-C-C bend),tau(C2-C3-C9-C8),dihedral,0.1714510807792499,+,0.012164325035991222,0.558318887434276
22,859.5498486467006,,,mixed cyclic-ring out-of-plane deformation / cyclic-ring deformation (C-C-C bend),tau(H10-C1-C2-H14),dihedral,0.15208824658508244,-,-0.02077294120897861,0.16983132350687483
22,859.5498486467006,,,mixed cyclic-ring out-of-plane deformation / cyclic-ring deformation (C-C-C bend),delta(O4-C3-C9),angle,0.09815230622231423,+,0.009818189874639976,0.4906318980424579
22,859.5498486467006,,,mixed cyclic-ring out-of-plane deformation / cyclic-ring deformation (C-C-C bend),tau(C3-C5-C6-O7),dihedral,0.09045653198174368,-,-0.012990775432748514,0.2582782931735298
22,859.5498486467006,,,mixed cyclic-ring out-of-plane deformation / cyclic-ring deformation (C-C-C bend),nu(C1-C2),bond,0.04940486175267759,+,0.009307361144813444,0.2748113603490793
22,859.5498486467006,,,mixed cyclic-ring out-of-plane deformation / cyclic-ring deformation (C-C-C bend),"gamma(C6;C5,O4,H15)",oop,0.03366611519598712,+,0.009833646180549755,0.1677575110310718
22,859.5498486467006,,,mixed cyclic-ring out-of-plane deformation / cyclic-ring deformation (C-C-C bend),tau(C1-C2-C3-C5),dihedral,0.026924501862870775,+,0.024068308622270402,0.022396216584251973
22,859.5498486467006,,,mixed cyclic-ring out-of-plane deformation / cyclic-ring deformation (C-C-C bend),nu(C8-H18),bond,0.009258574218249296,-,-0.003519080048206339,0.3602499637414734
22,859.5498486467006,,,mixed cyclic-ring out-of-plane deformation / cyclic-ring deformation (C-C-C bend),nu(C5-H15),bond,0.007280502796526937,-,-0.003164396478330868,0.35034644344056987
22,859.5498486467006,,,mixed cyclic-ring out-of-plane deformation / cyclic-ring deformation (C-C-C bend),tau(H11-C1-C2-H13),dihedral,0.005652285230039425,+,0.003934482216257491,0.17594098589112622
22,859.5498486467006,,,mixed cyclic-ring out-of-plane deformation / cyclic-ring deformation (C-C-C bend),"gamma(C2;C3,O4,C9)",oop,0.0038486424058981187,+,0.0017724397212142407,0.5903135300950473
22,859.5498486467006,,,mixed cyclic-ring out-of-plane deformation / cyclic-ring deformation (C-C-C bend),nu(C9-H19),bond,0.0032725165360836996,-,-0.0020921101646821138,0.3602723030176744
22,859.5498486467006,,,mixed cyclic-ring out-of-plane deformation / cyclic-ring deformation (C-C-C bend),tau(H16-C6-O7-H17),dihedral,0.0032309019270746033,-,-0.008377667083230669,0.02218174478859686
22,859.5498486467006,,,mixed cyclic-ring out-of-plane deformation / cyclic-ring deformation (C-C-C bend),delta(H13-C2-H14),angle,0.0028742023514750823,+,0.0016100839728783825,0.5342424723339905
22,859.5498486467006,,,mixed cyclic-ring out-of-plane deformation / cyclic-ring deformation (C-C-C bend),nu(C2-H14),bond,0.0020155009742695573,-,-0.001708213956813821,0.3328255096398904
22,859.5498486467006,,,mixed cyclic-ring out-of-plane deformation / cyclic-ring deformation (C-C-C bend),nu(C8-C9),bond,0.0011702280829520974,+,0.0009322613281494647,0.6488036770482433
22,859.5498486467006,,,mixed cyclic-ring out-of-plane deformation / cyclic-ring deformation (C-C-C bend),delta(C1-C2-C3),angle,0.0011697781649209437,-,-0.001102647765207695,0.4636049159394469
22,859.5498486467006,,,mixed cyclic-ring out-of-plane deformation / cyclic-ring deformation (C-C-C bend),nu(C1-H11),bond,0.0011672767748326486,-,-0.001290056715900092,0.33796705053671766
22,859.5498486467006,,,mixed cyclic-ring out-of-plane deformation / cyclic-ring deformation (C-C-C bend),nu(O7-H17),bond,0.0009312589703145987,+,0.0009400483093741796,0.5077947994859329
22,859.5498486467006,,,mixed cyclic-ring out-of-plane deformation / cyclic-ring deformation (C-C-C bend),nu(C6-H16),bond,0.0004164133024617727,+,0.0007774513439630205,0.33196804628701443
22,859.5498486467006,,,mixed cyclic-ring out-of-plane deformation / cyclic-ring deformation (C-C-C bend),nu(C1-H10),bond,0.0004157247430907572,+,0.0007736376360962767,0.3346946884301047
22,859.5498486467006,,,mixed cyclic-ring out-of-plane deformation / cyclic-ring deformation (C-C-C bend),delta(C3-C2-H14),angle,0.00021775657583203507,+,0.0004169948187443098,0.6034316514517557
22,859.5498486467006,,,mixed cyclic-ring out-of-plane deformation / cyclic-ring deformation (C-C-C bend),nu(C2-H13),bond,0.00010426367968483034,+,0.00039162925575902794,0.32756758471856046
22,859.5498486467006,,,mixed cyclic-ring out-of-plane deformation / cyclic-ring deformation (C-C-C bend),nu(C1-H12),bond,6.596352925945563e-05,+,0.0003073307560400737,0.3365192870641175
23,879.0079476626723,,,mixed in-phase cyclic C-C stretching / cyclic-ring torsional/out-of-plane deformation,nu(C5-C6),bond,17.09221103342988,+,0.14399541134315413,0.29654537103395157
23,879.0079476626723,,,mixed in-phase cyclic C-C stretching / cyclic-ring torsional/out-of-plane deformation,nu(C6-C8),bond,15.572488214658812,+,0.13788117329242594,0.2946715982642608
23,879.0079476626723,,,mixed in-phase cyclic C-C stretching / cyclic-ring torsional/out-of-plane deformation,tau(C5-C6-C8-C9),dihedral,12.424086997292477,+,0.08780959678606377,0.5796565217156813
23,879.0079476626723,,,mixed in-phase cyclic C-C stretching / cyclic-ring torsional/out-of-plane deformation,delta(C6-C8-C9),angle,8.8364138398111,+,0.05549002624353858,1.0323724235705396
23,879.0079476626723,,,mixed in-phase cyclic C-C stretching / cyclic-ring torsional/out-of-plane deformation,"gamma(C2;C3,O4,C9)",oop,5.847700808234339,-,-0.05969614789839524,0.5903135300950473
23,879.0079476626723,,,mixed in-phase cyclic C-C stretching / cyclic-ring torsional/out-of-plane deformation,delta(C5-C6-O7),angle,4.440628021009898,-,-0.05864368721854851,0.4645067893229545
23,879.0079476626723,,,mixed in-phase cyclic C-C stretching / cyclic-ring torsional/out-of-plane deformation,"gamma(H19;C9,C3,C8)",oop,4.125060932188213,+,0.1254021033597316,0.09436499790933232
23,879.0079476626723,,,mixed in-phase cyclic C-C stretching / cyclic-ring torsional/out-of-plane deformation,delta(C6-O7-H17),angle,3.9510723186956915,-,-0.08618337291874499,0.19136310701446652
23,879.0079476626723,,,mixed in-phase cyclic C-C stretching / cyclic-ring torsional/out-of-plane deformation,nu(C3-O4),bond,2.7411425486575918,+,0.06770816308973611,0.2150996809255757
23,879.0079476626723,,,mixed in-phase cyclic C-C stretching / cyclic-ring torsional/out-of-plane deformation,tau(H18-C8-C9-C3),dihedral,2.2978490544865577,+,0.11313524354532843,0.06458265171461727
23,879.0079476626723,,,mixed in-phase cyclic C-C stretching / cyclic-ring torsional/out-of-plane deformation,nu(C6-O7),bond,2.1812123820172764,+,0.04897279471791759,0.3271737003263393
23,879.0079476626723,,,mixed in-phase cyclic C-C stretching / cyclic-ring torsional/out-of-plane deformation,delta(C2-C3-O4),angle,1.9993808325109415,-,-0.03823932557679045,0.49188693193989014
23,879.0079476626723,,,mixed in-phase cyclic C-C stretching / cyclic-ring torsional/out-of-plane deformation,"gamma(C6;C5,O4,H15)",oop,1.9831308752078651,+,0.06521234317060763,0.1677575110310718
23,879.0079476626723,,,mixed in-phase cyclic C-C stretching / cyclic-ring torsional/out-of-plane deformation,tau(C2-C3-C9-C8),dihedral,1.9308079363944552,+,0.03527146365873784,0.558318887434276
23,879.0079476626723,,,mixed in-phase cyclic C-C stretching / cyclic-ring torsional/out-of-plane deformation,nu(O4-C5),bond,1.6245733993910716,+,0.04283662595942298,0.3184923710839102
23,879.0079476626723,,,mixed in-phase cyclic C-C stretching / cyclic-ring torsional/out-of-plane deformation,nu(C3-C9),bond,1.5544778978857074,+,0.04217666021255298,0.31436224837181065
23,879.0079476626723,,,mixed in-phase cyclic C-C stretching / cyclic-ring torsional/out-of-plane deformation,tau(C3-C5-C6-O7),dihedral,1.5147044242731638,+,0.04593197263025192,0.2582782931735298
23,879.0079476626723,,,mixed in-phase cyclic C-C stretching / cyclic-ring torsional/out-of-plane deformation,delta(O7-C6-H16),angle,1.4141852795680598,+,0.04382589539157521,0.26487131353131593
23,879.0079476626723,,,mixed in-phase cyclic C-C stretching / cyclic-ring torsional/out-of-plane deformation,delta(O4-C5-H15),angle,1.0071762829220703,-,-0.040421501547504256,0.22175366907519878
23,879.0079476626723,,,mixed in-phase cyclic C-C stretching / cyclic-ring torsional/out-of-plane deformation,delta(C1-C2-H14),angle,0.9788441919007916,+,0.02509086205537878,0.5593357924954511
23,879.0079476626723,,,mixed in-phase cyclic C-C stretching / cyclic-ring torsional/out-of-plane deformation,nu(C3-C5),bond,0.8882546881201925,+,0.026972613416939746,0.439219548300516
23,879.0079476626723,,,mixed in-phase cyclic C-C stretching / cyclic-ring torsional/out-of-plane deformation,delta(C2-C1-H10),angle,0.8430594427284818,-,-0.03691758354122703,0.22252656956113886
23,879.0079476626723,,,mixed in-phase cyclic C-C stretching / cyclic-ring torsional/out-of-plane deformation,nu(C2-C3),bond,0.8212298253976212,+,0.031730963512629745,0.29341911498367274
23,879.0079476626723,,,mixed in-phase cyclic C-C stretching / cyclic-ring torsional/out-of-plane deformation,delta(C1-C2-H13),angle,0.7890254544086769,-,-0.027738020337304145,0.3689183843817206
23,879.0079476626723,,,mixed in-phase cyclic C-C stretching / cyclic-ring torsional/out-of-plane deformation,tau(H12-C1-C2-C3),dihedral,0.5624058864145474,+,0.034262908725113526,0.1723421900449818
23,879.0079476626723,,,mixed in-phase cyclic C-C stretching / cyclic-ring torsional/out-of-plane deformation,delta(C9-C8-H18),angle,0.48827965136026646,-,-0.029066326795049915,0.2079115088694835
23,879.0079476626723,,,mixed in-phase cyclic C-C stretching / cyclic-ring torsional/out-of-plane deformation,delta(C2-C1-H11),angle,0.35462359565687207,+,0.023964633375645843,0.2221346249262574
23,879.0079476626723,,,mixed in-phase cyclic C-C stretching / cyclic-ring torsional/out-of-plane deformation,tau(H16-C6-O7-H17),dihedral,0.28552595413993354,+,0.06804873369044344,0.02218174478859686
23,879.0079476626723,,,mixed in-phase cyclic C-C stretching / cyclic-ring torsional/out-of-plane deformation,delta(C3-C9-H19),angle,0.25985848800170336,+,0.020955166632914395,0.2128849100581254
23,879.0079476626723,,,mixed in-phase cyclic C-C stretching / cyclic-ring torsional/out-of-plane deformation,nu(C8-C9),bond,0.24069792180122543,+,0.01155246398491707,0.6488036770482433
23,879.0079476626723,,,mixed in-phase cyclic C-C stretching / cyclic-ring torsional/out-of-plane deformation,nu(C1-C2),bond,0.18530017951978223,+,0.015574556311867748,0.2748113603490793
23,879.0079476626723,,,mixed in-phase cyclic C-C stretching / cyclic-ring torsional/out-of-plane deformation,delta(O4-C3-C9),angle,0.18473296955175073,+,0.011638296574242916,0.4906318980424579
23,879.0079476626723,,,mixed in-phase cyclic C-C stretching / cyclic-ring torsional/out-of-plane deformation,delta(C2-C1-H12),angle,0.14238366507149663,+,0.015284009242421891,0.21926827150728725
23,879.0079476626723,,,mixed in-phase cyclic C-C stretching / cyclic-ring torsional/out-of-plane deformation,tau(C1-C2-C3-C5),dihedral,0.11786842235855315,+,0.0435117459596653,0.022396216584251973
23,879.0079476626723,,,mixed in-phase cyclic C-C stretching / cyclic-ring torsional/out-of-plane deformation,tau(H11-C1-C2-H13),dihedral,0.11187321818361214,-,-0.015124278270143001,0.17594098589112622
23,879.0079476626723,,,mixed in-phase cyclic C-C stretching / cyclic-ring torsional/out-of-plane deformation,"gamma(C8;C6,O7,H16)",oop,0.05640146636042826,-,-0.007481292262961861,0.3625161519618344
23,879.0079476626723,,,mixed in-phase cyclic C-C stretching / cyclic-ring torsional/out-of-plane deformation,tau(H10-C1-C2-H14),dihedral,0.031220191932913414,-,-0.008132123987258022,0.16983132350687483
23,879.0079476626723,,,mixed in-phase cyclic C-C stretching / cyclic-ring torsional/out-of-plane deformation,delta(H13-C2-H14),angle,0.02846387138437612,-,-0.004377971022531902,0.5342424723339905
23,879.0079476626723,,,mixed in-phase cyclic C-C stretching / cyclic-ring torsional/out-of-plane deformation,nu(C5-H15),bond,0.02230724719399726,+,0.004785961907459063,0.35034644344056987
23,879.0079476626723,,,mixed in-phase cyclic C-C stretching / cyclic-ring torsional/out-of-plane deformation,"gamma(C6;C5,C3,O4)",oop,0.016329324969169536,+,0.0025409461224879925,0.9098452403956017
23,879.0079476626723,,,mixed in-phase cyclic C-C stretching / cyclic-ring torsional/out-of-plane deformation,nu(C8-H18),bond,0.016030350402559474,+,0.004000963958222545,0.3602499637414734
23,879.0079476626723,,,mixed in-phase cyclic C-C stretching / cyclic-ring torsional/out-of-plane deformation,nu(O7-H17),bond,0.015841847632861977,+,0.003350070108535773,0.5077947994859329
23,879.0079476626723,,,mixed in-phase cyclic C-C stretching / cyclic-ring torsional/out-of-plane deformation,nu(C9-H19),bond,0.010518476456507716,+,0.003240828772995389,0.3602723030176744
23,879.0079476626723,,,mixed in-phase cyclic C-C stretching / cyclic-ring torsional/out-of-plane deformation,delta(C1-C2-C3),angle,0.004471559786824241,+,0.0018627330017056678,0.4636049159394469
23,879.0079476626723,,,mixed in-phase cyclic C-C stretching / cyclic-ring torsional/out-of-plane deformation,nu(C6-H16),bond,0.0023140825124901383,-,-0.0015835667822651225,0.33196804628701443
23,879.0079476626723,,,mixed in-phase cyclic C-C stretching / cyclic-ring torsional/out-of-plane deformation,nu(C2-H13),bond,0.001962024681458906,+,0.0014679013779683324,0.32756758471856046
23,879.0079476626723,,,mixed in-phase cyclic C-C stretching / cyclic-ring torsional/out-of-plane deformation,nu(C1-H10),bond,0.000871299245817398,+,0.0009677303535352349,0.3346946884301047
23,879.0079476626723,,,mixed in-phase cyclic C-C stretching / cyclic-ring torsional/out-of-plane deformation,nu(C1-H11),bond,0.0005985166414463716,-,-0.0007981711729164053,0.33796705053671766
23,879.0079476626723,,,mixed in-phase cyclic C-C stretching / cyclic-ring torsional/out-of-plane deformation,nu(C2-H14),bond,0.0001895726723355555,-,-0.00045266265620490633,0.3328255096398904
23,879.0079476626723,,,mixed in-phase cyclic C-C stretching / cyclic-ring torsional/out-of-plane deformation,delta(C3-C2-H14),angle,0.0001673411004129335,+,0.00031585108375993944,0.6034316514517557
23,879.0079476626723,,,mixed in-phase cyclic C-C stretching / cyclic-ring torsional/out-of-plane deformation,nu(C1-H12),bond,4.6193775741698e-05,+,0.00022221934081973087,0.3365192870641175
24,949.6122974004194,,,mixed cyclic C-O stretching / cyclic-ring out-of-plane deformation,nu(O4-C5),bond,25.744285804446253,+,0.20543063435580708,0.3184923710839102
24,949.6122974004194,,,mixed cyclic C-O stretching / cyclic-ring out-of-plane deformation,delta(C6-C8-C9),angle,10.675778906617456,+,0.07347775659231522,1.0323724235705396
24,949.6122974004194,,,mixed cyclic C-O stretching / cyclic-ring out-of-plane deformation,"gamma(C2;C3,O4,C9)",oop,10.081907943358221,-,-0.09442876185012315,0.5903135300950473
24,949.6122974004194,,,mixed cyclic C-O stretching / cyclic-ring out-of-plane deformation,"gamma(H19;C9,C3,C8)",oop,8.247950945587116,-,-0.21361997874452732,0.09436499790933232
24,949.6122974004194,,,mixed cyclic C-O stretching / cyclic-ring out-of-plane deformation,nu(C3-C9),bond,6.128732566572665,+,0.1008891452132929,0.31436224837181065
24,949.6122974004194,,,mixed cyclic C-O stretching / cyclic-ring out-of-plane deformation,nu(C6-C8),bond,5.650802209259142,-,-0.10005993443412643,0.2946715982642608
24,949.6122974004194,,,mixed cyclic C-O stretching / cyclic-ring out-of-plane deformation,tau(H18-C8-C9-C3),dihedral,4.786370228624671,+,0.19670686096327564,0.06458265171461727
24,949.6122974004194,,,mixed cyclic C-O stretching / cyclic-ring out-of-plane deformation,tau(C2-C3-C9-C8),dihedral,3.8743163846355824,+,0.060190878474640275,0.558318887434276
24,949.6122974004194,,,mixed cyclic C-O stretching / cyclic-ring out-of-plane deformation,"gamma(C6;C5,C3,O4)",oop,3.0864079894268364,-,-0.042084018578105266,0.9098452403956017
24,949.6122974004194,,,mixed cyclic C-O stretching / cyclic-ring out-of-plane deformation,"gamma(C8;C6,O7,H16)",oop,2.433438813996786,-,-0.05919988116015015,0.3625161519618344
24,949.6122974004194,,,mixed cyclic C-O stretching / cyclic-ring out-of-plane deformation,nu(C3-O4),bond,2.268024941339657,+,0.07419563057286907,0.2150996809255757
24,949.6122974004194,,,mixed cyclic C-O stretching / cyclic-ring out-of-plane deformation,delta(C3-C9-H19),angle,2.195486472220403,+,0.07337823203396691,0.2128849100581254
24,949.6122974004194,,,mixed cyclic C-O stretching / cyclic-ring out-of-plane deformation,"gamma(C6;C5,O4,H15)",oop,2.1180098715020255,-,-0.08118902072370003,0.1677575110310718
24,949.6122974004194,,,mixed cyclic C-O stretching / cyclic-ring out-of-plane deformation,nu(C3-C5),bond,1.9707876417833767,-,-0.04840089415147586,0.439219548300516
24,949.6122974004194,,,mixed cyclic C-O stretching / cyclic-ring out-of-plane deformation,delta(C2-C1-H12),angle,1.3504421316661162,-,-0.05670539669930483,0.21926827150728725
24,949.6122974004194,,,mixed cyclic C-O stretching / cyclic-ring out-of-plane deformation,delta(C1-C2-H14),angle,1.2127614791068975,-,-0.0336453996682372,0.5593357924954511
24,949.6122974004194,,,mixed cyclic C-O stretching / cyclic-ring out-of-plane deformation,delta(C9-C8-H18),angle,1.1908740796685018,+,0.054684967248914584,0.2079115088694835
24,949.6122974004194,,,mixed cyclic C-O stretching / cyclic-ring out-of-plane deformation,delta(C3-C2-H14),angle,1.0139651945373587,+,0.029619094738567275,0.6034316514517557
24,949.6122974004194,,,mixed cyclic C-O stretching / cyclic-ring out-of-plane deformation,delta(C2-C1-H10),angle,0.9425399693902019,+,0.047025481568149036,0.22252656956113886
24,949.6122974004194,,,mixed cyclic C-O stretching / cyclic-ring out-of-plane deformation,tau(H10-C1-C2-H14),dihedral,0.7431075682783392,-,-0.04779596620029329,0.16983132350687483
24,949.6122974004194,,,mixed cyclic C-O stretching / cyclic-ring out-of-plane deformation,tau(H16-C6-O7-H17),dihedral,0.6258113057816178,+,0.12136631069875424,0.02218174478859686
24,949.6122974004194,,,mixed cyclic C-O stretching / cyclic-ring out-of-plane deformation,delta(C5-C6-O7),angle,0.5741221021499616,+,0.025402730471663172,0.4645067893229545
24,949.6122974004194,,,mixed cyclic C-O stretching / cyclic-ring out-of-plane deformation,delta(O7-C6-H16),angle,0.5297906125702155,-,-0.032315357653359925,0.26487131353131593
24,949.6122974004194,,,mixed cyclic C-O stretching / cyclic-ring out-of-plane deformation,nu(C1-C2),bond,0.4700682832419235,+,0.029883910962332942,0.2748113603490793
24,949.6122974004194,,,mixed cyclic C-O stretching / cyclic-ring out-of-plane deformation,tau(H11-C1-C2-H13),dihedral,0.38497633308533313,+,0.03379930773490735,0.17594098589112622
24,949.6122974004194,,,mixed cyclic C-O stretching / cyclic-ring out-of-plane deformation,nu(C5-C6),bond,0.3209864085554563,-,-0.023772346254961364,0.29654537103395157
24,949.6122974004194,,,mixed cyclic C-O stretching / cyclic-ring out-of-plane deformation,delta(C2-C3-O4),angle,0.3187521602466672,-,-0.018393663037787947,0.49188693193989014
24,949.6122974004194,,,mixed cyclic C-O stretching / cyclic-ring out-of-plane deformation,nu(C2-C3),bond,0.24067094725462881,+,0.02069388028750326,0.29341911498367274
24,949.6122974004194,,,mixed cyclic C-O stretching / cyclic-ring out-of-plane deformation,tau(C5-C6-C8-C9),dihedral,0.17210027796789454,-,-0.01245029732184896,0.5796565217156813
24,949.6122974004194,,,mixed cyclic C-O stretching / cyclic-ring out-of-plane deformation,delta(C1-C2-C3),angle,0.1415025454965393,+,0.012623576323256707,0.4636049159394469
24,949.6122974004194,,,mixed cyclic C-O stretching / cyclic-ring out-of-plane deformation,delta(C1-C2-H13),angle,0.11881022567616845,-,-0.012966897012439254,0.3689183843817206
24,949.6122974004194,,,mixed cyclic C-O stretching / cyclic-ring out-of-plane deformation,delta(C6-O7-H17),angle,0.0904157555334089,+,0.015706059963023322,0.19136310701446652
24,949.6122974004194,,,mixed cyclic C-O stretching / cyclic-ring out-of-plane deformation,tau(H12-C1-C2-C3),dihedral,0.0837975160375555,-,-0.015932872070092925,0.1723421900449818
24,949.6122974004194,,,mixed cyclic C-O stretching / cyclic-ring out-of-plane deformation,delta(O4-C5-H15),angle,0.07171210356029557,-,-0.012993768470882834,0.22175366907519878
24,949.6122974004194,,,mixed cyclic C-O stretching / cyclic-ring out-of-plane deformation,nu(C8-C9),bond,0.056162566646914706,-,-0.0067226596146019646,0.6488036770482433
24,949.6122974004194,,,mixed cyclic C-O stretching / cyclic-ring out-of-plane deformation,tau(C1-C2-C3-C5),dihedral,0.02856610508725005,-,-0.025805512318020567,0.022396216584251973
24,949.6122974004194,,,mixed cyclic C-O stretching / cyclic-ring out-of-plane deformation,delta(C2-C1-H11),angle,0.01813413047955947,+,0.006528516992765744,0.2221346249262574
24,949.6122974004194,,,mixed cyclic C-O stretching / cyclic-ring out-of-plane deformation,nu(C6-O7),bond,0.014570899091269079,+,0.004822011951974203,0.3271737003263393
24,949.6122974004194,,,mixed cyclic C-O stretching / cyclic-ring out-of-plane deformation,delta(O4-C3-C9),angle,0.006166159300069802,+,0.0025615555608671106,0.4906318980424579
24,949.6122974004194,,,mixed cyclic C-O stretching / cyclic-ring out-of-plane deformation,nu(C8-H18),bond,0.0058194522142111646,-,-0.0029041121277756433,0.3602499637414734
24,949.6122974004194,,,mixed cyclic C-O stretching / cyclic-ring out-of-plane deformation,nu(C5-H15),bond,0.005456496836731669,-,-0.0028515592346915744,0.35034644344056987
24,949.6122974004194,,,mixed cyclic C-O stretching / cyclic-ring out-of-plane deformation,nu(C6-H16),bond,0.0025783387621953085,+,0.002013706388037406,0.33196804628701443
24,949.6122974004194,,,mixed cyclic C-O stretching / cyclic-ring out-of-plane deformation,nu(C1-H12),bond,0.001331496765585715,+,0.0014372733666821198,0.3365192870641175
24,949.6122974004194,,,mixed cyclic C-O stretching / cyclic-ring out-of-plane deformation,nu(C1-H10),bond,0.0004620738485585282,-,-0.0008489958845641481,0.3346946884301047
24,949.6122974004194,,,mixed cyclic C-O stretching / cyclic-ring out-of-plane deformation,nu(C2-H13),bond,0.0004541139904178769,+,0.0008507584706330265,0.32756758471856046
24,949.6122974004194,,,mixed cyclic C-O stretching / cyclic-ring out-of-plane deformation,tau(C3-C5-C6-O7),dihedral,0.00025877249230956155,+,0.0007232515959169685,0.2582782931735298
24,949.6122974004194,,,mixed cyclic C-O stretching / cyclic-ring out-of-plane deformation,nu(C1-H11),bond,0.00022034466875142167,-,-0.0005834295112037057,0.33796705053671766
24,949.6122974004194,,,mixed cyclic C-O stretching / cyclic-ring out-of-plane deformation,nu(C2-H14),bond,0.00018576726345176698,+,0.0005398220114157771,0.3328255096398904
24,949.6122974004194,,,mixed cyclic C-O stretching / cyclic-ring out-of-plane deformation,delta(H13-C2-H14),angle,5.741215163394129e-05,+,0.00023686833429300357,0.5342424723339905
24,949.6122974004194,,,mixed cyclic C-O stretching / cyclic-ring out-of-plane deformation,nu(O7-H17),bond,3.756651868308268e-05,+,0.00019653081314025363,0.5077947994859329
24,949.6122974004194,,,mixed cyclic C-O stretching / cyclic-ring out-of-plane deformation,nu(C9-H19),bond,3.058470711025555e-05,+,0.00021052856257150997,0.3602723030176744
25,958.785024007086,,,mixed C-C stretching / C-H bending,nu(C1-C2),bond,41.74795240266982,-,-0.2546628907783815,0.2748113603490793
25,958.785024007086,,,mixed C-C stretching / C-H bending,delta(C2-C1-H12),angle,7.941128599691654,-,-0.12434222480969431,0.21926827150728725
25,958.785024007086,,,mixed C-C stretching / C-H bending,"gamma(C6;C5,O4,H15)",oop,5.475158177644734,-,-0.1180382505013705,0.1677575110310718
25,958.785024007086,,,mixed C-C stretching / C-H bending,nu(O4-C5),bond,4.111859187494234,-,-0.07423949611689111,0.3184923710839102
25,958.785024007086,,,mixed C-C stretching / C-H bending,nu(C5-C6),bond,4.1111816906967915,+,0.07693131861978537,0.29654537103395157
25,958.785024007086,,,mixed C-C stretching / C-H bending,nu(C3-C9),bond,3.191981872870201,+,0.06583857625809493,0.31436224837181065
25,958.785024007086,,,mixed C-C stretching / C-H bending,nu(C6-O7),bond,2.962421672588318,+,0.06217269039257403,0.3271737003263393
25,958.785024007086,,,mixed C-C stretching / C-H bending,delta(C2-C1-H10),angle,2.663889425432978,+,0.07148790602893414,0.22252656956113886
25,958.785024007086,,,mixed C-C stretching / C-H bending,delta(C1-C2-H14),angle,2.5298349795222808,-,-0.043941533259151726,0.5593357924954511
25,958.785024007086,,,mixed C-C stretching / C-H bending,tau(H10-C1-C2-H14),dihedral,2.3271932406962885,-,-0.07648437851708731,0.16983132350687483
25,958.785024007086,,,mixed C-C stretching / C-H bending,tau(H11-C1-C2-H13),dihedral,2.162050401876679,+,0.0724293874277144,0.17594098589112622
25,958.785024007086,,,mixed C-C stretching / C-H bending,tau(C5-C6-C8-C9),dihedral,2.1044745870535184,+,0.039368774447008065,0.5796565217156813
25,958.785024007086,,,mixed C-C stretching / C-H bending,nu(C3-C5),bond,1.9397633300188943,+,0.04342091367688774,0.439219548300516
25,958.785024007086,,,mixed C-C stretching / C-H bending,nu(C6-C8),bond,1.7323185503910603,-,-0.0500968194737296,0.2946715982642608
25,958.785024007086,,,mixed C-C stretching / C-H bending,delta(C5-C6-O7),angle,1.5998460714456262,-,-0.03834497706119383,0.4645067893229545
25,958.785024007086,,,mixed C-C stretching / C-H bending,delta(C3-C2-H14),angle,1.525405739849775,+,0.032850657080202704,0.6034316514517557
25,958.785024007086,,,mixed C-C stretching / C-H bending,delta(O4-C5-H15),angle,1.5200238798460879,-,-0.05409476195835435,0.22175366907519878
25,958.785024007086,,,mixed C-C stretching / C-H bending,nu(C2-C3),bond,1.4117359438769372,-,-0.04532083997903162,0.29341911498367274
25,958.785024007086,,,mixed C-C stretching / C-H bending,"gamma(C2;C3,O4,C9)",oop,1.3741686101467023,+,0.03152419889626341,0.5903135300950473
25,958.785024007086,,,mixed C-C stretching / C-H bending,tau(C2-C3-C9-C8),dihedral,1.1313580412313602,+,0.029411981884232757,0.558318887434276
25,958.785024007086,,,mixed C-C stretching / C-H bending,delta(C2-C3-O4),angle,1.11263182877181,+,0.03107481223520898,0.49188693193989014
25,958.785024007086,,,mixed C-C stretching / C-H bending,delta(C3-C9-H19),angle,0.9226811671305557,+,0.043014888819297735,0.2128849100581254
25,958.785024007086,,,mixed C-C stretching / C-H bending,"gamma(H19;C9,C3,C8)",oop,0.846884559899557,-,-0.061897349988526036,0.09436499790933232
25,958.785024007086,,,mixed C-C stretching / C-H bending,delta(O4-C3-C9),angle,0.6853113466487978,-,-0.024419203096117583,0.4906318980424579
25,958.785024007086,,,mixed C-C stretching / C-H bending,delta(C6-C8-C9),angle,0.6160482711686689,+,0.01596079757709687,1.0323724235705396
25,958.785024007086,,,mixed C-C stretching / C-H bending,delta(C2-C1-H11),angle,0.4768249145910189,+,0.030271696192288578,0.2221346249262574
25,958.785024007086,,,mixed C-C stretching / C-H bending,tau(H18-C8-C9-C3),dihedral,0.35845584805574593,+,0.04867716923448919,0.06458265171461727
25,958.785024007086,,,mixed C-C stretching / C-H bending,delta(C1-C2-C3),angle,0.34929009083691615,+,0.01793430420595805,0.4636049159394469
25,958.785024007086,,,mixed C-C stretching / C-H bending,delta(C6-O7-H17),angle,0.27402552827319393,-,-0.024724744976374505,0.19136310701446652
25,958.785024007086,,,mixed C-C stretching / C-H bending,delta(C1-C2-H13),angle,0.2443080262285784,-,-0.016813926098754886,0.3689183843817206
25,958.785024007086,,,mixed C-C stretching / C-H bending,tau(C3-C5-C6-O7),dihedral,0.17125767756917754,-,-0.01682466737799798,0.2582782931735298
25,958.785024007086,,,mixed C-C stretching / C-H bending,delta(C9-C8-H18),angle,0.15147263629500532,-,-0.017635721938689782,0.2079115088694835
25,958.785024007086,,,mixed C-C stretching / C-H bending,tau(H12-C1-C2-C3),dihedral,0.1322908592594194,-,-0.01810233220894904,0.1723421900449818
25,958.785024007086,,,mixed C-C stretching / C-H bending,nu(C3-O4),bond,0.024201702694445684,+,0.006930562645138938,0.2150996809255757
25,958.785024007086,,,mixed C-C stretching / C-H bending,tau(H16-C6-O7-H17),dihedral,0.02227856834539852,+,0.02070671486043622,0.02218174478859686
25,958.785024007086,,,mixed C-C stretching / C-H bending,"gamma(C6;C5,C3,O4)",oop,0.011200400406139566,+,0.002292442368030265,0.9098452403956017
25,958.785024007086,,,mixed C-C stretching / C-H bending,nu(C1-H10),bond,0.006917685193194368,-,-0.00297044422973534,0.3346946884301047
25,958.785024007086,,,mixed C-C stretching / C-H bending,tau(C1-C2-C3-C5),dihedral,0.006722602292746528,+,0.011320009622894945,0.022396216584251973
25,958.785024007086,,,mixed C-C stretching / C-H bending,"gamma(C8;C6,O7,H16)",oop,0.006385338318091516,+,0.0027421656821923716,0.3625161519618344
25,958.785024007086,,,mixed C-C stretching / C-H bending,nu(C5-H15),bond,0.006063255594283554,+,0.0027181254523549908,0.35034644344056987
25,958.785024007086,,,mixed C-C stretching / C-H bending,nu(C9-H19),bond,0.003918992834225083,+,0.0021549500726029684,0.3602723030176744
25,958.785024007086,,,mixed C-C stretching / C-H bending,nu(C1-H11),bond,0.0019569717733412028,-,-0.001572246062443722,0.33796705053671766
25,958.785024007086,,,mixed C-C stretching / C-H bending,nu(O7-H17),bond,0.001718461806727927,+,0.0012019633722543813,0.5077947994859329
25,958.785024007086,,,mixed C-C stretching / C-H bending,delta(O7-C6-H16),angle,0.0014996687637948648,-,-0.0015546965184164646,0.26487131353131593
25,958.785024007086,,,mixed C-C stretching / C-H bending,nu(C6-H16),bond,0.0009803240894778692,-,-0.0011227992447396579,0.33196804628701443
25,958.785024007086,,,mixed C-C stretching / C-H bending,nu(C8-C9),bond,0.000519069111900117,+,0.000584415004418046,0.6488036770482433
25,958.785024007086,,,mixed C-C stretching / C-H bending,nu(C2-H13),bond,0.00019980927097065584,-,-0.0005102967167893517,0.32756758471856046
25,958.785024007086,,,mixed C-C stretching / C-H bending,nu(C1-H12),bond,0.00012921682628033745,+,0.00040487407676553897,0.3365192870641175
25,958.785024007086,,,mixed C-C stretching / C-H bending,delta(H13-C2-H14),angle,6.407973395579728e-05,-,-0.00022628541351778263,0.5342424723339905
25,958.785024007086,,,mixed C-C stretching / C-H bending,nu(C8-H18),bond,1.4475413219660071e-05,+,0.00013097214128149115,0.3602499637414734
25,958.785024007086,,,mixed C-C stretching / C-H bending,nu(C2-H14),bond,2.1775941916721698e-07,+,1.6712660369404886e-05,0.3328255096398904
26,980.2731493172674,,,mixed ring-site C-H out-of-plane bending / cyclic-ring torsional/out-of-plane deformation,"gamma(H19;C9,C3,C8)",oop,23.231984194637942,-,-0.36540661627747184,0.09436499790933232
26,980.2731493172674,,,mixed ring-site C-H out-of-plane bending / cyclic-ring torsional/out-of-plane deformation,tau(C5-C6-C8-C9),dihedral,16.25883010384302,+,0.12333831343324378,0.5796565217156813
26,980.2731493172674,,,mixed ring-site C-H out-of-plane bending / cyclic-ring torsional/out-of-plane deformation,tau(H18-C8-C9-C3),dihedral,13.274016671130935,+,0.3338735117624684,0.06458265171461727
26,980.2731493172674,,,mixed ring-site C-H out-of-plane bending / cyclic-ring torsional/out-of-plane deformation,nu(O4-C5),bond,8.29562374135102,-,-0.11885397967839646,0.3184923710839102
26,980.2731493172674,,,mixed ring-site C-H out-of-plane bending / cyclic-ring torsional/out-of-plane deformation,"gamma(C2;C3,O4,C9)",oop,7.368214391350258,+,0.082277006155424,0.5903135300950473
26,980.2731493172674,,,mixed ring-site C-H out-of-plane bending / cyclic-ring torsional/out-of-plane deformation,nu(C3-C9),bond,4.407069536063233,-,-0.0871963850651045,0.31436224837181065
26,980.2731493172674,,,mixed ring-site C-H out-of-plane bending / cyclic-ring torsional/out-of-plane deformation,delta(C2-C1-H12),angle,4.039860695236051,+,0.09996178912754719,0.21926827150728725
26,980.2731493172674,,,mixed ring-site C-H out-of-plane bending / cyclic-ring torsional/out-of-plane deformation,delta(C3-C2-H14),angle,3.32608839969514,-,-0.054675350134866275,0.6034316514517557
26,980.2731493172674,,,mixed ring-site C-H out-of-plane bending / cyclic-ring torsional/out-of-plane deformation,delta(C2-C1-H10),angle,2.4661804315704092,-,-0.07752829078263683,0.22252656956113886
26,980.2731493172674,,,mixed ring-site C-H out-of-plane bending / cyclic-ring torsional/out-of-plane deformation,delta(C1-C2-H14),angle,2.432241987685308,+,0.04856303351390599,0.5593357924954511
26,980.2731493172674,,,mixed ring-site C-H out-of-plane bending / cyclic-ring torsional/out-of-plane deformation,tau(H10-C1-C2-H14),dihedral,2.161845235517506,+,0.08308873081882488,0.16983132350687483
26,980.2731493172674,,,mixed ring-site C-H out-of-plane bending / cyclic-ring torsional/out-of-plane deformation,nu(C5-C6),bond,1.8735964763113764,+,0.05853709662053317,0.29654537103395157
26,980.2731493172674,,,mixed ring-site C-H out-of-plane bending / cyclic-ring torsional/out-of-plane deformation,delta(O4-C3-C9),angle,1.7575580077247825,+,0.04407736926978413,0.4906318980424579
26,980.2731493172674,,,mixed ring-site C-H out-of-plane bending / cyclic-ring torsional/out-of-plane deformation,tau(C2-C3-C9-C8),dihedral,1.591686942288337,+,0.03932116612857445,0.558318887434276
26,980.2731493172674,,,mixed ring-site C-H out-of-plane bending / cyclic-ring torsional/out-of-plane deformation,nu(C3-C5),bond,1.328094222604067,+,0.040496019362576845,0.439219548300516
26,980.2731493172674,,,mixed ring-site C-H out-of-plane bending / cyclic-ring torsional/out-of-plane deformation,delta(C5-C6-O7),angle,1.022968606571229,-,-0.0345600086248607,0.4645067893229545
26,980.2731493172674,,,mixed ring-site C-H out-of-plane bending / cyclic-ring torsional/out-of-plane deformation,nu(C1-C2),bond,0.938970137078956,+,0.04304743424962531,0.2748113603490793
26,980.2731493172674,,,mixed ring-site C-H out-of-plane bending / cyclic-ring torsional/out-of-plane deformation,tau(H11-C1-C2-H13),dihedral,0.8175834865953763,-,-0.0502020286418326,0.17594098589112622
26,980.2731493172674,,,mixed ring-site C-H out-of-plane bending / cyclic-ring torsional/out-of-plane deformation,"gamma(C6;C5,O4,H15)",oop,0.6730798115879784,+,0.0466477840023605,0.1677575110310718
26,980.2731493172674,,,mixed ring-site C-H out-of-plane bending / cyclic-ring torsional/out-of-plane deformation,delta(C9-C8-H18),angle,0.44054875626877155,-,-0.033899746209281836,0.2079115088694835
26,980.2731493172674,,,mixed ring-site C-H out-of-plane bending / cyclic-ring torsional/out-of-plane deformation,delta(O7-C6-H16),angle,0.31459916179518527,+,0.025380492207484846,0.26487131353131593
26,980.2731493172674,,,mixed ring-site C-H out-of-plane bending / cyclic-ring torsional/out-of-plane deformation,nu(C8-C9),bond,0.2932028340449198,-,-0.015655471533827132,0.6488036770482433
26,980.2731493172674,,,mixed ring-site C-H out-of-plane bending / cyclic-ring torsional/out-of-plane deformation,nu(C3-O4),bond,0.26090313611773597,-,-0.025648294331846545,0.2150996809255757
26,980.2731493172674,,,mixed ring-site C-H out-of-plane bending / cyclic-ring torsional/out-of-plane deformation,delta(C1-C2-H13),angle,0.23637411033574662,+,0.01864118544216424,0.3689183843817206
26,980.2731493172674,,,mixed ring-site C-H out-of-plane bending / cyclic-ring torsional/out-of-plane deformation,tau(H12-C1-C2-C3),dihedral,0.22767281264123165,+,0.026766926407925325,0.1723421900449818
26,980.2731493172674,,,mixed ring-site C-H out-of-plane bending / cyclic-ring torsional/out-of-plane deformation,nu(C2-C3),bond,0.1762463395460234,-,-0.018049059381027077,0.29341911498367274
26,980.2731493172674,,,mixed ring-site C-H out-of-plane bending / cyclic-ring torsional/out-of-plane deformation,delta(C3-C9-H19),angle,0.17161163998135995,-,-0.020909307705451654,0.2128849100581254
26,980.2731493172674,,,mixed ring-site C-H out-of-plane bending / cyclic-ring torsional/out-of-plane deformation,tau(C3-C5-C6-O7),dihedral,0.11591316940731415,-,-0.015601313318599262,0.2582782931735298
26,980.2731493172674,,,mixed ring-site C-H out-of-plane bending / cyclic-ring torsional/out-of-plane deformation,delta(C6-O7-H17),angle,0.09256378299826268,-,-0.016196835192937572,0.19136310701446652
26,980.2731493172674,,,mixed ring-site C-H out-of-plane bending / cyclic-ring torsional/out-of-plane deformation,delta(C6-C8-C9),angle,0.09127755424175733,-,-0.006924724855200019,1.0323724235705396
26,980.2731493172674,,,mixed ring-site C-H out-of-plane bending / cyclic-ring torsional/out-of-plane deformation,delta(C2-C1-H11),angle,0.08845645150069174,-,-0.014695871621205047,0.2221346249262574
26,980.2731493172674,,,mixed ring-site C-H out-of-plane bending / cyclic-ring torsional/out-of-plane deformation,nu(C6-C8),bond,0.07589005152372837,-,-0.011818490399037436,0.2946715982642608
26,980.2731493172674,,,mixed ring-site C-H out-of-plane bending / cyclic-ring torsional/out-of-plane deformation,delta(C1-C2-C3),angle,0.046512855370046464,-,-0.007376514604172306,0.4636049159394469
26,980.2731493172674,,,mixed ring-site C-H out-of-plane bending / cyclic-ring torsional/out-of-plane deformation,tau(C1-C2-C3-C5),dihedral,0.03169436301015615,+,0.02770399542090506,0.022396216584251973
26,980.2731493172674,,,mixed ring-site C-H out-of-plane bending / cyclic-ring torsional/out-of-plane deformation,"gamma(C6;C5,C3,O4)",oop,0.026526929338216577,+,0.003976476760922498,0.9098452403956017
26,980.2731493172674,,,mixed ring-site C-H out-of-plane bending / cyclic-ring torsional/out-of-plane deformation,tau(H16-C6-O7-H17),dihedral,0.012943386722426365,+,0.01778954472817392,0.02218174478859686
26,980.2731493172674,,,mixed ring-site C-H out-of-plane bending / cyclic-ring torsional/out-of-plane deformation,delta(O4-C5-H15),angle,0.006453770798997037,-,-0.003972922413935219,0.22175366907519878
26,980.2731493172674,,,mixed ring-site C-H out-of-plane bending / cyclic-ring torsional/out-of-plane deformation,nu(C5-H15),bond,0.006296257171139076,+,0.0031219870331325806,0.35034644344056987
26,980.2731493172674,,,mixed ring-site C-H out-of-plane bending / cyclic-ring torsional/out-of-plane deformation,nu(C8-H18),bond,0.005204409013324206,-,-0.0027991260724588274,0.3602499637414734
26,980.2731493172674,,,mixed ring-site C-H out-of-plane bending / cyclic-ring torsional/out-of-plane deformation,nu(C1-H10),bond,0.003305140168243505,+,0.0023142445692480307,0.3346946884301047
26,980.2731493172674,,,mixed ring-site C-H out-of-plane bending / cyclic-ring torsional/out-of-plane deformation,delta(C2-C3-O4),angle,0.002361417430494032,-,-0.001613587281902877,0.49188693193989014
26,980.2731493172674,,,mixed ring-site C-H out-of-plane bending / cyclic-ring torsional/out-of-plane deformation,nu(C9-H19),bond,0.00183345868020524,-,-0.0016613412475367057,0.3602723030176744
26,980.2731493172674,,,mixed ring-site C-H out-of-plane bending / cyclic-ring torsional/out-of-plane deformation,nu(C1-H12),bond,0.0017343428064604902,-,-0.0016718650298831027,0.3365192870641175
26,980.2731493172674,,,mixed ring-site C-H out-of-plane bending / cyclic-ring torsional/out-of-plane deformation,nu(C6-H16),bond,0.001515686150254674,-,-0.0015736031709879192,0.33196804628701443
26,980.2731493172674,,,mixed ring-site C-H out-of-plane bending / cyclic-ring torsional/out-of-plane deformation,"gamma(C8;C6,O7,H16)",oop,0.0007965014404337403,+,0.001091612058079318,0.3625161519618344
26,980.2731493172674,,,mixed ring-site C-H out-of-plane bending / cyclic-ring torsional/out-of-plane deformation,delta(H13-C2-H14),angle,0.0007557072500717707,+,0.0008758834308513404,0.5342424723339905
26,980.2731493172674,,,mixed ring-site C-H out-of-plane bending / cyclic-ring torsional/out-of-plane deformation,nu(C1-H11),bond,0.0005237107944179179,+,0.0009167423701789946,0.33796705053671766
26,980.2731493172674,,,mixed ring-site C-H out-of-plane bending / cyclic-ring torsional/out-of-plane deformation,nu(C2-H14),bond,0.0004081288972210468,-,-0.0008155096270534303,0.3328255096398904
26,980.2731493172674,,,mixed ring-site C-H out-of-plane bending / cyclic-ring torsional/out-of-plane deformation,nu(C2-H13),bond,0.0002582189240532108,-,-0.0006538562758722217,0.32756758471856046
26,980.2731493172674,,,mixed ring-site C-H out-of-plane bending / cyclic-ring torsional/out-of-plane deformation,nu(C6-O7),bond,6.283763269390667e-05,+,0.0003227449361581731,0.3271737003263393
26,980.2731493172674,,,mixed ring-site C-H out-of-plane bending / cyclic-ring torsional/out-of-plane deformation,nu(O7-H17),bond,5.999915550181732e-05,+,0.0002531437251267667,0.5077947994859329
27,1016.4223487260889,,,mixed opposite-phase cyclic C-C stretching / C-H bending,nu(C6-C8),bond,17.0057483993214,-,-0.1821678212981611,0.2946715982642608
27,1016.4223487260889,,,mixed opposite-phase cyclic C-C stretching / C-H bending,nu(C5-C6),bond,11.296412584554867,+,0.1480020146722264,0.29654537103395157
27,1016.4223487260889,,,mixed opposite-phase cyclic C-C stretching / C-H bending,"gamma(C6;C5,C3,O4)",oop,9.169371390658075,-,-0.07612528768314165,0.9098452403956017
27,1016.4223487260889,,,mixed opposite-phase cyclic C-C stretching / C-H bending,delta(C3-C2-H14),angle,8.505222501422429,-,-0.09002678177679767,0.6034316514517557
27,1016.4223487260889,,,mixed opposite-phase cyclic C-C stretching / C-H bending,delta(C2-C1-H12),angle,5.205719427984329,+,0.11684103920370906,0.21926827150728725
27,1016.4223487260889,,,mixed opposite-phase cyclic C-C stretching / C-H bending,delta(C2-C1-H10),angle,4.565454753496219,-,-0.10861605225297626,0.22252656956113886
27,1016.4223487260889,,,mixed opposite-phase cyclic C-C stretching / C-H bending,tau(C5-C6-C8-C9),dihedral,4.5101712103503475,-,-0.06688890399050622,0.5796565217156813
27,1016.4223487260889,,,mixed opposite-phase cyclic C-C stretching / C-H bending,delta(C6-C8-C9),angle,4.340012250414716,+,0.049166603648742216,1.0323724235705396
27,1016.4223487260889,,,mixed opposite-phase cyclic C-C stretching / C-H bending,tau(H18-C8-C9-C3),dihedral,4.037127741781286,-,-0.18959253706955229,0.06458265171461727
27,1016.4223487260889,,,mixed opposite-phase cyclic C-C stretching / C-H bending,tau(H10-C1-C2-H14),dihedral,3.4231273250277003,+,0.10765781431849325,0.16983132350687483
27,1016.4223487260889,,,mixed opposite-phase cyclic C-C stretching / C-H bending,delta(C1-C2-H14),angle,3.4207049628586312,+,0.059301329783687955,0.5593357924954511
27,1016.4223487260889,,,mixed opposite-phase cyclic C-C stretching / C-H bending,delta(C5-C6-O7),angle,2.308308359449472,-,-0.05345567378681194,0.4645067893229545
27,1016.4223487260889,,,mixed opposite-phase cyclic C-C stretching / C-H bending,tau(C2-C3-C9-C8),dihedral,2.2737551527705784,-,-0.04839200507932539,0.558318887434276
27,1016.4223487260889,,,mixed opposite-phase cyclic C-C stretching / C-H bending,"gamma(H19;C9,C3,C8)",oop,1.9428762636417614,+,0.10880780087683573,0.09436499790933232
27,1016.4223487260889,,,mixed opposite-phase cyclic C-C stretching / C-H bending,"gamma(C6;C5,O4,H15)",oop,1.745939518847563,-,-0.07736001397065527,0.1677575110310718
27,1016.4223487260889,,,mixed opposite-phase cyclic C-C stretching / C-H bending,tau(C3-C5-C6-O7),dihedral,1.625684722282642,-,-0.06016128961848978,0.2582782931735298
27,1016.4223487260889,,,mixed opposite-phase cyclic C-C stretching / C-H bending,delta(C3-C9-H19),angle,1.592371927771303,+,0.06558322154751145,0.2128849100581254
27,1016.4223487260889,,,mixed opposite-phase cyclic C-C stretching / C-H bending,nu(C3-C9),bond,1.3195386643711882,-,-0.04912909858967637,0.31436224837181065
27,1016.4223487260889,,,mixed opposite-phase cyclic C-C stretching / C-H bending,"gamma(C8;C6,O7,H16)",oop,1.2985764541691052,-,-0.04538507005904585,0.3625161519618344
27,1016.4223487260889,,,mixed opposite-phase cyclic C-C stretching / C-H bending,nu(C2-C3),bond,1.067595555111744,-,-0.04574062620556955,0.29341911498367274
27,1016.4223487260889,,,mixed opposite-phase cyclic C-C stretching / C-H bending,tau(H16-C6-O7-H17),dihedral,0.9902697872030387,+,0.16022188664056972,0.02218174478859686
27,1016.4223487260889,,,mixed opposite-phase cyclic C-C stretching / C-H bending,nu(C3-C5),bond,0.9111492516281448,+,0.03453797412553814,0.439219548300516
27,1016.4223487260889,,,mixed opposite-phase cyclic C-C stretching / C-H bending,nu(C3-O4),bond,0.8973901514202955,+,0.04897942645921984,0.2150996809255757
27,1016.4223487260889,,,mixed opposite-phase cyclic C-C stretching / C-H bending,nu(C1-C2),bond,0.8099753040445161,+,0.04116816189096474,0.2748113603490793
27,1016.4223487260889,,,mixed opposite-phase cyclic C-C stretching / C-H bending,nu(C8-C9),bond,0.7953297590369433,-,-0.026549716869402225,0.6488036770482433
27,1016.4223487260889,,,mixed opposite-phase cyclic C-C stretching / C-H bending,nu(C6-O7),bond,0.7774380576013572,+,0.0369646530512415,0.3271737003263393
27,1016.4223487260889,,,mixed opposite-phase cyclic C-C stretching / C-H bending,delta(O7-C6-H16),angle,0.7187122641109436,-,-0.03950053648468842,0.26487131353131593
27,1016.4223487260889,,,mixed opposite-phase cyclic C-C stretching / C-H bending,delta(O4-C5-H15),angle,0.6983625683076937,-,-0.04255474559284903,0.22175366907519878
27,1016.4223487260889,,,mixed opposite-phase cyclic C-C stretching / C-H bending,tau(H11-C1-C2-H13),dihedral,0.6809413794265088,-,-0.047175257716155425,0.17594098589112622
27,1016.4223487260889,,,mixed opposite-phase cyclic C-C stretching / C-H bending,tau(H12-C1-C2-C3),dihedral,0.4568885493860259,+,0.03904381641897412,0.1723421900449818
27,1016.4223487260889,,,mixed opposite-phase cyclic C-C stretching / C-H bending,"gamma(C2;C3,O4,C9)",oop,0.404404590041178,+,0.019847673099859103,0.5903135300950473
27,1016.4223487260889,,,mixed opposite-phase cyclic C-C stretching / C-H bending,delta(C9-C8-H18),angle,0.2851602141396335,-,-0.028083299387979585,0.2079115088694835
27,1016.4223487260889,,,mixed opposite-phase cyclic C-C stretching / C-H bending,delta(C1-C2-H13),angle,0.2233429937485349,+,0.018657950927321202,0.3689183843817206
27,1016.4223487260889,,,mixed opposite-phase cyclic C-C stretching / C-H bending,delta(C1-C2-C3),angle,0.21428616242614554,+,0.0163029417307427,0.4636049159394469
27,1016.4223487260889,,,mixed opposite-phase cyclic C-C stretching / C-H bending,delta(O4-C3-C9),angle,0.11601731960947737,-,-0.011660749146773829,0.4906318980424579
27,1016.4223487260889,,,mixed opposite-phase cyclic C-C stretching / C-H bending,delta(C2-C3-O4),angle,0.10852048243641721,-,-0.011263312776763719,0.49188693193989014
27,1016.4223487260889,,,mixed opposite-phase cyclic C-C stretching / C-H bending,nu(O4-C5),bond,0.06991827006941527,-,-0.01123540544262904,0.3184923710839102
27,1016.4223487260889,,,mixed opposite-phase cyclic C-C stretching / C-H bending,delta(C6-O7-H17),angle,0.06405332095325811,+,0.013873455573065583,0.19136310701446652
27,1016.4223487260889,,,mixed opposite-phase cyclic C-C stretching / C-H bending,tau(C1-C2-C3-C5),dihedral,0.053447342743755843,+,0.03704406679442612,0.022396216584251973
27,1016.4223487260889,,,mixed opposite-phase cyclic C-C stretching / C-H bending,delta(H13-C2-H14),angle,0.027855536513734847,-,-0.005475571911127934,0.5342424723339905
27,1016.4223487260889,,,mixed opposite-phase cyclic C-C stretching / C-H bending,delta(C2-C1-H11),angle,0.011486993025198724,-,-0.005453031144711592,0.2221346249262574
27,1016.4223487260889,,,mixed opposite-phase cyclic C-C stretching / C-H bending,nu(C9-H19),bond,0.007319072484238357,-,-0.0034178698031111275,0.3602723030176744
27,1016.4223487260889,,,mixed opposite-phase cyclic C-C stretching / C-H bending,nu(C8-H18),bond,0.0069477183644482505,-,-0.0033301366794651352,0.3602499637414734
27,1016.4223487260889,,,mixed opposite-phase cyclic C-C stretching / C-H bending,nu(C5-H15),bond,0.006915982010419779,+,0.003369155065171784,0.35034644344056987
27,1016.4223487260889,,,mixed opposite-phase cyclic C-C stretching / C-H bending,nu(C1-H10),bond,0.005626355432372486,+,0.003109081459550562,0.3346946884301047
27,1016.4223487260889,,,mixed opposite-phase cyclic C-C stretching / C-H bending,nu(C1-H12),bond,0.0032139131626905248,-,-0.002343446363895992,0.3365192870641175
27,1016.4223487260889,,,mixed opposite-phase cyclic C-C stretching / C-H bending,nu(C2-H14),bond,0.0008555686017014376,-,-0.0012157997370353417,0.3328255096398904
27,1016.4223487260889,,,mixed opposite-phase cyclic C-C stretching / C-H bending,nu(C6-H16),bond,0.00031567410468587,+,0.000739459284679504,0.33196804628701443
27,1016.4223487260889,,,mixed opposite-phase cyclic C-C stretching / C-H bending,nu(C2-H13),bond,0.00013066415950078276,+,0.00047892853033561466,0.32756758471856046
27,1016.4223487260889,,,mixed opposite-phase cyclic C-C stretching / C-H bending,nu(C1-H11),bond,5.334394991034431e-06,+,9.526828194118028e-05,0.33796705053671766
27,1016.4223487260889,,,mixed opposite-phase cyclic C-C stretching / C-H bending,nu(O7-H17),bond,2.5312738068439846e-07,+,1.6930444759095003e-05,0.5077947994859329
28,1047.824218157212,,,mixed exocyclic C-O stretching / cyclic-ring out-of-plane deformation,nu(C6-O7),bond,46.0164610564235,-,-0.27935847211904913,0.3271737003263393
28,1047.824218157212,,,mixed exocyclic C-O stretching / cyclic-ring out-of-plane deformation,"gamma(C6;C5,O4,H15)",oop,7.612192365256267,+,0.15867493247399114,0.1677575110310718
28,1047.824218157212,,,mixed exocyclic C-O stretching / cyclic-ring out-of-plane deformation,nu(C1-C2),bond,7.1033113072292275,-,-0.11975882188542078,0.2748113603490793
28,1047.824218157212,,,mixed exocyclic C-O stretching / cyclic-ring out-of-plane deformation,tau(C5-C6-C8-C9),dihedral,5.607026941074496,-,-0.07326142975527158,0.5796565217156813
28,1047.824218157212,,,mixed exocyclic C-O stretching / cyclic-ring out-of-plane deformation,delta(C6-O7-H17),angle,4.814984885042447,+,0.11815790689498926,0.19136310701446652
28,1047.824218157212,,,mixed exocyclic C-O stretching / cyclic-ring out-of-plane deformation,delta(C6-C8-C9),angle,4.595549753470329,+,0.04969869331593982,1.0323724235705396
28,1047.824218157212,,,mixed exocyclic C-O stretching / cyclic-ring out-of-plane deformation,nu(C2-C3),bond,4.395009644675512,+,0.09116542200144521,0.29341911498367274
28,1047.824218157212,,,mixed exocyclic C-O stretching / cyclic-ring out-of-plane deformation,nu(C5-C6),bond,2.7378028782310597,+,0.07157311930440818,0.29654537103395157
28,1047.824218157212,,,mixed exocyclic C-O stretching / cyclic-ring out-of-plane deformation,delta(C9-C8-H18),angle,2.635007118398685,-,-0.08385830175839885,0.2079115088694835
28,1047.824218157212,,,mixed exocyclic C-O stretching / cyclic-ring out-of-plane deformation,nu(C3-C5),bond,2.439842654448156,+,0.05551808930345558,0.439219548300516
28,1047.824218157212,,,mixed exocyclic C-O stretching / cyclic-ring out-of-plane deformation,"gamma(C6;C5,C3,O4)",oop,2.231626231214481,-,-0.03689108232098698,0.9098452403956017
28,1047.824218157212,,,mixed exocyclic C-O stretching / cyclic-ring out-of-plane deformation,delta(O4-C5-H15),angle,1.1259368639043115,+,0.053078182568236404,0.22175366907519878
28,1047.824218157212,,,mixed exocyclic C-O stretching / cyclic-ring out-of-plane deformation,nu(C6-C8),bond,0.9854308618991765,+,0.0430762979506333,0.2946715982642608
28,1047.824218157212,,,mixed exocyclic C-O stretching / cyclic-ring out-of-plane deformation,delta(C3-C9-H19),angle,0.9026165072576766,+,0.048503561447803246,0.2128849100581254
28,1047.824218157212,,,mixed exocyclic C-O stretching / cyclic-ring out-of-plane deformation,delta(C2-C1-H10),angle,0.8376183952153832,-,-0.04570109422968041,0.22252656956113886
28,1047.824218157212,,,mixed exocyclic C-O stretching / cyclic-ring out-of-plane deformation,"gamma(C2;C3,O4,C9)",oop,0.5426960263989037,-,-0.02258558708291961,0.5903135300950473
28,1047.824218157212,,,mixed exocyclic C-O stretching / cyclic-ring out-of-plane deformation,delta(O4-C3-C9),angle,0.5164581125016895,+,0.024167631683308505,0.4906318980424579
28,1047.824218157212,,,mixed exocyclic C-O stretching / cyclic-ring out-of-plane deformation,nu(C3-C9),bond,0.4983965846943091,-,-0.029659700927044036,0.31436224837181065
28,1047.824218157212,,,mixed exocyclic C-O stretching / cyclic-ring out-of-plane deformation,delta(C5-C6-O7),angle,0.4817779527133848,+,0.023989536643291072,0.4645067893229545
28,1047.824218157212,,,mixed exocyclic C-O stretching / cyclic-ring out-of-plane deformation,delta(C3-C2-H14),angle,0.47589230145017136,-,-0.020918701767087995,0.6034316514517557
28,1047.824218157212,,,mixed exocyclic C-O stretching / cyclic-ring out-of-plane deformation,delta(C1-C2-H13),angle,0.4720887824670432,-,-0.026646558320491762,0.3689183843817206
28,1047.824218157212,,,mixed exocyclic C-O stretching / cyclic-ring out-of-plane deformation,nu(C8-C9),bond,0.35117986257161593,-,-0.017330160418865415,0.6488036770482433
28,1047.824218157212,,,mixed exocyclic C-O stretching / cyclic-ring out-of-plane deformation,tau(H11-C1-C2-H13),dihedral,0.29524782788016146,+,0.03051436078834658,0.17594098589112622
28,1047.824218157212,,,mixed exocyclic C-O stretching / cyclic-ring out-of-plane deformation,nu(O4-C5),bond,0.25631787110146353,+,0.021131696201949487,0.3184923710839102
28,1047.824218157212,,,mixed exocyclic C-O stretching / cyclic-ring out-of-plane deformation,delta(C1-C2-H14),angle,0.24218041634528922,-,-0.0154998550565552,0.5593357924954511
28,1047.824218157212,,,mixed exocyclic C-O stretching / cyclic-ring out-of-plane deformation,delta(O7-C6-H16),angle,0.23749328427886293,-,-0.022305020970234485,0.26487131353131593
28,1047.824218157212,,,mixed exocyclic C-O stretching / cyclic-ring out-of-plane deformation,delta(C2-C1-H12),angle,0.21485633443427088,+,0.023317426494753407,0.21926827150728725
28,1047.824218157212,,,mixed exocyclic C-O stretching / cyclic-ring out-of-plane deformation,delta(C2-C3-O4),angle,0.2048213359937936,-,-0.015200202956216604,0.49188693193989014
28,1047.824218157212,,,mixed exocyclic C-O stretching / cyclic-ring out-of-plane deformation,tau(H10-C1-C2-H14),dihedral,0.1829550453157204,+,0.024448810253335417,0.16983132350687483
28,1047.824218157212,,,mixed exocyclic C-O stretching / cyclic-ring out-of-plane deformation,tau(H16-C6-O7-H17),dihedral,0.16860272533699222,+,0.0649424808420466,0.02218174478859686
28,1047.824218157212,,,mixed exocyclic C-O stretching / cyclic-ring out-of-plane deformation,delta(C2-C1-H11),angle,0.13813462392434367,+,0.018575374450625036,0.2221346249262574
28,1047.824218157212,,,mixed exocyclic C-O stretching / cyclic-ring out-of-plane deformation,tau(H18-C8-C9-C3),dihedral,0.13345218416144483,-,-0.03386096559311075,0.06458265171461727
28,1047.824218157212,,,mixed exocyclic C-O stretching / cyclic-ring out-of-plane deformation,"gamma(H19;C9,C3,C8)",oop,0.10667174885164973,-,-0.025044575342670725,0.09436499790933232
28,1047.824218157212,,,mixed exocyclic C-O stretching / cyclic-ring out-of-plane deformation,nu(C3-O4),bond,0.10273483951985082,-,-0.016279213622059405,0.2150996809255757
28,1047.824218157212,,,mixed exocyclic C-O stretching / cyclic-ring out-of-plane deformation,delta(C1-C2-C3),angle,0.07910925138915595,+,0.009730475265092903,0.4636049159394469
28,1047.824218157212,,,mixed exocyclic C-O stretching / cyclic-ring out-of-plane deformation,tau(H12-C1-C2-C3),dihedral,0.06046249394912383,+,0.013952166700572331,0.1723421900449818
28,1047.824218157212,,,mixed exocyclic C-O stretching / cyclic-ring out-of-plane deformation,"gamma(C8;C6,O7,H16)",oop,0.05555026871543243,-,-0.009220911062636677,0.3625161519618344
28,1047.824218157212,,,mixed exocyclic C-O stretching / cyclic-ring out-of-plane deformation,tau(C2-C3-C9-C8),dihedral,0.0503462522608621,+,0.007073540519443897,0.558318887434276
28,1047.824218157212,,,mixed exocyclic C-O stretching / cyclic-ring out-of-plane deformation,tau(C1-C2-C3-C5),dihedral,0.02920694933728924,+,0.026899871236544106,0.022396216584251973
28,1047.824218157212,,,mixed exocyclic C-O stretching / cyclic-ring out-of-plane deformation,nu(O7-H17),bond,0.02743628549026296,-,-0.005475363595191734,0.5077947994859329
28,1047.824218157212,,,mixed exocyclic C-O stretching / cyclic-ring out-of-plane deformation,nu(C5-H15),bond,0.011759797680609373,+,0.004315642887417469,0.35034644344056987
28,1047.824218157212,,,mixed exocyclic C-O stretching / cyclic-ring out-of-plane deformation,nu(C6-H16),bond,0.011462117440347702,+,0.00437702187937633,0.33196804628701443
28,1047.824218157212,,,mixed exocyclic C-O stretching / cyclic-ring out-of-plane deformation,delta(H13-C2-H14),angle,0.004393572230015643,-,-0.002136161636941282,0.5342424723339905
28,1047.824218157212,,,mixed exocyclic C-O stretching / cyclic-ring out-of-plane deformation,nu(C8-H18),bond,0.003261029502521115,+,0.0022411443136413902,0.3602499637414734
28,1047.824218157212,,,mixed exocyclic C-O stretching / cyclic-ring out-of-plane deformation,tau(C3-C5-C6-O7),dihedral,0.0017791213471144058,+,0.0019550292674331707,0.2582782931735298
28,1047.824218157212,,,mixed exocyclic C-O stretching / cyclic-ring out-of-plane deformation,nu(C2-H14),bond,0.00107677022137946,+,0.0013398236737246485,0.3328255096398904
28,1047.824218157212,,,mixed exocyclic C-O stretching / cyclic-ring out-of-plane deformation,nu(C2-H13),bond,0.0008300301210299239,-,-0.0011857438996312909,0.32756758471856046
28,1047.824218157212,,,mixed exocyclic C-O stretching / cyclic-ring out-of-plane deformation,nu(C1-H10),bond,0.0004279942786731107,+,0.0008423430626963476,0.3346946884301047
28,1047.824218157212,,,mixed exocyclic C-O stretching / cyclic-ring out-of-plane deformation,nu(C1-H11),bond,0.00039043083922392656,-,-0.0008006252969307229,0.33796705053671766
28,1047.824218157212,,,mixed exocyclic C-O stretching / cyclic-ring out-of-plane deformation,nu(C9-H19),bond,0.00012530624726677378,+,0.00043930420043110136,0.3602723030176744
28,1047.824218157212,,,mixed exocyclic C-O stretching / cyclic-ring out-of-plane deformation,nu(C1-H12),bond,7.005268035941276e-06,-,-0.00010747360834275794,0.3365192870641175
29,1064.9189401996325,,,mixed C-H bending / cyclic-ring out-of-plane deformation,delta(C3-C2-H14),angle,22.404459169134945,+,0.16530688468636656,0.6034316514517557
29,1064.9189401996325,,,mixed C-H bending / cyclic-ring out-of-plane deformation,"gamma(C6;C5,O4,H15)",oop,15.427038701967769,+,0.2601585178284311,0.1677575110310718
29,1064.9189401996325,,,mixed C-H bending / cyclic-ring out-of-plane deformation,delta(C2-C1-H10),angle,10.338915673449542,+,0.18492018201388566,0.22252656956113886
29,1064.9189401996325,,,mixed C-H bending / cyclic-ring out-of-plane deformation,nu(O4-C5),bond,8.214675912081669,-,-0.13777913448104817,0.3184923710839102
29,1064.9189401996325,,,mixed C-H bending / cyclic-ring out-of-plane deformation,delta(C2-C1-H12),angle,6.532534860126005,-,-0.14807806258783976,0.21926827150728725
29,1064.9189401996325,,,mixed C-H bending / cyclic-ring out-of-plane deformation,tau(H10-C1-C2-H14),dihedral,6.344165798334584,-,-0.16581206090272912,0.16983132350687483
29,1064.9189401996325,,,mixed C-H bending / cyclic-ring out-of-plane deformation,nu(C1-C2),bond,6.0702967400856735,+,0.12750445873593844,0.2748113603490793
29,1064.9189401996325,,,mixed C-H bending / cyclic-ring out-of-plane deformation,nu(C5-C6),bond,4.032478610481385,+,0.10004104365107593,0.29654537103395157
29,1064.9189401996325,,,mixed C-H bending / cyclic-ring out-of-plane deformation,delta(C3-C9-H19),angle,2.9364984835546677,+,0.10075815429109512,0.2128849100581254
29,1064.9189401996325,,,mixed C-H bending / cyclic-ring out-of-plane deformation,delta(C5-C6-O7),angle,2.049777148107896,-,-0.05698952571358368,0.4645067893229545
29,1064.9189401996325,,,mixed C-H bending / cyclic-ring out-of-plane deformation,nu(C6-C8),bond,1.9436943564095395,-,-0.06967590200043092,0.2946715982642608
29,1064.9189401996325,,,mixed C-H bending / cyclic-ring out-of-plane deformation,delta(O4-C5-H15),angle,1.6782073108427602,+,0.07463201190634672,0.22175366907519878
29,1064.9189401996325,,,mixed C-H bending / cyclic-ring out-of-plane deformation,nu(C3-C9),bond,1.517143874957822,+,0.05959858421680492,0.31436224837181065
29,1064.9189401996325,,,mixed C-H bending / cyclic-ring out-of-plane deformation,delta(C6-C8-C9),angle,1.4944584906470746,+,0.03264085174473382,1.0323724235705396
29,1064.9189401996325,,,mixed C-H bending / cyclic-ring out-of-plane deformation,tau(C3-C5-C6-O7),dihedral,1.38289344023235,-,-0.06277520744768421,0.2582782931735298
29,1064.9189401996325,,,mixed C-H bending / cyclic-ring out-of-plane deformation,delta(C1-C2-H14),angle,1.163599256334186,-,-0.039129397789528605,0.5593357924954511
29,1064.9189401996325,,,mixed C-H bending / cyclic-ring out-of-plane deformation,delta(C1-C2-C3),angle,1.151192071441012,-,-0.04275014881246379,0.4636049159394469
29,1064.9189401996325,,,mixed C-H bending / cyclic-ring out-of-plane deformation,nu(C2-C3),bond,0.9430585444000171,-,-0.04863656308972892,0.29341911498367274
29,1064.9189401996325,,,mixed C-H bending / cyclic-ring out-of-plane deformation,tau(H12-C1-C2-C3),dihedral,0.638750015947382,-,-0.05222848283998477,0.1723421900449818
29,1064.9189401996325,,,mixed C-H bending / cyclic-ring out-of-plane deformation,nu(C3-O4),bond,0.6054069250321779,-,-0.045513639079389254,0.2150996809255757
29,1064.9189401996325,,,mixed C-H bending / cyclic-ring out-of-plane deformation,"gamma(C2;C3,O4,C9)",oop,0.5656716822735126,+,0.026556974868576007,0.5903135300950473
29,1064.9189401996325,,,mixed C-H bending / cyclic-ring out-of-plane deformation,tau(C2-C3-C9-C8),dihedral,0.5283228819775416,-,-0.026390420030773683,0.558318887434276
29,1064.9189401996325,,,mixed C-H bending / cyclic-ring out-of-plane deformation,delta(O4-C3-C9),angle,0.45795976738650696,-,-0.02621039253647121,0.4906318980424579
29,1064.9189401996325,,,mixed C-H bending / cyclic-ring out-of-plane deformation,delta(C2-C1-H11),angle,0.3494278359361332,-,-0.03402580211923232,0.2221346249262574
29,1064.9189401996325,,,mixed C-H bending / cyclic-ring out-of-plane deformation,delta(C9-C8-H18),angle,0.2895479971623596,-,-0.032015388011948184,0.2079115088694835
29,1064.9189401996325,,,mixed C-H bending / cyclic-ring out-of-plane deformation,tau(C5-C6-C8-C9),dihedral,0.23008338020132307,+,0.017092083800139997,0.5796565217156813
29,1064.9189401996325,,,mixed C-H bending / cyclic-ring out-of-plane deformation,nu(C3-C5),bond,0.22841771667693828,-,-0.019564187420323977,0.439219548300516
29,1064.9189401996325,,,mixed C-H bending / cyclic-ring out-of-plane deformation,delta(C2-C3-O4),angle,0.1383851625426411,+,0.014389638177179172,0.49188693193989014
29,1064.9189401996325,,,mixed C-H bending / cyclic-ring out-of-plane deformation,tau(H16-C6-O7-H17),dihedral,0.07841524664197672,+,0.05100821858147835,0.02218174478859686
29,1064.9189401996325,,,mixed C-H bending / cyclic-ring out-of-plane deformation,nu(C8-C9),bond,0.0758888408216121,-,-0.009278335246130512,0.6488036770482433
29,1064.9189401996325,,,mixed C-H bending / cyclic-ring out-of-plane deformation,"gamma(C6;C5,C3,O4)",oop,0.036493415684093186,+,0.005433269475502721,0.9098452403956017
29,1064.9189401996325,,,mixed C-H bending / cyclic-ring out-of-plane deformation,"gamma(H19;C9,C3,C8)",oop,0.033962094445266544,+,0.01627531929712287,0.09436499790933232
29,1064.9189401996325,,,mixed C-H bending / cyclic-ring out-of-plane deformation,nu(C6-O7),bond,0.030741271108876773,-,-0.008315904049355097,0.3271737003263393
29,1064.9189401996325,,,mixed C-H bending / cyclic-ring out-of-plane deformation,delta(O7-C6-H16),angle,0.02294525125527977,+,0.007984848828244266,0.26487131353131593
29,1064.9189401996325,,,mixed C-H bending / cyclic-ring out-of-plane deformation,delta(C1-C2-H13),angle,0.017451122139818226,+,0.0059004384198472854,0.3689183843817206
29,1064.9189401996325,,,mixed C-H bending / cyclic-ring out-of-plane deformation,delta(H13-C2-H14),angle,0.014690249617106979,+,0.004498659614815048,0.5342424723339905
29,1064.9189401996325,,,mixed C-H bending / cyclic-ring out-of-plane deformation,nu(C1-H10),bond,0.009011554724218912,-,-0.0044515699720799945,0.3346946884301047
29,1064.9189401996325,,,mixed C-H bending / cyclic-ring out-of-plane deformation,nu(C5-H15),bond,0.00602573993542151,+,0.0035579028688861366,0.35034644344056987
29,1064.9189401996325,,,mixed C-H bending / cyclic-ring out-of-plane deformation,nu(C1-H12),bond,0.0059381532343586296,+,0.003603781672256755,0.3365192870641175
29,1064.9189401996325,,,mixed C-H bending / cyclic-ring out-of-plane deformation,tau(H11-C1-C2-H13),dihedral,0.0034075369098099423,-,-0.0037755004459190025,0.17594098589112622
29,1064.9189401996325,,,mixed C-H bending / cyclic-ring out-of-plane deformation,nu(C1-H11),bond,0.0020515760741992004,+,0.002113705045794878,0.33796705053671766
29,1064.9189401996325,,,mixed C-H bending / cyclic-ring out-of-plane deformation,nu(C2-H13),bond,0.002006139575526498,+,0.0021230873643262277,0.32756758471856046
29,1064.9189401996325,,,mixed C-H bending / cyclic-ring out-of-plane deformation,"gamma(C8;C6,O7,H16)",oop,0.0010467143567686463,+,0.0014577671585313705,0.3625161519618344
29,1064.9189401996325,,,mixed C-H bending / cyclic-ring out-of-plane deformation,nu(C6-H16),bond,0.0007962031996663338,-,-0.0013286223998794772,0.33196804628701443
29,1064.9189401996325,,,mixed C-H bending / cyclic-ring out-of-plane deformation,delta(C6-O7-H17),angle,0.000795939858554614,-,-0.001749640294800923,0.19136310701446652
29,1064.9189401996325,,,mixed C-H bending / cyclic-ring out-of-plane deformation,tau(H18-C8-C9-C3),dihedral,0.00045461147191639117,-,-0.002276145451306431,0.06458265171461727
29,1064.9189401996325,,,mixed C-H bending / cyclic-ring out-of-plane deformation,nu(C9-H19),bond,0.000373166133573322,+,0.0008731189731080813,0.3602723030176744
29,1064.9189401996325,,,mixed C-H bending / cyclic-ring out-of-plane deformation,nu(C2-H14),bond,0.00021476430106762278,+,0.0006891448194914536,0.3328255096398904
29,1064.9189401996325,,,mixed C-H bending / cyclic-ring out-of-plane deformation,nu(O7-H17),bond,0.00021017612652608482,-,-0.0005519316763095013,0.5077947994859329
29,1064.9189401996325,,,mixed C-H bending / cyclic-ring out-of-plane deformation,tau(C1-C2-C3-C5),dihedral,1.76604090173246e-05,-,-0.0007618172488742217,0.022396216584251973
29,1064.9189401996325,,,mixed C-H bending / cyclic-ring out-of-plane deformation,nu(C8-H18),bond,7.642499299714093e-07,+,3.9514226328490876e-05,0.3602499637414734
30,1084.3575195767826,,,mixed cyclic-ring out-of-plane deformation / ring-site C-H in-plane bending,"gamma(C6;C5,O4,H15)",oop,32.04400747773453,-,-0.35029153341817093,0.1677575110310718
30,1084.3575195767826,,,mixed cyclic-ring out-of-plane deformation / ring-site C-H in-plane bending,nu(C6-O7),bond,12.801249598124748,-,-0.1585383029769824,0.3271737003263393
30,1084.3575195767826,,,mixed cyclic-ring out-of-plane deformation / ring-site C-H in-plane bending,delta(C9-C8-H18),angle,9.277766248080441,-,-0.16930885136617607,0.2079115088694835
30,1084.3575195767826,,,mixed cyclic-ring out-of-plane deformation / ring-site C-H in-plane bending,delta(O4-C5-H15),angle,7.095354773607361,-,-0.14336689049585408,0.22175366907519878
30,1084.3575195767826,,,mixed cyclic-ring out-of-plane deformation / ring-site C-H in-plane bending,nu(C2-C3),bond,4.777836873756849,-,-0.1022748079867206,0.29341911498367274
30,1084.3575195767826,,,mixed cyclic-ring out-of-plane deformation / ring-site C-H in-plane bending,nu(C1-C2),bond,4.648620016496253,+,0.10424179911609799,0.2748113603490793
30,1084.3575195767826,,,mixed cyclic-ring out-of-plane deformation / ring-site C-H in-plane bending,delta(C5-C6-O7),angle,3.872199232289753,+,0.07317791469409111,0.4645067893229545
30,1084.3575195767826,,,mixed cyclic-ring out-of-plane deformation / ring-site C-H in-plane bending,nu(C6-C8),bond,3.2710180222611163,+,0.0844441453181374,0.2946715982642608
30,1084.3575195767826,,,mixed cyclic-ring out-of-plane deformation / ring-site C-H in-plane bending,tau(C5-C6-C8-C9),dihedral,2.771826780643585,-,-0.05542362088574782,0.5796565217156813
30,1084.3575195767826,,,mixed cyclic-ring out-of-plane deformation / ring-site C-H in-plane bending,delta(C3-C9-H19),angle,2.6287862217611053,+,0.08906404408356014,0.2128849100581254
30,1084.3575195767826,,,mixed cyclic-ring out-of-plane deformation / ring-site C-H in-plane bending,delta(C6-O7-H17),angle,1.9080281457005959,+,0.080031415244245,0.19136310701446652
30,1084.3575195767826,,,mixed cyclic-ring out-of-plane deformation / ring-site C-H in-plane bending,delta(C2-C1-H10),angle,1.3500227788057817,+,0.06242762702429926,0.22252656956113886
30,1084.3575195767826,,,mixed cyclic-ring out-of-plane deformation / ring-site C-H in-plane bending,"gamma(C2;C3,O4,C9)",oop,1.3066736075619325,+,0.03770851295187801,0.5903135300950473
30,1084.3575195767826,,,mixed cyclic-ring out-of-plane deformation / ring-site C-H in-plane bending,nu(C5-C6),bond,1.2807403303495593,+,0.05267228795902238,0.29654537103395157
30,1084.3575195767826,,,mixed cyclic-ring out-of-plane deformation / ring-site C-H in-plane bending,"gamma(C8;C6,O7,H16)",oop,1.2105234450903115,+,0.046314836706042035,0.3625161519618344
30,1084.3575195767826,,,mixed cyclic-ring out-of-plane deformation / ring-site C-H in-plane bending,tau(C3-C5-C6-O7),dihedral,1.0742199494122706,+,0.051689206851132596,0.2582782931735298
30,1084.3575195767826,,,mixed cyclic-ring out-of-plane deformation / ring-site C-H in-plane bending,nu(C3-O4),bond,1.0209872960496695,+,0.055218868267367396,0.2150996809255757
30,1084.3575195767826,,,mixed cyclic-ring out-of-plane deformation / ring-site C-H in-plane bending,delta(C3-C2-H14),angle,1.0099814614265945,+,0.03278988347275036,0.6034316514517557
30,1084.3575195767826,,,mixed cyclic-ring out-of-plane deformation / ring-site C-H in-plane bending,nu(C3-C9),bond,0.9326900455170428,+,0.04365667874800109,0.31436224837181065
30,1084.3575195767826,,,mixed cyclic-ring out-of-plane deformation / ring-site C-H in-plane bending,delta(C2-C1-H12),angle,0.8871917441711079,-,-0.05098214040236289,0.21926827150728725
30,1084.3575195767826,,,mixed cyclic-ring out-of-plane deformation / ring-site C-H in-plane bending,delta(O4-C3-C9),angle,0.6662605508654726,-,-0.02953529922034264,0.4906318980424579
30,1084.3575195767826,,,mixed cyclic-ring out-of-plane deformation / ring-site C-H in-plane bending,nu(C3-C5),bond,0.4734822418005675,-,-0.026315294363882788,0.439219548300516
30,1084.3575195767826,,,mixed cyclic-ring out-of-plane deformation / ring-site C-H in-plane bending,delta(O7-C6-H16),angle,0.4443568977805487,-,-0.03282809758470049,0.26487131353131593
30,1084.3575195767826,,,mixed cyclic-ring out-of-plane deformation / ring-site C-H in-plane bending,delta(C1-C2-H14),angle,0.44200346484141106,+,0.022530651321464222,0.5593357924954511
30,1084.3575195767826,,,mixed cyclic-ring out-of-plane deformation / ring-site C-H in-plane bending,delta(C6-C8-C9),angle,0.41181400696558473,+,0.016007723520627792,1.0323724235705396
30,1084.3575195767826,,,mixed cyclic-ring out-of-plane deformation / ring-site C-H in-plane bending,tau(H10-C1-C2-H14),dihedral,0.3831657998453692,-,-0.038069895740990824,0.16983132350687483
30,1084.3575195767826,,,mixed cyclic-ring out-of-plane deformation / ring-site C-H in-plane bending,delta(C1-C2-H13),angle,0.36910002578293755,+,0.025351525873430154,0.3689183843817206
30,1084.3575195767826,,,mixed cyclic-ring out-of-plane deformation / ring-site C-H in-plane bending,delta(C1-C2-C3),angle,0.24945939241902784,-,-0.018591872362786425,0.4636049159394469
30,1084.3575195767826,,,mixed cyclic-ring out-of-plane deformation / ring-site C-H in-plane bending,nu(O4-C5),bond,0.23791468314257594,+,0.021905759795656125,0.3184923710839102
30,1084.3575195767826,,,mixed cyclic-ring out-of-plane deformation / ring-site C-H in-plane bending,tau(H11-C1-C2-H13),dihedral,0.17698164294818075,-,-0.025420132848253237,0.17594098589112622
30,1084.3575195767826,,,mixed cyclic-ring out-of-plane deformation / ring-site C-H in-plane bending,tau(C2-C3-C9-C8),dihedral,0.17577745931399968,-,-0.014221245929833787,0.558318887434276
30,1084.3575195767826,,,mixed cyclic-ring out-of-plane deformation / ring-site C-H in-plane bending,tau(H16-C6-O7-H17),dihedral,0.1727398973563178,-,-0.07072870260659797,0.02218174478859686
30,1084.3575195767826,,,mixed cyclic-ring out-of-plane deformation / ring-site C-H in-plane bending,tau(H18-C8-C9-C3),dihedral,0.15424723972485183,+,0.03916949563337763,0.06458265171461727
30,1084.3575195767826,,,mixed cyclic-ring out-of-plane deformation / ring-site C-H in-plane bending,delta(C2-C3-O4),angle,0.09146148872466016,+,0.010929082542571735,0.49188693193989014
30,1084.3575195767826,,,mixed cyclic-ring out-of-plane deformation / ring-site C-H in-plane bending,delta(C2-C1-H11),angle,0.07632295396543202,-,-0.014856505608192929,0.2221346249262574
30,1084.3575195767826,,,mixed cyclic-ring out-of-plane deformation / ring-site C-H in-plane bending,nu(C8-C9),bond,0.061552677286114583,-,-0.007806637939248942,0.6488036770482433
30,1084.3575195767826,,,mixed cyclic-ring out-of-plane deformation / ring-site C-H in-plane bending,"gamma(H19;C9,C3,C8)",oop,0.06107167611336063,+,0.020389739050616987,0.09436499790933232
30,1084.3575195767826,,,mixed cyclic-ring out-of-plane deformation / ring-site C-H in-plane bending,tau(C1-C2-C3-C5),dihedral,0.05793621204790001,-,-0.040764764191662826,0.022396216584251973
30,1084.3575195767826,,,mixed cyclic-ring out-of-plane deformation / ring-site C-H in-plane bending,"gamma(C6;C5,C3,O4)",oop,0.05614909172983153,+,0.006296291396909066,0.9098452403956017
30,1084.3575195767826,,,mixed cyclic-ring out-of-plane deformation / ring-site C-H in-plane bending,tau(H12-C1-C2-C3),dihedral,0.02536015747346414,-,-0.009722487300661773,0.1723421900449818
30,1084.3575195767826,,,mixed cyclic-ring out-of-plane deformation / ring-site C-H in-plane bending,delta(H13-C2-H14),angle,0.020451281202484517,+,0.004958933332022966,0.5342424723339905
30,1084.3575195767826,,,mixed cyclic-ring out-of-plane deformation / ring-site C-H in-plane bending,nu(O7-H17),bond,0.005272131801296757,-,-0.0025825350257156435,0.5077947994859329
30,1084.3575195767826,,,mixed cyclic-ring out-of-plane deformation / ring-site C-H in-plane bending,nu(C8-H18),bond,0.004989894372295376,+,0.002982915278721317,0.3602499637414734
30,1084.3575195767826,,,mixed cyclic-ring out-of-plane deformation / ring-site C-H in-plane bending,nu(C6-H16),bond,0.0042277053139940955,+,0.002860233098311771,0.33196804628701443
30,1084.3575195767826,,,mixed cyclic-ring out-of-plane deformation / ring-site C-H in-plane bending,nu(C9-H19),bond,0.0026371184073930845,+,0.0021684359189338446,0.3602723030176744
30,1084.3575195767826,,,mixed cyclic-ring out-of-plane deformation / ring-site C-H in-plane bending,nu(C2-H14),bond,0.001815259446553198,-,-0.001871794923965431,0.3328255096398904
30,1084.3575195767826,,,mixed cyclic-ring out-of-plane deformation / ring-site C-H in-plane bending,nu(C2-H13),bond,0.0014592396636804597,+,0.0016916482698938183,0.32756758471856046
30,1084.3575195767826,,,mixed cyclic-ring out-of-plane deformation / ring-site C-H in-plane bending,nu(C1-H10),bond,0.0010988974368544104,-,-0.0014522834405235052,0.3346946884301047
30,1084.3575195767826,,,mixed cyclic-ring out-of-plane deformation / ring-site C-H in-plane bending,nu(C5-H15),bond,0.0007421243895991578,+,0.0011665052859601433,0.35034644344056987
30,1084.3575195767826,,,mixed cyclic-ring out-of-plane deformation / ring-site C-H in-plane bending,nu(C1-H11),bond,0.0002356617568140825,+,0.0006692749803184098,0.33796705053671766
30,1084.3575195767826,,,mixed cyclic-ring out-of-plane deformation / ring-site C-H in-plane bending,nu(C1-H12),bond,0.0001890772408370052,+,0.0006007750154398707,0.3365192870641175
31,1107.6020454358525,,,mixed C-H bending / C-C torsion,delta(C2-C1-H11),angle,21.497313853296916,-,-0.2666323777976729,0.2221346249262574
31,1107.6020454358525,,,mixed C-H bending / C-C torsion,delta(C2-C1-H12),angle,15.355292151714956,+,0.22681410667759302,0.21926827150728725
31,1107.6020454358525,,,mixed C-H bending / C-C torsion,tau(H11-C1-C2-H13),dihedral,13.62429323848662,-,-0.23850769605474775,0.17594098589112622
31,1107.6020454358525,,,mixed C-H bending / C-C torsion,"gamma(C2;C3,O4,C9)",oop,9.83961259914063,-,-0.11065640272239563,0.5903135300950473
31,1107.6020454358525,,,mixed C-H bending / C-C torsion,delta(C1-C2-C3),angle,8.749784623131067,+,0.11774801156446357,0.4636049159394469
31,1107.6020454358525,,,mixed C-H bending / C-C torsion,delta(C3-C2-H14),angle,7.159329848252933,+,0.09335789684864627,0.6034316514517557
31,1107.6020454358525,,,mixed C-H bending / C-C torsion,tau(C2-C3-C9-C8),dihedral,6.673997004837272,+,0.09370888282456842,0.558318887434276
31,1107.6020454358525,,,mixed C-H bending / C-C torsion,nu(C1-C2),bond,4.810524356636872,-,-0.1133986239480634,0.2748113603490793
31,1107.6020454358525,,,mixed C-H bending / C-C torsion,delta(C2-C3-O4),angle,2.665883300788735,-,-0.06309818126153109,0.49188693193989014
31,1107.6020454358525,,,mixed C-H bending / C-C torsion,nu(C3-C5),bond,1.4983299977050315,-,-0.050060112742017,0.439219548300516
31,1107.6020454358525,,,mixed C-H bending / C-C torsion,nu(C2-C3),bond,1.243908287655133,-,-0.05580574314543777,0.29341911498367274
31,1107.6020454358525,,,mixed C-H bending / C-C torsion,delta(C1-C2-H14),angle,0.8725829719801773,+,0.03385290775650761,0.5593357924954511
31,1107.6020454358525,,,mixed C-H bending / C-C torsion,delta(O4-C3-C9),angle,0.872411272169363,-,-0.03614195665450509,0.4906318980424579
31,1107.6020454358525,,,mixed C-H bending / C-C torsion,nu(C3-O4),bond,0.8358259292261703,+,0.0534277583992432,0.2150996809255757
31,1107.6020454358525,,,mixed C-H bending / C-C torsion,"gamma(C6;C5,C3,O4)",oop,0.5077734543571097,+,0.02024790755230106,0.9098452403956017
31,1107.6020454358525,,,mixed C-H bending / C-C torsion,tau(H12-C1-C2-C3),dihedral,0.4725832376032426,-,-0.04488200703702916,0.1723421900449818
31,1107.6020454358525,,,mixed C-H bending / C-C torsion,delta(H13-C2-H14),angle,0.3701840197918142,-,-0.022561529822228466,0.5342424723339905
31,1107.6020454358525,,,mixed C-H bending / C-C torsion,tau(H18-C8-C9-C3),dihedral,0.35690103725463196,+,0.06371546914780565,0.06458265171461727
31,1107.6020454358525,,,mixed C-H bending / C-C torsion,delta(O4-C5-H15),angle,0.34029324316122367,+,0.033575320915718625,0.22175366907519878
31,1107.6020454358525,,,mixed C-H bending / C-C torsion,"gamma(H19;C9,C3,C8)",oop,0.3355896568827827,+,0.051112571705229926,0.09436499790933232
31,1107.6020454358525,,,mixed C-H bending / C-C torsion,tau(C3-C5-C6-O7),dihedral,0.3102708111091542,-,-0.02970676927931772,0.2582782931735298
31,1107.6020454358525,,,mixed C-H bending / C-C torsion,"gamma(C8;C6,O7,H16)",oop,0.2943984066763694,+,0.02442490951523502,0.3625161519618344
31,1107.6020454358525,,,mixed C-H bending / C-C torsion,delta(C1-C2-H13),angle,0.26017141050843423,+,0.02276111606142253,0.3689183843817206
31,1107.6020454358525,,,mixed C-H bending / C-C torsion,delta(C2-C1-H10),angle,0.22958088253885872,+,0.027529976497447397,0.22252656956113886
31,1107.6020454358525,,,mixed C-H bending / C-C torsion,delta(C6-C8-C9),angle,0.22053376954018034,+,0.012527034381265395,1.0323724235705396
31,1107.6020454358525,,,mixed C-H bending / C-C torsion,nu(C3-C9),bond,0.1910339057288592,+,0.021128513874806864,0.31436224837181065
31,1107.6020454358525,,,mixed C-H bending / C-C torsion,nu(C6-O7),bond,0.09288649393387535,-,-0.014441623178340966,0.3271737003263393
31,1107.6020454358525,,,mixed C-H bending / C-C torsion,tau(H10-C1-C2-H14),dihedral,0.07192254231955128,+,0.017638129819839914,0.16983132350687483
31,1107.6020454358525,,,mixed C-H bending / C-C torsion,delta(C3-C9-H19),angle,0.03852542902638391,+,0.011530024212642837,0.2128849100581254
31,1107.6020454358525,,,mixed C-H bending / C-C torsion,nu(C5-C6),bond,0.038343559601752265,+,0.009746070664023344,0.29654537103395157
31,1107.6020454358525,,,mixed C-H bending / C-C torsion,nu(C8-C9),bond,0.0354403869852287,+,0.0063346334981874254,0.6488036770482433
31,1107.6020454358525,,,mixed C-H bending / C-C torsion,nu(O4-C5),bond,0.02171704447088274,-,-0.007077498074863645,0.3184923710839102
31,1107.6020454358525,,,mixed C-H bending / C-C torsion,nu(C1-H12),bond,0.01937535080062088,-,-0.0065035236470901165,0.3365192870641175
31,1107.6020454358525,,,mixed C-H bending / C-C torsion,nu(C2-H13),bond,0.019160408964096574,+,0.006555122991247174,0.32756758471856046
31,1107.6020454358525,,,mixed C-H bending / C-C torsion,nu(C1-H11),bond,0.018327159422543007,+,0.006311597778195462,0.33796705053671766
31,1107.6020454358525,,,mixed C-H bending / C-C torsion,tau(H16-C6-O7-H17),dihedral,0.016761249550431536,-,-0.023560486858278527,0.02218174478859686
31,1107.6020454358525,,,mixed C-H bending / C-C torsion,tau(C5-C6-C8-C9),dihedral,0.01254687253258217,-,-0.003987597327855268,0.5796565217156813
31,1107.6020454358525,,,mixed C-H bending / C-C torsion,tau(C1-C2-C3-C5),dihedral,0.008379102591231993,+,0.016578313238604713,0.022396216584251973
31,1107.6020454358525,,,mixed C-H bending / C-C torsion,delta(C5-C6-O7),angle,0.0065213716115433305,+,0.0032114588224866412,0.4645067893229545
31,1107.6020454358525,,,mixed C-H bending / C-C torsion,nu(C2-H14),bond,0.003309548591400972,-,-0.002702744515138696,0.3328255096398904
31,1107.6020454358525,,,mixed C-H bending / C-C torsion,nu(C1-H10),bond,0.003196414263499403,-,-0.0026487199124609535,0.3346946884301047
31,1107.6020454358525,,,mixed C-H bending / C-C torsion,delta(O7-C6-H16),angle,0.0024970479371375512,+,0.0026316303953878616,0.26487131353131593
31,1107.6020454358525,,,mixed C-H bending / C-C torsion,delta(C6-O7-H17),angle,0.0012318385739281891,-,-0.0021745866098795467,0.19136310701446652
31,1107.6020454358525,,,mixed C-H bending / C-C torsion,nu(C6-C8),bond,0.0006831652901394834,-,-0.0013050365458329102,0.2946715982642608
31,1107.6020454358525,,,mixed C-H bending / C-C torsion,delta(C9-C8-H18),angle,0.00039405886506463443,+,0.0011799679263975844,0.2079115088694835
31,1107.6020454358525,,,mixed C-H bending / C-C torsion,nu(O7-H17),bond,0.0003196158795481337,+,0.0006799844266126819,0.5077947994859329
31,1107.6020454358525,,,mixed C-H bending / C-C torsion,"gamma(C6;C5,O4,H15)",oop,3.142499594283563e-05,-,-0.00037095868616263946,0.1677575110310718
31,1107.6020454358525,,,mixed C-H bending / C-C torsion,nu(C6-H16),bond,9.82180390422412e-06,+,0.00014742678841365073,0.33196804628701443
31,1107.6020454358525,,,mixed C-H bending / C-C torsion,nu(C8-H18),bond,9.422089076052399e-06,-,-0.00013861190956944146,0.3602499637414734
31,1107.6020454358525,,,mixed C-H bending / C-C torsion,nu(C5-H15),bond,5.69491921422389e-06,-,-0.00010927576208276441,0.35034644344056987
31,1107.6020454358525,,,mixed C-H bending / C-C torsion,nu(C9-H19),bond,1.7048058808961868e-06,+,5.895911366640226e-05,0.3602723030176744
32,1136.7502356942846,,,mixed ring-site C-H in-plane bending / in-phase cyclic C-C stretching,delta(C3-C9-H19),angle,29.8210115216024,-,-0.2661307466070986,0.2128849100581254
32,1136.7502356942846,,,mixed ring-site C-H in-plane bending / in-phase cyclic C-C stretching,delta(C9-C8-H18),angle,26.632755665546757,+,0.2544925618452213,0.2079115088694835
32,1136.7502356942846,,,mixed ring-site C-H in-plane bending / in-phase cyclic C-C stretching,delta(O4-C5-H15),angle,8.775092259135535,-,-0.14144797837500492,0.22175366907519878
32,1136.7502356942846,,,mixed ring-site C-H in-plane bending / in-phase cyclic C-C stretching,nu(C6-O7),bond,7.112080544992285,-,-0.10483720803356013,0.3271737003263393
32,1136.7502356942846,,,mixed ring-site C-H in-plane bending / in-phase cyclic C-C stretching,nu(C8-C9),bond,6.08252840225243,+,0.0688480632578645,0.6488036770482433
32,1136.7502356942846,,,mixed ring-site C-H in-plane bending / in-phase cyclic C-C stretching,nu(O4-C5),bond,3.0485943091562056,-,-0.06956753361537017,0.3184923710839102
32,1136.7502356942846,,,mixed ring-site C-H in-plane bending / in-phase cyclic C-C stretching,"gamma(C6;C5,O4,H15)",oop,2.6703942146926756,-,-0.08971251017496136,0.1677575110310718
32,1136.7502356942846,,,mixed ring-site C-H in-plane bending / in-phase cyclic C-C stretching,nu(C5-C6),bond,2.3061097366006043,+,0.06270478980371333,0.29654537103395157
32,1136.7502356942846,,,mixed ring-site C-H in-plane bending / in-phase cyclic C-C stretching,"gamma(C8;C6,O7,H16)",oop,2.1964976382289843,-,-0.05534877277462734,0.3625161519618344
32,1136.7502356942846,,,mixed ring-site C-H in-plane bending / in-phase cyclic C-C stretching,"gamma(C6;C5,C3,O4)",oop,1.6423755221550727,+,0.030210559908861002,0.9098452403956017
32,1136.7502356942846,,,mixed ring-site C-H in-plane bending / in-phase cyclic C-C stretching,delta(C6-O7-H17),angle,1.5449890461961466,+,0.06389103180036652,0.19136310701446652
32,1136.7502356942846,,,mixed ring-site C-H in-plane bending / in-phase cyclic C-C stretching,"gamma(C2;C3,O4,C9)",oop,1.141892938562131,+,0.031273582293350546,0.5903135300950473
32,1136.7502356942846,,,mixed ring-site C-H in-plane bending / in-phase cyclic C-C stretching,delta(O7-C6-H16),angle,0.9800012472618649,-,-0.043251598004501096,0.26487131353131593
32,1136.7502356942846,,,mixed ring-site C-H in-plane bending / in-phase cyclic C-C stretching,delta(C3-C2-H14),angle,0.907247066024789,+,0.027571160686539906,0.6034316514517557
32,1136.7502356942846,,,mixed ring-site C-H in-plane bending / in-phase cyclic C-C stretching,delta(C2-C1-H10),angle,0.8959324026570111,+,0.045118327431423536,0.22252656956113886
32,1136.7502356942846,,,mixed ring-site C-H in-plane bending / in-phase cyclic C-C stretching,nu(C3-C5),bond,0.6183824760482824,-,-0.02668050605796879,0.439219548300516
32,1136.7502356942846,,,mixed ring-site C-H in-plane bending / in-phase cyclic C-C stretching,nu(C6-C8),bond,0.37171665113757935,+,0.025254755881113592,0.2946715982642608
32,1136.7502356942846,,,mixed ring-site C-H in-plane bending / in-phase cyclic C-C stretching,delta(C1-C2-C3),angle,0.36261954435369953,-,-0.019886478910268717,0.4636049159394469
32,1136.7502356942846,,,mixed ring-site C-H in-plane bending / in-phase cyclic C-C stretching,delta(C2-C1-H12),angle,0.3286418160293868,-,-0.027528327135565408,0.21926827150728725
32,1136.7502356942846,,,mixed ring-site C-H in-plane bending / in-phase cyclic C-C stretching,tau(H16-C6-O7-H17),dihedral,0.32306602546648927,+,0.08581320025876077,0.02218174478859686
32,1136.7502356942846,,,mixed ring-site C-H in-plane bending / in-phase cyclic C-C stretching,tau(H10-C1-C2-H14),dihedral,0.31920597653161825,-,-0.030827117393452952,0.16983132350687483
32,1136.7502356942846,,,mixed ring-site C-H in-plane bending / in-phase cyclic C-C stretching,delta(C1-C2-H14),angle,0.3189634339407047,+,0.016980108063232014,0.5593357924954511
32,1136.7502356942846,,,mixed ring-site C-H in-plane bending / in-phase cyclic C-C stretching,tau(C5-C6-C8-C9),dihedral,0.25005921171069023,-,-0.014768703511531273,0.5796565217156813
32,1136.7502356942846,,,mixed ring-site C-H in-plane bending / in-phase cyclic C-C stretching,nu(C2-C3),bond,0.2495544841681494,-,-0.020736945861354467,0.29341911498367274
32,1136.7502356942846,,,mixed ring-site C-H in-plane bending / in-phase cyclic C-C stretching,nu(C1-C2),bond,0.18259604137082897,+,0.018328825826605232,0.2748113603490793
32,1136.7502356942846,,,mixed ring-site C-H in-plane bending / in-phase cyclic C-C stretching,tau(C2-C3-C9-C8),dihedral,0.16536495586895367,-,-0.012237336038688668,0.558318887434276
32,1136.7502356942846,,,mixed ring-site C-H in-plane bending / in-phase cyclic C-C stretching,delta(C5-C6-O7),angle,0.1524384829979836,+,0.012881237341033568,0.4645067893229545
32,1136.7502356942846,,,mixed ring-site C-H in-plane bending / in-phase cyclic C-C stretching,tau(C3-C5-C6-O7),dihedral,0.13510264515917314,+,0.016262760957978153,0.2582782931735298
32,1136.7502356942846,,,mixed ring-site C-H in-plane bending / in-phase cyclic C-C stretching,delta(C6-C8-C9),angle,0.13280175687499912,+,0.008064733466973732,1.0323724235705396
32,1136.7502356942846,,,mixed ring-site C-H in-plane bending / in-phase cyclic C-C stretching,delta(O4-C3-C9),angle,0.11455701525831656,+,0.010865238430968396,0.4906318980424579
32,1136.7502356942846,,,mixed ring-site C-H in-plane bending / in-phase cyclic C-C stretching,"gamma(H19;C9,C3,C8)",oop,0.044834069881106144,-,-0.015499044356229069,0.09436499790933232
32,1136.7502356942846,,,mixed ring-site C-H in-plane bending / in-phase cyclic C-C stretching,tau(H18-C8-C9-C3),dihedral,0.044349520767505445,-,-0.018633431256427635,0.06458265171461727
32,1136.7502356942846,,,mixed ring-site C-H in-plane bending / in-phase cyclic C-C stretching,tau(H11-C1-C2-H13),dihedral,0.03701728647572218,-,-0.010313951518392045,0.17594098589112622
32,1136.7502356942846,,,mixed ring-site C-H in-plane bending / in-phase cyclic C-C stretching,nu(C3-C9),bond,0.019225203123105963,-,-0.005560663075335925,0.31436224837181065
32,1136.7502356942846,,,mixed ring-site C-H in-plane bending / in-phase cyclic C-C stretching,nu(C8-H18),bond,0.012606317167653315,+,0.004206282606288263,0.3602499637414734
32,1136.7502356942846,,,mixed ring-site C-H in-plane bending / in-phase cyclic C-C stretching,delta(C2-C1-H11),angle,0.011660212815483172,-,-0.005151710090030534,0.2221346249262574
32,1136.7502356942846,,,mixed ring-site C-H in-plane bending / in-phase cyclic C-C stretching,nu(C3-O4),bond,0.011353758694859979,-,-0.005166022020901463,0.2150996809255757
32,1136.7502356942846,,,mixed ring-site C-H in-plane bending / in-phase cyclic C-C stretching,tau(C1-C2-C3-C5),dihedral,0.008931076951804883,-,-0.014199429395105583,0.022396216584251973
32,1136.7502356942846,,,mixed ring-site C-H in-plane bending / in-phase cyclic C-C stretching,delta(C1-C2-H13),angle,0.0053325481241589074,+,0.0027033890414318454,0.3689183843817206
32,1136.7502356942846,,,mixed ring-site C-H in-plane bending / in-phase cyclic C-C stretching,nu(O7-H17),bond,0.004715760873669877,-,-0.0021668960069684173,0.5077947994859329
32,1136.7502356942846,,,mixed ring-site C-H in-plane bending / in-phase cyclic C-C stretching,nu(C9-H19),bond,0.00454634453554042,+,0.0025259342446876305,0.3602723030176744
32,1136.7502356942846,,,mixed ring-site C-H in-plane bending / in-phase cyclic C-C stretching,nu(C6-H16),bond,0.0036173269376206067,+,0.002347210537749239,0.33196804628701443
32,1136.7502356942846,,,mixed ring-site C-H in-plane bending / in-phase cyclic C-C stretching,delta(C2-C3-O4),angle,0.0034375660627994744,+,0.0018797460915062798,0.49188693193989014
32,1136.7502356942846,,,mixed ring-site C-H in-plane bending / in-phase cyclic C-C stretching,nu(C5-H15),bond,0.0024144886194490435,-,-0.0018666806735638608,0.35034644344056987
32,1136.7502356942846,,,mixed ring-site C-H in-plane bending / in-phase cyclic C-C stretching,delta(H13-C2-H14),angle,0.0020421156186729537,+,0.001390199935379331,0.5342424723339905
32,1136.7502356942846,,,mixed ring-site C-H in-plane bending / in-phase cyclic C-C stretching,nu(C2-H14),bond,0.0005617881635226937,-,-0.000923813481535307,0.3328255096398904
32,1136.7502356942846,,,mixed ring-site C-H in-plane bending / in-phase cyclic C-C stretching,nu(C2-H13),bond,0.0003192194928841582,+,0.000701940900803617,0.32756758471856046
32,1136.7502356942846,,,mixed ring-site C-H in-plane bending / in-phase cyclic C-C stretching,nu(C1-H12),bond,0.00020449180931726864,+,0.0005542928607571954,0.3365192870641175
32,1136.7502356942846,,,mixed ring-site C-H in-plane bending / in-phase cyclic C-C stretching,nu(C1-H10),bond,0.0001076872898591575,-,-0.0004033333372612906,0.3346946884301047
32,1136.7502356942846,,,mixed ring-site C-H in-plane bending / in-phase cyclic C-C stretching,nu(C1-H11),bond,9.832524330202053e-05,+,0.0003835320310532719,0.33796705053671766
32,1136.7502356942846,,,mixed ring-site C-H in-plane bending / in-phase cyclic C-C stretching,tau(H12-C1-C2-C3),dihedral,5.185937023640854e-05,-,-0.00039005344842462855,0.1723421900449818
33,1230.4886247416991,,,mixed C-H bending / mixed-phase cyclic C-C stretching,delta(C1-C2-H13),angle,15.18015212794613,+,0.18554985068867058,0.3689183843817206
33,1230.4886247416991,,,mixed C-H bending / mixed-phase cyclic C-C stretching,nu(C3-C9),bond,10.77807594507969,+,0.16937258773359057,0.31436224837181065
33,1230.4886247416991,,,mixed C-H bending / mixed-phase cyclic C-C stretching,delta(C2-C1-H10),angle,9.562497686660214,-,-0.1896192530085486,0.22252656956113886
33,1230.4886247416991,,,mixed C-H bending / mixed-phase cyclic C-C stretching,delta(C3-C2-H14),angle,8.969982636494363,-,-0.11152428673997584,0.6034316514517557
33,1230.4886247416991,,,mixed C-H bending / mixed-phase cyclic C-C stretching,nu(C2-C3),bond,8.745279778447879,-,-0.15791753229753708,0.29341911498367274
33,1230.4886247416991,,,mixed C-H bending / mixed-phase cyclic C-C stretching,delta(C1-C2-H14),angle,7.429278184423483,-,-0.10542041000825926,0.5593357924954511
33,1230.4886247416991,,,mixed C-H bending / mixed-phase cyclic C-C stretching,delta(C2-C3-O4),angle,6.064478275398156,+,0.10156680154949488,0.49188693193989014
33,1230.4886247416991,,,mixed C-H bending / mixed-phase cyclic C-C stretching,delta(C9-C8-H18),angle,3.4493441413687043,+,0.11781936948338895,0.2079115088694835
33,1230.4886247416991,,,mixed C-H bending / mixed-phase cyclic C-C stretching,"gamma(C8;C6,O7,H16)",oop,3.4185703695038048,+,0.08882726239947533,0.3625161519618344
33,1230.4886247416991,,,mixed C-H bending / mixed-phase cyclic C-C stretching,delta(C2-C1-H11),angle,3.3622098450972366,+,0.11253612960498101,0.2221346249262574
33,1230.4886247416991,,,mixed C-H bending / mixed-phase cyclic C-C stretching,delta(O4-C3-C9),angle,2.913356774365707,-,-0.07048661298446261,0.4906318980424579
33,1230.4886247416991,,,mixed C-H bending / mixed-phase cyclic C-C stretching,delta(C3-C9-H19),angle,2.8676958580240286,+,0.10616510695902834,0.2128849100581254
33,1230.4886247416991,,,mixed C-H bending / mixed-phase cyclic C-C stretching,delta(C1-C2-C3),angle,1.9200653278303512,+,0.05886697004446987,0.4636049159394469
33,1230.4886247416991,,,mixed C-H bending / mixed-phase cyclic C-C stretching,delta(O7-C6-H16),angle,1.797536358947252,-,-0.07535447969770748,0.26487131353131593
33,1230.4886247416991,,,mixed C-H bending / mixed-phase cyclic C-C stretching,"gamma(C6;C5,C3,O4)",oop,1.7895226623570148,+,0.04056696653972098,0.9098452403956017
33,1230.4886247416991,,,mixed C-H bending / mixed-phase cyclic C-C stretching,delta(C6-O7-H17),angle,1.591580453846167,+,0.08342051908910732,0.19136310701446652
33,1230.4886247416991,,,mixed C-H bending / mixed-phase cyclic C-C stretching,"gamma(C2;C3,O4,C9)",oop,1.4199959175826657,-,-0.044863161550997475,0.5903135300950473
33,1230.4886247416991,,,mixed C-H bending / mixed-phase cyclic C-C stretching,"gamma(C6;C5,O4,H15)",oop,1.4035565060838577,+,0.08366843778574658,0.1677575110310718
33,1230.4886247416991,,,mixed C-H bending / mixed-phase cyclic C-C stretching,nu(C3-C5),bond,1.1532705465028654,-,-0.046871890039337394,0.439219548300516
33,1230.4886247416991,,,mixed C-H bending / mixed-phase cyclic C-C stretching,tau(H10-C1-C2-H14),dihedral,0.8469220949633921,+,0.06459524217773029,0.16983132350687483
33,1230.4886247416991,,,mixed C-H bending / mixed-phase cyclic C-C stretching,nu(O4-C5),bond,0.6859501548090903,-,-0.042450661142995796,0.3184923710839102
33,1230.4886247416991,,,mixed C-H bending / mixed-phase cyclic C-C stretching,nu(C8-C9),bond,0.6221997438990102,+,0.028326698431244763,0.6488036770482433
33,1230.4886247416991,,,mixed C-H bending / mixed-phase cyclic C-C stretching,delta(C2-C1-H12),angle,0.5944893780669204,+,0.04762904234447269,0.21926827150728725
33,1230.4886247416991,,,mixed C-H bending / mixed-phase cyclic C-C stretching,tau(C5-C6-C8-C9),dihedral,0.45576365877932246,+,0.02564910287804535,0.5796565217156813
33,1230.4886247416991,,,mixed C-H bending / mixed-phase cyclic C-C stretching,nu(C5-C6),bond,0.3763205797174003,+,0.032585253668360945,0.29654537103395157
33,1230.4886247416991,,,mixed C-H bending / mixed-phase cyclic C-C stretching,delta(O4-C5-H15),angle,0.37522117914632086,+,0.037626685301454445,0.22175366907519878
33,1230.4886247416991,,,mixed C-H bending / mixed-phase cyclic C-C stretching,tau(H11-C1-C2-H13),dihedral,0.33739023214426267,-,-0.04005626377059425,0.17594098589112622
33,1230.4886247416991,,,mixed C-H bending / mixed-phase cyclic C-C stretching,tau(H16-C6-O7-H17),dihedral,0.2938726237048206,-,-0.1052857049607143,0.02218174478859686
33,1230.4886247416991,,,mixed C-H bending / mixed-phase cyclic C-C stretching,tau(C2-C3-C9-C8),dihedral,0.2803001410418693,+,0.020495484749293587,0.558318887434276
33,1230.4886247416991,,,mixed C-H bending / mixed-phase cyclic C-C stretching,delta(C5-C6-O7),angle,0.24913656392142847,-,-0.021184118563940514,0.4645067893229545
33,1230.4886247416991,,,mixed C-H bending / mixed-phase cyclic C-C stretching,nu(C3-O4),bond,0.16905821382378805,-,-0.02564401081045029,0.2150996809255757
33,1230.4886247416991,,,mixed C-H bending / mixed-phase cyclic C-C stretching,tau(H12-C1-C2-C3),dihedral,0.15461330904370343,+,0.027397777228775972,0.1723421900449818
33,1230.4886247416991,,,mixed C-H bending / mixed-phase cyclic C-C stretching,tau(C3-C5-C6-O7),dihedral,0.14378474620517706,-,-0.021582420509651055,0.2582782931735298
33,1230.4886247416991,,,mixed C-H bending / mixed-phase cyclic C-C stretching,nu(C6-C8),bond,0.14227330398185478,+,0.020099269134278147,0.2946715982642608
33,1230.4886247416991,,,mixed C-H bending / mixed-phase cyclic C-C stretching,nu(C6-O7),bond,0.0999423719251031,-,-0.015987233921851123,0.3271737003263393
33,1230.4886247416991,,,mixed C-H bending / mixed-phase cyclic C-C stretching,tau(H18-C8-C9-C3),dihedral,0.09713318608802846,+,0.03547427897500375,0.06458265171461727
33,1230.4886247416991,,,mixed C-H bending / mixed-phase cyclic C-C stretching,tau(C1-C2-C3-C5),dihedral,0.08856842396890077,+,0.05752277450675656,0.022396216584251973
33,1230.4886247416991,,,mixed C-H bending / mixed-phase cyclic C-C stretching,delta(H13-C2-H14),angle,0.06646772975247738,-,-0.010202906652304174,0.5342424723339905
33,1230.4886247416991,,,mixed C-H bending / mixed-phase cyclic C-C stretching,delta(C6-C8-C9),angle,0.03214577327533211,+,0.005104244121819498,1.0323724235705396
33,1230.4886247416991,,,mixed C-H bending / mixed-phase cyclic C-C stretching,nu(C9-H19),bond,0.02115632044367161,+,0.007009585325409074,0.3602723030176744
33,1230.4886247416991,,,mixed C-H bending / mixed-phase cyclic C-C stretching,"gamma(H19;C9,C3,C8)",oop,0.020414518275279014,+,0.013454011579200136,0.09436499790933232
33,1230.4886247416991,,,mixed C-H bending / mixed-phase cyclic C-C stretching,nu(O7-H17),bond,0.007355678308557412,-,-0.0034814081023970354,0.5077947994859329
33,1230.4886247416991,,,mixed C-H bending / mixed-phase cyclic C-C stretching,nu(C8-H18),bond,0.005860918555242121,+,0.0036895089364205563,0.3602499637414734
33,1230.4886247416991,,,mixed C-H bending / mixed-phase cyclic C-C stretching,nu(C1-H12),bond,0.004350010230931371,-,-0.0032887272391693033,0.3365192870641175
33,1230.4886247416991,,,mixed C-H bending / mixed-phase cyclic C-C stretching,nu(C1-H11),bond,0.0037587166579579737,-,-0.003050494946230175,0.33796705053671766
33,1230.4886247416991,,,mixed C-H bending / mixed-phase cyclic C-C stretching,nu(C2-H14),bond,0.003443428366276197,+,0.0029422184860651325,0.3328255096398904
33,1230.4886247416991,,,mixed C-H bending / mixed-phase cyclic C-C stretching,nu(C1-H10),bond,0.003301080136489987,+,0.0028727069153973795,0.3346946884301047
33,1230.4886247416991,,,mixed C-H bending / mixed-phase cyclic C-C stretching,nu(C2-H13),bond,0.001345547267869636,-,-0.0018539017586212737,0.32756758471856046
33,1230.4886247416991,,,mixed C-H bending / mixed-phase cyclic C-C stretching,nu(C5-H15),bond,0.000747232877280492,+,0.0013358780863558979,0.35034644344056987
33,1230.4886247416991,,,mixed C-H bending / mixed-phase cyclic C-C stretching,nu(C1-C2),bond,0.00024750414589925655,+,0.0008680836856895915,0.2748113603490793
33,1230.4886247416991,,,mixed C-H bending / mixed-phase cyclic C-C stretching,nu(C6-H16),bond,1.624051679334421e-05,+,0.00020232030800529794,0.33196804628701443
34,1262.7127187373658,,,mixed O-H bending / C-H bending,delta(C6-O7-H17),angle,36.8878703221786,+,0.37230975963136276,0.19136310701446652
34,1262.7127187373658,,,mixed O-H bending / C-H bending,delta(O7-C6-H16),angle,27.0870954881765,-,-0.2711786492596191,0.26487131353131593
34,1262.7127187373658,,,mixed O-H bending / C-H bending,tau(C5-C6-C8-C9),dihedral,6.037182764099792,+,0.08654132394965829,0.5796565217156813
34,1262.7127187373658,,,mixed O-H bending / C-H bending,nu(C6-O7),bond,5.92185345455972,+,0.11408574202904673,0.3271737003263393
34,1262.7127187373658,,,mixed O-H bending / C-H bending,nu(C5-C6),bond,4.0033985035936,-,-0.09852820551147792,0.29654537103395157
34,1262.7127187373658,,,mixed O-H bending / C-H bending,delta(C1-C2-H13),angle,3.4495113251148144,-,-0.08199839938145023,0.3689183843817206
34,1262.7127187373658,,,mixed O-H bending / C-H bending,delta(O4-C5-H15),angle,3.3579085962816118,-,-0.10434959418836624,0.22175366907519878
34,1262.7127187373658,,,mixed O-H bending / C-H bending,"gamma(C6;C5,O4,H15)",oop,2.241602186339159,+,0.09802345823507469,0.1677575110310718
34,1262.7127187373658,,,mixed O-H bending / C-H bending,"gamma(C8;C6,O7,H16)",oop,2.023390791064264,-,-0.06335311015532086,0.3625161519618344
34,1262.7127187373658,,,mixed O-H bending / C-H bending,"gamma(C6;C5,C3,O4)",oop,1.635881230193206,+,0.03595703372264258,0.9098452403956017
34,1262.7127187373658,,,mixed O-H bending / C-H bending,delta(C5-C6-O7),angle,1.4632400362703286,-,-0.04759414081044138,0.4645067893229545
34,1262.7127187373658,,,mixed O-H bending / C-H bending,delta(C6-C8-C9),angle,1.2121730802174244,-,-0.029057340081599953,1.0323724235705396
34,1262.7127187373658,,,mixed O-H bending / C-H bending,delta(C3-C9-H19),angle,0.528591835162836,+,0.042255137819156394,0.2128849100581254
34,1262.7127187373658,,,mixed O-H bending / C-H bending,nu(C3-C9),bond,0.5197682993266675,-,-0.03448112584013721,0.31436224837181065
34,1262.7127187373658,,,mixed O-H bending / C-H bending,delta(C2-C1-H11),angle,0.47724329536762555,-,-0.03930551807270023,0.2221346249262574
34,1262.7127187373658,,,mixed O-H bending / C-H bending,nu(C2-C3),bond,0.44341560308204164,+,0.03296499548671336,0.29341911498367274
34,1262.7127187373658,,,mixed O-H bending / C-H bending,delta(C2-C3-O4),angle,0.37482162604330915,-,-0.023408382981734054,0.49188693193989014
34,1262.7127187373658,,,mixed O-H bending / C-H bending,delta(C2-C1-H10),angle,0.3620831534482576,+,0.034206210143956715,0.22252656956113886
34,1262.7127187373658,,,mixed O-H bending / C-H bending,nu(C8-C9),bond,0.2916256402089832,-,-0.01797827162912293,0.6488036770482433
34,1262.7127187373658,,,mixed O-H bending / C-H bending,delta(C3-C2-H14),angle,0.2759067082399567,+,0.018132547475769256,0.6034316514517557
34,1262.7127187373658,,,mixed O-H bending / C-H bending,delta(O4-C3-C9),angle,0.2510912895758615,+,0.019183580550223286,0.4906318980424579
34,1262.7127187373658,,,mixed O-H bending / C-H bending,delta(C1-C2-H14),angle,0.2268070532792509,+,0.01707590417283376,0.5593357924954511
34,1262.7127187373658,,,mixed O-H bending / C-H bending,nu(O7-H17),bond,0.17255440891758023,-,-0.01563185947528654,0.5077947994859329
34,1262.7127187373658,,,mixed O-H bending / C-H bending,tau(H11-C1-C2-H13),dihedral,0.16465665394868947,+,0.025941666311399526,0.17594098589112622
34,1262.7127187373658,,,mixed O-H bending / C-H bending,tau(C2-C3-C9-C8),dihedral,0.15058674669133806,+,0.013926563120906475,0.558318887434276
34,1262.7127187373658,,,mixed O-H bending / C-H bending,tau(H12-C1-C2-C3),dihedral,0.07549960959862459,-,-0.01774877098551491,0.1723421900449818
34,1262.7127187373658,,,mixed O-H bending / C-H bending,tau(H18-C8-C9-C3),dihedral,0.07297926854105022,+,0.028505820962339126,0.06458265171461727
34,1262.7127187373658,,,mixed O-H bending / C-H bending,delta(C9-C8-H18),angle,0.0601670005564707,-,-0.01442552581005075,0.2079115088694835
34,1262.7127187373658,,,mixed O-H bending / C-H bending,tau(H16-C6-O7-H17),dihedral,0.045463518570111626,+,0.03839064479408574,0.02218174478859686
34,1262.7127187373658,,,mixed O-H bending / C-H bending,delta(C2-C1-H12),angle,0.042390521683086976,+,0.011790662836887771,0.21926827150728725
34,1262.7127187373658,,,mixed O-H bending / C-H bending,tau(C3-C5-C6-O7),dihedral,0.02827643519607685,+,0.00887278812770698,0.2582782931735298
34,1262.7127187373658,,,mixed O-H bending / C-H bending,"gamma(C2;C3,O4,C9)",oop,0.026720449326839587,-,-0.005705218031981834,0.5903135300950473
34,1262.7127187373658,,,mixed O-H bending / C-H bending,nu(C5-H15),bond,0.023988957173934178,-,-0.0070169529492831,0.35034644344056987
34,1262.7127187373658,,,mixed O-H bending / C-H bending,nu(C6-C8),bond,0.02085902712133888,-,-0.007134599868789271,0.2946715982642608
34,1262.7127187373658,,,mixed O-H bending / C-H bending,"gamma(H19;C9,C3,C8)",oop,0.01962037638344556,+,0.012227563765530792,0.09436499790933232
34,1262.7127187373658,,,mixed O-H bending / C-H bending,nu(C8-H18),bond,0.0061171709830317575,-,-0.003494339306466022,0.3602499637414734
34,1262.7127187373658,,,mixed O-H bending / C-H bending,nu(C3-O4),bond,0.005364167988673939,-,-0.004234703798018277,0.2150996809255757
34,1262.7127187373658,,,mixed O-H bending / C-H bending,nu(C9-H19),bond,0.002850213942187318,-,-0.0023851463314305066,0.3602723030176744
34,1262.7127187373658,,,mixed O-H bending / C-H bending,tau(C1-C2-C3-C5),dihedral,0.0027854799630133526,-,-0.009457022590780849,0.022396216584251973
34,1262.7127187373658,,,mixed O-H bending / C-H bending,nu(C6-H16),bond,0.00242118971597113,-,-0.0022901187657448957,0.33196804628701443
34,1262.7127187373658,,,mixed O-H bending / C-H bending,nu(O4-C5),bond,0.001583386078121292,+,0.0018907566236302201,0.3184923710839102
34,1262.7127187373658,,,mixed O-H bending / C-H bending,tau(H10-C1-C2-H14),dihedral,0.0010784403520289981,+,0.0021368837877827084,0.16983132350687483
34,1262.7127187373658,,,mixed O-H bending / C-H bending,nu(C1-H11),bond,0.0006015275774516056,+,0.0011313118259820003,0.33796705053671766
34,1262.7127187373658,,,mixed O-H bending / C-H bending,nu(C1-C2),bond,0.00040090287967971657,+,0.0010242217246783812,0.2748113603490793
34,1262.7127187373658,,,mixed O-H bending / C-H bending,nu(C3-C5),bond,0.00024214898351098866,-,-0.000629639885282404,0.439219548300516
34,1262.7127187373658,,,mixed O-H bending / C-H bending,nu(C2-H13),bond,9.380421021976065e-05,-,-0.0004537874103198141,0.32756758471856046
34,1262.7127187373658,,,mixed O-H bending / C-H bending,nu(C1-H12),bond,8.384895527962822e-05,+,0.0004232876371133089,0.3365192870641175
34,1262.7127187373658,,,mixed O-H bending / C-H bending,nu(C1-H10),bond,7.680002087745819e-05,-,-0.0004062075539378914,0.3346946884301047
34,1262.7127187373658,,,mixed O-H bending / C-H bending,delta(C1-C2-C3),angle,6.991779638598907e-05,+,0.00032931505564593285,0.4636049159394469
34,1262.7127187373658,,,mixed O-H bending / C-H bending,nu(C2-H14),bond,3.85140702994476e-06,-,-9.122064589975256e-05,0.3328255096398904
34,1262.7127187373658,,,mixed O-H bending / C-H bending,delta(H13-C2-H14),angle,1.8936141543003662e-06,+,5.048568767947044e-05,0.5342424723339905
35,1272.3112430239055,,,mixed ring-site C-H in-plane bending / C-H bending,delta(O4-C5-H15),angle,45.819254978732765,+,0.40595393323978546,0.22175366907519878
35,1272.3112430239055,,,mixed ring-site C-H in-plane bending / C-H bending,delta(C1-C2-H14),angle,14.718414954023874,+,0.1448713025371223,0.5593357924954511
35,1272.3112430239055,,,mixed ring-site C-H in-plane bending / C-H bending,nu(C3-C5),bond,8.800624405101123,+,0.12641658723012641,0.439219548300516
35,1272.3112430239055,,,mixed ring-site C-H in-plane bending / C-H bending,delta(C3-C2-H14),angle,5.307885495490407,-,-0.08375965477967569,0.6034316514517557
35,1272.3112430239055,,,mixed ring-site C-H in-plane bending / C-H bending,delta(O7-C6-H16),angle,4.206512611077092,-,-0.11254644566776219,0.26487131353131593
35,1272.3112430239055,,,mixed ring-site C-H in-plane bending / C-H bending,nu(C5-C6),bond,3.1709349126912048,+,0.09234985934462743,0.29654537103395157
35,1272.3112430239055,,,mixed ring-site C-H in-plane bending / C-H bending,"gamma(C2;C3,O4,C9)",oop,2.391738369360243,+,0.056846484960447904,0.5903135300950473
35,1272.3112430239055,,,mixed ring-site C-H in-plane bending / C-H bending,"gamma(C6;C5,C3,O4)",oop,1.815135730753209,-,-0.0398895317478849,0.9098452403956017
35,1272.3112430239055,,,mixed ring-site C-H in-plane bending / C-H bending,delta(C3-C9-H19),angle,1.681397078993894,-,-0.07936899007573915,0.2128849100581254
35,1272.3112430239055,,,mixed ring-site C-H in-plane bending / C-H bending,delta(C2-C1-H10),angle,1.2189947439615123,+,0.06609949311904703,0.22252656956113886
35,1272.3112430239055,,,mixed ring-site C-H in-plane bending / C-H bending,"gamma(C8;C6,O7,H16)",oop,1.2183941204360644,+,0.05177479233904775,0.3625161519618344
35,1272.3112430239055,,,mixed ring-site C-H in-plane bending / C-H bending,delta(C6-O7-H17),angle,1.084640953417374,+,0.0672360267676276,0.19136310701446652
35,1272.3112430239055,,,mixed ring-site C-H in-plane bending / C-H bending,nu(C2-C3),bond,0.9976805538227909,-,-0.05207624977132085,0.29341911498367274
35,1272.3112430239055,,,mixed ring-site C-H in-plane bending / C-H bending,delta(C5-C6-O7),angle,0.9290075458331446,-,-0.03993941844130851,0.4645067893229545
35,1272.3112430239055,,,mixed ring-site C-H in-plane bending / C-H bending,"gamma(C6;C5,O4,H15)",oop,0.8945256777153777,-,-0.06521440975824817,0.1677575110310718
35,1272.3112430239055,,,mixed ring-site C-H in-plane bending / C-H bending,nu(C3-O4),bond,0.8826024755564219,+,0.057207219078366886,0.2150996809255757
35,1272.3112430239055,,,mixed ring-site C-H in-plane bending / C-H bending,nu(C8-C9),bond,0.8652187011596062,+,0.03261327757124953,0.6488036770482433
35,1272.3112430239055,,,mixed ring-site C-H in-plane bending / C-H bending,delta(C2-C1-H12),angle,0.8424742592341605,-,-0.055357768192929695,0.21926827150728725
35,1272.3112430239055,,,mixed ring-site C-H in-plane bending / C-H bending,tau(C5-C6-C8-C9),dihedral,0.6287785358059529,+,0.029413834188133724,0.5796565217156813
35,1272.3112430239055,,,mixed ring-site C-H in-plane bending / C-H bending,delta(C1-C2-C3),angle,0.6070610195785516,-,-0.032316945538040404,0.4636049159394469
35,1272.3112430239055,,,mixed ring-site C-H in-plane bending / C-H bending,delta(O4-C3-C9),angle,0.44564333690060787,-,-0.02691559394348703,0.4906318980424579
35,1272.3112430239055,,,mixed ring-site C-H in-plane bending / C-H bending,tau(H10-C1-C2-H14),dihedral,0.2785928596807063,+,0.03617131041543898,0.16983132350687483
35,1272.3112430239055,,,mixed ring-site C-H in-plane bending / C-H bending,delta(C9-C8-H18),angle,0.19410324587263478,+,0.027287596397447378,0.2079115088694835
35,1272.3112430239055,,,mixed ring-site C-H in-plane bending / C-H bending,tau(C2-C3-C9-C8),dihedral,0.14934170507395367,-,-0.014606210049878816,0.558318887434276
35,1272.3112430239055,,,mixed ring-site C-H in-plane bending / C-H bending,nu(C6-C8),bond,0.13849777213399747,-,-0.019361562545697174,0.2946715982642608
35,1272.3112430239055,,,mixed ring-site C-H in-plane bending / C-H bending,nu(C5-H15),bond,0.12071071326338352,+,0.016577239065132508,0.35034644344056987
35,1272.3112430239055,,,mixed ring-site C-H in-plane bending / C-H bending,nu(C3-C9),bond,0.11430647957954909,-,-0.017029754244211864,0.31436224837181065
35,1272.3112430239055,,,mixed ring-site C-H in-plane bending / C-H bending,tau(C3-C5-C6-O7),dihedral,0.10033733538499917,-,-0.017602545556295847,0.2582782931735298
35,1272.3112430239055,,,mixed ring-site C-H in-plane bending / C-H bending,delta(C2-C1-H11),angle,0.08970940126353591,-,-0.017947294890035527,0.2221346249262574
35,1272.3112430239055,,,mixed ring-site C-H in-plane bending / C-H bending,tau(H16-C6-O7-H17),dihedral,0.08417338845014334,-,-0.05501456738026652,0.02218174478859686
35,1272.3112430239055,,,mixed ring-site C-H in-plane bending / C-H bending,delta(C1-C2-H13),angle,0.05534536695760771,+,0.01093864771111845,0.3689183843817206
35,1272.3112430239055,,,mixed ring-site C-H in-plane bending / C-H bending,tau(H18-C8-C9-C3),dihedral,0.0395397799057623,+,0.02209771339028018,0.06458265171461727
35,1272.3112430239055,,,mixed ring-site C-H in-plane bending / C-H bending,delta(C2-C3-O4),angle,0.02888568896950565,+,0.006843793107241144,0.49188693193989014
35,1272.3112430239055,,,mixed ring-site C-H in-plane bending / C-H bending,delta(C6-C8-C9),angle,0.019760028498397735,+,0.003907182838781116,1.0323724235705396
35,1272.3112430239055,,,mixed ring-site C-H in-plane bending / C-H bending,delta(H13-C2-H14),angle,0.015670617019463973,+,0.004836843010943934,0.5342424723339905
35,1272.3112430239055,,,mixed ring-site C-H in-plane bending / C-H bending,nu(O4-C5),bond,0.01051398073237587,+,0.005131238728441972,0.3184923710839102
35,1272.3112430239055,,,mixed ring-site C-H in-plane bending / C-H bending,tau(H12-C1-C2-C3),dihedral,0.005856400175313851,-,-0.005206042603704015,0.1723421900449818
35,1272.3112430239055,,,mixed ring-site C-H in-plane bending / C-H bending,nu(O7-H17),bond,0.00562609406115567,-,-0.002972675604450479,0.5077947994859329
35,1272.3112430239055,,,mixed ring-site C-H in-plane bending / C-H bending,tau(H11-C1-C2-H13),dihedral,0.00535568781390081,+,0.00492733698839427,0.17594098589112622
35,1272.3112430239055,,,mixed ring-site C-H in-plane bending / C-H bending,"gamma(H19;C9,C3,C8)",oop,0.004713262379278689,+,0.0063116584623577505,0.09436499790933232
35,1272.3112430239055,,,mixed ring-site C-H in-plane bending / C-H bending,nu(C9-H19),bond,0.003570770239640479,+,0.00281160084049283,0.3602723030176744
35,1272.3112430239055,,,mixed ring-site C-H in-plane bending / C-H bending,nu(C6-H16),bond,0.0025189985499714713,+,0.002460106829141496,0.33196804628701443
35,1272.3112430239055,,,mixed ring-site C-H in-plane bending / C-H bending,nu(C8-H18),bond,0.002401993761463143,+,0.0023060680232689854,0.3602499637414734
35,1272.3112430239055,,,mixed ring-site C-H in-plane bending / C-H bending,nu(C1-H10),bond,0.0010629254055104288,-,-0.001591531111586972,0.3346946884301047
35,1272.3112430239055,,,mixed ring-site C-H in-plane bending / C-H bending,nu(C2-H14),bond,0.0007947760460308678,-,-0.0013800735451690244,0.3328255096398904
35,1272.3112430239055,,,mixed ring-site C-H in-plane bending / C-H bending,nu(C2-H13),bond,0.0007072656136392124,+,0.0013122874083565364,0.32756758471856046
35,1272.3112430239055,,,mixed ring-site C-H in-plane bending / C-H bending,tau(C1-C2-C3-C5),dihedral,0.0006884114943947615,+,0.004951364246097454,0.022396216584251973
35,1272.3112430239055,,,mixed ring-site C-H in-plane bending / C-H bending,nu(C1-C2),bond,0.00013067068306977386,+,0.0006158286488835362,0.2748113603490793
35,1272.3112430239055,,,mixed ring-site C-H in-plane bending / C-H bending,nu(C1-H11),bond,6.13175409116333e-05,-,-0.00038040247423764005,0.33796705053671766
35,1272.3112430239055,,,mixed ring-site C-H in-plane bending / C-H bending,nu(C6-O7),bond,5.8197148412091385e-05,-,-0.00037666026601592274,0.3271737003263393
35,1272.3112430239055,,,mixed ring-site C-H in-plane bending / C-H bending,nu(C1-H12),bond,4.440665589657595e-05,+,0.0003244196890089396,0.3365192870641175
36,1308.5589162290446,,,mixed C-C out-of-plane bending / C-H bending,"gamma(C8;C6,O7,H16)",oop,51.47336569636517,+,0.38503874651557357,0.3625161519618344
36,1308.5589162290446,,,mixed C-C out-of-plane bending / C-H bending,delta(C1-C2-H13),angle,14.18858167879919,-,-0.2003923672192104,0.3689183843817206
36,1308.5589162290446,,,mixed C-C out-of-plane bending / C-H bending,nu(C5-C6),bond,6.169198755584144,+,0.14738240491099444,0.29654537103395157
36,1308.5589162290446,,,mixed C-C out-of-plane bending / C-H bending,nu(C6-C8),bond,5.034400521892739,-,-0.1335615882558553,0.2946715982642608
36,1308.5589162290446,,,mixed C-C out-of-plane bending / C-H bending,tau(H16-C6-O7-H17),dihedral,3.1483002799576214,-,-0.38496128398407714,0.02218174478859686
36,1308.5589162290446,,,mixed C-C out-of-plane bending / C-H bending,delta(C6-C8-C9),angle,3.0018981041589816,+,0.05510063551910762,1.0323724235705396
36,1308.5589162290446,,,mixed C-C out-of-plane bending / C-H bending,delta(C1-C2-H14),angle,2.347081196312146,+,0.06619185981261058,0.5593357924954511
36,1308.5589162290446,,,mixed C-C out-of-plane bending / C-H bending,"gamma(C6;C5,C3,O4)",oop,2.1910108294519235,-,-0.050143579242042956,0.9098452403956017
36,1308.5589162290446,,,mixed C-C out-of-plane bending / C-H bending,tau(H11-C1-C2-H13),dihedral,1.683844304326467,+,0.0999641523704627,0.17594098589112622
36,1308.5589162290446,,,mixed C-C out-of-plane bending / C-H bending,delta(C3-C2-H14),angle,1.475148809254881,-,-0.05052201991551015,0.6034316514517557
36,1308.5589162290446,,,mixed C-C out-of-plane bending / C-H bending,nu(C3-C5),bond,1.4340547659997502,-,-0.05838736422936023,0.439219548300516
36,1308.5589162290446,,,mixed C-C out-of-plane bending / C-H bending,delta(C5-C6-O7),angle,1.1212729293014458,-,-0.050203785788383595,0.4645067893229545
36,1308.5589162290446,,,mixed C-C out-of-plane bending / C-H bending,delta(C2-C1-H11),angle,0.92712437928931,-,-0.06601425151263868,0.2221346249262574
36,1308.5589162290446,,,mixed C-C out-of-plane bending / C-H bending,delta(C2-C1-H10),angle,0.7274168391831053,+,0.0584221547888288,0.22252656956113886
36,1308.5589162290446,,,mixed C-C out-of-plane bending / C-H bending,delta(O4-C5-H15),angle,0.6002177314166305,-,-0.05316132975820807,0.22175366907519878
36,1308.5589162290446,,,mixed C-C out-of-plane bending / C-H bending,nu(C3-O4),bond,0.5689421488232956,-,-0.05255221233089215,0.2150996809255757
36,1308.5589162290446,,,mixed C-C out-of-plane bending / C-H bending,tau(H12-C1-C2-C3),dihedral,0.5625255361517844,-,-0.05837839486182433,0.1723421900449818
36,1308.5589162290446,,,mixed C-C out-of-plane bending / C-H bending,tau(H10-C1-C2-H14),dihedral,0.5623771383298857,+,0.058800600862899385,0.16983132350687483
36,1308.5589162290446,,,mixed C-C out-of-plane bending / C-H bending,delta(C3-C9-H19),angle,0.4868515210871069,+,0.048865535085107964,0.2128849100581254
36,1308.5589162290446,,,mixed C-C out-of-plane bending / C-H bending,delta(C9-C8-H18),angle,0.3308859280430116,+,0.040763992790599765,0.2079115088694835
36,1308.5589162290446,,,mixed C-C out-of-plane bending / C-H bending,"gamma(C2;C3,O4,C9)",oop,0.2673875454574415,-,-0.021747335319840324,0.5903135300950473
36,1308.5589162290446,,,mixed C-C out-of-plane bending / C-H bending,delta(C2-C1-H12),angle,0.2614207603339081,+,0.03528246931461512,0.21926827150728725
36,1308.5589162290446,,,mixed C-C out-of-plane bending / C-H bending,delta(O4-C3-C9),angle,0.2599986608519996,+,0.023522555278541624,0.4906318980424579
36,1308.5589162290446,,,mixed C-C out-of-plane bending / C-H bending,nu(C8-C9),bond,0.24727101919077726,+,0.01994834132046275,0.6488036770482433
36,1308.5589162290446,,,mixed C-C out-of-plane bending / C-H bending,delta(O7-C6-H16),angle,0.22385533405247696,-,-0.02970592589421614,0.26487131353131593
36,1308.5589162290446,,,mixed C-C out-of-plane bending / C-H bending,tau(C3-C5-C6-O7),dihedral,0.17648700717922008,-,-0.026710944668747738,0.2582782931735298
36,1308.5589162290446,,,mixed C-C out-of-plane bending / C-H bending,nu(C2-C3),bond,0.10872750963206904,+,0.019669909025074435,0.29341911498367274
36,1308.5589162290446,,,mixed C-C out-of-plane bending / C-H bending,nu(C1-C2),bond,0.08956805992233448,+,0.018447438662950198,0.2748113603490793
36,1308.5589162290446,,,mixed C-C out-of-plane bending / C-H bending,nu(C6-O7),bond,0.06505479648449466,-,-0.01440878299434049,0.3271737003263393
36,1308.5589162290446,,,mixed C-C out-of-plane bending / C-H bending,"gamma(C6;C5,O4,H15)",oop,0.04936214181612358,+,0.01752801931031576,0.1677575110310718
36,1308.5589162290446,,,mixed C-C out-of-plane bending / C-H bending,nu(C3-C9),bond,0.048399638090796844,+,0.012678932690574537,0.31436224837181065
36,1308.5589162290446,,,mixed C-C out-of-plane bending / C-H bending,tau(C2-C3-C9-C8),dihedral,0.04585941023834275,+,0.009260829851430612,0.558318887434276
36,1308.5589162290446,,,mixed C-C out-of-plane bending / C-H bending,delta(C1-C2-C3),angle,0.025699233938140435,+,0.007607866881806926,0.4636049159394469
36,1308.5589162290446,,,mixed C-C out-of-plane bending / C-H bending,"gamma(H19;C9,C3,C8)",oop,0.025511153957127615,-,-0.01680104971205093,0.09436499790933232
36,1308.5589162290446,,,mixed C-C out-of-plane bending / C-H bending,tau(C1-C2-C3-C5),dihedral,0.02039353736733751,-,-0.030834420053148966,0.022396216584251973
36,1308.5589162290446,,,mixed C-C out-of-plane bending / C-H bending,nu(O4-C5),bond,0.016476394579087866,-,-0.0073495103741176415,0.3184923710839102
36,1308.5589162290446,,,mixed C-C out-of-plane bending / C-H bending,delta(C6-O7-H17),angle,0.009706072538520067,-,-0.007277286814923127,0.19136310701446652
36,1308.5589162290446,,,mixed C-C out-of-plane bending / C-H bending,delta(C2-C3-O4),angle,0.008666003342250636,+,0.004288975999957826,0.49188693193989014
36,1308.5589162290446,,,mixed C-C out-of-plane bending / C-H bending,nu(C2-H13),bond,0.0033889745519962025,-,-0.003286703497133499,0.32756758471856046
36,1308.5589162290446,,,mixed C-C out-of-plane bending / C-H bending,nu(C8-H18),bond,0.002111473634771644,-,-0.0024738176904923253,0.3602499637414734
36,1308.5589162290446,,,mixed C-C out-of-plane bending / C-H bending,tau(C5-C6-C8-C9),dihedral,0.0017688242348804274,-,-0.0017849818686813278,0.5796565217156813
36,1308.5589162290446,,,mixed C-C out-of-plane bending / C-H bending,nu(C5-H15),bond,0.001746169790559217,+,0.00228124122368755,0.35034644344056987
36,1308.5589162290446,,,mixed C-C out-of-plane bending / C-H bending,tau(H18-C8-C9-C3),dihedral,0.0017266130090569124,+,0.005283435382216014,0.06458265171461727
36,1308.5589162290446,,,mixed C-C out-of-plane bending / C-H bending,delta(H13-C2-H14),angle,0.0015695170470447547,-,-0.0017514213725455948,0.5342424723339905
36,1308.5589162290446,,,mixed C-C out-of-plane bending / C-H bending,nu(C6-H16),bond,0.0010103523193690268,+,0.001782646014002769,0.33196804628701443
36,1308.5589162290446,,,mixed C-C out-of-plane bending / C-H bending,nu(C1-H11),bond,0.0008573307319736251,+,0.0016274732064455572,0.33796705053671766
36,1308.5589162290446,,,mixed C-C out-of-plane bending / C-H bending,nu(O7-H17),bond,0.0007087812056484095,+,0.001207226623209533,0.5077947994859329
36,1308.5589162290446,,,mixed C-C out-of-plane bending / C-H bending,nu(C2-H14),bond,0.00041896104948077845,+,0.0011464506209111927,0.3328255096398904
36,1308.5589162290446,,,mixed C-C out-of-plane bending / C-H bending,nu(C1-H10),bond,0.00025553371985780234,+,0.0008928459454444758,0.3346946884301047
36,1308.5589162290446,,,mixed C-C out-of-plane bending / C-H bending,nu(C9-H19),bond,5.4507903835252706e-05,+,0.0003974579012571101,0.3602723030176744
36,1308.5589162290446,,,mixed C-C out-of-plane bending / C-H bending,nu(C1-H12),bond,3.958810044938537e-05,+,0.0003504726916575504,0.3365192870641175
37,1309.0988572642852,,,mixed C-H bending / ring-site C-H in-plane bending,delta(C1-C2-H14),angle,27.09608299683154,+,0.2517344245659051,0.5593357924954511
37,1309.0988572642852,,,mixed C-H bending / ring-site C-H in-plane bending,delta(C3-C2-H14),angle,23.47241182108702,-,-0.2255747438140378,0.6034316514517557
37,1309.0988572642852,,,mixed C-H bending / ring-site C-H in-plane bending,delta(C1-C2-H13),angle,6.5168249260728865,-,-0.15201223196962846,0.3689183843817206
37,1309.0988572642852,,,mixed C-H bending / ring-site C-H in-plane bending,delta(C9-C8-H18),angle,6.240083966550767,+,0.19814431184628328,0.2079115088694835
37,1309.0988572642852,,,mixed C-H bending / ring-site C-H in-plane bending,"gamma(C8;C6,O7,H16)",oop,4.9399222772506555,-,-0.13351253290294443,0.3625161519618344
37,1309.0988572642852,,,mixed C-H bending / ring-site C-H in-plane bending,nu(C6-C8),bond,4.216698004815572,+,0.13681785195581708,0.2946715982642608
37,1309.0988572642852,,,mixed C-H bending / ring-site C-H in-plane bending,delta(C3-C9-H19),angle,3.9128873700943387,+,0.15506075427773316,0.2128849100581254
37,1309.0988572642852,,,mixed C-H bending / ring-site C-H in-plane bending,tau(H10-C1-C2-H14),dihedral,3.308769776070242,+,0.15964305711073334,0.16983132350687483
37,1309.0988572642852,,,mixed C-H bending / ring-site C-H in-plane bending,delta(C6-C8-C9),angle,3.0694796817753813,-,-0.06236484418894601,1.0323724235705396
37,1309.0988572642852,,,mixed C-H bending / ring-site C-H in-plane bending,nu(C5-C6),bond,2.038069783949809,-,-0.09481774190340227,0.29654537103395157
37,1309.0988572642852,,,mixed C-H bending / ring-site C-H in-plane bending,delta(C2-C1-H11),angle,2.035568905484411,-,-0.10948646463881784,0.2221346249262574
37,1309.0988572642852,,,mixed C-H bending / ring-site C-H in-plane bending,nu(C2-C3),bond,1.918304156029037,-,-0.09247837508310808,0.29341911498367274
37,1309.0988572642852,,,mixed C-H bending / ring-site C-H in-plane bending,nu(C3-C5),bond,1.7483868232644495,+,0.0721611739212759,0.439219548300516
37,1309.0988572642852,,,mixed C-H bending / ring-site C-H in-plane bending,delta(O4-C5-H15),angle,1.1430346616622062,-,-0.08211451853290999,0.22175366907519878
37,1309.0988572642852,,,mixed C-H bending / ring-site C-H in-plane bending,delta(C2-C1-H10),angle,1.0095830045696437,+,0.07703813080302063,0.22252656956113886
37,1309.0988572642852,,,mixed C-H bending / ring-site C-H in-plane bending,tau(H11-C1-C2-H13),dihedral,0.9377050459164443,+,0.0834978463093775,0.17594098589112622
37,1309.0988572642852,,,mixed C-H bending / ring-site C-H in-plane bending,tau(H12-C1-C2-C3),dihedral,0.8719079776858627,-,-0.08135142782080067,0.1723421900449818
37,1309.0988572642852,,,mixed C-H bending / ring-site C-H in-plane bending,"gamma(C6;C5,O4,H15)",oop,0.8237933195755806,+,0.08014820562287267,0.1677575110310718
37,1309.0988572642852,,,mixed C-H bending / ring-site C-H in-plane bending,"gamma(C6;C5,C3,O4)",oop,0.6611592588108259,+,0.03083152000430982,0.9098452403956017
37,1309.0988572642852,,,mixed C-H bending / ring-site C-H in-plane bending,delta(O7-C6-H16),angle,0.6407855237766832,+,0.05625544197791897,0.26487131353131593
37,1309.0988572642852,,,mixed C-H bending / ring-site C-H in-plane bending,delta(O4-C3-C9),angle,0.6362057484964908,-,-0.04118571047752877,0.4906318980424579
37,1309.0988572642852,,,mixed C-H bending / ring-site C-H in-plane bending,delta(C6-O7-H17),angle,0.4805379990200122,-,-0.05731396033600973,0.19136310701446652
37,1309.0988572642852,,,mixed C-H bending / ring-site C-H in-plane bending,delta(C5-C6-O7),angle,0.42975793281887387,+,0.03478897040167611,0.4645067893229545
37,1309.0988572642852,,,mixed C-H bending / ring-site C-H in-plane bending,nu(O4-C5),bond,0.42122239083097485,+,0.041594112795428774,0.3184923710839102
37,1309.0988572642852,,,mixed C-H bending / ring-site C-H in-plane bending,delta(C2-C3-O4),angle,0.38222707541979,+,0.031882600636067425,0.49188693193989014
37,1309.0988572642852,,,mixed C-H bending / ring-site C-H in-plane bending,tau(H16-C6-O7-H17),dihedral,0.2628164275017891,+,0.12449561630966682,0.02218174478859686
37,1309.0988572642852,,,mixed C-H bending / ring-site C-H in-plane bending,nu(C6-O7),bond,0.1541662659070115,-,-0.024827394298251777,0.3271737003263393
37,1309.0988572642852,,,mixed C-H bending / ring-site C-H in-plane bending,tau(C5-C6-C8-C9),dihedral,0.13802670738379338,-,-0.017649071340593285,0.5796565217156813
37,1309.0988572642852,,,mixed C-H bending / ring-site C-H in-plane bending,"gamma(C2;C3,O4,C9)",oop,0.12455733372195775,+,0.01661379857009916,0.5903135300950473
37,1309.0988572642852,,,mixed C-H bending / ring-site C-H in-plane bending,nu(C3-O4),bond,0.10090568998742004,+,0.024772144402714608,0.2150996809255757
37,1309.0988572642852,,,mixed C-H bending / ring-site C-H in-plane bending,delta(C2-C1-H12),angle,0.06916868339177147,-,-0.020313862843083338,0.21926827150728725
37,1309.0988572642852,,,mixed C-H bending / ring-site C-H in-plane bending,nu(C3-C9),bond,0.05817029997790139,+,0.015558263278664606,0.31436224837181065
37,1309.0988572642852,,,mixed C-H bending / ring-site C-H in-plane bending,delta(C1-C2-C3),angle,0.03743851127376118,+,0.010278054755612095,0.4636049159394469
37,1309.0988572642852,,,mixed C-H bending / ring-site C-H in-plane bending,tau(C1-C2-C3-C5),dihedral,0.03267775718970925,-,-0.0436882299267918,0.022396216584251973
37,1309.0988572642852,,,mixed C-H bending / ring-site C-H in-plane bending,tau(C3-C5-C6-O7),dihedral,0.028858339391930308,+,0.012089751446972784,0.2582782931735298
37,1309.0988572642852,,,mixed C-H bending / ring-site C-H in-plane bending,delta(H13-C2-H14),angle,0.016484814884661938,+,0.006353287219497432,0.5342424723339905
37,1309.0988572642852,,,mixed C-H bending / ring-site C-H in-plane bending,tau(H18-C8-C9-C3),dihedral,0.007132338570070826,-,-0.012019425137157945,0.06458265171461727
37,1309.0988572642852,,,mixed C-H bending / ring-site C-H in-plane bending,nu(C8-H18),bond,0.004613828230656051,+,0.00409311923367253,0.3602499637414734
37,1309.0988572642852,,,mixed C-H bending / ring-site C-H in-plane bending,nu(C1-H10),bond,0.0028588990718222,-,-0.003342725077839299,0.3346946884301047
37,1309.0988572642852,,,mixed C-H bending / ring-site C-H in-plane bending,nu(C2-H13),bond,0.002726005818085957,-,-0.0032994274843682774,0.32756758471856046
37,1309.0988572642852,,,mixed C-H bending / ring-site C-H in-plane bending,nu(C9-H19),bond,0.002564466491869528,+,0.003051467398341215,0.3602723030176744
37,1309.0988572642852,,,mixed C-H bending / ring-site C-H in-plane bending,nu(C1-H12),bond,0.001286325149136608,-,-0.00223612490217297,0.3365192870641175
37,1309.0988572642852,,,mixed C-H bending / ring-site C-H in-plane bending,nu(O7-H17),bond,0.0012339682517624323,+,0.0017829268547925523,0.5077947994859329
37,1309.0988572642852,,,mixed C-H bending / ring-site C-H in-plane bending,nu(C8-C9),bond,0.0011698182699334805,+,0.0015357771668719166,0.6488036770482433
37,1309.0988572642852,,,mixed C-H bending / ring-site C-H in-plane bending,tau(C2-C3-C9-C8),dihedral,0.001108828109937596,-,-0.001611820264023608,0.558318887434276
37,1309.0988572642852,,,mixed C-H bending / ring-site C-H in-plane bending,nu(C2-H14),bond,0.00029747345133478235,+,0.001081288193751892,0.3328255096398904
37,1309.0988572642852,,,mixed C-H bending / ring-site C-H in-plane bending,nu(C1-C2),bond,0.00019107586380643816,+,0.0009536987922477127,0.2748113603490793
37,1309.0988572642852,,,mixed C-H bending / ring-site C-H in-plane bending,nu(C5-H15),bond,6.260060781515041e-05,-,-0.0004834661544650851,0.35034644344056987
37,1309.0988572642852,,,mixed C-H bending / ring-site C-H in-plane bending,nu(C6-H16),bond,5.496324038369865e-05,-,-0.00046538639275244844,0.33196804628701443
37,1309.0988572642852,,,mixed C-H bending / ring-site C-H in-plane bending,"gamma(H19;C9,C3,C8)",oop,1.608675403075172e-05,+,0.00047223089987603103,0.09436499790933232
37,1309.0988572642852,,,mixed C-H bending / ring-site C-H in-plane bending,nu(C1-H11),bond,2.063648167456252e-06,+,8.937299359267737e-05,0.33796705053671766
38,1363.7749900259385,,,mixed C-H bending / mixed-phase cyclic C-C stretching,delta(C1-C2-H13),angle,30.758590788204696,-,-0.28858672923778306,0.3689183843817206
38,1363.7749900259385,,,mixed C-H bending / mixed-phase cyclic C-C stretching,delta(C1-C2-H14),angle,10.652051544936189,-,-0.1379236087809455,0.5593357924954511
38,1363.7749900259385,,,mixed C-H bending / mixed-phase cyclic C-C stretching,nu(C3-C9),bond,8.081439183459848,+,0.1602460928571739,0.31436224837181065
38,1363.7749900259385,,,mixed C-H bending / mixed-phase cyclic C-C stretching,"gamma(C8;C6,O7,H16)",oop,6.819341304750016,-,-0.13707738813875617,0.3625161519618344
38,1363.7749900259385,,,mixed C-H bending / mixed-phase cyclic C-C stretching,nu(C2-C3),bond,6.032058245997079,-,-0.1433002175531929,0.29341911498367274
38,1363.7749900259385,,,mixed C-H bending / mixed-phase cyclic C-C stretching,nu(C3-C5),bond,4.984314353341442,-,-0.10646826327163787,0.439219548300516
38,1363.7749900259385,,,mixed C-H bending / mixed-phase cyclic C-C stretching,delta(C9-C8-H18),angle,4.302433941815641,-,-0.14377260055645985,0.2079115088694835
38,1363.7749900259385,,,mixed C-H bending / mixed-phase cyclic C-C stretching,delta(O4-C5-H15),angle,4.034029893809115,+,0.13480078983793475,0.22175366907519878
38,1363.7749900259385,,,mixed C-H bending / mixed-phase cyclic C-C stretching,delta(C2-C1-H12),angle,2.7420378192300485,+,0.11176533176095994,0.21926827150728725
38,1363.7749900259385,,,mixed C-H bending / mixed-phase cyclic C-C stretching,delta(C3-C2-H14),angle,2.547646579330441,+,0.06494023189327133,0.6034316514517557
38,1363.7749900259385,,,mixed C-H bending / mixed-phase cyclic C-C stretching,nu(O4-C5),bond,2.3305946391922596,-,-0.08549528068715097,0.3184923710839102
38,1363.7749900259385,,,mixed C-H bending / mixed-phase cyclic C-C stretching,delta(C2-C3-O4),angle,2.2187345614719067,+,0.0671240758987651,0.49188693193989014
38,1363.7749900259385,,,mixed C-H bending / mixed-phase cyclic C-C stretching,delta(C3-C9-H19),angle,2.0072894422108662,-,-0.09704895176325898,0.2128849100581254
38,1363.7749900259385,,,mixed C-H bending / mixed-phase cyclic C-C stretching,tau(H11-C1-C2-H13),dihedral,1.8098953130323197,+,0.1013681463655751,0.17594098589112622
38,1363.7749900259385,,,mixed C-H bending / mixed-phase cyclic C-C stretching,nu(C1-C2),bond,1.6854404777446308,+,0.0782704186627669,0.2748113603490793
38,1363.7749900259385,,,mixed C-H bending / mixed-phase cyclic C-C stretching,"gamma(C6;C5,C3,O4)",oop,1.481897239620226,+,0.040335139999495125,0.9098452403956017
38,1363.7749900259385,,,mixed C-H bending / mixed-phase cyclic C-C stretching,"gamma(C6;C5,O4,H15)",oop,1.4717747528127774,-,-0.09361339058356134,0.1677575110310718
38,1363.7749900259385,,,mixed C-H bending / mixed-phase cyclic C-C stretching,nu(C3-O4),bond,1.1814044323390869,-,-0.07406920832095316,0.2150996809255757
38,1363.7749900259385,,,mixed C-H bending / mixed-phase cyclic C-C stretching,tau(H12-C1-C2-C3),dihedral,0.660515245633566,-,-0.06187338941883548,0.1723421900449818
38,1363.7749900259385,,,mixed C-H bending / mixed-phase cyclic C-C stretching,delta(C1-C2-C3),angle,0.629895647989792,+,0.03683991127501789,0.4636049159394469
38,1363.7749900259385,,,mixed C-H bending / mixed-phase cyclic C-C stretching,delta(C6-C8-C9),angle,0.540156984334474,+,0.022861256071489713,1.0323724235705396
38,1363.7749900259385,,,mixed C-H bending / mixed-phase cyclic C-C stretching,tau(H10-C1-C2-H14),dihedral,0.46130959354260176,+,0.05208895371671663,0.16983132350687483
38,1363.7749900259385,,,mixed C-H bending / mixed-phase cyclic C-C stretching,delta(C2-C1-H11),angle,0.4337904775279259,-,-0.044166213306230336,0.2221346249262574
38,1363.7749900259385,,,mixed C-H bending / mixed-phase cyclic C-C stretching,tau(H16-C6-O7-H17),dihedral,0.4232745387549949,+,0.13806115692461934,0.02218174478859686
38,1363.7749900259385,,,mixed C-H bending / mixed-phase cyclic C-C stretching,tau(C2-C3-C9-C8),dihedral,0.38534772304910353,-,-0.02625690461890029,0.558318887434276
38,1363.7749900259385,,,mixed C-H bending / mixed-phase cyclic C-C stretching,delta(O4-C3-C9),angle,0.33434036597809974,-,-0.026090043585339884,0.4906318980424579
38,1363.7749900259385,,,mixed C-H bending / mixed-phase cyclic C-C stretching,delta(H13-C2-H14),angle,0.24161076216844107,+,0.021254320239727505,0.5342424723339905
38,1363.7749900259385,,,mixed C-H bending / mixed-phase cyclic C-C stretching,delta(C5-C6-O7),angle,0.14865863703526888,+,0.01787958063450733,0.4645067893229545
38,1363.7749900259385,,,mixed C-H bending / mixed-phase cyclic C-C stretching,delta(O7-C6-H16),angle,0.12335303008426715,+,0.021568291095643802,0.26487131353131593
38,1363.7749900259385,,,mixed C-H bending / mixed-phase cyclic C-C stretching,nu(C5-C6),bond,0.11099429459804698,+,0.019335839880122118,0.29654537103395157
38,1363.7749900259385,,,mixed C-H bending / mixed-phase cyclic C-C stretching,tau(C3-C5-C6-O7),dihedral,0.10750560650978758,+,0.020390594632043055,0.2582782931735298
38,1363.7749900259385,,,mixed C-H bending / mixed-phase cyclic C-C stretching,"gamma(C2;C3,O4,C9)",oop,0.059912835708901144,+,0.010068780120191979,0.5903135300950473
38,1363.7749900259385,,,mixed C-H bending / mixed-phase cyclic C-C stretching,tau(C5-C6-C8-C9),dihedral,0.05328928815495119,+,0.00958281014854187,0.5796565217156813
38,1363.7749900259385,,,mixed C-H bending / mixed-phase cyclic C-C stretching,delta(C2-C1-H10),angle,0.02852858871277803,-,-0.011316379294889684,0.22252656956113886
38,1363.7749900259385,,,mixed C-H bending / mixed-phase cyclic C-C stretching,nu(C2-H13),bond,0.025606062671476065,-,-0.008836478613954842,0.32756758471856046
38,1363.7749900259385,,,mixed C-H bending / mixed-phase cyclic C-C stretching,nu(C6-C8),bond,0.0203632960078549,+,0.008308319434850142,0.2946715982642608
38,1363.7749900259385,,,mixed C-H bending / mixed-phase cyclic C-C stretching,tau(H18-C8-C9-C3),dihedral,0.015604834118692644,-,-0.015535667928012155,0.06458265171461727
38,1363.7749900259385,,,mixed C-H bending / mixed-phase cyclic C-C stretching,nu(C6-O7),bond,0.011185169758212744,-,-0.0058437332699289,0.3271737003263393
38,1363.7749900259385,,,mixed C-H bending / mixed-phase cyclic C-C stretching,"gamma(H19;C9,C3,C8)",oop,0.00912946015292544,-,-0.009830494607757293,0.09436499790933232
38,1363.7749900259385,,,mixed C-H bending / mixed-phase cyclic C-C stretching,nu(C8-C9),bond,0.008645464236364402,+,0.0036483441260425223,0.6488036770482433
38,1363.7749900259385,,,mixed C-H bending / mixed-phase cyclic C-C stretching,tau(C1-C2-C3-C5),dihedral,0.006528256146155477,-,-0.017063556377684655,0.022396216584251973
38,1363.7749900259385,,,mixed C-H bending / mixed-phase cyclic C-C stretching,nu(C1-H10),bond,0.004929420510754281,+,0.0038355867678424005,0.3346946884301047
38,1363.7749900259385,,,mixed C-H bending / mixed-phase cyclic C-C stretching,nu(C9-H19),bond,0.004852238504118859,+,0.0036678698759949465,0.3602723030176744
38,1363.7749900259385,,,mixed C-H bending / mixed-phase cyclic C-C stretching,nu(C1-H11),bond,0.0030786424345228803,+,0.0030164819622655096,0.33796705053671766
38,1363.7749900259385,,,mixed C-H bending / mixed-phase cyclic C-C stretching,nu(C8-H18),bond,0.003042640074366676,+,0.0029045683823311175,0.3602499637414734
38,1363.7749900259385,,,mixed C-H bending / mixed-phase cyclic C-C stretching,nu(C1-H12),bond,0.0021129305865467316,-,-0.0025043551806735293,0.3365192870641175
38,1363.7749900259385,,,mixed C-H bending / mixed-phase cyclic C-C stretching,nu(C5-H15),bond,0.0009090130748091841,-,-0.001609883674615942,0.35034644344056987
38,1363.7749900259385,,,mixed C-H bending / mixed-phase cyclic C-C stretching,nu(C6-H16),bond,0.00026765695132445976,-,-0.0008974275755615825,0.33196804628701443
38,1363.7749900259385,,,mixed C-H bending / mixed-phase cyclic C-C stretching,nu(O7-H17),bond,0.0002283493511377962,-,-0.0006702148625908037,0.5077947994859329
38,1363.7749900259385,,,mixed C-H bending / mixed-phase cyclic C-C stretching,delta(C6-O7-H17),angle,4.1311592283754185e-05,-,-0.000464371062122555,0.19136310701446652
38,1363.7749900259385,,,mixed C-H bending / mixed-phase cyclic C-C stretching,nu(C2-H14),bond,1.7120746880173815e-05,+,0.0002266790262341422,0.3328255096398904
39,1376.7988470269133,,,mixed C-H bending / ring-site C-H in-plane bending,delta(C3-C2-H14),angle,31.987097134397104,+,0.2798805656633377,0.6034316514517557
39,1376.7988470269133,,,mixed C-H bending / ring-site C-H in-plane bending,delta(C1-C2-H14),angle,26.569989687427704,-,-0.26494684901388876,0.5593357924954511
39,1376.7988470269133,,,mixed C-H bending / ring-site C-H in-plane bending,delta(C9-C8-H18),angle,10.813423215075034,+,0.2772309459107662,0.2079115088694835
39,1376.7988470269133,,,mixed C-H bending / ring-site C-H in-plane bending,nu(C3-C9),bond,6.904702698198522,-,-0.1801592935349357,0.31436224837181065
39,1376.7988470269133,,,mixed C-H bending / ring-site C-H in-plane bending,delta(C3-C9-H19),angle,6.248513819890601,+,0.20826452477457247,0.2128849100581254
39,1376.7988470269133,,,mixed C-H bending / ring-site C-H in-plane bending,delta(C1-C2-H13),angle,3.40757988109359,-,-0.11683077166855553,0.3689183843817206
39,1376.7988470269133,,,mixed C-H bending / ring-site C-H in-plane bending,delta(C6-C8-C9),angle,2.6691226794050293,-,-0.06181095329090617,1.0323724235705396
39,1376.7988470269133,,,mixed C-H bending / ring-site C-H in-plane bending,nu(C6-C8),bond,1.9888988900441644,+,0.09987035299130406,0.2946715982642608
39,1376.7988470269133,,,mixed C-H bending / ring-site C-H in-plane bending,tau(H10-C1-C2-H14),dihedral,1.0768515593550096,-,-0.0967984482078277,0.16983132350687483
39,1376.7988470269133,,,mixed C-H bending / ring-site C-H in-plane bending,"gamma(C6;C5,O4,H15)",oop,0.9915032452545054,-,-0.09345562678312763,0.1677575110310718
39,1376.7988470269133,,,mixed C-H bending / ring-site C-H in-plane bending,nu(C1-C2),bond,0.8997907290446944,+,0.06955891315613222,0.2748113603490793
39,1376.7988470269133,,,mixed C-H bending / ring-site C-H in-plane bending,delta(O4-C5-H15),angle,0.7851736823273027,+,0.0723347244767897,0.22175366907519878
39,1376.7988470269133,,,mixed C-H bending / ring-site C-H in-plane bending,"gamma(C2;C3,O4,C9)",oop,0.7557272278789106,+,0.0434951204229293,0.5903135300950473
39,1376.7988470269133,,,mixed C-H bending / ring-site C-H in-plane bending,delta(H13-C2-H14),angle,0.7313516471414588,+,0.04497729033028829,0.5342424723339905
39,1376.7988470269133,,,mixed C-H bending / ring-site C-H in-plane bending,delta(O7-C6-H16),angle,0.5918020843173938,-,-0.05746059967493397,0.26487131353131593
39,1376.7988470269133,,,mixed C-H bending / ring-site C-H in-plane bending,delta(C2-C1-H12),angle,0.5827420023886556,+,0.06266854851024874,0.21926827150728725
39,1376.7988470269133,,,mixed C-H bending / ring-site C-H in-plane bending,delta(C6-O7-H17),angle,0.5076778482792292,-,-0.06261297966175842,0.19136310701446652
39,1376.7988470269133,,,mixed C-H bending / ring-site C-H in-plane bending,nu(C3-C5),bond,0.3774881021087137,+,0.03563774163333656,0.439219548300516
39,1376.7988470269133,,,mixed C-H bending / ring-site C-H in-plane bending,delta(C2-C3-O4),angle,0.3434519794415552,-,-0.03212179018550324,0.49188693193989014
39,1376.7988470269133,,,mixed C-H bending / ring-site C-H in-plane bending,"gamma(C6;C5,C3,O4)",oop,0.25556359465527356,-,-0.020373474582589996,0.9098452403956017
39,1376.7988470269133,,,mixed C-H bending / ring-site C-H in-plane bending,tau(C2-C3-C9-C8),dihedral,0.25443066361558114,-,-0.025950333104051076,0.558318887434276
39,1376.7988470269133,,,mixed C-H bending / ring-site C-H in-plane bending,delta(O4-C3-C9),angle,0.23695884734704792,+,0.026715170225188697,0.4906318980424579
39,1376.7988470269133,,,mixed C-H bending / ring-site C-H in-plane bending,tau(H12-C1-C2-C3),dihedral,0.17766204190574297,+,0.03903021039829875,0.1723421900449818
39,1376.7988470269133,,,mixed C-H bending / ring-site C-H in-plane bending,nu(C2-C3),bond,0.1672238678685981,-,-0.029020460681703678,0.29341911498367274
39,1376.7988470269133,,,mixed C-H bending / ring-site C-H in-plane bending,delta(C2-C1-H10),angle,0.1648648697370817,-,-0.033088150841969095,0.22252656956113886
39,1376.7988470269133,,,mixed C-H bending / ring-site C-H in-plane bending,nu(C3-O4),bond,0.15426790177399777,+,0.03255496814820363,0.2150996809255757
39,1376.7988470269133,,,mixed C-H bending / ring-site C-H in-plane bending,nu(C5-C6),bond,0.11089739429543631,+,0.02350793427604934,0.29654537103395157
39,1376.7988470269133,,,mixed C-H bending / ring-site C-H in-plane bending,nu(C6-O7),bond,0.049831940894880404,-,-0.01500251535595221,0.3271737003263393
39,1376.7988470269133,,,mixed C-H bending / ring-site C-H in-plane bending,delta(C1-C2-C3),angle,0.04599241860789967,-,-0.012107890356548277,0.4636049159394469
39,1376.7988470269133,,,mixed C-H bending / ring-site C-H in-plane bending,delta(C5-C6-O7),angle,0.042118774487922866,+,0.011575538441886827,0.4645067893229545
39,1376.7988470269133,,,mixed C-H bending / ring-site C-H in-plane bending,tau(H11-C1-C2-H13),dihedral,0.03929508848981104,-,-0.018167074471270705,0.17594098589112622
39,1376.7988470269133,,,mixed C-H bending / ring-site C-H in-plane bending,delta(C2-C1-H11),angle,0.016609410236731875,+,0.010511588425784696,0.2221346249262574
39,1376.7988470269133,,,mixed C-H bending / ring-site C-H in-plane bending,tau(C3-C5-C6-O7),dihedral,0.013498637924214204,+,0.008788209306485863,0.2582782931735298
39,1376.7988470269133,,,mixed C-H bending / ring-site C-H in-plane bending,nu(C2-H14),bond,0.007682162867749716,-,-0.005840268635094427,0.3328255096398904
39,1376.7988470269133,,,mixed C-H bending / ring-site C-H in-plane bending,nu(C8-C9),bond,0.005685618205531028,+,0.0035985833546954803,0.6488036770482433
39,1376.7988470269133,,,mixed C-H bending / ring-site C-H in-plane bending,tau(C5-C6-C8-C9),dihedral,0.005198104822139601,-,-0.0036402945442246303,0.5796565217156813
39,1376.7988470269133,,,mixed C-H bending / ring-site C-H in-plane bending,nu(C9-H19),bond,0.0036830491718505575,-,-0.0038867597099941104,0.3602723030176744
39,1376.7988470269133,,,mixed C-H bending / ring-site C-H in-plane bending,"gamma(C8;C6,O7,H16)",oop,0.0034881201292305286,-,-0.0037707818458957475,0.3625161519618344
39,1376.7988470269133,,,mixed C-H bending / ring-site C-H in-plane bending,tau(H18-C8-C9-C3),dihedral,0.002556581369467047,-,-0.007648411485412842,0.06458265171461727
39,1376.7988470269133,,,mixed C-H bending / ring-site C-H in-plane bending,nu(C5-H15),bond,0.0021982251956331744,+,0.0030449951530088612,0.35034644344056987
39,1376.7988470269133,,,mixed C-H bending / ring-site C-H in-plane bending,nu(O7-H17),bond,0.002171633299333333,+,0.0025139028674409157,0.5077947994859329
39,1376.7988470269133,,,mixed C-H bending / ring-site C-H in-plane bending,nu(C1-H11),bond,0.0015134200289820179,+,0.002572420307234315,0.33796705053671766
39,1376.7988470269133,,,mixed C-H bending / ring-site C-H in-plane bending,nu(C2-H13),bond,0.0012687455389707376,-,-0.002392413125394755,0.32756758471856046
39,1376.7988470269133,,,mixed C-H bending / ring-site C-H in-plane bending,nu(C1-H10),bond,0.001012374553537537,+,0.0021141975813246928,0.3346946884301047
39,1376.7988470269133,,,mixed C-H bending / ring-site C-H in-plane bending,tau(C1-C2-C3-C5),dihedral,0.00045427093429589456,+,0.0054748158669847904,0.022396216584251973
39,1376.7988470269133,,,mixed C-H bending / ring-site C-H in-plane bending,tau(H16-C6-O7-H17),dihedral,0.00043930834619432013,+,0.005409862743853974,0.02218174478859686
39,1376.7988470269133,,,mixed C-H bending / ring-site C-H in-plane bending,nu(C8-H18),bond,0.000427383522578216,+,0.001324055793041949,0.3602499637414734
39,1376.7988470269133,,,mixed C-H bending / ring-site C-H in-plane bending,nu(C6-H16),bond,6.536032716529366e-05,+,0.0005393967668671166,0.33196804628701443
39,1376.7988470269133,,,mixed C-H bending / ring-site C-H in-plane bending,nu(O4-C5),bond,3.7198609163972505e-05,+,0.00041544468346438383,0.3184923710839102
39,1376.7988470269133,,,mixed C-H bending / ring-site C-H in-plane bending,nu(C1-H12),bond,1.4427920740475555e-05,+,0.0002517075632817875,0.3365192870641175
39,1376.7988470269133,,,mixed C-H bending / ring-site C-H in-plane bending,"gamma(H19;C9,C3,C8)",oop,4.502480482874256e-07,+,8.396916290429824e-05,0.09436499790933232
40,1418.9350977748104,,,C-H bending,delta(C2-C1-H11),angle,30.18593807659685,+,0.31280951717135425,0.2221346249262574
40,1418.9350977748104,,,C-H bending,delta(C2-C1-H10),angle,27.890301894930595,+,0.300414866152921,0.22252656956113886
40,1418.9350977748104,,,C-H bending,delta(C2-C1-H12),angle,26.32377856520618,+,0.2940166783600138,0.21926827150728725
40,1418.9350977748104,,,C-H bending,nu(C1-C2),bond,8.102994204101137,-,-0.14571060859157817,0.2748113603490793
40,1418.9350977748104,,,C-H bending,delta(C1-C2-H14),angle,1.896228567812991,+,0.04940771690974619,0.5593357924954511
40,1418.9350977748104,,,C-H bending,delta(C3-C2-H14),angle,1.852981758910674,-,-0.04702266920462158,0.6034316514517557
40,1418.9350977748104,,,C-H bending,delta(C1-C2-H13),angle,0.7752809808169514,+,0.038900050482228964,0.3689183843817206
40,1418.9350977748104,,,C-H bending,nu(C3-C5),bond,0.5112492651622692,-,-0.028950846512282587,0.439219548300516
40,1418.9350977748104,,,C-H bending,delta(H13-C2-H14),angle,0.4052345157962021,-,-0.023370594377462257,0.5342424723339905
40,1418.9350977748104,,,C-H bending,"gamma(C2;C3,O4,C9)",oop,0.32111187008647596,-,-0.019791219711817215,0.5903135300950473
40,1418.9350977748104,,,C-H bending,delta(C3-C9-H19),angle,0.2820522709526275,+,0.030887169413491934,0.2128849100581254
40,1418.9350977748104,,,C-H bending,nu(C2-C3),bond,0.21504060422834317,+,0.022972157403607304,0.29341911498367274
40,1418.9350977748104,,,C-H bending,tau(H11-C1-C2-H13),dihedral,0.13777489749543598,+,0.023745826300352282,0.17594098589112622
40,1418.9350977748104,,,C-H bending,tau(H12-C1-C2-C3),dihedral,0.13150130265219168,-,-0.02343985780232444,0.1723421900449818
40,1418.9350977748104,,,C-H bending,nu(C1-H12),bond,0.1092228665042252,+,0.0152875381553067,0.3365192870641175
40,1418.9350977748104,,,C-H bending,tau(C2-C3-C9-C8),dihedral,0.1037543724469875,+,0.011567720669071673,0.558318887434276
40,1418.9350977748104,,,C-H bending,nu(C1-H10),bond,0.10257299405267757,+,0.014855177831658708,0.3346946884301047
40,1418.9350977748104,,,C-H bending,"gamma(C8;C6,O7,H16)",oop,0.09019391134369638,-,-0.013384762785833918,0.3625161519618344
40,1418.9350977748104,,,C-H bending,nu(C1-H11),bond,0.07848244007106463,+,0.012931080540328413,0.33796705053671766
40,1418.9350977748104,,,C-H bending,delta(C9-C8-H18),angle,0.07170528170650402,+,0.01575876056561035,0.2079115088694835
40,1418.9350977748104,,,C-H bending,nu(C6-C8),bond,0.06714662145656235,+,0.012809397193012844,0.2946715982642608
40,1418.9350977748104,,,C-H bending,delta(C6-O7-H17),angle,0.0478849671683943,-,-0.013423205503969816,0.19136310701446652
40,1418.9350977748104,,,C-H bending,nu(O4-C5),bond,0.04708330321398696,-,-0.010317386356027814,0.3184923710839102
40,1418.9350977748104,,,C-H bending,"gamma(C6;C5,C3,O4)",oop,0.04543088819731896,+,0.00599622055697551,0.9098452403956017
40,1418.9350977748104,,,C-H bending,delta(O7-C6-H16),angle,0.03972370556761367,-,-0.010391857037386314,0.26487131353131593
40,1418.9350977748104,,,C-H bending,"gamma(C6;C5,O4,H15)",oop,0.03277692194163676,-,-0.011861205912014216,0.1677575110310718
40,1418.9350977748104,,,C-H bending,nu(C3-O4),bond,0.02292519714106746,-,-0.00876036911449671,0.2150996809255757
40,1418.9350977748104,,,C-H bending,nu(C8-C9),bond,0.022921758975047894,-,-0.005043744383613891,0.6488036770482433
40,1418.9350977748104,,,C-H bending,delta(C6-C8-C9),angle,0.020935486224434408,-,-0.0038212818997921862,1.0323724235705396
40,1418.9350977748104,,,C-H bending,delta(C1-C2-C3),angle,0.01884208876867063,+,0.00540973828973206,0.4636049159394469
40,1418.9350977748104,,,C-H bending,delta(C5-C6-O7),angle,0.015653058380557066,+,0.004925942277103941,0.4645067893229545
40,1418.9350977748104,,,C-H bending,delta(O4-C5-H15),angle,0.010293663915803938,+,0.005781430830996289,0.22175366907519878
40,1418.9350977748104,,,C-H bending,nu(C3-C9),bond,0.0064537479554333775,+,0.0038448248114422677,0.31436224837181065
40,1418.9350977748104,,,C-H bending,tau(H10-C1-C2-H14),dihedral,0.005124591770101785,+,0.004661293929311033,0.16983132350687483
40,1418.9350977748104,,,C-H bending,tau(H16-C6-O7-H17),dihedral,0.005062643644629938,+,0.012819662042007969,0.02218174478859686
40,1418.9350977748104,,,C-H bending,nu(C5-C6),bond,0.0013777066176481746,-,-0.001829020388076526,0.29654537103395157
40,1418.9350977748104,,,C-H bending,tau(C1-C2-C3-C5),dihedral,0.0010131420601617732,+,0.005707337988629967,0.022396216584251973
40,1418.9350977748104,,,C-H bending,delta(C2-C3-O4),angle,0.0004402374619358376,-,-0.0008027801116685963,0.49188693193989014
40,1418.9350977748104,,,C-H bending,tau(C5-C6-C8-C9),dihedral,0.0003390265321367288,+,0.000648958954591044,0.5796565217156813
40,1418.9350977748104,,,C-H bending,nu(C9-H19),bond,0.00025028953642588803,-,-0.0007072804567817923,0.3602723030176744
40,1418.9350977748104,,,C-H bending,nu(O7-H17),bond,0.0002473970190792031,+,0.0005922960764965531,0.5077947994859329
40,1418.9350977748104,,,C-H bending,nu(C5-H15),bond,0.00023937834067601206,-,-0.0007014218952971138,0.35034644344056987
40,1418.9350977748104,,,C-H bending,"gamma(H19;C9,C3,C8)",oop,0.00023856227397456731,+,0.001349215011528709,0.09436499790933232
40,1418.9350977748104,,,C-H bending,nu(C6-H16),bond,6.686772014993947e-05,-,-0.0003808429020005796,0.33196804628701443
40,1418.9350977748104,,,C-H bending,nu(C2-H13),bond,4.6621877252150716e-05,-,-0.00032013279621683047,0.32756758471856046
40,1418.9350977748104,,,C-H bending,tau(H18-C8-C9-C3),dihedral,2.4460548662684143e-05,-,-0.0005222289093479086,0.06458265171461727
40,1418.9350977748104,,,C-H bending,nu(C6-O7),bond,2.1230423291303523e-05,-,-0.00021616027421465404,0.3271737003263393
40,1418.9350977748104,,,C-H bending,nu(C2-H14),bond,1.773249714974422e-05,-,-0.0001958675069110108,0.3328255096398904
40,1418.9350977748104,,,C-H bending,tau(C3-C5-C6-O7),dihedral,1.1601823369188872e-05,+,0.0001798477130770734,0.2582782931735298
40,1418.9350977748104,,,C-H bending,delta(O4-C3-C9),angle,4.0051514300479704e-06,+,7.66685640605563e-05,0.4906318980424579
40,1418.9350977748104,,,C-H bending,nu(C8-H18),bond,2.454921317567656e-06,+,7.004910078379614e-05,0.3602499637414734
41,1426.6271432368148,,,mixed C-H bending / O-H bending,delta(O7-C6-H16),angle,50.25602159975441,+,0.4009629388201129,0.26487131353131593
41,1426.6271432368148,,,mixed C-H bending / O-H bending,delta(C6-O7-H17),angle,32.62650765140729,+,0.38008771259514373,0.19136310701446652
41,1426.6271432368148,,,mixed C-H bending / O-H bending,nu(C5-C6),bond,2.2937714132618403,+,0.08095750877068549,0.29654537103395157
41,1426.6271432368148,,,mixed C-H bending / O-H bending,"gamma(C8;C6,O7,H16)",oop,1.9086420547573784,+,0.06679227035116064,0.3625161519618344
41,1426.6271432368148,,,mixed C-H bending / O-H bending,delta(C3-C2-H14),angle,1.7234815440932423,+,0.04919454154864942,0.6034316514517557
41,1426.6271432368148,,,mixed C-H bending / O-H bending,nu(C3-C5),bond,1.6499504436868722,+,0.0564185943841,0.439219548300516
41,1426.6271432368148,,,mixed C-H bending / O-H bending,delta(C1-C2-H14),angle,1.5651622549406297,-,-0.0486935031031567,0.5593357924954511
41,1426.6271432368148,,,mixed C-H bending / O-H bending,nu(C6-O7),bond,1.0288438353410725,-,-0.051619426972878954,0.3271737003263393
41,1426.6271432368148,,,mixed C-H bending / O-H bending,tau(C3-C5-C6-O7),dihedral,0.7520561830475256,+,0.04967167799394326,0.2582782931735298
41,1426.6271432368148,,,mixed C-H bending / O-H bending,nu(C6-C8),bond,0.6965877571704437,+,0.04475550084307019,0.2946715982642608
41,1426.6271432368148,,,mixed C-H bending / O-H bending,nu(C2-C3),bond,0.6247416780641439,-,-0.04247502867105602,0.29341911498367274
41,1426.6271432368148,,,mixed C-H bending / O-H bending,delta(C5-C6-O7),angle,0.6111408982199248,-,-0.03338891320993061,0.4645067893229545
41,1426.6271432368148,,,mixed C-H bending / O-H bending,delta(C6-C8-C9),angle,0.5234659376662436,+,0.02072782140906245,1.0323724235705396
41,1426.6271432368148,,,mixed C-H bending / O-H bending,delta(H13-C2-H14),angle,0.49500334890351666,+,0.028019637026760746,0.5342424723339905
41,1426.6271432368148,,,mixed C-H bending / O-H bending,delta(C9-C8-H18),angle,0.45697339135579607,+,0.04315526953907685,0.2079115088694835
41,1426.6271432368148,,,mixed C-H bending / O-H bending,"gamma(C2;C3,O4,C9)",oop,0.3505621981572704,+,0.022432042298693614,0.5903135300950473
41,1426.6271432368148,,,mixed C-H bending / O-H bending,nu(O4-C5),bond,0.34887403041584514,+,0.030465790160017204,0.3184923710839102
41,1426.6271432368148,,,mixed C-H bending / O-H bending,nu(C3-O4),bond,0.3353491672076753,+,0.0363459793265539,0.2150996809255757
41,1426.6271432368148,,,mixed C-H bending / O-H bending,nu(C8-C9),bond,0.2887682374673581,+,0.019419842439982408,0.6488036770482433
41,1426.6271432368148,,,mixed C-H bending / O-H bending,delta(C1-C2-H13),angle,0.255499287631249,-,-0.024224640459373344,0.3689183843817206
41,1426.6271432368148,,,mixed C-H bending / O-H bending,nu(C3-C9),bond,0.19202924330939797,-,-0.022750771804327604,0.31436224837181065
41,1426.6271432368148,,,mixed C-H bending / O-H bending,nu(O7-H17),bond,0.1491820913637001,-,-0.015777633494124227,0.5077947994859329
41,1426.6271432368148,,,mixed C-H bending / O-H bending,delta(C2-C1-H12),angle,0.1310957322211685,+,0.022507850533063443,0.21926827150728725
41,1426.6271432368148,,,mixed C-H bending / O-H bending,delta(O4-C5-H15),angle,0.11223090044051272,+,0.020708491245853708,0.22175366907519878
41,1426.6271432368148,,,mixed C-H bending / O-H bending,tau(C2-C3-C9-C8),dihedral,0.08794113889055018,-,-0.011552674180320025,0.558318887434276
41,1426.6271432368148,,,mixed C-H bending / O-H bending,tau(H11-C1-C2-H13),dihedral,0.07598546819236941,-,-0.01912975480435589,0.17594098589112622
41,1426.6271432368148,,,mixed C-H bending / O-H bending,delta(C2-C1-H11),angle,0.07197701042902274,+,0.016569767510659226,0.2221346249262574
41,1426.6271432368148,,,mixed C-H bending / O-H bending,nu(C6-H16),bond,0.05167070410088045,+,0.011484224949872786,0.33196804628701443
41,1426.6271432368148,,,mixed C-H bending / O-H bending,nu(C1-C2),bond,0.05010580181525217,+,0.012429518623691186,0.2748113603490793
41,1426.6271432368148,,,mixed C-H bending / O-H bending,"gamma(C6;C5,O4,H15)",oop,0.04842956449563741,-,-0.015640186845352153,0.1677575110310718
41,1426.6271432368148,,,mixed C-H bending / O-H bending,delta(O4-C3-C9),angle,0.042974300971434634,-,-0.008614977801462762,0.4906318980424579
41,1426.6271432368148,,,mixed C-H bending / O-H bending,tau(H12-C1-C2-C3),dihedral,0.038087804077871296,+,0.013684369922631551,0.1723421900449818
41,1426.6271432368148,,,mixed C-H bending / O-H bending,delta(C2-C1-H10),angle,0.036431678025251504,+,0.01177812863851028,0.22252656956113886
41,1426.6271432368148,,,mixed C-H bending / O-H bending,tau(H16-C6-O7-H17),dihedral,0.03349336370687427,-,-0.03576919554203769,0.02218174478859686
41,1426.6271432368148,,,mixed C-H bending / O-H bending,nu(C5-H15),bond,0.0261826603988639,+,0.007957665360947646,0.35034644344056987
41,1426.6271432368148,,,mixed C-H bending / O-H bending,delta(C1-C2-C3),angle,0.017149268382978804,-,-0.005598561129138831,0.4636049159394469
41,1426.6271432368148,,,mixed C-H bending / O-H bending,tau(C5-C6-C8-C9),dihedral,0.009687905034276875,+,0.0037631992670851344,0.5796565217156813
41,1426.6271432368148,,,mixed C-H bending / O-H bending,"gamma(C6;C5,C3,O4)",oop,0.007716715525429107,+,0.00268077351172844,0.9098452403956017
41,1426.6271432368148,,,mixed C-H bending / O-H bending,tau(H10-C1-C2-H14),dihedral,0.0069053039437577375,-,-0.0058696221477979845,0.16983132350687483
41,1426.6271432368148,,,mixed C-H bending / O-H bending,nu(C8-H18),bond,0.006720422901717749,+,0.00397579488736746,0.3602499637414734
41,1426.6271432368148,,,mixed C-H bending / O-H bending,delta(C3-C9-H19),angle,0.00485558624506274,+,0.004396185801469225,0.2128849100581254
41,1426.6271432368148,,,mixed C-H bending / O-H bending,"gamma(H19;C9,C3,C8)",oop,0.0022111195719938356,+,0.0044558266773671515,0.09436499790933232
41,1426.6271432368148,,,mixed C-H bending / O-H bending,nu(C9-H19),bond,0.002190294140862665,+,0.002269673698870959,0.3602723030176744
41,1426.6271432368148,,,mixed C-H bending / O-H bending,nu(C2-H14),bond,0.0015462125438045363,-,-0.001984056043506731,0.3328255096398904
41,1426.6271432368148,,,mixed C-H bending / O-H bending,nu(C1-H10),bond,0.0008241312225631253,+,0.0014444463508710473,0.3346946884301047
41,1426.6271432368148,,,mixed C-H bending / O-H bending,nu(C1-H11),bond,0.0004299033892009843,+,0.0010381877398041516,0.33796705053671766
41,1426.6271432368148,,,mixed C-H bending / O-H bending,tau(C1-C2-C3-C5),dihedral,0.00029724136775336656,-,-0.003353473960204509,0.022396216584251973
41,1426.6271432368148,,,mixed C-H bending / O-H bending,nu(C1-H12),bond,0.00015891210447833176,+,0.0006325591637905478,0.3365192870641175
41,1426.6271432368148,,,mixed C-H bending / O-H bending,tau(H18-C8-C9-C3),dihedral,7.287754070133699e-05,+,0.0009778372111807782,0.06458265171461727
41,1426.6271432368148,,,mixed C-H bending / O-H bending,nu(C2-H13),bond,1.3724194867851113e-05,-,-0.00018841723267574,0.32756758471856046
41,1426.6271432368148,,,mixed C-H bending / O-H bending,delta(C2-C3-O4),angle,6.902034529933479e-09,-,-3.448129465227094e-06,0.49188693193989014
42,1446.3565501120813,,,mixed mixed-phase cyclic C-C stretching / C-H bending,nu(C3-C5),bond,27.806782461582642,+,0.29007165341894503,0.439219548300516
42,1446.3565501120813,,,mixed mixed-phase cyclic C-C stretching / C-H bending,nu(C2-C3),bond,9.48468126862107,-,-0.20727070299859926,0.29341911498367274
42,1446.3565501120813,,,mixed mixed-phase cyclic C-C stretching / C-H bending,delta(C1-C2-H14),angle,8.893238859945592,-,-0.1453665301828749,0.5593357924954511
42,1446.3565501120813,,,mixed mixed-phase cyclic C-C stretching / C-H bending,delta(C3-C2-H14),angle,7.327889775107823,+,0.12704166361694155,0.6034316514517557
42,1446.3565501120813,,,mixed mixed-phase cyclic C-C stretching / C-H bending,delta(H13-C2-H14),angle,5.872679097682256,+,0.12087032243498862,0.5342424723339905
42,1446.3565501120813,,,mixed mixed-phase cyclic C-C stretching / C-H bending,"gamma(C6;C5,O4,H15)",oop,5.114488870112683,+,0.2012940246612119,0.1677575110310718
42,1446.3565501120813,,,mixed mixed-phase cyclic C-C stretching / C-H bending,"gamma(C2;C3,O4,C9)",oop,5.003017177135542,+,0.1061317632460368,0.5903135300950473
42,1446.3565501120813,,,mixed mixed-phase cyclic C-C stretching / C-H bending,nu(O4-C5),bond,4.157179020833976,+,0.13171056044616355,0.3184923710839102
42,1446.3565501120813,,,mixed mixed-phase cyclic C-C stretching / C-H bending,delta(C3-C9-H19),angle,4.096067323636327,-,-0.15991229463861584,0.2128849100581254
42,1446.3565501120813,,,mixed mixed-phase cyclic C-C stretching / C-H bending,nu(C3-O4),bond,3.2688459821672997,+,0.1421176761372862,0.2150996809255757
42,1446.3565501120813,,,mixed mixed-phase cyclic C-C stretching / C-H bending,delta(O4-C5-H15),angle,2.661343667770069,-,-0.12629490313304345,0.22175366907519878
42,1446.3565501120813,,,mixed mixed-phase cyclic C-C stretching / C-H bending,delta(C1-C2-H13),angle,2.505251950989178,-,-0.09500168467918975,0.3689183843817206
42,1446.3565501120813,,,mixed mixed-phase cyclic C-C stretching / C-H bending,nu(C5-C6),bond,2.133048057194424,-,-0.09777447591050299,0.29654537103395157
42,1446.3565501120813,,,mixed mixed-phase cyclic C-C stretching / C-H bending,delta(C9-C8-H18),angle,1.504025132810469,-,-0.09805258168259584,0.2079115088694835
42,1446.3565501120813,,,mixed mixed-phase cyclic C-C stretching / C-H bending,delta(O4-C3-C9),angle,1.3648150484660075,-,-0.060803665678069684,0.4906318980424579
42,1446.3565501120813,,,mixed mixed-phase cyclic C-C stretching / C-H bending,nu(C6-C8),bond,1.2872766927678825,-,-0.07619694599326939,0.2946715982642608
42,1446.3565501120813,,,mixed mixed-phase cyclic C-C stretching / C-H bending,tau(H11-C1-C2-H13),dihedral,1.1799386401301235,-,-0.09440977277964344,0.17594098589112622
42,1446.3565501120813,,,mixed mixed-phase cyclic C-C stretching / C-H bending,delta(O7-C6-H16),angle,0.8021862953513238,-,-0.06344405131703997,0.26487131353131593
42,1446.3565501120813,,,mixed mixed-phase cyclic C-C stretching / C-H bending,nu(C8-C9),bond,0.6395154735169701,+,0.03619425389159354,0.6488036770482433
42,1446.3565501120813,,,mixed mixed-phase cyclic C-C stretching / C-H bending,tau(C2-C3-C9-C8),dihedral,0.6327863218111953,-,-0.03881129490306612,0.558318887434276
42,1446.3565501120813,,,mixed mixed-phase cyclic C-C stretching / C-H bending,delta(C6-O7-H17),angle,0.6062366226672814,-,-0.06488775202472907,0.19136310701446652
42,1446.3565501120813,,,mixed mixed-phase cyclic C-C stretching / C-H bending,delta(C2-C1-H12),angle,0.5356781433445428,+,0.056981623403475824,0.21926827150728725
42,1446.3565501120813,,,mixed mixed-phase cyclic C-C stretching / C-H bending,"gamma(C6;C5,C3,O4)",oop,0.5201655439211391,-,-0.027564986109059827,0.9098452403956017
42,1446.3565501120813,,,mixed mixed-phase cyclic C-C stretching / C-H bending,nu(C1-C2),bond,0.44786026004217366,+,0.04653981732385124,0.2748113603490793
42,1446.3565501120813,,,mixed mixed-phase cyclic C-C stretching / C-H bending,tau(C3-C5-C6-O7),dihedral,0.3952252420887205,-,-0.04509715392699954,0.2582782931735298
42,1446.3565501120813,,,mixed mixed-phase cyclic C-C stretching / C-H bending,tau(H12-C1-C2-C3),dihedral,0.2934723728499028,+,0.04757278310938791,0.1723421900449818
42,1446.3565501120813,,,mixed mixed-phase cyclic C-C stretching / C-H bending,"gamma(C8;C6,O7,H16)",oop,0.2810992955486697,+,0.032102359152674446,0.3625161519618344
42,1446.3565501120813,,,mixed mixed-phase cyclic C-C stretching / C-H bending,delta(C2-C3-O4),angle,0.14787644674244593,+,0.01998884094326608,0.49188693193989014
42,1446.3565501120813,,,mixed mixed-phase cyclic C-C stretching / C-H bending,tau(C5-C6-C8-C9),dihedral,0.14766561113816054,-,-0.018400307108229565,0.5796565217156813
42,1446.3565501120813,,,mixed mixed-phase cyclic C-C stretching / C-H bending,delta(C2-C1-H11),angle,0.136922664745288,+,0.028622020811801787,0.2221346249262574
42,1446.3565501120813,,,mixed mixed-phase cyclic C-C stretching / C-H bending,delta(C2-C1-H10),angle,0.12960307236037225,+,0.027821943434724765,0.22252656956113886
42,1446.3565501120813,,,mixed mixed-phase cyclic C-C stretching / C-H bending,nu(C3-C9),bond,0.11459471497200054,+,0.022010902625862534,0.31436224837181065
42,1446.3565501120813,,,mixed mixed-phase cyclic C-C stretching / C-H bending,tau(H10-C1-C2-H14),dihedral,0.10221420916291114,+,0.028282480127553397,0.16983132350687483
42,1446.3565501120813,,,mixed mixed-phase cyclic C-C stretching / C-H bending,nu(C6-O7),bond,0.09459241705768993,+,0.01960242133808824,0.3271737003263393
42,1446.3565501120813,,,mixed mixed-phase cyclic C-C stretching / C-H bending,tau(H18-C8-C9-C3),dihedral,0.060589749208902755,+,0.035311193139091035,0.06458265171461727
42,1446.3565501120813,,,mixed mixed-phase cyclic C-C stretching / C-H bending,delta(C1-C2-C3),angle,0.055995318267617306,-,-0.012669882689774408,0.4636049159394469
42,1446.3565501120813,,,mixed mixed-phase cyclic C-C stretching / C-H bending,tau(H16-C6-O7-H17),dihedral,0.05262343350814404,-,-0.05615164576668081,0.02218174478859686
42,1446.3565501120813,,,mixed mixed-phase cyclic C-C stretching / C-H bending,delta(C5-C6-O7),angle,0.051144192477917114,-,-0.012096866314082064,0.4645067893229545
42,1446.3565501120813,,,mixed mixed-phase cyclic C-C stretching / C-H bending,"gamma(H19;C9,C3,C8)",oop,0.024047365762467188,+,0.018403441225156643,0.09436499790933232
42,1446.3565501120813,,,mixed mixed-phase cyclic C-C stretching / C-H bending,delta(C6-C8-C9),angle,0.022822277322687712,-,-0.005420408814172857,1.0323724235705396
42,1446.3565501120813,,,mixed mixed-phase cyclic C-C stretching / C-H bending,nu(C2-H14),bond,0.010420154430954,-,-0.006450591294779932,0.3328255096398904
42,1446.3565501120813,,,mixed mixed-phase cyclic C-C stretching / C-H bending,tau(C1-C2-C3-C5),dihedral,0.008258591694684774,-,-0.02213789990446899,0.022396216584251973
42,1446.3565501120813,,,mixed mixed-phase cyclic C-C stretching / C-H bending,nu(C5-H15),bond,0.0077379503056727505,+,0.0054179483793198166,0.35034644344056987
42,1446.3565501120813,,,mixed mixed-phase cyclic C-C stretching / C-H bending,nu(C1-H10),bond,0.004970082007218379,+,0.004442506977031433,0.3346946884301047
42,1446.3565501120813,,,mixed mixed-phase cyclic C-C stretching / C-H bending,nu(C9-H19),bond,0.003878517971396299,+,0.0037825808320040588,0.3602723030176744
42,1446.3565501120813,,,mixed mixed-phase cyclic C-C stretching / C-H bending,nu(O7-H17),bond,0.0037516773013743956,+,0.0031335697402458972,0.5077947994859329
42,1446.3565501120813,,,mixed mixed-phase cyclic C-C stretching / C-H bending,nu(C2-H13),bond,0.0024450896946558846,-,-0.0031496891155863536,0.32756758471856046
42,1446.3565501120813,,,mixed mixed-phase cyclic C-C stretching / C-H bending,nu(C6-H16),bond,0.0012577396188611421,-,-0.002243974827277947,0.33196804628701443
42,1446.3565501120813,,,mixed mixed-phase cyclic C-C stretching / C-H bending,nu(C1-H11),bond,0.0011506590937370043,+,0.0021271930603859006,0.33796705053671766
42,1446.3565501120813,,,mixed mixed-phase cyclic C-C stretching / C-H bending,nu(C1-H12),bond,0.0005688878819543455,-,-0.001498922271746672,0.3365192870641175
42,1446.3565501120813,,,mixed mixed-phase cyclic C-C stretching / C-H bending,nu(C8-H18),bond,7.457917758443407e-05,-,-0.0005245387456249855,0.3602499637414734
43,1481.8441370157977,,,C-H bending,delta(H13-C2-H14),angle,81.65713282804565,-,-0.6725215378298791,0.5342424723339905
43,1481.8441370157977,,,C-H bending,delta(C3-C2-H14),angle,6.109218157639505,+,0.17308407585421381,0.6034316514517557
43,1481.8441370157977,,,C-H bending,delta(C1-C2-H14),angle,2.994756300462417,+,0.12587015813225622,0.5593357924954511
43,1481.8441370157977,,,C-H bending,tau(H11-C1-C2-H13),dihedral,2.8614439820658975,+,0.2193751613672466,0.17594098589112622
43,1481.8441370157977,,,C-H bending,tau(H10-C1-C2-H14),dihedral,2.650831655113767,-,-0.21491192625858543,0.16983132350687483
43,1481.8441370157977,,,C-H bending,delta(C1-C2-H13),angle,2.265071722599958,+,0.13478891266801546,0.3689183843817206
43,1481.8441370157977,,,C-H bending,nu(C2-C3),bond,0.4546140010805847,-,-0.06771042531717246,0.29341911498367274
43,1481.8441370157977,,,C-H bending,nu(C3-C5),bond,0.3289953877994168,+,0.04707956203287804,0.439219548300516
43,1481.8441370157977,,,C-H bending,delta(C1-C2-C3),angle,0.2593097096007332,+,0.04068306953165078,0.4636049159394469
43,1481.8441370157977,,,C-H bending,nu(C1-C2),bond,0.08285270184940265,-,-0.029868563527044686,0.2748113603490793
43,1481.8441370157977,,,C-H bending,delta(C2-C1-H12),angle,0.05212208782872791,-,-0.026521699197133965,0.21926827150728725
43,1481.8441370157977,,,C-H bending,nu(O4-C5),bond,0.041491183429807614,+,0.01963390719324126,0.3184923710839102
43,1481.8441370157977,,,C-H bending,tau(C2-C3-C9-C8),dihedral,0.03361483874187517,+,0.013347585021484388,0.558318887434276
43,1481.8441370157977,,,C-H bending,nu(C2-H13),bond,0.02909044239871171,+,0.016210747583714696,0.32756758471856046
43,1481.8441370157977,,,C-H bending,delta(C2-C1-H11),angle,0.02515721930525721,+,0.018306340169019893,0.2221346249262574
43,1481.8441370157977,,,C-H bending,nu(C2-H14),bond,0.023683512554943772,+,0.01451085805702686,0.3328255096398904
43,1481.8441370157977,,,C-H bending,nu(C3-O4),bond,0.022673826380949634,+,0.017661226696181007,0.2150996809255757
43,1481.8441370157977,,,C-H bending,"gamma(C6;C5,O4,H15)",oop,0.021041672149366315,+,0.01926537546955466,0.1677575110310718
43,1481.8441370157977,,,C-H bending,delta(C3-C9-H19),angle,0.015151288571206682,-,-0.01451211413890235,0.2128849100581254
43,1481.8441370157977,,,C-H bending,nu(C5-C6),bond,0.013328121363245262,-,-0.011532334598229546,0.29654537103395157
43,1481.8441370157977,,,C-H bending,nu(C1-H12),bond,0.009615568934750369,-,-0.009195193071120638,0.3365192870641175
43,1481.8441370157977,,,C-H bending,delta(O4-C5-H15),angle,0.008820842213957849,-,-0.010849206098085751,0.22175366907519878
43,1481.8441370157977,,,C-H bending,nu(C3-C9),bond,0.00629183281630589,-,-0.00769576387041647,0.31436224837181065
43,1481.8441370157977,,,C-H bending,nu(C8-C9),bond,0.005963680541041578,+,0.005215294941368237,0.6488036770482433
43,1481.8441370157977,,,C-H bending,"gamma(C6;C5,C3,O4)",oop,0.005388078742206128,-,-0.0041861187395499325,0.9098452403956017
43,1481.8441370157977,,,C-H bending,delta(C2-C1-H10),angle,0.004756110069553893,+,0.007952677144229241,0.22252656956113886
43,1481.8441370157977,,,C-H bending,delta(C6-C8-C9),angle,0.0036396862557631277,-,-0.003229922608885656,1.0323724235705396
43,1481.8441370157977,,,C-H bending,delta(O4-C3-C9),angle,0.0024476026461432584,-,-0.003842119838883843,0.4906318980424579
43,1481.8441370157977,,,C-H bending,delta(C2-C3-O4),angle,0.0018054392870706622,-,-0.0032956200906586125,0.49188693193989014
43,1481.8441370157977,,,C-H bending,nu(C1-H11),bond,0.0017328896175835258,+,0.0038951717231721205,0.33796705053671766
43,1481.8441370157977,,,C-H bending,"gamma(C2;C3,O4,C9)",oop,0.001312251195263238,+,0.002564752486613017,0.5903135300950473
43,1481.8441370157977,,,C-H bending,nu(C1-H10),bond,0.0011719468341235993,+,0.003218902963745553,0.3346946884301047
43,1481.8441370157977,,,C-H bending,tau(C5-C6-C8-C9),dihedral,0.0011069807405065702,-,-0.0023771851522819396,0.5796565217156813
43,1481.8441370157977,,,C-H bending,tau(H12-C1-C2-C3),dihedral,0.0010686241818300322,-,-0.004283463147480487,0.1723421900449818
43,1481.8441370157977,,,C-H bending,delta(O7-C6-H16),angle,0.0008304050809851037,+,0.0030458315154646308,0.26487131353131593
43,1481.8441370157977,,,C-H bending,"gamma(C8;C6,O7,H16)",oop,0.0007497527341732235,+,0.0024738518523774954,0.3625161519618344
43,1481.8441370157977,,,C-H bending,nu(C6-C8),bond,0.0006908747030665028,-,-0.002633958001794776,0.2946715982642608
43,1481.8441370157977,,,C-H bending,"gamma(H19;C9,C3,C8)",oop,0.0005491348363347627,-,-0.0041496586217791885,0.09436499790933232
43,1481.8441370157977,,,C-H bending,tau(H16-C6-O7-H17),dihedral,0.00019441672325964514,-,-0.005092690661826677,0.02218174478859686
43,1481.8441370157977,,,C-H bending,delta(C5-C6-O7),angle,0.00016626966601152987,-,-0.0010291740303594926,0.4645067893229545
43,1481.8441370157977,,,C-H bending,nu(C5-H15),bond,3.3764618700370833e-05,+,0.0005340235482348618,0.35034644344056987
43,1481.8441370157977,,,C-H bending,delta(C9-C8-H18),angle,3.359927939207774e-05,-,-0.0006915189029400998,0.2079115088694835
43,1481.8441370157977,,,C-H bending,tau(C1-C2-C3-C5),dihedral,2.659966607304443e-05,+,0.0018746884457588335,0.022396216584251973
43,1481.8441370157977,,,C-H bending,tau(C3-C5-C6-O7),dihedral,8.94695628747186e-06,-,-0.0003201636656251273,0.2582782931735298
43,1481.8441370157977,,,C-H bending,delta(C6-O7-H17),angle,5.9357830958919445e-06,+,0.0003029620594013319,0.19136310701446652
43,1481.8441370157977,,,C-H bending,tau(H18-C8-C9-C3),dihedral,3.503054285850756e-06,-,-0.00040063034136978597,0.06458265171461727
43,1481.8441370157977,,,C-H bending,nu(C6-H16),bond,3.4230561119873914e-06,+,0.00017467759653913735,0.33196804628701443
43,1481.8441370157977,,,C-H bending,nu(C6-O7),bond,5.79138384899107e-07,-,-7.237362438773289e-05,0.3271737003263393
43,1481.8441370157977,,,C-H bending,nu(C8-H18),bond,2.2713006509124792e-07,+,4.319303085490593e-05,0.3602499637414734
43,1481.8441370157977,,,C-H bending,nu(O7-H17),bond,2.1202659679430304e-07,+,3.515032838417932e-05,0.5077947994859329
43,1481.8441370157977,,,C-H bending,nu(C9-H19),bond,1.8248962899857298e-07,-,-3.871524358123806e-05,0.3602723030176744
44,1504.2826161926187,,,mixed C-C torsion / C-H bending,tau(H12-C1-C2-C3),dihedral,47.641794385990615,-,-0.38117721151726985,0.1723421900449818
44,1504.2826161926187,,,mixed C-C torsion / C-H bending,tau(H10-C1-C2-H14),dihedral,23.738681503029714,+,0.27104916701756,0.16983132350687483
44,1504.2826161926187,,,mixed C-C torsion / C-H bending,delta(C2-C1-H11),angle,9.89807054420798,+,0.15303678030053539,0.2221346249262574
44,1504.2826161926187,,,mixed C-C torsion / C-H bending,delta(C2-C1-H10),angle,8.955848583672733,-,-0.1454424266209016,0.22252656956113886
44,1504.2826161926187,,,mixed C-C torsion / C-H bending,tau(H11-C1-C2-H13),dihedral,4.616951069561797,+,0.11744182801270715,0.17594098589112622
44,1504.2826161926187,,,mixed C-C torsion / C-H bending,delta(H13-C2-H14),angle,2.940411849482286,+,0.053785294822556756,0.5342424723339905
44,1504.2826161926187,,,mixed C-C torsion / C-H bending,delta(C2-C1-H12),angle,0.7373377085564339,-,-0.042041093451571136,0.21926827150728725
44,1504.2826161926187,,,mixed C-C torsion / C-H bending,delta(C1-C2-H14),angle,0.5239366390268028,-,-0.022188694795888114,0.5593357924954511
44,1504.2826161926187,,,mixed C-C torsion / C-H bending,nu(C1-H10),bond,0.23087088921965646,-,-0.019040960623375198,0.3346946884301047
44,1504.2826161926187,,,mixed C-C torsion / C-H bending,nu(C1-H11),bond,0.17899922719763722,+,0.01668464898704789,0.33796705053671766
44,1504.2826161926187,,,mixed C-C torsion / C-H bending,delta(C3-C2-H14),angle,0.1641856744123157,-,-0.011958653010299261,0.6034316514517557
44,1504.2826161926187,,,mixed C-C torsion / C-H bending,delta(C1-C2-H13),angle,0.09769291579259726,+,0.011797637946904848,0.3689183843817206
44,1504.2826161926187,,,mixed C-C torsion / C-H bending,delta(C3-C9-H19),angle,0.05605780081856855,-,-0.011764521453849538,0.2128849100581254
44,1504.2826161926187,,,mixed C-C torsion / C-H bending,nu(C2-C3),bond,0.05070869010817265,+,0.009530719146223367,0.29341911498367274
44,1504.2826161926187,,,mixed C-C torsion / C-H bending,delta(C2-C3-O4),angle,0.020858872981302155,+,0.004721081030987421,0.49188693193989014
44,1504.2826161926187,,,mixed C-C torsion / C-H bending,tau(C2-C3-C9-C8),dihedral,0.019432461069404834,-,-0.004277119855100168,0.558318887434276
44,1504.2826161926187,,,mixed C-C torsion / C-H bending,nu(C1-C2),bond,0.01901108065351834,+,0.006029964264436197,0.2748113603490793
44,1504.2826161926187,,,mixed C-C torsion / C-H bending,nu(C6-C8),bond,0.012753156863441804,-,-0.004769450970193086,0.2946715982642608
44,1504.2826161926187,,,mixed C-C torsion / C-H bending,delta(C9-C8-H18),angle,0.011384953172817515,-,-0.00536481853338694,0.2079115088694835
44,1504.2826161926187,,,mixed C-C torsion / C-H bending,"gamma(C8;C6,O7,H16)",oop,0.010874806333780513,+,0.0039707794190553865,0.3625161519618344
44,1504.2826161926187,,,mixed C-C torsion / C-H bending,delta(C1-C2-C3),angle,0.008134798566764972,-,-0.0030368830154749705,0.4636049159394469
44,1504.2826161926187,,,mixed C-C torsion / C-H bending,nu(C1-H12),bond,0.007865774491155829,-,-0.003505051816543911,0.3365192870641175
44,1504.2826161926187,,,mixed C-C torsion / C-H bending,nu(C3-C5),bond,0.007783989478974597,+,0.0030520311849390174,0.439219548300516
44,1504.2826161926187,,,mixed C-C torsion / C-H bending,nu(C3-O4),bond,0.007320641204164234,+,0.004229444740293423,0.2150996809255757
44,1504.2826161926187,,,mixed C-C torsion / C-H bending,nu(C2-H14),bond,0.006724274230873491,-,-0.0032586902608270386,0.3328255096398904
44,1504.2826161926187,,,mixed C-C torsion / C-H bending,tau(C1-C2-C3-C5),dihedral,0.005599097862965207,-,-0.011463055021369555,0.022396216584251973
44,1504.2826161926187,,,mixed C-C torsion / C-H bending,delta(C6-C8-C9),angle,0.005567848904843564,+,0.0016836592480233591,1.0323724235705396
44,1504.2826161926187,,,mixed C-C torsion / C-H bending,nu(O4-C5),bond,0.0046032592936817805,+,0.002756207305324383,0.3184923710839102
44,1504.2826161926187,,,mixed C-C torsion / C-H bending,"gamma(C6;C5,C3,O4)",oop,0.004403644079919103,-,-0.0015949644904476562,0.9098452403956017
44,1504.2826161926187,,,mixed C-C torsion / C-H bending,delta(O4-C5-H15),angle,0.003928769040311033,-,-0.0030515572310694707,0.22175366907519878
44,1504.2826161926187,,,mixed C-C torsion / C-H bending,"gamma(C2;C3,O4,C9)",oop,0.0026816758950334073,+,0.001545220469432152,0.5903135300950473
44,1504.2826161926187,,,mixed C-C torsion / C-H bending,nu(C2-H13),bond,0.0024127839793153106,+,0.001967602828452456,0.32756758471856046
44,1504.2826161926187,,,mixed C-C torsion / C-H bending,nu(C3-C9),bond,0.0014970791795907092,-,-0.0015821070628137747,0.31436224837181065
44,1504.2826161926187,,,mixed C-C torsion / C-H bending,nu(C8-C9),bond,0.0013399819712982136,+,0.001041889121477117,0.6488036770482433
44,1504.2826161926187,,,mixed C-C torsion / C-H bending,"gamma(C6;C5,O4,H15)",oop,0.0011287721749486147,+,0.001880575776826328,0.1677575110310718
44,1504.2826161926187,,,mixed C-C torsion / C-H bending,tau(C3-C5-C6-O7),dihedral,0.0009155370879447322,-,-0.0013649687051243203,0.2582782931735298
44,1504.2826161926187,,,mixed C-C torsion / C-H bending,delta(C5-C6-O7),angle,0.0006526956642987209,-,-0.0008593854728033918,0.4645067893229545
44,1504.2826161926187,,,mixed C-C torsion / C-H bending,tau(H16-C6-O7-H17),dihedral,0.0004919584623345688,-,-0.0034142478356569343,0.02218174478859686
44,1504.2826161926187,,,mixed C-C torsion / C-H bending,nu(C9-H19),bond,0.00025966871313722013,+,0.0006154929065747705,0.3602723030176744
44,1504.2826161926187,,,mixed C-C torsion / C-H bending,tau(H18-C8-C9-C3),dihedral,0.0001719650413232835,+,0.0011830165626791132,0.06458265171461727
44,1504.2826161926187,,,mixed C-C torsion / C-H bending,nu(C6-O7),bond,0.00013972451963383586,+,0.0004737789889816842,0.3271737003263393
44,1504.2826161926187,,,mixed C-C torsion / C-H bending,tau(C5-C6-C8-C9),dihedral,0.000130264815140804,-,-0.0003436820717770882,0.5796565217156813
44,1504.2826161926187,,,mixed C-C torsion / C-H bending,delta(C6-O7-H17),angle,9.254983853062948e-05,+,0.0005041820770185959,0.19136310701446652
44,1504.2826161926187,,,mixed C-C torsion / C-H bending,delta(O4-C3-C9),angle,8.736936076573126e-05,+,0.00030593584650004765,0.4906318980424579
44,1504.2826161926187,,,mixed C-C torsion / C-H bending,nu(C5-C6),bond,8.035882892468313e-05,+,0.0003773982674788932,0.29654537103395157
44,1504.2826161926187,,,mixed C-C torsion / C-H bending,delta(O7-C6-H16),angle,5.866008080468112e-05,-,-0.0003411791972241233,0.26487131353131593
44,1504.2826161926187,,,mixed C-C torsion / C-H bending,nu(C5-H15),bond,2.3523920310185656e-05,+,0.0001878601524326582,0.35034644344056987
44,1504.2826161926187,,,mixed C-C torsion / C-H bending,nu(C8-H18),bond,1.8075316936987734e-05,-,-0.00016239388242938275,0.3602499637414734
44,1504.2826161926187,,,mixed C-C torsion / C-H bending,"gamma(H19;C9,C3,C8)",oop,1.3333863918447118e-05,-,-0.0002725217813980242,0.09436499790933232
44,1504.2826161926187,,,mixed C-C torsion / C-H bending,nu(O7-H17),bond,9.090068878074223e-06,+,9.699919717472571e-05,0.5077947994859329
44,1504.2826161926187,,,mixed C-C torsion / C-H bending,nu(C6-H16),bond,2.1911683058255557e-08,+,5.890042176593904e-06,0.33196804628701443
45,1511.671527869988,,,mixed C-C torsion / C-H bending,tau(H11-C1-C2-H13),dihedral,35.50881516954086,-,-0.46070902590786256,0.17594098589112622
45,1511.671527869988,,,mixed C-C torsion / C-H bending,tau(H10-C1-C2-H14),dihedral,25.281884803753677,+,0.3956744138850248,0.16983132350687483
45,1511.671527869988,,,mixed C-C torsion / C-H bending,delta(H13-C2-H14),angle,19.678829411906648,+,0.19682151275447998,0.5342424723339905
45,1511.671527869988,,,mixed C-C torsion / C-H bending,delta(C2-C1-H12),angle,5.919831622365943,-,-0.1685034981455074,0.21926827150728725
45,1511.671527869988,,,mixed C-C torsion / C-H bending,delta(C3-C2-H14),angle,5.556967699900135,-,-0.09841176792505939,0.6034316514517557
45,1511.671527869988,,,mixed C-C torsion / C-H bending,delta(C2-C1-H10),angle,2.8612732059681285,+,0.1162869200925468,0.22252656956113886
45,1511.671527869988,,,mixed C-C torsion / C-H bending,nu(C2-C3),bond,1.8714095958431212,+,0.08189971025027147,0.29341911498367274
45,1511.671527869988,,,mixed C-C torsion / C-H bending,delta(C2-C1-H11),angle,1.1832700181863218,+,0.07484726605148599,0.2221346249262574
45,1511.671527869988,,,mixed C-C torsion / C-H bending,nu(C3-C5),bond,0.6667959631130549,-,-0.03995745243425971,0.439219548300516
45,1511.671527869988,,,mixed C-C torsion / C-H bending,tau(H12-C1-C2-C3),dihedral,0.5880786035435172,+,0.05990513154841131,0.1723421900449818
45,1511.671527869988,,,mixed C-C torsion / C-H bending,nu(C1-H12),bond,0.10106647323207021,-,-0.017772180528399805,0.3365192870641175
45,1511.671527869988,,,mixed C-C torsion / C-H bending,nu(C3-O4),bond,0.0820397207901595,-,-0.020027850662576143,0.2150996809255757
45,1511.671527869988,,,mixed C-C torsion / C-H bending,delta(O4-C3-C9),angle,0.07443909170902456,+,0.012631786691842955,0.4906318980424579
45,1511.671527869988,,,mixed C-C torsion / C-H bending,nu(O4-C5),bond,0.07200704605214481,-,-0.015419849013948564,0.3184923710839102
45,1511.671527869988,,,mixed C-C torsion / C-H bending,delta(C3-C9-H19),angle,0.06654883205411417,+,0.018131758269103893,0.2128849100581254
45,1511.671527869988,,,mixed C-C torsion / C-H bending,"gamma(C2;C3,O4,C9)",oop,0.06192418348516723,-,-0.01050342446011569,0.5903135300950473
45,1511.671527869988,,,mixed C-C torsion / C-H bending,nu(C1-H10),bond,0.06135772488689317,+,0.013885206869592702,0.3346946884301047
45,1511.671527869988,,,mixed C-C torsion / C-H bending,"gamma(C6;C5,O4,H15)",oop,0.06041311340086741,-,-0.019461072141250795,0.1677575110310718
45,1511.671527869988,,,mixed C-C torsion / C-H bending,nu(C8-C9),bond,0.05037209802746493,-,-0.009036089198436154,0.6488036770482433
45,1511.671527869988,,,mixed C-C torsion / C-H bending,nu(C1-C2),bond,0.04702801583567642,-,-0.013415384594175161,0.2748113603490793
45,1511.671527869988,,,mixed C-C torsion / C-H bending,nu(C5-C6),bond,0.03629304034725028,+,0.011345097741774843,0.29654537103395157
45,1511.671527869988,,,mixed C-C torsion / C-H bending,delta(C1-C2-H14),angle,0.027470492859118716,+,0.007186857946044596,0.5593357924954511
45,1511.671527869988,,,mixed C-C torsion / C-H bending,nu(C3-C9),bond,0.026966337069400617,-,-0.009498126008571906,0.31436224837181065
45,1511.671527869988,,,mixed C-C torsion / C-H bending,delta(C2-C3-O4),angle,0.023017011371663447,-,-0.00701510158630797,0.49188693193989014
45,1511.671527869988,,,mixed C-C torsion / C-H bending,delta(O4-C5-H15),angle,0.02193834405672915,+,0.010200199245812485,0.22175366907519878
45,1511.671527869988,,,mixed C-C torsion / C-H bending,delta(C9-C8-H18),angle,0.018311744939155057,+,0.00962426872792814,0.2079115088694835
45,1511.671527869988,,,mixed C-C torsion / C-H bending,nu(C1-H11),bond,0.015195196769001234,+,0.006876352379175098,0.33796705053671766
45,1511.671527869988,,,mixed C-C torsion / C-H bending,delta(C1-C2-C3),angle,0.010846536077436655,-,-0.004960365257449014,0.4636049159394469
45,1511.671527869988,,,mixed C-C torsion / C-H bending,nu(C6-C8),bond,0.007199959366728853,+,0.005069183634303311,0.2946715982642608
45,1511.671527869988,,,mixed C-C torsion / C-H bending,tau(C3-C5-C6-O7),dihedral,0.004066036079982506,+,0.004068963563199272,0.2582782931735298
45,1511.671527869988,,,mixed C-C torsion / C-H bending,delta(C6-C8-C9),angle,0.0035643360311600984,+,0.0019055189120800598,1.0323724235705396
45,1511.671527869988,,,mixed C-C torsion / C-H bending,tau(C5-C6-C8-C9),dihedral,0.0028923799249723865,+,0.002290785612077113,0.5796565217156813
45,1511.671527869988,,,mixed C-C torsion / C-H bending,"gamma(H19;C9,C3,C8)",oop,0.001461495639081052,-,-0.004035853891841274,0.09436499790933232
45,1511.671527869988,,,mixed C-C torsion / C-H bending,tau(H18-C8-C9-C3),dihedral,0.0013994994763927612,-,-0.004773869847348557,0.06458265171461727
45,1511.671527869988,,,mixed C-C torsion / C-H bending,nu(C2-H13),bond,0.0013030768753528532,-,-0.002045392693917189,0.32756758471856046
45,1511.671527869988,,,mixed C-C torsion / C-H bending,"gamma(C8;C6,O7,H16)",oop,0.0010082974895113486,+,0.001710301997422886,0.3625161519618344
45,1511.671527869988,,,mixed C-C torsion / C-H bending,delta(C1-C2-H13),angle,0.0006444497676987951,+,0.0013554126276264916,0.3689183843817206
45,1511.671527869988,,,mixed C-C torsion / C-H bending,delta(C6-O7-H17),angle,0.0005760501080119707,+,0.0017792753620934937,0.19136310701446652
45,1511.671527869988,,,mixed C-C torsion / C-H bending,tau(C1-C2-C3-C5),dihedral,0.000306146202350088,+,0.0037915714950008564,0.022396216584251973
45,1511.671527869988,,,mixed C-C torsion / C-H bending,nu(C2-H14),bond,0.00023544819922944693,-,-0.0008625445281872222,0.3328255096398904
45,1511.671527869988,,,mixed C-C torsion / C-H bending,"gamma(C6;C5,C3,O4)",oop,0.000185304751757246,+,0.0004628088498381493,0.9098452403956017
45,1511.671527869988,,,mixed C-C torsion / C-H bending,nu(C9-H19),bond,0.00015544987209216177,-,-0.0006736307246274496,0.3602723030176744
45,1511.671527869988,,,mixed C-C torsion / C-H bending,nu(C5-H15),bond,0.00014591046277097558,-,-0.0006618148405779316,0.35034644344056987
45,1511.671527869988,,,mixed C-C torsion / C-H bending,delta(C5-C6-O7),angle,0.00013753964327006617,+,0.0005580332212273471,0.4645067893229545
45,1511.671527869988,,,mixed C-C torsion / C-H bending,delta(O7-C6-H16),angle,0.00011605895894332596,-,-0.0006788346676505033,0.26487131353131593
45,1511.671527869988,,,mixed C-C torsion / C-H bending,tau(H16-C6-O7-H17),dihedral,9.669191655225364e-05,+,0.002141111937608699,0.02218174478859686
45,1511.671527869988,,,mixed C-C torsion / C-H bending,nu(C8-H18),bond,7.240815188937039e-05,-,-0.0004597628743394254,0.3602499637414734
45,1511.671527869988,,,mixed C-C torsion / C-H bending,nu(C6-O7),bond,2.149723341769004e-05,-,-0.00026287194213371704,0.3271737003263393
45,1511.671527869988,,,mixed C-C torsion / C-H bending,nu(O7-H17),bond,1.468271646589593e-05,-,-0.00017438182659714992,0.5077947994859329
45,1511.671527869988,,,mixed C-C torsion / C-H bending,tau(C2-C3-C9-C8),dihedral,6.132777096966241e-06,-,-0.000107480473431944,0.558318887434276
45,1511.671527869988,,,mixed C-C torsion / C-H bending,nu(C6-H16),bond,5.127054028894923e-08,+,1.2744650977117975e-05,0.33196804628701443
46,1662.9892168410308,,,cyclic C-C stretching,nu(C8-C9),bond,72.85934285198744,-,-0.3850914286458345,0.6488036770482433
46,1662.9892168410308,,,cyclic C-C stretching,delta(C3-C9-H19),angle,7.8530678102504154,-,-0.22071157664637317,0.2128849100581254
46,1662.9892168410308,,,cyclic C-C stretching,delta(C6-C8-C9),angle,3.511906446409814,+,0.06702412454653821,1.0323724235705396
46,1662.9892168410308,,,cyclic C-C stretching,delta(C9-C8-H18),angle,3.325076334749595,+,0.145324696101302,0.2079115088694835
46,1662.9892168410308,,,cyclic C-C stretching,"gamma(C8;C6,O7,H16)",oop,2.8317336597020617,+,0.10156414092968621,0.3625161519618344
46,1662.9892168410308,,,cyclic C-C stretching,nu(C3-C9),bond,2.5887589079598574,+,0.10428179272680842,0.31436224837181065
46,1662.9892168410308,,,cyclic C-C stretching,nu(C6-C8),bond,2.2697306016660623,+,0.1008546428462253,0.2946715982642608
46,1662.9892168410308,,,cyclic C-C stretching,"gamma(C2;C3,O4,C9)",oop,2.20655054797164,+,0.07025762265210979,0.5903135300950473
46,1662.9892168410308,,,cyclic C-C stretching,delta(O4-C3-C9),angle,0.7160087642069546,-,-0.043899457933516385,0.4906318980424579
46,1662.9892168410308,,,cyclic C-C stretching,nu(C2-C3),bond,0.38043809889399804,-,-0.041378589123038365,0.29341911498367274
46,1662.9892168410308,,,cyclic C-C stretching,tau(C2-C3-C9-C8),dihedral,0.2555128751190916,-,-0.024583465965245105,0.558318887434276
46,1662.9892168410308,,,cyclic C-C stretching,nu(C8-H18),bond,0.2519433047578457,-,-0.030389763235971097,0.3602499637414734
46,1662.9892168410308,,,cyclic C-C stretching,nu(C3-C5),bond,0.24762968660579682,+,0.02728590747246778,0.439219548300516
46,1662.9892168410308,,,cyclic C-C stretching,nu(C9-H19),bond,0.2219523412714596,-,-0.028522809803608478,0.3602723030176744
46,1662.9892168410308,,,cyclic C-C stretching,delta(C3-C2-H14),angle,0.1022157490118908,+,0.01495625093617243,0.6034316514517557
46,1662.9892168410308,,,cyclic C-C stretching,"gamma(C6;C5,C3,O4)",oop,0.06917724203984663,+,0.010020184924095413,0.9098452403956017
46,1662.9892168410308,,,cyclic C-C stretching,delta(C2-C3-O4),angle,0.0506669399595532,+,0.011662927450390674,0.49188693193989014
46,1662.9892168410308,,,cyclic C-C stretching,nu(C3-O4),bond,0.04900027556196409,+,0.017344319164106402,0.2150996809255757
46,1662.9892168410308,,,cyclic C-C stretching,nu(C5-C6),bond,0.04697781546668743,+,0.014463676936462274,0.29654537103395157
46,1662.9892168410308,,,cyclic C-C stretching,delta(C1-C2-H14),angle,0.03153383400276284,-,-0.008628393868447626,0.5593357924954511
46,1662.9892168410308,,,cyclic C-C stretching,nu(C6-O7),bond,0.028326459105979442,-,-0.010692637175379681,0.3271737003263393
46,1662.9892168410308,,,cyclic C-C stretching,tau(H16-C6-O7-H17),dihedral,0.02276822816147218,-,-0.03681668178932813,0.02218174478859686
46,1662.9892168410308,,,cyclic C-C stretching,delta(C1-C2-H13),angle,0.012035465521009212,-,-0.006563631280390673,0.3689183843817206
46,1662.9892168410308,,,cyclic C-C stretching,delta(O7-C6-H16),angle,0.01013288589613541,+,0.0071076656820719605,0.26487131353131593
46,1662.9892168410308,,,cyclic C-C stretching,tau(H10-C1-C2-H14),dihedral,0.00974334602718561,-,-0.008704083421622046,0.16983132350687483
46,1662.9892168410308,,,cyclic C-C stretching,delta(C6-O7-H17),angle,0.009232806396616975,+,0.007982071913386785,0.19136310701446652
46,1662.9892168410308,,,cyclic C-C stretching,delta(C5-C6-O7),angle,0.008619305837768026,-,-0.0049501458036406935,0.4645067893229545
46,1662.9892168410308,,,cyclic C-C stretching,nu(C1-C2),bond,0.007970814018724763,+,0.006188877343722367,0.2748113603490793
46,1662.9892168410308,,,cyclic C-C stretching,"gamma(H19;C9,C3,C8)",oop,0.005145766413017667,+,0.008485890926004136,0.09436499790933232
46,1662.9892168410308,,,cyclic C-C stretching,delta(C1-C2-C3),angle,0.004179450538250822,-,-0.003450352427952413,0.4636049159394469
46,1662.9892168410308,,,cyclic C-C stretching,delta(O4-C5-H15),angle,0.004164111965234453,+,0.004979705629381232,0.22175366907519878
46,1662.9892168410308,,,cyclic C-C stretching,tau(C3-C5-C6-O7),dihedral,0.0019011074573908593,+,0.003117721065827202,0.2582782931735298
46,1662.9892168410308,,,cyclic C-C stretching,nu(O4-C5),bond,0.0018135649607150803,+,0.0027421734378183142,0.3184923710839102
46,1662.9892168410308,,,cyclic C-C stretching,tau(H18-C8-C9-C3),dihedral,0.0011455723989735674,-,-0.0048398423207669135,0.06458265171461727
46,1662.9892168410308,,,cyclic C-C stretching,delta(C2-C1-H12),angle,0.0006915761511615766,+,0.0020408448328115177,0.21926827150728725
46,1662.9892168410308,,,cyclic C-C stretching,tau(C1-C2-C3-C5),dihedral,0.0006511990678414844,-,-0.006196513986593219,0.022396216584251973
46,1662.9892168410308,,,cyclic C-C stretching,nu(C6-H16),bond,0.0005640074683255633,-,-0.0014978632471047643,0.33196804628701443
46,1662.9892168410308,,,cyclic C-C stretching,"gamma(C6;C5,O4,H15)",oop,0.00039520658886064357,-,-0.0017637985442231594,0.1677575110310718
46,1662.9892168410308,,,cyclic C-C stretching,nu(C5-H15),bond,0.00031812124367971696,+,0.0010950283367511028,0.35034644344056987
46,1662.9892168410308,,,cyclic C-C stretching,tau(H11-C1-C2-H13),dihedral,0.00024060065759884215,+,0.0013438251753732865,0.17594098589112622
46,1662.9892168410308,,,cyclic C-C stretching,nu(O7-H17),bond,0.00018474984662394104,-,-0.0006931477174427635,0.5077947994859329
46,1662.9892168410308,,,cyclic C-C stretching,delta(C2-C1-H11),angle,0.00015988576271597476,-,-0.0009749327189210314,0.2221346249262574
46,1662.9892168410308,,,cyclic C-C stretching,tau(H12-C1-C2-C3),dihedral,0.00015201355216180884,+,0.001079252910608097,0.1723421900449818
46,1662.9892168410308,,,cyclic C-C stretching,tau(C5-C6-C8-C9),dihedral,0.00011382689197866774,+,0.0005092311409713685,0.5796565217156813
46,1662.9892168410308,,,cyclic C-C stretching,nu(C2-H13),bond,4.286657268648746e-05,+,0.0004157064856187852,0.32756758471856046
46,1662.9892168410308,,,cyclic C-C stretching,delta(C2-C1-H10),angle,4.239272623028475e-05,+,0.0005015712274693392,0.22252656956113886
46,1662.9892168410308,,,cyclic C-C stretching,delta(H13-C2-H14),angle,1.3062166705539966e-05,+,0.00017968684524970256,0.5342424723339905
46,1662.9892168410308,,,cyclic C-C stretching,nu(C1-H11),bond,1.0567327829270351e-05,-,-0.00020319980559403307,0.33796705053671766
46,1662.9892168410308,,,cyclic C-C stretching,nu(C2-H14),bond,1.001905239450851e-05,-,-0.0001993806004578568,0.3328255096398904
46,1662.9892168410308,,,cyclic C-C stretching,nu(C1-H12),bond,4.444870522960416e-06,-,-0.0001320694763326177,0.3365192870641175
46,1662.9892168410308,,,cyclic C-C stretching,nu(C1-H10),bond,2.4877595309986837e-06,+,9.90735369852331e-05,0.3346946884301047
47,3028.585399173859,,,C-H stretching,nu(C2-H13),bond,78.09679127039678,+,0.9137693711019126,0.32756758471856046
47,3028.585399173859,,,C-H stretching,nu(C2-H14),bond,19.67642124948842,+,0.45502495324024644,0.3328255096398904
47,3028.585399173859,,,C-H stretching,nu(C1-H11),bond,0.9212915452083679,+,0.09770838223244852,0.33796705053671766
47,3028.585399173859,,,C-H stretching,nu(C1-H12),bond,0.21036242863461335,-,-0.04678962544648444,0.3365192870641175
47,3028.585399173859,,,C-H stretching,delta(C1-C2-C3),angle,0.20232033404853278,+,0.03909454933688076,0.4636049159394469
47,3028.585399173859,,,C-H stretching,delta(H13-C2-H14),angle,0.18480788233616646,-,-0.03480659181687593,0.5342424723339905
47,3028.585399173859,,,C-H stretching,nu(C1-H10),bond,0.14564499394616331,+,0.039038563762195874,0.3346946884301047
47,3028.585399173859,,,C-H stretching,nu(C1-C2),bond,0.11162310154707716,-,-0.03771639388072384,0.2748113603490793
47,3028.585399173859,,,C-H stretching,nu(C2-C3),bond,0.10104261300573383,-,-0.034727901708880266,0.29341911498367274
47,3028.585399173859,,,C-H stretching,tau(C2-C3-C9-C8),dihedral,0.09349720935183449,+,0.02421746189077805,0.558318887434276
47,3028.585399173859,,,C-H stretching,"gamma(C2;C3,O4,C9)",oop,0.05435500464362562,-,-0.017957623444833037,0.5903135300950473
47,3028.585399173859,,,C-H stretching,delta(C2-C1-H12),angle,0.03797695072196395,+,0.024628763572293436,0.21926827150728725
47,3028.585399173859,,,C-H stretching,delta(C1-C2-H13),angle,0.03503723487332931,-,-0.018237706566684175,0.3689183843817206
47,3028.585399173859,,,C-H stretching,delta(C2-C3-O4),angle,0.026654707280490967,-,-0.013776052115766674,0.49188693193989014
47,3028.585399173859,,,C-H stretching,delta(C2-C1-H11),angle,0.02640523152110227,-,-0.020403624441952765,0.2221346249262574
47,3028.585399173859,,,C-H stretching,tau(H10-C1-C2-H14),dihedral,0.017691917669508794,-,-0.01910068834374114,0.16983132350687483
47,3028.585399173859,,,C-H stretching,delta(C3-C2-H14),angle,0.017086647290727983,+,0.009958291730712358,0.6034316514517557
47,3028.585399173859,,,C-H stretching,delta(C1-C2-H14),angle,0.01331403045852958,+,0.009130381581587743,0.5593357924954511
47,3028.585399173859,,,C-H stretching,nu(C6-H16),bond,0.009737590825011522,-,-0.010135567730842298,0.33196804628701443
47,3028.585399173859,,,C-H stretching,tau(H11-C1-C2-H13),dihedral,0.005261149070599092,+,0.010233572101287529,0.17594098589112622
47,3028.585399173859,,,C-H stretching,nu(C5-H15),bond,0.004326807463129857,-,-0.00657665998356056,0.35034644344056987
47,3028.585399173859,,,C-H stretching,tau(H12-C1-C2-C3),dihedral,0.004255698330371838,+,0.009299510185636442,0.1723421900449818
47,3028.585399173859,,,C-H stretching,nu(C9-H19),bond,0.0037133789763358033,-,-0.006008134688055332,0.3602723030176744
47,3028.585399173859,,,C-H stretching,nu(C3-C5),bond,9.223212943671129e-05,+,0.0008575723066658663,0.439219548300516
47,3028.585399173859,,,C-H stretching,nu(C8-C9),bond,6.533168472033317e-05,+,0.0005938486016972099,0.6488036770482433
47,3028.585399173859,,,C-H stretching,nu(C3-O4),bond,4.0752155820159387e-05,-,-0.0008145652366909673,0.2150996809255757
47,3028.585399173859,,,C-H stretching,tau(C1-C2-C3-C5),dihedral,3.4534751644938224e-05,-,-0.0023238671663877815,0.022396216584251973
47,3028.585399173859,,,C-H stretching,nu(C3-C9),bond,2.9867000164345975e-05,+,0.0005768342907303757,0.31436224837181065
47,3028.585399173859,,,C-H stretching,tau(C3-C5-C6-O7),dihedral,2.354870611466362e-05,+,0.0005650801239054261,0.2582782931735298
47,3028.585399173859,,,C-H stretching,nu(C6-C8),bond,1.9920616004258242e-05,+,0.000486578262578685,0.2946715982642608
47,3028.585399173859,,,C-H stretching,tau(C5-C6-C8-C9),dihedral,1.6769467973633706e-05,+,0.00031830593741947273,0.5796565217156813
47,3028.585399173859,,,C-H stretching,delta(C5-C6-O7),angle,7.732263449466801e-06,-,-0.00024145029978616558,0.4645067893229545
47,3028.585399173859,,,C-H stretching,nu(C5-C6),bond,7.520390696387603e-06,+,0.0002980197786436072,0.29654537103395157
47,3028.585399173859,,,C-H stretching,nu(O7-H17),bond,5.487965666654897e-06,-,-0.00019455035569050343,0.5077947994859329
47,3028.585399173859,,,C-H stretching,delta(O7-C6-H16),angle,5.302699762564876e-06,+,0.00026478996191438156,0.26487131353131593
47,3028.585399173859,,,C-H stretching,"gamma(H19;C9,C3,C8)",oop,5.2023464723261595e-06,-,-0.0004394046308782774,0.09436499790933232
47,3028.585399173859,,,C-H stretching,delta(O4-C5-H15),angle,4.734145134366657e-06,+,0.00027343609144066895,0.22175366907519878
47,3028.585399173859,,,C-H stretching,delta(C3-C9-H19),angle,4.603251018221118e-06,+,0.00027518854401449957,0.2128849100581254
47,3028.585399173859,,,C-H stretching,"gamma(C8;C6,O7,H16)",oop,3.3571238657445967e-06,-,-0.00018009035854100225,0.3625161519618344
47,3028.585399173859,,,C-H stretching,"gamma(C6;C5,O4,H15)",oop,2.8903403282141742e-06,-,-0.0002456427580526185,0.1677575110310718
47,3028.585399173859,,,C-H stretching,"gamma(C6;C5,C3,O4)",oop,2.5706348596659677e-06,+,9.947338415927744e-05,0.9098452403956017
47,3028.585399173859,,,C-H stretching,tau(H18-C8-C9-C3),dihedral,2.1317521017816707e-06,-,-0.0003400015322095489,0.06458265171461727
47,3028.585399173859,,,C-H stretching,nu(C6-O7),bond,1.9303967593714586e-06,+,0.00014374890913894804,0.3271737003263393
47,3028.585399173859,,,C-H stretching,delta(C6-C8-C9),angle,1.4617045709449775e-06,+,7.041773723515721e-05,1.0323724235705396
47,3028.585399173859,,,C-H stretching,nu(C8-H18),bond,1.0360423075724566e-06,-,-0.000100359209780022,0.3602499637414734
47,3028.585399173859,,,C-H stretching,nu(O4-C5),bond,8.396047425334605e-07,+,9.608561742917609e-05,0.3184923710839102
47,3028.585399173859,,,C-H stretching,delta(C9-C8-H18),angle,5.41390784562659e-07,+,9.549631757022552e-05,0.2079115088694835
47,3028.585399173859,,,C-H stretching,delta(O4-C3-C9),angle,3.9743658217581173e-07,+,5.3263106235179414e-05,0.4906318980424579
47,3028.585399173859,,,C-H stretching,delta(C6-O7-H17),angle,2.0838172299209262e-07,+,6.175486350949589e-05,0.19136310701446652
47,3028.585399173859,,,C-H stretching,delta(C2-C1-H10),angle,9.120859564990463e-08,+,3.788762730658311e-05,0.22252656956113886
47,3028.585399173859,,,C-H stretching,tau(H16-C6-O7-H17),dihedral,2.7320229041369866e-08,+,6.567722226434205e-05,0.02218174478859686
48,3036.6713661044223,,,in-phase C-H stretching,nu(C1-H10),bond,42.685160735891195,+,0.6634873055880804,0.3346946884301047
48,3036.6713661044223,,,in-phase C-H stretching,nu(C1-H12),bond,30.504634167588666,+,0.5593665575160901,0.3365192870641175
48,3036.6713661044223,,,in-phase C-H stretching,nu(C1-H11),bond,26.093930524654706,+,0.5162393883893476,0.33796705053671766
48,3036.6713661044223,,,in-phase C-H stretching,nu(C2-H13),bond,0.4288058180116608,-,-0.06721998989756034,0.32756758471856046
48,3036.6713661044223,,,in-phase C-H stretching,nu(C1-C2),bond,0.18037281094147478,-,-0.04759778722353287,0.2748113603490793
48,3036.6713661044223,,,in-phase C-H stretching,nu(C2-H14),bond,0.03691353631333886,+,0.019566046933609214,0.3328255096398904
48,3036.6713661044223,,,in-phase C-H stretching,delta(C2-C1-H11),angle,0.02827915268075758,+,0.020962526972466887,0.2221346249262574
48,3036.6713661044223,,,in-phase C-H stretching,delta(C2-C1-H12),angle,0.015091318811035323,+,0.015413251606690243,0.21926827150728725
48,3036.6713661044223,,,in-phase C-H stretching,nu(C9-H19),bond,0.012909437701637948,-,-0.01112133166512332,0.3602723030176744
48,3036.6713661044223,,,in-phase C-H stretching,delta(C2-C1-H10),angle,0.00518480075067829,+,0.008967960086684611,0.22252656956113886
48,3036.6713661044223,,,in-phase C-H stretching,delta(C1-C2-H13),angle,0.0032596487272965042,+,0.005522539351020224,0.3689183843817206
48,3036.6713661044223,,,in-phase C-H stretching,delta(C1-C2-H14),angle,0.002588139605686541,-,-0.003996465896213937,0.5593357924954511
48,3036.6713661044223,,,in-phase C-H stretching,delta(C3-C2-H14),angle,0.001126225306229293,-,-0.002538149302876749,0.6034316514517557
48,3036.6713661044223,,,in-phase C-H stretching,delta(C2-C3-O4),angle,0.0005764288902968958,+,0.0020112163679679705,0.49188693193989014
48,3036.6713661044223,,,in-phase C-H stretching,nu(C6-H16),bond,0.00041045844816498347,-,-0.002065879688235619,0.33196804628701443
48,3036.6713661044223,,,in-phase C-H stretching,tau(C2-C3-C9-C8),dihedral,0.00020543511283328535,-,-0.001126976201337401,0.558318887434276
48,3036.6713661044223,,,in-phase C-H stretching,tau(C1-C2-C3-C5),dihedral,0.00014388033197258087,+,0.004709035383713243,0.022396216584251973
48,3036.6713661044223,,,in-phase C-H stretching,nu(C8-C9),bond,7.734181710956612e-05,+,0.0006414592940025866,0.6488036770482433
48,3036.6713661044223,,,in-phase C-H stretching,nu(C3-C9),bond,6.149205245138925e-05,+,0.0008216992089124902,0.31436224837181065
48,3036.6713661044223,,,in-phase C-H stretching,tau(H11-C1-C2-H13),dihedral,3.8885928085546814e-05,-,-0.00087343640860212,0.17594098589112622
48,3036.6713661044223,,,in-phase C-H stretching,tau(H10-C1-C2-H14),dihedral,3.623285534743587e-05,+,0.0008581455416890277,0.16983132350687483
48,3036.6713661044223,,,in-phase C-H stretching,nu(C2-C3),bond,3.617430007885194e-05,+,0.0006523406387651193,0.29341911498367274
48,3036.6713661044223,,,in-phase C-H stretching,delta(C1-C2-C3),angle,3.326946269399713e-05,-,-0.0004976997754390647,0.4636049159394469
48,3036.6713661044223,,,in-phase C-H stretching,nu(C3-O4),bond,2.4705117524277827e-05,+,0.0006296397626475761,0.2150996809255757
48,3036.6713661044223,,,in-phase C-H stretching,delta(O4-C3-C9),angle,1.8980993989770373e-05,-,-0.00036542659673569555,0.4906318980424579
48,3036.6713661044223,,,in-phase C-H stretching,delta(C6-C8-C9),angle,1.2072306208597141e-05,+,0.00020090719543730843,1.0323724235705396
48,3036.6713661044223,,,in-phase C-H stretching,nu(C8-H18),bond,1.0731615880460957e-05,+,0.0003206632237291497,0.3602499637414734
48,3036.6713661044223,,,in-phase C-H stretching,"gamma(C6;C5,C3,O4)",oop,9.702652597660549e-06,+,0.00019185805819664042,0.9098452403956017
48,3036.6713661044223,,,in-phase C-H stretching,nu(C3-C5),bond,9.56854809539939e-06,+,0.00027422103084833127,0.439219548300516
48,3036.6713661044223,,,in-phase C-H stretching,delta(H13-C2-H14),angle,9.178685335569261e-06,+,0.00024352278539771806,0.5342424723339905
48,3036.6713661044223,,,in-phase C-H stretching,"gamma(C2;C3,O4,C9)",oop,3.846634458463819e-06,+,0.00014997458113052517,0.5903135300950473
48,3036.6713661044223,,,in-phase C-H stretching,nu(O4-C5),bond,3.7284603744474884e-06,+,0.00020101747635725781,0.3184923710839102
48,3036.6713661044223,,,in-phase C-H stretching,"gamma(H19;C9,C3,C8)",oop,3.197630611966776e-06,+,0.00034200089820864724,0.09436499790933232
48,3036.6713661044223,,,in-phase C-H stretching,nu(C6-C8),bond,3.0012113046417436e-06,+,0.00018749846429643016,0.2946715982642608
48,3036.6713661044223,,,in-phase C-H stretching,delta(C9-C8-H18),angle,2.572209565011331e-06,-,-0.00020664860450095578,0.2079115088694835
48,3036.6713661044223,,,in-phase C-H stretching,nu(C5-C6),bond,2.3603015825016698e-06,-,-0.0001657512230501783,0.29654537103395157
48,3036.6713661044223,,,in-phase C-H stretching,"gamma(C8;C6,O7,H16)",oop,2.3458292973352666e-06,-,-0.00014945246751072705,0.3625161519618344
48,3036.6713661044223,,,in-phase C-H stretching,tau(H12-C1-C2-C3),dihedral,1.3184988149408538e-06,+,0.00016250346872901116,0.1723421900449818
48,3036.6713661044223,,,in-phase C-H stretching,tau(H18-C8-C9-C3),dihedral,1.1742899946455995e-06,+,0.00025052340821002785,0.06458265171461727
48,3036.6713661044223,,,in-phase C-H stretching,nu(O7-H17),bond,1.08696025439298e-06,+,8.595700503467055e-05,0.5077947994859329
48,3036.6713661044223,,,in-phase C-H stretching,delta(C3-C9-H19),angle,9.497026981591358e-07,+,0.00012409090852746286,0.2128849100581254
48,3036.6713661044223,,,in-phase C-H stretching,nu(C5-H15),bond,7.93761904812466e-07,-,-8.843309746331396e-05,0.35034644344056987
48,3036.6713661044223,,,in-phase C-H stretching,delta(C6-O7-H17),angle,7.523719208992114e-07,-,-0.00011649458810570072,0.19136310701446652
48,3036.6713661044223,,,in-phase C-H stretching,tau(C3-C5-C6-O7),dihedral,7.253608708229261e-07,-,-9.845815101134716e-05,0.2582782931735298
48,3036.6713661044223,,,in-phase C-H stretching,nu(C6-O7),bond,4.4519024958903056e-07,+,6.853338713836733e-05,0.3271737003263393
48,3036.6713661044223,,,in-phase C-H stretching,delta(O4-C5-H15),angle,2.8405410731854503e-07,-,-6.649418954808189e-05,0.22175366907519878
48,3036.6713661044223,,,in-phase C-H stretching,delta(O7-C6-H16),angle,2.352734950767244e-07,+,5.537166808655915e-05,0.26487131353131593
48,3036.6713661044223,,,in-phase C-H stretching,"gamma(C6;C5,O4,H15)",oop,1.6050260871041037e-07,+,5.7467013551728564e-05,0.1677575110310718
48,3036.6713661044223,,,in-phase C-H stretching,delta(C5-C6-O7),angle,1.255616175664949e-07,+,3.054576353543281e-05,0.4645067893229545
48,3036.6713661044223,,,in-phase C-H stretching,tau(C5-C6-C8-C9),dihedral,2.9574990616707383e-08,+,1.3270751350686363e-05,0.5796565217156813
48,3036.6713661044223,,,in-phase C-H stretching,tau(H16-C6-O7-H17),dihedral,1.0516240979829011e-08,-,-4.045302287921334e-05,0.02218174478859686
49,3060.7105133707,,,ring-site C-H stretching,nu(C6-H16),bond,98.54461427695554,+,1.0343833841127654,0.33196804628701443
49,3060.7105133707,,,ring-site C-H stretching,nu(C5-H15),bond,0.3549454682119627,-,-0.06042896991002427,0.35034644344056987
49,3060.7105133707,,,ring-site C-H stretching,tau(C5-C6-C8-C9),dihedral,0.22578645394852254,-,-0.03746940598374354,0.5796565217156813
49,3060.7105133707,,,ring-site C-H stretching,"gamma(C6;C5,C3,O4)",oop,0.18384498654561743,-,-0.02698704677090258,0.9098452403956017
49,3060.7105133707,,,ring-site C-H stretching,delta(C5-C6-O7),angle,0.09539104278109271,+,0.02720639474348408,0.4645067893229545
49,3060.7105133707,,,ring-site C-H stretching,delta(O7-C6-H16),angle,0.08126234581197002,-,-0.03325373601290292,0.26487131353131593
49,3060.7105133707,,,ring-site C-H stretching,nu(C6-C8),bond,0.06786786060926471,-,-0.028812183374783897,0.2946715982642608
49,3060.7105133707,,,ring-site C-H stretching,nu(C2-H14),bond,0.06685178249536755,+,0.026906761105640158,0.3328255096398904
49,3060.7105133707,,,ring-site C-H stretching,nu(C5-C6),bond,0.06299625807924707,-,-0.027671011321795277,0.29654537103395157
49,3060.7105133707,,,ring-site C-H stretching,tau(C3-C5-C6-O7),dihedral,0.060518331277373626,-,-0.029061146797634337,0.2582782931735298
49,3060.7105133707,,,ring-site C-H stretching,delta(C6-O7-H17),angle,0.05830322149402703,-,-0.03313831326106488,0.19136310701446652
49,3060.7105133707,,,ring-site C-H stretching,delta(C6-C8-C9),angle,0.054836359769258054,-,-0.013836598554796974,1.0323724235705396
49,3060.7105133707,,,ring-site C-H stretching,nu(C8-H18),bond,0.041400871835746395,-,-0.020352417379631765,0.3602499637414734
49,3060.7105133707,,,ring-site C-H stretching,nu(O7-H17),bond,0.032119571789009246,+,0.015099201431619856,0.5077947994859329
49,3060.7105133707,,,ring-site C-H stretching,nu(C6-O7),bond,0.03169778149753163,-,-0.018686952025758343,0.3271737003263393
49,3060.7105133707,,,ring-site C-H stretching,"gamma(C8;C6,O7,H16)",oop,0.020861986610796957,-,-0.01440215167636776,0.3625161519618344
49,3060.7105133707,,,ring-site C-H stretching,nu(C1-H10),bond,0.006955356601876467,+,0.008654630291636241,0.3346946884301047
49,3060.7105133707,,,ring-site C-H stretching,nu(C9-H19),bond,0.0029794579306303267,-,-0.00545967034593435,0.3602723030176744
49,3060.7105133707,,,ring-site C-H stretching,nu(C1-H12),bond,0.002744603582034208,-,-0.005421857046670362,0.3365192870641175
49,3060.7105133707,,,ring-site C-H stretching,nu(C2-H13),bond,0.0010178768513338671,-,-0.003346650726296478,0.32756758471856046
49,3060.7105133707,,,ring-site C-H stretching,nu(C3-C5),bond,0.0009157142583556324,+,0.0027412736258077145,0.439219548300516
49,3060.7105133707,,,ring-site C-H stretching,nu(C1-H11),bond,0.0006334013752522314,-,-0.002599055479722129,0.33796705053671766
49,3060.7105133707,,,ring-site C-H stretching,"gamma(C6;C5,O4,H15)",oop,0.0002532935570121898,-,-0.002332836567637094,0.1677575110310718
49,3060.7105133707,,,ring-site C-H stretching,delta(C1-C2-H14),angle,0.000204451467858142,-,-0.001147815382793788,0.5593357924954511
49,3060.7105133707,,,ring-site C-H stretching,nu(O4-C5),bond,0.00010389709642503985,+,0.0010843398490594138,0.3184923710839102
49,3060.7105133707,,,ring-site C-H stretching,delta(C1-C2-C3),angle,9.385600145286706e-05,+,0.0008542209879334314,0.4636049159394469
49,3060.7105133707,,,ring-site C-H stretching,delta(C3-C2-H14),angle,9.363979692744147e-05,-,-0.0007478756931943786,0.6034316514517557
49,3060.7105133707,,,ring-site C-H stretching,delta(C2-C1-H10),angle,8.895526137943838e-05,-,-0.0012003505989103983,0.22252656956113886
49,3060.7105133707,,,ring-site C-H stretching,delta(C2-C3-O4),angle,8.024051743343471e-05,+,0.0007667917786658924,0.49188693193989014
49,3060.7105133707,,,ring-site C-H stretching,nu(C8-C9),bond,7.559122741479379e-05,+,0.0006480257707467032,0.6488036770482433
49,3060.7105133707,,,ring-site C-H stretching,nu(C2-C3),bond,6.514362724403332e-05,-,-0.0008945507761538189,0.29341911498367274
49,3060.7105133707,,,ring-site C-H stretching,delta(C1-C2-H13),angle,6.286688160830209e-05,+,0.0007837165899765127,0.3689183843817206
49,3060.7105133707,,,ring-site C-H stretching,delta(O4-C5-H15),angle,6.030116106800505e-05,+,0.0009900124586555417,0.22175366907519878
49,3060.7105133707,,,ring-site C-H stretching,tau(H16-C6-O7-H17),dihedral,4.200843465885665e-05,+,0.0026126643977163813,0.02218174478859686
49,3060.7105133707,,,ring-site C-H stretching,delta(H13-C2-H14),angle,4.091870953853808e-05,-,-0.0005254180503430682,0.5342424723339905
49,3060.7105133707,,,ring-site C-H stretching,delta(C2-C1-H12),angle,3.3535725729889036e-05,+,0.0007424704745139484,0.21926827150728725
49,3060.7105133707,,,ring-site C-H stretching,nu(C1-C2),bond,3.288073539738143e-05,-,-0.0006566994462278505,0.2748113603490793
49,3060.7105133707,,,ring-site C-H stretching,delta(C9-C8-H18),angle,2.9258733276823152e-05,-,-0.0007121995989204429,0.2079115088694835
49,3060.7105133707,,,ring-site C-H stretching,nu(C3-C9),bond,1.975391171627046e-05,+,0.0004759097376363576,0.31436224837181065
49,3060.7105133707,,,ring-site C-H stretching,delta(C2-C1-H11),angle,1.6189577617466655e-05,+,0.0005125342113641879,0.2221346249262574
49,3060.7105133707,,,ring-site C-H stretching,"gamma(H19;C9,C3,C8)",oop,1.4036923949309254e-05,-,-0.0007322236231670908,0.09436499790933232
49,3060.7105133707,,,ring-site C-H stretching,tau(H12-C1-C2-C3),dihedral,1.2140688343293083e-05,-,-0.0005038938775012087,0.1723421900449818
49,3060.7105133707,,,ring-site C-H stretching,delta(O4-C3-C9),angle,7.713529065248682e-06,-,-0.00023804655459460153,0.4906318980424579
49,3060.7105133707,,,ring-site C-H stretching,tau(C1-C2-C3-C5),dihedral,6.9493575134032955e-06,+,0.0010575434699522282,0.022396216584251973
49,3060.7105133707,,,ring-site C-H stretching,tau(H11-C1-C2-H13),dihedral,5.646709014319096e-06,+,0.00034011628241485133,0.17594098589112622
49,3060.7105133707,,,ring-site C-H stretching,delta(C3-C9-H19),angle,4.708226583642267e-06,-,-0.000282338087311826,0.2128849100581254
49,3060.7105133707,,,ring-site C-H stretching,tau(H10-C1-C2-H14),dihedral,4.21567965297723e-06,+,0.00029911495946752877,0.16983132350687483
49,3060.7105133707,,,ring-site C-H stretching,"gamma(C2;C3,O4,C9)",oop,1.6450163532654792e-06,-,-0.00010022059367248103,0.5903135300950473
49,3060.7105133707,,,ring-site C-H stretching,tau(H18-C8-C9-C3),dihedral,5.537960670723007e-07,-,-0.0001758045970408759,0.06458265171461727
49,3060.7105133707,,,ring-site C-H stretching,nu(C3-O4),bond,3.4177989347330233e-07,-,-7.567746952698182e-05,0.2150996809255757
49,3060.7105133707,,,ring-site C-H stretching,tau(C2-C3-C9-C8),dihedral,2.5555797241572467e-07,-,-4.061783647939998e-05,0.558318887434276
50,3069.648319053568,,,mixed-phase C-H stretching,nu(C2-H14),bond,68.24041745971135,-,-0.8681736472675946,0.3328255096398904
50,3069.648319053568,,,mixed-phase C-H stretching,nu(C2-H13),bond,17.339331350193014,+,0.44112307697746383,0.32756758471856046
50,3069.648319053568,,,mixed-phase C-H stretching,nu(C1-H10),bond,5.9352727831394265,-,-0.2553230338143731,0.3346946884301047
50,3069.648319053568,,,mixed-phase C-H stretching,nu(C1-H11),bond,5.086324427553096,+,0.23521169552329474,0.33796705053671766
50,3069.648319053568,,,mixed-phase C-H stretching,nu(C1-H12),bond,2.2802702893129823,+,0.15782734421986858,0.3365192870641175
50,3069.648319053568,,,mixed-phase C-H stretching,delta(C1-C2-H14),angle,0.3188718928798719,+,0.04577895541607911,0.5593357924954511
50,3069.648319053568,,,mixed-phase C-H stretching,delta(C1-C2-H13),angle,0.171671247849242,-,-0.04135973022653435,0.3689183843817206
50,3069.648319053568,,,mixed-phase C-H stretching,delta(C3-C2-H14),angle,0.15829670751293023,+,0.031053886561720673,0.6034316514517557
50,3069.648319053568,,,mixed-phase C-H stretching,delta(C2-C1-H10),angle,0.12674723498868323,+,0.04575856273045878,0.22252656956113886
50,3069.648319053568,,,mixed-phase C-H stretching,delta(C2-C3-O4),angle,0.07724203672523003,-,-0.024026376617353587,0.49188693193989014
50,3069.648319053568,,,mixed-phase C-H stretching,nu(C6-H16),bond,0.06979773386307603,+,0.027801394756266463,0.33196804628701443
50,3069.648319053568,,,mixed-phase C-H stretching,delta(C2-C1-H11),angle,0.055960175331226644,-,-0.030431647746708295,0.2221346249262574
50,3069.648319053568,,,mixed-phase C-H stretching,delta(C1-C2-C3),angle,0.029072315929574138,-,-0.015183079390657966,0.4636049159394469
50,3069.648319053568,,,mixed-phase C-H stretching,tau(H12-C1-C2-C3),dihedral,0.019802785320099173,+,0.020552345889082127,0.1723421900449818
50,3069.648319053568,,,mixed-phase C-H stretching,delta(H13-C2-H14),angle,0.018055892124387372,+,0.01114639256276424,0.5342424723339905
50,3069.648319053568,,,mixed-phase C-H stretching,nu(C5-H15),bond,0.012083373100334633,+,0.011260023595729467,0.35034644344056987
50,3069.648319053568,,,mixed-phase C-H stretching,nu(C2-C3),bond,0.00978899161013384,+,0.011074365199011602,0.29341911498367274
50,3069.648319053568,,,mixed-phase C-H stretching,tau(C1-C2-C3-C5),dihedral,0.009556785131715106,-,-0.039606151638919534,0.022396216584251973
50,3069.648319053568,,,mixed-phase C-H stretching,tau(H11-C1-C2-H13),dihedral,0.009337808659754027,-,-0.013967961814292405,0.17594098589112622
50,3069.648319053568,,,mixed-phase C-H stretching,delta(C2-C1-H12),angle,0.008212600580294608,-,-0.011734011745033494,0.21926827150728725
50,3069.648319053568,,,mixed-phase C-H stretching,tau(H10-C1-C2-H14),dihedral,0.006140155124172576,-,-0.011528554021746512,0.16983132350687483
50,3069.648319053568,,,mixed-phase C-H stretching,"gamma(C2;C3,O4,C9)",oop,0.005092994656207865,+,0.005631697328606151,0.5903135300950473
50,3069.648319053568,,,mixed-phase C-H stretching,tau(C2-C3-C9-C8),dihedral,0.004818685102825971,+,0.0056327072180449985,0.558318887434276
50,3069.648319053568,,,mixed-phase C-H stretching,nu(C1-C2),bond,0.003979124739337864,+,0.007295759349155082,0.2748113603490793
50,3069.648319053568,,,mixed-phase C-H stretching,nu(C9-H19),bond,0.0018317136339822953,+,0.0043232207869877215,0.3602723030176744
50,3069.648319053568,,,mixed-phase C-H stretching,nu(C8-H18),bond,0.00040664917190999603,-,-0.0020370516351984635,0.3602499637414734
50,3069.648319053568,,,mixed-phase C-H stretching,nu(C3-C5),bond,0.00038523576902429915,-,-0.0017956286913411122,0.439219548300516
50,3069.648319053568,,,mixed-phase C-H stretching,nu(C3-O4),bond,0.0002639143234439987,-,-0.0021237611011867084,0.2150996809255757
50,3069.648319053568,,,mixed-phase C-H stretching,nu(C3-C9),bond,0.0002113029576504757,+,0.00157192441444002,0.31436224837181065
50,3069.648319053568,,,mixed-phase C-H stretching,nu(C5-C6),bond,0.00015373437643776918,-,-0.0013804922888594772,0.29654537103395157
50,3069.648319053568,,,mixed-phase C-H stretching,tau(C5-C6-C8-C9),dihedral,0.00011491232170714798,-,-0.0008536738944766357,0.5796565217156813
50,3069.648319053568,,,mixed-phase C-H stretching,delta(C5-C6-O7),angle,7.929119912019194e-05,+,0.0007921556501453652,0.4645067893229545
50,3069.648319053568,,,mixed-phase C-H stretching,delta(O7-C6-H16),angle,6.597446038791651e-05,-,-0.0009568955284757047,0.26487131353131593
50,3069.648319053568,,,mixed-phase C-H stretching,delta(C6-C8-C9),angle,5.8690736245031435e-05,-,-0.00045715202255462885,1.0323724235705396
50,3069.648319053568,,,mixed-phase C-H stretching,nu(O4-C5),bond,5.01784612080308e-05,-,-0.000761032522911529,0.3184923710839102
50,3069.648319053568,,,mixed-phase C-H stretching,delta(C6-O7-H17),angle,4.9884804191517895e-05,-,-0.0009789242645920468,0.19136310701446652
50,3069.648319053568,,,mixed-phase C-H stretching,nu(C6-C8),bond,4.808880134591821e-05,-,-0.0007745454393581053,0.2946715982642608
50,3069.648319053568,,,mixed-phase C-H stretching,"gamma(C8;C6,O7,H16)",oop,3.529691219535258e-05,-,-0.000598272087193234,0.3625161519618344
50,3069.648319053568,,,mixed-phase C-H stretching,nu(C6-O7),bond,2.2216430880303583e-05,-,-0.0004996225324521194,0.3271737003263393
50,3069.648319053568,,,mixed-phase C-H stretching,"gamma(C6;C5,O4,H15)",oop,1.9720703057682284e-05,+,0.0006573766506165961,0.1677575110310718
50,3069.648319053568,,,mixed-phase C-H stretching,tau(C3-C5-C6-O7),dihedral,1.670045213602019e-05,-,-0.000487544459100279,0.2582782931735298
50,3069.648319053568,,,mixed-phase C-H stretching,nu(O7-H17),bond,9.636625164684852e-06,+,0.0002641267717500036,0.5077947994859329
50,3069.648319053568,,,mixed-phase C-H stretching,nu(C8-C9),bond,7.90427345726741e-06,-,-0.00021162569213359675,0.6488036770482433
50,3069.648319053568,,,mixed-phase C-H stretching,"gamma(H19;C9,C3,C8)",oop,7.228339987596446e-06,-,-0.0005306496509250789,0.09436499790933232
50,3069.648319053568,,,mixed-phase C-H stretching,delta(O4-C5-H15),angle,5.386491744187272e-06,-,-0.00029882137276254566,0.22175366907519878
50,3069.648319053568,,,mixed-phase C-H stretching,"gamma(C6;C5,C3,O4)",oop,3.86348664648394e-06,+,0.00012493957042455285,0.9098452403956017
50,3069.648319053568,,,mixed-phase C-H stretching,tau(H18-C8-C9-C3),dihedral,3.7583770157505847e-06,-,-0.00046252615864161216,0.06458265171461727
50,3069.648319053568,,,mixed-phase C-H stretching,delta(C9-C8-H18),angle,2.888155418297102e-06,-,-0.00022597743731900713,0.2079115088694835
50,3069.648319053568,,,mixed-phase C-H stretching,delta(O4-C3-C9),angle,5.881257587279775e-07,+,6.638214396958329e-05,0.4906318980424579
50,3069.648319053568,,,mixed-phase C-H stretching,delta(C3-C9-H19),angle,3.3863463121219914e-07,+,7.646933443902742e-05,0.2128849100581254
50,3069.648319053568,,,mixed-phase C-H stretching,tau(H16-C6-O7-H17),dihedral,5.0836256667667456e-08,+,9.178738438117017e-05,0.02218174478859686
51,3098.5756551249046,,,mixed-phase C-H stretching,nu(C1-H12),bond,47.40091014915793,-,-0.7217394135590537,0.3365192870641175
51,3098.5756551249046,,,mixed-phase C-H stretching,nu(C1-H10),bond,42.74345102950852,+,0.6872305285452787,0.3346946884301047
51,3098.5756551249046,,,mixed-phase C-H stretching,nu(C2-H14),bond,8.125591099646421,-,-0.30047700456381066,0.3328255096398904
51,3098.5756551249046,,,mixed-phase C-H stretching,nu(C2-H13),bond,0.8492356957251235,+,0.0979164643279777,0.32756758471856046
51,3098.5756551249046,,,mixed-phase C-H stretching,nu(C1-H11),bond,0.4394502487184628,-,-0.06934413555820773,0.33796705053671766
51,3098.5756551249046,,,mixed-phase C-H stretching,tau(H11-C1-C2-H13),dihedral,0.08729790335692521,-,-0.042836152713543685,0.17594098589112622
51,3098.5756551249046,,,mixed-phase C-H stretching,delta(C2-C1-H12),angle,0.0670658233221114,+,0.03363216274130951,0.21926827150728725
51,3098.5756551249046,,,mixed-phase C-H stretching,delta(C2-C1-H10),angle,0.06311440213870094,-,-0.03238660033856399,0.22252656956113886
51,3098.5756551249046,,,mixed-phase C-H stretching,delta(C1-C2-C3),angle,0.04291692166411533,+,0.018502581574740426,0.4636049159394469
51,3098.5756551249046,,,mixed-phase C-H stretching,delta(C1-C2-H14),angle,0.04116321523526668,-,-0.016497206153364773,0.5593357924954511
51,3098.5756551249046,,,mixed-phase C-H stretching,nu(C9-H19),bond,0.03777168220732537,-,-0.019690637989773094,0.3602723030176744
51,3098.5756551249046,,,mixed-phase C-H stretching,tau(H12-C1-C2-C3),dihedral,0.032578487032777714,+,0.026440016032306946,0.1723421900449818
51,3098.5756551249046,,,mixed-phase C-H stretching,delta(C3-C2-H14),angle,0.017432727300286124,+,0.010336194839909763,0.6034316514517557
51,3098.5756551249046,,,mixed-phase C-H stretching,nu(C5-H15),bond,0.01046885396882875,+,0.010512179704620303,0.35034644344056987
51,3098.5756551249046,,,mixed-phase C-H stretching,tau(H10-C1-C2-H14),dihedral,0.008530398968592602,+,0.013629120676250687,0.16983132350687483
51,3098.5756551249046,,,mixed-phase C-H stretching,delta(C1-C2-H13),angle,0.008498918650908644,-,-0.009230149796523344,0.3689183843817206
51,3098.5756551249046,,,mixed-phase C-H stretching,delta(C2-C3-O4),angle,0.006920216786249418,-,-0.007213055429225132,0.49188693193989014
51,3098.5756551249046,,,mixed-phase C-H stretching,delta(H13-C2-H14),angle,0.006606628658349461,+,0.006762586058309551,0.5342424723339905
51,3098.5756551249046,,,mixed-phase C-H stretching,nu(C1-C2),bond,0.004095576328594432,+,0.007423902050834104,0.2748113603490793
51,3098.5756551249046,,,mixed-phase C-H stretching,nu(C2-C3),bond,0.002813968179284462,+,0.005955352213161215,0.29341911498367274
51,3098.5756551249046,,,mixed-phase C-H stretching,delta(C2-C1-H11),angle,0.0012811702784680172,-,-0.004618355503442381,0.2221346249262574
51,3098.5756551249046,,,mixed-phase C-H stretching,nu(C8-H18),bond,0.0007194938894347036,+,0.0027177133277988255,0.3602499637414734
51,3098.5756551249046,,,mixed-phase C-H stretching,"gamma(C2;C3,O4,C9)",oop,0.000718660831866428,+,0.0021218402394717413,0.5903135300950473
51,3098.5756551249046,,,mixed-phase C-H stretching,tau(C1-C2-C3-C5),dihedral,0.000407353524226267,+,0.008201446793116123,0.022396216584251973
51,3098.5756551249046,,,mixed-phase C-H stretching,nu(C8-C9),bond,0.00016510071354796906,+,0.0009700852158822998,0.6488036770482433
51,3098.5756551249046,,,mixed-phase C-H stretching,nu(C3-C5),bond,0.00014689773626847888,-,-0.0011121382640440541,0.439219548300516
51,3098.5756551249046,,,mixed-phase C-H stretching,nu(C3-C9),bond,0.0001246930988140774,+,0.0012111504028778518,0.31436224837181065
51,3098.5756551249046,,,mixed-phase C-H stretching,"gamma(C6;C5,C3,O4)",oop,8.990023843454635e-05,+,0.0006044894423720455,0.9098452403956017
51,3098.5756551249046,,,mixed-phase C-H stretching,tau(C2-C3-C9-C8),dihedral,8.816908937156363e-05,+,0.0007642036010945499,0.558318887434276
51,3098.5756551249046,,,mixed-phase C-H stretching,delta(C6-C8-C9),angle,8.629637792963064e-05,+,0.0005559940555765374,1.0323724235705396
51,3098.5756551249046,,,mixed-phase C-H stretching,nu(C6-H16),bond,6.76125016838333e-05,-,-0.0008678754900614634,0.33196804628701443
51,3098.5756551249046,,,mixed-phase C-H stretching,delta(C3-C9-H19),angle,5.722014820197333e-05,+,0.0009969975982107061,0.2128849100581254
51,3098.5756551249046,,,mixed-phase C-H stretching,nu(C3-O4),bond,2.786908473259577e-05,-,-0.0006922030874276976,0.2150996809255757
51,3098.5756551249046,,,mixed-phase C-H stretching,nu(O4-C5),bond,2.4275893215130424e-05,-,-0.000530921306362719,0.3184923710839102
51,3098.5756551249046,,,mixed-phase C-H stretching,delta(C9-C8-H18),angle,2.3793246053376896e-05,-,-0.0006505484477013054,0.2079115088694835
51,3098.5756551249046,,,mixed-phase C-H stretching,nu(C5-C6),bond,2.130117716722709e-05,-,-0.0005154045993452724,0.29654537103395157
51,3098.5756551249046,,,mixed-phase C-H stretching,delta(O4-C3-C9),angle,1.3082593118119981e-05,+,0.0003140227332586598,0.4906318980424579
51,3098.5756551249046,,,mixed-phase C-H stretching,"gamma(C6;C5,O4,H15)",oop,6.208794992292973e-06,+,0.00036995996969667,0.1677575110310718
51,3098.5756551249046,,,mixed-phase C-H stretching,delta(O4-C5-H15),angle,6.101285103111407e-06,-,-0.0003189828357980571,0.22175366907519878
51,3098.5756551249046,,,mixed-phase C-H stretching,nu(O7-H17),bond,4.91813672858359e-06,-,-0.00018925538121338347,0.5077947994859329
51,3098.5756551249046,,,mixed-phase C-H stretching,tau(C5-C6-C8-C9),dihedral,2.6728487041394772e-06,+,0.00013058517850598843,0.5796565217156813
51,3098.5756551249046,,,mixed-phase C-H stretching,"gamma(C8;C6,O7,H16)",oop,2.140804639906824e-06,-,-0.00014778042122555967,0.3625161519618344
51,3098.5756551249046,,,mixed-phase C-H stretching,delta(C6-O7-H17),angle,4.667411222906386e-07,+,9.497318187623215e-05,0.19136310701446652
51,3098.5756551249046,,,mixed-phase C-H stretching,delta(O7-C6-H16),angle,3.520594011005986e-07,+,7.011042058715852e-05,0.26487131353131593
51,3098.5756551249046,,,mixed-phase C-H stretching,tau(C3-C5-C6-O7),dihedral,2.5460913590002197e-07,+,6.0378886528408216e-05,0.2582782931735298
51,3098.5756551249046,,,mixed-phase C-H stretching,delta(C5-C6-O7),angle,2.841471014403416e-08,+,1.504068598137719e-05,0.4645067893229545
51,3098.5756551249046,,,mixed-phase C-H stretching,"gamma(H19;C9,C3,C8)",oop,8.334761680154814e-09,+,1.807312232253896e-05,0.09436499790933232
51,3098.5756551249046,,,mixed-phase C-H stretching,tau(H18-C8-C9-C3),dihedral,4.5037524932233334e-09,-,-1.6059106693592346e-05,0.06458265171461727
51,3098.5756551249046,,,mixed-phase C-H stretching,nu(C6-O7),bond,3.2835470215236488e-09,-,-6.092204725306257e-06,0.3271737003263393
51,3098.5756551249046,,,mixed-phase C-H stretching,tau(H16-C6-O7-H17),dihedral,3.1897119072793725e-09,+,2.306056479959298e-05,0.02218174478859686
51,3098.5756551249046,,,mixed-phase C-H stretching,nu(C6-C8),bond,1.6368817617361936e-11,-,-4.5324349282680984e-07,0.2946715982642608
52,3108.6006843582877,,,mixed-phase C-H stretching,nu(C1-H11),bond,67.05052987396463,+,0.8593477036416258,0.33796705053671766
52,3108.6006843582877,,,mixed-phase C-H stretching,nu(C1-H12),bond,19.310998751370917,-,-0.46217067125536626,0.3365192870641175
52,3108.6006843582877,,,mixed-phase C-H stretching,nu(C1-H10),bond,8.496400790903678,-,-0.3073959064088594,0.3346946884301047
52,3108.6006843582877,,,mixed-phase C-H stretching,nu(C2-H13),bond,2.7381473656300845,-,-0.17639364889185583,0.32756758471856046
52,3108.6006843582877,,,mixed-phase C-H stretching,nu(C2-H14),bond,2.013464376150782,+,0.15006128693679505,0.3328255096398904
52,3108.6006843582877,,,mixed-phase C-H stretching,delta(C2-C1-H11),angle,0.08609709848367184,-,-0.037983162620954865,0.2221346249262574
52,3108.6006843582877,,,mixed-phase C-H stretching,tau(H10-C1-C2-H14),dihedral,0.06993657569467882,+,0.03915148861955337,0.16983132350687483
52,3108.6006843582877,,,mixed-phase C-H stretching,tau(H12-C1-C2-C3),dihedral,0.056758126300248596,-,-0.03501250757355271,0.1723421900449818
52,3108.6006843582877,,,mixed-phase C-H stretching,delta(C1-C2-H13),angle,0.048439135248235836,-,-0.022107418676909057,0.3689183843817206
52,3108.6006843582877,,,mixed-phase C-H stretching,delta(C2-C1-H12),angle,0.045297956604101325,+,0.027730417205793795,0.21926827150728725
52,3108.6006843582877,,,mixed-phase C-H stretching,delta(C1-C2-C3),angle,0.03653600308192664,+,0.0171274021816427,0.4636049159394469
52,3108.6006843582877,,,mixed-phase C-H stretching,delta(C3-C2-H14),angle,0.012523809198871924,-,-0.008789398850423326,0.6034316514517557
52,3108.6006843582877,,,mixed-phase C-H stretching,delta(C2-C1-H10),angle,0.012030994030854744,+,0.014186158689060525,0.22252656956113886
52,3108.6006843582877,,,mixed-phase C-H stretching,nu(C9-H19),bond,0.010532581366264528,+,0.010431745135409723,0.3602723030176744
52,3108.6006843582877,,,mixed-phase C-H stretching,delta(C2-C3-O4),angle,0.005530767792413215,+,0.006469415797085284,0.49188693193989014
52,3108.6006843582877,,,mixed-phase C-H stretching,tau(C1-C2-C3-C5),dihedral,0.0022371510533106226,-,-0.019282587888035805,0.022396216584251973
52,3108.6006843582877,,,mixed-phase C-H stretching,tau(C2-C3-C9-C8),dihedral,0.0018002971357611822,-,-0.0034644630182561523,0.558318887434276
52,3108.6006843582877,,,mixed-phase C-H stretching,delta(C1-C2-H14),angle,0.001306415735080052,+,0.00294855606588671,0.5593357924954511
52,3108.6006843582877,,,mixed-phase C-H stretching,delta(H13-C2-H14),angle,0.0003649095382011737,+,0.0015945142189001899,0.5342424723339905
52,3108.6006843582877,,,mixed-phase C-H stretching,nu(C6-H16),bond,0.0003589429391841964,-,-0.002006178447906289,0.33196804628701443
52,3108.6006843582877,,,mixed-phase C-H stretching,nu(C1-C2),bond,0.00012846032436744553,-,-0.001319083113398955,0.2748113603490793
52,3108.6006843582877,,,mixed-phase C-H stretching,nu(C5-H15),bond,0.00010356036830349776,+,0.0010489455166536469,0.35034644344056987
52,3108.6006843582877,,,mixed-phase C-H stretching,nu(C8-H18),bond,9.953606755031429e-05,-,-0.0010141291377092547,0.3602499637414734
52,3108.6006843582877,,,mixed-phase C-H stretching,nu(C2-C3),bond,7.737212254627314e-05,+,0.000990724832116938,0.29341911498367274
52,3108.6006843582877,,,mixed-phase C-H stretching,nu(C3-C9),bond,6.918189722598868e-05,-,-0.0009050780557265238,0.31436224837181065
52,3108.6006843582877,,,mixed-phase C-H stretching,nu(C8-C9),bond,6.79091655540115e-05,-,-0.0006241838680656154,0.6488036770482433
52,3108.6006843582877,,,mixed-phase C-H stretching,nu(C3-O4),bond,3.907027250158003e-05,+,0.0008222584240302418,0.2150996809255757
52,3108.6006843582877,,,mixed-phase C-H stretching,"gamma(C2;C3,O4,C9)",oop,3.461458131142193e-05,+,0.0004671896007412415,0.5903135300950473
52,3108.6006843582877,,,mixed-phase C-H stretching,tau(H11-C1-C2-H13),dihedral,3.194284111916313e-05,+,0.0008220689680686908,0.17594098589112622
52,3108.6006843582877,,,mixed-phase C-H stretching,delta(C6-C8-C9),angle,1.3716187094141344e-05,-,-0.00022238397923839216,1.0323724235705396
52,3108.6006843582877,,,mixed-phase C-H stretching,delta(C3-C9-H19),angle,1.0163314516033728e-05,-,-0.00042155111082094215,0.2128849100581254
52,3108.6006843582877,,,mixed-phase C-H stretching,delta(C9-C8-H18),angle,6.241014117020894e-06,+,0.000334266852356115,0.2079115088694835
52,3108.6006843582877,,,mixed-phase C-H stretching,nu(O4-C5),bond,4.971255389840838e-06,+,0.00024103966488109557,0.3184923710839102
52,3108.6006843582877,,,mixed-phase C-H stretching,nu(O7-H17),bond,4.443600015616357e-06,+,0.00018047969562467526,0.5077947994859329
52,3108.6006843582877,,,mixed-phase C-H stretching,"gamma(C8;C6,O7,H16)",oop,3.871325681930791e-06,+,0.00019937521469855113,0.3625161519618344
52,3108.6006843582877,,,mixed-phase C-H stretching,delta(O4-C3-C9),angle,2.5604416171101373e-06,-,-0.00013937489178257123,0.4906318980424579
52,3108.6006843582877,,,mixed-phase C-H stretching,"gamma(H19;C9,C3,C8)",oop,2.151023528498817e-06,+,0.0002912876739795286,0.09436499790933232
52,3108.6006843582877,,,mixed-phase C-H stretching,tau(C3-C5-C6-O7),dihedral,1.119771391665261e-06,-,-0.00012703568229919106,0.2582782931735298
52,3108.6006843582877,,,mixed-phase C-H stretching,"gamma(C6;C5,O4,H15)",oop,1.0105098418440024e-06,-,-0.00014973877686631323,0.1677575110310718
52,3108.6006843582877,,,mixed-phase C-H stretching,delta(O4-C5-H15),angle,9.782374969864271e-07,-,-0.00012814207145943844,0.22175366907519878
52,3108.6006843582877,,,mixed-phase C-H stretching,nu(C3-C5),bond,9.128549842431342e-07,+,8.79559167527902e-05,0.439219548300516
52,3108.6006843582877,,,mixed-phase C-H stretching,tau(C5-C6-C8-C9),dihedral,8.997781520681654e-07,+,7.601290896960091e-05,0.5796565217156813
52,3108.6006843582877,,,mixed-phase C-H stretching,tau(H18-C8-C9-C3),dihedral,7.813006016218775e-07,+,0.00021220525643425274,0.06458265171461727
52,3108.6006843582877,,,mixed-phase C-H stretching,delta(C6-O7-H17),angle,7.645514303594552e-07,+,0.00012194927990296864,0.19136310701446652
52,3108.6006843582877,,,mixed-phase C-H stretching,delta(O7-C6-H16),angle,5.601547747745603e-07,+,8.872408984915543e-05,0.26487131353131593
52,3108.6006843582877,,,mixed-phase C-H stretching,nu(C5-C6),bond,5.342880336257273e-07,+,8.189306837002978e-05,0.29654537103395157
52,3108.6006843582877,,,mixed-phase C-H stretching,delta(C5-C6-O7),angle,5.306306159508409e-07,-,-6.52086356153034e-05,0.4645067893229545
52,3108.6006843582877,,,mixed-phase C-H stretching,nu(C6-O7),bond,1.1346554410493835e-07,+,3.592922103322717e-05,0.3271737003263393
52,3108.6006843582877,,,mixed-phase C-H stretching,nu(C6-C8),bond,5.648286532248588e-08,+,2.671125018625693e-05,0.2946715982642608
52,3108.6006843582877,,,mixed-phase C-H stretching,"gamma(C6;C5,C3,O4)",oop,2.8475888307976554e-08,-,-1.079343973775351e-05,0.9098452403956017
52,3108.6006843582877,,,mixed-phase C-H stretching,tau(H16-C6-O7-H17),dihedral,2.147305550148396e-08,-,-6.002802650959339e-05,0.02218174478859686
53,3154.765837715993,,,ring-site C-H stretching,nu(C5-H15),bond,98.3427743502653,-,-1.0345780665990276,0.35034644344056987
53,3154.765837715993,,,ring-site C-H stretching,"gamma(C6;C5,C3,O4)",oop,0.6229121895398216,-,-0.05109407562975663,0.9098452403956017
53,3154.765837715993,,,ring-site C-H stretching,nu(C6-H16),bond,0.308933729349515,-,-0.059569700666866045,0.33196804628701443
53,3154.765837715993,,,ring-site C-H stretching,nu(C3-C5),bond,0.2829498217727109,+,0.04956267948282675,0.439219548300516
53,3154.765837715993,,,ring-site C-H stretching,nu(C5-C6),bond,0.17692744320539025,+,0.04769720401365806,0.29654537103395157
53,3154.765837715993,,,ring-site C-H stretching,nu(O4-C5),bond,0.09463460623788301,+,0.033660174895664655,0.3184923710839102
53,3154.765837715993,,,ring-site C-H stretching,delta(O4-C5-H15),angle,0.06657488220566099,+,0.03383457235843953,0.22175366907519878
53,3154.765837715993,,,ring-site C-H stretching,nu(C2-H14),bond,0.024917799795644905,-,-0.016896137640008992,0.3328255096398904
53,3154.765837715993,,,ring-site C-H stretching,nu(C9-H19),bond,0.024132712876188643,+,0.015981904475806285,0.3602723030176744
53,3154.765837715993,,,ring-site C-H stretching,nu(C8-H18),bond,0.020644659994322904,+,0.014782326485825295,0.3602499637414734
53,3154.765837715993,,,ring-site C-H stretching,tau(C5-C6-C8-C9),dihedral,0.013125427738204447,-,-0.00929206555240414,0.5796565217156813
53,3154.765837715993,,,ring-site C-H stretching,"gamma(C6;C5,O4,H15)",oop,0.004241160476799303,+,0.009818434818096071,0.1677575110310718
53,3154.765837715993,,,ring-site C-H stretching,nu(C1-H12),bond,0.0027275309435883296,-,-0.005559308292565144,0.3365192870641175
53,3154.765837715993,,,ring-site C-H stretching,delta(C5-C6-O7),angle,0.0027016706416747947,-,-0.004709351037495519,0.4645067893229545
53,3154.765837715993,,,ring-site C-H stretching,tau(C3-C5-C6-O7),dihedral,0.002520600151182629,+,0.0061002680782911685,0.2582782931735298
53,3154.765837715993,,,ring-site C-H stretching,"gamma(C8;C6,O7,H16)",oop,0.0016197299384498112,+,0.0041276087042520825,0.3625161519618344
53,3154.765837715993,,,ring-site C-H stretching,delta(O7-C6-H16),angle,0.0012205790516716143,+,0.0041918563253295765,0.26487131353131593
53,3154.765837715993,,,ring-site C-H stretching,nu(C1-H10),bond,0.0010270695869542422,+,0.0034207112824613463,0.3346946884301047
53,3154.765837715993,,,ring-site C-H stretching,"gamma(C2;C3,O4,C9)",oop,0.0009426657181238401,+,0.0024676205793545216,0.5903135300950473
53,3154.765837715993,,,ring-site C-H stretching,delta(C6-C8-C9),angle,0.000873727764659625,+,0.0017964319321591168,1.0323724235705396
53,3154.765837715993,,,ring-site C-H stretching,nu(C3-O4),bond,0.0006355692695881141,+,0.0033566221620538045,0.2150996809255757
53,3154.765837715993,,,ring-site C-H stretching,delta(C6-O7-H17),angle,0.000517366712541825,+,0.0032107835557026797,0.19136310701446652
53,3154.765837715993,,,ring-site C-H stretching,nu(C1-H11),bond,0.00041021879951325807,+,0.0021513520979217064,0.33796705053671766
53,3154.765837715993,,,ring-site C-H stretching,nu(C8-C9),bond,0.0003004192781516378,-,-0.0013287648874281976,0.6488036770482433
53,3154.765837715993,,,ring-site C-H stretching,nu(C2-C3),bond,0.00029710102927499234,-,-0.001964937641319159,0.29341911498367274
53,3154.765837715993,,,ring-site C-H stretching,delta(O4-C3-C9),angle,0.00021501604277309158,-,-0.0012927020508727899,0.4906318980424579
53,3154.765837715993,,,ring-site C-H stretching,nu(C6-C8),bond,0.00017399062811021166,+,0.0015004954545272343,0.2946715982642608
53,3154.765837715993,,,ring-site C-H stretching,nu(C3-C9),bond,0.00011928303659634088,-,-0.001202859896276571,0.31436224837181065
53,3154.765837715993,,,ring-site C-H stretching,delta(H13-C2-H14),angle,0.00011679790009790643,+,0.0009130387445787188,0.5342424723339905
53,3154.765837715993,,,ring-site C-H stretching,delta(C1-C2-H14),angle,0.00011486842094058699,+,0.0008849218435455203,0.5593357924954511
53,3154.765837715993,,,ring-site C-H stretching,nu(O7-H17),bond,8.324043128700306e-05,-,-0.0007906129651213269,0.5077947994859329
53,3154.765837715993,,,ring-site C-H stretching,delta(C1-C2-C3),angle,8.206513059290468e-05,-,-0.0008215731012046129,0.4636049159394469
53,3154.765837715993,,,ring-site C-H stretching,delta(C3-C2-H14),angle,7.87992907273357e-05,+,0.00070564782395206,0.6034316514517557
53,3154.765837715993,,,ring-site C-H stretching,tau(H12-C1-C2-C3),dihedral,7.709973491465545e-05,+,0.0013060852781136534,0.1723421900449818
53,3154.765837715993,,,ring-site C-H stretching,delta(C3-C9-H19),angle,6.162736957703693e-05,-,-0.0010506432434059096,0.2128849100581254
53,3154.765837715993,,,ring-site C-H stretching,tau(C2-C3-C9-C8),dihedral,5.723581023082958e-05,-,-0.0006252211387497291,0.558318887434276
53,3154.765837715993,,,ring-site C-H stretching,tau(H16-C6-O7-H17),dihedral,3.788300065433929e-05,-,-0.0025519092678626294,0.02218174478859686
53,3154.765837715993,,,ring-site C-H stretching,tau(H11-C1-C2-H13),dihedral,3.4436333652187564e-05,-,-0.0008639047033135549,0.17594098589112622
53,3154.765837715993,,,ring-site C-H stretching,tau(H18-C8-C9-C3),dihedral,3.346740188568276e-05,+,0.0014057042520998903,0.06458265171461727
53,3154.765837715993,,,ring-site C-H stretching,nu(C6-O7),bond,3.1190692925981735e-05,-,-0.0006029262800731923,0.3271737003263393
53,3154.765837715993,,,ring-site C-H stretching,nu(C1-C2),bond,2.8886098963958096e-05,+,0.0006330937147739859,0.2748113603490793
53,3154.765837715993,,,ring-site C-H stretching,delta(C1-C2-H13),angle,2.2764607446622084e-05,-,-0.00048507157887342354,0.3689183843817206
53,3154.765837715993,,,ring-site C-H stretching,tau(H10-C1-C2-H14),dihedral,1.720314210856168e-05,+,0.0006214924926308088,0.16983132350687483
53,3154.765837715993,,,ring-site C-H stretching,delta(C2-C1-H10),angle,1.700636023010756e-05,+,0.000539828297246464,0.22252656956113886
53,3154.765837715993,,,ring-site C-H stretching,delta(C9-C8-H18),angle,1.3933054978663143e-05,+,0.0005055042436694878,0.2079115088694835
53,3154.765837715993,,,ring-site C-H stretching,"gamma(H19;C9,C3,C8)",oop,1.1404164919471105e-05,+,0.0006788396061044501,0.09436499790933232
53,3154.765837715993,,,ring-site C-H stretching,delta(C2-C3-O4),angle,3.3513822875225287e-06,-,-0.0001611833724013369,0.49188693193989014
53,3154.765837715993,,,ring-site C-H stretching,delta(C2-C1-H12),angle,2.4351489898765897e-06,-,-0.00020578597266809865,0.21926827150728725
53,3154.765837715993,,,ring-site C-H stretching,nu(C2-H13),bond,1.8338054155075197e-06,+,0.00014610566716620168,0.32756758471856046
53,3154.765837715993,,,ring-site C-H stretching,delta(C2-C1-H11),angle,1.0415666614493656e-06,-,-0.00013371382160815704,0.2221346249262574
53,3154.765837715993,,,ring-site C-H stretching,tau(C1-C2-C3-C5),dihedral,1.0710018568601578e-07,+,0.00013503572424647964,0.022396216584251973
54,3189.1330672534827,,,opposite-phase ring-site C-H stretching,nu(C9-H19),bond,50.54382557007215,-,-0.7411646485778798,0.3602723030176744
54,3189.1330672534827,,,opposite-phase ring-site C-H stretching,nu(C8-H18),bond,48.340109553293324,+,0.724849630398657,0.3602499637414734
54,3189.1330672534827,,,opposite-phase ring-site C-H stretching,delta(C6-C8-C9),angle,0.7530944515671424,+,0.053444449234408255,1.0323724235705396
54,3189.1330672534827,,,opposite-phase ring-site C-H stretching,nu(C3-C9),bond,0.08884971655667831,+,0.03326663780175122,0.31436224837181065
54,3189.1330672534827,,,opposite-phase ring-site C-H stretching,delta(C9-C8-H18),angle,0.07460586701111514,-,-0.037483773531131324,0.2079115088694835
54,3189.1330672534827,,,opposite-phase ring-site C-H stretching,nu(C6-C8),bond,0.07256110132693176,-,-0.031051234645967464,0.2946715982642608
54,3189.1330672534827,,,opposite-phase ring-site C-H stretching,nu(C1-H10),bond,0.03230298794521584,-,-0.019439854814302736,0.3346946884301047
54,3189.1330672534827,,,opposite-phase ring-site C-H stretching,"gamma(C2;C3,O4,C9)",oop,0.028981433577877573,-,-0.013864832999418627,0.5903135300950473
54,3189.1330672534827,,,opposite-phase ring-site C-H stretching,"gamma(C8;C6,O7,H16)",oop,0.028164668599403028,+,0.017441535713165562,0.3625161519618344
54,3189.1330672534827,,,opposite-phase ring-site C-H stretching,delta(C3-C9-H19),angle,0.014247872313928971,+,0.016188203213967807,0.2128849100581254
54,3189.1330672534827,,,opposite-phase ring-site C-H stretching,nu(C6-H16),bond,0.009163282894301997,+,0.010396172704957463,0.33196804628701443
54,3189.1330672534827,,,opposite-phase ring-site C-H stretching,delta(O4-C3-C9),angle,0.006078899021512005,+,0.006965152892652241,0.4906318980424579
54,3189.1330672534827,,,opposite-phase ring-site C-H stretching,nu(C1-H11),bond,0.0016466533616359643,+,0.004367772315603586,0.33796705053671766
54,3189.1330672534827,,,opposite-phase ring-site C-H stretching,nu(C2-H13),bond,0.0014888470675412796,-,-0.004218622505623246,0.32756758471856046
54,3189.1330672534827,,,opposite-phase ring-site C-H stretching,tau(C5-C6-C8-C9),dihedral,0.0013002894248865344,-,-0.0029636760566982756,0.5796565217156813
54,3189.1330672534827,,,opposite-phase ring-site C-H stretching,nu(C1-H12),bond,0.0012890054550729366,+,0.0038727412117614537,0.3365192870641175
54,3189.1330672534827,,,opposite-phase ring-site C-H stretching,tau(C2-C3-C9-C8),dihedral,0.0010182459537702497,+,0.002672275722056798,0.558318887434276
54,3189.1330672534827,,,opposite-phase ring-site C-H stretching,nu(C5-H15),bond,0.00028055991323393335,-,-0.0017707613422478909,0.35034644344056987
54,3189.1330672534827,,,opposite-phase ring-site C-H stretching,tau(H18-C8-C9-C3),dihedral,0.00017116039800992797,+,0.0032213638960896275,0.06458265171461727
54,3189.1330672534827,,,opposite-phase ring-site C-H stretching,delta(O7-C6-H16),angle,8.754483499906658e-05,-,-0.0011376112577128014,0.26487131353131593
54,3189.1330672534827,,,opposite-phase ring-site C-H stretching,delta(C3-C2-H14),angle,8.726375412690706e-05,-,-0.0007524869675490597,0.6034316514517557
54,3189.1330672534827,,,opposite-phase ring-site C-H stretching,"gamma(H19;C9,C3,C8)",oop,8.303105872858382e-05,+,0.0018561407270382803,0.09436499790933232
54,3189.1330672534827,,,opposite-phase ring-site C-H stretching,delta(C2-C3-O4),angle,5.6023709868330535e-05,+,0.0006678045431625489,0.49188693193989014
54,3189.1330672534827,,,opposite-phase ring-site C-H stretching,tau(H12-C1-C2-C3),dihedral,5.125981319975796e-05,-,-0.0010791673202595906,0.1723421900449818
54,3189.1330672534827,,,opposite-phase ring-site C-H stretching,delta(C1-C2-H14),angle,4.9005782897274566e-05,+,0.0005857110800748676,0.5593357924954511
54,3189.1330672534827,,,opposite-phase ring-site C-H stretching,nu(C2-C3),bond,4.350144150433514e-05,-,-0.0007619100501998021,0.29341911498367274
54,3189.1330672534827,,,opposite-phase ring-site C-H stretching,nu(C3-C5),bond,4.3196985686769224e-05,+,0.0006205574163780918,0.439219548300516
54,3189.1330672534827,,,opposite-phase ring-site C-H stretching,"gamma(C6;C5,O4,H15)",oop,4.045766001568824e-05,+,0.0009717520663013482,0.1677575110310718
54,3189.1330672534827,,,opposite-phase ring-site C-H stretching,tau(C3-C5-C6-O7),dihedral,3.4617018165096364e-05,-,-0.0007244308785518477,0.2582782931735298
54,3189.1330672534827,,,opposite-phase ring-site C-H stretching,delta(C2-C1-H12),angle,2.8662200476703005e-05,-,-0.0007154230816553284,0.21926827150728725
54,3189.1330672534827,,,opposite-phase ring-site C-H stretching,"gamma(C6;C5,C3,O4)",oop,2.7884860152814483e-05,-,-0.00034641489004817196,0.9098452403956017
54,3189.1330672534827,,,opposite-phase ring-site C-H stretching,nu(C5-C6),bond,2.4444869291099144e-05,-,-0.0005681256070327989,0.29654537103395157
54,3189.1330672534827,,,opposite-phase ring-site C-H stretching,nu(C6-O7),bond,2.3019479983553924e-05,+,0.0005248734931868336,0.3271737003263393
54,3189.1330672534827,,,opposite-phase ring-site C-H stretching,delta(C2-C1-H10),angle,1.537225514623075e-05,+,0.0005200845292136108,0.22252656956113886
54,3189.1330672534827,,,opposite-phase ring-site C-H stretching,nu(C8-C9),bond,1.5017108359277728e-05,+,0.0003010458089651692,0.6488036770482433
54,3189.1330672534827,,,opposite-phase ring-site C-H stretching,tau(H10-C1-C2-H14),dihedral,1.3447384826784995e-05,+,0.0005568088112242336,0.16983132350687483
54,3189.1330672534827,,,opposite-phase ring-site C-H stretching,delta(H13-C2-H14),angle,1.2046484497136774e-05,+,0.0002971372069977253,0.5342424723339905
54,3189.1330672534827,,,opposite-phase ring-site C-H stretching,tau(H11-C1-C2-H13),dihedral,1.156506266943727e-05,+,0.000507325350587363,0.17594098589112622
54,3189.1330672534827,,,opposite-phase ring-site C-H stretching,nu(C1-C2),bond,1.0559137819810079e-05,+,0.0003878760531365031,0.2748113603490793
54,3189.1330672534827,,,opposite-phase ring-site C-H stretching,delta(C2-C1-H11),angle,1.032591077027056e-05,-,-0.000426630729757532,0.2221346249262574
54,3189.1330672534827,,,opposite-phase ring-site C-H stretching,delta(C6-O7-H17),angle,1.0184058602078283e-05,-,-0.0004564859525748177,0.19136310701446652
54,3189.1330672534827,,,opposite-phase ring-site C-H stretching,nu(O4-C5),bond,9.36416391637839e-06,+,0.0003392978175288783,0.3184923710839102
54,3189.1330672534827,,,opposite-phase ring-site C-H stretching,tau(H16-C6-O7-H17),dihedral,8.3465897829135e-06,-,-0.0012138157323282341,0.02218174478859686
54,3189.1330672534827,,,opposite-phase ring-site C-H stretching,nu(C2-H14),bond,6.87673531887249e-06,+,0.00028443231179909483,0.3328255096398904
54,3189.1330672534827,,,opposite-phase ring-site C-H stretching,delta(O4-C5-H15),angle,5.951219172544946e-06,-,-0.00032416315068655875,0.22175366907519878
54,3189.1330672534827,,,opposite-phase ring-site C-H stretching,delta(C1-C2-C3),angle,5.5657547201158345e-06,-,-0.0002168123890502288,0.4636049159394469
54,3189.1330672534827,,,opposite-phase ring-site C-H stretching,delta(C5-C6-O7),angle,2.1890849913910355e-06,-,-0.0001358411526976337,0.4645067893229545
54,3189.1330672534827,,,opposite-phase ring-site C-H stretching,tau(C1-C2-C3-C5),dihedral,1.9939572422751866e-06,-,-0.0005904276272579665,0.022396216584251973
54,3189.1330672534827,,,opposite-phase ring-site C-H stretching,delta(C1-C2-H13),angle,9.387804764484537e-07,-,-9.981894031731656e-05,0.3689183843817206
54,3189.1330672534827,,,opposite-phase ring-site C-H stretching,nu(O7-H17),bond,1.1174371661078377e-07,+,2.9353744592638596e-05,0.5077947994859329
54,3189.1330672534827,,,opposite-phase ring-site C-H stretching,nu(C3-O4),bond,6.534514547450754e-08,-,-3.448917937485409e-05,0.2150996809255757
55,3211.427366892074,,,in-phase ring-site C-H stretching,nu(C8-H18),bond,50.29479349010883,+,0.7403751999085559,0.3602499637414734
55,3211.427366892074,,,in-phase ring-site C-H stretching,nu(C9-H19),bond,48.083960279618545,+,0.7238973689265041,0.3602723030176744
55,3211.427366892074,,,in-phase ring-site C-H stretching,nu(C8-C9),bond,1.1564564507721196,-,-0.08365661955558179,0.6488036770482433
55,3211.427366892074,,,in-phase ring-site C-H stretching,delta(C6-C8-C9),angle,0.10254379479289714,+,0.019748259077376266,1.0323724235705396
55,3211.427366892074,,,in-phase ring-site C-H stretching,nu(C3-C9),bond,0.07525789798883868,-,-0.030658660057927792,0.31436224837181065
55,3211.427366892074,,,in-phase ring-site C-H stretching,nu(C6-C8),bond,0.06776602074043066,-,-0.03004894120951802,0.2946715982642608
55,3211.427366892074,,,in-phase ring-site C-H stretching,"gamma(C8;C6,O7,H16)",oop,0.0405287048945909,+,0.020951253104862178,0.3625161519618344
55,3211.427366892074,,,in-phase ring-site C-H stretching,nu(C5-H15),bond,0.03791794259285988,+,0.0206141697024446,0.35034644344056987
55,3211.427366892074,,,in-phase ring-site C-H stretching,"gamma(C2;C3,O4,C9)",oop,0.037832709181285035,+,0.015862976229452628,0.5903135300950473
55,3211.427366892074,,,in-phase ring-site C-H stretching,delta(C3-C9-H19),angle,0.03179424639505747,-,-0.024215539531669102,0.2128849100581254
55,3211.427366892074,,,in-phase ring-site C-H stretching,nu(C6-H16),bond,0.031722048839668365,+,0.019369784751627622,0.33196804628701443
55,3211.427366892074,,,in-phase ring-site C-H stretching,nu(C1-H10),bond,0.019921649637340322,+,0.0152872919632392,0.3346946884301047
55,3211.427366892074,,,in-phase ring-site C-H stretching,delta(O4-C3-C9),angle,0.008103196682727857,-,-0.00805272042120667,0.4906318980424579
55,3211.427366892074,,,in-phase ring-site C-H stretching,tau(C2-C3-C9-C8),dihedral,0.004833382794719302,-,-0.005830110109990819,0.558318887434276
55,3211.427366892074,,,in-phase ring-site C-H stretching,nu(C2-H13),bond,0.0019689945784782384,+,0.004858073957720727,0.32756758471856046
55,3211.427366892074,,,in-phase ring-site C-H stretching,delta(C9-C8-H18),angle,0.0009153190046947377,+,0.00415756737529094,0.2079115088694835
55,3211.427366892074,,,in-phase ring-site C-H stretching,nu(C1-H11),bond,0.0005496692409588533,-,-0.0025270035835435285,0.33796705053671766
55,3211.427366892074,,,in-phase ring-site C-H stretching,tau(C5-C6-C8-C9),dihedral,0.00044928178056319155,-,-0.0017444814734595866,0.5796565217156813
55,3211.427366892074,,,in-phase ring-site C-H stretching,delta(O7-C6-H16),angle,0.00039703775950790404,-,-0.0024259998197274655,0.26487131353131593
55,3211.427366892074,,,in-phase ring-site C-H stretching,nu(C5-C6),bond,0.00033100733552906804,-,-0.002093464283105712,0.29654537103395157
55,3211.427366892074,,,in-phase ring-site C-H stretching,delta(C3-C2-H14),angle,0.00031554628572819815,+,0.001432879978261248,0.6034316514517557
55,3211.427366892074,,,in-phase ring-site C-H stretching,nu(C1-H12),bond,0.00022626408338636482,-,-0.0016247821954058408,0.3365192870641175
55,3211.427366892074,,,in-phase ring-site C-H stretching,delta(C2-C3-O4),angle,0.00019446356959350384,-,-0.0012458874338745064,0.49188693193989014
55,3211.427366892074,,,in-phase ring-site C-H stretching,nu(O7-H17),bond,0.0001676182216372762,+,0.0011384364990890093,0.5077947994859329
55,3211.427366892074,,,in-phase ring-site C-H stretching,nu(C3-C5),bond,0.00013721375952403176,-,-0.0011075167993823474,0.439219548300516
55,3211.427366892074,,,in-phase ring-site C-H stretching,nu(C6-O7),bond,0.00013667802944645474,+,0.0012807149601482496,0.3271737003263393
55,3211.427366892074,,,in-phase ring-site C-H stretching,delta(O4-C5-H15),angle,0.00012372398383709397,-,-0.0014800754730442086,0.22175366907519878
55,3211.427366892074,,,in-phase ring-site C-H stretching,tau(C3-C5-C6-O7),dihedral,0.00012238382242551332,-,-0.001363987448767185,0.2582782931735298
55,3211.427366892074,,,in-phase ring-site C-H stretching,delta(C6-O7-H17),angle,0.00010042576808869685,-,-0.0014354424829613416,0.19136310701446652
55,3211.427366892074,,,in-phase ring-site C-H stretching,tau(H12-C1-C2-C3),dihedral,7.829947242724182e-05,+,0.001335598539125439,0.1723421900449818
55,3211.427366892074,,,in-phase ring-site C-H stretching,nu(C2-C3),bond,7.788223497552756e-05,+,0.0010208626688033933,0.29341911498367274
55,3211.427366892074,,,in-phase ring-site C-H stretching,delta(C1-C2-H14),angle,4.723891071180899e-05,-,-0.0005758454675401201,0.5593357924954511
55,3211.427366892074,,,in-phase ring-site C-H stretching,nu(C3-O4),bond,3.552581806706345e-05,+,0.0008052754918668633,0.2150996809255757
55,3211.427366892074,,,in-phase ring-site C-H stretching,tau(H10-C1-C2-H14),dihedral,2.9623201135573363e-05,-,-0.0008275598606076896,0.16983132350687483
55,3211.427366892074,,,in-phase ring-site C-H stretching,delta(C2-C1-H12),angle,2.748747755446144e-05,+,0.000701571387176222,0.21926827150728725
55,3211.427366892074,,,in-phase ring-site C-H stretching,delta(H13-C2-H14),angle,2.5259396880785543e-05,-,-0.00043085843907882923,0.5342424723339905
55,3211.427366892074,,,in-phase ring-site C-H stretching,"gamma(C6;C5,C3,O4)",oop,2.2189570658169547e-05,+,0.000309444670270991,0.9098452403956017
55,3211.427366892074,,,in-phase ring-site C-H stretching,tau(H16-C6-O7-H17),dihedral,1.7520414862877828e-05,-,-0.001761029624394274,0.02218174478859686
55,3211.427366892074,,,in-phase ring-site C-H stretching,nu(O4-C5),bond,1.3116733633953693e-05,-,-0.0004021199813766921,0.3184923710839102
55,3211.427366892074,,,in-phase ring-site C-H stretching,"gamma(H19;C9,C3,C8)",oop,1.159586059615261e-05,+,0.0006946057061463824,0.09436499790933232
55,3211.427366892074,,,in-phase ring-site C-H stretching,nu(C1-C2),bond,1.1048709019918767e-05,-,-0.00039731114554193513,0.2748113603490793
55,3211.427366892074,,,in-phase ring-site C-H stretching,tau(H11-C1-C2-H13),dihedral,8.375767931260552e-06,-,-0.00043233572953936674,0.17594098589112622
55,3211.427366892074,,,in-phase ring-site C-H stretching,tau(H18-C8-C9-C3),dihedral,6.179247645886026e-06,+,0.0006129177309490604,0.06458265171461727
55,3211.427366892074,,,in-phase ring-site C-H stretching,delta(C2-C1-H10),angle,5.453464253209178e-06,-,-0.0003101970190932462,0.22252656956113886
55,3211.427366892074,,,in-phase ring-site C-H stretching,nu(C2-H14),bond,4.751459973426291e-06,-,-0.0002367541257341202,0.3328255096398904
55,3211.427366892074,,,in-phase ring-site C-H stretching,delta(C1-C2-C3),angle,3.185466104802114e-06,+,0.00016424978096593333,0.4636049159394469
55,3211.427366892074,,,in-phase ring-site C-H stretching,delta(C2-C1-H11),angle,3.033583545899735e-06,+,0.00023155926999306862,0.2221346249262574
55,3211.427366892074,,,in-phase ring-site C-H stretching,delta(C5-C6-O7),angle,2.6999509938580405e-06,+,0.00015106860846991134,0.4645067893229545
55,3211.427366892074,,,in-phase ring-site C-H stretching,tau(C1-C2-C3-C5),dihedral,1.1610111053875393e-06,+,0.0004511523031009911,0.022396216584251973
55,3211.427366892074,,,in-phase ring-site C-H stretching,"gamma(C6;C5,O4,H15)",oop,7.653194164651386e-07,-,-0.00013383592349966477,0.1677575110310718
55,3211.427366892074,,,in-phase ring-site C-H stretching,delta(C1-C2-H13),angle,1.6466521814164482e-07,-,-4.186278421277273e-05,0.3689183843817206
56,3759.0212531982534,,,O-H stretching,nu(O7-H17),bond,99.91487560808969,+,1.0265143501904703,0.5077947994859329
56,3759.0212531982534,,,O-H stretching,nu(C6-O7),bond,0.02095194352628021,-,-0.018518978941394083,0.3271737003263393
56,3759.0212531982534,,,O-H stretching,delta(O7-C6-H16),angle,0.019250939452960105,-,-0.019728886520487633,0.26487131353131593
56,3759.0212531982534,,,O-H stretching,nu(C6-H16),bond,0.014120626216973003,-,-0.015092907508902997,0.33196804628701443
56,3759.0212531982534,,,O-H stretching,delta(C5-C6-O7),angle,0.014105414006326597,+,0.012752371590443914,0.4645067893229545
56,3759.0212531982534,,,O-H stretching,tau(C3-C5-C6-O7),dihedral,0.013743336715847045,-,-0.01688092393628412,0.2582782931735298
56,3759.0212531982534,,,O-H stretching,delta(C6-O7-H17),angle,0.0019434281240831648,-,-0.007374782359326437,0.19136310701446652
56,3759.0212531982534,,,O-H stretching,"gamma(C8;C6,O7,H16)",oop,0.00042679859601458506,-,-0.0025109720799476112,0.3625161519618344
56,3759.0212531982534,,,O-H stretching,tau(C5-C6-C8-C9),dihedral,0.00017726361056117287,+,0.0012797304555221684,0.5796565217156813
56,3759.0212531982534,,,O-H stretching,"gamma(C6;C5,C3,O4)",oop,0.00011690819172560176,+,0.0008295313069291263,0.9098452403956017
56,3759.0212531982534,,,O-H stretching,nu(C6-C8),bond,7.788506782573491e-05,+,0.0011897399235600281,0.2946715982642608
56,3759.0212531982534,,,O-H stretching,nu(C5-C6),bond,4.5652640974830446e-05,+,0.0009079908077510821,0.29654537103395157
56,3759.0212531982534,,,O-H stretching,nu(C9-H19),bond,3.134029973131722e-05,-,-0.0006825433006755161,0.3602723030176744
56,3759.0212531982534,,,O-H stretching,tau(H16-C6-O7-H17),dihedral,2.6665495911416525e-05,+,0.0025372955261078294,0.02218174478859686
56,3759.0212531982534,,,O-H stretching,delta(C6-C8-C9),angle,2.5642582059676986e-05,+,0.0003647176263387337,1.0323724235705396
56,3759.0212531982534,,,O-H stretching,nu(C8-H18),bond,1.7185698598467966e-05,-,-0.0005054470846391556,0.3602499637414734
56,3759.0212531982534,,,O-H stretching,nu(C3-O4),bond,1.5500172884173117e-05,-,-0.0006212157547053792,0.2150996809255757
56,3759.0212531982534,,,O-H stretching,"gamma(C6;C5,O4,H15)",oop,1.3885670593419398e-05,+,0.0006657888466580775,0.1677575110310718
56,3759.0212531982534,,,O-H stretching,delta(O4-C5-H15),angle,7.423781658167224e-06,+,0.00042341989622537095,0.22175366907519878
56,3759.0212531982534,,,O-H stretching,nu(O4-C5),bond,3.9436758918122715e-06,-,-0.00025751063163685655,0.3184923710839102
56,3759.0212531982534,,,O-H stretching,nu(C1-H11),bond,2.6233188272948383e-06,-,-0.00020388366443401977,0.33796705053671766
56,3759.0212531982534,,,O-H stretching,"gamma(C2;C3,O4,C9)",oop,2.2221136273053912e-06,+,0.00014198283252721673,0.5903135300950473
56,3759.0212531982534,,,O-H stretching,nu(C3-C5),bond,1.909459572439211e-06,+,0.000152583817662017,0.439219548300516
56,3759.0212531982534,,,O-H stretching,nu(C8-C9),bond,1.9061919871147913e-06,-,-0.00012543557988891238,0.6488036770482433
56,3759.0212531982534,,,O-H stretching,nu(C3-C9),bond,1.873392207294885e-06,+,0.00017864597466520782,0.31436224837181065
56,3759.0212531982534,,,O-H stretching,nu(C2-H14),bond,1.8413207118424724e-06,-,-0.00017212759060606994,0.3328255096398904
56,3759.0212531982534,,,O-H stretching,nu(C2-H13),bond,1.476268485225637e-06,+,0.0001553553767376237,0.32756758471856046
56,3759.0212531982534,,,O-H stretching,delta(O4-C3-C9),angle,1.170203819884894e-06,+,0.00011301782340824875,0.4906318980424579
56,3759.0212531982534,,,O-H stretching,delta(C3-C2-H14),angle,9.951459062542826e-07,-,-9.397739677040394e-05,0.6034316514517557
56,3759.0212531982534,,,O-H stretching,delta(C2-C3-O4),angle,9.831078606721671e-07,+,0.00010345750848739025,0.49188693193989014
56,3759.0212531982534,,,O-H stretching,nu(C5-H15),bond,8.910882025406296e-07,+,0.00011670932674569038,0.35034644344056987
56,3759.0212531982534,,,O-H stretching,delta(C1-C2-C3),angle,8.820184737555439e-07,-,-0.00010093897675677074,0.4636049159394469
56,3759.0212531982534,,,O-H stretching,delta(C3-C9-H19),angle,4.4933810826291097e-07,+,0.00010631835794898013,0.2128849100581254
56,3759.0212531982534,,,O-H stretching,delta(C1-C2-H13),angle,4.1755431966964003e-07,-,-7.785480383637282e-05,0.3689183843817206
56,3759.0212531982534,,,O-H stretching,"gamma(H19;C9,C3,C8)",oop,3.55395543064447e-07,+,0.00014201839316467613,0.09436499790933232
56,3759.0212531982534,,,O-H stretching,tau(C2-C3-C9-C8),dihedral,2.990170733727132e-07,-,-5.355510889076937e-05,0.558318887434276
56,3759.0212531982534,,,O-H stretching,nu(C1-C2),bond,2.9362337059682413e-07,+,7.564357436914259e-05,0.2748113603490793
56,3759.0212531982534,,,O-H stretching,delta(C2-C1-H12),angle,2.8885476272425596e-07,-,-8.399355116371212e-05,0.21926827150728725
56,3759.0212531982534,,,O-H stretching,nu(C2-C3),bond,2.8084928483013313e-07,+,7.159563298753958e-05,0.29341911498367274
56,3759.0212531982534,,,O-H stretching,nu(C1-H12),bond,2.5131710980911525e-07,-,-6.324120284291189e-05,0.3365192870641175
56,3759.0212531982534,,,O-H stretching,nu(C1-H10),bond,2.4780969382092193e-07,+,6.296929178389831e-05,0.3346946884301047
56,3759.0212531982534,,,O-H stretching,tau(H12-C1-C2-C3),dihedral,1.9593870358193757e-07,-,-7.802942107407751e-05,0.1723421900449818
56,3759.0212531982534,,,O-H stretching,tau(H11-C1-C2-H13),dihedral,1.8913983554019563e-07,+,7.587558740888878e-05,0.17594098589112622
56,3759.0212531982534,,,O-H stretching,tau(H18-C8-C9-C3),dihedral,1.6698227154255354e-07,+,0.00011767150804384998,0.06458265171461727
56,3759.0212531982534,,,O-H stretching,delta(H13-C2-H14),angle,1.396534890702797e-07,+,3.741543190360553e-05,0.5342424723339905
56,3759.0212531982534,,,O-H stretching,delta(C9-C8-H18),angle,1.368434866531228e-07,+,5.936997606038338e-05,0.2079115088694835
56,3759.0212531982534,,,O-H stretching,tau(H10-C1-C2-H14),dihedral,6.441463757233196e-08,+,4.50689520705619e-05,0.16983132350687483
56,3759.0212531982534,,,O-H stretching,delta(C1-C2-H14),angle,4.660871142617528e-08,-,-2.1124737252050838e-05,0.5593357924954511
56,3759.0212531982534,,,O-H stretching,tau(C1-C2-C3-C5),dihedral,6.299451371082338e-09,-,-3.881129267350155e-05,0.022396216584251973
56,3759.0212531982534,,,O-H stretching,delta(C2-C1-H11),angle,3.488289575381292e-09,+,9.170482975809887e-06,0.2221346249262574
56,3759.0212531982534,,,O-H stretching,delta(C2-C1-H10),angle,1.6255713148739455e-09,+,6.254695194703165e-06,0.22252656956113886
