mode,harmonic_frequency_cm-1,vpt2_fundamental_cm-1,harmonic_intensity_km_mol,assignment,internal_coordinate,type,percent,phase,D_value,F_diagonal
6,179.69839060521167,,,mixed C-C torsion / cyclic-ring torsional/out-of-plane deformation,tau(C1-C2-C7-C6),dihedral,19.921049740431496,+,0.08298969255088831,0.27536675168740415
6,179.69839060521167,,,mixed C-C torsion / cyclic-ring torsional/out-of-plane deformation,tau(H10-C1-C2-O3),dihedral,17.70727834519489,+,0.09799189953630716,0.17555736525640764
6,179.69839060521167,,,mixed C-C torsion / cyclic-ring torsional/out-of-plane deformation,tau(C6-C7-C8-H18),dihedral,16.727002859424655,+,0.07938963937432474,0.25266091572024935
6,179.69839060521167,,,mixed C-C torsion / cyclic-ring torsional/out-of-plane deformation,tau(O3-C2-C7-C6),dihedral,12.045262390699198,+,0.03688450746152491,0.8428996647092574
6,179.69839060521167,,,mixed C-C torsion / cyclic-ring torsional/out-of-plane deformation,tau(C9-C7-C8-H17),dihedral,9.837691681909439,+,0.07368208510086699,0.1725110767453955
6,179.69839060521167,,,mixed C-C torsion / cyclic-ring torsional/out-of-plane deformation,tau(C2-C7-C8-H19),dihedral,9.078946616036266,+,0.05566280845586375,0.2789669960422185
6,179.69839060521167,,,mixed C-C torsion / cyclic-ring torsional/out-of-plane deformation,tau(H12-C1-C2-C7),dihedral,4.11769077450109,+,0.04807904270040658,0.16958588363924
6,179.69839060521167,,,mixed C-C torsion / cyclic-ring torsional/out-of-plane deformation,delta(O3-C4-C5),angle,2.6521855025237744,-,-0.015627037567834002,1.033946761767908
6,179.69839060521167,,,mixed C-C torsion / cyclic-ring torsional/out-of-plane deformation,"gamma(C6;C7,C2,C9)",oop,1.3006002133855936,-,-0.008808565367538988,1.5958095173539286
6,179.69839060521167,,,mixed C-C torsion / cyclic-ring torsional/out-of-plane deformation,tau(C8-C7-C9-C5),dihedral,1.2547684771015017,-,-0.019695060539463714,0.3079615894469893
6,179.69839060521167,,,mixed C-C torsion / cyclic-ring torsional/out-of-plane deformation,delta(C2-C1-H11),angle,0.8919561899213821,-,-0.015153765915202693,0.36978557709159526
6,179.69839060521167,,,mixed C-C torsion / cyclic-ring torsional/out-of-plane deformation,delta(C7-C8-H17),angle,0.7170944603691495,+,0.011878265492599295,0.4838579761113301
6,179.69839060521167,,,mixed C-C torsion / cyclic-ring torsional/out-of-plane deformation,delta(O3-C2-C7),angle,0.6641113410334539,+,0.0072892309265987255,1.1899400216449423
6,179.69839060521167,,,mixed C-C torsion / cyclic-ring torsional/out-of-plane deformation,tau(C2-C4-C5-H14),dihedral,0.6334308849513888,+,0.02073043649072844,0.1403233470126861
6,179.69839060521167,,,mixed C-C torsion / cyclic-ring torsional/out-of-plane deformation,tau(C2-C7-C9-H21),dihedral,0.5599284859481249,-,-0.008935568990728398,0.6676298268489548
6,179.69839060521167,,,mixed C-C torsion / cyclic-ring torsional/out-of-plane deformation,"gamma(O3;C4,C5,H13)",oop,0.5353892193458084,+,0.019627546397058368,0.13230772126924695
6,179.69839060521167,,,mixed C-C torsion / cyclic-ring torsional/out-of-plane deformation,nu(O3-C4),bond,0.3289688708776848,-,-0.009138576359950487,0.375012122768873
6,179.69839060521167,,,mixed C-C torsion / cyclic-ring torsional/out-of-plane deformation,nu(C5-C6),bond,0.17416054489264216,+,0.0071888466828157836,0.3208329206887749
6,179.69839060521167,,,mixed C-C torsion / cyclic-ring torsional/out-of-plane deformation,nu(C5-C9),bond,0.15444521791321136,-,-0.007533203425996712,0.25909716935407706
6,179.69839060521167,,,mixed C-C torsion / cyclic-ring torsional/out-of-plane deformation,nu(C2-O3),bond,0.11604321481745186,+,0.00662731299991075,0.25153149975958655
6,179.69839060521167,,,mixed C-C torsion / cyclic-ring torsional/out-of-plane deformation,nu(C2-C4),bond,0.09756870361807327,+,0.00415929258051708,0.5369318728370088
6,179.69839060521167,,,mixed C-C torsion / cyclic-ring torsional/out-of-plane deformation,"gamma(C7;C9,H20,H21)",oop,0.09441063658507279,+,0.004593581496887038,0.42595690951260695
6,179.69839060521167,,,mixed C-C torsion / cyclic-ring torsional/out-of-plane deformation,nu(C2-C7),bond,0.08399533837458482,+,0.005006025429051441,0.31909255709522183
6,179.69839060521167,,,mixed C-C torsion / cyclic-ring torsional/out-of-plane deformation,delta(C2-C1-H12),angle,0.0700899587366984,+,0.004682088908644636,0.3043855873378456
6,179.69839060521167,,,mixed C-C torsion / cyclic-ring torsional/out-of-plane deformation,"gamma(H21;C9,C5,C7)",oop,0.04498250694275128,+,0.0017107045342324438,1.4633264940362696
6,179.69839060521167,,,mixed C-C torsion / cyclic-ring torsional/out-of-plane deformation,delta(C7-C6-H15),angle,0.04330899062118661,+,0.0038532121372456445,0.27770251683716846
6,179.69839060521167,,,mixed C-C torsion / cyclic-ring torsional/out-of-plane deformation,tau(C4-C5-C9-H20),dihedral,0.029773449120124102,-,-0.0022230938224394882,0.5735366270754743
6,179.69839060521167,,,mixed C-C torsion / cyclic-ring torsional/out-of-plane deformation,delta(C4-C5-C9),angle,0.0251462886427367,-,-0.0012607249018602126,1.506193701341896
6,179.69839060521167,,,mixed C-C torsion / cyclic-ring torsional/out-of-plane deformation,nu(C7-C9),bond,0.02438787182144136,-,-0.0031303445728965676,0.23693935749874415
6,179.69839060521167,,,mixed C-C torsion / cyclic-ring torsional/out-of-plane deformation,delta(C7-C8-H19),angle,0.0175671046665275,-,-0.002111429112645298,0.37514120679903984
6,179.69839060521167,,,mixed C-C torsion / cyclic-ring torsional/out-of-plane deformation,nu(C4-C5),bond,0.011709120939889734,+,0.0019263775815404963,0.30039247824764354
6,179.69839060521167,,,mixed C-C torsion / cyclic-ring torsional/out-of-plane deformation,delta(H18-C8-H19),angle,0.01145328065111907,-,-0.0017518059099994043,0.35530843806641327
6,179.69839060521167,,,mixed C-C torsion / cyclic-ring torsional/out-of-plane deformation,delta(C5-C6-H15),angle,0.010262514113453356,-,-0.001869330450214781,0.27959487055579446
6,179.69839060521167,,,mixed C-C torsion / cyclic-ring torsional/out-of-plane deformation,nu(C1-C2),bond,0.003519685794155343,-,-0.0010583618490221396,0.2991459555841769
6,179.69839060521167,,,mixed C-C torsion / cyclic-ring torsional/out-of-plane deformation,delta(C1-C2-C7),angle,0.0029903012576098396,+,0.0009002235176483356,0.35128679741124474
6,179.69839060521167,,,mixed C-C torsion / cyclic-ring torsional/out-of-plane deformation,nu(C1-H10),bond,0.002007731248513195,-,-0.000755889565096475,0.33453107906648005
6,179.69839060521167,,,mixed C-C torsion / cyclic-ring torsional/out-of-plane deformation,nu(C1-H11),bond,0.0014239630096541539,+,0.0006381896651406928,0.3328486247653903
6,179.69839060521167,,,mixed C-C torsion / cyclic-ring torsional/out-of-plane deformation,delta(H20-C9-H21),angle,0.0012135740449763968,+,0.00041433653729771794,0.6729881358363181
6,179.69839060521167,,,mixed C-C torsion / cyclic-ring torsional/out-of-plane deformation,nu(C6-C7),bond,0.0012028472131937289,+,0.0006337609936965754,0.2851064531742666
6,179.69839060521167,,,mixed C-C torsion / cyclic-ring torsional/out-of-plane deformation,delta(H15-C6-H16),angle,0.0008440478714529156,+,0.00047219689822109904,0.3603864154338734
6,179.69839060521167,,,mixed C-C torsion / cyclic-ring torsional/out-of-plane deformation,nu(C8-H17),bond,0.0006709410570438943,-,-0.0004384623823445003,0.33225175462853057
6,179.69839060521167,,,mixed C-C torsion / cyclic-ring torsional/out-of-plane deformation,"gamma(H12;C1,H10,H11)",oop,0.0006276182326738226,-,-0.0005254505718772079,0.21641103722868646
6,179.69839060521167,,,mixed C-C torsion / cyclic-ring torsional/out-of-plane deformation,nu(C7-C8),bond,0.0005922100493072312,+,0.0004431041915145085,0.287151870291782
6,179.69839060521167,,,mixed C-C torsion / cyclic-ring torsional/out-of-plane deformation,nu(C4-H13),bond,0.0005731652585698292,+,0.00039374955693478425,0.351955126413533
6,179.69839060521167,,,mixed C-C torsion / cyclic-ring torsional/out-of-plane deformation,nu(C6-H16),bond,0.000544451123799507,-,-0.00038648854349002554,0.3470030099281011
6,179.69839060521167,,,mixed C-C torsion / cyclic-ring torsional/out-of-plane deformation,nu(C9-H20),bond,0.0004171452553948269,+,0.0003462795288962737,0.3311930886360174
6,179.69839060521167,,,mixed C-C torsion / cyclic-ring torsional/out-of-plane deformation,nu(C8-H18),bond,0.0002612929367276463,+,0.0002733881567554703,0.3328249452823529
6,179.69839060521167,,,mixed C-C torsion / cyclic-ring torsional/out-of-plane deformation,"gamma(H17;C8,H18,H19)",oop,9.365443732647738e-05,+,0.0001579165592904337,0.35753668248522347
6,179.69839060521167,,,mixed C-C torsion / cyclic-ring torsional/out-of-plane deformation,delta(C5-C6-H16),angle,8.249884188502118e-05,-,-0.00015272387370737864,0.33672982370377696
6,179.69839060521167,,,mixed C-C torsion / cyclic-ring torsional/out-of-plane deformation,nu(C1-H12),bond,6.710883388322878e-05,-,-0.00013708093732961205,0.33999548876067176
6,179.69839060521167,,,mixed C-C torsion / cyclic-ring torsional/out-of-plane deformation,delta(H10-C1-H11),angle,5.634035376195354e-05,-,-0.00014570426337809394,0.25265194351349923
6,179.69839060521167,,,mixed C-C torsion / cyclic-ring torsional/out-of-plane deformation,nu(C6-H15),bond,5.139202391237101e-05,-,-0.00012024956152291575,0.33835789268622185
6,179.69839060521167,,,mixed C-C torsion / cyclic-ring torsional/out-of-plane deformation,nu(C9-H21),bond,4.848395315405844e-05,+,0.00011724357246325931,0.33578982314146966
6,179.69839060521167,,,mixed C-C torsion / cyclic-ring torsional/out-of-plane deformation,nu(C5-H14),bond,3.1382294419918674e-05,+,9.339177935854579e-05,0.3425429122248566
6,179.69839060521167,,,mixed C-C torsion / cyclic-ring torsional/out-of-plane deformation,delta(C5-C4-H13),angle,1.756087748074166e-05,-,-8.612522032401722e-05,0.22538920624003742
6,179.69839060521167,,,mixed C-C torsion / cyclic-ring torsional/out-of-plane deformation,"gamma(H14;C5,C6,C9)",oop,1.649503059624457e-06,-,-2.7814570258051234e-05,0.2029812906968152
6,179.69839060521167,,,mixed C-C torsion / cyclic-ring torsional/out-of-plane deformation,nu(C8-H19),bond,1.584161930543884e-07,-,-6.7169028066287875e-06,0.3342789560628059
7,204.82977446784886,,,C-C torsion,tau(C2-C7-C8-H19),dihedral,22.998182776946706,+,0.1861687263801355,0.2789669960422185
7,204.82977446784886,,,C-C torsion,tau(C6-C7-C8-H18),dihedral,20.67628525168418,+,0.18548278350965539,0.25266091572024935
7,204.82977446784886,,,C-C torsion,tau(H12-C1-C2-C7),dihedral,20.007073726341766,-,-0.2227067175489993,0.16958588363924
7,204.82977446784886,,,C-C torsion,tau(H10-C1-C2-O3),dihedral,19.483814790891728,-,-0.21600502237394223,0.17555736525640764
7,204.82977446784886,,,C-C torsion,tau(C9-C7-C8-H17),dihedral,16.227927641786284,+,0.19886548713037425,0.1725110767453955
7,204.82977446784886,,,C-C torsion,tau(C8-C7-C9-C5),dihedral,0.2500803322809679,-,-0.01847684742848009,0.3079615894469893
7,204.82977446784886,,,C-C torsion,delta(O3-C4-C5),angle,0.048480296070792295,-,-0.0044398666155228556,1.033946761767908
7,204.82977446784886,,,C-C torsion,delta(C1-C2-C7),angle,0.0470145082877817,-,-0.007501038858156301,0.35128679741124474
7,204.82977446784886,,,C-C torsion,delta(C4-C5-C9),angle,0.044931343857234185,+,0.003541364835140831,1.506193701341896
7,204.82977446784886,,,C-C torsion,delta(O3-C2-C7),angle,0.03338457874894093,-,-0.0034343677283126916,1.1899400216449423
7,204.82977446784886,,,C-C torsion,delta(C2-C1-H12),angle,0.03159255323650048,-,-0.00660566736616355,0.3043855873378456
7,204.82977446784886,,,C-C torsion,tau(C2-C7-C9-H21),dihedral,0.030184159063075845,-,-0.004359714550026842,0.6676298268489548
7,204.82977446784886,,,C-C torsion,delta(C2-C1-H11),angle,0.01884191840023915,+,0.004628326149209574,0.36978557709159526
7,204.82977446784886,,,C-C torsion,tau(C1-C2-C7-C6),dihedral,0.018603527446982737,+,0.0053293995255947494,0.27536675168740415
7,204.82977446784886,,,C-C torsion,delta(C7-C8-H17),angle,0.013624924961615582,+,0.0034406816186490154,0.4838579761113301
7,204.82977446784886,,,C-C torsion,nu(C2-C7),bond,0.01340819014424786,-,-0.00420303612667927,0.31909255709522183
7,204.82977446784886,,,C-C torsion,"gamma(O3;C4,C5,H13)",oop,0.01164247628495498,+,0.006082280798277237,0.13230772126924695
7,204.82977446784886,,,C-C torsion,tau(C4-C5-C9-H20),dihedral,0.010375521709087331,+,0.0027577873348077387,0.5735366270754743
7,204.82977446784886,,,C-C torsion,delta(C7-C8-H19),angle,0.006953565138727119,+,0.0027915329478866136,0.37514120679903984
7,204.82977446784886,,,C-C torsion,nu(C4-C5),bond,0.005318230079585994,+,0.0027281950343394324,0.30039247824764354
7,204.82977446784886,,,C-C torsion,nu(C7-C9),bond,0.0037624967372621872,-,-0.0025837818477301073,0.23693935749874415
7,204.82977446784886,,,C-C torsion,nu(C6-C7),bond,0.0030360573601468906,+,0.002115864453826253,0.2851064531742666
7,204.82977446784886,,,C-C torsion,"gamma(H12;C1,H10,H11)",oop,0.0022714636014708575,-,-0.002100630020240567,0.21641103722868646
7,204.82977446784886,,,C-C torsion,nu(C2-O3),bond,0.0016361094437807111,+,0.0016536605487178424,0.25153149975958655
7,204.82977446784886,,,C-C torsion,nu(C5-C6),bond,0.0013152245273113157,+,0.0013127948587618589,0.3208329206887749
7,204.82977446784886,,,C-C torsion,delta(C5-C4-H13),angle,0.001293048776985712,+,0.0015530208161417998,0.22538920624003742
7,204.82977446784886,,,C-C torsion,nu(C2-C4),bond,0.0011180881681260339,-,-0.0009356529978447873,0.5369318728370088
7,204.82977446784886,,,C-C torsion,"gamma(C6;C7,C2,C9)",oop,0.0010012601620912047,-,-0.0005135932686159949,1.5958095173539286
7,204.82977446784886,,,C-C torsion,tau(O3-C2-C7-C6),dihedral,0.0009536176281299902,-,-0.0006896608527276205,0.8428996647092574
7,204.82977446784886,,,C-C torsion,nu(O3-C4),bond,0.0009235503928631387,+,0.0010175225089218633,0.375012122768873
7,204.82977446784886,,,C-C torsion,delta(C7-C6-H15),angle,0.0008949199870640452,-,-0.0011639613939564862,0.27770251683716846
7,204.82977446784886,,,C-C torsion,"gamma(H14;C5,C6,C9)",oop,0.0006458656136844439,+,0.0011565900629690238,0.2029812906968152
7,204.82977446784886,,,C-C torsion,"gamma(H21;C9,C5,C7)",oop,0.0005798462891526255,-,-0.00040815225778115347,1.4633264940362696
7,204.82977446784886,,,C-C torsion,delta(H10-C1-H11),angle,0.0004584472628055844,-,-0.0008734131983792298,0.25265194351349923
7,204.82977446784886,,,C-C torsion,delta(C5-C6-H15),angle,0.0004313405113926488,-,-0.0008053448849760228,0.27959487055579446
7,204.82977446784886,,,C-C torsion,nu(C1-H10),bond,0.00042955392193992566,+,0.0007347286729703605,0.33453107906648005
7,204.82977446784886,,,C-C torsion,nu(C1-H12),bond,0.00024876914958520916,-,-0.0005546232398757258,0.33999548876067176
7,204.82977446784886,,,C-C torsion,delta(H20-C9-H21),angle,0.0002312515999680429,-,-0.0003800800277121326,0.6729881358363181
7,204.82977446784886,,,C-C torsion,nu(C8-H18),bond,0.00022069858627286575,+,0.000527993068306351,0.3328249452823529
7,204.82977446784886,,,C-C torsion,nu(C1-C2),bond,0.00020176154627860922,-,-0.0005324931324091902,0.2991459555841769
7,204.82977446784886,,,C-C torsion,delta(H15-C6-H16),angle,0.00015634553811535366,+,0.0004270659237237917,0.3603864154338734
7,204.82977446784886,,,C-C torsion,nu(C6-H16),bond,0.00013839044303710988,-,-0.0004094706792336878,0.3470030099281011
7,204.82977446784886,,,C-C torsion,nu(C1-H11),bond,0.00012678680104619096,-,-0.0004001750599919034,0.3328486247653903
7,204.82977446784886,,,C-C torsion,nu(C8-H19),bond,5.545291266675108e-05,-,-0.0002640851876507741,0.3342789560628059
7,204.82977446784886,,,C-C torsion,tau(C2-C4-C5-H14),dihedral,4.4287982989876784e-05,-,-0.0003642624156473746,0.1403233470126861
7,204.82977446784886,,,C-C torsion,"gamma(H17;C8,H18,H19)",oop,2.771091511692222e-05,-,-0.00018051010173960274,0.35753668248522347
7,204.82977446784886,,,C-C torsion,nu(C7-C8),bond,1.8579288451062277e-05,-,-0.00016492826641344749,0.287151870291782
7,204.82977446784886,,,C-C torsion,delta(H18-C8-H19),angle,1.7086377458888427e-05,+,0.00014218658297691713,0.35530843806641327
7,204.82977446784886,,,C-C torsion,nu(C4-H13),bond,1.3056718822985139e-05,-,-0.00012488485047431325,0.351955126413533
7,204.82977446784886,,,C-C torsion,nu(C9-H20),bond,1.0121853363474191e-05,+,0.00011335110756905562,0.3311930886360174
7,204.82977446784886,,,C-C torsion,nu(C5-C9),bond,6.9474714742951e-06,+,0.00010617406178284543,0.25909716935407706
7,204.82977446784886,,,C-C torsion,nu(C9-H21),bond,5.284685119460729e-06,-,-8.13414992652261e-05,0.33578982314146966
7,204.82977446784886,,,C-C torsion,"gamma(C7;C9,H20,H21)",oop,3.4395783814714915e-06,+,5.826478545908088e-05,0.42595690951260695
7,204.82977446784886,,,C-C torsion,nu(C8-H17),bond,1.6241547421058658e-06,-,-4.533320672049389e-05,0.33225175462853057
7,204.82977446784886,,,C-C torsion,nu(C6-H15),bond,1.0327138088871169e-06,-,-3.582104212157385e-05,0.33835789268622185
7,204.82977446784886,,,C-C torsion,nu(C5-H14),bond,9.930067283280717e-08,-,-1.103964181429594e-05,0.3425429122248566
7,204.82977446784886,,,C-C torsion,delta(C5-C6-H16),angle,6.863701537147813e-08,+,9.257096343406468e-06,0.33672982370377696
8,217.19322824024857,,,C-C torsion,tau(C2-C7-C8-H19),dihedral,28.698113885332194,+,0.21701243345590554,0.2789669960422185
8,217.19322824024857,,,C-C torsion,tau(C6-C7-C8-H18),dihedral,24.4575475367671,+,0.21050953540732598,0.25266091572024935
8,217.19322824024857,,,C-C torsion,tau(C9-C7-C8-H17),dihedral,17.893713987592406,+,0.2179094704198915,0.1725110767453955
8,217.19322824024857,,,C-C torsion,tau(H12-C1-C2-C7),dihedral,13.481868146608438,+,0.190771959647354,0.16958588363924
8,217.19322824024857,,,C-C torsion,tau(H10-C1-C2-O3),dihedral,12.874291829260695,+,0.18322574658951407,0.17555736525640764
8,217.19322824024857,,,C-C torsion,tau(O3-C2-C7-C6),dihedral,1.088659220332734,-,-0.024316014268662346,0.8428996647092574
8,217.19322824024857,,,C-C torsion,tau(C1-C2-C7-C6),dihedral,0.7433141729944037,-,-0.0351531954325795,0.27536675168740415
8,217.19322824024857,,,C-C torsion,delta(O3-C4-C5),angle,0.18458112704291635,+,0.009040218149263682,1.033946761767908
8,217.19322824024857,,,C-C torsion,"gamma(C6;C7,C2,C9)",oop,0.10049182164505449,+,0.005369195116779912,1.5958095173539286
8,217.19322824024857,,,C-C torsion,delta(O3-C2-C7),angle,0.08287451153004707,-,-0.005646538681016925,1.1899400216449423
8,217.19322824024857,,,C-C torsion,tau(C2-C4-C5-H14),dihedral,0.061955297959266124,-,-0.014217021166327318,0.1403233470126861
8,217.19322824024857,,,C-C torsion,tau(C2-C7-C9-H21),dihedral,0.05665657388773706,+,0.006232921271820728,0.6676298268489548
8,217.19322824024857,,,C-C torsion,"gamma(H21;C9,C5,C7)",oop,0.04427073844468063,-,-0.0037215350854586434,1.4633264940362696
8,217.19322824024857,,,C-C torsion,delta(C2-C1-H12),angle,0.04191291892460011,+,0.007939556868948035,0.3043855873378456
8,217.19322824024857,,,C-C torsion,"gamma(O3;C4,C5,H13)",oop,0.03773612087292571,-,-0.011426688407951753,0.13230772126924695
8,217.19322824024857,,,C-C torsion,nu(O3-C4),bond,0.036486032301261344,+,0.006673828129376171,0.375012122768873
8,217.19322824024857,,,C-C torsion,nu(C2-O3),bond,0.021441448981860133,-,-0.006246909695203089,0.25153149975958655
8,217.19322824024857,,,C-C torsion,nu(C5-C9),bond,0.01667000863423695,+,0.005427138823302074,0.25909716935407706
8,217.19322824024857,,,C-C torsion,nu(C5-C6),bond,0.01336172714324847,-,-0.004366426856266466,0.3208329206887749
8,217.19322824024857,,,C-C torsion,delta(C7-C6-H15),angle,0.012433588388140918,-,-0.004527335587302769,0.27770251683716846
8,217.19322824024857,,,C-C torsion,nu(C2-C7),bond,0.010129730035617306,-,-0.0038121936271135978,0.31909255709522183
8,217.19322824024857,,,C-C torsion,tau(C8-C7-C9-C5),dihedral,0.007677072399676094,+,0.0033781886188843447,0.3079615894469893
8,217.19322824024857,,,C-C torsion,tau(C4-C5-C9-H20),dihedral,0.007155982781354793,-,-0.002389947808704299,0.5735366270754743
8,217.19322824024857,,,C-C torsion,nu(C2-C4),bond,0.006865417543250308,-,-0.002419403127927134,0.5369318728370088
8,217.19322824024857,,,C-C torsion,"gamma(C7;C9,H20,H21)",oop,0.005584241131320482,-,-0.0024498167539661274,0.42595690951260695
8,217.19322824024857,,,C-C torsion,delta(C7-C8-H17),angle,0.0029486371289101664,-,-0.0016702676325122713,0.4838579761113301
8,217.19322824024857,,,C-C torsion,delta(C4-C5-C9),angle,0.002707457956662795,+,0.0009071410072026316,1.506193701341896
8,217.19322824024857,,,C-C torsion,nu(C4-C5),bond,0.0024992511252641784,-,-0.0019516178146333585,0.30039247824764354
8,217.19322824024857,,,C-C torsion,delta(C7-C8-H19),angle,0.001607720040814934,+,0.001400690488837278,0.37514120679903984
8,217.19322824024857,,,C-C torsion,"gamma(H12;C1,H10,H11)",oop,0.0013717209779617197,+,0.0017034427392351368,0.21641103722868646
8,217.19322824024857,,,C-C torsion,nu(C6-C7),bond,0.0007340807880818714,+,0.0010856823009309788,0.2851064531742666
8,217.19322824024857,,,C-C torsion,delta(C5-C4-H13),angle,0.0005399507414292816,+,0.0010472367311375548,0.22538920624003742
8,217.19322824024857,,,C-C torsion,delta(C5-C6-H15),angle,0.0003685340855621805,+,0.0007767988672697682,0.27959487055579446
8,217.19322824024857,,,C-C torsion,delta(H18-C8-H19),angle,0.00028865894906137215,+,0.0006098515119219306,0.35530843806641327
8,217.19322824024857,,,C-C torsion,nu(C1-H12),bond,0.00025294453134460645,+,0.0005835934681314453,0.33999548876067176
8,217.19322824024857,,,C-C torsion,nu(C1-H10),bond,0.0001931227461235524,-,-0.0005140825127358605,0.33453107906648005
8,217.19322824024857,,,C-C torsion,nu(C7-C9),bond,0.00016757023860692377,+,0.0005690025246095494,0.23693935749874415
8,217.19322824024857,,,C-C torsion,nu(C7-C8),bond,8.285121533091603e-05,+,0.0003634360214329338,0.287151870291782
8,217.19322824024857,,,C-C torsion,nu(C4-H13),bond,8.057938151519017e-05,-,-0.0003237447017461462,0.351955126413533
8,217.19322824024857,,,C-C torsion,delta(C5-C6-H16),angle,7.877760920739553e-05,-,-0.00032726153211102193,0.33672982370377696
8,217.19322824024857,,,C-C torsion,"gamma(H17;C8,H18,H19)",oop,6.067486101818213e-05,+,0.0002787266175982337,0.35753668248522347
8,217.19322824024857,,,C-C torsion,nu(C8-H18),bond,5.801058667367033e-05,+,0.0002824750191019405,0.3328249452823529
8,217.19322824024857,,,C-C torsion,delta(H15-C6-H16),angle,5.310463302690236e-05,-,-0.0002597265534344698,0.3603864154338734
8,217.19322824024857,,,C-C torsion,delta(C1-C2-C7),angle,2.4053978675163955e-05,-,-0.0001770503947655934,0.35128679741124474
8,217.19322824024857,,,C-C torsion,delta(C2-C1-H11),angle,1.5143141513401204e-05,+,0.00013692014767322704,0.36978557709159526
8,217.19322824024857,,,C-C torsion,nu(C1-H11),bond,1.3568602607036712e-05,+,0.0001366087541477968,0.3328486247653903
8,217.19322824024857,,,C-C torsion,"gamma(H14;C5,C6,C9)",oop,1.3356565732565817e-05,+,0.00017356164215647757,0.2029812906968152
8,217.19322824024857,,,C-C torsion,nu(C1-C2),bond,9.046229890966182e-06,+,0.00011765939063820121,0.2991459555841769
8,217.19322824024857,,,C-C torsion,nu(C6-H16),bond,8.154167153129356e-06,+,0.00010371881266811,0.3470030099281011
8,217.19322824024857,,,C-C torsion,nu(C8-H17),bond,5.302856144486094e-06,-,-8.547825227957155e-05,0.33225175462853057
8,217.19322824024857,,,C-C torsion,nu(C9-H21),bond,4.676483327334419e-06,-,-7.98473087447239e-05,0.33578982314146966
8,217.19322824024857,,,C-C torsion,nu(C8-H19),bond,4.4670351704163015e-06,-,-7.82149045823436e-05,0.3342789560628059
8,217.19322824024857,,,C-C torsion,nu(C6-H15),bond,3.9322434504207095e-06,+,7.294010692945821e-05,0.33835789268622185
8,217.19322824024857,,,C-C torsion,nu(C5-H14),bond,3.7679890370166142e-06,-,-7.096295223848192e-05,0.3425429122248566
8,217.19322824024857,,,C-C torsion,delta(H10-C1-H11),angle,2.915248868932933e-06,-,-7.267931887396499e-05,0.25265194351349923
8,217.19322824024857,,,C-C torsion,nu(C9-H20),bond,2.7797940928724878e-06,+,6.198691657558363e-05,0.3311930886360174
8,217.19322824024857,,,C-C torsion,delta(H20-C9-H21),angle,2.049532565283517e-06,+,3.733860257434864e-05,0.6729881358363181
9,242.88474070268495,,,mixed C-C torsion / cyclic-ring torsional/out-of-plane deformation,tau(C6-C7-C8-H18),dihedral,29.417561058698446,+,0.08180723251860003,0.25266091572024935
9,242.88474070268495,,,mixed C-C torsion / cyclic-ring torsional/out-of-plane deformation,delta(C1-C2-C7),angle,15.055270575532159,+,0.04963302794257837,0.35128679741124474
9,242.88474070268495,,,mixed C-C torsion / cyclic-ring torsional/out-of-plane deformation,tau(C8-C7-C9-C5),dihedral,14.45133009016456,+,0.05193534686153771,0.3079615894469893
9,242.88474070268495,,,mixed C-C torsion / cyclic-ring torsional/out-of-plane deformation,tau(H10-C1-C2-O3),dihedral,14.19646211848739,-,-0.06817700815238276,0.17555736525640764
9,242.88474070268495,,,mixed C-C torsion / cyclic-ring torsional/out-of-plane deformation,tau(C2-C7-C8-H19),dihedral,9.440124848046176,+,0.04410317526775928,0.2789669960422185
9,242.88474070268495,,,mixed C-C torsion / cyclic-ring torsional/out-of-plane deformation,delta(C7-C8-H19),angle,2.3804641918766336,-,-0.01909812990524103,0.37514120679903984
9,242.88474070268495,,,mixed C-C torsion / cyclic-ring torsional/out-of-plane deformation,nu(C2-C7),bond,2.326744078115258,+,0.020472617560138216,0.31909255709522183
9,242.88474070268495,,,mixed C-C torsion / cyclic-ring torsional/out-of-plane deformation,tau(O3-C2-C7-C6),dihedral,2.0286863460918494,+,0.011761884618271125,0.8428996647092574
9,242.88474070268495,,,mixed C-C torsion / cyclic-ring torsional/out-of-plane deformation,tau(C1-C2-C7-C6),dihedral,1.8540650284812576,-,-0.01967270739918682,0.27536675168740415
9,242.88474070268495,,,mixed C-C torsion / cyclic-ring torsional/out-of-plane deformation,"gamma(C6;C7,C2,C9)",oop,1.6808035959980785,-,-0.007780819865086258,1.5958095173539286
9,242.88474070268495,,,mixed C-C torsion / cyclic-ring torsional/out-of-plane deformation,delta(C2-C1-H12),angle,1.5089282461523121,-,-0.016880280303132468,0.3043855873378456
9,242.88474070268495,,,mixed C-C torsion / cyclic-ring torsional/out-of-plane deformation,delta(C7-C8-H17),angle,1.446321799348306,+,0.013107833492105063,0.4838579761113301
9,242.88474070268495,,,mixed C-C torsion / cyclic-ring torsional/out-of-plane deformation,tau(H12-C1-C2-C7),dihedral,1.4434321589278234,-,-0.022118758215988524,0.16958588363924
9,242.88474070268495,,,mixed C-C torsion / cyclic-ring torsional/out-of-plane deformation,delta(C2-C1-H11),angle,0.6173598424517022,+,0.009796063830348365,0.36978557709159526
9,242.88474070268495,,,mixed C-C torsion / cyclic-ring torsional/out-of-plane deformation,delta(O3-C2-C7),angle,0.3468379549111761,-,-0.00409315484859032,1.1899400216449423
9,242.88474070268495,,,mixed C-C torsion / cyclic-ring torsional/out-of-plane deformation,tau(C9-C7-C8-H17),dihedral,0.33654550084651286,+,0.010589386595413853,0.1725110767453955
9,242.88474070268495,,,mixed C-C torsion / cyclic-ring torsional/out-of-plane deformation,"gamma(C7;C9,H20,H21)",oop,0.2671251163623768,+,0.006003878994547459,0.42595690951260695
9,242.88474070268495,,,mixed C-C torsion / cyclic-ring torsional/out-of-plane deformation,nu(C4-C5),bond,0.16696305946395842,-,-0.005652272253272623,0.30039247824764354
9,242.88474070268495,,,mixed C-C torsion / cyclic-ring torsional/out-of-plane deformation,nu(O3-C4),bond,0.15546012147514154,-,-0.004881398349622971,0.375012122768873
9,242.88474070268495,,,mixed C-C torsion / cyclic-ring torsional/out-of-plane deformation,"gamma(H21;C9,C5,C7)",oop,0.11932500322773368,+,0.0021649731355526955,1.4633264940362696
9,242.88474070268495,,,mixed C-C torsion / cyclic-ring torsional/out-of-plane deformation,delta(C7-C6-H15),angle,0.1111175356609171,-,-0.004795774949506663,0.27770251683716846
9,242.88474070268495,,,mixed C-C torsion / cyclic-ring torsional/out-of-plane deformation,nu(C2-O3),bond,0.09062999372711895,+,0.004550898893640513,0.25153149975958655
9,242.88474070268495,,,mixed C-C torsion / cyclic-ring torsional/out-of-plane deformation,nu(C7-C9),bond,0.07302123496410229,-,-0.004208849395651035,0.23693935749874415
9,242.88474070268495,,,mixed C-C torsion / cyclic-ring torsional/out-of-plane deformation,nu(C1-C2),bond,0.06436897392011452,+,0.003516852285480336,0.2991459555841769
9,242.88474070268495,,,mixed C-C torsion / cyclic-ring torsional/out-of-plane deformation,tau(C4-C5-C9-H20),dihedral,0.05890290111811366,+,0.002429658109324314,0.5735366270754743
9,242.88474070268495,,,mixed C-C torsion / cyclic-ring torsional/out-of-plane deformation,nu(C5-C9),bond,0.05401331011395972,-,-0.003461596671184785,0.25909716935407706
9,242.88474070268495,,,mixed C-C torsion / cyclic-ring torsional/out-of-plane deformation,nu(C2-C4),bond,0.04252867062377445,+,0.0021337263158207323,0.5369318728370088
9,242.88474070268495,,,mixed C-C torsion / cyclic-ring torsional/out-of-plane deformation,"gamma(H14;C5,C6,C9)",oop,0.04209489940687461,-,-0.0034525830597908398,0.2029812906968152
9,242.88474070268495,,,mixed C-C torsion / cyclic-ring torsional/out-of-plane deformation,nu(C5-C6),bond,0.036431144065433185,-,-0.0025547849237320033,0.3208329206887749
9,242.88474070268495,,,mixed C-C torsion / cyclic-ring torsional/out-of-plane deformation,nu(C6-C7),bond,0.026383033795714234,+,0.002306302370501025,0.2851064531742666
9,242.88474070268495,,,mixed C-C torsion / cyclic-ring torsional/out-of-plane deformation,tau(C2-C7-C9-H21),dihedral,0.02396563788962497,-,-0.0014364285659260634,0.6676298268489548
9,242.88474070268495,,,mixed C-C torsion / cyclic-ring torsional/out-of-plane deformation,delta(H10-C1-H11),angle,0.02225199197935528,+,0.0022499896888306613,0.25265194351349923
9,242.88474070268495,,,mixed C-C torsion / cyclic-ring torsional/out-of-plane deformation,nu(C7-C8),bond,0.01637402334151238,+,0.001810419755738664,0.287151870291782
9,242.88474070268495,,,mixed C-C torsion / cyclic-ring torsional/out-of-plane deformation,delta(C4-C5-C9),angle,0.015164804899046562,+,0.0007607385111640134,1.506193701341896
9,242.88474070268495,,,mixed C-C torsion / cyclic-ring torsional/out-of-plane deformation,delta(C5-C6-H15),angle,0.013215227079332047,+,0.0016482766921265643,0.27959487055579446
9,242.88474070268495,,,mixed C-C torsion / cyclic-ring torsional/out-of-plane deformation,"gamma(H17;C8,H18,H19)",oop,0.013084307723025088,-,-0.0014503488465105352,0.35753668248522347
9,242.88474070268495,,,mixed C-C torsion / cyclic-ring torsional/out-of-plane deformation,tau(C2-C4-C5-H14),dihedral,0.012729134181354601,+,0.0022834518954589493,0.1403233470126861
9,242.88474070268495,,,mixed C-C torsion / cyclic-ring torsional/out-of-plane deformation,delta(C5-C4-H13),angle,0.011540056996188116,-,-0.0017155161939704827,0.22538920624003742
9,242.88474070268495,,,mixed C-C torsion / cyclic-ring torsional/out-of-plane deformation,delta(H20-C9-H21),angle,0.007838688072452997,-,-0.0008182299827934969,0.6729881358363181
9,242.88474070268495,,,mixed C-C torsion / cyclic-ring torsional/out-of-plane deformation,nu(C8-H18),bond,0.005231930115007153,+,0.000950561969115551,0.3328249452823529
9,242.88474070268495,,,mixed C-C torsion / cyclic-ring torsional/out-of-plane deformation,delta(H18-C8-H19),angle,0.00473680533093777,-,-0.0008753815921167817,0.35530843806641327
9,242.88474070268495,,,mixed C-C torsion / cyclic-ring torsional/out-of-plane deformation,nu(C8-H19),bond,0.0030952680528466294,+,0.0007295448838582103,0.3342789560628059
9,242.88474070268495,,,mixed C-C torsion / cyclic-ring torsional/out-of-plane deformation,delta(O3-C4-C5),angle,0.0025138374257708163,+,0.00037383237280630665,1.033946761767908
9,242.88474070268495,,,mixed C-C torsion / cyclic-ring torsional/out-of-plane deformation,nu(C8-H17),bond,0.0021238874969880463,-,-0.0006061631271660656,0.33225175462853057
9,242.88474070268495,,,mixed C-C torsion / cyclic-ring torsional/out-of-plane deformation,nu(C1-H12),bond,0.00186172681747377,+,0.0005610205920661098,0.33999548876067176
9,242.88474070268495,,,mixed C-C torsion / cyclic-ring torsional/out-of-plane deformation,nu(C4-H13),bond,0.0013964660782265297,+,0.00047756110656606857,0.351955126413533
9,242.88474070268495,,,mixed C-C torsion / cyclic-ring torsional/out-of-plane deformation,nu(C6-H16),bond,0.001154994314852868,-,-0.00043740193955928386,0.3470030099281011
9,242.88474070268495,,,mixed C-C torsion / cyclic-ring torsional/out-of-plane deformation,nu(C1-H10),bond,0.0009855739513431737,+,0.00041151320402528106,0.33453107906648005
9,242.88474070268495,,,mixed C-C torsion / cyclic-ring torsional/out-of-plane deformation,"gamma(H12;C1,H10,H11)",oop,0.0007196251364875912,+,0.000437190645969899,0.21641103722868646
9,242.88474070268495,,,mixed C-C torsion / cyclic-ring torsional/out-of-plane deformation,delta(C5-C6-H16),angle,0.0003219447881476193,+,0.0002344268274065637,0.33672982370377696
9,242.88474070268495,,,mixed C-C torsion / cyclic-ring torsional/out-of-plane deformation,nu(C1-H11),bond,0.00012917339577304425,-,-0.0001493552719817303,0.3328486247653903
9,242.88474070268495,,,mixed C-C torsion / cyclic-ring torsional/out-of-plane deformation,nu(C9-H21),bond,0.00012579572687140337,+,0.0001467427257187014,0.33578982314146966
9,242.88474070268495,,,mixed C-C torsion / cyclic-ring torsional/out-of-plane deformation,nu(C5-H14),bond,7.014251744503104e-05,+,0.00010849021846975642,0.3425429122248566
9,242.88474070268495,,,mixed C-C torsion / cyclic-ring torsional/out-of-plane deformation,delta(H15-C6-H16),angle,4.1292702175453196e-05,-,-8.115398456379903e-05,0.3603864154338734
9,242.88474070268495,,,mixed C-C torsion / cyclic-ring torsional/out-of-plane deformation,nu(C6-H15),bond,1.4521143971457539e-05,-,-4.966719826730479e-05,0.33835789268622185
9,242.88474070268495,,,mixed C-C torsion / cyclic-ring torsional/out-of-plane deformation,nu(C9-H20),bond,9.382796291448494e-06,+,4.035365839711735e-05,0.3311930886360174
9,242.88474070268495,,,mixed C-C torsion / cyclic-ring torsional/out-of-plane deformation,"gamma(O3;C4,C5,H13)",oop,1.327992521038724e-06,+,2.4019425846113324e-05,0.13230772126924695
10,290.64706662026816,,,mixed C-C torsion / cyclic-ring torsional/out-of-plane deformation,tau(C1-C2-C7-C6),dihedral,18.239819913223613,-,-0.07380612738702362,0.27536675168740415
10,290.64706662026816,,,mixed C-C torsion / cyclic-ring torsional/out-of-plane deformation,tau(C6-C7-C8-H18),dihedral,15.114032465654397,+,0.07013891423822376,0.25266091572024935
10,290.64706662026816,,,mixed C-C torsion / cyclic-ring torsional/out-of-plane deformation,delta(O3-C2-C7),angle,9.88867770725373,+,0.02614234078336341,1.1899400216449423
10,290.64706662026816,,,mixed C-C torsion / cyclic-ring torsional/out-of-plane deformation,delta(C1-C2-C7),angle,8.652058357287455,-,-0.045005615166935166,0.35128679741124474
10,290.64706662026816,,,mixed C-C torsion / cyclic-ring torsional/out-of-plane deformation,tau(C2-C7-C8-H19),dihedral,6.4438544830215525,-,-0.04358472854672223,0.2789669960422185
10,290.64706662026816,,,mixed C-C torsion / cyclic-ring torsional/out-of-plane deformation,delta(C7-C8-H17),angle,5.611461877724441,+,0.030882820153298254,0.4838579761113301
10,290.64706662026816,,,mixed C-C torsion / cyclic-ring torsional/out-of-plane deformation,tau(C9-C7-C8-H17),dihedral,4.8635497570251465,+,0.04815108580601028,0.1725110767453955
10,290.64706662026816,,,mixed C-C torsion / cyclic-ring torsional/out-of-plane deformation,tau(H10-C1-C2-O3),dihedral,4.201929443180081,-,-0.044366252526160596,0.17555736525640764
10,290.64706662026816,,,mixed C-C torsion / cyclic-ring torsional/out-of-plane deformation,delta(C4-C5-C9),angle,4.135205696896259,-,-0.015026091923569447,1.506193701341896
10,290.64706662026816,,,mixed C-C torsion / cyclic-ring torsional/out-of-plane deformation,delta(O3-C4-C5),angle,4.053837788641951,+,0.017956512444934056,1.033946761767908
10,290.64706662026816,,,mixed C-C torsion / cyclic-ring torsional/out-of-plane deformation,tau(H12-C1-C2-C7),dihedral,3.3717448243466626,+,0.04043620564983294,0.16958588363924
10,290.64706662026816,,,mixed C-C torsion / cyclic-ring torsional/out-of-plane deformation,tau(C4-C5-C9-H20),dihedral,3.3413048694396745,-,-0.0218884681596926,0.5735366270754743
10,290.64706662026816,,,mixed C-C torsion / cyclic-ring torsional/out-of-plane deformation,tau(C2-C7-C9-H21),dihedral,3.187767675206388,+,0.01981587992541416,0.6676298268489548
10,290.64706662026816,,,mixed C-C torsion / cyclic-ring torsional/out-of-plane deformation,tau(C8-C7-C9-C5),dihedral,2.7807198678183704,-,-0.027250108755206753,0.3079615894469893
10,290.64706662026816,,,mixed C-C torsion / cyclic-ring torsional/out-of-plane deformation,"gamma(O3;C4,C5,H13)",oop,1.1023249163815412,-,-0.02617580902121991,0.13230772126924695
10,290.64706662026816,,,mixed C-C torsion / cyclic-ring torsional/out-of-plane deformation,delta(C2-C1-H11),angle,0.7898803670213006,+,0.013253896404869042,0.36978557709159526
10,290.64706662026816,,,mixed C-C torsion / cyclic-ring torsional/out-of-plane deformation,nu(C7-C9),bond,0.7541628020348884,-,-0.016179006399076278,0.23693935749874415
10,290.64706662026816,,,mixed C-C torsion / cyclic-ring torsional/out-of-plane deformation,delta(C2-C1-H12),angle,0.6529583617114311,+,0.013282156640385361,0.3043855873378456
10,290.64706662026816,,,mixed C-C torsion / cyclic-ring torsional/out-of-plane deformation,"gamma(C7;C9,H20,H21)",oop,0.5872699383595934,+,0.010648144784535652,0.42595690951260695
10,290.64706662026816,,,mixed C-C torsion / cyclic-ring torsional/out-of-plane deformation,delta(C7-C8-H19),angle,0.5214342275689978,-,-0.010691540324274383,0.37514120679903984
10,290.64706662026816,,,mixed C-C torsion / cyclic-ring torsional/out-of-plane deformation,"gamma(H21;C9,C5,C7)",oop,0.45712143423774215,-,-0.005068542251598887,1.4633264940362696
10,290.64706662026816,,,mixed C-C torsion / cyclic-ring torsional/out-of-plane deformation,tau(O3-C2-C7-C6),dihedral,0.2587637947157258,+,0.005024602514053407,0.8428996647092574
10,290.64706662026816,,,mixed C-C torsion / cyclic-ring torsional/out-of-plane deformation,nu(C2-O3),bond,0.15368578278317502,+,0.007088568700315059,0.25153149975958655
10,290.64706662026816,,,mixed C-C torsion / cyclic-ring torsional/out-of-plane deformation,delta(C5-C4-H13),angle,0.11930772205820223,-,-0.006597898284561265,0.22538920624003742
10,290.64706662026816,,,mixed C-C torsion / cyclic-ring torsional/out-of-plane deformation,delta(H18-C8-H19),angle,0.10945278545231248,-,-0.0050332504914564705,0.35530843806641327
10,290.64706662026816,,,mixed C-C torsion / cyclic-ring torsional/out-of-plane deformation,delta(C7-C6-H15),angle,0.10772933576777878,+,0.0056482638942573085,0.27770251683716846
10,290.64706662026816,,,mixed C-C torsion / cyclic-ring torsional/out-of-plane deformation,nu(C5-C6),bond,0.10007137092110732,+,0.005064695717420743,0.3208329206887749
10,290.64706662026816,,,mixed C-C torsion / cyclic-ring torsional/out-of-plane deformation,nu(C1-C2),bond,0.09394478392278234,-,-0.005081976638549666,0.2991459555841769
10,290.64706662026816,,,mixed C-C torsion / cyclic-ring torsional/out-of-plane deformation,delta(C5-C6-H16),angle,0.06338808459992486,-,-0.003934603003449101,0.33672982370377696
10,290.64706662026816,,,mixed C-C torsion / cyclic-ring torsional/out-of-plane deformation,nu(C4-C5),bond,0.038681116306726916,-,-0.003254189719576541,0.30039247824764354
10,290.64706662026816,,,mixed C-C torsion / cyclic-ring torsional/out-of-plane deformation,nu(C5-C9),bond,0.0383950567088096,-,-0.00349095474358154,0.25909716935407706
10,290.64706662026816,,,mixed C-C torsion / cyclic-ring torsional/out-of-plane deformation,delta(H10-C1-H11),angle,0.02709623458914501,-,-0.0029698262819896596,0.25265194351349923
10,290.64706662026816,,,mixed C-C torsion / cyclic-ring torsional/out-of-plane deformation,nu(C7-C8),bond,0.02222854842849096,+,0.002523118356080441,0.287151870291782
10,290.64706662026816,,,mixed C-C torsion / cyclic-ring torsional/out-of-plane deformation,tau(C2-C4-C5-H14),dihedral,0.02192751207184796,-,-0.0035848220981526476,0.1403233470126861
10,290.64706662026816,,,mixed C-C torsion / cyclic-ring torsional/out-of-plane deformation,nu(C6-C7),bond,0.02028195033153903,+,0.0024187402399844533,0.2851064531742666
10,290.64706662026816,,,mixed C-C torsion / cyclic-ring torsional/out-of-plane deformation,nu(O3-C4),bond,0.012763218745046807,-,-0.0016729977192295102,0.375012122768873
10,290.64706662026816,,,mixed C-C torsion / cyclic-ring torsional/out-of-plane deformation,nu(C2-C4),bond,0.011589057471564003,-,-0.001332301025009993,0.5369318728370088
10,290.64706662026816,,,mixed C-C torsion / cyclic-ring torsional/out-of-plane deformation,"gamma(H17;C8,H18,H19)",oop,0.009479626621513935,-,-0.0014766351733936113,0.35753668248522347
10,290.64706662026816,,,mixed C-C torsion / cyclic-ring torsional/out-of-plane deformation,delta(H20-C9-H21),angle,0.008790715507315942,-,-0.0010364451050202076,0.6729881358363181
10,290.64706662026816,,,mixed C-C torsion / cyclic-ring torsional/out-of-plane deformation,nu(C2-C7),bond,0.007776671599840202,-,-0.0014157169729096801,0.31909255709522183
10,290.64706662026816,,,mixed C-C torsion / cyclic-ring torsional/out-of-plane deformation,"gamma(H14;C5,C6,C9)",oop,0.005121286778347593,-,-0.0014404541503127534,0.2029812906968152
10,290.64706662026816,,,mixed C-C torsion / cyclic-ring torsional/out-of-plane deformation,nu(C8-H17),bond,0.005113669260086331,-,-0.0011250467575637357,0.33225175462853057
10,290.64706662026816,,,mixed C-C torsion / cyclic-ring torsional/out-of-plane deformation,nu(C6-H16),bond,0.003504838764225334,+,0.0009113921781501896,0.3470030099281011
10,290.64706662026816,,,mixed C-C torsion / cyclic-ring torsional/out-of-plane deformation,delta(C5-C6-H15),angle,0.0021435404953355276,-,-0.0007940340797615504,0.27959487055579446
10,290.64706662026816,,,mixed C-C torsion / cyclic-ring torsional/out-of-plane deformation,nu(C1-H10),bond,0.0016344085545477237,+,0.0006338696730840742,0.33453107906648005
10,290.64706662026816,,,mixed C-C torsion / cyclic-ring torsional/out-of-plane deformation,"gamma(H12;C1,H10,H11)",oop,0.0013393317324522545,+,0.0007134150587766393,0.21641103722868646
10,290.64706662026816,,,mixed C-C torsion / cyclic-ring torsional/out-of-plane deformation,nu(C4-H13),bond,0.0010801095784661154,+,0.000502375159676947,0.351955126413533
10,290.64706662026816,,,mixed C-C torsion / cyclic-ring torsional/out-of-plane deformation,delta(H15-C6-H16),angle,0.0009467622278377485,+,0.00046480859646760977,0.3603864154338734
10,290.64706662026816,,,mixed C-C torsion / cyclic-ring torsional/out-of-plane deformation,nu(C1-H11),bond,0.0006694524618570218,-,-0.00040670019834841264,0.3328486247653903
10,290.64706662026816,,,mixed C-C torsion / cyclic-ring torsional/out-of-plane deformation,nu(C9-H21),bond,0.0004640363383322286,+,0.0003371165912196862,0.33578982314146966
10,290.64706662026816,,,mixed C-C torsion / cyclic-ring torsional/out-of-plane deformation,nu(C8-H18),bond,0.0004541658398099982,+,0.00033499412785422577,0.3328249452823529
10,290.64706662026816,,,mixed C-C torsion / cyclic-ring torsional/out-of-plane deformation,"gamma(C6;C7,C2,C9)",oop,0.00042714908662515484,+,0.00014836693047281317,1.5958095173539286
10,290.64706662026816,,,mixed C-C torsion / cyclic-ring torsional/out-of-plane deformation,nu(C9-H20),bond,0.00025733968180368495,+,0.0002527846179020628,0.3311930886360174
10,290.64706662026816,,,mixed C-C torsion / cyclic-ring torsional/out-of-plane deformation,nu(C8-H19),bond,0.00021284847793695823,+,0.00022883299883826087,0.3342789560628059
10,290.64706662026816,,,mixed C-C torsion / cyclic-ring torsional/out-of-plane deformation,nu(C5-H14),bond,9.192810056766195e-05,-,-0.00014856090853868875,0.3425429122248566
10,290.64706662026816,,,mixed C-C torsion / cyclic-ring torsional/out-of-plane deformation,nu(C6-H15),bond,3.959536934506148e-05,-,-9.81006623518796e-05,0.33835789268622185
10,290.64706662026816,,,mixed C-C torsion / cyclic-ring torsional/out-of-plane deformation,nu(C1-H12),bond,2.9394614360541468e-05,-,-8.432089397364112e-05,0.33999548876067176
11,342.2958947851117,,,mixed cyclic-ring torsional/out-of-plane deformation / ring-site C-H out-of-plane bending,tau(C8-C7-C9-C5),dihedral,27.90693103856075,+,0.1053956452399458,0.3079615894469893
11,342.2958947851117,,,mixed cyclic-ring torsional/out-of-plane deformation / ring-site C-H out-of-plane bending,tau(C2-C7-C8-H19),dihedral,9.885645633930432,+,0.06590843658732887,0.2789669960422185
11,342.2958947851117,,,mixed cyclic-ring torsional/out-of-plane deformation / ring-site C-H out-of-plane bending,delta(C1-C2-C7),angle,9.056774033132275,-,-0.05621739997046681,0.35128679741124474
11,342.2958947851117,,,mixed cyclic-ring torsional/out-of-plane deformation / ring-site C-H out-of-plane bending,tau(C4-C5-C9-H20),dihedral,8.522749374686919,-,-0.04267997765450582,0.5735366270754743
11,342.2958947851117,,,mixed cyclic-ring torsional/out-of-plane deformation / ring-site C-H out-of-plane bending,delta(C4-C5-C9),angle,7.381353132041757,-,-0.02450995317264548,1.506193701341896
11,342.2958947851117,,,mixed cyclic-ring torsional/out-of-plane deformation / ring-site C-H out-of-plane bending,tau(C2-C7-C9-H21),dihedral,7.098494093729129,+,0.03610190764093893,0.6676298268489548
11,342.2958947851117,,,mixed cyclic-ring torsional/out-of-plane deformation / ring-site C-H out-of-plane bending,tau(C1-C2-C7-C6),dihedral,4.958597397442463,+,0.04698276552757333,0.27536675168740415
11,342.2958947851117,,,mixed cyclic-ring torsional/out-of-plane deformation / ring-site C-H out-of-plane bending,tau(O3-C2-C7-C6),dihedral,3.642102555539857,+,0.02301457971631694,0.8428996647092574
11,342.2958947851117,,,mixed cyclic-ring torsional/out-of-plane deformation / ring-site C-H out-of-plane bending,delta(O3-C2-C7),angle,3.5686049580052135,+,0.019173509151807603,1.1899400216449423
11,342.2958947851117,,,mixed cyclic-ring torsional/out-of-plane deformation / ring-site C-H out-of-plane bending,nu(C6-C7),bond,2.5628823533129963,-,-0.033195232538515744,0.2851064531742666
11,342.2958947851117,,,mixed cyclic-ring torsional/out-of-plane deformation / ring-site C-H out-of-plane bending,tau(C6-C7-C8-H18),dihedral,2.119917689092299,+,0.032070473352021345,0.25266091572024935
11,342.2958947851117,,,mixed cyclic-ring torsional/out-of-plane deformation / ring-site C-H out-of-plane bending,"gamma(H21;C9,C5,C7)",oop,2.119692520184403,-,-0.013325414264722222,1.4633264940362696
11,342.2958947851117,,,mixed cyclic-ring torsional/out-of-plane deformation / ring-site C-H out-of-plane bending,delta(C7-C8-H19),angle,1.6575684527073067,-,-0.023273047413117406,0.37514120679903984
11,342.2958947851117,,,mixed cyclic-ring torsional/out-of-plane deformation / ring-site C-H out-of-plane bending,delta(C2-C1-H12),angle,1.5880089878175456,+,0.02528886507334632,0.3043855873378456
11,342.2958947851117,,,mixed cyclic-ring torsional/out-of-plane deformation / ring-site C-H out-of-plane bending,tau(H12-C1-C2-C7),dihedral,1.3518909131044727,-,-0.031260137121864685,0.16958588363924
11,342.2958947851117,,,mixed cyclic-ring torsional/out-of-plane deformation / ring-site C-H out-of-plane bending,delta(C2-C1-H11),angle,1.030183047390907,-,-0.018479793713195088,0.36978557709159526
11,342.2958947851117,,,mixed cyclic-ring torsional/out-of-plane deformation / ring-site C-H out-of-plane bending,tau(C9-C7-C8-H17),dihedral,1.0194375941079197,-,-0.026914525846056376,0.1725110767453955
11,342.2958947851117,,,mixed cyclic-ring torsional/out-of-plane deformation / ring-site C-H out-of-plane bending,delta(C7-C8-H17),angle,0.7015600934779838,-,-0.01333178772420673,0.4838579761113301
11,342.2958947851117,,,mixed cyclic-ring torsional/out-of-plane deformation / ring-site C-H out-of-plane bending,nu(C2-C4),bond,0.565778801013972,+,0.011365240928409242,0.5369318728370088
11,342.2958947851117,,,mixed cyclic-ring torsional/out-of-plane deformation / ring-site C-H out-of-plane bending,"gamma(C6;C7,C2,C9)",oop,0.5372009426488493,+,0.0064238110956306126,1.5958095173539286
11,342.2958947851117,,,mixed cyclic-ring torsional/out-of-plane deformation / ring-site C-H out-of-plane bending,nu(O3-C4),bond,0.49763945665760034,-,-0.012754095179692122,0.375012122768873
11,342.2958947851117,,,mixed cyclic-ring torsional/out-of-plane deformation / ring-site C-H out-of-plane bending,nu(C7-C9),bond,0.33275347622287393,+,0.0131207179860529,0.23693935749874415
11,342.2958947851117,,,mixed cyclic-ring torsional/out-of-plane deformation / ring-site C-H out-of-plane bending,nu(C2-O3),bond,0.31786754229615655,+,0.0124463441529741,0.25153149975958655
11,342.2958947851117,,,mixed cyclic-ring torsional/out-of-plane deformation / ring-site C-H out-of-plane bending,delta(C5-C4-H13),angle,0.27122357049388834,-,-0.012145406668328331,0.22538920624003742
11,342.2958947851117,,,mixed cyclic-ring torsional/out-of-plane deformation / ring-site C-H out-of-plane bending,delta(O3-C4-C5),angle,0.21953339842553943,+,0.005101714076795594,1.033946761767908
11,342.2958947851117,,,mixed cyclic-ring torsional/out-of-plane deformation / ring-site C-H out-of-plane bending,tau(C2-C4-C5-H14),dihedral,0.20345999063114212,+,0.013331820147163359,0.1403233470126861
11,342.2958947851117,,,mixed cyclic-ring torsional/out-of-plane deformation / ring-site C-H out-of-plane bending,"gamma(C7;C9,H20,H21)",oop,0.18861704842032337,-,-0.007367540674214141,0.42595690951260695
11,342.2958947851117,,,mixed cyclic-ring torsional/out-of-plane deformation / ring-site C-H out-of-plane bending,tau(H10-C1-C2-O3),dihedral,0.17050536231814625,+,0.010911247258036674,0.17555736525640764
11,342.2958947851117,,,mixed cyclic-ring torsional/out-of-plane deformation / ring-site C-H out-of-plane bending,nu(C5-C6),bond,0.10299478566623094,-,-0.0062731122708020665,0.3208329206887749
11,342.2958947851117,,,mixed cyclic-ring torsional/out-of-plane deformation / ring-site C-H out-of-plane bending,"gamma(H14;C5,C6,C9)",oop,0.0830046858788224,-,-0.00708008063544174,0.2029812906968152
11,342.2958947851117,,,mixed cyclic-ring torsional/out-of-plane deformation / ring-site C-H out-of-plane bending,nu(C4-C5),bond,0.06916798787443725,+,0.005312793644557016,0.30039247824764354
11,342.2958947851117,,,mixed cyclic-ring torsional/out-of-plane deformation / ring-site C-H out-of-plane bending,delta(C7-C6-H15),angle,0.06663246009903637,-,-0.005423353581267974,0.27770251683716846
11,342.2958947851117,,,mixed cyclic-ring torsional/out-of-plane deformation / ring-site C-H out-of-plane bending,delta(C5-C6-H16),angle,0.05430642938699618,+,0.004446309978923843,0.33672982370377696
11,342.2958947851117,,,mixed cyclic-ring torsional/out-of-plane deformation / ring-site C-H out-of-plane bending,delta(H10-C1-H11),angle,0.04598697015216678,-,-0.004723576795161151,0.25265194351349923
11,342.2958947851117,,,mixed cyclic-ring torsional/out-of-plane deformation / ring-site C-H out-of-plane bending,"gamma(H12;C1,H10,H11)",oop,0.01957349217886578,-,-0.003329732603985125,0.21641103722868646
11,342.2958947851117,,,mixed cyclic-ring torsional/out-of-plane deformation / ring-site C-H out-of-plane bending,nu(C1-C2),bond,0.015366102464000218,-,-0.002509315089528727,0.2991459555841769
11,342.2958947851117,,,mixed cyclic-ring torsional/out-of-plane deformation / ring-site C-H out-of-plane bending,delta(H20-C9-H21),angle,0.014418136038790169,+,0.0016205624027557008,0.6729881358363181
11,342.2958947851117,,,mixed cyclic-ring torsional/out-of-plane deformation / ring-site C-H out-of-plane bending,delta(H18-C8-H19),angle,0.011014707215120986,+,0.001949389496116793,0.35530843806641327
11,342.2958947851117,,,mixed cyclic-ring torsional/out-of-plane deformation / ring-site C-H out-of-plane bending,nu(C6-H16),bond,0.00828268936010961,+,0.001710542895175048,0.3470030099281011
11,342.2958947851117,,,mixed cyclic-ring torsional/out-of-plane deformation / ring-site C-H out-of-plane bending,nu(C5-C9),bond,0.005810877178534609,+,0.0016580759403296758,0.25909716935407706
11,342.2958947851117,,,mixed cyclic-ring torsional/out-of-plane deformation / ring-site C-H out-of-plane bending,delta(C5-C6-H15),angle,0.004912061196311117,+,0.0014675137807258717,0.27959487055579446
11,342.2958947851117,,,mixed cyclic-ring torsional/out-of-plane deformation / ring-site C-H out-of-plane bending,"gamma(H17;C8,H18,H19)",oop,0.0039056415412621736,+,0.0011571796596651425,0.35753668248522347
11,342.2958947851117,,,mixed cyclic-ring torsional/out-of-plane deformation / ring-site C-H out-of-plane bending,delta(H15-C6-H16),angle,0.003287554666311078,-,-0.0010574678904758522,0.3603864154338734
11,342.2958947851117,,,mixed cyclic-ring torsional/out-of-plane deformation / ring-site C-H out-of-plane bending,nu(C8-H18),bond,0.002988179629674166,-,-0.0010490841350447536,0.3328249452823529
11,342.2958947851117,,,mixed cyclic-ring torsional/out-of-plane deformation / ring-site C-H out-of-plane bending,nu(C2-C7),bond,0.0025119124797667444,+,0.000982333191117369,0.31909255709522183
11,342.2958947851117,,,mixed cyclic-ring torsional/out-of-plane deformation / ring-site C-H out-of-plane bending,nu(C4-H13),bond,0.0019071150047225173,+,0.0008150039197639569,0.351955126413533
11,342.2958947851117,,,mixed cyclic-ring torsional/out-of-plane deformation / ring-site C-H out-of-plane bending,nu(C1-H11),bond,0.0013384708254131404,+,0.0007020951529487252,0.3328486247653903
11,342.2958947851117,,,mixed cyclic-ring torsional/out-of-plane deformation / ring-site C-H out-of-plane bending,nu(C8-H17),bond,0.0013224859942038486,+,0.0006985167146280973,0.33225175462853057
11,342.2958947851117,,,mixed cyclic-ring torsional/out-of-plane deformation / ring-site C-H out-of-plane bending,nu(C6-H15),bond,0.001219854712408708,+,0.000664784372986695,0.33835789268622185
11,342.2958947851117,,,mixed cyclic-ring torsional/out-of-plane deformation / ring-site C-H out-of-plane bending,nu(C1-H12),bond,0.0008433027647843339,-,-0.000551404223617936,0.33999548876067176
11,342.2958947851117,,,mixed cyclic-ring torsional/out-of-plane deformation / ring-site C-H out-of-plane bending,nu(C8-H19),bond,0.0008391697435878525,+,0.0005547346495996269,0.3342789560628059
11,342.2958947851117,,,mixed cyclic-ring torsional/out-of-plane deformation / ring-site C-H out-of-plane bending,nu(C9-H20),bond,0.0005366179742260648,-,-0.0004456633070711113,0.3311930886360174
11,342.2958947851117,,,mixed cyclic-ring torsional/out-of-plane deformation / ring-site C-H out-of-plane bending,"gamma(O3;C4,C5,H13)",oop,0.0004334036540729344,+,0.0006336779467198632,0.13230772126924695
11,342.2958947851117,,,mixed cyclic-ring torsional/out-of-plane deformation / ring-site C-H out-of-plane bending,nu(C9-H21),bond,0.0002625746746742175,-,-0.00030960470843590683,0.33578982314146966
11,342.2958947851117,,,mixed cyclic-ring torsional/out-of-plane deformation / ring-site C-H out-of-plane bending,nu(C1-H10),bond,0.00011457682396031759,+,0.00020490146224108434,0.33453107906648005
11,342.2958947851117,,,mixed cyclic-ring torsional/out-of-plane deformation / ring-site C-H out-of-plane bending,nu(C5-H14),bond,2.9984118867806243e-05,+,0.00010358647541348766,0.3425429122248566
11,342.2958947851117,,,mixed cyclic-ring torsional/out-of-plane deformation / ring-site C-H out-of-plane bending,nu(C7-C8),bond,1.4313309526330458e-05,+,7.816801983292453e-05,0.287151870291782
12,429.5408892612597,,,mixed cyclic-ring deformation (O-C-C bend) / ring-site C-H out-of-plane bending / C-C torsion,delta(O3-C2-C7),angle,23.75017103836647,-,-0.060287579626150174,1.1899400216449423
12,429.5408892612597,,,mixed cyclic-ring deformation (O-C-C bend) / ring-site C-H out-of-plane bending / C-C torsion,tau(C4-C5-C9-H20),dihedral,13.089680986751032,+,0.06446752030402395,0.5735366270754743
12,429.5408892612597,,,mixed cyclic-ring deformation (O-C-C bend) / ring-site C-H out-of-plane bending / C-C torsion,delta(C4-C5-C9),angle,11.455347164989103,+,0.03721523173775701,1.506193701341896
12,429.5408892612597,,,mixed cyclic-ring deformation (O-C-C bend) / ring-site C-H out-of-plane bending / C-C torsion,tau(H10-C1-C2-O3),dihedral,9.310406108146651,+,0.09827245345397297,0.17555736525640764
12,429.5408892612597,,,mixed cyclic-ring deformation (O-C-C bend) / ring-site C-H out-of-plane bending / C-C torsion,tau(O3-C2-C7-C6),dihedral,7.516779458698586,-,-0.04029813775495609,0.8428996647092574
12,429.5408892612597,,,mixed cyclic-ring deformation (O-C-C bend) / ring-site C-H out-of-plane bending / C-C torsion,tau(C9-C7-C8-H17),dihedral,4.483643118589979,-,-0.0687961348520899,0.1725110767453955
12,429.5408892612597,,,mixed cyclic-ring deformation (O-C-C bend) / ring-site C-H out-of-plane bending / C-C torsion,"gamma(H21;C9,C5,C7)",oop,3.5671283549962736,+,0.02106908930714853,1.4633264940362696
12,429.5408892612597,,,mixed cyclic-ring deformation (O-C-C bend) / ring-site C-H out-of-plane bending / C-C torsion,tau(C8-C7-C9-C5),dihedral,3.2328858787021515,+,0.04372239308255544,0.3079615894469893
12,429.5408892612597,,,mixed cyclic-ring deformation (O-C-C bend) / ring-site C-H out-of-plane bending / C-C torsion,delta(C1-C2-C7),angle,3.0209488765715773,-,-0.039572891790860314,0.35128679741124474
12,429.5408892612597,,,mixed cyclic-ring deformation (O-C-C bend) / ring-site C-H out-of-plane bending / C-C torsion,nu(C7-C9),bond,1.9435804255603775,-,-0.03864912521478781,0.23693935749874415
12,429.5408892612597,,,mixed cyclic-ring deformation (O-C-C bend) / ring-site C-H out-of-plane bending / C-C torsion,tau(C1-C2-C7-C6),dihedral,1.7726085702308547,+,0.03423794461851954,0.27536675168740415
12,429.5408892612597,,,mixed cyclic-ring deformation (O-C-C bend) / ring-site C-H out-of-plane bending / C-C torsion,delta(C2-C1-H12),angle,1.6090543307943674,+,0.031026324145717182,0.3043855873378456
12,429.5408892612597,,,mixed cyclic-ring deformation (O-C-C bend) / ring-site C-H out-of-plane bending / C-C torsion,nu(O3-C4),bond,1.5589448632257121,+,0.027513746884830447,0.375012122768873
12,429.5408892612597,,,mixed cyclic-ring deformation (O-C-C bend) / ring-site C-H out-of-plane bending / C-C torsion,delta(C7-C8-H19),angle,1.4354065811384253,-,-0.026396545484354734,0.37514120679903984
12,429.5408892612597,,,mixed cyclic-ring deformation (O-C-C bend) / ring-site C-H out-of-plane bending / C-C torsion,tau(C2-C7-C9-H21),dihedral,1.4182374229290136,-,-0.019668154833719812,0.6676298268489548
12,429.5408892612597,,,mixed cyclic-ring deformation (O-C-C bend) / ring-site C-H out-of-plane bending / C-C torsion,"gamma(C6;C7,C2,C9)",oop,1.0981513123478133,-,-0.011194316470926126,1.5958095173539286
12,429.5408892612597,,,mixed cyclic-ring deformation (O-C-C bend) / ring-site C-H out-of-plane bending / C-C torsion,delta(C7-C8-H17),angle,1.0409769501893729,+,0.019793318719098996,0.4838579761113301
12,429.5408892612597,,,mixed cyclic-ring deformation (O-C-C bend) / ring-site C-H out-of-plane bending / C-C torsion,tau(C2-C4-C5-H14),dihedral,1.012629822288358,-,-0.0362507839290746,0.1403233470126861
12,429.5408892612597,,,mixed cyclic-ring deformation (O-C-C bend) / ring-site C-H out-of-plane bending / C-C torsion,tau(C2-C7-C8-H19),dihedral,0.9103006539564574,-,-0.024376594216268494,0.2789669960422185
12,429.5408892612597,,,mixed cyclic-ring deformation (O-C-C bend) / ring-site C-H out-of-plane bending / C-C torsion,"gamma(O3;C4,C5,H13)",oop,0.7954958215202494,+,0.03308897925790286,0.13230772126924695
12,429.5408892612597,,,mixed cyclic-ring deformation (O-C-C bend) / ring-site C-H out-of-plane bending / C-C torsion,nu(C2-O3),bond,0.7873423596493924,-,-0.023874958870512313,0.25153149975958655
12,429.5408892612597,,,mixed cyclic-ring deformation (O-C-C bend) / ring-site C-H out-of-plane bending / C-C torsion,delta(C2-C1-H11),angle,0.7639240250966408,-,-0.019395773941014445,0.36978557709159526
12,429.5408892612597,,,mixed cyclic-ring deformation (O-C-C bend) / ring-site C-H out-of-plane bending / C-C torsion,delta(O3-C4-C5),angle,0.7099043667289042,-,-0.011181700321134634,1.033946761767908
12,429.5408892612597,,,mixed cyclic-ring deformation (O-C-C bend) / ring-site C-H out-of-plane bending / C-C torsion,tau(H12-C1-C2-C7),dihedral,0.5405533362242051,-,-0.024092476288720344,0.16958588363924
12,429.5408892612597,,,mixed cyclic-ring deformation (O-C-C bend) / ring-site C-H out-of-plane bending / C-C torsion,delta(C5-C4-H13),angle,0.4502804611745435,+,0.019073570879715673,0.22538920624003742
12,429.5408892612597,,,mixed cyclic-ring deformation (O-C-C bend) / ring-site C-H out-of-plane bending / C-C torsion,delta(C5-C6-H15),angle,0.4426920218116752,+,0.01698021798852444,0.27959487055579446
12,429.5408892612597,,,mixed cyclic-ring deformation (O-C-C bend) / ring-site C-H out-of-plane bending / C-C torsion,nu(C2-C4),bond,0.43320590631366346,+,0.01212117176858424,0.5369318728370088
12,429.5408892612597,,,mixed cyclic-ring deformation (O-C-C bend) / ring-site C-H out-of-plane bending / C-C torsion,nu(C4-C5),bond,0.3977378025165181,+,0.015527835501075227,0.30039247824764354
12,429.5408892612597,,,mixed cyclic-ring deformation (O-C-C bend) / ring-site C-H out-of-plane bending / C-C torsion,nu(C7-C8),bond,0.3340496232520084,-,-0.01455481474306874,0.287151870291782
12,429.5408892612597,,,mixed cyclic-ring deformation (O-C-C bend) / ring-site C-H out-of-plane bending / C-C torsion,nu(C2-C7),bond,0.27726285480610113,-,-0.012578953788891518,0.31909255709522183
12,429.5408892612597,,,mixed cyclic-ring deformation (O-C-C bend) / ring-site C-H out-of-plane bending / C-C torsion,"gamma(C7;C9,H20,H21)",oop,0.17309364741816544,+,0.008602303175255776,0.42595690951260695
12,429.5408892612597,,,mixed cyclic-ring deformation (O-C-C bend) / ring-site C-H out-of-plane bending / C-C torsion,delta(C5-C6-H16),angle,0.1644152155301053,-,-0.00942946873980733,0.33672982370377696
12,429.5408892612597,,,mixed cyclic-ring deformation (O-C-C bend) / ring-site C-H out-of-plane bending / C-C torsion,tau(C6-C7-C8-H18),dihedral,0.1444319024103047,+,0.010202804063043589,0.25266091572024935
12,429.5408892612597,,,mixed cyclic-ring deformation (O-C-C bend) / ring-site C-H out-of-plane bending / C-C torsion,nu(C6-C7),bond,0.0824017227722076,+,0.007254736376797324,0.2851064531742666
12,429.5408892612597,,,mixed cyclic-ring deformation (O-C-C bend) / ring-site C-H out-of-plane bending / C-C torsion,nu(C1-C2),bond,0.058104682514883786,+,0.005947315964500616,0.2991459555841769
12,429.5408892612597,,,mixed cyclic-ring deformation (O-C-C bend) / ring-site C-H out-of-plane bending / C-C torsion,nu(C5-C6),bond,0.04873256753631059,-,-0.005259290957207359,0.3208329206887749
12,429.5408892612597,,,mixed cyclic-ring deformation (O-C-C bend) / ring-site C-H out-of-plane bending / C-C torsion,"gamma(H14;C5,C6,C9)",oop,0.044537456989670154,-,-0.006321086255821254,0.2029812906968152
12,429.5408892612597,,,mixed cyclic-ring deformation (O-C-C bend) / ring-site C-H out-of-plane bending / C-C torsion,delta(H18-C8-H19),angle,0.025050720294190632,-,-0.003583144822402475,0.35530843806641327
12,429.5408892612597,,,mixed cyclic-ring deformation (O-C-C bend) / ring-site C-H out-of-plane bending / C-C torsion,nu(C6-H16),bond,0.022316681069805874,-,-0.003422198495468,0.3470030099281011
12,429.5408892612597,,,mixed cyclic-ring deformation (O-C-C bend) / ring-site C-H out-of-plane bending / C-C torsion,delta(H10-C1-H11),angle,0.017760457306907635,-,-0.003577855230323364,0.25265194351349923
12,429.5408892612597,,,mixed cyclic-ring deformation (O-C-C bend) / ring-site C-H out-of-plane bending / C-C torsion,nu(C5-C9),bond,0.015839471995411556,+,0.003336537647665259,0.25909716935407706
12,429.5408892612597,,,mixed cyclic-ring deformation (O-C-C bend) / ring-site C-H out-of-plane bending / C-C torsion,"gamma(H12;C1,H10,H11)",oop,0.009857032230888975,-,-0.002879986145604575,0.21641103722868646
12,429.5408892612597,,,mixed cyclic-ring deformation (O-C-C bend) / ring-site C-H out-of-plane bending / C-C torsion,nu(C4-H13),bond,0.008870632569034276,-,-0.002142351170846283,0.351955126413533
12,429.5408892612597,,,mixed cyclic-ring deformation (O-C-C bend) / ring-site C-H out-of-plane bending / C-C torsion,delta(H15-C6-H16),angle,0.00791472857957814,+,0.001999819599998457,0.3603864154338734
12,429.5408892612597,,,mixed cyclic-ring deformation (O-C-C bend) / ring-site C-H out-of-plane bending / C-C torsion,delta(C7-C6-H15),angle,0.006511456222106019,-,-0.0020663608651879076,0.27770251683716846
12,429.5408892612597,,,mixed cyclic-ring deformation (O-C-C bend) / ring-site C-H out-of-plane bending / C-C torsion,nu(C6-H15),bond,0.0033569327828942845,-,-0.001344126614374449,0.33835789268622185
12,429.5408892612597,,,mixed cyclic-ring deformation (O-C-C bend) / ring-site C-H out-of-plane bending / C-C torsion,"gamma(H17;C8,H18,H19)",oop,0.0032718519525562523,-,-0.001290902769500871,0.35753668248522347
12,429.5408892612597,,,mixed cyclic-ring deformation (O-C-C bend) / ring-site C-H out-of-plane bending / C-C torsion,delta(H20-C9-H21),angle,0.0015526613864537153,-,-0.0006481741185461311,0.6729881358363181
12,429.5408892612597,,,mixed cyclic-ring deformation (O-C-C bend) / ring-site C-H out-of-plane bending / C-C torsion,nu(C8-H17),bond,0.0006770812802396616,-,-0.0006091773892292607,0.33225175462853057
12,429.5408892612597,,,mixed cyclic-ring deformation (O-C-C bend) / ring-site C-H out-of-plane bending / C-C torsion,nu(C9-H20),bond,0.0004045812673760035,+,0.00047164937808830105,0.3311930886360174
12,429.5408892612597,,,mixed cyclic-ring deformation (O-C-C bend) / ring-site C-H out-of-plane bending / C-C torsion,nu(C9-H21),bond,0.0003953959833778721,+,0.00046306224744610953,0.33578982314146966
12,429.5408892612597,,,mixed cyclic-ring deformation (O-C-C bend) / ring-site C-H out-of-plane bending / C-C torsion,nu(C8-H19),bond,0.00037516026910672153,+,0.0004520754406256291,0.3342789560628059
12,429.5408892612597,,,mixed cyclic-ring deformation (O-C-C bend) / ring-site C-H out-of-plane bending / C-C torsion,nu(C1-H11),bond,0.00022413393174208903,+,0.0003501768525129082,0.3328486247653903
12,429.5408892612597,,,mixed cyclic-ring deformation (O-C-C bend) / ring-site C-H out-of-plane bending / C-C torsion,nu(C8-H18),bond,0.00018976064920987084,+,0.00032221975094035655,0.3328249452823529
12,429.5408892612597,,,mixed cyclic-ring deformation (O-C-C bend) / ring-site C-H out-of-plane bending / C-C torsion,nu(C1-H12),bond,0.00016442785856017486,-,-0.0002967618956401599,0.33999548876067176
12,429.5408892612597,,,mixed cyclic-ring deformation (O-C-C bend) / ring-site C-H out-of-plane bending / C-C torsion,nu(C1-H10),bond,0.00016100878801514085,-,-0.0002960489794207138,0.33453107906648005
12,429.5408892612597,,,mixed cyclic-ring deformation (O-C-C bend) / ring-site C-H out-of-plane bending / C-C torsion,nu(C5-H14),bond,5.8130844419813296e-05,+,0.00017579350954948536,0.3425429122248566
13,474.77856047221746,,,mixed ring-site C-H out-of-plane bending / cyclic-ring torsional/out-of-plane deformation / cyclic-ring out-of-plane deformation,tau(O3-C2-C7-C6),dihedral,19.108488155277186,+,0.08012836125064607,0.8428996647092574
13,474.77856047221746,,,mixed ring-site C-H out-of-plane bending / cyclic-ring torsional/out-of-plane deformation / cyclic-ring out-of-plane deformation,"gamma(C6;C7,C2,C9)",oop,17.124505579677045,-,-0.055128926137505724,1.5958095173539286
13,474.77856047221746,,,mixed ring-site C-H out-of-plane bending / cyclic-ring torsional/out-of-plane deformation / cyclic-ring out-of-plane deformation,tau(C2-C7-C9-H21),dihedral,15.77486198373133,-,-0.08180426677281905,0.6676298268489548
13,474.77856047221746,,,mixed ring-site C-H out-of-plane bending / cyclic-ring torsional/out-of-plane deformation / cyclic-ring out-of-plane deformation,delta(O3-C4-C5),angle,9.985955443607622,-,-0.05230061080731827,1.033946761767908
13,474.77856047221746,,,mixed ring-site C-H out-of-plane bending / cyclic-ring torsional/out-of-plane deformation / cyclic-ring out-of-plane deformation,tau(C2-C7-C8-H19),dihedral,5.0486012691430835,+,0.07159293397496704,0.2789669960422185
13,474.77856047221746,,,mixed ring-site C-H out-of-plane bending / cyclic-ring torsional/out-of-plane deformation / cyclic-ring out-of-plane deformation,tau(H12-C1-C2-C7),dihedral,4.774955728180331,+,0.08929987746490724,0.16958588363924
13,474.77856047221746,,,mixed ring-site C-H out-of-plane bending / cyclic-ring torsional/out-of-plane deformation / cyclic-ring out-of-plane deformation,delta(C4-C5-C9),angle,4.167038696034276,+,0.027992029734236597,1.506193701341896
13,474.77856047221746,,,mixed ring-site C-H out-of-plane bending / cyclic-ring torsional/out-of-plane deformation / cyclic-ring out-of-plane deformation,tau(C6-C7-C8-H18),dihedral,2.642611226898173,-,-0.05442627887215465,0.25266091572024935
13,474.77856047221746,,,mixed ring-site C-H out-of-plane bending / cyclic-ring torsional/out-of-plane deformation / cyclic-ring out-of-plane deformation,tau(C4-C5-C9-H20),dihedral,2.4796485802097483,+,0.03499254476121611,0.5735366270754743
13,474.77856047221746,,,mixed ring-site C-H out-of-plane bending / cyclic-ring torsional/out-of-plane deformation / cyclic-ring out-of-plane deformation,tau(C2-C4-C5-H14),dihedral,2.4247832678821126,+,0.06995721847084904,0.1403233470126861
13,474.77856047221746,,,mixed ring-site C-H out-of-plane bending / cyclic-ring torsional/out-of-plane deformation / cyclic-ring out-of-plane deformation,"gamma(H21;C9,C5,C7)",oop,2.408235164469591,+,0.021589364890087837,1.4633264940362696
13,474.77856047221746,,,mixed ring-site C-H out-of-plane bending / cyclic-ring torsional/out-of-plane deformation / cyclic-ring out-of-plane deformation,nu(C2-O3),bond,2.034043064468596,+,0.04785693924132091,0.25153149975958655
13,474.77856047221746,,,mixed ring-site C-H out-of-plane bending / cyclic-ring torsional/out-of-plane deformation / cyclic-ring out-of-plane deformation,delta(C2-C1-H11),angle,1.3949093822660317,+,0.032685794901581626,0.36978557709159526
13,474.77856047221746,,,mixed ring-site C-H out-of-plane bending / cyclic-ring torsional/out-of-plane deformation / cyclic-ring out-of-plane deformation,nu(O3-C4),bond,0.9555726973481515,-,-0.026863973499910335,0.375012122768873
13,474.77856047221746,,,mixed ring-site C-H out-of-plane bending / cyclic-ring torsional/out-of-plane deformation / cyclic-ring out-of-plane deformation,delta(C1-C2-C7),angle,0.9126112486322953,-,-0.0271252052136555,0.35128679741124474
13,474.77856047221746,,,mixed ring-site C-H out-of-plane bending / cyclic-ring torsional/out-of-plane deformation / cyclic-ring out-of-plane deformation,nu(C4-C5),bond,0.8471132253824968,-,-0.02826098156671682,0.30039247824764354
13,474.77856047221746,,,mixed ring-site C-H out-of-plane bending / cyclic-ring torsional/out-of-plane deformation / cyclic-ring out-of-plane deformation,nu(C6-C7),bond,0.783972060810244,-,-0.027906656501682264,0.2851064531742666
13,474.77856047221746,,,mixed ring-site C-H out-of-plane bending / cyclic-ring torsional/out-of-plane deformation / cyclic-ring out-of-plane deformation,delta(O3-C2-C7),angle,0.6954129639589816,+,0.01286529927097096,1.1899400216449423
13,474.77856047221746,,,mixed ring-site C-H out-of-plane bending / cyclic-ring torsional/out-of-plane deformation / cyclic-ring out-of-plane deformation,tau(C9-C7-C8-H17),dihedral,0.6953138571556426,-,-0.03378648305867562,0.1725110767453955
13,474.77856047221746,,,mixed ring-site C-H out-of-plane bending / cyclic-ring torsional/out-of-plane deformation / cyclic-ring out-of-plane deformation,delta(C7-C8-H17),angle,0.597108489549262,-,-0.018695139422761926,0.4838579761113301
13,474.77856047221746,,,mixed ring-site C-H out-of-plane bending / cyclic-ring torsional/out-of-plane deformation / cyclic-ring out-of-plane deformation,nu(C7-C9),bond,0.5845593480591791,+,0.02643362590136799,0.23693935749874415
13,474.77856047221746,,,mixed ring-site C-H out-of-plane bending / cyclic-ring torsional/out-of-plane deformation / cyclic-ring out-of-plane deformation,tau(H10-C1-C2-O3),dihedral,0.5614123688917421,-,-0.030094871880161873,0.17555736525640764
13,474.77856047221746,,,mixed ring-site C-H out-of-plane bending / cyclic-ring torsional/out-of-plane deformation / cyclic-ring out-of-plane deformation,nu(C5-C6),bond,0.5485150361801466,+,0.022004719850870345,0.3208329206887749
13,474.77856047221746,,,mixed ring-site C-H out-of-plane bending / cyclic-ring torsional/out-of-plane deformation / cyclic-ring out-of-plane deformation,tau(C1-C2-C7-C6),dihedral,0.5063506295671946,-,-0.02282080521063325,0.27536675168740415
13,474.77856047221746,,,mixed ring-site C-H out-of-plane bending / cyclic-ring torsional/out-of-plane deformation / cyclic-ring out-of-plane deformation,"gamma(O3;C4,C5,H13)",oop,0.5048083267906859,+,0.03287242156438314,0.13230772126924695
13,474.77856047221746,,,mixed ring-site C-H out-of-plane bending / cyclic-ring torsional/out-of-plane deformation / cyclic-ring out-of-plane deformation,delta(C7-C6-H15),angle,0.37156403857930737,+,0.019466504166629452,0.27770251683716846
13,474.77856047221746,,,mixed ring-site C-H out-of-plane bending / cyclic-ring torsional/out-of-plane deformation / cyclic-ring out-of-plane deformation,nu(C2-C4),bond,0.35123145650047327,-,-0.013611254284451356,0.5369318728370088
13,474.77856047221746,,,mixed ring-site C-H out-of-plane bending / cyclic-ring torsional/out-of-plane deformation / cyclic-ring out-of-plane deformation,delta(C5-C4-H13),angle,0.35086438227078764,+,0.02099733234518844,0.22538920624003742
13,474.77856047221746,,,mixed ring-site C-H out-of-plane bending / cyclic-ring torsional/out-of-plane deformation / cyclic-ring out-of-plane deformation,delta(C2-C1-H12),angle,0.34596874579542597,+,0.017941858566490415,0.3043855873378456
13,474.77856047221746,,,mixed ring-site C-H out-of-plane bending / cyclic-ring torsional/out-of-plane deformation / cyclic-ring out-of-plane deformation,nu(C1-C2),bond,0.3283425138246634,-,-0.017631246986601457,0.2991459555841769
13,474.77856047221746,,,mixed ring-site C-H out-of-plane bending / cyclic-ring torsional/out-of-plane deformation / cyclic-ring out-of-plane deformation,nu(C7-C8),bond,0.3134943996196285,+,0.017584098441851926,0.287151870291782
13,474.77856047221746,,,mixed ring-site C-H out-of-plane bending / cyclic-ring torsional/out-of-plane deformation / cyclic-ring out-of-plane deformation,"gamma(H14;C5,C6,C9)",oop,0.11714274031880052,+,0.012784705324886354,0.2029812906968152
13,474.77856047221746,,,mixed ring-site C-H out-of-plane bending / cyclic-ring torsional/out-of-plane deformation / cyclic-ring out-of-plane deformation,nu(C5-C9),bond,0.07399259510507915,-,-0.008993398409324116,0.25909716935407706
13,474.77856047221746,,,mixed ring-site C-H out-of-plane bending / cyclic-ring torsional/out-of-plane deformation / cyclic-ring out-of-plane deformation,"gamma(C7;C9,H20,H21)",oop,0.03986253599217013,-,-0.0051482623044010545,0.42595690951260695
13,474.77856047221746,,,mixed ring-site C-H out-of-plane bending / cyclic-ring torsional/out-of-plane deformation / cyclic-ring out-of-plane deformation,nu(C2-C7),bond,0.03903321551690995,-,-0.005885994680189119,0.31909255709522183
13,474.77856047221746,,,mixed ring-site C-H out-of-plane bending / cyclic-ring torsional/out-of-plane deformation / cyclic-ring out-of-plane deformation,delta(C5-C6-H15),angle,0.03568559367233081,-,-0.006012331261893028,0.27959487055579446
13,474.77856047221746,,,mixed ring-site C-H out-of-plane bending / cyclic-ring torsional/out-of-plane deformation / cyclic-ring out-of-plane deformation,delta(H10-C1-H11),angle,0.014545065009333256,-,-0.0040379185023318356,0.25265194351349923
13,474.77856047221746,,,mixed ring-site C-H out-of-plane bending / cyclic-ring torsional/out-of-plane deformation / cyclic-ring out-of-plane deformation,delta(H20-C9-H21),angle,0.013022548338336106,-,-0.0023410210709309876,0.6729881358363181
13,474.77856047221746,,,mixed ring-site C-H out-of-plane bending / cyclic-ring torsional/out-of-plane deformation / cyclic-ring out-of-plane deformation,nu(C6-H16),bond,0.011246811399484486,-,-0.003029766246012579,0.3470030099281011
13,474.77856047221746,,,mixed ring-site C-H out-of-plane bending / cyclic-ring torsional/out-of-plane deformation / cyclic-ring out-of-plane deformation,delta(H18-C8-H19),angle,0.007046406227039789,+,0.002369965998349892,0.35530843806641327
13,474.77856047221746,,,mixed ring-site C-H out-of-plane bending / cyclic-ring torsional/out-of-plane deformation / cyclic-ring out-of-plane deformation,tau(C8-C7-C9-C5),dihedral,0.0050417151481608165,-,-0.0021532869771618097,0.3079615894469893
13,474.77856047221746,,,mixed ring-site C-H out-of-plane bending / cyclic-ring torsional/out-of-plane deformation / cyclic-ring out-of-plane deformation,nu(C1-H10),bond,0.004967796373596419,+,0.0020508065459992906,0.33453107906648005
13,474.77856047221746,,,mixed ring-site C-H out-of-plane bending / cyclic-ring torsional/out-of-plane deformation / cyclic-ring out-of-plane deformation,"gamma(H17;C8,H18,H19)",oop,0.004945356626754346,+,0.001979244935635229,0.35753668248522347
13,474.77856047221746,,,mixed ring-site C-H out-of-plane bending / cyclic-ring torsional/out-of-plane deformation / cyclic-ring out-of-plane deformation,nu(C4-H13),bond,0.003291855611426782,+,0.0016275628896723852,0.351955126413533
13,474.77856047221746,,,mixed ring-site C-H out-of-plane bending / cyclic-ring torsional/out-of-plane deformation / cyclic-ring out-of-plane deformation,nu(C6-H15),bond,0.0021459126589198356,-,-0.0013402286659506045,0.33835789268622185
13,474.77856047221746,,,mixed ring-site C-H out-of-plane bending / cyclic-ring torsional/out-of-plane deformation / cyclic-ring out-of-plane deformation,nu(C1-H11),bond,0.0015877813090114704,-,-0.0011623395000992516,0.3328486247653903
13,474.77856047221746,,,mixed ring-site C-H out-of-plane bending / cyclic-ring torsional/out-of-plane deformation / cyclic-ring out-of-plane deformation,delta(C7-C8-H19),angle,0.0013077794232195224,+,0.000993644200258144,0.37514120679903984
13,474.77856047221746,,,mixed ring-site C-H out-of-plane bending / cyclic-ring torsional/out-of-plane deformation / cyclic-ring out-of-plane deformation,nu(C9-H20),bond,0.0007821423533798727,+,0.0008178305072834759,0.3311930886360174
13,474.77856047221746,,,mixed ring-site C-H out-of-plane bending / cyclic-ring torsional/out-of-plane deformation / cyclic-ring out-of-plane deformation,nu(C8-H17),bond,0.00040111900276268897,+,0.0005847416306687835,0.33225175462853057
13,474.77856047221746,,,mixed ring-site C-H out-of-plane bending / cyclic-ring torsional/out-of-plane deformation / cyclic-ring out-of-plane deformation,nu(C5-H14),bond,0.0003085299738989861,-,-0.000505070759225652,0.3425429122248566
13,474.77856047221746,,,mixed ring-site C-H out-of-plane bending / cyclic-ring torsional/out-of-plane deformation / cyclic-ring out-of-plane deformation,"gamma(H12;C1,H10,H11)",oop,0.00029465457790660884,+,0.0006209804544264419,0.21641103722868646
13,474.77856047221746,,,mixed ring-site C-H out-of-plane bending / cyclic-ring torsional/out-of-plane deformation / cyclic-ring out-of-plane deformation,nu(C8-H18),bond,0.0002633450752426831,-,-0.00047338632012118115,0.3328249452823529
13,474.77856047221746,,,mixed ring-site C-H out-of-plane bending / cyclic-ring torsional/out-of-plane deformation / cyclic-ring out-of-plane deformation,delta(C5-C6-H16),angle,0.00021039278427197346,-,-0.00042066430949642627,0.33672982370377696
13,474.77856047221746,,,mixed ring-site C-H out-of-plane bending / cyclic-ring torsional/out-of-plane deformation / cyclic-ring out-of-plane deformation,nu(C8-H19),bond,1.5041318962234932e-05,-,-0.0001128884420523764,0.3342789560628059
13,474.77856047221746,,,mixed ring-site C-H out-of-plane bending / cyclic-ring torsional/out-of-plane deformation / cyclic-ring out-of-plane deformation,nu(C9-H21),bond,5.364688899337696e-06,-,-6.726661038781374e-05,0.33578982314146966
13,474.77856047221746,,,mixed ring-site C-H out-of-plane bending / cyclic-ring torsional/out-of-plane deformation / cyclic-ring out-of-plane deformation,delta(H15-C6-H16),angle,2.5911111288085456e-07,+,1.4269864569436063e-05,0.3603864154338734
13,474.77856047221746,,,mixed ring-site C-H out-of-plane bending / cyclic-ring torsional/out-of-plane deformation / cyclic-ring out-of-plane deformation,nu(C1-H12),bond,1.1162153758982649e-07,-,-9.642695676638302e-06,0.33999548876067176
14,519.9554917890912,,,mixed ring-site C-H out-of-plane bending / cyclic-ring deformation (C-C-C bend),tau(C4-C5-C9-H20),dihedral,23.04958987980988,-,-0.11431451333526084,0.5735366270754743
14,519.9554917890912,,,mixed ring-site C-H out-of-plane bending / cyclic-ring deformation (C-C-C bend),"gamma(H21;C9,C5,C7)",oop,20.939153042752853,-,-0.06821176501355732,1.4633264940362696
14,519.9554917890912,,,mixed ring-site C-H out-of-plane bending / cyclic-ring deformation (C-C-C bend),tau(C2-C7-C9-H21),dihedral,20.47604430608408,+,0.099863208283194,0.6676298268489548
14,519.9554917890912,,,mixed ring-site C-H out-of-plane bending / cyclic-ring deformation (C-C-C bend),delta(C4-C5-C9),angle,10.729422595568398,-,-0.04812803290503668,1.506193701341896
14,519.9554917890912,,,mixed ring-site C-H out-of-plane bending / cyclic-ring deformation (C-C-C bend),"gamma(C6;C7,C2,C9)",oop,8.190623432929177,-,-0.04085246850904885,1.5958095173539286
14,519.9554917890912,,,mixed ring-site C-H out-of-plane bending / cyclic-ring deformation (C-C-C bend),tau(C6-C7-C8-H18),dihedral,2.7595374535556614,-,-0.059593578248919754,0.25266091572024935
14,519.9554917890912,,,mixed ring-site C-H out-of-plane bending / cyclic-ring deformation (C-C-C bend),tau(C9-C7-C8-H17),dihedral,2.2929116195111323,+,0.06574088014872972,0.1725110767453955
14,519.9554917890912,,,mixed ring-site C-H out-of-plane bending / cyclic-ring deformation (C-C-C bend),delta(O3-C4-C5),angle,1.6702988641757752,-,-0.022919141914957582,1.033946761767908
14,519.9554917890912,,,mixed ring-site C-H out-of-plane bending / cyclic-ring deformation (C-C-C bend),tau(C1-C2-C7-C6),dihedral,1.2050821340264615,+,0.03772271328402235,0.27536675168740415
14,519.9554917890912,,,mixed ring-site C-H out-of-plane bending / cyclic-ring deformation (C-C-C bend),nu(C2-C7),bond,1.134741839691267,-,-0.03400482518594949,0.31909255709522183
14,519.9554917890912,,,mixed ring-site C-H out-of-plane bending / cyclic-ring deformation (C-C-C bend),delta(C1-C2-C7),angle,0.7467537171795287,+,0.02629106217431674,0.35128679741124474
14,519.9554917890912,,,mixed ring-site C-H out-of-plane bending / cyclic-ring deformation (C-C-C bend),nu(C2-O3),bond,0.7387914359651845,-,-0.030904027787813707,0.25153149975958655
14,519.9554917890912,,,mixed ring-site C-H out-of-plane bending / cyclic-ring deformation (C-C-C bend),"gamma(H14;C5,C6,C9)",oop,0.6987888515209466,-,-0.033457641895843875,0.2029812906968152
14,519.9554917890912,,,mixed ring-site C-H out-of-plane bending / cyclic-ring deformation (C-C-C bend),delta(C5-C6-H16),angle,0.6811818727221127,-,-0.02564726736295055,0.33672982370377696
14,519.9554917890912,,,mixed ring-site C-H out-of-plane bending / cyclic-ring deformation (C-C-C bend),delta(C7-C6-H15),angle,0.6420471655177248,+,0.027418513652901825,0.27770251683716846
14,519.9554917890912,,,mixed ring-site C-H out-of-plane bending / cyclic-ring deformation (C-C-C bend),delta(O3-C2-C7),angle,0.5722116637258986,-,-0.01250449527563997,1.1899400216449423
14,519.9554917890912,,,mixed ring-site C-H out-of-plane bending / cyclic-ring deformation (C-C-C bend),tau(H12-C1-C2-C7),dihedral,0.5457417991130359,-,-0.032348124754565784,0.16958588363924
14,519.9554917890912,,,mixed ring-site C-H out-of-plane bending / cyclic-ring deformation (C-C-C bend),tau(C2-C7-C8-H19),dihedral,0.49710726310005726,-,-0.024071269258367178,0.2789669960422185
14,519.9554917890912,,,mixed ring-site C-H out-of-plane bending / cyclic-ring deformation (C-C-C bend),nu(C1-C2),bond,0.4507310463645409,-,-0.022134387992736013,0.2991459555841769
14,519.9554917890912,,,mixed ring-site C-H out-of-plane bending / cyclic-ring deformation (C-C-C bend),delta(C5-C6-H15),angle,0.4066604103781172,+,0.021747117303409915,0.27959487055579446
14,519.9554917890912,,,mixed ring-site C-H out-of-plane bending / cyclic-ring deformation (C-C-C bend),nu(C4-C5),bond,0.3931136957354607,-,-0.020628369875648058,0.30039247824764354
14,519.9554917890912,,,mixed ring-site C-H out-of-plane bending / cyclic-ring deformation (C-C-C bend),delta(C2-C1-H12),angle,0.30891192644238785,-,-0.018165846708578393,0.3043855873378456
14,519.9554917890912,,,mixed ring-site C-H out-of-plane bending / cyclic-ring deformation (C-C-C bend),delta(C5-C4-H13),angle,0.17405561806007927,+,0.015846297872892105,0.22538920624003742
14,519.9554917890912,,,mixed ring-site C-H out-of-plane bending / cyclic-ring deformation (C-C-C bend),tau(O3-C2-C7-C6),dihedral,0.1444207609874979,+,0.007464096121386875,0.8428996647092574
14,519.9554917890912,,,mixed ring-site C-H out-of-plane bending / cyclic-ring deformation (C-C-C bend),delta(C7-C8-H19),angle,0.14128614946614484,+,0.011066308131895566,0.37514120679903984
14,519.9554917890912,,,mixed ring-site C-H out-of-plane bending / cyclic-ring deformation (C-C-C bend),nu(O3-C4),bond,0.11407664183065842,-,-0.009945487136373981,0.375012122768873
14,519.9554917890912,,,mixed ring-site C-H out-of-plane bending / cyclic-ring deformation (C-C-C bend),nu(C7-C9),bond,0.06527777068868719,-,-0.009464864555721283,0.23693935749874415
14,519.9554917890912,,,mixed ring-site C-H out-of-plane bending / cyclic-ring deformation (C-C-C bend),tau(C8-C7-C9-C5),dihedral,0.0497749683460987,-,-0.007249491910748198,0.3079615894469893
14,519.9554917890912,,,mixed ring-site C-H out-of-plane bending / cyclic-ring deformation (C-C-C bend),nu(C2-C4),bond,0.039294519222542075,+,0.004878167930988728,0.5369318728370088
14,519.9554917890912,,,mixed ring-site C-H out-of-plane bending / cyclic-ring deformation (C-C-C bend),"gamma(O3;C4,C5,H13)",oop,0.028967001563495427,-,-0.008437417242120528,0.13230772126924695
14,519.9554917890912,,,mixed ring-site C-H out-of-plane bending / cyclic-ring deformation (C-C-C bend),delta(C2-C1-H11),angle,0.02711996328866397,-,-0.004883373184938065,0.36978557709159526
14,519.9554917890912,,,mixed ring-site C-H out-of-plane bending / cyclic-ring deformation (C-C-C bend),tau(C2-C4-C5-H14),dihedral,0.026312453820006434,-,-0.007808472003868242,0.1403233470126861
14,519.9554917890912,,,mixed ring-site C-H out-of-plane bending / cyclic-ring deformation (C-C-C bend),delta(H15-C6-H16),angle,0.02362316683379161,+,0.004616737713029434,0.3603864154338734
14,519.9554917890912,,,mixed ring-site C-H out-of-plane bending / cyclic-ring deformation (C-C-C bend),nu(C7-C8),bond,0.009141642848989608,+,0.0032174117973120062,0.287151870291782
14,519.9554917890912,,,mixed ring-site C-H out-of-plane bending / cyclic-ring deformation (C-C-C bend),delta(H10-C1-H11),angle,0.008703045356061532,+,0.0033467606286518175,0.25265194351349923
14,519.9554917890912,,,mixed ring-site C-H out-of-plane bending / cyclic-ring deformation (C-C-C bend),delta(H20-C9-H21),angle,0.005117040501448077,+,0.0015723747921835463,0.6729881358363181
14,519.9554917890912,,,mixed ring-site C-H out-of-plane bending / cyclic-ring deformation (C-C-C bend),nu(C5-C9),bond,0.003026611527134637,-,-0.0019489350059268193,0.25909716935407706
14,519.9554917890912,,,mixed ring-site C-H out-of-plane bending / cyclic-ring deformation (C-C-C bend),delta(C7-C8-H17),angle,0.002841084379305167,-,-0.001381762695254484,0.4838579761113301
14,519.9554917890912,,,mixed ring-site C-H out-of-plane bending / cyclic-ring deformation (C-C-C bend),nu(C6-H16),bond,0.0022739357732443925,-,-0.0014597309813513418,0.3470030099281011
14,519.9554917890912,,,mixed ring-site C-H out-of-plane bending / cyclic-ring deformation (C-C-C bend),tau(H10-C1-C2-O3),dihedral,0.0011015658952656172,-,-0.001428387572987065,0.17555736525640764
14,519.9554917890912,,,mixed ring-site C-H out-of-plane bending / cyclic-ring deformation (C-C-C bend),"gamma(C7;C9,H20,H21)",oop,0.0008549293482205242,-,-0.0008078535333385598,0.42595690951260695
14,519.9554917890912,,,mixed ring-site C-H out-of-plane bending / cyclic-ring deformation (C-C-C bend),nu(C1-H10),bond,0.0005531849545444757,-,-0.0007332757009216934,0.33453107906648005
14,519.9554917890912,,,mixed ring-site C-H out-of-plane bending / cyclic-ring deformation (C-C-C bend),nu(C9-H20),bond,0.0005435098598517016,+,0.0007304885793128738,0.3311930886360174
14,519.9554917890912,,,mixed ring-site C-H out-of-plane bending / cyclic-ring deformation (C-C-C bend),nu(C6-H15),bond,0.00044881855288223004,-,-0.000656746238981957,0.33835789268622185
14,519.9554917890912,,,mixed ring-site C-H out-of-plane bending / cyclic-ring deformation (C-C-C bend),nu(C4-H13),bond,0.0003922931510613365,-,-0.000602021587860991,0.351955126413533
14,519.9554917890912,,,mixed ring-site C-H out-of-plane bending / cyclic-ring deformation (C-C-C bend),delta(H18-C8-H19),angle,0.00030483824664970954,+,0.0005281804427857795,0.35530843806641327
14,519.9554917890912,,,mixed ring-site C-H out-of-plane bending / cyclic-ring deformation (C-C-C bend),nu(C5-H14),bond,0.00026928514894486113,-,-0.0005055906782323021,0.3425429122248566
14,519.9554917890912,,,mixed ring-site C-H out-of-plane bending / cyclic-ring deformation (C-C-C bend),"gamma(H17;C8,H18,H19)",oop,0.00022799902838119076,-,-0.00045536174705712476,0.35753668248522347
14,519.9554917890912,,,mixed ring-site C-H out-of-plane bending / cyclic-ring deformation (C-C-C bend),nu(C8-H19),bond,0.00018600933908923285,-,-0.0004253664235974326,0.3342789560628059
14,519.9554917890912,,,mixed ring-site C-H out-of-plane bending / cyclic-ring deformation (C-C-C bend),nu(C6-C7),bond,7.488944431157963e-05,+,0.0002922517564103436,0.2851064531742666
14,519.9554917890912,,,mixed ring-site C-H out-of-plane bending / cyclic-ring deformation (C-C-C bend),nu(C5-C6),bond,7.01049232933361e-05,+,0.0002665539645594069,0.3208329206887749
14,519.9554917890912,,,mixed ring-site C-H out-of-plane bending / cyclic-ring deformation (C-C-C bend),nu(C1-H11),bond,6.216881318614482e-05,+,0.00024644116572521553,0.3328486247653903
14,519.9554917890912,,,mixed ring-site C-H out-of-plane bending / cyclic-ring deformation (C-C-C bend),nu(C8-H18),bond,4.836812924810384e-05,+,0.00021738123916533074,0.3328249452823529
14,519.9554917890912,,,mixed ring-site C-H out-of-plane bending / cyclic-ring deformation (C-C-C bend),nu(C9-H21),bond,3.5564780059376306e-05,-,-0.00018557806766794069,0.33578982314146966
14,519.9554917890912,,,mixed ring-site C-H out-of-plane bending / cyclic-ring deformation (C-C-C bend),"gamma(H12;C1,H10,H11)",oop,2.9102883482194263e-05,-,-0.00020911185593845892,0.21641103722868646
14,519.9554917890912,,,mixed ring-site C-H out-of-plane bending / cyclic-ring deformation (C-C-C bend),nu(C8-H17),bond,2.084488259230152e-05,+,0.00014282901286058925,0.33225175462853057
14,519.9554917890912,,,mixed ring-site C-H out-of-plane bending / cyclic-ring deformation (C-C-C bend),nu(C1-H12),bond,1.8132255407938368e-05,-,-0.00013168602428929464,0.33999548876067176
15,556.98679475427,,,mixed cyclic-ring deformation (O-C-C bend) / ring-site C-H out-of-plane bending / cyclic-ring out-of-plane deformation,delta(O3-C2-C7),angle,22.393929790839067,+,0.07973386326432677,1.1899400216449423
15,556.98679475427,,,mixed cyclic-ring deformation (O-C-C bend) / ring-site C-H out-of-plane bending / cyclic-ring out-of-plane deformation,"gamma(C6;C7,C2,C9)",oop,13.00735864478629,-,-0.05247400577083845,1.5958095173539286
15,556.98679475427,,,mixed cyclic-ring deformation (O-C-C bend) / ring-site C-H out-of-plane bending / cyclic-ring out-of-plane deformation,tau(C2-C7-C9-H21),dihedral,12.100213974890584,-,-0.07824720732781089,0.6676298268489548
15,556.98679475427,,,mixed cyclic-ring deformation (O-C-C bend) / ring-site C-H out-of-plane bending / cyclic-ring out-of-plane deformation,delta(C4-C5-C9),angle,9.734800141770355,+,0.04672650442400652,1.506193701341896
15,556.98679475427,,,mixed cyclic-ring deformation (O-C-C bend) / ring-site C-H out-of-plane bending / cyclic-ring out-of-plane deformation,tau(O3-C2-C7-C6),dihedral,9.094351796796623,-,-0.0603723555586409,0.8428996647092574
15,556.98679475427,,,mixed cyclic-ring deformation (O-C-C bend) / ring-site C-H out-of-plane bending / cyclic-ring out-of-plane deformation,delta(O3-C4-C5),angle,7.9374488969374335,+,0.05092506231331626,1.033946761767908
15,556.98679475427,,,mixed cyclic-ring deformation (O-C-C bend) / ring-site C-H out-of-plane bending / cyclic-ring out-of-plane deformation,nu(C1-C2),bond,4.235319456665182,-,-0.0691578853836942,0.2991459555841769
15,556.98679475427,,,mixed cyclic-ring deformation (O-C-C bend) / ring-site C-H out-of-plane bending / cyclic-ring out-of-plane deformation,"gamma(H21;C9,C5,C7)",oop,4.162914010800589,+,0.031000470760121326,1.4633264940362696
15,556.98679475427,,,mixed cyclic-ring deformation (O-C-C bend) / ring-site C-H out-of-plane bending / cyclic-ring out-of-plane deformation,"gamma(O3;C4,C5,H13)",oop,2.694177694019947,-,-0.08293936574645885,0.13230772126924695
15,556.98679475427,,,mixed cyclic-ring deformation (O-C-C bend) / ring-site C-H out-of-plane bending / cyclic-ring out-of-plane deformation,nu(O3-C4),bond,2.642011173424946,+,0.04878483698154555,0.375012122768873
15,556.98679475427,,,mixed cyclic-ring deformation (O-C-C bend) / ring-site C-H out-of-plane bending / cyclic-ring out-of-plane deformation,tau(C4-C5-C9-H20),dihedral,1.3024548419198687,+,0.027697523848473023,0.5735366270754743
15,556.98679475427,,,mixed cyclic-ring deformation (O-C-C bend) / ring-site C-H out-of-plane bending / cyclic-ring out-of-plane deformation,delta(C7-C6-H15),angle,1.0240775174476706,+,0.03529528512868853,0.27770251683716846
15,556.98679475427,,,mixed cyclic-ring deformation (O-C-C bend) / ring-site C-H out-of-plane bending / cyclic-ring out-of-plane deformation,delta(C1-C2-C7),angle,0.9911442268513128,-,-0.030872919506140087,0.35128679741124474
15,556.98679475427,,,mixed cyclic-ring deformation (O-C-C bend) / ring-site C-H out-of-plane bending / cyclic-ring out-of-plane deformation,nu(C5-C9),bond,0.9312959096097424,+,0.034845981381259813,0.25909716935407706
15,556.98679475427,,,mixed cyclic-ring deformation (O-C-C bend) / ring-site C-H out-of-plane bending / cyclic-ring out-of-plane deformation,delta(C2-C1-H11),angle,0.8828855339262626,-,-0.028399938727230435,0.36978557709159526
15,556.98679475427,,,mixed cyclic-ring deformation (O-C-C bend) / ring-site C-H out-of-plane bending / cyclic-ring out-of-plane deformation,nu(C7-C8),bond,0.8187236029221159,+,0.03103509059108074,0.287151870291782
15,556.98679475427,,,mixed cyclic-ring deformation (O-C-C bend) / ring-site C-H out-of-plane bending / cyclic-ring out-of-plane deformation,delta(C5-C6-H16),angle,0.7739384590782099,-,-0.027864586932190318,0.33672982370377696
15,556.98679475427,,,mixed cyclic-ring deformation (O-C-C bend) / ring-site C-H out-of-plane bending / cyclic-ring out-of-plane deformation,tau(C6-C7-C8-H18),dihedral,0.6858789927995914,-,-0.030282721636516612,0.25266091572024935
15,556.98679475427,,,mixed cyclic-ring deformation (O-C-C bend) / ring-site C-H out-of-plane bending / cyclic-ring out-of-plane deformation,tau(C2-C7-C8-H19),dihedral,0.6487106681620487,+,0.02802781832338571,0.2789669960422185
15,556.98679475427,,,mixed cyclic-ring deformation (O-C-C bend) / ring-site C-H out-of-plane bending / cyclic-ring out-of-plane deformation,tau(H10-C1-C2-O3),dihedral,0.5330657946986874,+,0.03202735454395089,0.17555736525640764
15,556.98679475427,,,mixed cyclic-ring deformation (O-C-C bend) / ring-site C-H out-of-plane bending / cyclic-ring out-of-plane deformation,tau(H12-C1-C2-C7),dihedral,0.523626541279985,-,-0.03229655229186833,0.16958588363924
15,556.98679475427,,,mixed cyclic-ring deformation (O-C-C bend) / ring-site C-H out-of-plane bending / cyclic-ring out-of-plane deformation,nu(C2-C4),bond,0.5059777614223326,-,-0.017842113956497877,0.5369318728370088
15,556.98679475427,,,mixed cyclic-ring deformation (O-C-C bend) / ring-site C-H out-of-plane bending / cyclic-ring out-of-plane deformation,"gamma(H14;C5,C6,C9)",oop,0.4914146109659199,+,0.028598036379599182,0.2029812906968152
15,556.98679475427,,,mixed cyclic-ring deformation (O-C-C bend) / ring-site C-H out-of-plane bending / cyclic-ring out-of-plane deformation,tau(C1-C2-C7-C6),dihedral,0.3320367939452516,+,0.02018261992737018,0.27536675168740415
15,556.98679475427,,,mixed cyclic-ring deformation (O-C-C bend) / ring-site C-H out-of-plane bending / cyclic-ring out-of-plane deformation,nu(C6-C7),bond,0.3305226678262498,-,-0.01978961238015131,0.2851064531742666
15,556.98679475427,,,mixed cyclic-ring deformation (O-C-C bend) / ring-site C-H out-of-plane bending / cyclic-ring out-of-plane deformation,tau(C8-C7-C9-C5),dihedral,0.2652303752801946,-,-0.017057034989541038,0.3079615894469893
15,556.98679475427,,,mixed cyclic-ring deformation (O-C-C bend) / ring-site C-H out-of-plane bending / cyclic-ring out-of-plane deformation,delta(C5-C6-H15),angle,0.2339297329210445,+,0.016811958115891215,0.27959487055579446
15,556.98679475427,,,mixed cyclic-ring deformation (O-C-C bend) / ring-site C-H out-of-plane bending / cyclic-ring out-of-plane deformation,nu(C2-C7),bond,0.18399181683853894,+,0.013956647297833417,0.31909255709522183
15,556.98679475427,,,mixed cyclic-ring deformation (O-C-C bend) / ring-site C-H out-of-plane bending / cyclic-ring out-of-plane deformation,nu(C7-C9),bond,0.14623332378780207,-,-0.014439254099495036,0.23693935749874415
15,556.98679475427,,,mixed cyclic-ring deformation (O-C-C bend) / ring-site C-H out-of-plane bending / cyclic-ring out-of-plane deformation,nu(C4-C5),bond,0.10604579619813483,+,0.010920496608674715,0.30039247824764354
15,556.98679475427,,,mixed cyclic-ring deformation (O-C-C bend) / ring-site C-H out-of-plane bending / cyclic-ring out-of-plane deformation,delta(C5-C4-H13),angle,0.06881395913551011,+,0.010155747679014629,0.22538920624003742
15,556.98679475427,,,mixed cyclic-ring deformation (O-C-C bend) / ring-site C-H out-of-plane bending / cyclic-ring out-of-plane deformation,nu(C2-O3),bond,0.05486964628917334,-,-0.008584402587773737,0.25153149975958655
15,556.98679475427,,,mixed cyclic-ring deformation (O-C-C bend) / ring-site C-H out-of-plane bending / cyclic-ring out-of-plane deformation,"gamma(H12;C1,H10,H11)",oop,0.03409314897251536,-,-0.0072951468984548806,0.21641103722868646
15,556.98679475427,,,mixed cyclic-ring deformation (O-C-C bend) / ring-site C-H out-of-plane bending / cyclic-ring out-of-plane deformation,delta(C7-C8-H19),angle,0.02581820449047681,-,-0.004821762546491392,0.37514120679903984
15,556.98679475427,,,mixed cyclic-ring deformation (O-C-C bend) / ring-site C-H out-of-plane bending / cyclic-ring out-of-plane deformation,"gamma(C7;C9,H20,H21)",oop,0.021903873655469443,-,-0.004167905042213468,0.42595690951260695
15,556.98679475427,,,mixed cyclic-ring deformation (O-C-C bend) / ring-site C-H out-of-plane bending / cyclic-ring out-of-plane deformation,delta(C7-C8-H17),angle,0.017205079440085414,-,-0.003465848505533909,0.4838579761113301
15,556.98679475427,,,mixed cyclic-ring deformation (O-C-C bend) / ring-site C-H out-of-plane bending / cyclic-ring out-of-plane deformation,nu(C5-C6),bond,0.014792854489222594,+,0.003946632763112053,0.3208329206887749
15,556.98679475427,,,mixed cyclic-ring deformation (O-C-C bend) / ring-site C-H out-of-plane bending / cyclic-ring out-of-plane deformation,delta(C2-C1-H12),angle,0.014629629861471583,-,-0.004029441114647725,0.3043855873378456
15,556.98679475427,,,mixed cyclic-ring deformation (O-C-C bend) / ring-site C-H out-of-plane bending / cyclic-ring out-of-plane deformation,tau(C2-C4-C5-H14),dihedral,0.012607416732971046,-,-0.005509196633284306,0.1403233470126861
15,556.98679475427,,,mixed cyclic-ring deformation (O-C-C bend) / ring-site C-H out-of-plane bending / cyclic-ring out-of-plane deformation,delta(H15-C6-H16),angle,0.004622379550165633,+,0.0020815592735513476,0.3603864154338734
15,556.98679475427,,,mixed cyclic-ring deformation (O-C-C bend) / ring-site C-H out-of-plane bending / cyclic-ring out-of-plane deformation,nu(C4-H13),bond,0.002812008653422887,-,-0.0016428763032158918,0.351955126413533
15,556.98679475427,,,mixed cyclic-ring deformation (O-C-C bend) / ring-site C-H out-of-plane bending / cyclic-ring out-of-plane deformation,nu(C6-H15),bond,0.0022066808201355557,-,-0.0014843003540816857,0.33835789268622185
15,556.98679475427,,,mixed cyclic-ring deformation (O-C-C bend) / ring-site C-H out-of-plane bending / cyclic-ring out-of-plane deformation,"gamma(H17;C8,H18,H19)",oop,0.002188475761747911,+,0.001437973074466308,0.35753668248522347
15,556.98679475427,,,mixed cyclic-ring deformation (O-C-C bend) / ring-site C-H out-of-plane bending / cyclic-ring out-of-plane deformation,delta(H20-C9-H21),angle,0.002026765297097412,-,-0.0010086447036520517,0.6729881358363181
15,556.98679475427,,,mixed cyclic-ring deformation (O-C-C bend) / ring-site C-H out-of-plane bending / cyclic-ring out-of-plane deformation,delta(H10-C1-H11),angle,0.0018036739052381574,+,0.0015529514409786524,0.25265194351349923
15,556.98679475427,,,mixed cyclic-ring deformation (O-C-C bend) / ring-site C-H out-of-plane bending / cyclic-ring out-of-plane deformation,nu(C1-H11),bond,0.0013893805931612113,+,0.0011874830448612718,0.3328486247653903
15,556.98679475427,,,mixed cyclic-ring deformation (O-C-C bend) / ring-site C-H out-of-plane bending / cyclic-ring out-of-plane deformation,nu(C1-H12),bond,0.0012851498815601632,-,-0.0011300053499109222,0.33999548876067176
15,556.98679475427,,,mixed cyclic-ring deformation (O-C-C bend) / ring-site C-H out-of-plane bending / cyclic-ring out-of-plane deformation,nu(C1-H10),bond,0.0011798188525681743,-,-0.0010915147698518563,0.33453107906648005
15,556.98679475427,,,mixed cyclic-ring deformation (O-C-C bend) / ring-site C-H out-of-plane bending / cyclic-ring out-of-plane deformation,nu(C9-H21),bond,0.0004205385421013475,+,0.0006504431197682889,0.33578982314146966
15,556.98679475427,,,mixed cyclic-ring deformation (O-C-C bend) / ring-site C-H out-of-plane bending / cyclic-ring out-of-plane deformation,delta(H18-C8-H19),angle,0.0003601508797124548,+,0.0005851667836296984,0.35530843806641327
15,556.98679475427,,,mixed cyclic-ring deformation (O-C-C bend) / ring-site C-H out-of-plane bending / cyclic-ring out-of-plane deformation,nu(C5-H14),bond,0.0003432011150593523,-,-0.000581777657862893,0.3425429122248566
15,556.98679475427,,,mixed cyclic-ring deformation (O-C-C bend) / ring-site C-H out-of-plane bending / cyclic-ring out-of-plane deformation,nu(C8-H19),bond,0.00023009033606566153,+,0.000482208495279231,0.3342789560628059
15,556.98679475427,,,mixed cyclic-ring deformation (O-C-C bend) / ring-site C-H out-of-plane bending / cyclic-ring out-of-plane deformation,nu(C9-H20),bond,0.00022770179833789486,+,0.00048192869329893157,0.3311930886360174
15,556.98679475427,,,mixed cyclic-ring deformation (O-C-C bend) / ring-site C-H out-of-plane bending / cyclic-ring out-of-plane deformation,nu(C6-H16),bond,0.00018926553803918383,+,0.0004292490449499431,0.3470030099281011
15,556.98679475427,,,mixed cyclic-ring deformation (O-C-C bend) / ring-site C-H out-of-plane bending / cyclic-ring out-of-plane deformation,nu(C8-H18),bond,0.00016987362195605962,-,-0.00041523621662544136,0.3328249452823529
15,556.98679475427,,,mixed cyclic-ring deformation (O-C-C bend) / ring-site C-H out-of-plane bending / cyclic-ring out-of-plane deformation,nu(C8-H17),bond,7.292257939570125e-05,-,-0.000272293676682811,0.33225175462853057
15,556.98679475427,,,mixed cyclic-ring deformation (O-C-C bend) / ring-site C-H out-of-plane bending / cyclic-ring out-of-plane deformation,tau(C9-C7-C8-H17),dihedral,2.7560395328254426e-05,-,-0.00023231348249041795,0.1725110767453955
16,603.3721250501139,,,mixed cyclic-ring torsional/out-of-plane deformation / cyclic-ring deformation (O-C-C bend),tau(O3-C2-C7-C6),dihedral,21.960822208867455,+,0.07541338264454146,0.8428996647092574
16,603.3721250501139,,,mixed cyclic-ring torsional/out-of-plane deformation / cyclic-ring deformation (O-C-C bend),nu(C7-C8),bond,13.163981153523716,-,-0.10003451369302423,0.287151870291782
16,603.3721250501139,,,mixed cyclic-ring torsional/out-of-plane deformation / cyclic-ring deformation (O-C-C bend),delta(O3-C2-C7),angle,11.713900476043369,+,0.04635539574396601,1.1899400216449423
16,603.3721250501139,,,mixed cyclic-ring torsional/out-of-plane deformation / cyclic-ring deformation (O-C-C bend),delta(O3-C4-C5),angle,5.985590688419896,+,0.03554810733765014,1.033946761767908
16,603.3721250501139,,,mixed cyclic-ring torsional/out-of-plane deformation / cyclic-ring deformation (O-C-C bend),tau(H12-C1-C2-C7),dihedral,5.609523147472973,+,0.08497285039702347,0.16958588363924
16,603.3721250501139,,,mixed cyclic-ring torsional/out-of-plane deformation / cyclic-ring deformation (O-C-C bend),nu(C2-C7),bond,5.000831120918378,-,-0.05848908415535443,0.31909255709522183
16,603.3721250501139,,,mixed cyclic-ring torsional/out-of-plane deformation / cyclic-ring deformation (O-C-C bend),delta(C4-C5-C9),angle,3.5859312465591127,-,-0.022796733887891267,1.506193701341896
16,603.3721250501139,,,mixed cyclic-ring torsional/out-of-plane deformation / cyclic-ring deformation (O-C-C bend),tau(C2-C7-C8-H19),dihedral,3.425032413287218,+,0.05176878757167191,0.2789669960422185
16,603.3721250501139,,,mixed cyclic-ring torsional/out-of-plane deformation / cyclic-ring deformation (O-C-C bend),delta(C5-C6-H15),angle,2.8008720584097677,+,0.04676211005260156,0.27959487055579446
16,603.3721250501139,,,mixed cyclic-ring torsional/out-of-plane deformation / cyclic-ring deformation (O-C-C bend),nu(O3-C4),bond,2.644166375588161,+,0.03923139936617393,0.375012122768873
16,603.3721250501139,,,mixed cyclic-ring torsional/out-of-plane deformation / cyclic-ring deformation (O-C-C bend),tau(H10-C1-C2-O3),dihedral,2.53109058904503,-,-0.05609916295284502,0.17555736525640764
16,603.3721250501139,,,mixed cyclic-ring torsional/out-of-plane deformation / cyclic-ring deformation (O-C-C bend),nu(C6-C7),bond,2.526025787200847,-,-0.04397718536586925,0.2851064531742666
16,603.3721250501139,,,mixed cyclic-ring torsional/out-of-plane deformation / cyclic-ring deformation (O-C-C bend),nu(C4-C5),bond,1.9156934478839172,+,0.037310454883605,0.30039247824764354
16,603.3721250501139,,,mixed cyclic-ring torsional/out-of-plane deformation / cyclic-ring deformation (O-C-C bend),tau(C4-C5-C9-H20),dihedral,1.8874593617263025,+,0.02680219050952099,0.5735366270754743
16,603.3721250501139,,,mixed cyclic-ring torsional/out-of-plane deformation / cyclic-ring deformation (O-C-C bend),"gamma(H14;C5,C6,C9)",oop,1.7946280147953044,-,-0.04393101935400719,0.2029812906968152
16,603.3721250501139,,,mixed cyclic-ring torsional/out-of-plane deformation / cyclic-ring deformation (O-C-C bend),tau(C2-C7-C9-H21),dihedral,1.5509379519042388,+,0.02251860122524768,0.6676298268489548
16,603.3721250501139,,,mixed cyclic-ring torsional/out-of-plane deformation / cyclic-ring deformation (O-C-C bend),nu(C2-C4),bond,1.4087174909101714,-,-0.023931197168793307,0.5369318728370088
16,603.3721250501139,,,mixed cyclic-ring torsional/out-of-plane deformation / cyclic-ring deformation (O-C-C bend),delta(C2-C1-H11),angle,1.3856920264348258,+,0.028600290132920352,0.36978557709159526
16,603.3721250501139,,,mixed cyclic-ring torsional/out-of-plane deformation / cyclic-ring deformation (O-C-C bend),tau(C2-C4-C5-H14),dihedral,1.3413536669139479,+,0.04567922708746462,0.1403233470126861
16,603.3721250501139,,,mixed cyclic-ring torsional/out-of-plane deformation / cyclic-ring deformation (O-C-C bend),tau(C8-C7-C9-C5),dihedral,1.0296230211130728,+,0.027014871733633445,0.3079615894469893
16,603.3721250501139,,,mixed cyclic-ring torsional/out-of-plane deformation / cyclic-ring deformation (O-C-C bend),"gamma(H21;C9,C5,C7)",oop,0.9423738906828181,+,0.01185640616739642,1.4633264940362696
16,603.3721250501139,,,mixed cyclic-ring torsional/out-of-plane deformation / cyclic-ring deformation (O-C-C bend),delta(C5-C6-H16),angle,0.7713995187053534,-,-0.022362016017885667,0.33672982370377696
16,603.3721250501139,,,mixed cyclic-ring torsional/out-of-plane deformation / cyclic-ring deformation (O-C-C bend),tau(C1-C2-C7-C6),dihedral,0.7093696633110973,-,-0.023713334034391364,0.27536675168740415
16,603.3721250501139,,,mixed cyclic-ring torsional/out-of-plane deformation / cyclic-ring deformation (O-C-C bend),delta(C2-C1-H12),angle,0.6191146476766927,-,-0.021071020087451778,0.3043855873378456
16,603.3721250501139,,,mixed cyclic-ring torsional/out-of-plane deformation / cyclic-ring deformation (O-C-C bend),"gamma(O3;C4,C5,H13)",oop,0.6165658706630968,-,-0.031894016140025606,0.13230772126924695
16,603.3721250501139,,,mixed cyclic-ring torsional/out-of-plane deformation / cyclic-ring deformation (O-C-C bend),delta(C7-C8-H17),angle,0.6150021160804521,-,-0.016656794076231662,0.4838579761113301
16,603.3721250501139,,,mixed cyclic-ring torsional/out-of-plane deformation / cyclic-ring deformation (O-C-C bend),delta(C1-C2-C7),angle,0.5806079867550191,+,0.01899427199933787,0.35128679741124474
16,603.3721250501139,,,mixed cyclic-ring torsional/out-of-plane deformation / cyclic-ring deformation (O-C-C bend),tau(C6-C7-C8-H18),dihedral,0.4420962598141452,-,-0.019543459870506028,0.25266091572024935
16,603.3721250501139,,,mixed cyclic-ring torsional/out-of-plane deformation / cyclic-ring deformation (O-C-C bend),delta(C7-C6-H15),angle,0.3318193939939154,+,0.01615001904953898,0.27770251683716846
16,603.3721250501139,,,mixed cyclic-ring torsional/out-of-plane deformation / cyclic-ring deformation (O-C-C bend),nu(C1-C2),bond,0.32104300920353057,-,-0.015305661521621031,0.2991459555841769
16,603.3721250501139,,,mixed cyclic-ring torsional/out-of-plane deformation / cyclic-ring deformation (O-C-C bend),delta(H15-C6-H16),angle,0.1284777065332885,+,0.008821485925445356,0.3603864154338734
16,603.3721250501139,,,mixed cyclic-ring torsional/out-of-plane deformation / cyclic-ring deformation (O-C-C bend),delta(C5-C4-H13),angle,0.12559903369601783,-,-0.01102906397643404,0.22538920624003742
16,603.3721250501139,,,mixed cyclic-ring torsional/out-of-plane deformation / cyclic-ring deformation (O-C-C bend),nu(C5-C9),bond,0.09481581817467864,-,-0.008937604408590935,0.25909716935407706
16,603.3721250501139,,,mixed cyclic-ring torsional/out-of-plane deformation / cyclic-ring deformation (O-C-C bend),delta(C7-C8-H19),angle,0.07353762716090359,+,0.00654138159280472,0.37514120679903984
16,603.3721250501139,,,mixed cyclic-ring torsional/out-of-plane deformation / cyclic-ring deformation (O-C-C bend),nu(C7-C9),bond,0.07345117309263573,-,-0.008226078107291153,0.23693935749874415
16,603.3721250501139,,,mixed cyclic-ring torsional/out-of-plane deformation / cyclic-ring deformation (O-C-C bend),delta(H20-C9-H21),angle,0.06597762390615183,+,0.004626011364737912,0.6729881358363181
16,603.3721250501139,,,mixed cyclic-ring torsional/out-of-plane deformation / cyclic-ring deformation (O-C-C bend),"gamma(H17;C8,H18,H19)",oop,0.059395787916742264,-,-0.006021845167197601,0.35753668248522347
16,603.3721250501139,,,mixed cyclic-ring torsional/out-of-plane deformation / cyclic-ring deformation (O-C-C bend),delta(H18-C8-H19),angle,0.040901002809743764,+,0.00501275271936078,0.35530843806641327
16,603.3721250501139,,,mixed cyclic-ring torsional/out-of-plane deformation / cyclic-ring deformation (O-C-C bend),nu(C5-C6),bond,0.04044461125847453,-,-0.005245693772451483,0.3208329206887749
16,603.3721250501139,,,mixed cyclic-ring torsional/out-of-plane deformation / cyclic-ring deformation (O-C-C bend),nu(C2-O3),bond,0.03967023623589948,-,-0.005867434729501463,0.25153149975958655
16,603.3721250501139,,,mixed cyclic-ring torsional/out-of-plane deformation / cyclic-ring deformation (O-C-C bend),"gamma(C7;C9,H20,H21)",oop,0.015534048174988905,-,-0.0028214447746953064,0.42595690951260695
16,603.3721250501139,,,mixed cyclic-ring torsional/out-of-plane deformation / cyclic-ring deformation (O-C-C bend),delta(H10-C1-H11),angle,0.009358884224116746,+,0.002843562508976275,0.25265194351349923
16,603.3721250501139,,,mixed cyclic-ring torsional/out-of-plane deformation / cyclic-ring deformation (O-C-C bend),nu(C4-H13),bond,0.00794769280889328,-,-0.0022201839183006063,0.351955126413533
16,603.3721250501139,,,mixed cyclic-ring torsional/out-of-plane deformation / cyclic-ring deformation (O-C-C bend),tau(C9-C7-C8-H17),dihedral,0.004393590232172058,-,-0.002357834651835986,0.1725110767453955
16,603.3721250501139,,,mixed cyclic-ring torsional/out-of-plane deformation / cyclic-ring deformation (O-C-C bend),nu(C6-H15),bond,0.0032768988962558945,-,-0.0014539699446945976,0.33835789268622185
16,603.3721250501139,,,mixed cyclic-ring torsional/out-of-plane deformation / cyclic-ring deformation (O-C-C bend),"gamma(C6;C7,C2,C9)",oop,0.0024224442063996324,+,0.0005756366407293512,1.5958095173539286
16,603.3721250501139,,,mixed cyclic-ring torsional/out-of-plane deformation / cyclic-ring deformation (O-C-C bend),nu(C8-H19),bond,0.0012480155074062512,-,-0.0009027500812794786,0.3342789560628059
16,603.3721250501139,,,mixed cyclic-ring torsional/out-of-plane deformation / cyclic-ring deformation (O-C-C bend),nu(C6-H16),bond,0.0010499590919881032,-,-0.0008127025684297597,0.3470030099281011
16,603.3721250501139,,,mixed cyclic-ring torsional/out-of-plane deformation / cyclic-ring deformation (O-C-C bend),nu(C1-H11),bond,0.0005533544114966352,-,-0.0006024074980055639,0.3328486247653903
16,603.3721250501139,,,mixed cyclic-ring torsional/out-of-plane deformation / cyclic-ring deformation (O-C-C bend),nu(C8-H18),bond,0.0003139110277841092,-,-0.0004537403646284357,0.3328249452823529
16,603.3721250501139,,,mixed cyclic-ring torsional/out-of-plane deformation / cyclic-ring deformation (O-C-C bend),nu(C8-H17),bond,0.00017968215313839302,+,0.00034358238805939966,0.33225175462853057
16,603.3721250501139,,,mixed cyclic-ring torsional/out-of-plane deformation / cyclic-ring deformation (O-C-C bend),nu(C9-H20),bond,0.00016132879389444497,-,-0.00032608241199512535,0.3311930886360174
16,603.3721250501139,,,mixed cyclic-ring torsional/out-of-plane deformation / cyclic-ring deformation (O-C-C bend),"gamma(H12;C1,H10,H11)",oop,1.4009340467613064e-05,+,0.00011887244778658275,0.21641103722868646
16,603.3721250501139,,,mixed cyclic-ring torsional/out-of-plane deformation / cyclic-ring deformation (O-C-C bend),nu(C1-H10),bond,5.681249013867548e-06,+,6.0885761313929966e-05,0.33453107906648005
16,603.3721250501139,,,mixed cyclic-ring torsional/out-of-plane deformation / cyclic-ring deformation (O-C-C bend),nu(C9-H21),bond,3.480606187109487e-06,+,4.7566997939298626e-05,0.33578982314146966
16,603.3721250501139,,,mixed cyclic-ring torsional/out-of-plane deformation / cyclic-ring deformation (O-C-C bend),nu(C1-H12),bond,1.527349230893637e-06,-,-3.131444088819737e-05,0.33999548876067176
16,603.3721250501139,,,mixed cyclic-ring torsional/out-of-plane deformation / cyclic-ring deformation (O-C-C bend),nu(C5-H14),bond,2.672382169103709e-07,-,-1.3049799939595992e-05,0.3425429122248566
17,628.1943046978214,,,mixed mixed-phase cyclic C-C stretching / cyclic-ring deformation (O-C-C bend) / ring-site C-H in-plane bending,delta(O3-C4-C5),angle,22.82715354201415,+,0.07034956686219042,1.033946761767908
17,628.1943046978214,,,mixed mixed-phase cyclic C-C stretching / cyclic-ring deformation (O-C-C bend) / ring-site C-H in-plane bending,nu(C2-C7),bond,13.000306824677033,+,0.09556593221615524,0.31909255709522183
17,628.1943046978214,,,mixed mixed-phase cyclic C-C stretching / cyclic-ring deformation (O-C-C bend) / ring-site C-H in-plane bending,"gamma(C6;C7,C2,C9)",oop,6.774188481937476,-,-0.030847697194690236,1.5958095173539286
17,628.1943046978214,,,mixed mixed-phase cyclic C-C stretching / cyclic-ring deformation (O-C-C bend) / ring-site C-H in-plane bending,delta(C5-C6-H16),angle,6.344574962828441,-,-0.06498978669818074,0.33672982370377696
17,628.1943046978214,,,mixed mixed-phase cyclic C-C stretching / cyclic-ring deformation (O-C-C bend) / ring-site C-H in-plane bending,nu(C1-C2),bond,5.87215577340261,+,0.06633486545754196,0.2991459555841769
17,628.1943046978214,,,mixed mixed-phase cyclic C-C stretching / cyclic-ring deformation (O-C-C bend) / ring-site C-H in-plane bending,delta(C5-C6-H15),angle,4.508282631199734,+,0.06012091811699836,0.27959487055579446
17,628.1943046978214,,,mixed mixed-phase cyclic C-C stretching / cyclic-ring deformation (O-C-C bend) / ring-site C-H in-plane bending,nu(C6-C7),bond,3.896321856120082,+,0.05534884022943824,0.2851064531742666
17,628.1943046978214,,,mixed mixed-phase cyclic C-C stretching / cyclic-ring deformation (O-C-C bend) / ring-site C-H in-plane bending,nu(C7-C9),bond,3.7318642966041393,+,0.05941949476837081,0.23693935749874415
17,628.1943046978214,,,mixed mixed-phase cyclic C-C stretching / cyclic-ring deformation (O-C-C bend) / ring-site C-H in-plane bending,nu(C2-O3),bond,3.335764692994963,+,0.054523804282964515,0.25153149975958655
17,628.1943046978214,,,mixed mixed-phase cyclic C-C stretching / cyclic-ring deformation (O-C-C bend) / ring-site C-H in-plane bending,nu(C7-C8),bond,3.170127214013467,+,0.04974702994154184,0.287151870291782
17,628.1943046978214,,,mixed mixed-phase cyclic C-C stretching / cyclic-ring deformation (O-C-C bend) / ring-site C-H in-plane bending,delta(C7-C6-H15),angle,2.6115300206494747,+,0.045913694472262546,0.27770251683716846
17,628.1943046978214,,,mixed mixed-phase cyclic C-C stretching / cyclic-ring deformation (O-C-C bend) / ring-site C-H in-plane bending,tau(C6-C7-C8-H18),dihedral,2.5761626740475263,-,-0.047808183788183536,0.25266091572024935
17,628.1943046978214,,,mixed mixed-phase cyclic C-C stretching / cyclic-ring deformation (O-C-C bend) / ring-site C-H in-plane bending,delta(C5-C4-H13),angle,2.364259052526,-,-0.04849149903019618,0.22538920624003742
17,628.1943046978214,,,mixed mixed-phase cyclic C-C stretching / cyclic-ring deformation (O-C-C bend) / ring-site C-H in-plane bending,tau(O3-C2-C7-C6),dihedral,2.3002864529180806,+,0.02473361844722809,0.8428996647092574
17,628.1943046978214,,,mixed mixed-phase cyclic C-C stretching / cyclic-ring deformation (O-C-C bend) / ring-site C-H in-plane bending,nu(C5-C6),bond,2.069060055642434,-,-0.03802171676545579,0.3208329206887749
17,628.1943046978214,,,mixed mixed-phase cyclic C-C stretching / cyclic-ring deformation (O-C-C bend) / ring-site C-H in-plane bending,delta(C7-C8-H19),angle,1.7652829881548062,+,0.032478384498377776,0.37514120679903984
17,628.1943046978214,,,mixed mixed-phase cyclic C-C stretching / cyclic-ring deformation (O-C-C bend) / ring-site C-H in-plane bending,nu(C4-C5),bond,1.717634048302982,+,0.03580184679971252,0.30039247824764354
17,628.1943046978214,,,mixed mixed-phase cyclic C-C stretching / cyclic-ring deformation (O-C-C bend) / ring-site C-H in-plane bending,tau(C2-C7-C9-H21),dihedral,1.0972092603347205,+,0.019193823783705176,0.6676298268489548
17,628.1943046978214,,,mixed mixed-phase cyclic C-C stretching / cyclic-ring deformation (O-C-C bend) / ring-site C-H in-plane bending,"gamma(H14;C5,C6,C9)",oop,1.0644708300385222,-,-0.03428652841594871,0.2029812906968152
17,628.1943046978214,,,mixed mixed-phase cyclic C-C stretching / cyclic-ring deformation (O-C-C bend) / ring-site C-H in-plane bending,nu(C2-C4),bond,1.040633206271287,+,0.02084365537790877,0.5369318728370088
17,628.1943046978214,,,mixed mixed-phase cyclic C-C stretching / cyclic-ring deformation (O-C-C bend) / ring-site C-H in-plane bending,tau(H12-C1-C2-C7),dihedral,1.0142628710876178,+,0.03661550691654992,0.16958588363924
17,628.1943046978214,,,mixed mixed-phase cyclic C-C stretching / cyclic-ring deformation (O-C-C bend) / ring-site C-H in-plane bending,nu(C5-C9),bond,0.9640199580632668,-,-0.02887994188428239,0.25909716935407706
17,628.1943046978214,,,mixed mixed-phase cyclic C-C stretching / cyclic-ring deformation (O-C-C bend) / ring-site C-H in-plane bending,tau(C9-C7-C8-H17),dihedral,0.8251050928456447,+,0.032743928059935964,0.1725110767453955
17,628.1943046978214,,,mixed mixed-phase cyclic C-C stretching / cyclic-ring deformation (O-C-C bend) / ring-site C-H in-plane bending,tau(C2-C7-C8-H19),dihedral,0.692570367474067,+,0.023590664620973097,0.2789669960422185
17,628.1943046978214,,,mixed mixed-phase cyclic C-C stretching / cyclic-ring deformation (O-C-C bend) / ring-site C-H in-plane bending,delta(C7-C8-H17),angle,0.6823941048943155,-,-0.017780473305791373,0.4838579761113301
17,628.1943046978214,,,mixed mixed-phase cyclic C-C stretching / cyclic-ring deformation (O-C-C bend) / ring-site C-H in-plane bending,tau(C1-C2-C7-C6),dihedral,0.6596338019882203,-,-0.02317289730281266,0.27536675168740415
17,628.1943046978214,,,mixed mixed-phase cyclic C-C stretching / cyclic-ring deformation (O-C-C bend) / ring-site C-H in-plane bending,"gamma(H21;C9,C5,C7)",oop,0.43102151145356493,-,-0.008125750653057562,1.4633264940362696
17,628.1943046978214,,,mixed mixed-phase cyclic C-C stretching / cyclic-ring deformation (O-C-C bend) / ring-site C-H in-plane bending,"gamma(C7;C9,H20,H21)",oop,0.42297291083920946,-,-0.01491963092346763,0.42595690951260695
17,628.1943046978214,,,mixed mixed-phase cyclic C-C stretching / cyclic-ring deformation (O-C-C bend) / ring-site C-H in-plane bending,delta(C2-C1-H12),angle,0.409207875349124,+,0.01735979473897777,0.3043855873378456
17,628.1943046978214,,,mixed mixed-phase cyclic C-C stretching / cyclic-ring deformation (O-C-C bend) / ring-site C-H in-plane bending,tau(C4-C5-C9-H20),dihedral,0.40685102636856624,+,0.012610193928969947,0.5735366270754743
17,628.1943046978214,,,mixed mixed-phase cyclic C-C stretching / cyclic-ring deformation (O-C-C bend) / ring-site C-H in-plane bending,delta(O3-C2-C7),angle,0.38890168789884394,+,0.008559374228654765,1.1899400216449423
17,628.1943046978214,,,mixed mixed-phase cyclic C-C stretching / cyclic-ring deformation (O-C-C bend) / ring-site C-H in-plane bending,delta(C4-C5-C9),angle,0.3822913565076081,+,0.007542954055348319,1.506193701341896
17,628.1943046978214,,,mixed mixed-phase cyclic C-C stretching / cyclic-ring deformation (O-C-C bend) / ring-site C-H in-plane bending,tau(H10-C1-C2-O3),dihedral,0.17115055570827348,-,-0.014783057500127152,0.17555736525640764
17,628.1943046978214,,,mixed mixed-phase cyclic C-C stretching / cyclic-ring deformation (O-C-C bend) / ring-site C-H in-plane bending,tau(C2-C4-C5-H14),dihedral,0.16258363745513585,-,-0.016116030732464617,0.1403233470126861
17,628.1943046978214,,,mixed mixed-phase cyclic C-C stretching / cyclic-ring deformation (O-C-C bend) / ring-site C-H in-plane bending,delta(C2-C1-H11),angle,0.10146181968893288,+,0.007842616449420475,0.36978557709159526
17,628.1943046978214,,,mixed mixed-phase cyclic C-C stretching / cyclic-ring deformation (O-C-C bend) / ring-site C-H in-plane bending,delta(C1-C2-C7),angle,0.052929509286143955,-,-0.005811692887973447,0.35128679741124474
17,628.1943046978214,,,mixed mixed-phase cyclic C-C stretching / cyclic-ring deformation (O-C-C bend) / ring-site C-H in-plane bending,"gamma(H17;C8,H18,H19)",oop,0.03384619601311579,+,0.004606586877472679,0.35753668248522347
17,628.1943046978214,,,mixed mixed-phase cyclic C-C stretching / cyclic-ring deformation (O-C-C bend) / ring-site C-H in-plane bending,delta(H10-C1-H11),angle,0.029823546634115596,-,-0.0051440236808162,0.25265194351349923
17,628.1943046978214,,,mixed mixed-phase cyclic C-C stretching / cyclic-ring deformation (O-C-C bend) / ring-site C-H in-plane bending,"gamma(H12;C1,H10,H11)",oop,0.02636866633527753,+,0.005226235981529214,0.21641103722868646
17,628.1943046978214,,,mixed mixed-phase cyclic C-C stretching / cyclic-ring deformation (O-C-C bend) / ring-site C-H in-plane bending,delta(H15-C6-H16),angle,0.0258129007933217,+,0.0040069953330839694,0.3603864154338734
17,628.1943046978214,,,mixed mixed-phase cyclic C-C stretching / cyclic-ring deformation (O-C-C bend) / ring-site C-H in-plane bending,"gamma(O3;C4,C5,H13)",oop,0.02292206615914125,+,0.006231877711243368,0.13230772126924695
17,628.1943046978214,,,mixed mixed-phase cyclic C-C stretching / cyclic-ring deformation (O-C-C bend) / ring-site C-H in-plane bending,delta(H20-C9-H21),angle,0.011172951419140284,-,-0.0019291450712258693,0.6729881358363181
17,628.1943046978214,,,mixed mixed-phase cyclic C-C stretching / cyclic-ring deformation (O-C-C bend) / ring-site C-H in-plane bending,nu(C5-H14),bond,0.00473809549637432,+,0.0017608771121316257,0.3425429122248566
17,628.1943046978214,,,mixed mixed-phase cyclic C-C stretching / cyclic-ring deformation (O-C-C bend) / ring-site C-H in-plane bending,nu(C6-H15),bond,0.0020695115988322715,-,-0.001170928598368633,0.33835789268622185
17,628.1943046978214,,,mixed mixed-phase cyclic C-C stretching / cyclic-ring deformation (O-C-C bend) / ring-site C-H in-plane bending,nu(C9-H21),bond,0.0020445643589110498,+,0.001168291628131186,0.33578982314146966
17,628.1943046978214,,,mixed mixed-phase cyclic C-C stretching / cyclic-ring deformation (O-C-C bend) / ring-site C-H in-plane bending,nu(C9-H20),bond,0.0019011196542790842,+,0.0011343543210794026,0.3311930886360174
17,628.1943046978214,,,mixed mixed-phase cyclic C-C stretching / cyclic-ring deformation (O-C-C bend) / ring-site C-H in-plane bending,nu(C1-H10),bond,0.001166647426676593,+,0.0008841708945659763,0.33453107906648005
17,628.1943046978214,,,mixed mixed-phase cyclic C-C stretching / cyclic-ring deformation (O-C-C bend) / ring-site C-H in-plane bending,delta(H18-C8-H19),angle,0.0009999306143511871,+,0.0007942675292725797,0.35530843806641327
17,628.1943046978214,,,mixed mixed-phase cyclic C-C stretching / cyclic-ring deformation (O-C-C bend) / ring-site C-H in-plane bending,nu(C1-H12),bond,0.0009078540104747313,+,0.0007736705532213589,0.33999548876067176
17,628.1943046978214,,,mixed mixed-phase cyclic C-C stretching / cyclic-ring deformation (O-C-C bend) / ring-site C-H in-plane bending,nu(C8-H18),bond,0.0006275119279925564,+,0.0006501112697263649,0.3328249452823529
17,628.1943046978214,,,mixed mixed-phase cyclic C-C stretching / cyclic-ring deformation (O-C-C bend) / ring-site C-H in-plane bending,nu(C8-H17),bond,0.00032539232838453916,+,0.00046854860559453573,0.33225175462853057
17,628.1943046978214,,,mixed mixed-phase cyclic C-C stretching / cyclic-ring deformation (O-C-C bend) / ring-site C-H in-plane bending,tau(C8-C7-C9-C5),dihedral,0.00020057888685964177,+,0.0003821016989589819,0.3079615894469893
17,628.1943046978214,,,mixed mixed-phase cyclic C-C stretching / cyclic-ring deformation (O-C-C bend) / ring-site C-H in-plane bending,nu(C4-H13),bond,0.00019684342991478805,+,0.00035408004419613194,0.351955126413533
17,628.1943046978214,,,mixed mixed-phase cyclic C-C stretching / cyclic-ring deformation (O-C-C bend) / ring-site C-H in-plane bending,nu(C6-H16),bond,0.00012226244697260494,+,0.00028103768369664307,0.3470030099281011
17,628.1943046978214,,,mixed mixed-phase cyclic C-C stretching / cyclic-ring deformation (O-C-C bend) / ring-site C-H in-plane bending,nu(O3-C4),bond,0.0001085531800458003,+,0.00025473185502523736,0.375012122768873
17,628.1943046978214,,,mixed mixed-phase cyclic C-C stretching / cyclic-ring deformation (O-C-C bend) / ring-site C-H in-plane bending,nu(C8-H19),bond,1.2978950135417606e-05,+,9.329318067539693e-05,0.3342789560628059
17,628.1943046978214,,,mixed mixed-phase cyclic C-C stretching / cyclic-ring deformation (O-C-C bend) / ring-site C-H in-plane bending,nu(C1-H11),bond,4.876749232434186e-06,-,-5.730947964855971e-05,0.3328486247653903
18,711.3629074321234,,,mixed mixed-phase cyclic C-C stretching / ring-site C-H out-of-plane bending,tau(C4-C5-C9-H20),dihedral,13.428756220900357,-,-0.09414332549957084,0.5735366270754743
18,711.3629074321234,,,mixed mixed-phase cyclic C-C stretching / ring-site C-H out-of-plane bending,nu(C7-C9),bond,10.766700783606957,-,-0.13115200606982466,0.23693935749874415
18,711.3629074321234,,,mixed mixed-phase cyclic C-C stretching / ring-site C-H out-of-plane bending,nu(C2-C7),bond,8.579785147699871,+,0.10088627530495534,0.31909255709522183
18,711.3629074321234,,,mixed mixed-phase cyclic C-C stretching / ring-site C-H out-of-plane bending,tau(C6-C7-C8-H18),dihedral,6.600853308889055,-,-0.09944506295313155,0.25266091572024935
18,711.3629074321234,,,mixed mixed-phase cyclic C-C stretching / ring-site C-H out-of-plane bending,nu(C2-O3),bond,6.427216137840249,+,0.09834844133687042,0.25153149975958655
18,711.3629074321234,,,mixed mixed-phase cyclic C-C stretching / ring-site C-H out-of-plane bending,delta(C4-C5-C9),angle,5.961659326133631,+,0.03870752323282636,1.506193701341896
18,711.3629074321234,,,mixed mixed-phase cyclic C-C stretching / ring-site C-H out-of-plane bending,tau(O3-C2-C7-C6),dihedral,5.639955987030289,+,0.05032712668937624,0.8428996647092574
18,711.3629074321234,,,mixed mixed-phase cyclic C-C stretching / ring-site C-H out-of-plane bending,nu(O3-C4),bond,5.561142043753611,-,-0.07492237911007604,0.375012122768873
18,711.3629074321234,,,mixed mixed-phase cyclic C-C stretching / ring-site C-H out-of-plane bending,tau(C8-C7-C9-C5),dihedral,5.358442444068694,-,-0.0811564848526324,0.3079615894469893
18,711.3629074321234,,,mixed mixed-phase cyclic C-C stretching / ring-site C-H out-of-plane bending,nu(C5-C9),bond,4.036065579890631,+,0.07678917331206755,0.25909716935407706
18,711.3629074321234,,,mixed mixed-phase cyclic C-C stretching / ring-site C-H out-of-plane bending,tau(C9-C7-C8-H17),dihedral,3.1698357436676243,+,0.08339924237470203,0.1725110767453955
18,711.3629074321234,,,mixed mixed-phase cyclic C-C stretching / ring-site C-H out-of-plane bending,nu(C7-C8),bond,3.092148412749782,-,-0.06384495125818934,0.287151870291782
18,711.3629074321234,,,mixed mixed-phase cyclic C-C stretching / ring-site C-H out-of-plane bending,tau(C1-C2-C7-C6),dihedral,2.833789463968435,+,0.0624137474129638,0.27536675168740415
18,711.3629074321234,,,mixed mixed-phase cyclic C-C stretching / ring-site C-H out-of-plane bending,delta(C7-C8-H19),angle,2.238468622220724,+,0.0475258988227624,0.37514120679903984
18,711.3629074321234,,,mixed mixed-phase cyclic C-C stretching / ring-site C-H out-of-plane bending,delta(C7-C8-H17),angle,2.0309981177900926,-,-0.03986098509928548,0.4838579761113301
18,711.3629074321234,,,mixed mixed-phase cyclic C-C stretching / ring-site C-H out-of-plane bending,delta(O3-C2-C7),angle,1.770178002591974,-,-0.023730022675757145,1.1899400216449423
18,711.3629074321234,,,mixed mixed-phase cyclic C-C stretching / ring-site C-H out-of-plane bending,nu(C6-C7),bond,1.7643127581901956,-,-0.04839901050792765,0.2851064531742666
18,711.3629074321234,,,mixed mixed-phase cyclic C-C stretching / ring-site C-H out-of-plane bending,"gamma(C6;C7,C2,C9)",oop,1.5221663225394735,-,-0.019001712738573547,1.5958095173539286
18,711.3629074321234,,,mixed mixed-phase cyclic C-C stretching / ring-site C-H out-of-plane bending,nu(C5-C6),bond,1.5197139414702812,+,0.04234417545777767,0.3208329206887749
18,711.3629074321234,,,mixed mixed-phase cyclic C-C stretching / ring-site C-H out-of-plane bending,"gamma(H21;C9,C5,C7)",oop,1.2963569779617652,-,-0.018312342657173346,1.4633264940362696
18,711.3629074321234,,,mixed mixed-phase cyclic C-C stretching / ring-site C-H out-of-plane bending,delta(C7-C6-H15),angle,1.292856171572387,+,0.041979515094135215,0.27770251683716846
18,711.3629074321234,,,mixed mixed-phase cyclic C-C stretching / ring-site C-H out-of-plane bending,nu(C1-C2),bond,1.252064557766802,+,0.03980375207028558,0.2991459555841769
18,711.3629074321234,,,mixed mixed-phase cyclic C-C stretching / ring-site C-H out-of-plane bending,tau(C2-C4-C5-H14),dihedral,0.7991601204168547,-,-0.046430584778969566,0.1403233470126861
18,711.3629074321234,,,mixed mixed-phase cyclic C-C stretching / ring-site C-H out-of-plane bending,delta(C1-C2-C7),angle,0.7521293345417513,+,0.02846869561249466,0.35128679741124474
18,711.3629074321234,,,mixed mixed-phase cyclic C-C stretching / ring-site C-H out-of-plane bending,"gamma(H14;C5,C6,C9)",oop,0.6836703977408735,+,0.03570652631504937,0.2029812906968152
18,711.3629074321234,,,mixed mixed-phase cyclic C-C stretching / ring-site C-H out-of-plane bending,delta(O3-C4-C5),angle,0.5039630163064757,-,-0.013583211524361117,1.033946761767908
18,711.3629074321234,,,mixed mixed-phase cyclic C-C stretching / ring-site C-H out-of-plane bending,delta(C5-C6-H16),angle,0.23105731953151265,+,0.016116520803399252,0.33672982370377696
18,711.3629074321234,,,mixed mixed-phase cyclic C-C stretching / ring-site C-H out-of-plane bending,"gamma(O3;C4,C5,H13)",oop,0.20442922881809045,+,0.024184166241292417,0.13230772126924695
18,711.3629074321234,,,mixed mixed-phase cyclic C-C stretching / ring-site C-H out-of-plane bending,delta(C2-C1-H12),angle,0.130613810861956,-,-0.012744849965325638,0.3043855873378456
18,711.3629074321234,,,mixed mixed-phase cyclic C-C stretching / ring-site C-H out-of-plane bending,tau(C2-C7-C9-H21),dihedral,0.12974177417446592,-,-0.008576779994006722,0.6676298268489548
18,711.3629074321234,,,mixed mixed-phase cyclic C-C stretching / ring-site C-H out-of-plane bending,delta(C5-C4-H13),angle,0.09648104555318647,-,-0.012729362748333988,0.22538920624003742
18,711.3629074321234,,,mixed mixed-phase cyclic C-C stretching / ring-site C-H out-of-plane bending,delta(H18-C8-H19),angle,0.06012360220067973,+,0.008003352672921913,0.35530843806641327
18,711.3629074321234,,,mixed mixed-phase cyclic C-C stretching / ring-site C-H out-of-plane bending,delta(H15-C6-H16),angle,0.05361635220324042,+,0.00750441157759025,0.3603864154338734
18,711.3629074321234,,,mixed mixed-phase cyclic C-C stretching / ring-site C-H out-of-plane bending,"gamma(H12;C1,H10,H11)",oop,0.04869173133528163,+,0.009228691414063827,0.21641103722868646
18,711.3629074321234,,,mixed mixed-phase cyclic C-C stretching / ring-site C-H out-of-plane bending,tau(H12-C1-C2-C7),dihedral,0.03871707232449127,-,-0.009296267771380073,0.16958588363924
18,711.3629074321234,,,mixed mixed-phase cyclic C-C stretching / ring-site C-H out-of-plane bending,nu(C4-C5),bond,0.02783548217412357,-,-0.005922527236051829,0.30039247824764354
18,711.3629074321234,,,mixed mixed-phase cyclic C-C stretching / ring-site C-H out-of-plane bending,delta(H20-C9-H21),angle,0.020258958414040785,+,0.003375647361979929,0.6729881358363181
18,711.3629074321234,,,mixed mixed-phase cyclic C-C stretching / ring-site C-H out-of-plane bending,"gamma(H17;C8,H18,H19)",oop,0.017847727946567617,-,-0.004346937388292495,0.35753668248522347
18,711.3629074321234,,,mixed mixed-phase cyclic C-C stretching / ring-site C-H out-of-plane bending,delta(C5-C6-H15),angle,0.016772695930616727,-,-0.004765286936075692,0.27959487055579446
18,711.3629074321234,,,mixed mixed-phase cyclic C-C stretching / ring-site C-H out-of-plane bending,delta(C2-C1-H11),angle,0.015235939465593588,+,0.003949224788524287,0.36978557709159526
18,711.3629074321234,,,mixed mixed-phase cyclic C-C stretching / ring-site C-H out-of-plane bending,nu(C4-H13),bond,0.011906073258331878,+,0.003578432641879578,0.351955126413533
18,711.3629074321234,,,mixed mixed-phase cyclic C-C stretching / ring-site C-H out-of-plane bending,nu(C2-C4),bond,0.0037850739073931445,-,-0.0016335401328823602,0.5369318728370088
18,711.3629074321234,,,mixed mixed-phase cyclic C-C stretching / ring-site C-H out-of-plane bending,tau(C2-C7-C8-H19),dihedral,0.0032308297057042673,-,-0.0020937886434209104,0.2789669960422185
18,711.3629074321234,,,mixed mixed-phase cyclic C-C stretching / ring-site C-H out-of-plane bending,tau(H10-C1-C2-O3),dihedral,0.002624088308856135,+,0.0023786575117693315,0.17555736525640764
18,711.3629074321234,,,mixed mixed-phase cyclic C-C stretching / ring-site C-H out-of-plane bending,"gamma(C7;C9,H20,H21)",oop,0.0021215494059003796,-,-0.001373080376526947,0.42595690951260695
18,711.3629074321234,,,mixed mixed-phase cyclic C-C stretching / ring-site C-H out-of-plane bending,nu(C6-H15),bond,0.0005285739683244052,+,0.000768983371720095,0.33835789268622185
18,711.3629074321234,,,mixed mixed-phase cyclic C-C stretching / ring-site C-H out-of-plane bending,nu(C1-H12),bond,0.0004989704125255516,+,0.0007453376141694158,0.33999548876067176
18,711.3629074321234,,,mixed mixed-phase cyclic C-C stretching / ring-site C-H out-of-plane bending,nu(C1-H10),bond,0.00046553287519964767,+,0.000725786960304666,0.33453107906648005
18,711.3629074321234,,,mixed mixed-phase cyclic C-C stretching / ring-site C-H out-of-plane bending,nu(C9-H20),bond,0.0003372699498875975,-,-0.0006208696211854936,0.3311930886360174
18,711.3629074321234,,,mixed mixed-phase cyclic C-C stretching / ring-site C-H out-of-plane bending,nu(C5-H14),bond,0.000314708994300398,-,-0.0005897246806744474,0.3425429122248566
18,711.3629074321234,,,mixed mixed-phase cyclic C-C stretching / ring-site C-H out-of-plane bending,nu(C1-H11),bond,0.0001503280201433756,-,-0.0004134745703550557,0.3328486247653903
18,711.3629074321234,,,mixed mixed-phase cyclic C-C stretching / ring-site C-H out-of-plane bending,delta(H10-C1-H11),angle,0.00010712869593786155,+,0.0004006303132949767,0.25265194351349923
18,711.3629074321234,,,mixed mixed-phase cyclic C-C stretching / ring-site C-H out-of-plane bending,nu(C8-H19),bond,5.1798276958189436e-05,-,-0.00024218952602893517,0.3342789560628059
18,711.3629074321234,,,mixed mixed-phase cyclic C-C stretching / ring-site C-H out-of-plane bending,nu(C8-H17),bond,5.008619301140466e-05,-,-0.00023887878914860514,0.33225175462853057
18,711.3629074321234,,,mixed mixed-phase cyclic C-C stretching / ring-site C-H out-of-plane bending,nu(C6-H16),bond,9.389859932576747e-06,-,-0.00010120807282445627,0.3470030099281011
18,711.3629074321234,,,mixed mixed-phase cyclic C-C stretching / ring-site C-H out-of-plane bending,nu(C8-H18),bond,3.468647813165654e-06,+,6.28093628239329e-05,0.3328249452823529
18,711.3629074321234,,,mixed mixed-phase cyclic C-C stretching / ring-site C-H out-of-plane bending,nu(C9-H21),bond,3.447277117700716e-06,+,6.233852937188502e-05,0.33578982314146966
19,794.3353258780586,,,mixed mixed-phase cyclic C-O stretching / cyclic C-C stretching,nu(C2-O3),bond,19.962290052939533,+,0.2075329220996692,0.25153149975958655
19,794.3353258780586,,,mixed mixed-phase cyclic C-O stretching / cyclic C-C stretching,nu(C2-C7),bond,17.682929568074865,-,-0.1734190416189319,0.31909255709522183
19,794.3353258780586,,,mixed mixed-phase cyclic C-O stretching / cyclic C-C stretching,nu(O3-C4),bond,12.429790518352467,-,-0.13411805962590567,0.375012122768873
19,794.3353258780586,,,mixed mixed-phase cyclic C-O stretching / cyclic C-C stretching,delta(O3-C4-C5),angle,9.764669278243685,+,0.07159087838687067,1.033946761767908
19,794.3353258780586,,,mixed mixed-phase cyclic C-O stretching / cyclic C-C stretching,tau(C4-C5-C9-H20),dihedral,8.036677302099784,+,0.08720385751290831,0.5735366270754743
19,794.3353258780586,,,mixed mixed-phase cyclic C-O stretching / cyclic C-C stretching,nu(C5-C6),bond,3.7680347470080537,-,-0.0798354904205458,0.3208329206887749
19,794.3353258780586,,,mixed mixed-phase cyclic C-O stretching / cyclic C-C stretching,"gamma(C6;C7,C2,C9)",oop,3.022246854606563,+,0.032059183114924915,1.5958095173539286
19,794.3353258780586,,,mixed mixed-phase cyclic C-O stretching / cyclic C-C stretching,"gamma(H21;C9,C5,C7)",oop,2.8298411233182414,+,0.03239577837931527,1.4633264940362696
19,794.3353258780586,,,mixed mixed-phase cyclic C-O stretching / cyclic C-C stretching,delta(C5-C4-H13),angle,2.39629823235844,-,-0.07595946321834322,0.22538920624003742
19,794.3353258780586,,,mixed mixed-phase cyclic C-O stretching / cyclic C-C stretching,delta(C2-C1-H12),angle,2.3005751346750234,-,-0.06404484497992695,0.3043855873378456
19,794.3353258780586,,,mixed mixed-phase cyclic C-O stretching / cyclic C-C stretching,tau(H12-C1-C2-C7),dihedral,2.1259352581331816,-,-0.08248180919489134,0.16958588363924
19,794.3353258780586,,,mixed mixed-phase cyclic C-O stretching / cyclic C-C stretching,tau(O3-C2-C7-C6),dihedral,1.6842018864400492,-,-0.03292965226344985,0.8428996647092574
19,794.3353258780586,,,mixed mixed-phase cyclic C-O stretching / cyclic C-C stretching,delta(C1-C2-C7),angle,1.6214255488596254,+,0.050049022812936335,0.35128679741124474
19,794.3353258780586,,,mixed mixed-phase cyclic C-O stretching / cyclic C-C stretching,tau(C2-C4-C5-H14),dihedral,1.265916689078021,-,-0.0699706012206278,0.1403233470126861
19,794.3353258780586,,,mixed mixed-phase cyclic C-O stretching / cyclic C-C stretching,tau(C6-C7-C8-H18),dihedral,1.136079754584918,+,0.04939845747658615,0.25266091572024935
19,794.3353258780586,,,mixed mixed-phase cyclic C-O stretching / cyclic C-C stretching,delta(C7-C8-H19),angle,1.0948346427697278,-,-0.03979741742216485,0.37514120679903984
19,794.3353258780586,,,mixed mixed-phase cyclic C-O stretching / cyclic C-C stretching,tau(C8-C7-C9-C5),dihedral,0.9555038528600612,+,0.04103419854637366,0.3079615894469893
19,794.3353258780586,,,mixed mixed-phase cyclic C-O stretching / cyclic C-C stretching,nu(C6-C7),bond,0.9222586149558024,+,0.041898728832883425,0.2851064531742666
19,794.3353258780586,,,mixed mixed-phase cyclic C-O stretching / cyclic C-C stretching,"gamma(O3;C4,C5,H13)",oop,0.9166739506614116,-,-0.061318688942026016,0.13230772126924695
19,794.3353258780586,,,mixed mixed-phase cyclic C-O stretching / cyclic C-C stretching,tau(C2-C7-C8-H19),dihedral,0.9021917333651832,-,-0.04189392193924863,0.2789669960422185
19,794.3353258780586,,,mixed mixed-phase cyclic C-O stretching / cyclic C-C stretching,tau(C9-C7-C8-H17),dihedral,0.7489817121293139,-,-0.04854059821746478,0.1725110767453955
19,794.3353258780586,,,mixed mixed-phase cyclic C-O stretching / cyclic C-C stretching,delta(C7-C6-H15),angle,0.7400104630222712,-,-0.03802831062098714,0.27770251683716846
19,794.3353258780586,,,mixed mixed-phase cyclic C-O stretching / cyclic C-C stretching,delta(C2-C1-H11),angle,0.46959221855111716,-,-0.026252065078372588,0.36978557709159526
19,794.3353258780586,,,mixed mixed-phase cyclic C-O stretching / cyclic C-C stretching,nu(C2-C4),bond,0.45819195161037873,-,-0.02151999400967231,0.5369318728370088
19,794.3353258780586,,,mixed mixed-phase cyclic C-O stretching / cyclic C-C stretching,tau(C2-C7-C9-H21),dihedral,0.37650293647022093,+,0.01749420973295475,0.6676298268489548
19,794.3353258780586,,,mixed mixed-phase cyclic C-O stretching / cyclic C-C stretching,delta(C7-C8-H17),angle,0.36070710772816694,+,0.020113905631804006,0.4838579761113301
19,794.3353258780586,,,mixed mixed-phase cyclic C-O stretching / cyclic C-C stretching,"gamma(H14;C5,C6,C9)",oop,0.33549433034512,-,-0.029949708389567686,0.2029812906968152
19,794.3353258780586,,,mixed mixed-phase cyclic C-O stretching / cyclic C-C stretching,delta(C5-C6-H16),angle,0.27376286612673056,-,-0.021005087182150016,0.33672982370377696
19,794.3353258780586,,,mixed mixed-phase cyclic C-O stretching / cyclic C-C stretching,delta(C5-C6-H15),angle,0.24890678392934468,+,0.021980206960497677,0.27959487055579446
19,794.3353258780586,,,mixed mixed-phase cyclic C-O stretching / cyclic C-C stretching,tau(H10-C1-C2-O3),dihedral,0.24143324671492794,-,-0.027319139799281033,0.17555736525640764
19,794.3353258780586,,,mixed mixed-phase cyclic C-O stretching / cyclic C-C stretching,"gamma(C7;C9,H20,H21)",oop,0.19408698763007454,+,0.015725098933622887,0.42595690951260695
19,794.3353258780586,,,mixed mixed-phase cyclic C-O stretching / cyclic C-C stretching,nu(C1-C2),bond,0.18687664537614976,-,-0.01841255076915501,0.2991459555841769
19,794.3353258780586,,,mixed mixed-phase cyclic C-O stretching / cyclic C-C stretching,nu(C7-C9),bond,0.10486990921295299,+,0.015498328189583792,0.23693935749874415
19,794.3353258780586,,,mixed mixed-phase cyclic C-O stretching / cyclic C-C stretching,delta(O3-C2-C7),angle,0.08094349545982728,-,-0.006075841726741008,1.1899400216449423
19,794.3353258780586,,,mixed mixed-phase cyclic C-O stretching / cyclic C-C stretching,tau(C1-C2-C7-C6),dihedral,0.07980159569525894,+,0.012540881015107874,0.27536675168740415
19,794.3353258780586,,,mixed mixed-phase cyclic C-O stretching / cyclic C-C stretching,nu(C5-C9),bond,0.07174395745004342,+,0.012258556716567216,0.25909716935407706
19,794.3353258780586,,,mixed mixed-phase cyclic C-O stretching / cyclic C-C stretching,nu(C7-C8),bond,0.06140651749125037,-,-0.01077282040830828,0.287151870291782
19,794.3353258780586,,,mixed mixed-phase cyclic C-O stretching / cyclic C-C stretching,nu(C4-C5),bond,0.04316062408854373,-,-0.008830338283561128,0.30039247824764354
19,794.3353258780586,,,mixed mixed-phase cyclic C-O stretching / cyclic C-C stretching,delta(H10-C1-H11),angle,0.04275408658278362,+,0.009583088633179183,0.25265194351349923
19,794.3353258780586,,,mixed mixed-phase cyclic C-O stretching / cyclic C-C stretching,"gamma(H17;C8,H18,H19)",oop,0.023870327763955576,-,-0.006019312606633254,0.35753668248522347
19,794.3353258780586,,,mixed mixed-phase cyclic C-O stretching / cyclic C-C stretching,"gamma(H12;C1,H10,H11)",oop,0.010000931605973432,+,0.005007933297949783,0.21641103722868646
19,794.3353258780586,,,mixed mixed-phase cyclic C-O stretching / cyclic C-C stretching,nu(C4-H13),bond,0.007367868797025528,+,0.003370585161498077,0.351955126413533
19,794.3353258780586,,,mixed mixed-phase cyclic C-O stretching / cyclic C-C stretching,delta(C4-C5-C9),angle,0.0071408677729749214,-,-0.001604032237948413,1.506193701341896
19,794.3353258780586,,,mixed mixed-phase cyclic C-O stretching / cyclic C-C stretching,delta(H20-C9-H21),angle,0.004211597837504898,+,0.0018428829556292549,0.6729881358363181
19,794.3353258780586,,,mixed mixed-phase cyclic C-O stretching / cyclic C-C stretching,delta(H18-C8-H19),angle,0.0033169182724093337,-,-0.002250829689475302,0.35530843806641327
19,794.3353258780586,,,mixed mixed-phase cyclic C-O stretching / cyclic C-C stretching,nu(C6-H15),bond,0.0019462307069235609,-,-0.001766798471508585,0.33835789268622185
19,794.3353258780586,,,mixed mixed-phase cyclic C-O stretching / cyclic C-C stretching,nu(C6-H16),bond,0.0009789170766688804,-,-0.0012373265779999404,0.3470030099281011
19,794.3353258780586,,,mixed mixed-phase cyclic C-O stretching / cyclic C-C stretching,nu(C1-H12),bond,0.0008845922914146595,-,-0.0011882641874822418,0.33999548876067176
19,794.3353258780586,,,mixed mixed-phase cyclic C-O stretching / cyclic C-C stretching,nu(C8-H19),bond,0.0007843742312640202,-,-0.001128457352537819,0.3342789560628059
19,794.3353258780586,,,mixed mixed-phase cyclic C-O stretching / cyclic C-C stretching,delta(H15-C6-H16),angle,0.0006289429538047837,+,0.0009731940215271309,0.3603864154338734
19,794.3353258780586,,,mixed mixed-phase cyclic C-O stretching / cyclic C-C stretching,nu(C8-H17),bond,0.0005934305874010113,-,-0.0009845308577653001,0.33225175462853057
19,794.3353258780586,,,mixed mixed-phase cyclic C-O stretching / cyclic C-C stretching,nu(C5-H14),bond,0.0001978831236939229,-,-0.0005599186020775377,0.3425429122248566
19,794.3353258780586,,,mixed mixed-phase cyclic C-O stretching / cyclic C-C stretching,nu(C9-H21),bond,0.00019236113457204637,-,-0.000557574508851725,0.33578982314146966
19,794.3353258780586,,,mixed mixed-phase cyclic C-O stretching / cyclic C-C stretching,nu(C1-H11),bond,0.00012629100822090275,+,0.0004537752890891951,0.3328486247653903
19,794.3353258780586,,,mixed mixed-phase cyclic C-O stretching / cyclic C-C stretching,nu(C1-H10),bond,9.530414692833341e-05,-,-0.00039320195987511486,0.33453107906648005
19,794.3353258780586,,,mixed mixed-phase cyclic C-O stretching / cyclic C-C stretching,nu(C9-H20),bond,5.924321158176336e-05,+,0.0003115707463087559,0.3311930886360174
19,794.3353258780586,,,mixed mixed-phase cyclic C-O stretching / cyclic C-C stretching,nu(C8-H18),bond,1.7384786008767355e-06,+,5.324204772735678e-05,0.3328249452823529
20,833.4889181973406,,,mixed mixed-phase cyclic C-C stretching / C-C torsion,nu(C5-C9),bond,13.273138095275076,+,0.1669068756981796,0.25909716935407706
20,833.4889181973406,,,mixed mixed-phase cyclic C-C stretching / C-C torsion,delta(C4-C5-C9),angle,12.475440333169631,-,-0.06711294298995893,1.506193701341896
20,833.4889181973406,,,mixed mixed-phase cyclic C-C stretching / C-C torsion,nu(C7-C9),bond,11.43772444821331,-,-0.162020499595483,0.23693935749874415
20,833.4889181973406,,,mixed mixed-phase cyclic C-C stretching / C-C torsion,nu(C5-C6),bond,9.265225988272318,-,-0.1253162242904554,0.3208329206887749
20,833.4889181973406,,,mixed mixed-phase cyclic C-C stretching / C-C torsion,delta(C7-C8-H17),angle,8.697769581513965,-,-0.09886982201476543,0.4838579761113301
20,833.4889181973406,,,mixed mixed-phase cyclic C-C stretching / C-C torsion,tau(C2-C7-C8-H19),dihedral,8.3827997041138,+,0.12783120629149233,0.2789669960422185
20,833.4889181973406,,,mixed mixed-phase cyclic C-C stretching / C-C torsion,"gamma(C6;C7,C2,C9)",oop,7.753190840666418,-,-0.05140063296073159,1.5958095173539286
20,833.4889181973406,,,mixed mixed-phase cyclic C-C stretching / C-C torsion,nu(C6-C7),bond,5.472651540641672,+,0.10216782074385758,0.2851064531742666
20,833.4889181973406,,,mixed mixed-phase cyclic C-C stretching / C-C torsion,delta(O3-C2-C7),angle,4.239555708115688,+,0.044016589843755734,1.1899400216449423
20,833.4889181973406,,,mixed mixed-phase cyclic C-C stretching / C-C torsion,nu(C4-C5),bond,2.1238503327930385,-,-0.06200635222567461,0.30039247824764354
20,833.4889181973406,,,mixed mixed-phase cyclic C-C stretching / C-C torsion,tau(O3-C2-C7-C6),dihedral,2.067535757614269,+,0.036522233570010575,0.8428996647092574
20,833.4889181973406,,,mixed mixed-phase cyclic C-C stretching / C-C torsion,"gamma(C7;C9,H20,H21)",oop,2.0639920392479087,+,0.05133220626683812,0.42595690951260695
20,833.4889181973406,,,mixed mixed-phase cyclic C-C stretching / C-C torsion,tau(C6-C7-C8-H18),dihedral,1.9938497466254899,-,-0.06550824072627782,0.25266091572024935
20,833.4889181973406,,,mixed mixed-phase cyclic C-C stretching / C-C torsion,tau(C2-C4-C5-H14),dihedral,1.8296042252532945,+,0.08420393071633761,0.1403233470126861
20,833.4889181973406,,,mixed mixed-phase cyclic C-C stretching / C-C torsion,tau(H12-C1-C2-C7),dihedral,1.677530420330932,+,0.07334307398390566,0.16958588363924
20,833.4889181973406,,,mixed mixed-phase cyclic C-C stretching / C-C torsion,nu(C2-O3),bond,1.1902476806531646,-,-0.05072724042660316,0.25153149975958655
20,833.4889181973406,,,mixed mixed-phase cyclic C-C stretching / C-C torsion,tau(C8-C7-C9-C5),dihedral,0.906646758495065,+,0.04001193326894278,0.3079615894469893
20,833.4889181973406,,,mixed mixed-phase cyclic C-C stretching / C-C torsion,nu(O3-C4),bond,0.661024289787058,+,0.030960275102393547,0.375012122768873
20,833.4889181973406,,,mixed mixed-phase cyclic C-C stretching / C-C torsion,delta(C2-C1-H12),angle,0.6173281940752597,+,0.0332096859870159,0.3043855873378456
20,833.4889181973406,,,mixed mixed-phase cyclic C-C stretching / C-C torsion,delta(C1-C2-C7),angle,0.47927957128392307,-,-0.027238444363930334,0.35128679741124474
20,833.4889181973406,,,mixed mixed-phase cyclic C-C stretching / C-C torsion,tau(C9-C7-C8-H17),dihedral,0.47640073305011715,-,-0.03875220983298717,0.1725110767453955
20,833.4889181973406,,,mixed mixed-phase cyclic C-C stretching / C-C torsion,tau(C1-C2-C7-C6),dihedral,0.46145400385573254,-,-0.03018750457851469,0.27536675168740415
20,833.4889181973406,,,mixed mixed-phase cyclic C-C stretching / C-C torsion,delta(C5-C6-H15),angle,0.4219083650536504,-,-0.02864594961517201,0.27959487055579446
20,833.4889181973406,,,mixed mixed-phase cyclic C-C stretching / C-C torsion,delta(C7-C8-H19),angle,0.3648024158435965,+,0.022995890009692047,0.37514120679903984
20,833.4889181973406,,,mixed mixed-phase cyclic C-C stretching / C-C torsion,"gamma(H14;C5,C6,C9)",oop,0.291200779365458,-,-0.02793103423240162,0.2029812906968152
20,833.4889181973406,,,mixed mixed-phase cyclic C-C stretching / C-C torsion,delta(O3-C4-C5),angle,0.2239820249840477,-,-0.010853660932393493,1.033946761767908
20,833.4889181973406,,,mixed mixed-phase cyclic C-C stretching / C-C torsion,delta(H18-C8-H19),angle,0.18482349758757072,+,0.016818783765112814,0.35530843806641327
20,833.4889181973406,,,mixed mixed-phase cyclic C-C stretching / C-C torsion,nu(C2-C7),bond,0.17179118823923645,+,0.017110427487962012,0.31909255709522183
20,833.4889181973406,,,mixed mixed-phase cyclic C-C stretching / C-C torsion,tau(C2-C7-C9-H21),dihedral,0.12879351355496635,+,0.010242309275533872,0.6676298268489548
20,833.4889181973406,,,mixed mixed-phase cyclic C-C stretching / C-C torsion,"gamma(O3;C4,C5,H13)",oop,0.11689674662670561,+,0.021919334932683426,0.13230772126924695
20,833.4889181973406,,,mixed mixed-phase cyclic C-C stretching / C-C torsion,nu(C7-C8),bond,0.10942923415682741,+,0.01439559469623715,0.287151870291782
20,833.4889181973406,,,mixed mixed-phase cyclic C-C stretching / C-C torsion,"gamma(H17;C8,H18,H19)",oop,0.1045457412349839,+,0.012609899505572555,0.35753668248522347
20,833.4889181973406,,,mixed mixed-phase cyclic C-C stretching / C-C torsion,delta(C7-C6-H15),angle,0.07093969074698532,+,0.011786191495665285,0.27770251683716846
20,833.4889181973406,,,mixed mixed-phase cyclic C-C stretching / C-C torsion,delta(C5-C4-H13),angle,0.05394789061471527,-,-0.011408785963201702,0.22538920624003742
20,833.4889181973406,,,mixed mixed-phase cyclic C-C stretching / C-C torsion,"gamma(H21;C9,C5,C7)",oop,0.05012583492623851,+,0.00431597526815897,1.4633264940362696
20,833.4889181973406,,,mixed mixed-phase cyclic C-C stretching / C-C torsion,nu(C2-C4),bond,0.04960569488059345,+,0.007088019959486387,0.5369318728370088
20,833.4889181973406,,,mixed mixed-phase cyclic C-C stretching / C-C torsion,delta(H10-C1-H11),angle,0.025422005779330705,-,-0.007397114485129017,0.25265194351349923
20,833.4889181973406,,,mixed mixed-phase cyclic C-C stretching / C-C torsion,delta(C2-C1-H11),angle,0.02000946645020582,+,0.005424522632976661,0.36978557709159526
20,833.4889181973406,,,mixed mixed-phase cyclic C-C stretching / C-C torsion,tau(C4-C5-C9-H20),dihedral,0.01603386700206471,+,0.003899036627190194,0.5735366270754743
20,833.4889181973406,,,mixed mixed-phase cyclic C-C stretching / C-C torsion,delta(H20-C9-H21),angle,0.01190426522280636,-,-0.0031014611723570603,0.6729881358363181
20,833.4889181973406,,,mixed mixed-phase cyclic C-C stretching / C-C torsion,tau(H10-C1-C2-O3),dihedral,0.009592798074101194,-,-0.005451071513666387,0.17555736525640764
20,833.4889181973406,,,mixed mixed-phase cyclic C-C stretching / C-C torsion,delta(H15-C6-H16),angle,0.008925517193584875,-,-0.003669874771051463,0.3603864154338734
20,833.4889181973406,,,mixed mixed-phase cyclic C-C stretching / C-C torsion,delta(C5-C6-H16),angle,0.006430512451456407,-,-0.003222558097526263,0.33672982370377696
20,833.4889181973406,,,mixed mixed-phase cyclic C-C stretching / C-C torsion,nu(C4-H13),bond,0.005857146222505895,-,-0.0030082792002018056,0.351955126413533
20,833.4889181973406,,,mixed mixed-phase cyclic C-C stretching / C-C torsion,"gamma(H12;C1,H10,H11)",oop,0.0052326036655520975,-,-0.0036260849369546253,0.21641103722868646
20,833.4889181973406,,,mixed mixed-phase cyclic C-C stretching / C-C torsion,nu(C1-C2),bond,0.0007230182089850022,+,0.001146441253099268,0.2991459555841769
20,833.4889181973406,,,mixed mixed-phase cyclic C-C stretching / C-C torsion,nu(C1-H10),bond,0.00034360950595165604,+,0.000747365601167834,0.33453107906648005
20,833.4889181973406,,,mixed mixed-phase cyclic C-C stretching / C-C torsion,nu(C6-H15),bond,0.00019874107883989685,-,-0.000565163910197706,0.33835789268622185
20,833.4889181973406,,,mixed mixed-phase cyclic C-C stretching / C-C torsion,nu(C8-H17),bond,7.779856990887689e-05,+,0.00035683785559523587,0.33225175462853057
20,833.4889181973406,,,mixed mixed-phase cyclic C-C stretching / C-C torsion,nu(C1-H11),bond,6.204838587450065e-05,+,0.00031839087767902835,0.3328486247653903
20,833.4889181973406,,,mixed mixed-phase cyclic C-C stretching / C-C torsion,nu(C5-H14),bond,5.4764667499029865e-05,+,0.00029485703238498704,0.3425429122248566
20,833.4889181973406,,,mixed mixed-phase cyclic C-C stretching / C-C torsion,nu(C9-H21),bond,3.333899986989205e-05,-,-0.00023235994995993799,0.33578982314146966
20,833.4889181973406,,,mixed mixed-phase cyclic C-C stretching / C-C torsion,nu(C8-H18),bond,2.6761637694271117e-05,+,0.00020910632248341297,0.3328249452823529
20,833.4889181973406,,,mixed mixed-phase cyclic C-C stretching / C-C torsion,nu(C1-H12),bond,1.2548518508759614e-05,-,-0.0001416701670282156,0.33999548876067176
20,833.4889181973406,,,mixed mixed-phase cyclic C-C stretching / C-C torsion,nu(C8-H19),bond,1.110865118833101e-05,+,0.00013442959862056125,0.3342789560628059
20,833.4889181973406,,,mixed mixed-phase cyclic C-C stretching / C-C torsion,nu(C9-H20),bond,1.1023004016664767e-05,+,0.0001345327766047927,0.3311930886360174
20,833.4889181973406,,,mixed mixed-phase cyclic C-C stretching / C-C torsion,nu(C6-H16),bond,4.445847375926142e-06,-,-8.346980698484391e-05,0.3470030099281011
21,853.7275975463806,,,mixed mixed-phase cyclic C-C stretching / ring-site C-H out-of-plane bending,tau(C4-C5-C9-H20),dihedral,13.066795638948323,-,-0.11695974222958196,0.5735366270754743
21,853.7275975463806,,,mixed mixed-phase cyclic C-C stretching / ring-site C-H out-of-plane bending,nu(C5-C9),bond,12.439047229574683,+,0.16978317712748886,0.25909716935407706
21,853.7275975463806,,,mixed mixed-phase cyclic C-C stretching / ring-site C-H out-of-plane bending,delta(C7-C8-H17),angle,11.708688918804,+,0.1205390081398246,0.4838579761113301
21,853.7275975463806,,,mixed mixed-phase cyclic C-C stretching / ring-site C-H out-of-plane bending,nu(C6-C7),bond,9.42951795072135,-,-0.1409203308391497,0.2851064531742666
21,853.7275975463806,,,mixed mixed-phase cyclic C-C stretching / ring-site C-H out-of-plane bending,nu(C7-C9),bond,9.146765762309341,+,0.15224660168944548,0.23693935749874415
21,853.7275975463806,,,mixed mixed-phase cyclic C-C stretching / ring-site C-H out-of-plane bending,tau(C2-C4-C5-H14),dihedral,7.3781546495614965,+,0.17768114388850934,0.1403233470126861
21,853.7275975463806,,,mixed mixed-phase cyclic C-C stretching / ring-site C-H out-of-plane bending,"gamma(H21;C9,C5,C7)",oop,6.989288392544459,-,-0.05355232053707571,1.4633264940362696
21,853.7275975463806,,,mixed mixed-phase cyclic C-C stretching / ring-site C-H out-of-plane bending,tau(C2-C7-C8-H19),dihedral,6.4322729367039475,-,-0.11766254862406327,0.2789669960422185
21,853.7275975463806,,,mixed mixed-phase cyclic C-C stretching / ring-site C-H out-of-plane bending,nu(C5-C6),bond,5.520592932925454,-,-0.10164495597662213,0.3208329206887749
21,853.7275975463806,,,mixed mixed-phase cyclic C-C stretching / ring-site C-H out-of-plane bending,tau(O3-C2-C7-C6),dihedral,3.911422632744729,-,-0.05278516259281922,0.8428996647092574
21,853.7275975463806,,,mixed mixed-phase cyclic C-C stretching / ring-site C-H out-of-plane bending,tau(C2-C7-C9-H21),dihedral,2.3610338386647953,+,0.04608033973079152,0.6676298268489548
21,853.7275975463806,,,mixed mixed-phase cyclic C-C stretching / ring-site C-H out-of-plane bending,delta(C5-C6-H15),angle,1.9181816828478822,-,-0.06418191956835285,0.27959487055579446
21,853.7275975463806,,,mixed mixed-phase cyclic C-C stretching / ring-site C-H out-of-plane bending,delta(O3-C2-C7),angle,1.429923192208625,-,-0.026861252003202017,1.1899400216449423
21,853.7275975463806,,,mixed mixed-phase cyclic C-C stretching / ring-site C-H out-of-plane bending,tau(C9-C7-C8-H17),dihedral,1.3890935826734294,+,0.06953279572329256,0.1725110767453955
21,853.7275975463806,,,mixed mixed-phase cyclic C-C stretching / ring-site C-H out-of-plane bending,tau(C6-C7-C8-H18),dihedral,1.138029124779004,+,0.052004399687774226,0.25266091572024935
21,853.7275975463806,,,mixed mixed-phase cyclic C-C stretching / ring-site C-H out-of-plane bending,nu(C4-C5),bond,1.0720234449417196,-,-0.04629030547567841,0.30039247824764354
21,853.7275975463806,,,mixed mixed-phase cyclic C-C stretching / ring-site C-H out-of-plane bending,tau(C8-C7-C9-C5),dihedral,0.6388439990159361,-,-0.03529243029003294,0.3079615894469893
21,853.7275975463806,,,mixed mixed-phase cyclic C-C stretching / ring-site C-H out-of-plane bending,nu(O3-C4),bond,0.5034988184724556,+,0.028392851193213258,0.375012122768873
21,853.7275975463806,,,mixed mixed-phase cyclic C-C stretching / ring-site C-H out-of-plane bending,"gamma(C7;C9,H20,H21)",oop,0.3814679629576195,-,-0.023188819143520178,0.42595690951260695
21,853.7275975463806,,,mixed mixed-phase cyclic C-C stretching / ring-site C-H out-of-plane bending,tau(C1-C2-C7-C6),dihedral,0.35855649711422916,-,-0.027961178978826166,0.27536675168740415
21,853.7275975463806,,,mixed mixed-phase cyclic C-C stretching / ring-site C-H out-of-plane bending,delta(C7-C6-H15),angle,0.3577389587006728,-,-0.027811578791298138,0.27770251683716846
21,853.7275975463806,,,mixed mixed-phase cyclic C-C stretching / ring-site C-H out-of-plane bending,delta(H18-C8-H19),angle,0.3108524006184231,-,-0.022919586813874473,0.35530843806641327
21,853.7275975463806,,,mixed mixed-phase cyclic C-C stretching / ring-site C-H out-of-plane bending,delta(O3-C4-C5),angle,0.30917824727397153,-,-0.013399475800681846,1.033946761767908
21,853.7275975463806,,,mixed mixed-phase cyclic C-C stretching / ring-site C-H out-of-plane bending,tau(H12-C1-C2-C7),dihedral,0.26979786897920915,-,-0.030906999147369666,0.16958588363924
21,853.7275975463806,,,mixed mixed-phase cyclic C-C stretching / ring-site C-H out-of-plane bending,delta(C5-C6-H16),angle,0.2622700269528613,+,0.02162549070971973,0.33672982370377696
21,853.7275975463806,,,mixed mixed-phase cyclic C-C stretching / ring-site C-H out-of-plane bending,"gamma(O3;C4,C5,H13)",oop,0.21673259138175352,+,0.03136186990859809,0.13230772126924695
21,853.7275975463806,,,mixed mixed-phase cyclic C-C stretching / ring-site C-H out-of-plane bending,nu(C2-C7),bond,0.1691637933599998,+,0.017841353675358548,0.31909255709522183
21,853.7275975463806,,,mixed mixed-phase cyclic C-C stretching / ring-site C-H out-of-plane bending,delta(H20-C9-H21),angle,0.16600239265835226,+,0.012169868956027952,0.6729881358363181
21,853.7275975463806,,,mixed mixed-phase cyclic C-C stretching / ring-site C-H out-of-plane bending,nu(C1-C2),bond,0.16308537757954183,+,0.018092491443225868,0.2991459555841769
21,853.7275975463806,,,mixed mixed-phase cyclic C-C stretching / ring-site C-H out-of-plane bending,delta(H15-C6-H16),angle,0.1456681941671674,-,-0.015578677757595237,0.3603864154338734
21,853.7275975463806,,,mixed mixed-phase cyclic C-C stretching / ring-site C-H out-of-plane bending,"gamma(H17;C8,H18,H19)",oop,0.09326587172794272,-,-0.012515076419442158,0.35753668248522347
21,853.7275975463806,,,mixed mixed-phase cyclic C-C stretching / ring-site C-H out-of-plane bending,delta(C1-C2-C7),angle,0.0720161464362632,+,0.011094722838482902,0.35128679741124474
21,853.7275975463806,,,mixed mixed-phase cyclic C-C stretching / ring-site C-H out-of-plane bending,delta(C4-C5-C9),angle,0.048744304261749104,+,0.004408125560561923,1.506193701341896
21,853.7275975463806,,,mixed mixed-phase cyclic C-C stretching / ring-site C-H out-of-plane bending,"gamma(C6;C7,C2,C9)",oop,0.0329576807028506,-,-0.003521439468477151,1.5958095173539286
21,853.7275975463806,,,mixed mixed-phase cyclic C-C stretching / ring-site C-H out-of-plane bending,nu(C7-C8),bond,0.03220063595199909,-,-0.008205571456797943,0.287151870291782
21,853.7275975463806,,,mixed mixed-phase cyclic C-C stretching / ring-site C-H out-of-plane bending,delta(C7-C8-H19),angle,0.030664409439405335,+,0.00700571311541414,0.37514120679903984
21,853.7275975463806,,,mixed mixed-phase cyclic C-C stretching / ring-site C-H out-of-plane bending,delta(C2-C1-H11),angle,0.023763147655095133,-,-0.006211685100285674,0.36978557709159526
21,853.7275975463806,,,mixed mixed-phase cyclic C-C stretching / ring-site C-H out-of-plane bending,tau(H10-C1-C2-O3),dihedral,0.019423930906031017,+,0.008150635412358533,0.17555736525640764
21,853.7275975463806,,,mixed mixed-phase cyclic C-C stretching / ring-site C-H out-of-plane bending,delta(C2-C1-H12),angle,0.018203293117262865,+,0.0059923251523249,0.3043855873378456
21,853.7275975463806,,,mixed mixed-phase cyclic C-C stretching / ring-site C-H out-of-plane bending,nu(C2-O3),bond,0.014501180213598122,-,-0.00588352924762764,0.25153149975958655
21,853.7275975463806,,,mixed mixed-phase cyclic C-C stretching / ring-site C-H out-of-plane bending,delta(C5-C4-H13),angle,0.009485520040964864,+,0.00502685603891167,0.22538920624003742
21,853.7275975463806,,,mixed mixed-phase cyclic C-C stretching / ring-site C-H out-of-plane bending,nu(C2-C4),bond,0.009313507900649685,+,0.0032272267685870743,0.5369318728370088
21,853.7275975463806,,,mixed mixed-phase cyclic C-C stretching / ring-site C-H out-of-plane bending,"gamma(H14;C5,C6,C9)",oop,0.002857312825768104,-,-0.0029072563142557724,0.2029812906968152
21,853.7275975463806,,,mixed mixed-phase cyclic C-C stretching / ring-site C-H out-of-plane bending,nu(C4-H13),bond,0.002705695207141033,-,-0.002148464690200998,0.351955126413533
21,853.7275975463806,,,mixed mixed-phase cyclic C-C stretching / ring-site C-H out-of-plane bending,"gamma(H12;C1,H10,H11)",oop,0.0022982036931551366,+,0.0025251488746387937,0.21641103722868646
21,853.7275975463806,,,mixed mixed-phase cyclic C-C stretching / ring-site C-H out-of-plane bending,nu(C8-H17),bond,0.0014470046229212033,-,-0.0016170883551528236,0.33225175462853057
21,853.7275975463806,,,mixed mixed-phase cyclic C-C stretching / ring-site C-H out-of-plane bending,nu(C8-H18),bond,0.0011520237353715877,+,0.0014416346458071476,0.3328249452823529
21,853.7275975463806,,,mixed mixed-phase cyclic C-C stretching / ring-site C-H out-of-plane bending,delta(H10-C1-H11),angle,0.0008001498084737491,-,-0.0013789761759612962,0.25265194351349923
21,853.7275975463806,,,mixed mixed-phase cyclic C-C stretching / ring-site C-H out-of-plane bending,nu(C6-H15),bond,0.0003421641690054652,+,0.0007792226011478953,0.33835789268622185
21,853.7275975463806,,,mixed mixed-phase cyclic C-C stretching / ring-site C-H out-of-plane bending,nu(C9-H20),bond,0.00015459951910651456,-,-0.0005294145448026303,0.3311930886360174
21,853.7275975463806,,,mixed mixed-phase cyclic C-C stretching / ring-site C-H out-of-plane bending,nu(C1-H12),bond,3.867896815417331e-06,+,8.264818003443728e-05,0.33999548876067176
21,853.7275975463806,,,mixed mixed-phase cyclic C-C stretching / ring-site C-H out-of-plane bending,nu(C6-H16),bond,3.821390768922374e-06,-,-8.131609903368715e-05,0.3470030099281011
21,853.7275975463806,,,mixed mixed-phase cyclic C-C stretching / ring-site C-H out-of-plane bending,nu(C5-H14),bond,3.650114658773289e-06,-,-7.998861785956964e-05,0.3425429122248566
21,853.7275975463806,,,mixed mixed-phase cyclic C-C stretching / ring-site C-H out-of-plane bending,nu(C1-H10),bond,1.9481935774150785e-06,-,-5.9133045920865754e-05,0.33453107906648005
21,853.7275975463806,,,mixed mixed-phase cyclic C-C stretching / ring-site C-H out-of-plane bending,nu(C1-H11),bond,4.7438131383623983e-07,+,2.9253163285489397e-05,0.3328486247653903
21,853.7275975463806,,,mixed mixed-phase cyclic C-C stretching / ring-site C-H out-of-plane bending,nu(C9-H21),bond,2.5325620099623945e-07,+,2.1280347280157864e-05,0.33578982314146966
21,853.7275975463806,,,mixed mixed-phase cyclic C-C stretching / ring-site C-H out-of-plane bending,nu(C8-H19),bond,1.6264647491754088e-07,-,-1.709228953489649e-05,0.3342789560628059
22,865.6205466442201,,,mixed opposite-phase cyclic C-C stretching / ring-site C-H out-of-plane bending,nu(C2-C4),bond,19.082694997251036,+,0.13629841534369325,0.5369318728370088
22,865.6205466442201,,,mixed opposite-phase cyclic C-C stretching / ring-site C-H out-of-plane bending,"gamma(H21;C9,C5,C7)",oop,9.096789623280698,+,0.057003825543574395,1.4633264940362696
22,865.6205466442201,,,mixed opposite-phase cyclic C-C stretching / ring-site C-H out-of-plane bending,nu(C6-C7),bond,8.432041226809263,-,-0.1243349950888465,0.2851064531742666
22,865.6205466442201,,,mixed opposite-phase cyclic C-C stretching / ring-site C-H out-of-plane bending,nu(O3-C4),bond,7.455180959292986,-,-0.10193820590037564,0.375012122768873
22,865.6205466442201,,,mixed opposite-phase cyclic C-C stretching / ring-site C-H out-of-plane bending,delta(C2-C1-H11),angle,7.2292745285587205,+,0.10108877158417727,0.36978557709159526
22,865.6205466442201,,,mixed opposite-phase cyclic C-C stretching / ring-site C-H out-of-plane bending,tau(O3-C2-C7-C6),dihedral,5.822144533494523,+,0.06008749448708999,0.8428996647092574
22,865.6205466442201,,,mixed opposite-phase cyclic C-C stretching / ring-site C-H out-of-plane bending,tau(C4-C5-C9-H20),dihedral,5.660085902970878,+,0.07182265857624943,0.5735366270754743
22,865.6205466442201,,,mixed opposite-phase cyclic C-C stretching / ring-site C-H out-of-plane bending,tau(H10-C1-C2-O3),dihedral,5.497707756871649,-,-0.1279416191252366,0.17555736525640764
22,865.6205466442201,,,mixed opposite-phase cyclic C-C stretching / ring-site C-H out-of-plane bending,delta(O3-C4-C5),angle,5.257061465546179,+,0.051552886072296536,1.033946761767908
22,865.6205466442201,,,mixed opposite-phase cyclic C-C stretching / ring-site C-H out-of-plane bending,delta(C2-C1-H12),angle,3.391776060397321,-,-0.07631889742032119,0.3043855873378456
22,865.6205466442201,,,mixed opposite-phase cyclic C-C stretching / ring-site C-H out-of-plane bending,nu(C2-O3),bond,3.1980274792260386,-,-0.08152211717002407,0.25153149975958655
22,865.6205466442201,,,mixed opposite-phase cyclic C-C stretching / ring-site C-H out-of-plane bending,delta(O3-C2-C7),angle,3.0309881998939705,+,0.0364888462577627,1.1899400216449423
22,865.6205466442201,,,mixed opposite-phase cyclic C-C stretching / ring-site C-H out-of-plane bending,"gamma(C7;C9,H20,H21)",oop,2.0555403322678965,+,0.05022393221197084,0.42595690951260695
22,865.6205466442201,,,mixed opposite-phase cyclic C-C stretching / ring-site C-H out-of-plane bending,tau(H12-C1-C2-C7),dihedral,2.029398879148362,+,0.07908960441676215,0.16958588363924
22,865.6205466442201,,,mixed opposite-phase cyclic C-C stretching / ring-site C-H out-of-plane bending,nu(C1-C2),bond,2.0059527938393655,+,0.05920376567471483,0.2991459555841769
22,865.6205466442201,,,mixed opposite-phase cyclic C-C stretching / ring-site C-H out-of-plane bending,delta(C7-C8-H19),angle,1.8319393122793366,+,0.05052294993487452,0.37514120679903984
22,865.6205466442201,,,mixed opposite-phase cyclic C-C stretching / ring-site C-H out-of-plane bending,"gamma(O3;C4,C5,H13)",oop,1.6412927330887837,-,-0.08052504442095712,0.13230772126924695
22,865.6205466442201,,,mixed opposite-phase cyclic C-C stretching / ring-site C-H out-of-plane bending,nu(C7-C9),bond,1.1103572756097784,-,-0.049492946831524,0.23693935749874415
22,865.6205466442201,,,mixed opposite-phase cyclic C-C stretching / ring-site C-H out-of-plane bending,nu(C5-C6),bond,1.0788349289097203,+,0.04192456658825314,0.3208329206887749
22,865.6205466442201,,,mixed opposite-phase cyclic C-C stretching / ring-site C-H out-of-plane bending,tau(C1-C2-C7-C6),dihedral,1.0624451488842135,-,-0.044908448651199855,0.27536675168740415
22,865.6205466442201,,,mixed opposite-phase cyclic C-C stretching / ring-site C-H out-of-plane bending,tau(C2-C7-C9-H21),dihedral,0.8155987202614277,-,-0.025269750094497133,0.6676298268489548
22,865.6205466442201,,,mixed opposite-phase cyclic C-C stretching / ring-site C-H out-of-plane bending,tau(C9-C7-C8-H17),dihedral,0.7569212922612824,+,0.047890284022697086,0.1725110767453955
22,865.6205466442201,,,mixed opposite-phase cyclic C-C stretching / ring-site C-H out-of-plane bending,nu(C2-C7),bond,0.7255844548773149,-,-0.03447594603844033,0.31909255709522183
22,865.6205466442201,,,mixed opposite-phase cyclic C-C stretching / ring-site C-H out-of-plane bending,delta(C5-C6-H15),angle,0.31096755391961256,+,0.024111458606814573,0.27959487055579446
22,865.6205466442201,,,mixed opposite-phase cyclic C-C stretching / ring-site C-H out-of-plane bending,"gamma(H14;C5,C6,C9)",oop,0.2185794403887355,+,0.023725053180434004,0.2029812906968152
22,865.6205466442201,,,mixed opposite-phase cyclic C-C stretching / ring-site C-H out-of-plane bending,"gamma(H12;C1,H10,H11)",oop,0.2174974917413195,+,0.022920177032577302,0.21641103722868646
22,865.6205466442201,,,mixed opposite-phase cyclic C-C stretching / ring-site C-H out-of-plane bending,delta(C1-C2-C7),angle,0.21127311357698228,+,0.01773053119656713,0.35128679741124474
22,865.6205466442201,,,mixed opposite-phase cyclic C-C stretching / ring-site C-H out-of-plane bending,nu(C4-C5),bond,0.17865972430692997,+,0.017631909473370153,0.30039247824764354
22,865.6205466442201,,,mixed opposite-phase cyclic C-C stretching / ring-site C-H out-of-plane bending,delta(H15-C6-H16),angle,0.096978449457732,-,-0.011859979997580115,0.3603864154338734
22,865.6205466442201,,,mixed opposite-phase cyclic C-C stretching / ring-site C-H out-of-plane bending,delta(H10-C1-H11),angle,0.09161527796263783,+,0.013767439436842822,0.25265194351349923
22,865.6205466442201,,,mixed opposite-phase cyclic C-C stretching / ring-site C-H out-of-plane bending,delta(C5-C6-H16),angle,0.07758412436037684,-,-0.010974283736617007,0.33672982370377696
22,865.6205466442201,,,mixed opposite-phase cyclic C-C stretching / ring-site C-H out-of-plane bending,tau(C6-C7-C8-H18),dihedral,0.07076871912167125,-,-0.012099911093150229,0.25266091572024935
22,865.6205466442201,,,mixed opposite-phase cyclic C-C stretching / ring-site C-H out-of-plane bending,delta(C4-C5-C9),angle,0.06160916060923772,-,-0.004623946248298046,1.506193701341896
22,865.6205466442201,,,mixed opposite-phase cyclic C-C stretching / ring-site C-H out-of-plane bending,nu(C5-C9),bond,0.05168775414997045,+,0.010211582292992323,0.25909716935407706
22,865.6205466442201,,,mixed opposite-phase cyclic C-C stretching / ring-site C-H out-of-plane bending,tau(C8-C7-C9-C5),dihedral,0.04361520210075551,-,-0.008604016072130868,0.3079615894469893
22,865.6205466442201,,,mixed opposite-phase cyclic C-C stretching / ring-site C-H out-of-plane bending,delta(C7-C6-H15),angle,0.026171364957311004,+,0.007018653839726507,0.27770251683716846
22,865.6205466442201,,,mixed opposite-phase cyclic C-C stretching / ring-site C-H out-of-plane bending,delta(H20-C9-H21),angle,0.025635851405373764,-,-0.00446221727641383,0.6729881358363181
22,865.6205466442201,,,mixed opposite-phase cyclic C-C stretching / ring-site C-H out-of-plane bending,tau(C2-C7-C8-H19),dihedral,0.01825175415243177,+,0.005847987514978728,0.2789669960422185
22,865.6205466442201,,,mixed opposite-phase cyclic C-C stretching / ring-site C-H out-of-plane bending,delta(C5-C4-H13),angle,0.012217946291782446,+,0.005323081228133637,0.22538920624003742
22,865.6205466442201,,,mixed opposite-phase cyclic C-C stretching / ring-site C-H out-of-plane bending,nu(C4-H13),bond,0.0028222443238945694,+,0.002047312796974383,0.351955126413533
22,865.6205466442201,,,mixed opposite-phase cyclic C-C stretching / ring-site C-H out-of-plane bending,nu(C6-H15),bond,0.0026478243193537696,-,-0.002022492743979984,0.33835789268622185
22,865.6205466442201,,,mixed opposite-phase cyclic C-C stretching / ring-site C-H out-of-plane bending,nu(C9-H21),bond,0.0024945961626295205,+,0.0019705928590656057,0.33578982314146966
22,865.6205466442201,,,mixed opposite-phase cyclic C-C stretching / ring-site C-H out-of-plane bending,tau(C2-C4-C5-H14),dihedral,0.0023547954381661074,-,-0.0029617075331457997,0.1403233470126861
22,865.6205466442201,,,mixed opposite-phase cyclic C-C stretching / ring-site C-H out-of-plane bending,delta(H18-C8-H19),angle,0.002225869490938961,+,0.00180957935245167,0.35530843806641327
22,865.6205466442201,,,mixed opposite-phase cyclic C-C stretching / ring-site C-H out-of-plane bending,nu(C7-C8),bond,0.002075284781874622,+,0.001943629896322801,0.287151870291782
22,865.6205466442201,,,mixed opposite-phase cyclic C-C stretching / ring-site C-H out-of-plane bending,nu(C1-H12),bond,0.0020653942749527714,+,0.0017819497446241923,0.33999548876067176
22,865.6205466442201,,,mixed opposite-phase cyclic C-C stretching / ring-site C-H out-of-plane bending,delta(C7-C8-H17),angle,0.0013332981775464035,-,-0.0012001491864161266,0.4838579761113301
22,865.6205466442201,,,mixed opposite-phase cyclic C-C stretching / ring-site C-H out-of-plane bending,nu(C5-H14),bond,0.0005548808012943368,+,0.0009201802359357084,0.3425429122248566
22,865.6205466442201,,,mixed opposite-phase cyclic C-C stretching / ring-site C-H out-of-plane bending,"gamma(H17;C8,H18,H19)",oop,0.0003462983328947953,+,0.0007115336472088345,0.35753668248522347
22,865.6205466442201,,,mixed opposite-phase cyclic C-C stretching / ring-site C-H out-of-plane bending,nu(C6-H16),bond,0.00010985777014017552,+,0.0004067984724215353,0.3470030099281011
22,865.6205466442201,,,mixed opposite-phase cyclic C-C stretching / ring-site C-H out-of-plane bending,"gamma(C6;C7,C2,C9)",oop,9.523542586468434e-05,+,0.00017661975713112875,1.5958095173539286
22,865.6205466442201,,,mixed opposite-phase cyclic C-C stretching / ring-site C-H out-of-plane bending,nu(C8-H19),bond,9.174648398500359e-05,-,-0.0003787657848156615,0.3342789560628059
22,865.6205466442201,,,mixed opposite-phase cyclic C-C stretching / ring-site C-H out-of-plane bending,nu(C9-H20),bond,1.7547718736930615e-05,-,-0.00016641797926717508,0.3311930886360174
22,865.6205466442201,,,mixed opposite-phase cyclic C-C stretching / ring-site C-H out-of-plane bending,nu(C1-H11),bond,1.0164928370831795e-05,+,0.00012634536734490556,0.3328486247653903
22,865.6205466442201,,,mixed opposite-phase cyclic C-C stretching / ring-site C-H out-of-plane bending,nu(C8-H17),bond,1.8377018908354894e-06,+,5.376930637438702e-05,0.33225175462853057
22,865.6205466442201,,,mixed opposite-phase cyclic C-C stretching / ring-site C-H out-of-plane bending,nu(C8-H18),bond,1.5719911631105227e-06,+,4.968755881920143e-05,0.3328249452823529
22,865.6205466442201,,,mixed opposite-phase cyclic C-C stretching / ring-site C-H out-of-plane bending,nu(C1-H10),bond,1.8352695581070284e-08,+,5.355034083529379e-06,0.33453107906648005
23,886.6404409779014,,,mixed ring-site C-H out-of-plane bending / cyclic C-C stretching,tau(C2-C7-C9-H21),dihedral,20.410719049060354,+,0.14107129577883581,0.6676298268489548
23,886.6404409779014,,,mixed ring-site C-H out-of-plane bending / cyclic C-C stretching,nu(C4-C5),bond,16.496884804231694,+,0.18907487088918756,0.30039247824764354
23,886.6404409779014,,,mixed ring-site C-H out-of-plane bending / cyclic C-C stretching,"gamma(H21;C9,C5,C7)",oop,16.457233520284596,-,-0.085562835124066,1.4633264940362696
23,886.6404409779014,,,mixed ring-site C-H out-of-plane bending / cyclic C-C stretching,delta(C4-C5-C9),angle,12.994922708513672,-,-0.07494174569554515,1.506193701341896
23,886.6404409779014,,,mixed ring-site C-H out-of-plane bending / cyclic C-C stretching,nu(O3-C4),bond,4.165697348015299,+,0.08503516757307765,0.375012122768873
23,886.6404409779014,,,mixed ring-site C-H out-of-plane bending / cyclic C-C stretching,"gamma(C7;C9,H20,H21)",oop,4.090270204146887,+,0.0790624984079905,0.42595690951260695
23,886.6404409779014,,,mixed ring-site C-H out-of-plane bending / cyclic C-C stretching,nu(C5-C6),bond,3.302647517985222,+,0.0818594870025767,0.3208329206887749
23,886.6404409779014,,,mixed ring-site C-H out-of-plane bending / cyclic C-C stretching,nu(C2-O3),bond,3.208586686744276,+,0.09112511029170658,0.25153149975958655
23,886.6404409779014,,,mixed ring-site C-H out-of-plane bending / cyclic C-C stretching,delta(O3-C4-C5),angle,2.9291455914558098,-,-0.042943630674429814,1.033946761767908
23,886.6404409779014,,,mixed ring-site C-H out-of-plane bending / cyclic C-C stretching,delta(C5-C4-H13),angle,2.2357854270707915,+,0.08035739917102747,0.22538920624003742
23,886.6404409779014,,,mixed ring-site C-H out-of-plane bending / cyclic C-C stretching,nu(C5-C9),bond,2.090736477861067,+,0.07247624470862987,0.25909716935407706
23,886.6404409779014,,,mixed ring-site C-H out-of-plane bending / cyclic C-C stretching,nu(C7-C8),bond,1.1817519623745363,+,0.051758860908987486,0.287151870291782
23,886.6404409779014,,,mixed ring-site C-H out-of-plane bending / cyclic C-C stretching,nu(C1-C2),bond,1.1675491793447355,+,0.050404973666787534,0.2991459555841769
23,886.6404409779014,,,mixed ring-site C-H out-of-plane bending / cyclic C-C stretching,nu(C2-C4),bond,1.0951947137915976,-,-0.036438747909319495,0.5369318728370088
23,886.6404409779014,,,mixed ring-site C-H out-of-plane bending / cyclic C-C stretching,tau(O3-C2-C7-C6),dihedral,1.091040233856054,-,-0.029027511854299193,0.8428996647092574
23,886.6404409779014,,,mixed ring-site C-H out-of-plane bending / cyclic C-C stretching,delta(C7-C6-H15),angle,0.8399225226915882,-,-0.044371802798493155,0.27770251683716846
23,886.6404409779014,,,mixed ring-site C-H out-of-plane bending / cyclic C-C stretching,delta(C2-C1-H11),angle,0.8297062591074604,-,-0.03821770181389845,0.36978557709159526
23,886.6404409779014,,,mixed ring-site C-H out-of-plane bending / cyclic C-C stretching,nu(C7-C9),bond,0.6740527099139697,-,-0.04303340341645646,0.23693935749874415
23,886.6404409779014,,,mixed ring-site C-H out-of-plane bending / cyclic C-C stretching,tau(H10-C1-C2-O3),dihedral,0.6123581379153814,+,0.04765084299978397,0.17555736525640764
23,886.6404409779014,,,mixed ring-site C-H out-of-plane bending / cyclic C-C stretching,tau(C4-C5-C9-H20),dihedral,0.5997057692752195,-,-0.026089508829182245,0.5735366270754743
23,886.6404409779014,,,mixed ring-site C-H out-of-plane bending / cyclic C-C stretching,"gamma(O3;C4,C5,H13)",oop,0.5765779952565492,-,-0.053261550566148015,0.13230772126924695
23,886.6404409779014,,,mixed ring-site C-H out-of-plane bending / cyclic C-C stretching,tau(H12-C1-C2-C7),dihedral,0.4669900543177507,-,-0.042338584562267155,0.16958588363924
23,886.6404409779014,,,mixed ring-site C-H out-of-plane bending / cyclic C-C stretching,nu(C6-C7),bond,0.4634378519942658,-,-0.03252891638455998,0.2851064531742666
23,886.6404409779014,,,mixed ring-site C-H out-of-plane bending / cyclic C-C stretching,delta(C5-C6-H16),angle,0.33855253102012905,+,0.025582890355865136,0.33672982370377696
23,886.6404409779014,,,mixed ring-site C-H out-of-plane bending / cyclic C-C stretching,tau(C1-C2-C7-C6),dihedral,0.2875405522193137,+,0.026071809188469106,0.27536675168740415
23,886.6404409779014,,,mixed ring-site C-H out-of-plane bending / cyclic C-C stretching,"gamma(H14;C5,C6,C9)",oop,0.20937668509111496,-,-0.025912751098365966,0.2029812906968152
23,886.6404409779014,,,mixed ring-site C-H out-of-plane bending / cyclic C-C stretching,nu(C2-C7),bond,0.20326762061683293,-,-0.020363533206115635,0.31909255709522183
23,886.6404409779014,,,mixed ring-site C-H out-of-plane bending / cyclic C-C stretching,delta(O3-C2-C7),angle,0.18196804862442306,-,-0.009977285545051614,1.1899400216449423
23,886.6404409779014,,,mixed ring-site C-H out-of-plane bending / cyclic C-C stretching,tau(C8-C7-C9-C5),dihedral,0.16152463978738812,+,0.01847772430262662,0.3079615894469893
23,886.6404409779014,,,mixed ring-site C-H out-of-plane bending / cyclic C-C stretching,delta(H20-C9-H21),angle,0.15463739420943332,-,-0.01223012584649907,0.6729881358363181
23,886.6404409779014,,,mixed ring-site C-H out-of-plane bending / cyclic C-C stretching,tau(C2-C4-C5-H14),dihedral,0.07205389851275026,+,0.01828273409013606,0.1403233470126861
23,886.6404409779014,,,mixed ring-site C-H out-of-plane bending / cyclic C-C stretching,"gamma(C6;C7,C2,C9)",oop,0.07151643063647456,+,0.00540119377580037,1.5958095173539286
23,886.6404409779014,,,mixed ring-site C-H out-of-plane bending / cyclic C-C stretching,tau(C6-C7-C8-H18),dihedral,0.06404808458411244,-,-0.012845807474641185,0.25266091572024935
23,886.6404409779014,,,mixed ring-site C-H out-of-plane bending / cyclic C-C stretching,delta(C7-C8-H19),angle,0.05501111470420885,+,0.009770239405002587,0.37514120679903984
23,886.6404409779014,,,mixed ring-site C-H out-of-plane bending / cyclic C-C stretching,delta(H15-C6-H16),angle,0.05446238709699356,-,-0.009918397254476963,0.3603864154338734
23,886.6404409779014,,,mixed ring-site C-H out-of-plane bending / cyclic C-C stretching,tau(C2-C7-C8-H19),dihedral,0.04547538521565223,-,-0.010301231539912858,0.2789669960422185
23,886.6404409779014,,,mixed ring-site C-H out-of-plane bending / cyclic C-C stretching,"gamma(H17;C8,H18,H19)",oop,0.02766779354283055,+,0.007097482471751531,0.35753668248522347
23,886.6404409779014,,,mixed ring-site C-H out-of-plane bending / cyclic C-C stretching,delta(C5-C6-H15),angle,0.0213149935363857,+,0.007044584313730325,0.27959487055579446
23,886.6404409779014,,,mixed ring-site C-H out-of-plane bending / cyclic C-C stretching,"gamma(H12;C1,H10,H11)",oop,0.014792591242126908,+,0.006670521581827527,0.21641103722868646
23,886.6404409779014,,,mixed ring-site C-H out-of-plane bending / cyclic C-C stretching,delta(C1-C2-C7),angle,0.013519190521081751,+,0.005005204183191173,0.35128679741124474
23,886.6404409779014,,,mixed ring-site C-H out-of-plane bending / cyclic C-C stretching,nu(C4-H13),bond,0.011998448762041949,+,0.004710817410789343,0.351955126413533
23,886.6404409779014,,,mixed ring-site C-H out-of-plane bending / cyclic C-C stretching,delta(C7-C8-H17),angle,0.009830193194463027,-,-0.0036366327280111083,0.4838579761113301
23,886.6404409779014,,,mixed ring-site C-H out-of-plane bending / cyclic C-C stretching,tau(C9-C7-C8-H17),dihedral,0.006330110132864982,-,-0.004887362009298405,0.1725110767453955
23,886.6404409779014,,,mixed ring-site C-H out-of-plane bending / cyclic C-C stretching,nu(C5-H14),bond,0.004276402321665959,+,0.0028507501380254795,0.3425429122248566
23,886.6404409779014,,,mixed ring-site C-H out-of-plane bending / cyclic C-C stretching,delta(C2-C1-H12),angle,0.004129701857717771,-,-0.0029718348803498876,0.3043855873378456
23,886.6404409779014,,,mixed ring-site C-H out-of-plane bending / cyclic C-C stretching,nu(C6-H15),bond,0.0030257885150294216,+,0.002412728742010193,0.33835789268622185
23,886.6404409779014,,,mixed ring-site C-H out-of-plane bending / cyclic C-C stretching,delta(H18-C8-H19),angle,0.0009984477131846255,-,-0.0013524999916776272,0.35530843806641327
23,886.6404409779014,,,mixed ring-site C-H out-of-plane bending / cyclic C-C stretching,nu(C9-H20),bond,0.0006774156536692723,+,0.0011538898413482105,0.3311930886360174
23,886.6404409779014,,,mixed ring-site C-H out-of-plane bending / cyclic C-C stretching,nu(C1-H12),bond,0.0003586630093643377,+,0.0008286747105628808,0.33999548876067176
23,886.6404409779014,,,mixed ring-site C-H out-of-plane bending / cyclic C-C stretching,nu(C1-H11),bond,0.00018483650911300747,-,-0.000601239996947735,0.3328486247653903
23,886.6404409779014,,,mixed ring-site C-H out-of-plane bending / cyclic C-C stretching,nu(C8-H19),bond,0.00016481394914811084,+,0.000566525982707641,0.3342789560628059
23,886.6404409779014,,,mixed ring-site C-H out-of-plane bending / cyclic C-C stretching,nu(C6-H16),bond,0.00016324896751716302,+,0.0005533959407474984,0.3470030099281011
23,886.6404409779014,,,mixed ring-site C-H out-of-plane bending / cyclic C-C stretching,delta(H10-C1-H11),angle,0.00011464475725312857,-,-0.0005434919881971833,0.25265194351349923
23,886.6404409779014,,,mixed ring-site C-H out-of-plane bending / cyclic C-C stretching,nu(C9-H21),bond,6.160512233139294e-05,-,-0.0003455827178344827,0.33578982314146966
23,886.6404409779014,,,mixed ring-site C-H out-of-plane bending / cyclic C-C stretching,nu(C1-H10),bond,3.1116975030474245e-05,+,0.0002460695179768994,0.33453107906648005
23,886.6404409779014,,,mixed ring-site C-H out-of-plane bending / cyclic C-C stretching,nu(C8-H18),bond,8.375761063449842e-06,+,0.0001279916311194443,0.3328249452823529
23,886.6404409779014,,,mixed ring-site C-H out-of-plane bending / cyclic C-C stretching,nu(C8-H17),bond,1.204284734714221e-07,-,-1.5360604868601504e-05,0.33225175462853057
24,900.2502392894377,,,mixed mixed-phase cyclic C-C stretching / C-H bending,nu(C4-C5),bond,16.342890050664003,-,-0.17191126433146248,0.30039247824764354
24,900.2502392894377,,,mixed mixed-phase cyclic C-C stretching / C-H bending,nu(O3-C4),bond,10.287595161807412,+,0.12207274515665847,0.375012122768873
24,900.2502392894377,,,mixed mixed-phase cyclic C-C stretching / C-H bending,delta(C2-C1-H11),angle,9.029689707289139,-,-0.11517172220907561,0.36978557709159526
24,900.2502392894377,,,mixed mixed-phase cyclic C-C stretching / C-H bending,tau(C2-C7-C9-H21),dihedral,7.243171362042665,-,-0.07676812729471828,0.6676298268489548
24,900.2502392894377,,,mixed mixed-phase cyclic C-C stretching / C-H bending,delta(O3-C4-C5),angle,7.083245686119457,+,0.06100304253377815,1.033946761767908
24,900.2502392894377,,,mixed mixed-phase cyclic C-C stretching / C-H bending,nu(C6-C7),bond,6.459244463503724,-,-0.11093581261564145,0.2851064531742666
24,900.2502392894377,,,mixed mixed-phase cyclic C-C stretching / C-H bending,"gamma(H21;C9,C5,C7)",oop,5.174165587153512,+,0.0438262160725855,1.4633264940362696
24,900.2502392894377,,,mixed mixed-phase cyclic C-C stretching / C-H bending,tau(O3-C2-C7-C6),dihedral,4.7462488718868965,-,-0.055305935746490925,0.8428996647092574
24,900.2502392894377,,,mixed mixed-phase cyclic C-C stretching / C-H bending,delta(C7-C8-H19),angle,4.509430378624527,+,0.08080679638691124,0.37514120679903984
24,900.2502392894377,,,mixed mixed-phase cyclic C-C stretching / C-H bending,nu(C2-C4),bond,4.404573764132183,-,-0.06675392142179912,0.5369318728370088
24,900.2502392894377,,,mixed mixed-phase cyclic C-C stretching / C-H bending,nu(C2-C7),bond,2.7433937282587784,+,0.06833924325779127,0.31909255709522183
24,900.2502392894377,,,mixed mixed-phase cyclic C-C stretching / C-H bending,tau(H10-C1-C2-O3),dihedral,2.720901623435209,+,0.09175533486322039,0.17555736525640764
24,900.2502392894377,,,mixed mixed-phase cyclic C-C stretching / C-H bending,nu(C5-C9),bond,2.2396398896302094,-,-0.06852391925517959,0.25909716935407706
24,900.2502392894377,,,mixed mixed-phase cyclic C-C stretching / C-H bending,delta(C2-C1-H12),angle,2.2325337401969136,+,0.06312064164741223,0.3043855873378456
24,900.2502392894377,,,mixed mixed-phase cyclic C-C stretching / C-H bending,tau(H12-C1-C2-C7),dihedral,1.787092786216109,-,-0.07565944189364066,0.16958588363924
24,900.2502392894377,,,mixed mixed-phase cyclic C-C stretching / C-H bending,nu(C7-C9),bond,1.730574268186599,-,-0.06298845407058287,0.23693935749874415
24,900.2502392894377,,,mixed mixed-phase cyclic C-C stretching / C-H bending,tau(C9-C7-C8-H17),dihedral,1.46473689270258,+,0.06791344310700471,0.1725110767453955
24,900.2502392894377,,,mixed mixed-phase cyclic C-C stretching / C-H bending,delta(C5-C4-H13),angle,1.4269944835264092,-,-0.058644734153593205,0.22538920624003742
24,900.2502392894377,,,mixed mixed-phase cyclic C-C stretching / C-H bending,delta(C4-C5-C9),angle,1.4091848280518189,-,-0.02254384540702382,1.506193701341896
24,900.2502392894377,,,mixed mixed-phase cyclic C-C stretching / C-H bending,tau(C4-C5-C9-H20),dihedral,1.0776044343190347,+,0.03194725422811449,0.5735366270754743
24,900.2502392894377,,,mixed mixed-phase cyclic C-C stretching / C-H bending,tau(C6-C7-C8-H18),dihedral,0.6621481729966143,-,-0.03773053744459838,0.25266091572024935
24,900.2502392894377,,,mixed mixed-phase cyclic C-C stretching / C-H bending,delta(O3-C2-C7),angle,0.5887286053957916,-,-0.016393793679479938,1.1899400216449423
24,900.2502392894377,,,mixed mixed-phase cyclic C-C stretching / C-H bending,nu(C2-O3),bond,0.5605395690687406,+,0.03479296012407741,0.25153149975958655
24,900.2502392894377,,,mixed mixed-phase cyclic C-C stretching / C-H bending,tau(C2-C7-C8-H19),dihedral,0.5584382845867041,-,-0.032975820548852744,0.2789669960422185
24,900.2502392894377,,,mixed mixed-phase cyclic C-C stretching / C-H bending,nu(C5-C6),bond,0.5291722784885697,+,0.02993253588589377,0.3208329206887749
24,900.2502392894377,,,mixed mixed-phase cyclic C-C stretching / C-H bending,tau(C8-C7-C9-C5),dihedral,0.5189682747175994,-,-0.030255655074741417,0.3079615894469893
24,900.2502392894377,,,mixed mixed-phase cyclic C-C stretching / C-H bending,tau(C2-C4-C5-H14),dihedral,0.46995021195694775,-,-0.04265258815368683,0.1403233470126861
24,900.2502392894377,,,mixed mixed-phase cyclic C-C stretching / C-H bending,nu(C7-C8),bond,0.4009671547105619,-,-0.027541209357379276,0.287151870291782
24,900.2502392894377,,,mixed mixed-phase cyclic C-C stretching / C-H bending,"gamma(H14;C5,C6,C9)",oop,0.3933660646134785,-,-0.032445529974503215,0.2029812906968152
24,900.2502392894377,,,mixed mixed-phase cyclic C-C stretching / C-H bending,nu(C1-C2),bond,0.3044608393904117,+,0.023513029255558357,0.2991459555841769
24,900.2502392894377,,,mixed mixed-phase cyclic C-C stretching / C-H bending,"gamma(C6;C7,C2,C9)",oop,0.24985696485995895,-,-0.009222308298513776,1.5958095173539286
24,900.2502392894377,,,mixed mixed-phase cyclic C-C stretching / C-H bending,delta(C7-C8-H17),angle,0.1800705763112704,-,-0.014218273265829778,0.4838579761113301
24,900.2502392894377,,,mixed mixed-phase cyclic C-C stretching / C-H bending,delta(H10-C1-H11),angle,0.10326146207692409,-,-0.014900205052818171,0.25265194351349923
24,900.2502392894377,,,mixed mixed-phase cyclic C-C stretching / C-H bending,"gamma(O3;C4,C5,H13)",oop,0.0910163500339239,-,-0.01933087642922026,0.13230772126924695
24,900.2502392894377,,,mixed mixed-phase cyclic C-C stretching / C-H bending,"gamma(C7;C9,H20,H21)",oop,0.07231944545553154,+,0.009603491178708559,0.42595690951260695
24,900.2502392894377,,,mixed mixed-phase cyclic C-C stretching / C-H bending,delta(C5-C6-H15),angle,0.05292558379294242,-,-0.010140343356033159,0.27959487055579446
24,900.2502392894377,,,mixed mixed-phase cyclic C-C stretching / C-H bending,delta(C1-C2-C7),angle,0.03513435731198486,-,-0.007370883122298859,0.35128679741124474
24,900.2502392894377,,,mixed mixed-phase cyclic C-C stretching / C-H bending,nu(C4-H13),bond,0.02689297420291424,-,-0.006442585663069389,0.351955126413533
24,900.2502392894377,,,mixed mixed-phase cyclic C-C stretching / C-H bending,"gamma(H12;C1,H10,H11)",oop,0.020343190467028028,-,-0.007145856015532789,0.21641103722868646
24,900.2502392894377,,,mixed mixed-phase cyclic C-C stretching / C-H bending,delta(C5-C6-H16),angle,0.01764332751733696,+,0.005334993423524266,0.33672982370377696
24,900.2502392894377,,,mixed mixed-phase cyclic C-C stretching / C-H bending,delta(H15-C6-H16),angle,0.010733268282580232,+,0.004022223677295137,0.3603864154338734
24,900.2502392894377,,,mixed mixed-phase cyclic C-C stretching / C-H bending,delta(H20-C9-H21),angle,0.009953356572789009,-,-0.0028344285194488498,0.6729881358363181
24,900.2502392894377,,,mixed mixed-phase cyclic C-C stretching / C-H bending,delta(H18-C8-H19),angle,0.009693852342746867,+,0.0038497264523660204,0.35530843806641327
24,900.2502392894377,,,mixed mixed-phase cyclic C-C stretching / C-H bending,nu(C5-H14),bond,0.006492410214162935,-,-0.003208705917117036,0.3425429122248566
24,900.2502392894377,,,mixed mixed-phase cyclic C-C stretching / C-H bending,nu(C6-H16),bond,0.004528630016235867,-,-0.0026625712071593997,0.3470030099281011
24,900.2502392894377,,,mixed mixed-phase cyclic C-C stretching / C-H bending,nu(C1-H11),bond,0.0024859570226712013,+,0.002014224417953299,0.3328486247653903
24,900.2502392894377,,,mixed mixed-phase cyclic C-C stretching / C-H bending,nu(C6-H15),bond,0.0024229108670474372,-,-0.0019722637612786154,0.33835789268622185
24,900.2502392894377,,,mixed mixed-phase cyclic C-C stretching / C-H bending,nu(C9-H21),bond,0.001757314551954344,-,-0.0016860692954181568,0.33578982314146966
24,900.2502392894377,,,mixed mixed-phase cyclic C-C stretching / C-H bending,tau(C1-C2-C7-C6),dihedral,0.0013354431034360763,-,-0.0016230854175077443,0.27536675168740415
24,900.2502392894377,,,mixed mixed-phase cyclic C-C stretching / C-H bending,nu(C1-H10),bond,0.000711132949815392,-,-0.0010745870364385452,0.33453107906648005
24,900.2502392894377,,,mixed mixed-phase cyclic C-C stretching / C-H bending,nu(C8-H19),bond,0.0004196967151251492,-,-0.0008258433922857532,0.3342789560628059
24,900.2502392894377,,,mixed mixed-phase cyclic C-C stretching / C-H bending,nu(C1-H12),bond,0.0002236350543089431,-,-0.0005977475354223373,0.33999548876067176
24,900.2502392894377,,,mixed mixed-phase cyclic C-C stretching / C-H bending,"gamma(H17;C8,H18,H19)",oop,4.6811837608493344e-05,+,0.00026668707842464573,0.35753668248522347
24,900.2502392894377,,,mixed mixed-phase cyclic C-C stretching / C-H bending,nu(C8-H18),bond,4.009018219392725e-05,+,0.0002557970385332268,0.3328249452823529
24,900.2502392894377,,,mixed mixed-phase cyclic C-C stretching / C-H bending,nu(C8-H17),bond,1.6346879682577543e-05,+,0.00016348135298744544,0.33225175462853057
24,900.2502392894377,,,mixed mixed-phase cyclic C-C stretching / C-H bending,nu(C9-H20),bond,1.3489347427823324e-05,+,0.00014874393597963444,0.3311930886360174
24,900.2502392894377,,,mixed mixed-phase cyclic C-C stretching / C-H bending,delta(C7-C6-H15),angle,1.0258357791241115e-05,-,-0.0001416555012174783,0.27770251683716846
25,956.0476103299111,,,mixed mixed-phase cyclic C-C stretching / ring-site C-H out-of-plane bending,nu(C5-C6),bond,22.267821837666798,+,0.1974477569012363,0.3208329206887749
25,956.0476103299111,,,mixed mixed-phase cyclic C-C stretching / ring-site C-H out-of-plane bending,nu(C5-C9),bond,13.341878847475677,+,0.170070880423291,0.25909716935407706
25,956.0476103299111,,,mixed mixed-phase cyclic C-C stretching / ring-site C-H out-of-plane bending,"gamma(H21;C9,C5,C7)",oop,11.086462552804978,+,0.06523470114779481,1.4633264940362696
25,956.0476103299111,,,mixed mixed-phase cyclic C-C stretching / ring-site C-H out-of-plane bending,"gamma(H14;C5,C6,C9)",oop,6.3695170981615705,-,-0.13276330244766157,0.2029812906968152
25,956.0476103299111,,,mixed mixed-phase cyclic C-C stretching / ring-site C-H out-of-plane bending,nu(C4-C5),bond,5.504375041370673,-,-0.10145238925770499,0.30039247824764354
25,956.0476103299111,,,mixed mixed-phase cyclic C-C stretching / ring-site C-H out-of-plane bending,delta(C5-C6-H15),angle,5.445824325332188,+,0.104597188645677,0.27959487055579446
25,956.0476103299111,,,mixed mixed-phase cyclic C-C stretching / ring-site C-H out-of-plane bending,delta(C7-C8-H19),angle,5.403179615478357,-,-0.08994563965074608,0.37514120679903984
25,956.0476103299111,,,mixed mixed-phase cyclic C-C stretching / ring-site C-H out-of-plane bending,delta(O3-C4-C5),angle,4.242634404188855,+,0.04800887329993768,1.033946761767908
25,956.0476103299111,,,mixed mixed-phase cyclic C-C stretching / ring-site C-H out-of-plane bending,delta(C7-C8-H17),angle,3.2712574562723193,+,0.06162418779159817,0.4838579761113301
25,956.0476103299111,,,mixed mixed-phase cyclic C-C stretching / ring-site C-H out-of-plane bending,tau(C2-C7-C9-H21),dihedral,2.9858534560636163,-,-0.050120936472381326,0.6676298268489548
25,956.0476103299111,,,mixed mixed-phase cyclic C-C stretching / ring-site C-H out-of-plane bending,tau(C4-C5-C9-H20),dihedral,2.7131559781141092,+,0.051547736491166,0.5735366270754743
25,956.0476103299111,,,mixed mixed-phase cyclic C-C stretching / ring-site C-H out-of-plane bending,delta(C4-C5-C9),angle,1.7326226107358023,-,-0.02541934602460086,1.506193701341896
25,956.0476103299111,,,mixed mixed-phase cyclic C-C stretching / ring-site C-H out-of-plane bending,"gamma(C6;C7,C2,C9)",oop,1.627487501715935,+,0.023934320562119707,1.5958095173539286
25,956.0476103299111,,,mixed mixed-phase cyclic C-C stretching / ring-site C-H out-of-plane bending,tau(C6-C7-C8-H18),dihedral,1.6262884652340115,+,0.06012880264291146,0.25266091572024935
25,956.0476103299111,,,mixed mixed-phase cyclic C-C stretching / ring-site C-H out-of-plane bending,nu(C7-C9),bond,1.5113645653159675,+,0.059857532837167535,0.23693935749874415
25,956.0476103299111,,,mixed mixed-phase cyclic C-C stretching / ring-site C-H out-of-plane bending,tau(O3-C2-C7-C6),dihedral,1.4064433877514366,+,0.030614416409202143,0.8428996647092574
25,956.0476103299111,,,mixed mixed-phase cyclic C-C stretching / ring-site C-H out-of-plane bending,nu(C7-C8),bond,1.402360080076254,+,0.05237532651312932,0.287151870291782
25,956.0476103299111,,,mixed mixed-phase cyclic C-C stretching / ring-site C-H out-of-plane bending,delta(C7-C6-H15),angle,1.3305686696484458,+,0.05187779831705202,0.27770251683716846
25,956.0476103299111,,,mixed mixed-phase cyclic C-C stretching / ring-site C-H out-of-plane bending,nu(C6-C7),bond,1.306240801774292,+,0.05072953678471252,0.2851064531742666
25,956.0476103299111,,,mixed mixed-phase cyclic C-C stretching / ring-site C-H out-of-plane bending,"gamma(C7;C9,H20,H21)",oop,1.2148045472936786,+,0.0400242468648545,0.42595690951260695
25,956.0476103299111,,,mixed mixed-phase cyclic C-C stretching / ring-site C-H out-of-plane bending,delta(C5-C4-H13),angle,0.9037470827432363,-,-0.04745802873575236,0.22538920624003742
25,956.0476103299111,,,mixed mixed-phase cyclic C-C stretching / ring-site C-H out-of-plane bending,nu(C2-C7),bond,0.8912272697131055,-,-0.03960852719911444,0.31909255709522183
25,956.0476103299111,,,mixed mixed-phase cyclic C-C stretching / ring-site C-H out-of-plane bending,tau(C2-C4-C5-H14),dihedral,0.4204391216779319,-,-0.041024131006040326,0.1403233470126861
25,956.0476103299111,,,mixed mixed-phase cyclic C-C stretching / ring-site C-H out-of-plane bending,nu(C2-O3),bond,0.3650019106349874,-,-0.028549872728255134,0.25153149975958655
25,956.0476103299111,,,mixed mixed-phase cyclic C-C stretching / ring-site C-H out-of-plane bending,delta(C5-C6-H16),angle,0.30361804698124695,-,-0.022504833152561514,0.33672982370377696
25,956.0476103299111,,,mixed mixed-phase cyclic C-C stretching / ring-site C-H out-of-plane bending,tau(C8-C7-C9-C5),dihedral,0.20586657975742967,-,-0.0193774866437103,0.3079615894469893
25,956.0476103299111,,,mixed mixed-phase cyclic C-C stretching / ring-site C-H out-of-plane bending,nu(C1-C2),bond,0.1970816803450054,+,0.019236867702664487,0.2991459555841769
25,956.0476103299111,,,mixed mixed-phase cyclic C-C stretching / ring-site C-H out-of-plane bending,delta(C2-C1-H11),angle,0.19606813062371525,-,-0.017257636525702263,0.36978557709159526
25,956.0476103299111,,,mixed mixed-phase cyclic C-C stretching / ring-site C-H out-of-plane bending,delta(H18-C8-H19),angle,0.18626131609456587,-,-0.017159766372589248,0.35530843806641327
25,956.0476103299111,,,mixed mixed-phase cyclic C-C stretching / ring-site C-H out-of-plane bending,tau(C9-C7-C8-H17),dihedral,0.16979964849288018,-,-0.0235132519959697,0.1725110767453955
25,956.0476103299111,,,mixed mixed-phase cyclic C-C stretching / ring-site C-H out-of-plane bending,tau(C1-C2-C7-C6),dihedral,0.15439653995759375,+,0.017746627303769573,0.27536675168740415
25,956.0476103299111,,,mixed mixed-phase cyclic C-C stretching / ring-site C-H out-of-plane bending,delta(H20-C9-H21),angle,0.044029532623183154,-,-0.006062072575608019,0.6729881358363181
25,956.0476103299111,,,mixed mixed-phase cyclic C-C stretching / ring-site C-H out-of-plane bending,nu(C2-C4),bond,0.03508575220696497,-,-0.006058409171528625,0.5369318728370088
25,956.0476103299111,,,mixed mixed-phase cyclic C-C stretching / ring-site C-H out-of-plane bending,nu(O3-C4),bond,0.02783590826159015,-,-0.00645703056984131,0.375012122768873
25,956.0476103299111,,,mixed mixed-phase cyclic C-C stretching / ring-site C-H out-of-plane bending,nu(C5-H14),bond,0.020140383034749066,+,0.005746840819454183,0.3425429122248566
25,956.0476103299111,,,mixed mixed-phase cyclic C-C stretching / ring-site C-H out-of-plane bending,tau(C2-C7-C8-H19),dihedral,0.01734524033665319,-,-0.005909715115939841,0.2789669960422185
25,956.0476103299111,,,mixed mixed-phase cyclic C-C stretching / ring-site C-H out-of-plane bending,delta(O3-C2-C7),angle,0.015544777838319004,+,0.00270883481071274,1.1899400216449423
25,956.0476103299111,,,mixed mixed-phase cyclic C-C stretching / ring-site C-H out-of-plane bending,delta(H15-C6-H16),angle,0.01478731722705742,+,0.004800796383607978,0.3603864154338734
25,956.0476103299111,,,mixed mixed-phase cyclic C-C stretching / ring-site C-H out-of-plane bending,tau(H12-C1-C2-C7),dihedral,0.01136282916729694,-,-0.006134810993631662,0.16958588363924
25,956.0476103299111,,,mixed mixed-phase cyclic C-C stretching / ring-site C-H out-of-plane bending,nu(C9-H20),bond,0.006305294272916479,+,0.0032701287004878263,0.3311930886360174
25,956.0476103299111,,,mixed mixed-phase cyclic C-C stretching / ring-site C-H out-of-plane bending,"gamma(H17;C8,H18,H19)",oop,0.0060535404909389835,+,0.0030838782258968606,0.35753668248522347
25,956.0476103299111,,,mixed mixed-phase cyclic C-C stretching / ring-site C-H out-of-plane bending,nu(C6-H16),bond,0.004397336062133904,+,0.0026679703914029296,0.3470030099281011
25,956.0476103299111,,,mixed mixed-phase cyclic C-C stretching / ring-site C-H out-of-plane bending,nu(C9-H21),bond,0.0025482909440386176,+,0.002064636203094737,0.33578982314146966
25,956.0476103299111,,,mixed mixed-phase cyclic C-C stretching / ring-site C-H out-of-plane bending,nu(C8-H19),bond,0.0023234833305172072,+,0.0019759140971655573,0.3342789560628059
25,956.0476103299111,,,mixed mixed-phase cyclic C-C stretching / ring-site C-H out-of-plane bending,"gamma(O3;C4,C5,H13)",oop,0.0021412258615273066,+,0.0030150286478484315,0.13230772126924695
25,956.0476103299111,,,mixed mixed-phase cyclic C-C stretching / ring-site C-H out-of-plane bending,nu(C4-H13),bond,0.0016252780904695173,-,-0.0016105454698938193,0.351955126413533
25,956.0476103299111,,,mixed mixed-phase cyclic C-C stretching / ring-site C-H out-of-plane bending,delta(C2-C1-H12),angle,0.0009716605310744716,+,0.0013390538313189362,0.3043855873378456
25,956.0476103299111,,,mixed mixed-phase cyclic C-C stretching / ring-site C-H out-of-plane bending,delta(H10-C1-H11),angle,0.0008292830832702644,-,-0.0013578221194269098,0.25265194351349923
25,956.0476103299111,,,mixed mixed-phase cyclic C-C stretching / ring-site C-H out-of-plane bending,nu(C6-H15),bond,0.0007187422596748033,-,-0.0010923233876686366,0.33835789268622185
25,956.0476103299111,,,mixed mixed-phase cyclic C-C stretching / ring-site C-H out-of-plane bending,tau(H10-C1-C2-O3),dihedral,0.0006996314368812674,-,-0.001496159616785873,0.17555736525640764
25,956.0476103299111,,,mixed mixed-phase cyclic C-C stretching / ring-site C-H out-of-plane bending,delta(C1-C2-C7),angle,0.0006346692850911283,-,-0.001007385335268356,0.35128679741124474
25,956.0476103299111,,,mixed mixed-phase cyclic C-C stretching / ring-site C-H out-of-plane bending,nu(C1-H10),bond,0.00033558996524261377,-,-0.0007506526898638359,0.33453107906648005
25,956.0476103299111,,,mixed mixed-phase cyclic C-C stretching / ring-site C-H out-of-plane bending,nu(C1-H11),bond,0.0003018227187917953,+,0.0007136830424630115,0.3328486247653903
25,956.0476103299111,,,mixed mixed-phase cyclic C-C stretching / ring-site C-H out-of-plane bending,"gamma(H12;C1,H10,H11)",oop,0.00016406176975213585,+,0.0006525545024589638,0.21641103722868646
25,956.0476103299111,,,mixed mixed-phase cyclic C-C stretching / ring-site C-H out-of-plane bending,nu(C8-H17),bond,0.00012327299021547137,-,-0.00045651297084197746,0.33225175462853057
25,956.0476103299111,,,mixed mixed-phase cyclic C-C stretching / ring-site C-H out-of-plane bending,nu(C1-H12),bond,2.414871442509483e-05,+,0.0001997391642383878,0.33999548876067176
25,956.0476103299111,,,mixed mixed-phase cyclic C-C stretching / ring-site C-H out-of-plane bending,nu(C8-H18),bond,2.2358000539597536e-05,-,-0.00019425014171464632,0.3328249452823529
26,990.1431153763059,,,mixed ring-site C-H out-of-plane bending / ring-site C-H in-plane bending,"gamma(H21;C9,C5,C7)",oop,47.850719162014336,+,0.20797949558825285,1.4633264940362696
26,990.1431153763059,,,mixed ring-site C-H out-of-plane bending / ring-site C-H in-plane bending,tau(C2-C7-C9-H21),dihedral,9.867962763502767,-,-0.139827563258035,0.6676298268489548
26,990.1431153763059,,,mixed ring-site C-H out-of-plane bending / ring-site C-H in-plane bending,tau(C4-C5-C9-H20),dihedral,7.672654712155902,+,0.13302680241074719,0.5735366270754743
26,990.1431153763059,,,mixed ring-site C-H out-of-plane bending / ring-site C-H in-plane bending,delta(C7-C6-H15),angle,7.2215664591269375,+,0.1854695857939313,0.27770251683716846
26,990.1431153763059,,,mixed ring-site C-H out-of-plane bending / ring-site C-H in-plane bending,delta(C5-C6-H16),angle,4.650044835780856,-,-0.13515579844271822,0.33672982370377696
26,990.1431153763059,,,mixed ring-site C-H out-of-plane bending / ring-site C-H in-plane bending,"gamma(O3;C4,C5,H13)",oop,4.469172906880462,-,-0.2113819439944846,0.13230772126924695
26,990.1431153763059,,,mixed ring-site C-H out-of-plane bending / ring-site C-H in-plane bending,delta(O3-C4-C5),angle,2.229321925575753,-,-0.05340528152534458,1.033946761767908
26,990.1431153763059,,,mixed ring-site C-H out-of-plane bending / ring-site C-H in-plane bending,delta(C7-C8-H17),angle,1.9421462697965557,+,0.07286666937598196,0.4838579761113301
26,990.1431153763059,,,mixed ring-site C-H out-of-plane bending / ring-site C-H in-plane bending,"gamma(H14;C5,C6,C9)",oop,1.6518213902076493,+,0.10375294712180083,0.2029812906968152
26,990.1431153763059,,,mixed ring-site C-H out-of-plane bending / ring-site C-H in-plane bending,nu(C5-C6),bond,1.4826548392915913,-,-0.07818572561596647,0.3208329206887749
26,990.1431153763059,,,mixed ring-site C-H out-of-plane bending / ring-site C-H in-plane bending,delta(C2-C1-H11),angle,1.3636151039125033,-,-0.0698421855573349,0.36978557709159526
26,990.1431153763059,,,mixed ring-site C-H out-of-plane bending / ring-site C-H in-plane bending,delta(C5-C6-H15),angle,1.186651541542442,+,0.07492795987591405,0.27959487055579446
26,990.1431153763059,,,mixed ring-site C-H out-of-plane bending / ring-site C-H in-plane bending,tau(O3-C2-C7-C6),dihedral,1.0718738371420615,-,-0.041013874534182024,0.8428996647092574
26,990.1431153763059,,,mixed ring-site C-H out-of-plane bending / ring-site C-H in-plane bending,tau(C6-C7-C8-H18),dihedral,0.9285936801814707,+,0.06972535477165373,0.25266091572024935
26,990.1431153763059,,,mixed ring-site C-H out-of-plane bending / ring-site C-H in-plane bending,nu(C1-C2),bond,0.8774945239688893,+,0.06229132135486785,0.2991459555841769
26,990.1431153763059,,,mixed ring-site C-H out-of-plane bending / ring-site C-H in-plane bending,delta(C5-C4-H13),angle,0.822179089419254,+,0.06946460336818018,0.22538920624003742
26,990.1431153763059,,,mixed ring-site C-H out-of-plane bending / ring-site C-H in-plane bending,"gamma(C7;C9,H20,H21)",oop,0.638627808004014,-,-0.04453361832894971,0.42595690951260695
26,990.1431153763059,,,mixed ring-site C-H out-of-plane bending / ring-site C-H in-plane bending,delta(C4-C5-C9),angle,0.46684698381743095,-,-0.020248542543192402,1.506193701341896
26,990.1431153763059,,,mixed ring-site C-H out-of-plane bending / ring-site C-H in-plane bending,nu(C4-C5),bond,0.41770903846972973,+,0.04288834751515937,0.30039247824764354
26,990.1431153763059,,,mixed ring-site C-H out-of-plane bending / ring-site C-H in-plane bending,tau(C2-C4-C5-H14),dihedral,0.3958241461446276,+,0.06108478900298498,0.1403233470126861
26,990.1431153763059,,,mixed ring-site C-H out-of-plane bending / ring-site C-H in-plane bending,nu(C2-O3),bond,0.37030981081923076,-,-0.044129938553739326,0.25153149975958655
26,990.1431153763059,,,mixed ring-site C-H out-of-plane bending / ring-site C-H in-plane bending,delta(C7-C8-H19),angle,0.31076670059495637,-,-0.033102954467387424,0.37514120679903984
26,990.1431153763059,,,mixed ring-site C-H out-of-plane bending / ring-site C-H in-plane bending,delta(C2-C1-H12),angle,0.27081244394846965,+,0.03430592783171825,0.3043855873378456
26,990.1431153763059,,,mixed ring-site C-H out-of-plane bending / ring-site C-H in-plane bending,tau(H12-C1-C2-C7),dihedral,0.26826377160648635,-,-0.04574388724831136,0.16958588363924
26,990.1431153763059,,,mixed ring-site C-H out-of-plane bending / ring-site C-H in-plane bending,tau(C2-C7-C8-H19),dihedral,0.25685903912662045,-,-0.034899396553858604,0.2789669960422185
26,990.1431153763059,,,mixed ring-site C-H out-of-plane bending / ring-site C-H in-plane bending,tau(C9-C7-C8-H17),dihedral,0.23741891516169725,+,0.04266738916064339,0.1725110767453955
26,990.1431153763059,,,mixed ring-site C-H out-of-plane bending / ring-site C-H in-plane bending,"gamma(C6;C7,C2,C9)",oop,0.23509701860054558,+,0.01395982387994789,1.5958095173539286
26,990.1431153763059,,,mixed ring-site C-H out-of-plane bending / ring-site C-H in-plane bending,tau(H10-C1-C2-O3),dihedral,0.2249380691617662,+,0.04116886159816041,0.17555736525640764
26,990.1431153763059,,,mixed ring-site C-H out-of-plane bending / ring-site C-H in-plane bending,tau(C1-C2-C7-C6),dihedral,0.17275747806740324,-,-0.028807766007305363,0.27536675168740415
26,990.1431153763059,,,mixed ring-site C-H out-of-plane bending / ring-site C-H in-plane bending,nu(C7-C8),bond,0.08316333573761853,-,-0.019572983480991606,0.287151870291782
26,990.1431153763059,,,mixed ring-site C-H out-of-plane bending / ring-site C-H in-plane bending,delta(H18-C8-H19),angle,0.07274518460688228,-,-0.016456833233833137,0.35530843806641327
26,990.1431153763059,,,mixed ring-site C-H out-of-plane bending / ring-site C-H in-plane bending,delta(H15-C6-H16),angle,0.05357548287201786,+,0.014023155334007005,0.3603864154338734
26,990.1431153763059,,,mixed ring-site C-H out-of-plane bending / ring-site C-H in-plane bending,delta(C1-C2-C7),angle,0.04974588477947588,-,-0.013686568321995938,0.35128679741124474
26,990.1431153763059,,,mixed ring-site C-H out-of-plane bending / ring-site C-H in-plane bending,"gamma(H17;C8,H18,H19)",oop,0.03834669485430426,-,-0.011911064311074124,0.35753668248522347
26,990.1431153763059,,,mixed ring-site C-H out-of-plane bending / ring-site C-H in-plane bending,tau(C8-C7-C9-C5),dihedral,0.033011551072755996,+,0.011907801674051886,0.3079615894469893
26,990.1431153763059,,,mixed ring-site C-H out-of-plane bending / ring-site C-H in-plane bending,nu(C7-C9),bond,0.030511590140874224,+,0.013051508829449828,0.23693935749874415
26,990.1431153763059,,,mixed ring-site C-H out-of-plane bending / ring-site C-H in-plane bending,delta(H10-C1-H11),angle,0.02303093911882852,-,-0.010980987716800025,0.25265194351349923
26,990.1431153763059,,,mixed ring-site C-H out-of-plane bending / ring-site C-H in-plane bending,nu(O3-C4),bond,0.016344933912239623,-,-0.00759304256945903,0.375012122768873
26,990.1431153763059,,,mixed ring-site C-H out-of-plane bending / ring-site C-H in-plane bending,delta(H20-C9-H21),angle,0.012069104420575376,-,-0.004870580460354663,0.6729881358363181
26,990.1431153763059,,,mixed ring-site C-H out-of-plane bending / ring-site C-H in-plane bending,"gamma(H12;C1,H10,H11)",oop,0.011108884733198834,+,0.008240288761154523,0.21641103722868646
26,990.1431153763059,,,mixed ring-site C-H out-of-plane bending / ring-site C-H in-plane bending,nu(C2-C7),bond,0.007463141178947909,+,0.0055622357904410585,0.31909255709522183
26,990.1431153763059,,,mixed ring-site C-H out-of-plane bending / ring-site C-H in-plane bending,nu(C5-C9),bond,0.0030263091196749805,+,0.003930720945153633,0.25909716935407706
26,990.1431153763059,,,mixed ring-site C-H out-of-plane bending / ring-site C-H in-plane bending,nu(C4-H13),bond,0.0022811546638061807,+,0.002928064383899043,0.351955126413533
26,990.1431153763059,,,mixed ring-site C-H out-of-plane bending / ring-site C-H in-plane bending,nu(C6-H15),bond,0.001834055011369496,-,-0.0026777185489026078,0.33835789268622185
26,990.1431153763059,,,mixed ring-site C-H out-of-plane bending / ring-site C-H in-plane bending,nu(C5-H14),bond,0.001221443113317081,-,-0.002171831028784589,0.3425429122248566
26,990.1431153763059,,,mixed ring-site C-H out-of-plane bending / ring-site C-H in-plane bending,nu(C6-H16),bond,0.0010592145549984755,-,-0.002009427089581637,0.3470030099281011
26,990.1431153763059,,,mixed ring-site C-H out-of-plane bending / ring-site C-H in-plane bending,nu(C9-H21),bond,0.001055464448776253,+,0.002039083186792204,0.33578982314146966
26,990.1431153763059,,,mixed ring-site C-H out-of-plane bending / ring-site C-H in-plane bending,nu(C1-H11),bond,0.0009636562738068743,+,0.0019569719325600076,0.3328486247653903
26,990.1431153763059,,,mixed ring-site C-H out-of-plane bending / ring-site C-H in-plane bending,nu(C8-H17),bond,0.0005361875500391565,-,-0.0014610720237586338,0.33225175462853057
26,990.1431153763059,,,mixed ring-site C-H out-of-plane bending / ring-site C-H in-plane bending,nu(C1-H10),bond,0.0004327418907342994,-,-0.001308106601023997,0.33453107906648005
26,990.1431153763059,,,mixed ring-site C-H out-of-plane bending / ring-site C-H in-plane bending,delta(O3-C2-C7),angle,0.00039902687496647007,+,0.000666017194571985,1.1899400216449423
26,990.1431153763059,,,mixed ring-site C-H out-of-plane bending / ring-site C-H in-plane bending,nu(C6-C7),bond,0.00038125441936254527,-,-0.0013299974962446988,0.2851064531742666
26,990.1431153763059,,,mixed ring-site C-H out-of-plane bending / ring-site C-H in-plane bending,nu(C1-H12),bond,0.00034976422753023247,+,0.0011665356650937798,0.33999548876067176
26,990.1431153763059,,,mixed ring-site C-H out-of-plane bending / ring-site C-H in-plane bending,nu(C9-H20),bond,0.000291538205918662,+,0.0010790809101480486,0.3311930886360174
26,990.1431153763059,,,mixed ring-site C-H out-of-plane bending / ring-site C-H in-plane bending,nu(C2-C4),bond,0.00023515534610958969,-,-0.0007611403395349342,0.5369318728370088
26,990.1431153763059,,,mixed ring-site C-H out-of-plane bending / ring-site C-H in-plane bending,nu(C8-H18),bond,8.559175706043199e-05,+,0.0005832502586612723,0.3328249452823529
26,990.1431153763059,,,mixed ring-site C-H out-of-plane bending / ring-site C-H in-plane bending,nu(C8-H19),bond,2.645109239052656e-05,+,0.00032352972709933606,0.3342789560628059
27,1001.9651335916752,,,mixed C-H bending / cyclic C-O stretching,delta(C2-C1-H12),angle,26.83697986688924,-,-0.23985283150040934,0.3043855873378456
27,1001.9651335916752,,,mixed C-H bending / cyclic C-O stretching,nu(O3-C4),bond,22.57294642622064,+,0.19818078475556908,0.375012122768873
27,1001.9651335916752,,,mixed C-H bending / cyclic C-O stretching,"gamma(O3;C4,C5,H13)",oop,12.876699925288042,+,0.25199954965897603,0.13230772126924695
27,1001.9651335916752,,,mixed C-H bending / cyclic C-O stretching,delta(C2-C1-H11),angle,5.07651206862064,+,0.09464502697257426,0.36978557709159526
27,1001.9651335916752,,,mixed C-H bending / cyclic C-O stretching,delta(C7-C8-H19),angle,4.964772378790731,-,-0.09292709425687629,0.37514120679903984
27,1001.9651335916752,,,mixed C-H bending / cyclic C-O stretching,delta(O3-C4-C5),angle,4.452451743991031,-,-0.053007899343692065,1.033946761767908
27,1001.9651335916752,,,mixed C-H bending / cyclic C-O stretching,delta(C7-C6-H15),angle,3.7283784619548097,+,0.09359661863494154,0.27770251683716846
27,1001.9651335916752,,,mixed C-H bending / cyclic C-O stretching,nu(C1-C2),bond,2.237635734717818,+,0.06986235136430811,0.2991459555841769
27,1001.9651335916752,,,mixed C-H bending / cyclic C-O stretching,"gamma(H21;C9,C5,C7)",oop,2.1503352595011256,+,0.030965103941991756,1.4633264940362696
27,1001.9651335916752,,,mixed C-H bending / cyclic C-O stretching,tau(H10-C1-C2-O3),dihedral,1.8731294707614463,-,-0.08343810713080257,0.17555736525640764
27,1001.9651335916752,,,mixed C-H bending / cyclic C-O stretching,delta(H10-C1-H11),angle,1.6469487828245355,+,0.06521819831504037,0.25265194351349923
27,1001.9651335916752,,,mixed C-H bending / cyclic C-O stretching,tau(O3-C2-C7-C6),dihedral,1.0836468635799859,-,-0.028963165143887293,0.8428996647092574
27,1001.9651335916752,,,mixed C-H bending / cyclic C-O stretching,nu(C2-O3),bond,1.0403317185295389,+,0.051949312169411635,0.25153149975958655
27,1001.9651335916752,,,mixed C-H bending / cyclic C-O stretching,delta(C5-C6-H15),angle,1.0260429239678406,-,-0.04893372049037717,0.27959487055579446
27,1001.9651335916752,,,mixed C-H bending / cyclic C-O stretching,nu(C4-C5),bond,1.0250670200986793,-,-0.04718692485163049,0.30039247824764354
27,1001.9651335916752,,,mixed C-H bending / cyclic C-O stretching,tau(C2-C4-C5-H14),dihedral,0.9770511928859886,+,0.06740370420694176,0.1403233470126861
27,1001.9651335916752,,,mixed C-H bending / cyclic C-O stretching,delta(C4-C5-C9),angle,0.9030487895238781,-,-0.019779042596880514,1.506193701341896
27,1001.9651335916752,,,mixed C-H bending / cyclic C-O stretching,delta(C1-C2-C7),angle,0.6813787314393652,-,-0.035575699225642916,0.35128679741124474
27,1001.9651335916752,,,mixed C-H bending / cyclic C-O stretching,tau(C6-C7-C8-H18),dihedral,0.6326722016039817,+,0.04042131289647533,0.25266091572024935
27,1001.9651335916752,,,mixed C-H bending / cyclic C-O stretching,delta(O3-C2-C7),angle,0.6247918233823697,+,0.018509522058667058,1.1899400216449423
27,1001.9651335916752,,,mixed C-H bending / cyclic C-O stretching,nu(C2-C4),bond,0.5281108763182428,+,0.025333374037617245,0.5369318728370088
27,1001.9651335916752,,,mixed C-H bending / cyclic C-O stretching,tau(C2-C7-C9-H21),dihedral,0.5209281814319228,-,-0.022563742396403446,0.6676298268489548
27,1001.9651335916752,,,mixed C-H bending / cyclic C-O stretching,"gamma(H14;C5,C6,C9)",oop,0.40649521250995996,+,0.03614845870357134,0.2029812906968152
27,1001.9651335916752,,,mixed C-H bending / cyclic C-O stretching,tau(C9-C7-C8-H17),dihedral,0.3602360438142363,-,-0.03691264459688703,0.1725110767453955
27,1001.9651335916752,,,mixed C-H bending / cyclic C-O stretching,"gamma(H12;C1,H10,H11)",oop,0.35502248891900634,+,0.03271736362422354,0.21641103722868646
27,1001.9651335916752,,,mixed C-H bending / cyclic C-O stretching,delta(C7-C8-H17),angle,0.33271333188290775,+,0.02118196379546458,0.4838579761113301
27,1001.9651335916752,,,mixed C-H bending / cyclic C-O stretching,nu(C2-C7),bond,0.29430778363391075,-,-0.02453198038990246,0.31909255709522183
27,1001.9651335916752,,,mixed C-H bending / cyclic C-O stretching,tau(C2-C7-C8-H19),dihedral,0.1674084328995745,+,0.01978801926371362,0.2789669960422185
27,1001.9651335916752,,,mixed C-H bending / cyclic C-O stretching,tau(C8-C7-C9-C5),dihedral,0.11708804739534473,-,-0.015750635365814405,0.3079615894469893
27,1001.9651335916752,,,mixed C-H bending / cyclic C-O stretching,tau(C4-C5-C9-H20),dihedral,0.09390717183227891,-,-0.010336151673834332,0.5735366270754743
27,1001.9651335916752,,,mixed C-H bending / cyclic C-O stretching,nu(C5-C9),bond,0.07563854624926658,-,-0.013801628217472906,0.25909716935407706
27,1001.9651335916752,,,mixed C-H bending / cyclic C-O stretching,delta(H15-C6-H16),angle,0.06404031163511677,+,0.010767938939409308,0.3603864154338734
27,1001.9651335916752,,,mixed C-H bending / cyclic C-O stretching,nu(C6-C7),bond,0.056125981119199655,-,-0.011333616708853644,0.2851064531742666
27,1001.9651335916752,,,mixed C-H bending / cyclic C-O stretching,"gamma(C7;C9,H20,H21)",oop,0.048100118032104615,-,-0.008583814213541196,0.42595690951260695
27,1001.9651335916752,,,mixed C-H bending / cyclic C-O stretching,"gamma(H17;C8,H18,H19)",oop,0.0214199430516153,-,-0.0062522872806856705,0.35753668248522347
27,1001.9651335916752,,,mixed C-H bending / cyclic C-O stretching,tau(H12-C1-C2-C7),dihedral,0.021213297895666738,-,-0.009034400058954168,0.16958588363924
27,1001.9651335916752,,,mixed C-H bending / cyclic C-O stretching,delta(C5-C4-H13),angle,0.01975119207144805,-,-0.007561712670588905,0.22538920624003742
27,1001.9651335916752,,,mixed C-H bending / cyclic C-O stretching,nu(C5-C6),bond,0.01841756720549232,-,-0.006120215876008491,0.3208329206887749
27,1001.9651335916752,,,mixed C-H bending / cyclic C-O stretching,nu(C7-C9),bond,0.014748785432333333,-,-0.006373083335732508,0.23693935749874415
27,1001.9651335916752,,,mixed C-H bending / cyclic C-O stretching,delta(H20-C9-H21),angle,0.01380630307245631,+,0.003658685415913558,0.6729881358363181
27,1001.9651335916752,,,mixed C-H bending / cyclic C-O stretching,"gamma(C6;C7,C2,C9)",oop,0.01044212242241245,-,-0.002066302669457737,1.5958095173539286
27,1001.9651335916752,,,mixed C-H bending / cyclic C-O stretching,tau(C1-C2-C7-C6),dihedral,0.009752968538989432,-,-0.0048073166883949,0.27536675168740415
27,1001.9651335916752,,,mixed C-H bending / cyclic C-O stretching,nu(C1-H12),bond,0.009410509736983508,+,0.004249717573669164,0.33999548876067176
27,1001.9651335916752,,,mixed C-H bending / cyclic C-O stretching,nu(C1-H10),bond,0.006909096786866418,-,-0.0036709838553569962,0.33453107906648005
27,1001.9651335916752,,,mixed C-H bending / cyclic C-O stretching,nu(C1-H11),bond,0.005206134206350245,-,-0.003194657970688143,0.3328486247653903
27,1001.9651335916752,,,mixed C-H bending / cyclic C-O stretching,delta(C5-C6-H16),angle,0.00478901895479129,-,-0.0030462992140401946,0.33672982370377696
27,1001.9651335916752,,,mixed C-H bending / cyclic C-O stretching,nu(C7-C8),bond,0.004588368879370937,+,0.0032289655388242004,0.287151870291782
27,1001.9651335916752,,,mixed C-H bending / cyclic C-O stretching,nu(C4-H13),bond,0.0021866103960330274,-,-0.0020134095701101686,0.351955126413533
27,1001.9651335916752,,,mixed C-H bending / cyclic C-O stretching,nu(C6-H16),bond,0.001573721492178271,-,-0.0017202334526975982,0.3470030099281011
27,1001.9651335916752,,,mixed C-H bending / cyclic C-O stretching,nu(C8-H18),bond,0.001534820931610751,-,-0.0017346465391876594,0.3328249452823529
27,1001.9651335916752,,,mixed C-H bending / cyclic C-O stretching,nu(C5-H14),bond,0.0012078691919329473,-,-0.0015168496343338277,0.3425429122248566
27,1001.9651335916752,,,mixed C-H bending / cyclic C-O stretching,nu(C8-H19),bond,0.0008549858186627077,+,0.001291858684136128,0.3342789560628059
27,1001.9651335916752,,,mixed C-H bending / cyclic C-O stretching,nu(C9-H21),bond,0.000487109731273705,-,-0.0009729033750026793,0.33578982314146966
27,1001.9651335916752,,,mixed C-H bending / cyclic C-O stretching,delta(H18-C8-H19),angle,0.0003699276116963559,-,-0.0008242248145659732,0.35530843806641327
27,1001.9651335916752,,,mixed C-H bending / cyclic C-O stretching,nu(C8-H17),bond,0.00026888127109654853,-,-0.0007266691225068434,0.33225175462853057
27,1001.9651335916752,,,mixed C-H bending / cyclic C-O stretching,nu(C9-H20),bond,0.00011650580127495585,-,-0.0004790967390050962,0.3311930886360174
27,1001.9651335916752,,,mixed C-H bending / cyclic C-O stretching,nu(C6-H15),bond,3.4725469246285535e-07,-,-2.5877718110559284e-05,0.33835789268622185
28,1008.3221685565434,,,mixed ring-site C-H out-of-plane bending / cyclic-ring out-of-plane deformation,"gamma(O3;C4,C5,H13)",oop,19.403071924513704,+,0.3469772559435658,0.13230772126924695
28,1008.3221685565434,,,mixed ring-site C-H out-of-plane bending / cyclic-ring out-of-plane deformation,delta(C5-C6-H15),angle,8.430869875133718,+,0.1573366683136799,0.27959487055579446
28,1008.3221685565434,,,mixed ring-site C-H out-of-plane bending / cyclic-ring out-of-plane deformation,tau(C2-C7-C9-H21),dihedral,7.436248089687509,+,0.09562411436544328,0.6676298268489548
28,1008.3221685565434,,,mixed ring-site C-H out-of-plane bending / cyclic-ring out-of-plane deformation,delta(C4-C5-C9),angle,7.272997571914995,-,-0.06296144168356062,1.506193701341896
28,1008.3221685565434,,,mixed ring-site C-H out-of-plane bending / cyclic-ring out-of-plane deformation,"gamma(H21;C9,C5,C7)",oop,6.5479583879613426,+,0.06060949894060047,1.4633264940362696
28,1008.3221685565434,,,mixed ring-site C-H out-of-plane bending / cyclic-ring out-of-plane deformation,tau(C4-C5-C9-H20),dihedral,5.636542650183667,+,0.08982230092862452,0.5735366270754743
28,1008.3221685565434,,,mixed ring-site C-H out-of-plane bending / cyclic-ring out-of-plane deformation,delta(C7-C8-H19),angle,5.340498395215933,+,0.10810651442256324,0.37514120679903984
28,1008.3221685565434,,,mixed ring-site C-H out-of-plane bending / cyclic-ring out-of-plane deformation,delta(C5-C6-H16),angle,4.697052500301314,-,-0.10701145569908661,0.33672982370377696
28,1008.3221685565434,,,mixed ring-site C-H out-of-plane bending / cyclic-ring out-of-plane deformation,"gamma(H14;C5,C6,C9)",oop,4.5342427450525395,-,-0.1354199766837552,0.2029812906968152
28,1008.3221685565434,,,mixed ring-site C-H out-of-plane bending / cyclic-ring out-of-plane deformation,nu(C1-C2),bond,4.457593779302132,-,-0.1106030320224963,0.2991459555841769
28,1008.3221685565434,,,mixed ring-site C-H out-of-plane bending / cyclic-ring out-of-plane deformation,"gamma(C6;C7,C2,C9)",oop,3.891224495848189,+,0.04474154473237114,1.5958095173539286
28,1008.3221685565434,,,mixed ring-site C-H out-of-plane bending / cyclic-ring out-of-plane deformation,nu(C2-C4),bond,3.3376387689792484,-,-0.07143621396709504,0.5369318728370088
28,1008.3221685565434,,,mixed ring-site C-H out-of-plane bending / cyclic-ring out-of-plane deformation,delta(O3-C2-C7),angle,3.210927649164872,-,-0.047066410720046324,1.1899400216449423
28,1008.3221685565434,,,mixed ring-site C-H out-of-plane bending / cyclic-ring out-of-plane deformation,nu(C4-C5),bond,2.7880678251424698,+,0.08729020160512431,0.30039247824764354
28,1008.3221685565434,,,mixed ring-site C-H out-of-plane bending / cyclic-ring out-of-plane deformation,"gamma(C7;C9,H20,H21)",oop,1.9625326905936775,+,0.06150125417558159,0.42595690951260695
28,1008.3221685565434,,,mixed ring-site C-H out-of-plane bending / cyclic-ring out-of-plane deformation,tau(C2-C7-C8-H19),dihedral,1.6124881056445672,-,-0.06888587878093803,0.2789669960422185
28,1008.3221685565434,,,mixed ring-site C-H out-of-plane bending / cyclic-ring out-of-plane deformation,delta(O3-C4-C5),angle,1.5133020743665198,-,-0.034663473622818436,1.033946761767908
28,1008.3221685565434,,,mixed ring-site C-H out-of-plane bending / cyclic-ring out-of-plane deformation,tau(C9-C7-C8-H17),dihedral,1.2412261053840083,+,0.0768555639634362,0.1725110767453955
28,1008.3221685565434,,,mixed ring-site C-H out-of-plane bending / cyclic-ring out-of-plane deformation,delta(C5-C4-H13),angle,1.0825787295486293,-,-0.0627944909348602,0.22538920624003742
28,1008.3221685565434,,,mixed ring-site C-H out-of-plane bending / cyclic-ring out-of-plane deformation,nu(C5-C6),bond,0.97492395462118,-,-0.04994640845475933,0.3208329206887749
28,1008.3221685565434,,,mixed ring-site C-H out-of-plane bending / cyclic-ring out-of-plane deformation,nu(C2-O3),bond,0.744450830271425,+,0.049292423977518735,0.25153149975958655
28,1008.3221685565434,,,mixed ring-site C-H out-of-plane bending / cyclic-ring out-of-plane deformation,nu(C2-C7),bond,0.41160076505509235,+,0.03254154029803799,0.31909255709522183
28,1008.3221685565434,,,mixed ring-site C-H out-of-plane bending / cyclic-ring out-of-plane deformation,delta(C7-C6-H15),angle,0.40968151360158456,+,0.03480099266317734,0.27770251683716846
28,1008.3221685565434,,,mixed ring-site C-H out-of-plane bending / cyclic-ring out-of-plane deformation,delta(C7-C8-H17),angle,0.34840572558552707,+,0.024313195690205635,0.4838579761113301
28,1008.3221685565434,,,mixed ring-site C-H out-of-plane bending / cyclic-ring out-of-plane deformation,tau(C8-C7-C9-C5),dihedral,0.34489625889416403,+,0.03032175412085654,0.3079615894469893
28,1008.3221685565434,,,mixed ring-site C-H out-of-plane bending / cyclic-ring out-of-plane deformation,tau(O3-C2-C7-C6),dihedral,0.3280095063663165,-,-0.017873665702888286,0.8428996647092574
28,1008.3221685565434,,,mixed ring-site C-H out-of-plane bending / cyclic-ring out-of-plane deformation,nu(C6-C7),bond,0.28549041274112713,-,-0.02867151203473292,0.2851064531742666
28,1008.3221685565434,,,mixed ring-site C-H out-of-plane bending / cyclic-ring out-of-plane deformation,delta(C1-C2-C7),angle,0.27412510076061525,+,0.025310565264130985,0.35128679741124474
28,1008.3221685565434,,,mixed ring-site C-H out-of-plane bending / cyclic-ring out-of-plane deformation,nu(O3-C4),bond,0.2735349161890239,-,-0.024470457450369014,0.375012122768873
28,1008.3221685565434,,,mixed ring-site C-H out-of-plane bending / cyclic-ring out-of-plane deformation,nu(C7-C9),bond,0.2565536028884319,-,-0.029814587973346896,0.23693935749874415
28,1008.3221685565434,,,mixed ring-site C-H out-of-plane bending / cyclic-ring out-of-plane deformation,delta(C2-C1-H11),angle,0.22920421037421174,+,0.02255769226434823,0.36978557709159526
28,1008.3221685565434,,,mixed ring-site C-H out-of-plane bending / cyclic-ring out-of-plane deformation,nu(C7-C8),bond,0.2154332213779916,+,0.02481754792781335,0.287151870291782
28,1008.3221685565434,,,mixed ring-site C-H out-of-plane bending / cyclic-ring out-of-plane deformation,"gamma(H12;C1,H10,H11)",oop,0.2043570585633709,-,-0.027842836324352364,0.21641103722868646
28,1008.3221685565434,,,mixed ring-site C-H out-of-plane bending / cyclic-ring out-of-plane deformation,tau(C2-C4-C5-H14),dihedral,0.05790323252078301,+,0.018405380211810277,0.1403233470126861
28,1008.3221685565434,,,mixed ring-site C-H out-of-plane bending / cyclic-ring out-of-plane deformation,delta(H15-C6-H16),angle,0.05730685779180541,+,0.011425558760521856,0.3603864154338734
28,1008.3221685565434,,,mixed ring-site C-H out-of-plane bending / cyclic-ring out-of-plane deformation,delta(C2-C1-H12),angle,0.0388162938269443,+,0.010231830737825699,0.3043855873378456
28,1008.3221685565434,,,mixed ring-site C-H out-of-plane bending / cyclic-ring out-of-plane deformation,delta(H18-C8-H19),angle,0.03638208144727349,-,-0.009168522736314855,0.35530843806641327
28,1008.3221685565434,,,mixed ring-site C-H out-of-plane bending / cyclic-ring out-of-plane deformation,tau(H10-C1-C2-O3),dihedral,0.021580972180715013,+,0.010045795461608477,0.17555736525640764
28,1008.3221685565434,,,mixed ring-site C-H out-of-plane bending / cyclic-ring out-of-plane deformation,nu(C5-C9),bond,0.015376537901587774,-,-0.006980014157917052,0.25909716935407706
28,1008.3221685565434,,,mixed ring-site C-H out-of-plane bending / cyclic-ring out-of-plane deformation,tau(C6-C7-C8-H18),dihedral,0.014074417665156819,+,0.006762457374223582,0.25266091572024935
28,1008.3221685565434,,,mixed ring-site C-H out-of-plane bending / cyclic-ring out-of-plane deformation,tau(C1-C2-C7-C6),dihedral,0.013754876827585884,+,0.006403699709747658,0.27536675168740415
28,1008.3221685565434,,,mixed ring-site C-H out-of-plane bending / cyclic-ring out-of-plane deformation,delta(H20-C9-H21),angle,0.011818018667394443,-,-0.003796881017771487,0.6729881358363181
28,1008.3221685565434,,,mixed ring-site C-H out-of-plane bending / cyclic-ring out-of-plane deformation,delta(H10-C1-H11),angle,0.008415786754023024,+,0.005229310091283937,0.25265194351349923
28,1008.3221685565434,,,mixed ring-site C-H out-of-plane bending / cyclic-ring out-of-plane deformation,tau(H12-C1-C2-C7),dihedral,0.006874231841651837,+,0.005768668655574646,0.16958588363924
28,1008.3221685565434,,,mixed ring-site C-H out-of-plane bending / cyclic-ring out-of-plane deformation,"gamma(H17;C8,H18,H19)",oop,0.0063910848049517615,+,0.003830763522336232,0.35753668248522347
28,1008.3221685565434,,,mixed ring-site C-H out-of-plane bending / cyclic-ring out-of-plane deformation,nu(C1-H11),bond,0.003322977040303679,-,-0.0028628503255302613,0.3328486247653903
28,1008.3221685565434,,,mixed ring-site C-H out-of-plane bending / cyclic-ring out-of-plane deformation,nu(C8-H18),bond,0.003030375526371769,+,0.002734000857732948,0.3328249452823529
28,1008.3221685565434,,,mixed ring-site C-H out-of-plane bending / cyclic-ring out-of-plane deformation,nu(C1-H12),bond,0.002258274657100317,-,-0.002335125138673686,0.33999548876067176
28,1008.3221685565434,,,mixed ring-site C-H out-of-plane bending / cyclic-ring out-of-plane deformation,nu(C6-H15),bond,0.000878266407117228,-,-0.001459766309783679,0.33835789268622185
28,1008.3221685565434,,,mixed ring-site C-H out-of-plane bending / cyclic-ring out-of-plane deformation,nu(C6-H16),bond,0.0008338685434034778,-,-0.0014045607585745446,0.3470030099281011
28,1008.3221685565434,,,mixed ring-site C-H out-of-plane bending / cyclic-ring out-of-plane deformation,nu(C4-H13),bond,0.000589981982763666,+,0.0011730974291821652,0.351955126413533
28,1008.3221685565434,,,mixed ring-site C-H out-of-plane bending / cyclic-ring out-of-plane deformation,nu(C8-H19),bond,0.0005698375916338992,-,-0.0011829854019567792,0.3342789560628059
28,1008.3221685565434,,,mixed ring-site C-H out-of-plane bending / cyclic-ring out-of-plane deformation,nu(C5-H14),bond,0.000542297958046658,+,0.0011400393658498676,0.3425429122248566
28,1008.3221685565434,,,mixed ring-site C-H out-of-plane bending / cyclic-ring out-of-plane deformation,nu(C9-H20),bond,0.0005270205936022419,+,0.00114296127558856,0.3311930886360174
28,1008.3221685565434,,,mixed ring-site C-H out-of-plane bending / cyclic-ring out-of-plane deformation,nu(C9-H21),bond,0.00048509479491647145,-,-0.001089025122731309,0.33578982314146966
28,1008.3221685565434,,,mixed ring-site C-H out-of-plane bending / cyclic-ring out-of-plane deformation,nu(C1-H10),bond,0.00045398398499004984,+,0.001055505223285885,0.33453107906648005
28,1008.3221685565434,,,mixed ring-site C-H out-of-plane bending / cyclic-ring out-of-plane deformation,nu(C8-H17),bond,8.418746079868862e-05,-,-0.0004560877628830402,0.33225175462853057
29,1030.2435091613643,,,mixed ring-site C-H out-of-plane bending / C-H bending,"gamma(H21;C9,C5,C7)",oop,39.57186409108567,-,-0.17554359401741707,1.4633264940362696
29,1030.2435091613643,,,mixed ring-site C-H out-of-plane bending / C-H bending,delta(C7-C8-H19),angle,17.063137933503956,-,-0.22766402741003777,0.37514120679903984
29,1030.2435091613643,,,mixed ring-site C-H out-of-plane bending / C-H bending,tau(C4-C5-C9-H20),dihedral,13.400930259677788,-,-0.163173355215475,0.5735366270754743
29,1030.2435091613643,,,mixed ring-site C-H out-of-plane bending / C-H bending,delta(C7-C8-H17),angle,6.305803554532227,+,0.12186349107355371,0.4838579761113301
29,1030.2435091613643,,,mixed ring-site C-H out-of-plane bending / C-H bending,delta(C7-C6-H15),angle,4.544274078324175,+,0.13655408601514923,0.27770251683716846
29,1030.2435091613643,,,mixed ring-site C-H out-of-plane bending / C-H bending,delta(C5-C6-H16),angle,3.7520403913069,-,-0.11268219808580644,0.33672982370377696
29,1030.2435091613643,,,mixed ring-site C-H out-of-plane bending / C-H bending,tau(C6-C7-C8-H18),dihedral,3.732811012754848,+,0.12975118043249054,0.25266091572024935
29,1030.2435091613643,,,mixed ring-site C-H out-of-plane bending / C-H bending,tau(C9-C7-C8-H17),dihedral,2.3666812919738245,-,-0.12503273901805445,0.1725110767453955
29,1030.2435091613643,,,mixed ring-site C-H out-of-plane bending / C-H bending,delta(C5-C6-H15),angle,1.6696631976032583,+,0.08249206715884787,0.27959487055579446
29,1030.2435091613643,,,mixed ring-site C-H out-of-plane bending / C-H bending,delta(C2-C1-H12),angle,1.0577935066711817,+,0.06292898908815106,0.3043855873378456
29,1030.2435091613643,,,mixed ring-site C-H out-of-plane bending / C-H bending,nu(C7-C8),bond,0.7349760486865848,-,-0.05400613749833077,0.287151870291782
29,1030.2435091613643,,,mixed ring-site C-H out-of-plane bending / C-H bending,tau(O3-C2-C7-C6),dihedral,0.6561961051789853,-,-0.02978456301844803,0.8428996647092574
29,1030.2435091613643,,,mixed ring-site C-H out-of-plane bending / C-H bending,tau(C2-C7-C9-H21),dihedral,0.6139518856294272,+,0.03237141269329215,0.6676298268489548
29,1030.2435091613643,,,mixed ring-site C-H out-of-plane bending / C-H bending,"gamma(C6;C7,C2,C9)",oop,0.47149462443404827,+,0.018348906875769556,1.5958095173539286
29,1030.2435091613643,,,mixed ring-site C-H out-of-plane bending / C-H bending,nu(C2-C4),bond,0.4307975153095129,-,-0.030237045370859465,0.5369318728370088
29,1030.2435091613643,,,mixed ring-site C-H out-of-plane bending / C-H bending,nu(O3-C4),bond,0.42662198085847836,-,-0.03600487516816731,0.375012122768873
29,1030.2435091613643,,,mixed ring-site C-H out-of-plane bending / C-H bending,tau(C8-C7-C9-C5),dihedral,0.38359042343073135,-,-0.037674539364917596,0.3079615894469893
29,1030.2435091613643,,,mixed ring-site C-H out-of-plane bending / C-H bending,nu(C5-C6),bond,0.3727892098906401,-,-0.03638769564118004,0.3208329206887749
29,1030.2435091613643,,,mixed ring-site C-H out-of-plane bending / C-H bending,delta(H18-C8-H19),angle,0.31582634341101007,-,-0.031826125022251434,0.35530843806641327
29,1030.2435091613643,,,mixed ring-site C-H out-of-plane bending / C-H bending,nu(C7-C9),bond,0.31290212914240156,-,-0.03879252110449373,0.23693935749874415
29,1030.2435091613643,,,mixed ring-site C-H out-of-plane bending / C-H bending,nu(C2-C7),bond,0.2699761459639074,+,0.03105036492356027,0.31909255709522183
29,1030.2435091613643,,,mixed ring-site C-H out-of-plane bending / C-H bending,nu(C6-C7),bond,0.24097177215168802,-,-0.03103429694333293,0.2851064531742666
29,1030.2435091613643,,,mixed ring-site C-H out-of-plane bending / C-H bending,nu(C5-C9),bond,0.18407986239148177,-,-0.028453399097907197,0.25909716935407706
29,1030.2435091613643,,,mixed ring-site C-H out-of-plane bending / C-H bending,"gamma(O3;C4,C5,H13)",oop,0.175444588205173,+,0.038872255672946145,0.13230772126924695
29,1030.2435091613643,,,mixed ring-site C-H out-of-plane bending / C-H bending,"gamma(H17;C8,H18,H19)",oop,0.17383900142627443,-,-0.023538330443750605,0.35753668248522347
29,1030.2435091613643,,,mixed ring-site C-H out-of-plane bending / C-H bending,delta(C4-C5-C9),angle,0.14641505080461056,+,0.010524822902552515,1.506193701341896
29,1030.2435091613643,,,mixed ring-site C-H out-of-plane bending / C-H bending,delta(H10-C1-H11),angle,0.07249628026737251,-,-0.018082517303765894,0.25265194351349923
29,1030.2435091613643,,,mixed ring-site C-H out-of-plane bending / C-H bending,delta(C5-C4-H13),angle,0.06880690765954124,-,-0.018651416149264438,0.22538920624003742
29,1030.2435091613643,,,mixed ring-site C-H out-of-plane bending / C-H bending,delta(O3-C4-C5),angle,0.06536060976627342,+,0.00848733429031686,1.033946761767908
29,1030.2435091613643,,,mixed ring-site C-H out-of-plane bending / C-H bending,tau(C1-C2-C7-C6),dihedral,0.061340699688826425,-,-0.015932391189110034,0.27536675168740415
29,1030.2435091613643,,,mixed ring-site C-H out-of-plane bending / C-H bending,tau(H12-C1-C2-C7),dihedral,0.0535252198953778,+,0.01896473287520926,0.16958588363924
29,1030.2435091613643,,,mixed ring-site C-H out-of-plane bending / C-H bending,nu(C1-C2),bond,0.049161433978750474,-,-0.013684629774738328,0.2991459555841769
29,1030.2435091613643,,,mixed ring-site C-H out-of-plane bending / C-H bending,tau(H10-C1-C2-O3),dihedral,0.04375070256342887,+,0.016851762806940035,0.17555736525640764
29,1030.2435091613643,,,mixed ring-site C-H out-of-plane bending / C-H bending,nu(C4-C5),bond,0.04352759961113658,+,0.01284991282119594,0.30039247824764354
29,1030.2435091613643,,,mixed ring-site C-H out-of-plane bending / C-H bending,delta(C2-C1-H11),angle,0.036493869570366363,+,0.010604674011978753,0.36978557709159526
29,1030.2435091613643,,,mixed ring-site C-H out-of-plane bending / C-H bending,tau(C2-C7-C8-H19),dihedral,0.03620637521699006,-,-0.012161256824248583,0.2789669960422185
29,1030.2435091613643,,,mixed ring-site C-H out-of-plane bending / C-H bending,"gamma(H12;C1,H10,H11)",oop,0.03433683853972215,-,-0.013446300076588735,0.21641103722868646
29,1030.2435091613643,,,mixed ring-site C-H out-of-plane bending / C-H bending,delta(H15-C6-H16),angle,0.019947143657399274,+,0.007941791859923842,0.3603864154338734
29,1030.2435091613643,,,mixed ring-site C-H out-of-plane bending / C-H bending,delta(C1-C2-C7),angle,0.01507057881690847,+,0.006991919211259255,0.35128679741124474
29,1030.2435091613643,,,mixed ring-site C-H out-of-plane bending / C-H bending,"gamma(C7;C9,H20,H21)",oop,0.004527282418821324,-,-0.003480152772344758,0.42595690951260695
29,1030.2435091613643,,,mixed ring-site C-H out-of-plane bending / C-H bending,nu(C8-H19),bond,0.00382915088445366,+,0.0036129260328810315,0.3342789560628059
29,1030.2435091613643,,,mixed ring-site C-H out-of-plane bending / C-H bending,nu(C8-H17),bond,0.0033585749358492874,-,-0.0033939561654239355,0.33225175462853057
29,1030.2435091613643,,,mixed ring-site C-H out-of-plane bending / C-H bending,delta(O3-C2-C7),angle,0.002674867622680406,-,-0.0016004826124607439,1.1899400216449423
29,1030.2435091613643,,,mixed ring-site C-H out-of-plane bending / C-H bending,tau(C2-C4-C5-H14),dihedral,0.0024370763812348577,+,0.0044486880369515305,0.1403233470126861
29,1030.2435091613643,,,mixed ring-site C-H out-of-plane bending / C-H bending,nu(C1-H10),bond,0.0016394508841283463,+,0.0023631610427956046,0.33453107906648005
29,1030.2435091613643,,,mixed ring-site C-H out-of-plane bending / C-H bending,nu(C8-H18),bond,0.0014463411653504426,-,-0.0022253062519984224,0.3328249452823529
29,1030.2435091613643,,,mixed ring-site C-H out-of-plane bending / C-H bending,nu(C6-H15),bond,0.001127066878096431,-,-0.00194826952332149,0.33835789268622185
29,1030.2435091613643,,,mixed ring-site C-H out-of-plane bending / C-H bending,nu(C5-H14),bond,0.0008580516075103793,-,-0.001689513089983515,0.3425429122248566
29,1030.2435091613643,,,mixed ring-site C-H out-of-plane bending / C-H bending,nu(C9-H21),bond,0.0008534640589311313,-,-0.0017018497010229752,0.33578982314146966
29,1030.2435091613643,,,mixed ring-site C-H out-of-plane bending / C-H bending,nu(C2-O3),bond,0.0007469523973418959,+,0.001839554341764792,0.25153149975958655
29,1030.2435091613643,,,mixed ring-site C-H out-of-plane bending / C-H bending,nu(C1-H12),bond,0.0006072601105569228,-,-0.001426635901764595,0.33999548876067176
29,1030.2435091613643,,,mixed ring-site C-H out-of-plane bending / C-H bending,"gamma(H14;C5,C6,C9)",oop,0.000503115339209711,-,-0.0016806145669635768,0.2029812906968152
29,1030.2435091613643,,,mixed ring-site C-H out-of-plane bending / C-H bending,nu(C9-H20),bond,0.0002711984649845423,+,0.0009659737616503724,0.3311930886360174
29,1030.2435091613643,,,mixed ring-site C-H out-of-plane bending / C-H bending,nu(C1-H11),bond,0.00016772735864962918,-,-0.0007577761278212042,0.3328486247653903
29,1030.2435091613643,,,mixed ring-site C-H out-of-plane bending / C-H bending,nu(C4-H13),bond,3.787535295273718e-05,-,-0.0003501846020343161,0.351955126413533
29,1030.2435091613643,,,mixed ring-site C-H out-of-plane bending / C-H bending,nu(C6-H16),bond,1.7433711125274427e-05,-,-0.0002392713230035515,0.3470030099281011
29,1030.2435091613643,,,mixed ring-site C-H out-of-plane bending / C-H bending,delta(H20-C9-H21),angle,8.468472453563974e-07,-,-3.7867024853889246e-05,0.6729881358363181
30,1064.3477154387097,,,mixed ring-site C-H out-of-plane bending / ring-site C-H in-plane bending,tau(C2-C7-C9-H21),dihedral,31.315025028908064,-,-0.19724465930329285,0.6676298268489548
30,1064.3477154387097,,,mixed ring-site C-H out-of-plane bending / ring-site C-H in-plane bending,tau(C4-C5-C9-H20),dihedral,16.57125476844383,-,-0.15480816217039772,0.5735366270754743
30,1064.3477154387097,,,mixed ring-site C-H out-of-plane bending / ring-site C-H in-plane bending,delta(C5-C6-H16),angle,11.37307492442476,-,-0.16737665926257014,0.33672982370377696
30,1064.3477154387097,,,mixed ring-site C-H out-of-plane bending / ring-site C-H in-plane bending,"gamma(H21;C9,C5,C7)",oop,10.19923527447698,+,0.07603436511176871,1.4633264940362696
30,1064.3477154387097,,,mixed ring-site C-H out-of-plane bending / ring-site C-H in-plane bending,delta(C5-C6-H15),angle,9.26612418457687,+,0.16579872828427958,0.27959487055579446
30,1064.3477154387097,,,mixed ring-site C-H out-of-plane bending / ring-site C-H in-plane bending,delta(C7-C6-H15),angle,6.523603794348334,-,-0.13958881393705197,0.27770251683716846
30,1064.3477154387097,,,mixed ring-site C-H out-of-plane bending / ring-site C-H in-plane bending,delta(C7-C8-H17),angle,3.3757557250950594,-,-0.07607172963696504,0.4838579761113301
30,1064.3477154387097,,,mixed ring-site C-H out-of-plane bending / ring-site C-H in-plane bending,delta(C4-C5-C9),angle,1.5617616099837206,-,-0.02932673364036692,1.506193701341896
30,1064.3477154387097,,,mixed ring-site C-H out-of-plane bending / ring-site C-H in-plane bending,delta(C2-C1-H11),angle,1.5260510533345593,+,0.05850679176602171,0.36978557709159526
30,1064.3477154387097,,,mixed ring-site C-H out-of-plane bending / ring-site C-H in-plane bending,delta(O3-C4-C5),angle,1.5054067320141782,-,-0.034751581610116974,1.033946761767908
30,1064.3477154387097,,,mixed ring-site C-H out-of-plane bending / ring-site C-H in-plane bending,tau(C2-C4-C5-H14),dihedral,1.4979732130919972,+,0.0940987366859453,0.1403233470126861
30,1064.3477154387097,,,mixed ring-site C-H out-of-plane bending / ring-site C-H in-plane bending,"gamma(C7;C9,H20,H21)",oop,0.8074825757594478,+,0.03965340474063716,0.42595690951260695
30,1064.3477154387097,,,mixed ring-site C-H out-of-plane bending / ring-site C-H in-plane bending,nu(O3-C4),bond,0.6560912961347891,+,0.038093968762819556,0.375012122768873
30,1064.3477154387097,,,mixed ring-site C-H out-of-plane bending / ring-site C-H in-plane bending,delta(C2-C1-H12),angle,0.4411418803992394,-,-0.034671596467856274,0.3043855873378456
30,1064.3477154387097,,,mixed ring-site C-H out-of-plane bending / ring-site C-H in-plane bending,nu(C4-C5),bond,0.4044363587226595,+,0.033417757686758066,0.30039247824764354
30,1064.3477154387097,,,mixed ring-site C-H out-of-plane bending / ring-site C-H in-plane bending,delta(C7-C8-H19),angle,0.39802794729021596,+,0.029665804787120827,0.37514120679903984
30,1064.3477154387097,,,mixed ring-site C-H out-of-plane bending / ring-site C-H in-plane bending,"gamma(O3;C4,C5,H13)",oop,0.3224797699356,+,0.04496301027246089,0.13230772126924695
30,1064.3477154387097,,,mixed ring-site C-H out-of-plane bending / ring-site C-H in-plane bending,delta(O3-C2-C7),angle,0.2670917702020685,-,-0.013644714537656848,1.1899400216449423
30,1064.3477154387097,,,mixed ring-site C-H out-of-plane bending / ring-site C-H in-plane bending,tau(O3-C2-C7-C6),dihedral,0.2373481448676631,-,-0.01528275732389468,0.8428996647092574
30,1064.3477154387097,,,mixed ring-site C-H out-of-plane bending / ring-site C-H in-plane bending,"gamma(C6;C7,C2,C9)",oop,0.22740581448806432,+,0.010871938667539782,1.5958095173539286
30,1064.3477154387097,,,mixed ring-site C-H out-of-plane bending / ring-site C-H in-plane bending,nu(C5-C6),bond,0.20104516019239296,-,-0.022798385117328762,0.3208329206887749
30,1064.3477154387097,,,mixed ring-site C-H out-of-plane bending / ring-site C-H in-plane bending,tau(C6-C7-C8-H18),dihedral,0.15718246412521064,-,-0.022715889647336517,0.25266091572024935
30,1064.3477154387097,,,mixed ring-site C-H out-of-plane bending / ring-site C-H in-plane bending,tau(C2-C7-C8-H19),dihedral,0.14344432124974543,+,0.020651994641167532,0.2789669960422185
30,1064.3477154387097,,,mixed ring-site C-H out-of-plane bending / ring-site C-H in-plane bending,nu(C2-O3),bond,0.1372983438795516,+,0.021278117164077397,0.25153149975958655
30,1064.3477154387097,,,mixed ring-site C-H out-of-plane bending / ring-site C-H in-plane bending,delta(H18-C8-H19),angle,0.13301782911672114,+,0.017621744654149007,0.35530843806641327
30,1064.3477154387097,,,mixed ring-site C-H out-of-plane bending / ring-site C-H in-plane bending,delta(C5-C4-H13),angle,0.10636364977320113,-,-0.0197845781836145,0.22538920624003742
30,1064.3477154387097,,,mixed ring-site C-H out-of-plane bending / ring-site C-H in-plane bending,nu(C5-C9),bond,0.099755738845271,+,0.017870403034916094,0.25909716935407706
30,1064.3477154387097,,,mixed ring-site C-H out-of-plane bending / ring-site C-H in-plane bending,nu(C7-C8),bond,0.09613669801398234,+,0.01666424004029746,0.287151870291782
30,1064.3477154387097,,,mixed ring-site C-H out-of-plane bending / ring-site C-H in-plane bending,tau(C1-C2-C7-C6),dihedral,0.07330468497213598,+,0.014859590858657448,0.27536675168740415
30,1064.3477154387097,,,mixed ring-site C-H out-of-plane bending / ring-site C-H in-plane bending,"gamma(H17;C8,H18,H19)",oop,0.057207166018689706,+,0.011520243283601465,0.35753668248522347
30,1064.3477154387097,,,mixed ring-site C-H out-of-plane bending / ring-site C-H in-plane bending,nu(C7-C9),bond,0.05099697437293084,+,0.013361349944736709,0.23693935749874415
30,1064.3477154387097,,,mixed ring-site C-H out-of-plane bending / ring-site C-H in-plane bending,tau(H12-C1-C2-C7),dihedral,0.0493205205045418,+,0.015531582683657497,0.16958588363924
30,1064.3477154387097,,,mixed ring-site C-H out-of-plane bending / ring-site C-H in-plane bending,tau(H10-C1-C2-O3),dihedral,0.04098366944613325,-,-0.013915301789134532,0.17555736525640764
30,1064.3477154387097,,,mixed ring-site C-H out-of-plane bending / ring-site C-H in-plane bending,delta(H10-C1-H11),angle,0.034557603945051675,+,0.010651413051421596,0.25265194351349923
30,1064.3477154387097,,,mixed ring-site C-H out-of-plane bending / ring-site C-H in-plane bending,nu(C6-C7),bond,0.026288979731414718,-,-0.00874540806797848,0.2851064531742666
30,1064.3477154387097,,,mixed ring-site C-H out-of-plane bending / ring-site C-H in-plane bending,nu(C1-C2),bond,0.02453572360963396,-,-0.00824811303977801,0.2991459555841769
30,1064.3477154387097,,,mixed ring-site C-H out-of-plane bending / ring-site C-H in-plane bending,tau(C9-C7-C8-H17),dihedral,0.021597095425944,+,0.010190275307924802,0.1725110767453955
30,1064.3477154387097,,,mixed ring-site C-H out-of-plane bending / ring-site C-H in-plane bending,tau(C8-C7-C9-C5),dihedral,0.020565731055087962,+,0.0074425290168586185,0.3079615894469893
30,1064.3477154387097,,,mixed ring-site C-H out-of-plane bending / ring-site C-H in-plane bending,nu(C2-C4),bond,0.01525595419705969,-,-0.004854637791045412,0.5369318728370088
30,1064.3477154387097,,,mixed ring-site C-H out-of-plane bending / ring-site C-H in-plane bending,nu(C2-C7),bond,0.011131364502920847,-,-0.005379136954217979,0.31909255709522183
30,1064.3477154387097,,,mixed ring-site C-H out-of-plane bending / ring-site C-H in-plane bending,"gamma(H14;C5,C6,C9)",oop,0.00882830506310809,+,0.006006305219782382,0.2029812906968152
30,1064.3477154387097,,,mixed ring-site C-H out-of-plane bending / ring-site C-H in-plane bending,delta(H20-C9-H21),angle,0.00297753530466317,-,-0.0019156735040332447,0.6729881358363181
30,1064.3477154387097,,,mixed ring-site C-H out-of-plane bending / ring-site C-H in-plane bending,nu(C1-H11),bond,0.002333760039592275,-,-0.0024115787751551516,0.3328486247653903
30,1064.3477154387097,,,mixed ring-site C-H out-of-plane bending / ring-site C-H in-plane bending,"gamma(H12;C1,H10,H11)",oop,0.002194659236556859,+,0.002900284369302378,0.21641103722868646
30,1064.3477154387097,,,mixed ring-site C-H out-of-plane bending / ring-site C-H in-plane bending,delta(C1-C2-C7),angle,0.0019170139197471694,+,0.0021275435368680183,0.35128679741124474
30,1064.3477154387097,,,mixed ring-site C-H out-of-plane bending / ring-site C-H in-plane bending,nu(C8-H17),bond,0.0017352384983090685,+,0.0020813383304290624,0.33225175462853057
30,1064.3477154387097,,,mixed ring-site C-H out-of-plane bending / ring-site C-H in-plane bending,nu(C4-H13),bond,0.0011531527494523476,+,0.001648528685165223,0.351955126413533
30,1064.3477154387097,,,mixed ring-site C-H out-of-plane bending / ring-site C-H in-plane bending,nu(C1-H10),bond,0.0007410795446152525,+,0.0013555355569251511,0.33453107906648005
30,1064.3477154387097,,,mixed ring-site C-H out-of-plane bending / ring-site C-H in-plane bending,nu(C8-H18),bond,0.0003436404492717316,-,-0.0009254243895817928,0.3328249452823529
30,1064.3477154387097,,,mixed ring-site C-H out-of-plane bending / ring-site C-H in-plane bending,delta(H15-C6-H16),angle,0.0003305638144332578,+,0.0008722484096634863,0.3603864154338734
30,1064.3477154387097,,,mixed ring-site C-H out-of-plane bending / ring-site C-H in-plane bending,nu(C6-H16),bond,0.0001812201347776514,-,-0.0006581628127137123,0.3470030099281011
30,1064.3477154387097,,,mixed ring-site C-H out-of-plane bending / ring-site C-H in-plane bending,nu(C6-H15),bond,0.0001586297365889316,+,0.0006235924989362991,0.33835789268622185
30,1064.3477154387097,,,mixed ring-site C-H out-of-plane bending / ring-site C-H in-plane bending,nu(C8-H19),bond,0.0001474979494945529,-,-0.0006049719093364348,0.3342789560628059
30,1064.3477154387097,,,mixed ring-site C-H out-of-plane bending / ring-site C-H in-plane bending,nu(C5-H14),bond,9.450019718645425e-05,+,0.00047836081951427696,0.3425429122248566
30,1064.3477154387097,,,mixed ring-site C-H out-of-plane bending / ring-site C-H in-plane bending,nu(C1-H12),bond,7.850513294412678e-05,+,0.0004376321165396127,0.33999548876067176
30,1064.3477154387097,,,mixed ring-site C-H out-of-plane bending / ring-site C-H in-plane bending,nu(C9-H21),bond,2.3110456978049247e-05,-,-0.00023892810489749126,0.33578982314146966
30,1064.3477154387097,,,mixed ring-site C-H out-of-plane bending / ring-site C-H in-plane bending,nu(C9-H20),bond,4.829653191081629e-08,-,-1.0998009159317378e-05,0.3311930886360174
31,1091.1046298262313,,,mixed C-H bending / ring-site C-H out-of-plane bending,delta(C2-C1-H11),angle,16.924650326456412,-,-0.20321443320351376,0.36978557709159526
31,1091.1046298262313,,,mixed C-H bending / ring-site C-H out-of-plane bending,delta(C7-C8-H17),angle,16.04062100311646,-,-0.17295029957420582,0.4838579761113301
31,1091.1046298262313,,,mixed C-H bending / ring-site C-H out-of-plane bending,tau(C2-C7-C9-H21),dihedral,9.42752445871426,+,0.11287575038897056,0.6676298268489548
31,1091.1046298262313,,,mixed C-H bending / ring-site C-H out-of-plane bending,"gamma(C7;C9,H20,H21)",oop,7.4466735170584295,+,0.12559374341584692,0.42595690951260695
31,1091.1046298262313,,,mixed C-H bending / ring-site C-H out-of-plane bending,tau(C2-C4-C5-H14),dihedral,7.357811566693546,+,0.21750990824889121,0.1403233470126861
31,1091.1046298262313,,,mixed C-H bending / ring-site C-H out-of-plane bending,"gamma(H21;C9,C5,C7)",oop,6.879691624670249,-,-0.06513037070612372,1.4633264940362696
31,1091.1046298262313,,,mixed C-H bending / ring-site C-H out-of-plane bending,delta(C5-C6-H16),angle,4.856457907706295,-,-0.11407453443692489,0.33672982370377696
31,1091.1046298262313,,,mixed C-H bending / ring-site C-H out-of-plane bending,tau(C4-C5-C9-H20),dihedral,3.2826268071951596,-,-0.07186209249630417,0.5735366270754743
31,1091.1046298262313,,,mixed C-H bending / ring-site C-H out-of-plane bending,delta(C4-C5-C9),angle,2.9276596800598296,+,0.04187835019792683,1.506193701341896
31,1091.1046298262313,,,mixed C-H bending / ring-site C-H out-of-plane bending,tau(C2-C7-C8-H19),dihedral,2.6946763262485303,+,0.09335693232811698,0.2789669960422185
31,1091.1046298262313,,,mixed C-H bending / ring-site C-H out-of-plane bending,nu(C2-O3),bond,2.6249489651884264,-,-0.09703623195295302,0.25153149975958655
31,1091.1046298262313,,,mixed C-H bending / ring-site C-H out-of-plane bending,tau(C1-C2-C7-C6),dihedral,2.4912651310363123,-,-0.09034911564915325,0.27536675168740415
31,1091.1046298262313,,,mixed C-H bending / ring-site C-H out-of-plane bending,tau(H12-C1-C2-C7),dihedral,2.242948871919182,-,-0.10924071138685776,0.16958588363924
31,1091.1046298262313,,,mixed C-H bending / ring-site C-H out-of-plane bending,nu(C7-C9),bond,1.752606693117654,+,0.08169459267366433,0.23693935749874415
31,1091.1046298262313,,,mixed C-H bending / ring-site C-H out-of-plane bending,delta(C7-C6-H15),angle,1.6071410731841014,+,0.07226146703880855,0.27770251683716846
31,1091.1046298262313,,,mixed C-H bending / ring-site C-H out-of-plane bending,nu(C6-C7),bond,1.3990622193957996,-,-0.0665402874732008,0.2851064531742666
31,1091.1046298262313,,,mixed C-H bending / ring-site C-H out-of-plane bending,nu(O3-C4),bond,1.2816022597511991,-,-0.05552948692026087,0.375012122768873
31,1091.1046298262313,,,mixed C-H bending / ring-site C-H out-of-plane bending,delta(H18-C8-H19),angle,1.2803162391125464,+,0.05701978143429306,0.35530843806641327
31,1091.1046298262313,,,mixed C-H bending / ring-site C-H out-of-plane bending,nu(C5-C9),bond,1.2411136471723974,-,-0.06574218337288272,0.25909716935407706
31,1091.1046298262313,,,mixed C-H bending / ring-site C-H out-of-plane bending,"gamma(H14;C5,C6,C9)",oop,0.8673564110821206,-,-0.06209268981583158,0.2029812906968152
31,1091.1046298262313,,,mixed C-H bending / ring-site C-H out-of-plane bending,delta(C7-C8-H19),angle,0.7207565116735648,+,0.04163576836994701,0.37514120679903984
31,1091.1046298262313,,,mixed C-H bending / ring-site C-H out-of-plane bending,"gamma(C6;C7,C2,C9)",oop,0.6091005161738596,+,0.018557678233996525,1.5958095173539286
31,1091.1046298262313,,,mixed C-H bending / ring-site C-H out-of-plane bending,delta(C5-C4-H13),angle,0.5978411068858702,+,0.048921077241883944,0.22538920624003742
31,1091.1046298262313,,,mixed C-H bending / ring-site C-H out-of-plane bending,tau(C8-C7-C9-C5),dihedral,0.5516535058167811,-,-0.040202642228151474,0.3079615894469893
31,1091.1046298262313,,,mixed C-H bending / ring-site C-H out-of-plane bending,nu(C5-C6),bond,0.5512803844546101,+,0.03937463033264481,0.3208329206887749
31,1091.1046298262313,,,mixed C-H bending / ring-site C-H out-of-plane bending,"gamma(H17;C8,H18,H19)",oop,0.391168660786971,+,0.03141893107767878,0.35753668248522347
31,1091.1046298262313,,,mixed C-H bending / ring-site C-H out-of-plane bending,delta(O3-C4-C5),angle,0.2879701353344053,+,0.015852374314518553,1.033946761767908
31,1091.1046298262313,,,mixed C-H bending / ring-site C-H out-of-plane bending,delta(C5-C6-H15),angle,0.26588811121289035,+,0.029292372057011677,0.27959487055579446
31,1091.1046298262313,,,mixed C-H bending / ring-site C-H out-of-plane bending,tau(O3-C2-C7-C6),dihedral,0.25092065434523103,+,0.016388905353536022,0.8428996647092574
31,1091.1046298262313,,,mixed C-H bending / ring-site C-H out-of-plane bending,tau(C6-C7-C8-H18),dihedral,0.1667137537516167,-,-0.024399805488768543,0.25266091572024935
31,1091.1046298262313,,,mixed C-H bending / ring-site C-H out-of-plane bending,delta(C1-C2-C7),angle,0.13864896396142656,-,-0.018871094197461774,0.35128679741124474
31,1091.1046298262313,,,mixed C-H bending / ring-site C-H out-of-plane bending,nu(C1-C2),bond,0.13092943287119096,+,0.01987223697974468,0.2991459555841769
31,1091.1046298262313,,,mixed C-H bending / ring-site C-H out-of-plane bending,nu(C2-C4),bond,0.11459678133724965,+,0.01387702272467245,0.5369318728370088
31,1091.1046298262313,,,mixed C-H bending / ring-site C-H out-of-plane bending,tau(C9-C7-C8-H17),dihedral,0.10524078959178544,-,-0.02346136294104251,0.1725110767453955
31,1091.1046298262313,,,mixed C-H bending / ring-site C-H out-of-plane bending,delta(O3-C2-C7),angle,0.07667565671807793,+,0.007624930656355342,1.1899400216449423
31,1091.1046298262313,,,mixed C-H bending / ring-site C-H out-of-plane bending,tau(H10-C1-C2-O3),dihedral,0.07030637684254089,+,0.019008923094885746,0.17555736525640764
31,1091.1046298262313,,,mixed C-H bending / ring-site C-H out-of-plane bending,nu(C7-C8),bond,0.06644145570091847,-,-0.01444885480454803,0.287151870291782
31,1091.1046298262313,,,mixed C-H bending / ring-site C-H out-of-plane bending,"gamma(O3;C4,C5,H13)",oop,0.06460187673825357,+,0.02098938214198362,0.13230772126924695
31,1091.1046298262313,,,mixed C-H bending / ring-site C-H out-of-plane bending,delta(H20-C9-H21),angle,0.04489970257022862,+,0.0077586776755566795,0.6729881358363181
31,1091.1046298262313,,,mixed C-H bending / ring-site C-H out-of-plane bending,nu(C2-C7),bond,0.04412156854013677,+,0.011169579319362766,0.31909255709522183
31,1091.1046298262313,,,mixed C-H bending / ring-site C-H out-of-plane bending,nu(C4-C5),bond,0.02724014200091693,-,-0.009045442946385302,0.30039247824764354
31,1091.1046298262313,,,mixed C-H bending / ring-site C-H out-of-plane bending,nu(C1-H10),bond,0.027051547739309744,-,-0.008541762764704516,0.33453107906648005
31,1091.1046298262313,,,mixed C-H bending / ring-site C-H out-of-plane bending,nu(C1-H11),bond,0.020780645288130884,+,0.007505434050508713,0.3328486247653903
31,1091.1046298262313,,,mixed C-H bending / ring-site C-H out-of-plane bending,"gamma(H12;C1,H10,H11)",oop,0.017805938211703173,+,0.008616133308628557,0.21641103722868646
31,1091.1046298262313,,,mixed C-H bending / ring-site C-H out-of-plane bending,nu(C8-H17),bond,0.013068464371154895,+,0.005957284204859492,0.33225175462853057
31,1091.1046298262313,,,mixed C-H bending / ring-site C-H out-of-plane bending,nu(C8-H18),bond,0.007169419630095094,-,-0.004408630975119979,0.3328249452823529
31,1091.1046298262313,,,mixed C-H bending / ring-site C-H out-of-plane bending,delta(C2-C1-H12),angle,0.0038673428211826034,-,-0.0033858208540721883,0.3043855873378456
31,1091.1046298262313,,,mixed C-H bending / ring-site C-H out-of-plane bending,delta(H15-C6-H16),angle,0.001584720687818333,-,-0.0019918738940801076,0.3603864154338734
31,1091.1046298262313,,,mixed C-H bending / ring-site C-H out-of-plane bending,delta(H10-C1-H11),angle,0.0012984980490083444,-,-0.0021534213327039703,0.25265194351349923
31,1091.1046298262313,,,mixed C-H bending / ring-site C-H out-of-plane bending,nu(C4-H13),bond,0.0010451579062951274,-,-0.001636880554413487,0.351955126413533
31,1091.1046298262313,,,mixed C-H bending / ring-site C-H out-of-plane bending,nu(C6-H16),bond,0.0008593491718927067,+,0.0014948165325250574,0.3470030099281011
31,1091.1046298262313,,,mixed C-H bending / ring-site C-H out-of-plane bending,nu(C1-H12),bond,0.00038611121579852495,+,0.0010122535611649533,0.33999548876067176
31,1091.1046298262313,,,mixed C-H bending / ring-site C-H out-of-plane bending,nu(C6-H15),bond,0.0003764066126088693,-,-0.0010018671767879268,0.33835789268622185
31,1091.1046298262313,,,mixed C-H bending / ring-site C-H out-of-plane bending,nu(C9-H20),bond,0.00034276390433958504,-,-0.0009663325084667655,0.3311930886360174
31,1091.1046298262313,,,mixed C-H bending / ring-site C-H out-of-plane bending,nu(C8-H19),bond,0.000270401170168204,-,-0.0008543177835196834,0.3342789560628059
31,1091.1046298262313,,,mixed C-H bending / ring-site C-H out-of-plane bending,nu(C9-H21),bond,0.00022700408160390917,-,-0.0007810030864103798,0.33578982314146966
31,1091.1046298262313,,,mixed C-H bending / ring-site C-H out-of-plane bending,nu(C5-H14),bond,0.00011541295145260969,-,-0.0005513653411493176,0.3425429122248566
32,1116.8335090618052,,,mixed ring-site C-H out-of-plane bending / ring-site C-H in-plane bending,"gamma(H21;C9,C5,C7)",oop,30.579246241256005,+,0.13593491154735848,1.4633264940362696
32,1116.8335090618052,,,mixed ring-site C-H out-of-plane bending / ring-site C-H in-plane bending,delta(C5-C6-H15),angle,11.061632288468257,-,-0.1870394633320054,0.27959487055579446
32,1116.8335090618052,,,mixed ring-site C-H out-of-plane bending / ring-site C-H in-plane bending,"gamma(O3;C4,C5,H13)",oop,10.394251272277597,+,0.26356773811514755,0.13230772126924695
32,1116.8335090618052,,,mixed ring-site C-H out-of-plane bending / ring-site C-H in-plane bending,delta(C4-C5-C9),angle,7.347049236205222,-,-0.06567563798837295,1.506193701341896
32,1116.8335090618052,,,mixed ring-site C-H out-of-plane bending / ring-site C-H in-plane bending,delta(C5-C6-H16),angle,5.434362278472877,+,0.11945978829702754,0.33672982370377696
32,1116.8335090618052,,,mixed ring-site C-H out-of-plane bending / ring-site C-H in-plane bending,delta(C2-C1-H12),angle,5.075770085177544,+,0.12143032777024432,0.3043855873378456
32,1116.8335090618052,,,mixed ring-site C-H out-of-plane bending / ring-site C-H in-plane bending,"gamma(C7;C9,H20,H21)",oop,3.941361440792989,+,0.09045415830367388,0.42595690951260695
32,1116.8335090618052,,,mixed ring-site C-H out-of-plane bending / ring-site C-H in-plane bending,delta(C2-C1-H11),angle,3.0776632204527408,-,-0.08578745852223839,0.36978557709159526
32,1116.8335090618052,,,mixed ring-site C-H out-of-plane bending / ring-site C-H in-plane bending,delta(C7-C8-H19),angle,2.939749035969398,-,-0.08324266611871643,0.37514120679903984
32,1116.8335090618052,,,mixed ring-site C-H out-of-plane bending / ring-site C-H in-plane bending,tau(C2-C7-C9-H21),dihedral,2.7500480113936,-,-0.06035183943562335,0.6676298268489548
32,1116.8335090618052,,,mixed ring-site C-H out-of-plane bending / ring-site C-H in-plane bending,"gamma(H14;C5,C6,C9)",oop,2.722303191380545,+,0.10890015051690194,0.2029812906968152
32,1116.8335090618052,,,mixed ring-site C-H out-of-plane bending / ring-site C-H in-plane bending,tau(C4-C5-C9-H20),dihedral,1.4898769838725419,+,0.04792728915665232,0.5735366270754743
32,1116.8335090618052,,,mixed ring-site C-H out-of-plane bending / ring-site C-H in-plane bending,nu(C5-C6),bond,1.486440948001027,+,0.06400628288357939,0.3208329206887749
32,1116.8335090618052,,,mixed ring-site C-H out-of-plane bending / ring-site C-H in-plane bending,tau(C2-C4-C5-H14),dihedral,1.4163988061561221,+,0.09447481436835871,0.1403233470126861
32,1116.8335090618052,,,mixed ring-site C-H out-of-plane bending / ring-site C-H in-plane bending,delta(C1-C2-C7),angle,1.1607356263291535,+,0.05405352016120394,0.35128679741124474
32,1116.8335090618052,,,mixed ring-site C-H out-of-plane bending / ring-site C-H in-plane bending,nu(C4-C5),bond,1.1217715442548923,+,0.05746400899333912,0.30039247824764354
32,1116.8335090618052,,,mixed ring-site C-H out-of-plane bending / ring-site C-H in-plane bending,delta(O3-C4-C5),angle,1.0883159873535337,+,0.0305082049001955,1.033946761767908
32,1116.8335090618052,,,mixed ring-site C-H out-of-plane bending / ring-site C-H in-plane bending,tau(O3-C2-C7-C6),dihedral,1.0503873750015995,+,0.0331951812871282,0.8428996647092574
32,1116.8335090618052,,,mixed ring-site C-H out-of-plane bending / ring-site C-H in-plane bending,nu(C1-C2),bond,0.7132662670496861,-,-0.045916895111678166,0.2991459555841769
32,1116.8335090618052,,,mixed ring-site C-H out-of-plane bending / ring-site C-H in-plane bending,nu(C2-O3),bond,0.6128750683491203,+,0.0464171023904923,0.25153149975958655
32,1116.8335090618052,,,mixed ring-site C-H out-of-plane bending / ring-site C-H in-plane bending,nu(C2-C4),bond,0.609488905648015,-,-0.03168192405845347,0.5369318728370088
32,1116.8335090618052,,,mixed ring-site C-H out-of-plane bending / ring-site C-H in-plane bending,delta(C7-C6-H15),angle,0.578843080600139,+,0.042931766034548985,0.27770251683716846
32,1116.8335090618052,,,mixed ring-site C-H out-of-plane bending / ring-site C-H in-plane bending,delta(H10-C1-H11),angle,0.5129900915827719,-,-0.04237223823815515,0.25265194351349923
32,1116.8335090618052,,,mixed ring-site C-H out-of-plane bending / ring-site C-H in-plane bending,nu(O3-C4),bond,0.438724232141726,-,-0.03216335886679719,0.375012122768873
32,1116.8335090618052,,,mixed ring-site C-H out-of-plane bending / ring-site C-H in-plane bending,delta(O3-C2-C7),angle,0.34818524199032197,-,-0.016085363612651372,1.1899400216449423
32,1116.8335090618052,,,mixed ring-site C-H out-of-plane bending / ring-site C-H in-plane bending,tau(H10-C1-C2-O3),dihedral,0.3351509755136945,+,0.04108648188173051,0.17555736525640764
32,1116.8335090618052,,,mixed ring-site C-H out-of-plane bending / ring-site C-H in-plane bending,"gamma(H12;C1,H10,H11)",oop,0.31206354340744596,-,-0.035708372224049156,0.21641103722868646
32,1116.8335090618052,,,mixed ring-site C-H out-of-plane bending / ring-site C-H in-plane bending,nu(C6-C7),bond,0.29898950852420436,-,-0.030451780431286202,0.2851064531742666
32,1116.8335090618052,,,mixed ring-site C-H out-of-plane bending / ring-site C-H in-plane bending,nu(C7-C9),bond,0.2862285405481737,+,0.032683315294334624,0.23693935749874415
32,1116.8335090618052,,,mixed ring-site C-H out-of-plane bending / ring-site C-H in-plane bending,delta(C5-C4-H13),angle,0.23952870015772462,+,0.030654939302600964,0.22538920624003742
32,1116.8335090618052,,,mixed ring-site C-H out-of-plane bending / ring-site C-H in-plane bending,tau(C8-C7-C9-C5),dihedral,0.22753164047419758,-,-0.025560000709326305,0.3079615894469893
32,1116.8335090618052,,,mixed ring-site C-H out-of-plane bending / ring-site C-H in-plane bending,delta(H20-C9-H21),angle,0.0828066738122746,-,-0.01043079006800682,0.6729881358363181
32,1116.8335090618052,,,mixed ring-site C-H out-of-plane bending / ring-site C-H in-plane bending,nu(C7-C8),bond,0.054776410861855876,-,-0.012987608845613282,0.287151870291782
32,1116.8335090618052,,,mixed ring-site C-H out-of-plane bending / ring-site C-H in-plane bending,delta(H15-C6-H16),angle,0.048747634084450375,-,-0.010936561612060905,0.3603864154338734
32,1116.8335090618052,,,mixed ring-site C-H out-of-plane bending / ring-site C-H in-plane bending,nu(C2-C7),bond,0.047673141149794276,+,0.011493883362828953,0.31909255709522183
32,1116.8335090618052,,,mixed ring-site C-H out-of-plane bending / ring-site C-H in-plane bending,tau(H12-C1-C2-C7),dihedral,0.03185126379164794,-,-0.012887145262265275,0.16958588363924
32,1116.8335090618052,,,mixed ring-site C-H out-of-plane bending / ring-site C-H in-plane bending,delta(C7-C8-H17),angle,0.023393170694452792,-,-0.006538435311367843,0.4838579761113301
32,1116.8335090618052,,,mixed ring-site C-H out-of-plane bending / ring-site C-H in-plane bending,delta(H18-C8-H19),angle,0.010789606911274967,+,0.005181891189548718,0.35530843806641327
32,1116.8335090618052,,,mixed ring-site C-H out-of-plane bending / ring-site C-H in-plane bending,tau(C2-C7-C8-H19),dihedral,0.010484948962754183,+,0.005764942582587005,0.2789669960422185
32,1116.8335090618052,,,mixed ring-site C-H out-of-plane bending / ring-site C-H in-plane bending,nu(C4-H13),bond,0.007845814208313652,-,-0.00443980198381807,0.351955126413533
32,1116.8335090618052,,,mixed ring-site C-H out-of-plane bending / ring-site C-H in-plane bending,nu(C1-H12),bond,0.0074080097168480906,-,-0.004389372446222171,0.33999548876067176
32,1116.8335090618052,,,mixed ring-site C-H out-of-plane bending / ring-site C-H in-plane bending,nu(C5-C9),bond,0.004350443980308788,-,-0.003853219016242941,0.25909716935407706
32,1116.8335090618052,,,mixed ring-site C-H out-of-plane bending / ring-site C-H in-plane bending,nu(C6-H15),bond,0.003638827567712438,+,0.0030837617772771697,0.33835789268622185
32,1116.8335090618052,,,mixed ring-site C-H out-of-plane bending / ring-site C-H in-plane bending,nu(C8-H18),bond,0.002559559979579837,-,-0.0026077320197322573,0.3328249452823529
32,1116.8335090618052,,,mixed ring-site C-H out-of-plane bending / ring-site C-H in-plane bending,"gamma(C6;C7,C2,C9)",oop,0.0021673368717110763,+,0.0010958747564410647,1.5958095173539286
32,1116.8335090618052,,,mixed ring-site C-H out-of-plane bending / ring-site C-H in-plane bending,tau(C6-C7-C8-H18),dihedral,0.002080064638894199,+,0.002698097387065488,0.25266091572024935
32,1116.8335090618052,,,mixed ring-site C-H out-of-plane bending / ring-site C-H in-plane bending,"gamma(H17;C8,H18,H19)",oop,0.001991808879279789,-,-0.0022194827179539203,0.35753668248522347
32,1116.8335090618052,,,mixed ring-site C-H out-of-plane bending / ring-site C-H in-plane bending,tau(C9-C7-C8-H17),dihedral,0.0013862965687835456,-,-0.002665678811581515,0.1725110767453955
32,1116.8335090618052,,,mixed ring-site C-H out-of-plane bending / ring-site C-H in-plane bending,nu(C1-H11),bond,0.0011318013306179382,+,0.0017340034426292592,0.3328486247653903
32,1116.8335090618052,,,mixed ring-site C-H out-of-plane bending / ring-site C-H in-plane bending,nu(C1-H10),bond,0.0010829637158977791,+,0.001691908826419323,0.33453107906648005
32,1116.8335090618052,,,mixed ring-site C-H out-of-plane bending / ring-site C-H in-plane bending,nu(C9-H21),bond,0.0007235656997035063,+,0.0013803634759068405,0.33578982314146966
32,1116.8335090618052,,,mixed ring-site C-H out-of-plane bending / ring-site C-H in-plane bending,nu(C6-H16),bond,0.000686817475707088,+,0.0013229465141220299,0.3470030099281011
32,1116.8335090618052,,,mixed ring-site C-H out-of-plane bending / ring-site C-H in-plane bending,nu(C5-H14),bond,0.00044798295712030086,+,0.0010753788530913626,0.3425429122248566
32,1116.8335090618052,,,mixed ring-site C-H out-of-plane bending / ring-site C-H in-plane bending,nu(C8-H19),bond,0.00040224433894771186,+,0.0010315224645003152,0.3342789560628059
32,1116.8335090618052,,,mixed ring-site C-H out-of-plane bending / ring-site C-H in-plane bending,nu(C8-H17),bond,0.0001660803441551179,+,0.0006648347559458732,0.33225175462853057
32,1116.8335090618052,,,mixed ring-site C-H out-of-plane bending / ring-site C-H in-plane bending,nu(C9-H20),bond,0.00014681597249108038,-,-0.0006260863843296014,0.3311930886360174
32,1116.8335090618052,,,mixed ring-site C-H out-of-plane bending / ring-site C-H in-plane bending,tau(C1-C2-C7-C6),dihedral,3.134668255167871e-05,+,0.00031726946837347934,0.27536675168740415
33,1125.4868578354824,,,mixed C-H bending / ring-site C-H out-of-plane bending,delta(C2-C1-H11),angle,15.100975164496889,-,-0.19380754577394232,0.36978557709159526
33,1125.4868578354824,,,mixed C-H bending / ring-site C-H out-of-plane bending,tau(C2-C7-C9-H21),dihedral,14.478332959351615,-,-0.14123247958342236,0.6676298268489548
33,1125.4868578354824,,,mixed C-H bending / ring-site C-H out-of-plane bending,"gamma(C7;C9,H20,H21)",oop,12.699032550836117,-,-0.16559440306787573,0.42595690951260695
33,1125.4868578354824,,,mixed C-H bending / ring-site C-H out-of-plane bending,delta(C7-C8-H17),angle,8.850487282776866,+,0.129708312250611,0.4838579761113301
33,1125.4868578354824,,,mixed C-H bending / ring-site C-H out-of-plane bending,tau(O3-C2-C7-C6),dihedral,7.62958976472433,+,0.09124431652867243,0.8428996647092574
33,1125.4868578354824,,,mixed C-H bending / ring-site C-H out-of-plane bending,delta(C7-C6-H15),angle,4.018082798988305,-,-0.11536198028513205,0.27770251683716846
33,1125.4868578354824,,,mixed C-H bending / ring-site C-H out-of-plane bending,tau(C2-C4-C5-H14),dihedral,3.8630920189214963,-,-0.15912767908691094,0.1403233470126861
33,1125.4868578354824,,,mixed C-H bending / ring-site C-H out-of-plane bending,"gamma(O3;C4,C5,H13)",oop,3.542830653828678,+,0.15693715360331095,0.13230772126924695
33,1125.4868578354824,,,mixed C-H bending / ring-site C-H out-of-plane bending,"gamma(C6;C7,C2,C9)",oop,3.1698780736745458,-,-0.04274387813039503,1.5958095173539286
33,1125.4868578354824,,,mixed C-H bending / ring-site C-H out-of-plane bending,delta(O3-C2-C7),angle,3.1408839259566874,+,0.049272724526272446,1.1899400216449423
33,1125.4868578354824,,,mixed C-H bending / ring-site C-H out-of-plane bending,tau(C1-C2-C7-C6),dihedral,2.305924341067112,-,-0.0877626938957194,0.27536675168740415
33,1125.4868578354824,,,mixed C-H bending / ring-site C-H out-of-plane bending,nu(C5-C6),bond,2.293464942527952,-,-0.0810867249785662,0.3208329206887749
33,1125.4868578354824,,,mixed C-H bending / ring-site C-H out-of-plane bending,nu(C6-C7),bond,2.1008084076027727,+,0.08232521416730415,0.2851064531742666
33,1125.4868578354824,,,mixed C-H bending / ring-site C-H out-of-plane bending,nu(C5-C9),bond,2.0666184136130705,+,0.08565288242791046,0.25909716935407706
33,1125.4868578354824,,,mixed C-H bending / ring-site C-H out-of-plane bending,delta(C5-C6-H15),angle,1.9915447192143392,+,0.08094193846602733,0.27959487055579446
33,1125.4868578354824,,,mixed C-H bending / ring-site C-H out-of-plane bending,delta(C4-C5-C9),angle,1.909157416412163,-,-0.03414472547692232,1.506193701341896
33,1125.4868578354824,,,mixed C-H bending / ring-site C-H out-of-plane bending,nu(C7-C9),bond,1.8190310151086748,-,-0.08403198416327307,0.23693935749874415
33,1125.4868578354824,,,mixed C-H bending / ring-site C-H out-of-plane bending,nu(C2-O3),bond,1.520655857752456,-,-0.07456970910559055,0.25153149975958655
33,1125.4868578354824,,,mixed C-H bending / ring-site C-H out-of-plane bending,delta(O3-C4-C5),angle,1.2734633853229262,-,-0.03365792296374163,1.033946761767908
33,1125.4868578354824,,,mixed C-H bending / ring-site C-H out-of-plane bending,delta(C5-C6-H16),angle,1.0176883456614125,+,0.05272417326042928,0.33672982370377696
33,1125.4868578354824,,,mixed C-H bending / ring-site C-H out-of-plane bending,delta(H18-C8-H19),angle,0.9532291164988564,-,-0.049675135273908905,0.35530843806641327
33,1125.4868578354824,,,mixed C-H bending / ring-site C-H out-of-plane bending,tau(C8-C7-C9-C5),dihedral,0.8109615513540893,+,0.04921472076905396,0.3079615894469893
33,1125.4868578354824,,,mixed C-H bending / ring-site C-H out-of-plane bending,"gamma(H14;C5,C6,C9)",oop,0.5613443676322805,+,0.05043474731574577,0.2029812906968152
33,1125.4868578354824,,,mixed C-H bending / ring-site C-H out-of-plane bending,delta(C5-C4-H13),angle,0.447392545131079,+,0.04272882831506513,0.22538920624003742
33,1125.4868578354824,,,mixed C-H bending / ring-site C-H out-of-plane bending,delta(C1-C2-C7),angle,0.37618942235554403,-,-0.031384523950777087,0.35128679741124474
33,1125.4868578354824,,,mixed C-H bending / ring-site C-H out-of-plane bending,nu(C4-C5),bond,0.34474655150473366,+,0.03248991744643484,0.30039247824764354
33,1125.4868578354824,,,mixed C-H bending / ring-site C-H out-of-plane bending,"gamma(H21;C9,C5,C7)",oop,0.34473456301186367,-,-0.014720242531722843,1.4633264940362696
33,1125.4868578354824,,,mixed C-H bending / ring-site C-H out-of-plane bending,nu(O3-C4),bond,0.28244085261778684,-,-0.02631990229962061,0.375012122768873
33,1125.4868578354824,,,mixed C-H bending / ring-site C-H out-of-plane bending,nu(C2-C4),bond,0.2805811769635986,+,0.021923649149979657,0.5369318728370088
33,1125.4868578354824,,,mixed C-H bending / ring-site C-H out-of-plane bending,tau(H12-C1-C2-C7),dihedral,0.25135564500741103,-,-0.03692263114263563,0.16958588363924
33,1125.4868578354824,,,mixed C-H bending / ring-site C-H out-of-plane bending,"gamma(H17;C8,H18,H19)",oop,0.19379114481941284,-,-0.022328000364484093,0.35753668248522347
33,1125.4868578354824,,,mixed C-H bending / ring-site C-H out-of-plane bending,nu(C2-C7),bond,0.08248016609023501,+,0.015419120260863277,0.31909255709522183
33,1125.4868578354824,,,mixed C-H bending / ring-site C-H out-of-plane bending,delta(C7-C8-H19),angle,0.07118764894991338,-,-0.013211377704630684,0.37514120679903984
33,1125.4868578354824,,,mixed C-H bending / ring-site C-H out-of-plane bending,tau(C6-C7-C8-H18),dihedral,0.04906851490059734,+,0.013365204045835995,0.25266091572024935
33,1125.4868578354824,,,mixed C-H bending / ring-site C-H out-of-plane bending,delta(H15-C6-H16),angle,0.029170948692842334,-,-0.008628478873686425,0.3603864154338734
33,1125.4868578354824,,,mixed C-H bending / ring-site C-H out-of-plane bending,nu(C1-C2),bond,0.026912927585526443,-,-0.009096662312490308,0.2991459555841769
33,1125.4868578354824,,,mixed C-H bending / ring-site C-H out-of-plane bending,nu(C1-H10),bond,0.023903360517360445,-,-0.008106892507946705,0.33453107906648005
33,1125.4868578354824,,,mixed C-H bending / ring-site C-H out-of-plane bending,nu(C1-H11),bond,0.020755434518145526,+,0.0075733094184952466,0.3328486247653903
33,1125.4868578354824,,,mixed C-H bending / ring-site C-H out-of-plane bending,nu(C7-C8),bond,0.010651901596754675,+,0.0058411844134892595,0.287151870291782
33,1125.4868578354824,,,mixed C-H bending / ring-site C-H out-of-plane bending,tau(H10-C1-C2-O3),dihedral,0.010410034070755553,+,0.007385156751161305,0.17555736525640764
33,1125.4868578354824,,,mixed C-H bending / ring-site C-H out-of-plane bending,nu(C8-H18),bond,0.007573071228594248,+,0.0045747909744124965,0.3328249452823529
33,1125.4868578354824,,,mixed C-H bending / ring-site C-H out-of-plane bending,nu(C8-H17),bond,0.007408460873659847,-,-0.004528699703038199,0.33225175462853057
33,1125.4868578354824,,,mixed C-H bending / ring-site C-H out-of-plane bending,delta(C2-C1-H12),angle,0.006860195380319068,-,-0.004553018022903603,0.3043855873378456
33,1125.4868578354824,,,mixed C-H bending / ring-site C-H out-of-plane bending,"gamma(H12;C1,H10,H11)",oop,0.004778247482650441,+,0.004506483507609826,0.21641103722868646
33,1125.4868578354824,,,mixed C-H bending / ring-site C-H out-of-plane bending,delta(H10-C1-H11),angle,0.0047221455707633815,-,-0.0041462122773798325,0.25265194351349923
33,1125.4868578354824,,,mixed C-H bending / ring-site C-H out-of-plane bending,nu(C4-H13),bond,0.0021060049109338703,-,-0.002346006502795246,0.351955126413533
33,1125.4868578354824,,,mixed C-H bending / ring-site C-H out-of-plane bending,tau(C2-C7-C8-H19),dihedral,0.001007023575599782,+,0.001822160279941007,0.2789669960422185
33,1125.4868578354824,,,mixed C-H bending / ring-site C-H out-of-plane bending,tau(C9-C7-C8-H17),dihedral,0.0009628661774947715,+,0.0022657794956549835,0.1725110767453955
33,1125.4868578354824,,,mixed C-H bending / ring-site C-H out-of-plane bending,nu(C9-H21),bond,0.0008195211424075555,+,0.0014982679369515651,0.33578982314146966
33,1125.4868578354824,,,mixed C-H bending / ring-site C-H out-of-plane bending,nu(C5-H14),bond,0.000562804216091417,+,0.0012293183028119412,0.3425429122248566
33,1125.4868578354824,,,mixed C-H bending / ring-site C-H out-of-plane bending,nu(C8-H19),bond,9.895909522977713e-05,+,0.0005218149395921663,0.3342789560628059
33,1125.4868578354824,,,mixed C-H bending / ring-site C-H out-of-plane bending,nu(C1-H12),bond,9.406877841115519e-05,+,0.0005044630301966058,0.33999548876067176
33,1125.4868578354824,,,mixed C-H bending / ring-site C-H out-of-plane bending,nu(C6-H16),bond,8.672921877525712e-05,+,0.0004794676007230215,0.3470030099281011
33,1125.4868578354824,,,mixed C-H bending / ring-site C-H out-of-plane bending,delta(H20-C9-H21),angle,3.972377621182387e-05,+,0.0002330047253896171,0.6729881358363181
33,1125.4868578354824,,,mixed C-H bending / ring-site C-H out-of-plane bending,nu(C6-H15),bond,1.2037964940584332e-05,-,-0.00018089707756620973,0.33835789268622185
33,1125.4868578354824,,,mixed C-H bending / ring-site C-H out-of-plane bending,tau(C4-C5-C9-H20),dihedral,1.016609052430534e-05,+,0.0001276849106078562,0.5735366270754743
33,1125.4868578354824,,,mixed C-H bending / ring-site C-H out-of-plane bending,nu(C9-H20),bond,8.06286021466217e-06,+,0.00014963979413855244,0.3311930886360174
34,1188.6086604089257,,,mixed C-H bending / ring-site C-H in-plane bending,delta(C2-C1-H12),angle,18.647852042294907,-,-0.20961199866214386,0.3043855873378456
34,1188.6086604089257,,,mixed C-H bending / ring-site C-H in-plane bending,nu(C1-C2),bond,8.953072085582695,-,-0.1465069566083694,0.2991459555841769
34,1188.6086604089257,,,mixed C-H bending / ring-site C-H in-plane bending,delta(C7-C6-H15),angle,7.571780605573533,+,0.13983725074138656,0.27770251683716846
34,1188.6086604089257,,,mixed C-H bending / ring-site C-H in-plane bending,tau(C4-C5-C9-H20),dihedral,6.977398083624476,-,-0.09340711227548852,0.5735366270754743
34,1188.6086604089257,,,mixed C-H bending / ring-site C-H in-plane bending,delta(O3-C2-C7),angle,6.185609087253217,-,-0.061057985784668534,1.1899400216449423
34,1188.6086604089257,,,mixed C-H bending / ring-site C-H in-plane bending,"gamma(C7;C9,H20,H21)",oop,4.513703147266004,+,0.08717610019706909,0.42595690951260695
34,1188.6086604089257,,,mixed C-H bending / ring-site C-H in-plane bending,delta(C5-C6-H15),angle,4.434479692967858,-,-0.10665236970507953,0.27959487055579446
34,1188.6086604089257,,,mixed C-H bending / ring-site C-H in-plane bending,delta(C7-C8-H19),angle,3.7812389583973576,+,0.08502241768777365,0.37514120679903984
34,1188.6086604089257,,,mixed C-H bending / ring-site C-H in-plane bending,delta(H10-C1-H11),angle,3.6608913354305956,+,0.10194029156349328,0.25265194351349923
34,1188.6086604089257,,,mixed C-H bending / ring-site C-H in-plane bending,"gamma(H21;C9,C5,C7)",oop,3.528842334901461,-,-0.0415871619512239,1.4633264940362696
34,1188.6086604089257,,,mixed C-H bending / ring-site C-H in-plane bending,nu(C2-C7),bond,3.188455017319037,+,0.08465362968751307,0.31909255709522183
34,1188.6086604089257,,,mixed C-H bending / ring-site C-H in-plane bending,nu(O3-C4),bond,2.6008858316940917,-,-0.07052640794659248,0.375012122768873
34,1188.6086604089257,,,mixed C-H bending / ring-site C-H in-plane bending,delta(C2-C1-H11),angle,2.425421801207787,+,0.06858551884981527,0.36978557709159526
34,1188.6086604089257,,,mixed C-H bending / ring-site C-H in-plane bending,nu(C2-C4),bond,2.268079863598334,-,-0.055040624522771815,0.5369318728370088
34,1188.6086604089257,,,mixed C-H bending / ring-site C-H in-plane bending,"gamma(C6;C7,C2,C9)",oop,2.16804841145869,+,0.031214597293986023,1.5958095173539286
34,1188.6086604089257,,,mixed C-H bending / ring-site C-H in-plane bending,nu(C7-C8),bond,1.901300274954149,+,0.0689101673938611,0.287151870291782
34,1188.6086604089257,,,mixed C-H bending / ring-site C-H in-plane bending,delta(O3-C4-C5),angle,1.7999887203800966,+,0.035334551007183836,1.033946761767908
34,1188.6086604089257,,,mixed C-H bending / ring-site C-H in-plane bending,tau(C8-C7-C9-C5),dihedral,1.7652519269942195,+,0.06411635796714836,0.3079615894469893
34,1188.6086604089257,,,mixed C-H bending / ring-site C-H in-plane bending,"gamma(O3;C4,C5,H13)",oop,1.7379064676811422,-,-0.09705867962584554,0.13230772126924695
34,1188.6086604089257,,,mixed C-H bending / ring-site C-H in-plane bending,delta(C5-C6-H16),angle,1.4848002125933448,+,0.05623503801722323,0.33672982370377696
34,1188.6086604089257,,,mixed C-H bending / ring-site C-H in-plane bending,delta(C1-C2-C7),angle,1.4734158166553544,-,-0.054846071300814585,0.35128679741124474
34,1188.6086604089257,,,mixed C-H bending / ring-site C-H in-plane bending,tau(O3-C2-C7-C6),dihedral,1.177592982405319,+,0.03165362390517092,0.8428996647092574
34,1188.6086604089257,,,mixed C-H bending / ring-site C-H in-plane bending,tau(H10-C1-C2-O3),dihedral,0.9918499532068146,-,-0.06365422507613049,0.17555736525640764
34,1188.6086604089257,,,mixed C-H bending / ring-site C-H in-plane bending,nu(C2-O3),bond,0.9738674758198539,-,-0.05269477019481059,0.25153149975958655
34,1188.6086604089257,,,mixed C-H bending / ring-site C-H in-plane bending,nu(C5-C9),bond,0.8828636545961694,-,-0.04943439905084593,0.25909716935407706
34,1188.6086604089257,,,mixed C-H bending / ring-site C-H in-plane bending,delta(C7-C8-H17),angle,0.808908341129619,+,0.03462617173152805,0.4838579761113301
34,1188.6086604089257,,,mixed C-H bending / ring-site C-H in-plane bending,delta(C5-C4-H13),angle,0.745735173572407,+,0.048712400398357315,0.22538920624003742
34,1188.6086604089257,,,mixed C-H bending / ring-site C-H in-plane bending,tau(C2-C4-C5-H14),dihedral,0.655063155727759,+,0.05786159392360527,0.1403233470126861
34,1188.6086604089257,,,mixed C-H bending / ring-site C-H in-plane bending,"gamma(H17;C8,H18,H19)",oop,0.3992106270452978,+,0.028297920220791462,0.35753668248522347
34,1188.6086604089257,,,mixed C-H bending / ring-site C-H in-plane bending,nu(C6-C7),bond,0.37974288287069685,+,0.03090687330679145,0.2851064531742666
34,1188.6086604089257,,,mixed C-H bending / ring-site C-H in-plane bending,tau(C2-C7-C8-H19),dihedral,0.3683536497397272,-,-0.03077300091376666,0.2789669960422185
34,1188.6086604089257,,,mixed C-H bending / ring-site C-H in-plane bending,nu(C4-C5),bond,0.27782925530403635,+,0.025754803133046875,0.30039247824764354
34,1188.6086604089257,,,mixed C-H bending / ring-site C-H in-plane bending,tau(C1-C2-C7-C6),dihedral,0.2563748722611609,+,0.02584019292184618,0.27536675168740415
34,1188.6086604089257,,,mixed C-H bending / ring-site C-H in-plane bending,nu(C5-C6),bond,0.2329595471200438,+,0.022819943681483563,0.3208329206887749
34,1188.6086604089257,,,mixed C-H bending / ring-site C-H in-plane bending,delta(H18-C8-H19),angle,0.22590532348653805,-,-0.021353754524390825,0.35530843806641327
34,1188.6086604089257,,,mixed C-H bending / ring-site C-H in-plane bending,nu(C7-C9),bond,0.215255305479958,-,-0.025525373348603022,0.23693935749874415
34,1188.6086604089257,,,mixed C-H bending / ring-site C-H in-plane bending,"gamma(H14;C5,C6,C9)",oop,0.07656836815307887,-,-0.016447900301562922,0.2029812906968152
34,1188.6086604089257,,,mixed C-H bending / ring-site C-H in-plane bending,tau(C2-C7-C9-H21),dihedral,0.059219745149046474,-,-0.007975890365397087,0.6676298268489548
34,1188.6086604089257,,,mixed C-H bending / ring-site C-H in-plane bending,tau(C9-C7-C8-H17),dihedral,0.04194259295081913,+,0.013204833177012727,0.1725110767453955
34,1188.6086604089257,,,mixed C-H bending / ring-site C-H in-plane bending,tau(C6-C7-C8-H18),dihedral,0.03668190305870046,-,-0.010204005182720965,0.25266091572024935
34,1188.6086604089257,,,mixed C-H bending / ring-site C-H in-plane bending,delta(H20-C9-H21),angle,0.03620264476166727,-,-0.006211267300245517,0.6729881358363181
34,1188.6086604089257,,,mixed C-H bending / ring-site C-H in-plane bending,nu(C1-H10),bond,0.021102126001548156,-,-0.0067260275874002065,0.33453107906648005
34,1188.6086604089257,,,mixed C-H bending / ring-site C-H in-plane bending,nu(C8-H18),bond,0.01644768219188935,+,0.005953305813926463,0.3328249452823529
34,1188.6086604089257,,,mixed C-H bending / ring-site C-H in-plane bending,"gamma(H12;C1,H10,H11)",oop,0.016447054763023355,-,-0.007382749621177275,0.21641103722868646
34,1188.6086604089257,,,mixed C-H bending / ring-site C-H in-plane bending,nu(C1-H12),bond,0.011098630945327035,+,0.00483851288475092,0.33999548876067176
34,1188.6086604089257,,,mixed C-H bending / ring-site C-H in-plane bending,nu(C1-H11),bond,0.009970142349211394,-,-0.004634907487630806,0.3328486247653903
34,1188.6086604089257,,,mixed C-H bending / ring-site C-H in-plane bending,delta(C4-C5-C9),angle,0.003341858527018485,+,0.0012614423020293178,1.506193701341896
34,1188.6086604089257,,,mixed C-H bending / ring-site C-H in-plane bending,nu(C4-H13),bond,0.002665936603970303,-,-0.002330746470377323,0.351955126413533
34,1188.6086604089257,,,mixed C-H bending / ring-site C-H in-plane bending,delta(H15-C6-H16),angle,0.00200686659512706,-,-0.0019984294449946717,0.3603864154338734
34,1188.6086604089257,,,mixed C-H bending / ring-site C-H in-plane bending,tau(H12-C1-C2-C7),dihedral,0.0018727992985930328,+,0.0028142621109374286,0.16958588363924
34,1188.6086604089257,,,mixed C-H bending / ring-site C-H in-plane bending,nu(C9-H21),bond,0.0013150887760224107,-,-0.00167593644305838,0.33578982314146966
34,1188.6086604089257,,,mixed C-H bending / ring-site C-H in-plane bending,nu(C6-H16),bond,0.00109653079070849,+,0.0015054196090238945,0.3470030099281011
34,1188.6086604089257,,,mixed C-H bending / ring-site C-H in-plane bending,nu(C8-H19),bond,0.0006315847947272915,-,-0.0011640592557485418,0.3342789560628059
34,1188.6086604089257,,,mixed C-H bending / ring-site C-H in-plane bending,nu(C5-H14),bond,0.0005287583671742187,+,0.001052167559786511,0.3425429122248566
34,1188.6086604089257,,,mixed C-H bending / ring-site C-H in-plane bending,nu(C8-H17),bond,0.0005138853923485191,+,0.0010532058647263135,0.33225175462853057
34,1188.6086604089257,,,mixed C-H bending / ring-site C-H in-plane bending,nu(C9-H20),bond,0.00024646380389518256,+,0.0007305496127842445,0.3311930886360174
34,1188.6086604089257,,,mixed C-H bending / ring-site C-H in-plane bending,nu(C6-H15),bond,0.00016541913234457544,+,0.0005921319395980061,0.33835789268622185
35,1195.5786992836336,,,mixed C-C out-of-plane bending / ring-site C-H out-of-plane bending / C-H bending,"gamma(C7;C9,H20,H21)",oop,42.173493617082656,-,-0.3954802145430272,0.42595690951260695
35,1195.5786992836336,,,mixed C-C out-of-plane bending / ring-site C-H out-of-plane bending / C-H bending,delta(C7-C8-H17),angle,12.697445679559532,-,-0.20360434170133954,0.4838579761113301
35,1195.5786992836336,,,mixed C-C out-of-plane bending / ring-site C-H out-of-plane bending / C-H bending,tau(C4-C5-C9-H20),dihedral,8.884827778987281,+,0.15643420997740506,0.5735366270754743
35,1195.5786992836336,,,mixed C-C out-of-plane bending / ring-site C-H out-of-plane bending / C-H bending,tau(C2-C7-C9-H21),dihedral,8.742018637230137,-,-0.143822158966154,0.6676298268489548
35,1195.5786992836336,,,mixed C-C out-of-plane bending / ring-site C-H out-of-plane bending / C-H bending,tau(O3-C2-C7-C6),dihedral,4.678021906061354,-,-0.09363344238251264,0.8428996647092574
35,1195.5786992836336,,,mixed C-C out-of-plane bending / ring-site C-H out-of-plane bending / C-H bending,nu(C5-C9),bond,4.066143358542658,+,0.15745186683509424,0.25909716935407706
35,1195.5786992836336,,,mixed C-C out-of-plane bending / ring-site C-H out-of-plane bending / C-H bending,nu(C7-C9),bond,2.190946338052582,+,0.12086069084060735,0.23693935749874415
35,1195.5786992836336,,,mixed C-C out-of-plane bending / ring-site C-H out-of-plane bending / C-H bending,delta(C7-C8-H19),angle,2.0579920512627305,+,0.09309197970468916,0.37514120679903984
35,1195.5786992836336,,,mixed C-C out-of-plane bending / ring-site C-H out-of-plane bending / C-H bending,delta(H18-C8-H19),angle,1.9717088308169692,+,0.09362814849609119,0.35530843806641327
35,1195.5786992836336,,,mixed C-C out-of-plane bending / ring-site C-H out-of-plane bending / C-H bending,tau(C2-C4-C5-H14),dihedral,1.8186856702713237,-,-0.1430874882613466,0.1403233470126861
35,1195.5786992836336,,,mixed C-C out-of-plane bending / ring-site C-H out-of-plane bending / C-H bending,delta(O3-C2-C7),angle,1.7778296748462519,-,-0.04858143568226045,1.1899400216449423
35,1195.5786992836336,,,mixed C-C out-of-plane bending / ring-site C-H out-of-plane bending / C-H bending,"gamma(C6;C7,C2,C9)",oop,1.346186756237735,+,0.036504796909308836,1.5958095173539286
35,1195.5786992836336,,,mixed C-C out-of-plane bending / ring-site C-H out-of-plane bending / C-H bending,nu(C7-C8),bond,1.2922780247589756,-,-0.08431599320609129,0.287151870291782
35,1195.5786992836336,,,mixed C-C out-of-plane bending / ring-site C-H out-of-plane bending / C-H bending,delta(C4-C5-C9),angle,1.1073972563827288,-,-0.03407996289650052,1.506193701341896
35,1195.5786992836336,,,mixed C-C out-of-plane bending / ring-site C-H out-of-plane bending / C-H bending,delta(C7-C6-H15),angle,1.0900579645272412,+,0.07874494673164983,0.27770251683716846
35,1195.5786992836336,,,mixed C-C out-of-plane bending / ring-site C-H out-of-plane bending / C-H bending,"gamma(H14;C5,C6,C9)",oop,0.5933825991374606,+,0.06795590548396645,0.2029812906968152
35,1195.5786992836336,,,mixed C-C out-of-plane bending / ring-site C-H out-of-plane bending / C-H bending,nu(C1-C2),bond,0.5495056941439228,-,-0.05386818413296894,0.2991459555841769
35,1195.5786992836336,,,mixed C-C out-of-plane bending / ring-site C-H out-of-plane bending / C-H bending,delta(C5-C4-H13),angle,0.3339131868914656,+,0.048376899799703624,0.22538920624003742
35,1195.5786992836336,,,mixed C-C out-of-plane bending / ring-site C-H out-of-plane bending / C-H bending,"gamma(H21;C9,C5,C7)",oop,0.32488273565652903,-,-0.018727530114162817,1.4633264940362696
35,1195.5786992836336,,,mixed C-C out-of-plane bending / ring-site C-H out-of-plane bending / C-H bending,tau(H12-C1-C2-C7),dihedral,0.31079733876087223,-,-0.05380611080063727,0.16958588363924
35,1195.5786992836336,,,mixed C-C out-of-plane bending / ring-site C-H out-of-plane bending / C-H bending,"gamma(O3;C4,C5,H13)",oop,0.2811836529510118,+,0.05794156812721253,0.13230772126924695
35,1195.5786992836336,,,mixed C-C out-of-plane bending / ring-site C-H out-of-plane bending / C-H bending,delta(C2-C1-H12),angle,0.2767982057310409,-,-0.037901587280216954,0.3043855873378456
35,1195.5786992836336,,,mixed C-C out-of-plane bending / ring-site C-H out-of-plane bending / C-H bending,delta(C5-C6-H15),angle,0.25080528804596225,+,0.037643634670230214,0.27959487055579446
35,1195.5786992836336,,,mixed C-C out-of-plane bending / ring-site C-H out-of-plane bending / C-H bending,delta(C2-C1-H11),angle,0.18660160399193307,+,0.02823387628633219,0.36978557709159526
35,1195.5786992836336,,,mixed C-C out-of-plane bending / ring-site C-H out-of-plane bending / C-H bending,tau(C2-C7-C8-H19),dihedral,0.14625673637635936,+,0.028778578032964335,0.2789669960422185
35,1195.5786992836336,,,mixed C-C out-of-plane bending / ring-site C-H out-of-plane bending / C-H bending,delta(H10-C1-H11),angle,0.1323771227386854,+,0.028769542268771438,0.25265194351349923
35,1195.5786992836336,,,mixed C-C out-of-plane bending / ring-site C-H out-of-plane bending / C-H bending,nu(C2-O3),bond,0.09556985084407198,+,0.024499209369528267,0.25153149975958655
35,1195.5786992836336,,,mixed C-C out-of-plane bending / ring-site C-H out-of-plane bending / C-H bending,"gamma(H17;C8,H18,H19)",oop,0.09457432998076691,+,0.020441564839425084,0.35753668248522347
35,1195.5786992836336,,,mixed C-C out-of-plane bending / ring-site C-H out-of-plane bending / C-H bending,delta(H20-C9-H21),angle,0.0885561471269095,-,-0.014417616114662449,0.6729881358363181
35,1195.5786992836336,,,mixed C-C out-of-plane bending / ring-site C-H out-of-plane bending / C-H bending,tau(C6-C7-C8-H18),dihedral,0.06803814741896454,-,-0.020625050104866427,0.25266091572024935
35,1195.5786992836336,,,mixed C-C out-of-plane bending / ring-site C-H out-of-plane bending / C-H bending,tau(C1-C2-C7-C6),dihedral,0.05950847028291451,-,-0.018476574084034535,0.27536675168740415
35,1195.5786992836336,,,mixed C-C out-of-plane bending / ring-site C-H out-of-plane bending / C-H bending,delta(H15-C6-H16),angle,0.051849365751541907,-,-0.015075624905410067,0.3603864154338734
35,1195.5786992836336,,,mixed C-C out-of-plane bending / ring-site C-H out-of-plane bending / C-H bending,"gamma(H12;C1,H10,H11)",oop,0.04855305071736032,-,-0.018825926701951316,0.21641103722868646
35,1195.5786992836336,,,mixed C-C out-of-plane bending / ring-site C-H out-of-plane bending / C-H bending,tau(C9-C7-C8-H17),dihedral,0.0424205213740169,+,0.019709123609731125,0.1725110767453955
35,1195.5786992836336,,,mixed C-C out-of-plane bending / ring-site C-H out-of-plane bending / C-H bending,nu(C2-C4),bond,0.031772038198250134,-,-0.009668314092231626,0.5369318728370088
35,1195.5786992836336,,,mixed C-C out-of-plane bending / ring-site C-H out-of-plane bending / C-H bending,nu(C5-C6),bond,0.031186411012168094,-,-0.012391704314097439,0.3208329206887749
35,1195.5786992836336,,,mixed C-C out-of-plane bending / ring-site C-H out-of-plane bending / C-H bending,delta(O3-C4-C5),angle,0.02894727898843797,-,-0.006650320715976203,1.033946761767908
35,1195.5786992836336,,,mixed C-C out-of-plane bending / ring-site C-H out-of-plane bending / C-H bending,tau(C8-C7-C9-C5),dihedral,0.015648684782768,-,-0.008959390175827848,0.3079615894469893
35,1195.5786992836336,,,mixed C-C out-of-plane bending / ring-site C-H out-of-plane bending / C-H bending,nu(C8-H17),bond,0.010916220379464062,+,0.007204275477292095,0.33225175462853057
35,1195.5786992836336,,,mixed C-C out-of-plane bending / ring-site C-H out-of-plane bending / C-H bending,tau(H10-C1-C2-O3),dihedral,0.008313202721422299,-,-0.008648931621663828,0.17555736525640764
35,1195.5786992836336,,,mixed C-C out-of-plane bending / ring-site C-H out-of-plane bending / C-H bending,nu(C4-C5),bond,0.006701483356464762,-,-0.005936476459290316,0.30039247824764354
35,1195.5786992836336,,,mixed C-C out-of-plane bending / ring-site C-H out-of-plane bending / C-H bending,nu(C8-H19),bond,0.006469534171433499,-,-0.0055292953954309675,0.3342789560628059
35,1195.5786992836336,,,mixed C-C out-of-plane bending / ring-site C-H out-of-plane bending / C-H bending,nu(C6-C7),bond,0.006428126798759382,-,-0.005967968181435606,0.2851064531742666
35,1195.5786992836336,,,mixed C-C out-of-plane bending / ring-site C-H out-of-plane bending / C-H bending,nu(C9-H20),bond,0.005332291357770579,+,0.005043175808844898,0.3311930886360174
35,1195.5786992836336,,,mixed C-C out-of-plane bending / ring-site C-H out-of-plane bending / C-H bending,nu(C8-H18),bond,0.004822648831569807,-,-0.004784347214965242,0.3328249452823529
35,1195.5786992836336,,,mixed C-C out-of-plane bending / ring-site C-H out-of-plane bending / C-H bending,delta(C1-C2-C7),angle,0.0026018698382515165,-,-0.00342057939015228,0.35128679741124474
35,1195.5786992836336,,,mixed C-C out-of-plane bending / ring-site C-H out-of-plane bending / C-H bending,nu(C9-H21),bond,0.0025981851591961053,+,0.003496142205512847,0.33578982314146966
35,1195.5786992836336,,,mixed C-C out-of-plane bending / ring-site C-H out-of-plane bending / C-H bending,nu(O3-C4),bond,0.002020910076830746,+,0.0029176866374491586,0.375012122768873
35,1195.5786992836336,,,mixed C-C out-of-plane bending / ring-site C-H out-of-plane bending / C-H bending,nu(C2-C7),bond,0.0015721062314123662,+,0.0027897829302986894,0.31909255709522183
35,1195.5786992836336,,,mixed C-C out-of-plane bending / ring-site C-H out-of-plane bending / C-H bending,nu(C5-H14),bond,0.0014900806368700423,+,0.0026214114860011344,0.3425429122248566
35,1195.5786992836336,,,mixed C-C out-of-plane bending / ring-site C-H out-of-plane bending / C-H bending,nu(C1-H11),bond,0.0010635081364214543,-,-0.002246646948714057,0.3328486247653903
35,1195.5786992836336,,,mixed C-C out-of-plane bending / ring-site C-H out-of-plane bending / C-H bending,nu(C6-H16),bond,0.0008675933568239213,+,0.0019873725788076024,0.3470030099281011
35,1195.5786992836336,,,mixed C-C out-of-plane bending / ring-site C-H out-of-plane bending / C-H bending,nu(C6-H15),bond,0.00046154689650204753,-,-0.0014679375064004761,0.33835789268622185
35,1195.5786992836336,,,mixed C-C out-of-plane bending / ring-site C-H out-of-plane bending / C-H bending,nu(C1-H10),bond,0.00010603394622755221,-,-0.0007076068555779764,0.33453107906648005
35,1195.5786992836336,,,mixed C-C out-of-plane bending / ring-site C-H out-of-plane bending / C-H bending,delta(C5-C6-H16),angle,3.6259239943491115e-05,+,0.00041243580596662537,0.33672982370377696
35,1195.5786992836336,,,mixed C-C out-of-plane bending / ring-site C-H out-of-plane bending / C-H bending,nu(C4-H13),bond,2.002126939150489e-05,-,-0.00029977123848791307,0.351955126413533
35,1195.5786992836336,,,mixed C-C out-of-plane bending / ring-site C-H out-of-plane bending / C-H bending,nu(C1-H12),bond,1.6372071675188766e-05,-,-0.00027580557881391374,0.33999548876067176
36,1210.1766392656891,,,mixed ring-site C-H in-plane bending / mixed-phase cyclic C-C stretching / ring-site C-H out-of-plane bending,delta(C5-C6-H16),angle,18.924699291302908,-,-0.20575326779178596,0.33672982370377696
36,1210.1766392656891,,,mixed ring-site C-H in-plane bending / mixed-phase cyclic C-C stretching / ring-site C-H out-of-plane bending,nu(C5-C6),bond,11.689112471932223,+,0.16566255130949892,0.3208329206887749
36,1210.1766392656891,,,mixed ring-site C-H in-plane bending / mixed-phase cyclic C-C stretching / ring-site C-H out-of-plane bending,nu(C7-C8),bond,7.9862227044984415,-,-0.1447397849335955,0.287151870291782
36,1210.1766392656891,,,mixed ring-site C-H in-plane bending / mixed-phase cyclic C-C stretching / ring-site C-H out-of-plane bending,tau(C4-C5-C9-H20),dihedral,7.435532917079571,+,0.09882083303120445,0.5735366270754743
36,1210.1766392656891,,,mixed ring-site C-H in-plane bending / mixed-phase cyclic C-C stretching / ring-site C-H out-of-plane bending,nu(C6-C7),bond,6.1805358680020115,+,0.12778579556355893,0.2851064531742666
36,1210.1766392656891,,,mixed ring-site C-H in-plane bending / mixed-phase cyclic C-C stretching / ring-site C-H out-of-plane bending,"gamma(H21;C9,C5,C7)",oop,5.097677719473589,-,-0.05122578343141318,1.4633264940362696
36,1210.1766392656891,,,mixed ring-site C-H in-plane bending / mixed-phase cyclic C-C stretching / ring-site C-H out-of-plane bending,delta(O3-C2-C7),angle,4.514304430435741,+,0.05345716524666501,1.1899400216449423
36,1210.1766392656891,,,mixed ring-site C-H in-plane bending / mixed-phase cyclic C-C stretching / ring-site C-H out-of-plane bending,"gamma(C7;C9,H20,H21)",oop,4.443348352241683,-,-0.08864319209114377,0.42595690951260695
36,1210.1766392656891,,,mixed ring-site C-H in-plane bending / mixed-phase cyclic C-C stretching / ring-site C-H out-of-plane bending,delta(C7-C6-H15),angle,3.8884357493295525,+,0.10270003579338467,0.27770251683716846
36,1210.1766392656891,,,mixed ring-site C-H in-plane bending / mixed-phase cyclic C-C stretching / ring-site C-H out-of-plane bending,delta(C5-C4-H13),angle,3.7339901246380687,+,0.1117102605352678,0.22538920624003742
36,1210.1766392656891,,,mixed ring-site C-H in-plane bending / mixed-phase cyclic C-C stretching / ring-site C-H out-of-plane bending,tau(C2-C4-C5-H14),dihedral,3.038923920928963,+,0.12772266906980895,0.1403233470126861
36,1210.1766392656891,,,mixed ring-site C-H in-plane bending / mixed-phase cyclic C-C stretching / ring-site C-H out-of-plane bending,"gamma(H17;C8,H18,H19)",oop,2.8086418183181263,-,-0.0769238327782449,0.35753668248522347
36,1210.1766392656891,,,mixed ring-site C-H in-plane bending / mixed-phase cyclic C-C stretching / ring-site C-H out-of-plane bending,tau(C2-C7-C9-H21),dihedral,2.7276114997582335,-,-0.05547488750104146,0.6676298268489548
36,1210.1766392656891,,,mixed ring-site C-H in-plane bending / mixed-phase cyclic C-C stretching / ring-site C-H out-of-plane bending,"gamma(C6;C7,C2,C9)",oop,2.6187382617143315,-,-0.03515835610384193,1.5958095173539286
36,1210.1766392656891,,,mixed ring-site C-H in-plane bending / mixed-phase cyclic C-C stretching / ring-site C-H out-of-plane bending,delta(C5-C6-H15),angle,2.5844772755048977,-,-0.08344393928116346,0.27959487055579446
36,1210.1766392656891,,,mixed ring-site C-H in-plane bending / mixed-phase cyclic C-C stretching / ring-site C-H out-of-plane bending,delta(C7-C8-H17),angle,2.2948836445963146,+,0.05977153681823363,0.4838579761113301
36,1210.1766392656891,,,mixed ring-site C-H in-plane bending / mixed-phase cyclic C-C stretching / ring-site C-H out-of-plane bending,tau(C8-C7-C9-C5),dihedral,1.4844052105310253,+,0.06025609708483067,0.3079615894469893
36,1210.1766392656891,,,mixed ring-site C-H in-plane bending / mixed-phase cyclic C-C stretching / ring-site C-H out-of-plane bending,delta(O3-C4-C5),angle,1.1555402962130488,+,0.02901459400644965,1.033946761767908
36,1210.1766392656891,,,mixed ring-site C-H in-plane bending / mixed-phase cyclic C-C stretching / ring-site C-H out-of-plane bending,nu(C4-C5),bond,1.1353928626954408,-,-0.053358251807860906,0.30039247824764354
36,1210.1766392656891,,,mixed ring-site C-H in-plane bending / mixed-phase cyclic C-C stretching / ring-site C-H out-of-plane bending,nu(O3-C4),bond,0.8229273631021392,+,0.04065660752113084,0.375012122768873
36,1210.1766392656891,,,mixed ring-site C-H in-plane bending / mixed-phase cyclic C-C stretching / ring-site C-H out-of-plane bending,delta(C7-C8-H19),angle,0.7820851876415738,+,0.039628048326994056,0.37514120679903984
36,1210.1766392656891,,,mixed ring-site C-H in-plane bending / mixed-phase cyclic C-C stretching / ring-site C-H out-of-plane bending,nu(C2-C4),bond,0.7055776426574777,+,0.03146196563050153,0.5369318728370088
36,1210.1766392656891,,,mixed ring-site C-H in-plane bending / mixed-phase cyclic C-C stretching / ring-site C-H out-of-plane bending,delta(C1-C2-C7),angle,0.6997240102506266,-,-0.03873517421454314,0.35128679741124474
36,1210.1766392656891,,,mixed ring-site C-H in-plane bending / mixed-phase cyclic C-C stretching / ring-site C-H out-of-plane bending,delta(H20-C9-H21),angle,0.6504077334237922,-,-0.02698125729377136,0.6729881358363181
36,1210.1766392656891,,,mixed ring-site C-H in-plane bending / mixed-phase cyclic C-C stretching / ring-site C-H out-of-plane bending,tau(C2-C7-C8-H19),dihedral,0.5136383636961728,-,-0.03724134462966885,0.2789669960422185
36,1210.1766392656891,,,mixed ring-site C-H in-plane bending / mixed-phase cyclic C-C stretching / ring-site C-H out-of-plane bending,"gamma(O3;C4,C5,H13)",oop,0.38243175974595595,+,0.04666136297305873,0.13230772126924695
36,1210.1766392656891,,,mixed ring-site C-H in-plane bending / mixed-phase cyclic C-C stretching / ring-site C-H out-of-plane bending,nu(C5-C9),bond,0.33072633555647457,+,0.03100816701256248,0.25909716935407706
36,1210.1766392656891,,,mixed ring-site C-H in-plane bending / mixed-phase cyclic C-C stretching / ring-site C-H out-of-plane bending,nu(C2-O3),bond,0.2573802271886365,+,0.027762875083148883,0.25153149975958655
36,1210.1766392656891,,,mixed ring-site C-H in-plane bending / mixed-phase cyclic C-C stretching / ring-site C-H out-of-plane bending,tau(C1-C2-C7-C6),dihedral,0.17958508336752776,+,0.02216421828989481,0.27536675168740415
36,1210.1766392656891,,,mixed ring-site C-H in-plane bending / mixed-phase cyclic C-C stretching / ring-site C-H out-of-plane bending,tau(O3-C2-C7-C6),dihedral,0.16445237044232552,+,0.012122862172824057,0.8428996647092574
36,1210.1766392656891,,,mixed ring-site C-H in-plane bending / mixed-phase cyclic C-C stretching / ring-site C-H out-of-plane bending,delta(H18-C8-H19),angle,0.1148311701823552,-,-0.015602714928764925,0.35530843806641327
36,1210.1766392656891,,,mixed ring-site C-H in-plane bending / mixed-phase cyclic C-C stretching / ring-site C-H out-of-plane bending,delta(C2-C1-H12),angle,0.10321811582954084,+,0.015982288295682916,0.3043855873378456
36,1210.1766392656891,,,mixed ring-site C-H in-plane bending / mixed-phase cyclic C-C stretching / ring-site C-H out-of-plane bending,delta(H15-C6-H16),angle,0.08235846177765498,-,-0.013120275258750704,0.3603864154338734
36,1210.1766392656891,,,mixed ring-site C-H in-plane bending / mixed-phase cyclic C-C stretching / ring-site C-H out-of-plane bending,nu(C2-C7),bond,0.0670531564423231,-,-0.012581265154225908,0.31909255709522183
36,1210.1766392656891,,,mixed ring-site C-H in-plane bending / mixed-phase cyclic C-C stretching / ring-site C-H out-of-plane bending,tau(C9-C7-C8-H17),dihedral,0.06329422982464895,+,0.01662442397093879,0.1725110767453955
36,1210.1766392656891,,,mixed ring-site C-H in-plane bending / mixed-phase cyclic C-C stretching / ring-site C-H out-of-plane bending,delta(C2-C1-H11),angle,0.05328029253920147,+,0.010417928092551413,0.36978557709159526
36,1210.1766392656891,,,mixed ring-site C-H in-plane bending / mixed-phase cyclic C-C stretching / ring-site C-H out-of-plane bending,nu(C7-C9),bond,0.046250883858473396,-,-0.012125913176112793,0.23693935749874415
36,1210.1766392656891,,,mixed ring-site C-H in-plane bending / mixed-phase cyclic C-C stretching / ring-site C-H out-of-plane bending,tau(C6-C7-C8-H18),dihedral,0.040386982018836684,-,-0.01097298301187587,0.25266091572024935
36,1210.1766392656891,,,mixed ring-site C-H in-plane bending / mixed-phase cyclic C-C stretching / ring-site C-H out-of-plane bending,delta(C4-C5-C9),angle,0.03865315994579935,-,-0.0043966827305820955,1.506193701341896
36,1210.1766392656891,,,mixed ring-site C-H in-plane bending / mixed-phase cyclic C-C stretching / ring-site C-H out-of-plane bending,nu(C1-C2),bond,0.030573712430805287,+,0.008774160201147694,0.2991459555841769
36,1210.1766392656891,,,mixed ring-site C-H in-plane bending / mixed-phase cyclic C-C stretching / ring-site C-H out-of-plane bending,tau(H12-C1-C2-C7),dihedral,0.02694202074363869,+,0.010939394215284946,0.16958588363924
36,1210.1766392656891,,,mixed ring-site C-H in-plane bending / mixed-phase cyclic C-C stretching / ring-site C-H out-of-plane bending,delta(H10-C1-H11),angle,0.02612323011655837,-,-0.00882521217756612,0.25265194351349923
36,1210.1766392656891,,,mixed ring-site C-H in-plane bending / mixed-phase cyclic C-C stretching / ring-site C-H out-of-plane bending,nu(C8-H17),bond,0.017405346352246675,-,-0.0062817512169381085,0.33225175462853057
36,1210.1766392656891,,,mixed ring-site C-H in-plane bending / mixed-phase cyclic C-C stretching / ring-site C-H out-of-plane bending,"gamma(H12;C1,H10,H11)",oop,0.013006723791535306,+,0.0067284850969941325,0.21641103722868646
36,1210.1766392656891,,,mixed ring-site C-H in-plane bending / mixed-phase cyclic C-C stretching / ring-site C-H out-of-plane bending,nu(C8-H19),bond,0.010198559349104602,-,-0.004793888563362938,0.3342789560628059
36,1210.1766392656891,,,mixed ring-site C-H in-plane bending / mixed-phase cyclic C-C stretching / ring-site C-H out-of-plane bending,tau(H10-C1-C2-O3),dihedral,0.007142117586196122,-,-0.0055357569001718105,0.17555736525640764
36,1210.1766392656891,,,mixed ring-site C-H in-plane bending / mixed-phase cyclic C-C stretching / ring-site C-H out-of-plane bending,nu(C6-H16),bond,0.0066129236867545635,+,0.0037888130254408315,0.3470030099281011
36,1210.1766392656891,,,mixed ring-site C-H in-plane bending / mixed-phase cyclic C-C stretching / ring-site C-H out-of-plane bending,nu(C6-H15),bond,0.005032721062586793,+,0.003347235845127056,0.33835789268622185
36,1210.1766392656891,,,mixed ring-site C-H in-plane bending / mixed-phase cyclic C-C stretching / ring-site C-H out-of-plane bending,nu(C8-H18),bond,0.004750023708052735,+,0.003278785404929059,0.3328249452823529
36,1210.1766392656891,,,mixed ring-site C-H in-plane bending / mixed-phase cyclic C-C stretching / ring-site C-H out-of-plane bending,nu(C5-H14),bond,0.0044237223885646906,+,0.003118957657279891,0.3425429122248566
36,1210.1766392656891,,,mixed ring-site C-H in-plane bending / mixed-phase cyclic C-C stretching / ring-site C-H out-of-plane bending,nu(C9-H20),bond,0.0036053993123875776,+,0.0028635784954962936,0.3311930886360174
36,1210.1766392656891,,,mixed ring-site C-H in-plane bending / mixed-phase cyclic C-C stretching / ring-site C-H out-of-plane bending,nu(C1-H10),bond,0.0017179752649224438,+,0.0019668138454173203,0.33453107906648005
36,1210.1766392656891,,,mixed ring-site C-H in-plane bending / mixed-phase cyclic C-C stretching / ring-site C-H out-of-plane bending,"gamma(H14;C5,C6,C9)",oop,0.0008728176207055024,-,-0.0017997276419910273,0.2029812906968152
36,1210.1766392656891,,,mixed ring-site C-H in-plane bending / mixed-phase cyclic C-C stretching / ring-site C-H out-of-plane bending,nu(C1-H12),bond,0.00039224946461829447,-,-0.0009322183375988733,0.33999548876067176
36,1210.1766392656891,,,mixed ring-site C-H in-plane bending / mixed-phase cyclic C-C stretching / ring-site C-H out-of-plane bending,nu(C4-H13),bond,0.0002773887081454253,-,-0.0007705020180884479,0.351955126413533
36,1210.1766392656891,,,mixed ring-site C-H in-plane bending / mixed-phase cyclic C-C stretching / ring-site C-H out-of-plane bending,nu(C1-H11),bond,0.00018392056904407595,+,0.000645156098265175,0.3328486247653903
36,1210.1766392656891,,,mixed ring-site C-H in-plane bending / mixed-phase cyclic C-C stretching / ring-site C-H out-of-plane bending,nu(C9-H21),bond,2.1991584330210864e-06,-,-7.023725552336812e-05,0.33578982314146966
37,1228.6615581170574,,,mixed ring-site C-H out-of-plane bending / C-C out-of-plane bending,"gamma(C7;C9,H20,H21)",oop,34.22510875339871,+,0.363541823328823,0.42595690951260695
37,1228.6615581170574,,,mixed ring-site C-H out-of-plane bending / C-C out-of-plane bending,tau(C4-C5-C9-H20),dihedral,23.635004960681627,-,-0.26035268823584606,0.5735366270754743
37,1228.6615581170574,,,mixed ring-site C-H out-of-plane bending / C-C out-of-plane bending,tau(C2-C7-C9-H21),dihedral,7.935085146639154,+,0.13982110388811161,0.6676298268489548
37,1228.6615581170574,,,mixed ring-site C-H out-of-plane bending / C-C out-of-plane bending,tau(C2-C4-C5-H14),dihedral,7.858644979565191,-,-0.30351046051807246,0.1403233470126861
37,1228.6615581170574,,,mixed ring-site C-H out-of-plane bending / C-C out-of-plane bending,delta(C7-C6-H15),angle,4.561949396134658,+,0.16438043304145716,0.27770251683716846
37,1228.6615581170574,,,mixed ring-site C-H out-of-plane bending / C-C out-of-plane bending,delta(C5-C6-H16),angle,3.2314626660989574,-,-0.12563874114233115,0.33672982370377696
37,1228.6615581170574,,,mixed ring-site C-H out-of-plane bending / C-C out-of-plane bending,nu(C7-C9),bond,2.7601131216846384,+,0.13842343878543786,0.23693935749874415
37,1228.6615581170574,,,mixed ring-site C-H out-of-plane bending / C-C out-of-plane bending,"gamma(H21;C9,C5,C7)",oop,2.6312901982068504,-,-0.05438492731919694,1.4633264940362696
37,1228.6615581170574,,,mixed ring-site C-H out-of-plane bending / C-C out-of-plane bending,delta(C7-C8-H19),angle,2.0426620637392316,+,0.09463802586778372,0.37514120679903984
37,1228.6615581170574,,,mixed ring-site C-H out-of-plane bending / C-C out-of-plane bending,"gamma(H14;C5,C6,C9)",oop,1.7564961167939817,+,0.11930547893810613,0.2029812906968152
37,1228.6615581170574,,,mixed ring-site C-H out-of-plane bending / C-C out-of-plane bending,nu(C2-C7),bond,1.428068852011046,-,-0.08579876420757879,0.31909255709522183
37,1228.6615581170574,,,mixed ring-site C-H out-of-plane bending / C-C out-of-plane bending,delta(O3-C4-C5),angle,1.180027931133727,-,-0.04332732244841307,1.033946761767908
37,1228.6615581170574,,,mixed ring-site C-H out-of-plane bending / C-C out-of-plane bending,delta(C5-C4-H13),angle,0.8636789830775019,-,-0.0793915745151315,0.22538920624003742
37,1228.6615581170574,,,mixed ring-site C-H out-of-plane bending / C-C out-of-plane bending,"gamma(C6;C7,C2,C9)",oop,0.7419585420185262,+,0.027654390461448523,1.5958095173539286
37,1228.6615581170574,,,mixed ring-site C-H out-of-plane bending / C-C out-of-plane bending,tau(C8-C7-C9-C5),dihedral,0.7025517652947663,+,0.06125699449457574,0.3079615894469893
37,1228.6615581170574,,,mixed ring-site C-H out-of-plane bending / C-C out-of-plane bending,delta(C7-C8-H17),angle,0.6464289145069239,-,-0.046877693062295105,0.4838579761113301
37,1228.6615581170574,,,mixed ring-site C-H out-of-plane bending / C-C out-of-plane bending,nu(C2-C4),bond,0.6313011600793805,+,0.04397678715450908,0.5369318728370088
37,1228.6615581170574,,,mixed ring-site C-H out-of-plane bending / C-C out-of-plane bending,delta(C5-C6-H15),angle,0.6212358405779966,-,-0.060454474190871556,0.27959487055579446
37,1228.6615581170574,,,mixed ring-site C-H out-of-plane bending / C-C out-of-plane bending,delta(C2-C1-H12),angle,0.3361516401627085,+,0.04262067968915458,0.3043855873378456
37,1228.6615581170574,,,mixed ring-site C-H out-of-plane bending / C-C out-of-plane bending,nu(C7-C8),bond,0.3261824724694748,-,-0.043225425982102876,0.287151870291782
37,1228.6615581170574,,,mixed ring-site C-H out-of-plane bending / C-C out-of-plane bending,nu(C5-C9),bond,0.2771130885359763,+,0.041943240588416725,0.25909716935407706
37,1228.6615581170574,,,mixed ring-site C-H out-of-plane bending / C-C out-of-plane bending,delta(C2-C1-H11),angle,0.26363920822419545,-,-0.034244813993488145,0.36978557709159526
37,1228.6615581170574,,,mixed ring-site C-H out-of-plane bending / C-C out-of-plane bending,delta(H18-C8-H19),angle,0.19431267658522516,+,0.02999249551957953,0.35530843806641327
37,1228.6615581170574,,,mixed ring-site C-H out-of-plane bending / C-C out-of-plane bending,nu(C2-O3),bond,0.17044732035571794,+,0.033385946660533225,0.25153149975958655
37,1228.6615581170574,,,mixed ring-site C-H out-of-plane bending / C-C out-of-plane bending,"gamma(O3;C4,C5,H13)",oop,0.13183947455054754,+,0.040485073611112206,0.13230772126924695
37,1228.6615581170574,,,mixed ring-site C-H out-of-plane bending / C-C out-of-plane bending,nu(O3-C4),bond,0.11720424579236555,+,0.022673252004955093,0.375012122768873
37,1228.6615581170574,,,mixed ring-site C-H out-of-plane bending / C-C out-of-plane bending,nu(C5-C6),bond,0.10838086680491799,-,-0.023572282865586075,0.3208329206887749
37,1228.6615581170574,,,mixed ring-site C-H out-of-plane bending / C-C out-of-plane bending,tau(O3-C2-C7-C6),dihedral,0.10619472614049125,-,-0.014395552259398323,0.8428996647092574
37,1228.6615581170574,,,mixed ring-site C-H out-of-plane bending / C-C out-of-plane bending,nu(C6-C7),bond,0.10604763338976747,+,0.024734991371358518,0.2851064531742666
37,1228.6615581170574,,,mixed ring-site C-H out-of-plane bending / C-C out-of-plane bending,delta(O3-C2-C7),angle,0.07945682057311519,+,0.010480158528772059,1.1899400216449423
37,1228.6615581170574,,,mixed ring-site C-H out-of-plane bending / C-C out-of-plane bending,delta(H10-C1-H11),angle,0.07816770952841426,-,-0.022558860979947724,0.25265194351349923
37,1228.6615581170574,,,mixed ring-site C-H out-of-plane bending / C-C out-of-plane bending,tau(C1-C2-C7-C6),dihedral,0.05619114873528174,-,-0.018320739555483332,0.27536675168740415
37,1228.6615581170574,,,mixed ring-site C-H out-of-plane bending / C-C out-of-plane bending,tau(H10-C1-C2-O3),dihedral,0.03291716197233103,+,0.017561696256104237,0.17555736525640764
37,1228.6615581170574,,,mixed ring-site C-H out-of-plane bending / C-C out-of-plane bending,tau(C6-C7-C8-H18),dihedral,0.03187645160982958,-,-0.01440558001235484,0.25266091572024935
37,1228.6615581170574,,,mixed ring-site C-H out-of-plane bending / C-C out-of-plane bending,"gamma(H17;C8,H18,H19)",oop,0.029145476330702885,+,0.01157950706532901,0.35753668248522347
37,1228.6615581170574,,,mixed ring-site C-H out-of-plane bending / C-C out-of-plane bending,"gamma(H12;C1,H10,H11)",oop,0.02868480111343329,-,-0.01476559712344463,0.21641103722868646
37,1228.6615581170574,,,mixed ring-site C-H out-of-plane bending / C-C out-of-plane bending,tau(H12-C1-C2-C7),dihedral,0.01993925850677959,-,-0.013906711622766837,0.16958588363924
37,1228.6615581170574,,,mixed ring-site C-H out-of-plane bending / C-C out-of-plane bending,delta(C1-C2-C7),angle,0.01287309230465978,+,0.0077638176075570916,0.35128679741124474
37,1228.6615581170574,,,mixed ring-site C-H out-of-plane bending / C-C out-of-plane bending,nu(C1-C2),bond,0.009323216499917015,-,-0.007159886094292047,0.2991459555841769
37,1228.6615581170574,,,mixed ring-site C-H out-of-plane bending / C-C out-of-plane bending,delta(H15-C6-H16),angle,0.007968770071264708,-,-0.006030818220857401,0.3603864154338734
37,1228.6615581170574,,,mixed ring-site C-H out-of-plane bending / C-C out-of-plane bending,nu(C8-H19),bond,0.005233103072506814,-,-0.005074461036027191,0.3342789560628059
37,1228.6615581170574,,,mixed ring-site C-H out-of-plane bending / C-C out-of-plane bending,delta(C4-C5-C9),angle,0.0047603229748154246,-,-0.0022800406634283722,1.506193701341896
37,1228.6615581170574,,,mixed ring-site C-H out-of-plane bending / C-C out-of-plane bending,nu(C9-H20),bond,0.002249069043529043,+,0.003342147075467962,0.3311930886360174
37,1228.6615581170574,,,mixed ring-site C-H out-of-plane bending / C-C out-of-plane bending,nu(C8-H17),bond,0.002043913306109318,+,0.003180990633196366,0.33225175462853057
37,1228.6615581170574,,,mixed ring-site C-H out-of-plane bending / C-C out-of-plane bending,nu(C1-H12),bond,0.0017095108462219422,-,-0.0028758362210599578,0.33999548876067176
37,1228.6615581170574,,,mixed ring-site C-H out-of-plane bending / C-C out-of-plane bending,nu(C4-H13),bond,0.0016259101396254214,+,0.002756572494782844,0.351955126413533
37,1228.6615581170574,,,mixed ring-site C-H out-of-plane bending / C-C out-of-plane bending,nu(C6-H15),bond,0.001456652281499077,-,-0.0026610595125173327,0.33835789268622185
37,1228.6615581170574,,,mixed ring-site C-H out-of-plane bending / C-C out-of-plane bending,nu(C4-C5),bond,0.0010257722769910712,+,0.0023699858232333003,0.30039247824764354
37,1228.6615581170574,,,mixed ring-site C-H out-of-plane bending / C-C out-of-plane bending,nu(C9-H21),bond,0.0009482161058942595,+,0.0021551856929763985,0.33578982314146966
37,1228.6615581170574,,,mixed ring-site C-H out-of-plane bending / C-C out-of-plane bending,nu(C8-H18),bond,0.0007407284939199437,+,0.0019133146079157509,0.3328249452823529
37,1228.6615581170574,,,mixed ring-site C-H out-of-plane bending / C-C out-of-plane bending,tau(C2-C7-C8-H19),dihedral,0.0003717880557271378,+,0.0014805943918441158,0.2789669960422185
37,1228.6615581170574,,,mixed ring-site C-H out-of-plane bending / C-C out-of-plane bending,nu(C1-H11),bond,0.00034503044310058907,+,0.0013057803259706768,0.3328486247653903
37,1228.6615581170574,,,mixed ring-site C-H out-of-plane bending / C-C out-of-plane bending,nu(C6-H16),bond,0.0001266949193365399,+,0.0007749573026014459,0.3470030099281011
37,1228.6615581170574,,,mixed ring-site C-H out-of-plane bending / C-C out-of-plane bending,nu(C1-H10),bond,0.00011747762843956342,+,0.0007600184688675037,0.33453107906648005
37,1228.6615581170574,,,mixed ring-site C-H out-of-plane bending / C-C out-of-plane bending,tau(C9-C7-C8-H17),dihedral,7.975414815073228e-05,-,-0.0008720330476003151,0.1725110767453955
37,1228.6615581170574,,,mixed ring-site C-H out-of-plane bending / C-C out-of-plane bending,nu(C5-H14),bond,2.366308628412171e-05,+,0.0003370877709034609,0.3425429122248566
37,1228.6615581170574,,,mixed ring-site C-H out-of-plane bending / C-C out-of-plane bending,delta(H20-C9-H21),angle,1.5741277874570397e-05,+,0.00019614673574016122,0.6729881358363181
38,1251.7890530005302,,,mixed mixed-phase cyclic C-C stretching / ring-site C-H out-of-plane bending / ring-site C-H in-plane bending,delta(C5-C6-H16),angle,15.149720964474824,+,0.19513250493216602,0.33672982370377696
38,1251.7890530005302,,,mixed mixed-phase cyclic C-C stretching / ring-site C-H out-of-plane bending / ring-site C-H in-plane bending,nu(C2-C7),bond,11.41053361336654,-,-0.17396534168317657,0.31909255709522183
38,1251.7890530005302,,,mixed mixed-phase cyclic C-C stretching / ring-site C-H out-of-plane bending / ring-site C-H in-plane bending,"gamma(H21;C9,C5,C7)",oop,11.292288458260762,-,-0.08081434514957626,1.4633264940362696
38,1251.7890530005302,,,mixed mixed-phase cyclic C-C stretching / ring-site C-H out-of-plane bending / ring-site C-H in-plane bending,nu(C6-C7),bond,11.068932211005217,+,0.1812664520783516,0.2851064531742666
38,1251.7890530005302,,,mixed mixed-phase cyclic C-C stretching / ring-site C-H out-of-plane bending / ring-site C-H in-plane bending,tau(C2-C4-C5-H14),dihedral,9.277103743315227,+,0.2365425821368321,0.1403233470126861
38,1251.7890530005302,,,mixed mixed-phase cyclic C-C stretching / ring-site C-H out-of-plane bending / ring-site C-H in-plane bending,delta(C7-C8-H19),angle,7.083330836026283,+,0.12641234039208282,0.37514120679903984
38,1251.7890530005302,,,mixed mixed-phase cyclic C-C stretching / ring-site C-H out-of-plane bending / ring-site C-H in-plane bending,tau(C4-C5-C9-H20),dihedral,4.785563959996279,-,-0.08403381451659031,0.5735366270754743
38,1251.7890530005302,,,mixed mixed-phase cyclic C-C stretching / ring-site C-H out-of-plane bending / ring-site C-H in-plane bending,nu(C2-C4),bond,3.493395016959457,+,0.07420485998802563,0.5369318728370088
38,1251.7890530005302,,,mixed mixed-phase cyclic C-C stretching / ring-site C-H out-of-plane bending / ring-site C-H in-plane bending,delta(C4-C5-C9),angle,3.0776373069934944,+,0.04158497067609308,1.506193701341896
38,1251.7890530005302,,,mixed mixed-phase cyclic C-C stretching / ring-site C-H out-of-plane bending / ring-site C-H in-plane bending,delta(O3-C2-C7),angle,3.0377406357096577,+,0.046481582319927765,1.1899400216449423
38,1251.7890530005302,,,mixed mixed-phase cyclic C-C stretching / ring-site C-H out-of-plane bending / ring-site C-H in-plane bending,delta(C2-C1-H12),angle,2.8445123676866544,+,0.08893239024335202,0.3043855873378456
38,1251.7890530005302,,,mixed mixed-phase cyclic C-C stretching / ring-site C-H out-of-plane bending / ring-site C-H in-plane bending,tau(C8-C7-C9-C5),dihedral,2.4477203830044503,+,0.08201640332301649,0.3079615894469893
38,1251.7890530005302,,,mixed mixed-phase cyclic C-C stretching / ring-site C-H out-of-plane bending / ring-site C-H in-plane bending,delta(C5-C6-H15),angle,2.3927204197609173,+,0.08510390190543547,0.27959487055579446
38,1251.7890530005302,,,mixed mixed-phase cyclic C-C stretching / ring-site C-H out-of-plane bending / ring-site C-H in-plane bending,nu(C5-C9),bond,1.7618884741375644,-,-0.07586229332172224,0.25909716935407706
38,1251.7890530005302,,,mixed mixed-phase cyclic C-C stretching / ring-site C-H out-of-plane bending / ring-site C-H in-plane bending,delta(C5-C4-H13),angle,1.186613535990383,-,-0.06675075561241611,0.22538920624003742
38,1251.7890530005302,,,mixed mixed-phase cyclic C-C stretching / ring-site C-H out-of-plane bending / ring-site C-H in-plane bending,delta(H10-C1-H11),angle,1.0175098210868019,-,-0.05838161134137367,0.25265194351349923
38,1251.7890530005302,,,mixed mixed-phase cyclic C-C stretching / ring-site C-H out-of-plane bending / ring-site C-H in-plane bending,nu(O3-C4),bond,0.894705196397501,+,0.044935069787667634,0.375012122768873
38,1251.7890530005302,,,mixed mixed-phase cyclic C-C stretching / ring-site C-H out-of-plane bending / ring-site C-H in-plane bending,"gamma(C6;C7,C2,C9)",oop,0.8347694401346933,+,0.021040731754709704,1.5958095173539286
38,1251.7890530005302,,,mixed mixed-phase cyclic C-C stretching / ring-site C-H out-of-plane bending / ring-site C-H in-plane bending,nu(C2-O3),bond,0.7815369417135015,+,0.051279839781856254,0.25153149975958655
38,1251.7890530005302,,,mixed mixed-phase cyclic C-C stretching / ring-site C-H out-of-plane bending / ring-site C-H in-plane bending,tau(O3-C2-C7-C6),dihedral,0.7232677722880804,-,-0.026948196824159623,0.8428996647092574
38,1251.7890530005302,,,mixed mixed-phase cyclic C-C stretching / ring-site C-H out-of-plane bending / ring-site C-H in-plane bending,"gamma(C7;C9,H20,H21)",oop,0.6986080054905538,+,0.03725649880907083,0.42595690951260695
38,1251.7890530005302,,,mixed mixed-phase cyclic C-C stretching / ring-site C-H out-of-plane bending / ring-site C-H in-plane bending,"gamma(H14;C5,C6,C9)",oop,0.6435114055741884,+,0.051798622878665566,0.2029812906968152
38,1251.7890530005302,,,mixed mixed-phase cyclic C-C stretching / ring-site C-H out-of-plane bending / ring-site C-H in-plane bending,delta(C2-C1-H11),angle,0.5970147641676615,-,-0.036964568918298614,0.36978557709159526
38,1251.7890530005302,,,mixed mixed-phase cyclic C-C stretching / ring-site C-H out-of-plane bending / ring-site C-H in-plane bending,nu(C7-C9),bond,0.5662870083752674,+,0.04497464977605099,0.23693935749874415
38,1251.7890530005302,,,mixed mixed-phase cyclic C-C stretching / ring-site C-H out-of-plane bending / ring-site C-H in-plane bending,nu(C1-C2),bond,0.5167131081428702,+,0.03823413470557227,0.2991459555841769
38,1251.7890530005302,,,mixed mixed-phase cyclic C-C stretching / ring-site C-H out-of-plane bending / ring-site C-H in-plane bending,tau(C2-C7-C9-H21),dihedral,0.437919906581744,-,-0.023561209042873222,0.6676298268489548
38,1251.7890530005302,,,mixed mixed-phase cyclic C-C stretching / ring-site C-H out-of-plane bending / ring-site C-H in-plane bending,tau(C1-C2-C7-C6),dihedral,0.4321190851520849,-,-0.03644299550184637,0.27536675168740415
38,1251.7890530005302,,,mixed mixed-phase cyclic C-C stretching / ring-site C-H out-of-plane bending / ring-site C-H in-plane bending,delta(C7-C8-H17),angle,0.36205167667037824,-,-0.025164854486846844,0.4838579761113301
38,1251.7890530005302,,,mixed mixed-phase cyclic C-C stretching / ring-site C-H out-of-plane bending / ring-site C-H in-plane bending,nu(C7-C8),bond,0.3106324168246242,-,-0.03025768221910109,0.287151870291782
38,1251.7890530005302,,,mixed mixed-phase cyclic C-C stretching / ring-site C-H out-of-plane bending / ring-site C-H in-plane bending,tau(H10-C1-C2-O3),dihedral,0.1722116184991056,+,0.02881308704344927,0.17555736525640764
38,1251.7890530005302,,,mixed mixed-phase cyclic C-C stretching / ring-site C-H out-of-plane bending / ring-site C-H in-plane bending,delta(H15-C6-H16),angle,0.11676208726073421,+,0.016559026955655504,0.3603864154338734
38,1251.7890530005302,,,mixed mixed-phase cyclic C-C stretching / ring-site C-H out-of-plane bending / ring-site C-H in-plane bending,delta(H18-C8-H19),angle,0.10177411347963336,+,0.015569834545406452,0.35530843806641327
38,1251.7890530005302,,,mixed mixed-phase cyclic C-C stretching / ring-site C-H out-of-plane bending / ring-site C-H in-plane bending,nu(C5-C6),bond,0.09405377985616635,+,0.01575131289299548,0.3208329206887749
38,1251.7890530005302,,,mixed mixed-phase cyclic C-C stretching / ring-site C-H out-of-plane bending / ring-site C-H in-plane bending,delta(C1-C2-C7),angle,0.08696985868933527,+,0.014475099661324611,0.35128679741124474
38,1251.7890530005302,,,mixed mixed-phase cyclic C-C stretching / ring-site C-H out-of-plane bending / ring-site C-H in-plane bending,"gamma(O3;C4,C5,H13)",oop,0.06167587572665999,-,-0.019862465767984006,0.13230772126924695
38,1251.7890530005302,,,mixed mixed-phase cyclic C-C stretching / ring-site C-H out-of-plane bending / ring-site C-H in-plane bending,"gamma(H17;C8,H18,H19)",oop,0.05563255258754127,+,0.011475517635768494,0.35753668248522347
38,1251.7890530005302,,,mixed mixed-phase cyclic C-C stretching / ring-site C-H out-of-plane bending / ring-site C-H in-plane bending,tau(C2-C7-C8-H19),dihedral,0.037206643761662085,-,-0.01062433923630161,0.2789669960422185
38,1251.7890530005302,,,mixed mixed-phase cyclic C-C stretching / ring-site C-H out-of-plane bending / ring-site C-H in-plane bending,tau(C9-C7-C8-H17),dihedral,0.03459308052650919,+,0.013027294173303465,0.1725110767453955
38,1251.7890530005302,,,mixed mixed-phase cyclic C-C stretching / ring-site C-H out-of-plane bending / ring-site C-H in-plane bending,nu(C8-H19),bond,0.02002907118242759,-,-0.007121049105842545,0.3342789560628059
38,1251.7890530005302,,,mixed mixed-phase cyclic C-C stretching / ring-site C-H out-of-plane bending / ring-site C-H in-plane bending,tau(C6-C7-C8-H18),dihedral,0.018930081399166996,-,-0.007962974079095636,0.25266091572024935
38,1251.7890530005302,,,mixed mixed-phase cyclic C-C stretching / ring-site C-H out-of-plane bending / ring-site C-H in-plane bending,nu(C8-H18),bond,0.013246948050671645,+,0.005803875345466345,0.3328249452823529
38,1251.7890530005302,,,mixed mixed-phase cyclic C-C stretching / ring-site C-H out-of-plane bending / ring-site C-H in-plane bending,nu(C4-C5),bond,0.009797738930574855,-,-0.0052539568159802605,0.30039247824764354
38,1251.7890530005302,,,mixed mixed-phase cyclic C-C stretching / ring-site C-H out-of-plane bending / ring-site C-H in-plane bending,delta(C7-C6-H15),angle,0.0079012844780039,-,-0.004907124034497352,0.27770251683716846
38,1251.7890530005302,,,mixed mixed-phase cyclic C-C stretching / ring-site C-H out-of-plane bending / ring-site C-H in-plane bending,"gamma(H12;C1,H10,H11)",oop,0.007691070153654687,-,-0.005484307247935986,0.21641103722868646
38,1251.7890530005302,,,mixed mixed-phase cyclic C-C stretching / ring-site C-H out-of-plane bending / ring-site C-H in-plane bending,nu(C1-H12),bond,0.007550013213605449,-,-0.00433516241482745,0.33999548876067176
38,1251.7890530005302,,,mixed mixed-phase cyclic C-C stretching / ring-site C-H out-of-plane bending / ring-site C-H in-plane bending,delta(O3-C4-C5),angle,0.0075176193275110475,+,0.0024806138875030576,1.033946761767908
38,1251.7890530005302,,,mixed mixed-phase cyclic C-C stretching / ring-site C-H out-of-plane bending / ring-site C-H in-plane bending,nu(C4-H13),bond,0.004919802624371348,+,0.0034395235430083114,0.351955126413533
38,1251.7890530005302,,,mixed mixed-phase cyclic C-C stretching / ring-site C-H out-of-plane bending / ring-site C-H in-plane bending,nu(C1-H10),bond,0.004181979285606529,+,0.0032526759396313163,0.33453107906648005
38,1251.7890530005302,,,mixed mixed-phase cyclic C-C stretching / ring-site C-H out-of-plane bending / ring-site C-H in-plane bending,nu(C9-H21),bond,0.003700717799998461,-,-0.0030540582343225116,0.33578982314146966
38,1251.7890530005302,,,mixed mixed-phase cyclic C-C stretching / ring-site C-H out-of-plane bending / ring-site C-H in-plane bending,nu(C1-H11),bond,0.003275807255760399,+,0.0028860502004897618,0.3328486247653903
38,1251.7890530005302,,,mixed mixed-phase cyclic C-C stretching / ring-site C-H out-of-plane bending / ring-site C-H in-plane bending,nu(C6-H16),bond,0.0014482196991123166,+,0.0018793977325707843,0.3470030099281011
38,1251.7890530005302,,,mixed mixed-phase cyclic C-C stretching / ring-site C-H out-of-plane bending / ring-site C-H in-plane bending,nu(C8-H17),bond,0.0014216467889090734,+,0.0019029628363026224,0.33225175462853057
38,1251.7890530005302,,,mixed mixed-phase cyclic C-C stretching / ring-site C-H out-of-plane bending / ring-site C-H in-plane bending,delta(H20-C9-H21),angle,0.0007768559119715156,-,-0.0009884043037133078,0.6729881358363181
38,1251.7890530005302,,,mixed mixed-phase cyclic C-C stretching / ring-site C-H out-of-plane bending / ring-site C-H in-plane bending,nu(C9-H20),bond,0.00025727659391694717,+,0.0008108258766730875,0.3311930886360174
38,1251.7890530005302,,,mixed mixed-phase cyclic C-C stretching / ring-site C-H out-of-plane bending / ring-site C-H in-plane bending,nu(C6-H15),bond,8.202505745005898e-05,-,-0.0004529530726642646,0.33835789268622185
38,1251.7890530005302,,,mixed mixed-phase cyclic C-C stretching / ring-site C-H out-of-plane bending / ring-site C-H in-plane bending,nu(C5-H14),bond,3.243911576914681e-05,-,-0.0002831034130561267,0.3425429122248566
38,1251.7890530005302,,,mixed mixed-phase cyclic C-C stretching / ring-site C-H out-of-plane bending / ring-site C-H in-plane bending,tau(H12-C1-C2-C7),dihedral,1.1317456448424588e-05,+,0.00023765538581393958,0.16958588363924
39,1285.5934086064851,,,mixed ring-site C-H out-of-plane bending / ring-site C-H in-plane bending,delta(C5-C4-H13),angle,22.142679366388332,-,-0.30878200504775344,0.22538920624003742
39,1285.5934086064851,,,mixed ring-site C-H out-of-plane bending / ring-site C-H in-plane bending,"gamma(H14;C5,C6,C9)",oop,20.43028178696448,+,0.3125450519722515,0.2029812906968152
39,1285.5934086064851,,,mixed ring-site C-H out-of-plane bending / ring-site C-H in-plane bending,"gamma(H21;C9,C5,C7)",oop,6.596473060083028,-,-0.06614373774444696,1.4633264940362696
39,1285.5934086064851,,,mixed ring-site C-H out-of-plane bending / ring-site C-H in-plane bending,tau(C4-C5-C9-H20),dihedral,6.180498359483661,+,0.10226678970675507,0.5735366270754743
39,1285.5934086064851,,,mixed ring-site C-H out-of-plane bending / ring-site C-H in-plane bending,nu(C5-C6),bond,6.040516016707232,+,0.1351764422612936,0.3208329206887749
39,1285.5934086064851,,,mixed ring-site C-H out-of-plane bending / ring-site C-H in-plane bending,tau(C2-C7-C9-H21),dihedral,4.299102329806017,+,0.07905411481634285,0.6676298268489548
39,1285.5934086064851,,,mixed ring-site C-H out-of-plane bending / ring-site C-H in-plane bending,nu(C1-C2),bond,3.892619064344708,-,-0.112378398617491,0.2991459555841769
39,1285.5934086064851,,,mixed ring-site C-H out-of-plane bending / ring-site C-H in-plane bending,delta(O3-C2-C7),angle,3.5170770567549003,-,-0.053558926077642496,1.1899400216449423
39,1285.5934086064851,,,mixed ring-site C-H out-of-plane bending / ring-site C-H in-plane bending,tau(O3-C2-C7-C6),dihedral,3.0721538608987853,+,0.059475348428037374,0.8428996647092574
39,1285.5934086064851,,,mixed ring-site C-H out-of-plane bending / ring-site C-H in-plane bending,"gamma(C7;C9,H20,H21)",oop,2.780762635427134,-,-0.07959807781422196,0.42595690951260695
39,1285.5934086064851,,,mixed ring-site C-H out-of-plane bending / ring-site C-H in-plane bending,delta(C5-C6-H16),angle,2.6551062977706765,-,-0.0874789616081798,0.33672982370377696
39,1285.5934086064851,,,mixed ring-site C-H out-of-plane bending / ring-site C-H in-plane bending,delta(C5-C6-H15),angle,1.6663342148438043,+,0.07605362349694732,0.27959487055579446
39,1285.5934086064851,,,mixed ring-site C-H out-of-plane bending / ring-site C-H in-plane bending,"gamma(C6;C7,C2,C9)",oop,1.507923320716227,+,0.030283255295564644,1.5958095173539286
39,1285.5934086064851,,,mixed ring-site C-H out-of-plane bending / ring-site C-H in-plane bending,delta(C2-C1-H11),angle,1.4098401132137786,-,-0.06082938165189402,0.36978557709159526
39,1285.5934086064851,,,mixed ring-site C-H out-of-plane bending / ring-site C-H in-plane bending,"gamma(H12;C1,H10,H11)",oop,1.3706246908145516,-,-0.07840125714591048,0.21641103722868646
39,1285.5934086064851,,,mixed ring-site C-H out-of-plane bending / ring-site C-H in-plane bending,nu(C2-C7),bond,1.279086693613747,+,0.062372780910320356,0.31909255709522183
39,1285.5934086064851,,,mixed ring-site C-H out-of-plane bending / ring-site C-H in-plane bending,tau(C2-C4-C5-H14),dihedral,1.1380669586476457,+,0.08872017589262579,0.1403233470126861
39,1285.5934086064851,,,mixed ring-site C-H out-of-plane bending / ring-site C-H in-plane bending,tau(C8-C7-C9-C5),dihedral,1.0956321457368297,-,-0.058760781216793415,0.3079615894469893
39,1285.5934086064851,,,mixed ring-site C-H out-of-plane bending / ring-site C-H in-plane bending,nu(C2-C4),bond,1.0954742012322238,+,0.044498455672687086,0.5369318728370088
39,1285.5934086064851,,,mixed ring-site C-H out-of-plane bending / ring-site C-H in-plane bending,nu(C4-C5),bond,1.0776350099573726,-,-0.05900580958945776,0.30039247824764354
39,1285.5934086064851,,,mixed ring-site C-H out-of-plane bending / ring-site C-H in-plane bending,delta(C4-C5-C9),angle,0.9320830888045059,+,0.024507011522081824,1.506193701341896
39,1285.5934086064851,,,mixed ring-site C-H out-of-plane bending / ring-site C-H in-plane bending,nu(C5-C9),bond,0.7523081237454793,+,0.05308477682962798,0.25909716935407706
39,1285.5934086064851,,,mixed ring-site C-H out-of-plane bending / ring-site C-H in-plane bending,delta(O3-C4-C5),angle,0.7292050960087156,+,0.026162498300099812,1.033946761767908
39,1285.5934086064851,,,mixed ring-site C-H out-of-plane bending / ring-site C-H in-plane bending,delta(C2-C1-H12),angle,0.490642552752286,-,-0.039552507136156385,0.3043855873378456
39,1285.5934086064851,,,mixed ring-site C-H out-of-plane bending / ring-site C-H in-plane bending,nu(C7-C9),bond,0.4642762737034472,-,-0.04360869556467076,0.23693935749874415
39,1285.5934086064851,,,mixed ring-site C-H out-of-plane bending / ring-site C-H in-plane bending,delta(C7-C8-H17),angle,0.4225002943331223,+,0.029111059368166495,0.4838579761113301
39,1285.5934086064851,,,mixed ring-site C-H out-of-plane bending / ring-site C-H in-plane bending,delta(C1-C2-C7),angle,0.41744273674400506,+,0.03396025908925642,0.35128679741124474
39,1285.5934086064851,,,mixed ring-site C-H out-of-plane bending / ring-site C-H in-plane bending,nu(C7-C8),bond,0.3681286251991494,+,0.035273408188953505,0.287151870291782
39,1285.5934086064851,,,mixed ring-site C-H out-of-plane bending / ring-site C-H in-plane bending,nu(O3-C4),bond,0.3505249044522137,-,-0.030118978644211127,0.375012122768873
39,1285.5934086064851,,,mixed ring-site C-H out-of-plane bending / ring-site C-H in-plane bending,"gamma(O3;C4,C5,H13)",oop,0.319571382480961,-,-0.048416657062081876,0.13230772126924695
39,1285.5934086064851,,,mixed ring-site C-H out-of-plane bending / ring-site C-H in-plane bending,delta(H18-C8-H19),angle,0.30572874165679736,-,-0.028898069283469024,0.35530843806641327
39,1285.5934086064851,,,mixed ring-site C-H out-of-plane bending / ring-site C-H in-plane bending,delta(H10-C1-H11),angle,0.27024735338443917,+,0.032219801266898364,0.25265194351349923
39,1285.5934086064851,,,mixed ring-site C-H out-of-plane bending / ring-site C-H in-plane bending,nu(C6-C7),bond,0.1820239254986118,-,-0.0248922508352412,0.2851064531742666
39,1285.5934086064851,,,mixed ring-site C-H out-of-plane bending / ring-site C-H in-plane bending,nu(C2-O3),bond,0.17979568330171408,+,0.026338855182450095,0.25153149975958655
39,1285.5934086064851,,,mixed ring-site C-H out-of-plane bending / ring-site C-H in-plane bending,delta(H20-C9-H21),angle,0.1578832664689212,-,-0.015089255132862512,0.6729881358363181
39,1285.5934086064851,,,mixed ring-site C-H out-of-plane bending / ring-site C-H in-plane bending,delta(C7-C8-H19),angle,0.10083142883093364,-,-0.01615117152728423,0.37514120679903984
39,1285.5934086064851,,,mixed ring-site C-H out-of-plane bending / ring-site C-H in-plane bending,"gamma(H17;C8,H18,H19)",oop,0.09577251646316125,+,0.01612365885187463,0.35753668248522347
39,1285.5934086064851,,,mixed ring-site C-H out-of-plane bending / ring-site C-H in-plane bending,delta(H15-C6-H16),angle,0.06585124341591297,-,-0.013316841727963574,0.3603864154338734
39,1285.5934086064851,,,mixed ring-site C-H out-of-plane bending / ring-site C-H in-plane bending,tau(C6-C7-C8-H18),dihedral,0.03950400215322457,+,0.012318418925546389,0.25266091572024935
39,1285.5934086064851,,,mixed ring-site C-H out-of-plane bending / ring-site C-H in-plane bending,tau(C2-C7-C8-H19),dihedral,0.0373595067292836,-,-0.011400597367896052,0.2789669960422185
39,1285.5934086064851,,,mixed ring-site C-H out-of-plane bending / ring-site C-H in-plane bending,tau(C9-C7-C8-H17),dihedral,0.017232221314390395,-,-0.009846130627096076,0.1725110767453955
39,1285.5934086064851,,,mixed ring-site C-H out-of-plane bending / ring-site C-H in-plane bending,nu(C4-H13),bond,0.01236194862475191,+,0.005838526743256569,0.351955126413533
39,1285.5934086064851,,,mixed ring-site C-H out-of-plane bending / ring-site C-H in-plane bending,tau(C1-C2-C7-C6),dihedral,0.009690076512335654,-,-0.005844014793703615,0.27536675168740415
39,1285.5934086064851,,,mixed ring-site C-H out-of-plane bending / ring-site C-H in-plane bending,nu(C1-H10),bond,0.00806826791996932,-,-0.004838105943802387,0.33453107906648005
39,1285.5934086064851,,,mixed ring-site C-H out-of-plane bending / ring-site C-H in-plane bending,tau(H10-C1-C2-O3),dihedral,0.00785360771499882,+,0.0065891368788144195,0.17555736525640764
39,1285.5934086064851,,,mixed ring-site C-H out-of-plane bending / ring-site C-H in-plane bending,delta(C7-C6-H15),angle,0.0029435426284367535,-,-0.003207367404022951,0.27770251683716846
39,1285.5934086064851,,,mixed ring-site C-H out-of-plane bending / ring-site C-H in-plane bending,nu(C8-H19),bond,0.002803764291748199,+,0.002853117685785379,0.3342789560628059
39,1285.5934086064851,,,mixed ring-site C-H out-of-plane bending / ring-site C-H in-plane bending,nu(C9-H20),bond,0.0027088687875975893,+,0.0028174538188731895,0.3311930886360174
39,1285.5934086064851,,,mixed ring-site C-H out-of-plane bending / ring-site C-H in-plane bending,nu(C6-H16),bond,0.0024306640285721623,+,0.0026073498037001834,0.3470030099281011
39,1285.5934086064851,,,mixed ring-site C-H out-of-plane bending / ring-site C-H in-plane bending,tau(H12-C1-C2-C7),dihedral,0.0015793737432087558,-,-0.003006429760248794,0.16958588363924
39,1285.5934086064851,,,mixed ring-site C-H out-of-plane bending / ring-site C-H in-plane bending,nu(C1-H12),bond,0.0015634697742823367,-,-0.0021125724984264287,0.33999548876067176
39,1285.5934086064851,,,mixed ring-site C-H out-of-plane bending / ring-site C-H in-plane bending,nu(C6-H15),bond,0.0006755966739884936,+,0.0013920635115087466,0.33835789268622185
39,1285.5934086064851,,,mixed ring-site C-H out-of-plane bending / ring-site C-H in-plane bending,nu(C8-H18),bond,0.00031190207593204925,+,0.000953684342121968,0.3328249452823529
39,1285.5934086064851,,,mixed ring-site C-H out-of-plane bending / ring-site C-H in-plane bending,nu(C5-H14),bond,0.00014191853677683047,+,0.0006341113458222922,0.3425429122248566
39,1285.5934086064851,,,mixed ring-site C-H out-of-plane bending / ring-site C-H in-plane bending,nu(C8-H17),bond,3.320562323076486e-05,-,-0.00031144088918791044,0.33225175462853057
39,1285.5934086064851,,,mixed ring-site C-H out-of-plane bending / ring-site C-H in-plane bending,nu(C9-H21),bond,3.0851137371172366e-05,+,0.0002986106406164737,0.33578982314146966
39,1285.5934086064851,,,mixed ring-site C-H out-of-plane bending / ring-site C-H in-plane bending,nu(C1-H11),bond,2.7910803633705213e-06,-,-9.02124009534925e-05,0.3328486247653903
40,1290.3939312304174,,,mixed ring-site C-H out-of-plane bending / ring-site C-H in-plane bending / cyclic C-C stretching,"gamma(H14;C5,C6,C9)",oop,19.259304709627337,-,-0.29818856711209624,0.2029812906968152
40,1290.3939312304174,,,mixed ring-site C-H out-of-plane bending / ring-site C-H in-plane bending / cyclic C-C stretching,delta(C5-C4-H13),angle,17.05035778965562,-,-0.26625568050142207,0.22538920624003742
40,1290.3939312304174,,,mixed ring-site C-H out-of-plane bending / ring-site C-H in-plane bending / cyclic C-C stretching,nu(C4-C5),bond,13.367610867228324,+,0.20421190712570925,0.30039247824764354
40,1290.3939312304174,,,mixed ring-site C-H out-of-plane bending / ring-site C-H in-plane bending / cyclic C-C stretching,"gamma(H21;C9,C5,C7)",oop,6.904239812157177,+,0.06649454318743965,1.4633264940362696
40,1290.3939312304174,,,mixed ring-site C-H out-of-plane bending / ring-site C-H in-plane bending / cyclic C-C stretching,nu(C7-C8),bond,5.613325361760249,-,-0.13534835255960878,0.287151870291782
40,1290.3939312304174,,,mixed ring-site C-H out-of-plane bending / ring-site C-H in-plane bending / cyclic C-C stretching,delta(C5-C6-H15),angle,4.4552117808843645,-,-0.12219917323948425,0.27959487055579446
40,1290.3939312304174,,,mixed ring-site C-H out-of-plane bending / ring-site C-H in-plane bending / cyclic C-C stretching,tau(C4-C5-C9-H20),dihedral,3.877433400239642,+,0.07959582441208606,0.5735366270754743
40,1290.3939312304174,,,mixed ring-site C-H out-of-plane bending / ring-site C-H in-plane bending / cyclic C-C stretching,delta(C5-C6-H16),angle,3.5681010364401633,+,0.09964980910888187,0.33672982370377696
40,1290.3939312304174,,,mixed ring-site C-H out-of-plane bending / ring-site C-H in-plane bending / cyclic C-C stretching,nu(C2-C7),bond,3.5583907664822343,+,0.10222736648783336,0.31909255709522183
40,1290.3939312304174,,,mixed ring-site C-H out-of-plane bending / ring-site C-H in-plane bending / cyclic C-C stretching,tau(C2-C7-C9-H21),dihedral,3.2493771878744844,-,-0.06753530863728174,0.6676298268489548
40,1290.3939312304174,,,mixed ring-site C-H out-of-plane bending / ring-site C-H in-plane bending / cyclic C-C stretching,"gamma(C6;C7,C2,C9)",oop,2.9635649070564307,-,-0.04171722262840639,1.5958095173539286
40,1290.3939312304174,,,mixed ring-site C-H out-of-plane bending / ring-site C-H in-plane bending / cyclic C-C stretching,delta(C4-C5-C9),angle,2.228034623412622,-,-0.03723224681599881,1.506193701341896
40,1290.3939312304174,,,mixed ring-site C-H out-of-plane bending / ring-site C-H in-plane bending / cyclic C-C stretching,"gamma(H17;C8,H18,H19)",oop,1.6584714870399284,-,-0.0659314143745411,0.35753668248522347
40,1290.3939312304174,,,mixed ring-site C-H out-of-plane bending / ring-site C-H in-plane bending / cyclic C-C stretching,delta(H15-C6-H16),angle,1.5962038023375154,-,-0.06442562720008377,0.3603864154338734
40,1290.3939312304174,,,mixed ring-site C-H out-of-plane bending / ring-site C-H in-plane bending / cyclic C-C stretching,delta(H20-C9-H21),angle,1.3130616048276458,-,-0.04275998438057409,0.6729881358363181
40,1290.3939312304174,,,mixed ring-site C-H out-of-plane bending / ring-site C-H in-plane bending / cyclic C-C stretching,delta(C7-C8-H19),angle,1.2649587307078254,-,-0.056213352077250735,0.37514120679903984
40,1290.3939312304174,,,mixed ring-site C-H out-of-plane bending / ring-site C-H in-plane bending / cyclic C-C stretching,"gamma(O3;C4,C5,H13)",oop,1.182221493420926,-,-0.09150725364878812,0.13230772126924695
40,1290.3939312304174,,,mixed ring-site C-H out-of-plane bending / ring-site C-H in-plane bending / cyclic C-C stretching,nu(C1-C2),bond,1.1150319791525196,-,-0.05910181042587924,0.2991459555841769
40,1290.3939312304174,,,mixed ring-site C-H out-of-plane bending / ring-site C-H in-plane bending / cyclic C-C stretching,nu(C2-C4),bond,0.9849239641157118,+,0.04146106471225937,0.5369318728370088
40,1290.3939312304174,,,mixed ring-site C-H out-of-plane bending / ring-site C-H in-plane bending / cyclic C-C stretching,delta(O3-C4-C5),angle,0.8369407215435282,-,-0.027542093710169243,1.033946761767908
40,1290.3939312304174,,,mixed ring-site C-H out-of-plane bending / ring-site C-H in-plane bending / cyclic C-C stretching,delta(C2-C1-H11),angle,0.5898414528485868,-,-0.038662626322790127,0.36978557709159526
40,1290.3939312304174,,,mixed ring-site C-H out-of-plane bending / ring-site C-H in-plane bending / cyclic C-C stretching,nu(O3-C4),bond,0.5684963404966921,-,-0.03769119213070747,0.375012122768873
40,1290.3939312304174,,,mixed ring-site C-H out-of-plane bending / ring-site C-H in-plane bending / cyclic C-C stretching,nu(C7-C9),bond,0.35893665384919443,+,0.03767809982849755,0.23693935749874415
40,1290.3939312304174,,,mixed ring-site C-H out-of-plane bending / ring-site C-H in-plane bending / cyclic C-C stretching,tau(C1-C2-C7-C6),dihedral,0.2988574970304929,-,-0.03189150520606534,0.27536675168740415
40,1290.3939312304174,,,mixed ring-site C-H out-of-plane bending / ring-site C-H in-plane bending / cyclic C-C stretching,tau(H12-C1-C2-C7),dihedral,0.23238460630455998,-,-0.03583500912814258,0.16958588363924
40,1290.3939312304174,,,mixed ring-site C-H out-of-plane bending / ring-site C-H in-plane bending / cyclic C-C stretching,nu(C6-C7),bond,0.22883876412829546,+,0.02742584163352852,0.2851064531742666
40,1290.3939312304174,,,mixed ring-site C-H out-of-plane bending / ring-site C-H in-plane bending / cyclic C-C stretching,"gamma(C7;C9,H20,H21)",oop,0.19585884927308744,-,-0.020758093144375833,0.42595690951260695
40,1290.3939312304174,,,mixed ring-site C-H out-of-plane bending / ring-site C-H in-plane bending / cyclic C-C stretching,delta(H18-C8-H19),angle,0.18977328199344734,+,0.022372445781474435,0.35530843806641327
40,1290.3939312304174,,,mixed ring-site C-H out-of-plane bending / ring-site C-H in-plane bending / cyclic C-C stretching,delta(C1-C2-C7),angle,0.1600291439776462,-,-0.020661760253043747,0.35128679741124474
40,1290.3939312304174,,,mixed ring-site C-H out-of-plane bending / ring-site C-H in-plane bending / cyclic C-C stretching,nu(C5-C9),bond,0.1434401510713499,-,-0.022777325261072345,0.25909716935407706
40,1290.3939312304174,,,mixed ring-site C-H out-of-plane bending / ring-site C-H in-plane bending / cyclic C-C stretching,delta(O3-C2-C7),angle,0.13314940492919472,-,-0.010240137069068537,1.1899400216449423
40,1290.3939312304174,,,mixed ring-site C-H out-of-plane bending / ring-site C-H in-plane bending / cyclic C-C stretching,tau(O3-C2-C7-C6),dihedral,0.1109723751355356,-,-0.01110754780088042,0.8428996647092574
40,1290.3939312304174,,,mixed ring-site C-H out-of-plane bending / ring-site C-H in-plane bending / cyclic C-C stretching,delta(C7-C8-H17),angle,0.1050903548261298,-,-0.014266622430756857,0.4838579761113301
40,1290.3939312304174,,,mixed ring-site C-H out-of-plane bending / ring-site C-H in-plane bending / cyclic C-C stretching,tau(C8-C7-C9-C5),dihedral,0.10162368500664828,+,0.017585223161993704,0.3079615894469893
40,1290.3939312304174,,,mixed ring-site C-H out-of-plane bending / ring-site C-H in-plane bending / cyclic C-C stretching,nu(C4-H13),bond,0.10083733895320607,+,0.016385727619153502,0.351955126413533
40,1290.3939312304174,,,mixed ring-site C-H out-of-plane bending / ring-site C-H in-plane bending / cyclic C-C stretching,delta(C2-C1-H12),angle,0.09300171347611476,-,-0.01692123759213638,0.3043855873378456
40,1290.3939312304174,,,mixed ring-site C-H out-of-plane bending / ring-site C-H in-plane bending / cyclic C-C stretching,tau(C2-C4-C5-H14),dihedral,0.08081083992595743,+,0.023231033636499167,0.1403233470126861
40,1290.3939312304174,,,mixed ring-site C-H out-of-plane bending / ring-site C-H in-plane bending / cyclic C-C stretching,nu(C5-C6),bond,0.06472422191963324,-,-0.013749681793027728,0.3208329206887749
40,1290.3939312304174,,,mixed ring-site C-H out-of-plane bending / ring-site C-H in-plane bending / cyclic C-C stretching,nu(C5-H14),bond,0.04165380727655702,+,0.010675016367534367,0.3425429122248566
40,1290.3939312304174,,,mixed ring-site C-H out-of-plane bending / ring-site C-H in-plane bending / cyclic C-C stretching,delta(H10-C1-H11),angle,0.031300491778851816,+,0.010774892590671319,0.25265194351349923
40,1290.3939312304174,,,mixed ring-site C-H out-of-plane bending / ring-site C-H in-plane bending / cyclic C-C stretching,nu(C2-O3),bond,0.023865611202230873,-,-0.009429502526579883,0.25153149975958655
40,1290.3939312304174,,,mixed ring-site C-H out-of-plane bending / ring-site C-H in-plane bending / cyclic C-C stretching,"gamma(H12;C1,H10,H11)",oop,0.01934783825435379,-,-0.009153247623740934,0.21641103722868646
40,1290.3939312304174,,,mixed ring-site C-H out-of-plane bending / ring-site C-H in-plane bending / cyclic C-C stretching,delta(C7-C6-H15),angle,0.017834700958145294,+,0.007757855726610576,0.27770251683716846
40,1290.3939312304174,,,mixed ring-site C-H out-of-plane bending / ring-site C-H in-plane bending / cyclic C-C stretching,nu(C6-H15),bond,0.011083490789624919,+,0.005540498190644471,0.33835789268622185
40,1290.3939312304174,,,mixed ring-site C-H out-of-plane bending / ring-site C-H in-plane bending / cyclic C-C stretching,tau(H10-C1-C2-O3),dihedral,0.008933012330452858,+,0.006905388708569765,0.17555736525640764
40,1290.3939312304174,,,mixed ring-site C-H out-of-plane bending / ring-site C-H in-plane bending / cyclic C-C stretching,tau(C2-C7-C8-H19),dihedral,0.008776649497951813,+,0.005429835282984762,0.2789669960422185
40,1290.3939312304174,,,mixed ring-site C-H out-of-plane bending / ring-site C-H in-plane bending / cyclic C-C stretching,nu(C9-H21),bond,0.008515834311304838,+,0.004875043860648512,0.33578982314146966
40,1290.3939312304174,,,mixed ring-site C-H out-of-plane bending / ring-site C-H in-plane bending / cyclic C-C stretching,tau(C6-C7-C8-H18),dihedral,0.0074013950060721105,-,-0.005239459035985568,0.25266091572024935
40,1290.3939312304174,,,mixed ring-site C-H out-of-plane bending / ring-site C-H in-plane bending / cyclic C-C stretching,nu(C6-H16),bond,0.004092585977612424,+,0.0033245355074725084,0.3470030099281011
40,1290.3939312304174,,,mixed ring-site C-H out-of-plane bending / ring-site C-H in-plane bending / cyclic C-C stretching,nu(C8-H18),bond,0.00324191045260809,-,-0.0030212820013117256,0.3328249452823529
40,1290.3939312304174,,,mixed ring-site C-H out-of-plane bending / ring-site C-H in-plane bending / cyclic C-C stretching,nu(C1-H10),bond,0.002292558760815391,-,-0.0025341988706162324,0.33453107906648005
40,1290.3939312304174,,,mixed ring-site C-H out-of-plane bending / ring-site C-H in-plane bending / cyclic C-C stretching,nu(C1-H11),bond,0.0021993256649831777,+,0.002488399345463288,0.3328486247653903
40,1290.3939312304174,,,mixed ring-site C-H out-of-plane bending / ring-site C-H in-plane bending / cyclic C-C stretching,nu(C9-H20),bond,0.001987581841796941,+,0.0023714860174047095,0.3311930886360174
40,1290.3939312304174,,,mixed ring-site C-H out-of-plane bending / ring-site C-H in-plane bending / cyclic C-C stretching,nu(C8-H17),bond,0.001697294970342397,-,-0.002187981831178347,0.33225175462853057
40,1290.3939312304174,,,mixed ring-site C-H out-of-plane bending / ring-site C-H in-plane bending / cyclic C-C stretching,tau(C9-C7-C8-H17),dihedral,0.0014693391064979876,+,0.0028252131342104587,0.1725110767453955
40,1290.3939312304174,,,mixed ring-site C-H out-of-plane bending / ring-site C-H in-plane bending / cyclic C-C stretching,nu(C8-H19),bond,0.0008684646050756958,-,-0.0015603435632435994,0.3342789560628059
40,1290.3939312304174,,,mixed ring-site C-H out-of-plane bending / ring-site C-H in-plane bending / cyclic C-C stretching,nu(C1-H12),bond,5.406104709428755e-06,-,-0.00012206870578143945,0.33999548876067176
41,1320.3930425820756,,,mixed C-C out-of-plane bending / ring-site C-H in-plane bending / mixed-phase cyclic C-C stretching,"gamma(C7;C9,H20,H21)",oop,26.447337440913536,+,0.2875330006440552,0.42595690951260695
41,1320.3930425820756,,,mixed C-C out-of-plane bending / ring-site C-H in-plane bending / mixed-phase cyclic C-C stretching,nu(C7-C8),bond,9.792765235309627,-,-0.21309654038706263,0.287151870291782
41,1320.3930425820756,,,mixed C-C out-of-plane bending / ring-site C-H in-plane bending / mixed-phase cyclic C-C stretching,nu(C2-C7),bond,8.611856562953392,+,0.18956999943421732,0.31909255709522183
41,1320.3930425820756,,,mixed C-C out-of-plane bending / ring-site C-H in-plane bending / mixed-phase cyclic C-C stretching,tau(C2-C7-C9-H21),dihedral,7.290726055579239,+,0.120586052057279,0.6676298268489548
41,1320.3930425820756,,,mixed C-C out-of-plane bending / ring-site C-H in-plane bending / mixed-phase cyclic C-C stretching,delta(C7-C6-H15),angle,6.9135031491829295,-,-0.18207014022110568,0.27770251683716846
41,1320.3930425820756,,,mixed C-C out-of-plane bending / ring-site C-H in-plane bending / mixed-phase cyclic C-C stretching,delta(C5-C6-H15),angle,6.209912419696669,+,0.1719719793517165,0.27959487055579446
41,1320.3930425820756,,,mixed C-C out-of-plane bending / ring-site C-H in-plane bending / mixed-phase cyclic C-C stretching,"gamma(C6;C7,C2,C9)",oop,4.152927225667247,-,-0.05886622513040587,1.5958095173539286
41,1320.3930425820756,,,mixed C-C out-of-plane bending / ring-site C-H in-plane bending / mixed-phase cyclic C-C stretching,tau(O3-C2-C7-C6),dihedral,3.596710658842128,-,-0.0753779570185034,0.8428996647092574
41,1320.3930425820756,,,mixed C-C out-of-plane bending / ring-site C-H in-plane bending / mixed-phase cyclic C-C stretching,nu(C6-C7),bond,3.364917758382459,+,0.125361233132118,0.2851064531742666
41,1320.3930425820756,,,mixed C-C out-of-plane bending / ring-site C-H in-plane bending / mixed-phase cyclic C-C stretching,delta(C5-C6-H16),angle,2.8392675123456153,+,0.10595999208330904,0.33672982370377696
41,1320.3930425820756,,,mixed C-C out-of-plane bending / ring-site C-H in-plane bending / mixed-phase cyclic C-C stretching,nu(C7-C9),bond,2.436398468618725,+,0.11701326775520726,0.23693935749874415
41,1320.3930425820756,,,mixed C-C out-of-plane bending / ring-site C-H in-plane bending / mixed-phase cyclic C-C stretching,"gamma(H14;C5,C6,C9)",oop,2.349554301510355,+,0.12414930438848942,0.2029812906968152
41,1320.3930425820756,,,mixed C-C out-of-plane bending / ring-site C-H in-plane bending / mixed-phase cyclic C-C stretching,delta(C5-C4-H13),angle,2.0275306296714772,+,0.10944519689969022,0.22538920624003742
41,1320.3930425820756,,,mixed C-C out-of-plane bending / ring-site C-H in-plane bending / mixed-phase cyclic C-C stretching,"gamma(H17;C8,H18,H19)",oop,1.7175007559236088,-,-0.07997748029303765,0.35753668248522347
41,1320.3930425820756,,,mixed C-C out-of-plane bending / ring-site C-H in-plane bending / mixed-phase cyclic C-C stretching,tau(C4-C5-C9-H20),dihedral,1.5797700080911423,-,-0.060561399881227725,0.5735366270754743
41,1320.3930425820756,,,mixed C-C out-of-plane bending / ring-site C-H in-plane bending / mixed-phase cyclic C-C stretching,delta(C7-C8-H19),angle,1.5137043154419279,-,-0.07329978335329339,0.37514120679903984
41,1320.3930425820756,,,mixed C-C out-of-plane bending / ring-site C-H in-plane bending / mixed-phase cyclic C-C stretching,nu(C4-C5),bond,1.3685479131843492,-,-0.07788700937052219,0.30039247824764354
41,1320.3930425820756,,,mixed C-C out-of-plane bending / ring-site C-H in-plane bending / mixed-phase cyclic C-C stretching,delta(C2-C1-H12),angle,1.242396133240694,-,-0.07372207580805197,0.3043855873378456
41,1320.3930425820756,,,mixed C-C out-of-plane bending / ring-site C-H in-plane bending / mixed-phase cyclic C-C stretching,delta(C1-C2-C7),angle,1.093731094358078,-,-0.06438784912668574,0.35128679741124474
41,1320.3930425820756,,,mixed C-C out-of-plane bending / ring-site C-H in-plane bending / mixed-phase cyclic C-C stretching,delta(H10-C1-H11),angle,0.9034745589949935,+,0.06900430629855836,0.25265194351349923
41,1320.3930425820756,,,mixed C-C out-of-plane bending / ring-site C-H in-plane bending / mixed-phase cyclic C-C stretching,delta(H20-C9-H21),angle,0.816672240311876,-,-0.04019756488166233,0.6729881358363181
41,1320.3930425820756,,,mixed C-C out-of-plane bending / ring-site C-H in-plane bending / mixed-phase cyclic C-C stretching,nu(C1-C2),bond,0.7990038090985674,-,-0.059636535960524234,0.2991459555841769
41,1320.3930425820756,,,mixed C-C out-of-plane bending / ring-site C-H in-plane bending / mixed-phase cyclic C-C stretching,delta(H15-C6-H16),angle,0.5075855336590434,-,-0.0433061887124066,0.3603864154338734
41,1320.3930425820756,,,mixed C-C out-of-plane bending / ring-site C-H in-plane bending / mixed-phase cyclic C-C stretching,tau(C8-C7-C9-C5),dihedral,0.3644336608513221,-,-0.03969543063207646,0.3079615894469893
41,1320.3930425820756,,,mixed C-C out-of-plane bending / ring-site C-H in-plane bending / mixed-phase cyclic C-C stretching,delta(C4-C5-C9),angle,0.31023078788106023,+,0.01656081045124125,1.506193701341896
41,1320.3930425820756,,,mixed C-C out-of-plane bending / ring-site C-H in-plane bending / mixed-phase cyclic C-C stretching,nu(C5-C6),bond,0.30346512719815544,-,-0.03548905909303237,0.3208329206887749
41,1320.3930425820756,,,mixed C-C out-of-plane bending / ring-site C-H in-plane bending / mixed-phase cyclic C-C stretching,delta(C2-C1-H11),angle,0.28577368399557695,+,0.03207862057367302,0.36978557709159526
41,1320.3930425820756,,,mixed C-C out-of-plane bending / ring-site C-H in-plane bending / mixed-phase cyclic C-C stretching,tau(H10-C1-C2-O3),dihedral,0.15335907088931583,-,-0.034105526576739875,0.17555736525640764
41,1320.3930425820756,,,mixed C-C out-of-plane bending / ring-site C-H in-plane bending / mixed-phase cyclic C-C stretching,tau(H12-C1-C2-C7),dihedral,0.13606136059297494,-,-0.03268527230745021,0.16958588363924
41,1320.3930425820756,,,mixed C-C out-of-plane bending / ring-site C-H in-plane bending / mixed-phase cyclic C-C stretching,tau(C1-C2-C7-C6),dihedral,0.13375284409562915,-,-0.025431695445446836,0.27536675168740415
41,1320.3930425820756,,,mixed C-C out-of-plane bending / ring-site C-H in-plane bending / mixed-phase cyclic C-C stretching,nu(C5-C9),bond,0.09826808574394223,-,-0.022472659212807226,0.25909716935407706
41,1320.3930425820756,,,mixed C-C out-of-plane bending / ring-site C-H in-plane bending / mixed-phase cyclic C-C stretching,delta(O3-C2-C7),angle,0.09439128073890604,-,-0.010277392805247264,1.1899400216449423
41,1320.3930425820756,,,mixed C-C out-of-plane bending / ring-site C-H in-plane bending / mixed-phase cyclic C-C stretching,nu(O3-C4),bond,0.09276675883321595,+,0.018149016274456593,0.375012122768873
41,1320.3930425820756,,,mixed C-C out-of-plane bending / ring-site C-H in-plane bending / mixed-phase cyclic C-C stretching,tau(C6-C7-C8-H18),dihedral,0.087535103387326,+,0.02147838603087153,0.25266091572024935
41,1320.3930425820756,,,mixed C-C out-of-plane bending / ring-site C-H in-plane bending / mixed-phase cyclic C-C stretching,"gamma(O3;C4,C5,H13)",oop,0.07296559554930673,-,-0.027098548123998135,0.13230772126924695
41,1320.3930425820756,,,mixed C-C out-of-plane bending / ring-site C-H in-plane bending / mixed-phase cyclic C-C stretching,delta(O3-C4-C5),angle,0.05696640403866093,+,0.008565246504278581,1.033946761767908
41,1320.3930425820756,,,mixed C-C out-of-plane bending / ring-site C-H in-plane bending / mixed-phase cyclic C-C stretching,tau(C9-C7-C8-H17),dihedral,0.046085146782131346,-,-0.018860428117865802,0.1725110767453955
41,1320.3930425820756,,,mixed C-C out-of-plane bending / ring-site C-H in-plane bending / mixed-phase cyclic C-C stretching,nu(C2-O3),bond,0.04009050932037344,-,-0.014568141421804352,0.25153149975958655
41,1320.3930425820756,,,mixed C-C out-of-plane bending / ring-site C-H in-plane bending / mixed-phase cyclic C-C stretching,delta(H18-C8-H19),angle,0.03185543415314861,+,0.010926185148686639,0.35530843806641327
41,1320.3930425820756,,,mixed C-C out-of-plane bending / ring-site C-H in-plane bending / mixed-phase cyclic C-C stretching,"gamma(H12;C1,H10,H11)",oop,0.026346737362912924,+,0.012732194661981822,0.21641103722868646
41,1320.3930425820756,,,mixed C-C out-of-plane bending / ring-site C-H in-plane bending / mixed-phase cyclic C-C stretching,delta(C7-C8-H17),angle,0.023672490681317913,-,-0.008071283035096289,0.4838579761113301
41,1320.3930425820756,,,mixed C-C out-of-plane bending / ring-site C-H in-plane bending / mixed-phase cyclic C-C stretching,tau(C2-C4-C5-H14),dihedral,0.014063812109584193,-,-0.011552237593822502,0.1403233470126861
41,1320.3930425820756,,,mixed C-C out-of-plane bending / ring-site C-H in-plane bending / mixed-phase cyclic C-C stretching,"gamma(H21;C9,C5,C7)",oop,0.012020429279085094,+,0.0033072644531844863,1.4633264940362696
41,1320.3930425820756,,,mixed C-C out-of-plane bending / ring-site C-H in-plane bending / mixed-phase cyclic C-C stretching,tau(C2-C7-C8-H19),dihedral,0.0046029773755096514,-,-0.004687297936570732,0.2789669960422185
41,1320.3930425820756,,,mixed C-C out-of-plane bending / ring-site C-H in-plane bending / mixed-phase cyclic C-C stretching,nu(C5-H14),bond,0.004572603025511463,-,-0.004216031129987581,0.3425429122248566
41,1320.3930425820756,,,mixed C-C out-of-plane bending / ring-site C-H in-plane bending / mixed-phase cyclic C-C stretching,nu(C2-C4),bond,0.004206225019553712,+,0.0032297299497196365,0.5369318728370088
41,1320.3930425820756,,,mixed C-C out-of-plane bending / ring-site C-H in-plane bending / mixed-phase cyclic C-C stretching,nu(C1-H12),bond,0.003915739123641968,+,0.0039160646229232056,0.33999548876067176
41,1320.3930425820756,,,mixed C-C out-of-plane bending / ring-site C-H in-plane bending / mixed-phase cyclic C-C stretching,nu(C9-H20),bond,0.0037279702204089642,+,0.003871463210817159,0.3311930886360174
41,1320.3930425820756,,,mixed C-C out-of-plane bending / ring-site C-H in-plane bending / mixed-phase cyclic C-C stretching,nu(C6-H15),bond,0.0036878830037235678,+,0.003809605137642923,0.33835789268622185
41,1320.3930425820756,,,mixed C-C out-of-plane bending / ring-site C-H in-plane bending / mixed-phase cyclic C-C stretching,nu(C9-H21),bond,0.003468123472056178,+,0.003708455419793316,0.33578982314146966
41,1320.3930425820756,,,mixed C-C out-of-plane bending / ring-site C-H in-plane bending / mixed-phase cyclic C-C stretching,nu(C6-H16),bond,0.003389808477777831,+,0.0036066210397800447,0.3470030099281011
41,1320.3930425820756,,,mixed C-C out-of-plane bending / ring-site C-H in-plane bending / mixed-phase cyclic C-C stretching,nu(C4-H13),bond,0.0023207929309500934,-,-0.002963153166472087,0.351955126413533
41,1320.3930425820756,,,mixed C-C out-of-plane bending / ring-site C-H in-plane bending / mixed-phase cyclic C-C stretching,nu(C8-H18),bond,0.0017654860224978824,-,-0.0026576865542292196,0.3328249452823529
41,1320.3930425820756,,,mixed C-C out-of-plane bending / ring-site C-H in-plane bending / mixed-phase cyclic C-C stretching,nu(C8-H17),bond,0.001317649892305486,-,-0.0022979783140416,0.33225175462853057
41,1320.3930425820756,,,mixed C-C out-of-plane bending / ring-site C-H in-plane bending / mixed-phase cyclic C-C stretching,nu(C1-H10),bond,0.0012177850407976824,-,-0.002201641656827655,0.33453107906648005
41,1320.3930425820756,,,mixed C-C out-of-plane bending / ring-site C-H in-plane bending / mixed-phase cyclic C-C stretching,nu(C8-H19),bond,0.0011545355290818306,+,0.0021445130064833436,0.3342789560628059
41,1320.3930425820756,,,mixed C-C out-of-plane bending / ring-site C-H in-plane bending / mixed-phase cyclic C-C stretching,nu(C1-H11),bond,0.0007543164045868313,-,-0.0017371324975816373,0.3328486247653903
42,1409.8336438154954,,,mixed C-H out-of-plane bending / C-H bending,"gamma(H12;C1,H10,H11)",oop,39.64997642011903,-,-0.62673941180736,0.21641103722868646
42,1409.8336438154954,,,mixed C-H out-of-plane bending / C-H bending,"gamma(H17;C8,H18,H19)",oop,17.32440837814739,+,0.32231027113682476,0.35753668248522347
42,1409.8336438154954,,,mixed C-H out-of-plane bending / C-H bending,delta(C2-C1-H11),angle,10.201142751588284,-,-0.2431950161929616,0.36978557709159526
42,1409.8336438154954,,,mixed C-H out-of-plane bending / C-H bending,delta(C2-C1-H12),angle,6.698361700588742,-,-0.21720884057662368,0.3043855873378456
42,1409.8336438154954,,,mixed C-H out-of-plane bending / C-H bending,nu(C2-C4),bond,4.760624521548019,+,0.13787248853059164,0.5369318728370088
42,1409.8336438154954,,,mixed C-H out-of-plane bending / C-H bending,delta(C7-C8-H17),angle,4.290822549194267,+,0.1378848551232737,0.4838579761113301
42,1409.8336438154954,,,mixed C-H out-of-plane bending / C-H bending,delta(H18-C8-H19),angle,4.122027613803453,-,-0.15770952726492474,0.35530843806641327
42,1409.8336438154954,,,mixed C-H out-of-plane bending / C-H bending,delta(H10-C1-H11),angle,3.3611700674676435,+,0.1688842557215785,0.25265194351349923
42,1409.8336438154954,,,mixed C-H out-of-plane bending / C-H bending,delta(C7-C8-H19),angle,2.7645562793635876,+,0.12569574443709042,0.37514120679903984
42,1409.8336438154954,,,mixed C-H out-of-plane bending / C-H bending,delta(C5-C4-H13),angle,1.3498246690939035,+,0.11331238109086478,0.22538920624003742
42,1409.8336438154954,,,mixed C-H out-of-plane bending / C-H bending,nu(O3-C4),bond,0.7522100380023755,+,0.06557709154100283,0.375012122768873
42,1409.8336438154954,,,mixed C-H out-of-plane bending / C-H bending,nu(C2-O3),bond,0.5834370183944152,+,0.07051898336574036,0.25153149975958655
42,1409.8336438154954,,,mixed C-H out-of-plane bending / C-H bending,nu(C7-C8),bond,0.5609281587714577,-,-0.06471471438229977,0.287151870291782
42,1409.8336438154954,,,mixed C-H out-of-plane bending / C-H bending,delta(C1-C2-C7),angle,0.3426304582890756,+,0.045728537504763314,0.35128679741124474
42,1409.8336438154954,,,mixed C-H out-of-plane bending / C-H bending,"gamma(H14;C5,C6,C9)",oop,0.32277501206925613,-,-0.05838848279765893,0.2029812906968152
42,1409.8336438154954,,,mixed C-H out-of-plane bending / C-H bending,tau(H10-C1-C2-O3),dihedral,0.30210277869474084,+,0.06073976048170825,0.17555736525640764
42,1409.8336438154954,,,mixed C-H out-of-plane bending / C-H bending,"gamma(H21;C9,C5,C7)",oop,0.2958076522885023,+,0.020818015460175712,1.4633264940362696
42,1409.8336438154954,,,mixed C-H out-of-plane bending / C-H bending,delta(O3-C2-C7),angle,0.27389665748332126,-,-0.02221447595946189,1.1899400216449423
42,1409.8336438154954,,,mixed C-H out-of-plane bending / C-H bending,tau(O3-C2-C7-C6),dihedral,0.2668394576650189,+,0.026052075396343015,0.8428996647092574
42,1409.8336438154954,,,mixed C-H out-of-plane bending / C-H bending,delta(H15-C6-H16),angle,0.2483073574183773,+,0.03843402162951352,0.3603864154338734
42,1409.8336438154954,,,mixed C-H out-of-plane bending / C-H bending,"gamma(C6;C7,C2,C9)",oop,0.22682506545387487,+,0.017456623259284845,1.5958095173539286
42,1409.8336438154954,,,mixed C-H out-of-plane bending / C-H bending,tau(C4-C5-C9-H20),dihedral,0.21494762817183055,-,-0.028345948381807207,0.5735366270754743
42,1409.8336438154954,,,mixed C-H out-of-plane bending / C-H bending,"gamma(O3;C4,C5,H13)",oop,0.15808819000507657,-,-0.05061303273128684,0.13230772126924695
42,1409.8336438154954,,,mixed C-H out-of-plane bending / C-H bending,nu(C1-C2),bond,0.15792988407613068,+,0.03364308654293135,0.2991459555841769
42,1409.8336438154954,,,mixed C-H out-of-plane bending / C-H bending,delta(O3-C4-C5),angle,0.12404936739812894,-,-0.01603811896240006,1.033946761767908
42,1409.8336438154954,,,mixed C-H out-of-plane bending / C-H bending,tau(H12-C1-C2-C7),dihedral,0.1105712702738179,-,-0.037387940458633924,0.16958588363924
42,1409.8336438154954,,,mixed C-H out-of-plane bending / C-H bending,delta(C4-C5-C9),angle,0.0793232194027374,+,0.010625882146518082,1.506193701341896
42,1409.8336438154954,,,mixed C-H out-of-plane bending / C-H bending,nu(C4-C5),bond,0.05827260288152722,-,-0.020393554319111416,0.30039247824764354
42,1409.8336438154954,,,mixed C-H out-of-plane bending / C-H bending,delta(H20-C9-H21),angle,0.057027840332195864,+,0.01347860669231521,0.6729881358363181
42,1409.8336438154954,,,mixed C-H out-of-plane bending / C-H bending,nu(C5-C6),bond,0.04250276084935655,-,-0.01685288861876554,0.3208329206887749
42,1409.8336438154954,,,mixed C-H out-of-plane bending / C-H bending,delta(C7-C6-H15),angle,0.041622243481844776,-,-0.017925780618249683,0.27770251683716846
42,1409.8336438154954,,,mixed C-H out-of-plane bending / C-H bending,tau(C2-C7-C9-H21),dihedral,0.0392456214704473,+,0.011226205352795884,0.6676298268489548
42,1409.8336438154954,,,mixed C-H out-of-plane bending / C-H bending,delta(C5-C6-H15),angle,0.031412451199071476,-,-0.015519994246633109,0.27959487055579446
42,1409.8336438154954,,,mixed C-H out-of-plane bending / C-H bending,tau(C1-C2-C7-C6),dihedral,0.02732435975271888,-,-0.014585606369310037,0.27536675168740415
42,1409.8336438154954,,,mixed C-H out-of-plane bending / C-H bending,nu(C1-H12),bond,0.024189714420875242,-,-0.01235048565405498,0.33999548876067176
42,1409.8336438154954,,,mixed C-H out-of-plane bending / C-H bending,delta(C5-C6-H16),angle,0.020085034946490304,-,-0.011308389186573176,0.33672982370377696
42,1409.8336438154954,,,mixed C-H out-of-plane bending / C-H bending,tau(C6-C7-C8-H18),dihedral,0.01962391316138812,+,0.012904138510881234,0.25266091572024935
42,1409.8336438154954,,,mixed C-H out-of-plane bending / C-H bending,tau(C2-C7-C8-H19),dihedral,0.015654663071960798,-,-0.010968587188722718,0.2789669960422185
42,1409.8336438154954,,,mixed C-H out-of-plane bending / C-H bending,nu(C1-H10),bond,0.01329056059883997,-,-0.009229085227129289,0.33453107906648005
42,1409.8336438154954,,,mixed C-H out-of-plane bending / C-H bending,tau(C2-C4-C5-H14),dihedral,0.011414700054612714,-,-0.013206037517863084,0.1403233470126861
42,1409.8336438154954,,,mixed C-H out-of-plane bending / C-H bending,nu(C5-C9),bond,0.009093735031389513,-,-0.008674512077066657,0.25909716935407706
42,1409.8336438154954,,,mixed C-H out-of-plane bending / C-H bending,nu(C8-H19),bond,0.008898584582769906,+,0.007554595055791183,0.3342789560628059
42,1409.8336438154954,,,mixed C-H out-of-plane bending / C-H bending,nu(C8-H18),bond,0.007804608214575061,+,0.007090434688112106,0.3328249452823529
42,1409.8336438154954,,,mixed C-H out-of-plane bending / C-H bending,nu(C4-H13),bond,0.005503501305739408,+,0.0057900342340406925,0.351955126413533
42,1409.8336438154954,,,mixed C-H out-of-plane bending / C-H bending,nu(C8-H17),bond,0.005444307630304616,+,0.005927109207197082,0.33225175462853057
42,1409.8336438154954,,,mixed C-H out-of-plane bending / C-H bending,nu(C1-H11),bond,0.0047716465409041115,-,-0.00554390770788741,0.3328486247653903
42,1409.8336438154954,,,mixed C-H out-of-plane bending / C-H bending,tau(C9-C7-C8-H17),dihedral,0.004668087973714652,-,-0.0076166897410914975,0.1725110767453955
42,1409.8336438154954,,,mixed C-H out-of-plane bending / C-H bending,tau(C8-C7-C9-C5),dihedral,0.0033274982253304873,-,-0.004813000228668191,0.3079615894469893
42,1409.8336438154954,,,mixed C-H out-of-plane bending / C-H bending,nu(C6-H16),bond,0.0016381278196076572,-,-0.0031813577872954976,0.3470030099281011
42,1409.8336438154954,,,mixed C-H out-of-plane bending / C-H bending,nu(C6-C7),bond,0.0014941617926515923,-,-0.003351973156347951,0.2851064531742666
42,1409.8336438154954,,,mixed C-H out-of-plane bending / C-H bending,"gamma(C7;C9,H20,H21)",oop,0.0014314346087593774,+,0.002684158548045505,0.42595690951260695
42,1409.8336438154954,,,mixed C-H out-of-plane bending / C-H bending,nu(C9-H20),bond,0.0005055484633622307,-,-0.0018090309910208414,0.3311930886360174
42,1409.8336438154954,,,mixed C-H out-of-plane bending / C-H bending,nu(C6-H15),bond,0.0001305626976432479,-,-0.0009095501376101549,0.33835789268622185
42,1409.8336438154954,,,mixed C-H out-of-plane bending / C-H bending,nu(C2-C7),bond,2.114825581719463e-05,-,-0.0003769503776044578,0.31909255709522183
42,1409.8336438154954,,,mixed C-H out-of-plane bending / C-H bending,nu(C7-C9),bond,1.3429496464048762e-05,-,-0.0003485912676326014,0.23693935749874415
42,1409.8336438154954,,,mixed C-H out-of-plane bending / C-H bending,nu(C5-H14),bond,1.6439797699461259e-06,-,-0.00010143690364576882,0.3425429122248566
42,1409.8336438154954,,,mixed C-H out-of-plane bending / C-H bending,nu(C9-H21),bond,1.3423874261450273e-06,+,9.25785586891663e-05,0.33578982314146966
43,1420.3925273186192,,,mixed C-H out-of-plane bending / C-H bending,"gamma(H17;C8,H18,H19)",oop,53.55084506665456,-,-0.6686862200375817,0.35753668248522347
43,1420.3925273186192,,,mixed C-H out-of-plane bending / C-H bending,delta(C7-C8-H17),angle,12.29152966332664,-,-0.27538705822670667,0.4838579761113301
43,1420.3925273186192,,,mixed C-H out-of-plane bending / C-H bending,delta(C7-C8-H19),angle,8.794058161880892,-,-0.26454331627712774,0.37514120679903984
43,1420.3925273186192,,,mixed C-H out-of-plane bending / C-H bending,delta(H18-C8-H19),angle,8.251033794943542,+,0.2633000457043672,0.35530843806641327
43,1420.3925273186192,,,mixed C-H out-of-plane bending / C-H bending,"gamma(H12;C1,H10,H11)",oop,8.073156103176247,-,-0.3337194230289076,0.21641103722868646
43,1420.3925273186192,,,mixed C-H out-of-plane bending / C-H bending,nu(C7-C8),bond,2.4997524743093615,+,0.16121007910671203,0.287151870291782
43,1420.3925273186192,,,mixed C-H out-of-plane bending / C-H bending,delta(C2-C1-H11),angle,2.3167913847743007,-,-0.1367628029158585,0.36978557709159526
43,1420.3925273186192,,,mixed C-H out-of-plane bending / C-H bending,delta(C2-C1-H12),angle,1.4513004731743273,-,-0.11930705849191645,0.3043855873378456
43,1420.3925273186192,,,mixed C-H out-of-plane bending / C-H bending,delta(H10-C1-H11),angle,1.2480872171879864,+,0.12143969230961366,0.25265194351349923
43,1420.3925273186192,,,mixed C-H out-of-plane bending / C-H bending,nu(C2-C4),bond,0.25850690478965843,+,0.03791193871722274,0.5369318728370088
43,1420.3925273186192,,,mixed C-H out-of-plane bending / C-H bending,"gamma(C6;C7,C2,C9)",oop,0.1851674701343342,+,0.01861192669519067,1.5958095173539286
43,1420.3925273186192,,,mixed C-H out-of-plane bending / C-H bending,nu(C1-C2),bond,0.17190771658568488,+,0.04141957423468186,0.2991459555841769
43,1420.3925273186192,,,mixed C-H out-of-plane bending / C-H bending,tau(O3-C2-C7-C6),dihedral,0.13342150709784284,+,0.021738245680965086,0.8428996647092574
43,1420.3925273186192,,,mixed C-H out-of-plane bending / C-H bending,delta(C5-C4-H13),angle,0.09777631138730415,+,0.03598734273023348,0.22538920624003742
43,1420.3925273186192,,,mixed C-H out-of-plane bending / C-H bending,nu(C2-C7),bond,0.07875456792923985,-,-0.027144325326407873,0.31909255709522183
43,1420.3925273186192,,,mixed C-H out-of-plane bending / C-H bending,delta(C1-C2-C7),angle,0.06651750133643367,+,0.02377587790548572,0.35128679741124474
43,1420.3925273186192,,,mixed C-H out-of-plane bending / C-H bending,tau(C4-C5-C9-H20),dihedral,0.05879901077919263,-,-0.01749459701897347,0.5735366270754743
43,1420.3925273186192,,,mixed C-H out-of-plane bending / C-H bending,nu(C6-C7),bond,0.050002149106058005,-,-0.02288180730830101,0.2851064531742666
43,1420.3925273186192,,,mixed C-H out-of-plane bending / C-H bending,tau(C2-C7-C9-H21),dihedral,0.04040676248416413,+,0.013441838533392115,0.6676298268489548
43,1420.3925273186192,,,mixed C-H out-of-plane bending / C-H bending,nu(O3-C4),bond,0.03645598196983455,+,0.017035750037078006,0.375012122768873
43,1420.3925273186192,,,mixed C-H out-of-plane bending / C-H bending,nu(C7-C9),bond,0.0360781359678143,-,-0.021320773403753945,0.23693935749874415
43,1420.3925273186192,,,mixed C-H out-of-plane bending / C-H bending,delta(O3-C2-C7),angle,0.034987855632812453,-,-0.009369051785667855,1.1899400216449423
43,1420.3925273186192,,,mixed C-H out-of-plane bending / C-H bending,delta(H15-C6-H16),angle,0.029158142778497778,+,0.015541582399108756,0.3603864154338734
43,1420.3925273186192,,,mixed C-H out-of-plane bending / C-H bending,nu(C2-O3),bond,0.029153722771357148,+,0.018601601314068184,0.25153149975958655
43,1420.3925273186192,,,mixed C-H out-of-plane bending / C-H bending,tau(C6-C7-C8-H18),dihedral,0.021971060771423082,+,0.01611224258714573,0.25266091572024935
43,1420.3925273186192,,,mixed C-H out-of-plane bending / C-H bending,delta(C4-C5-C9),angle,0.021365062054122558,+,0.006507455066019564,1.506193701341896
43,1420.3925273186192,,,mixed C-H out-of-plane bending / C-H bending,tau(C2-C7-C8-H19),dihedral,0.02060010006544928,-,-0.014847651464097958,0.2789669960422185
43,1420.3925273186192,,,mixed C-H out-of-plane bending / C-H bending,nu(C8-H18),bond,0.0187126177827189,-,-0.012955639385237068,0.3328249452823529
43,1420.3925273186192,,,mixed C-H out-of-plane bending / C-H bending,nu(C8-H17),bond,0.018339256013867274,-,-0.012836798595157076,0.33225175462853057
43,1420.3925273186192,,,mixed C-H out-of-plane bending / C-H bending,nu(C8-H19),bond,0.018199415027491395,-,-0.012748929165554788,0.3342789560628059
43,1420.3925273186192,,,mixed C-H out-of-plane bending / C-H bending,tau(H10-C1-C2-O3),dihedral,0.017500826604178173,+,0.017251198247486457,0.17555736525640764
43,1420.3925273186192,,,mixed C-H out-of-plane bending / C-H bending,nu(C4-C5),bond,0.015840947663334288,-,-0.012547163721278518,0.30039247824764354
43,1420.3925273186192,,,mixed C-H out-of-plane bending / C-H bending,"gamma(H21;C9,C5,C7)",oop,0.013136130087571349,-,-0.00517681463678324,1.4633264940362696
43,1420.3925273186192,,,mixed C-H out-of-plane bending / C-H bending,"gamma(O3;C4,C5,H13)",oop,0.011975791885205077,-,-0.016438380829374887,0.13230772126924695
43,1420.3925273186192,,,mixed C-H out-of-plane bending / C-H bending,nu(C5-C6),bond,0.006961460492955675,-,-0.008048412580519564,0.3208329206887749
43,1420.3925273186192,,,mixed C-H out-of-plane bending / C-H bending,delta(O3-C4-C5),angle,0.005230227197280175,-,-0.003886070730477409,1.033946761767908
43,1420.3925273186192,,,mixed C-H out-of-plane bending / C-H bending,tau(H12-C1-C2-C7),dihedral,0.004040798189505926,-,-0.008434090239751,0.16958588363924
43,1420.3925273186192,,,mixed C-H out-of-plane bending / C-H bending,nu(C1-H12),bond,0.004028530589337508,-,-0.0059475248842972,0.33999548876067176
43,1420.3925273186192,,,mixed C-H out-of-plane bending / C-H bending,delta(C7-C6-H15),angle,0.0035875675738759293,+,0.006210258091747141,0.27770251683716846
43,1420.3925273186192,,,mixed C-H out-of-plane bending / C-H bending,nu(C5-C9),bond,0.0033998263806476045,-,-0.00625887888769561,0.25909716935407706
43,1420.3925273186192,,,mixed C-H out-of-plane bending / C-H bending,nu(C1-H10),bond,0.0025071724901737907,-,-0.004730133340703148,0.33453107906648005
43,1420.3925273186192,,,mixed C-H out-of-plane bending / C-H bending,"gamma(H14;C5,C6,C9)",oop,0.0024734868460623096,-,-0.006031513580029983,0.2029812906968152
43,1420.3925273186192,,,mixed C-H out-of-plane bending / C-H bending,"gamma(C7;C9,H20,H21)",oop,0.002027812276055182,-,-0.003769906269149776,0.42595690951260695
43,1420.3925273186192,,,mixed C-H out-of-plane bending / C-H bending,nu(C1-H11),bond,0.0015735684657272357,-,-0.0037568075730445394,0.3328486247653903
43,1420.3925273186192,,,mixed C-H out-of-plane bending / C-H bending,delta(C5-C6-H16),angle,0.0014806321699950943,-,-0.003623116604502638,0.33672982370377696
43,1420.3925273186192,,,mixed C-H out-of-plane bending / C-H bending,tau(C2-C4-C5-H14),dihedral,0.0004545723431247709,-,-0.003109825707136549,0.1403233470126861
43,1420.3925273186192,,,mixed C-H out-of-plane bending / C-H bending,tau(C9-C7-C8-H17),dihedral,0.00029970391136639214,-,-0.002277389032146868,0.1725110767453955
43,1420.3925273186192,,,mixed C-H out-of-plane bending / C-H bending,nu(C4-H13),bond,0.00014047272726662067,+,0.0010915707049397334,0.351955126413533
43,1420.3925273186192,,,mixed C-H out-of-plane bending / C-H bending,nu(C9-H21),bond,0.00012449024778297529,+,0.001052042811158016,0.33578982314146966
43,1420.3925273186192,,,mixed C-H out-of-plane bending / C-H bending,delta(C5-C6-H15),angle,0.00011642321194585847,-,-0.0011149482259003095,0.27959487055579446
43,1420.3925273186192,,,mixed C-H out-of-plane bending / C-H bending,nu(C6-H16),bond,9.51813746572429e-05,-,-0.000904917272264647,0.3470030099281011
43,1420.3925273186192,,,mixed C-H out-of-plane bending / C-H bending,delta(H20-C9-H21),angle,8.020650171575505e-05,+,0.0005964864678474272,0.6729881358363181
43,1420.3925273186192,,,mixed C-H out-of-plane bending / C-H bending,tau(C1-C2-C7-C6),dihedral,4.678089453191151e-05,-,-0.0007121607306613195,0.27536675168740415
43,1420.3925273186192,,,mixed C-H out-of-plane bending / C-H bending,nu(C6-H15),bond,4.040747419181452e-05,+,0.0005970933146600254,0.33835789268622185
43,1420.3925273186192,,,mixed C-H out-of-plane bending / C-H bending,nu(C5-H14),bond,1.0872832614783103e-06,+,9.7344937481027e-05,0.3425429122248566
43,1420.3925273186192,,,mixed C-H out-of-plane bending / C-H bending,tau(C8-C7-C9-C5),dihedral,2.3096235456450417e-07,+,4.731750484075756e-05,0.3079615894469893
43,1420.3925273186192,,,mixed C-H out-of-plane bending / C-H bending,nu(C9-H20),bond,7.226276219894524e-08,+,2.5522085468774684e-05,0.3311930886360174
44,1445.3907299169678,,,mixed C-H bending / cyclic C-C stretching,nu(C2-C4),bond,23.335320423912087,-,-0.2724730292088455,0.5369318728370088
44,1445.3907299169678,,,mixed C-H bending / cyclic C-C stretching,delta(H10-C1-H11),angle,14.70719599654833,+,0.31534056869189425,0.25265194351349923
44,1445.3907299169678,,,mixed C-H bending / cyclic C-C stretching,nu(C1-C2),bond,11.742175540955882,+,0.25894584371448925,0.2991459555841769
44,1445.3907299169678,,,mixed C-H bending / cyclic C-C stretching,"gamma(H12;C1,H10,H11)",oop,6.777124579884318,-,-0.2312912799070796,0.21641103722868646
44,1445.3907299169678,,,mixed C-H bending / cyclic C-C stretching,delta(O3-C2-C7),angle,5.052641198880825,+,0.08516730833780901,1.1899400216449423
44,1445.3907299169678,,,mixed C-H bending / cyclic C-C stretching,delta(C2-C1-H12),angle,3.658458221244559,-,-0.1432891266637223,0.3043855873378456
44,1445.3907299169678,,,mixed C-H bending / cyclic C-C stretching,"gamma(C6;C7,C2,C9)",oop,3.6072735129205418,-,-0.062140570936561286,1.5958095173539286
44,1445.3907299169678,,,mixed C-H bending / cyclic C-C stretching,delta(C5-C4-H13),angle,3.5877349558375387,-,-0.1648996929981704,0.22538920624003742
44,1445.3907299169678,,,mixed C-H bending / cyclic C-C stretching,delta(C2-C1-H11),angle,3.2843601085375265,-,-0.12317615076831012,0.36978557709159526
44,1445.3907299169678,,,mixed C-H bending / cyclic C-C stretching,nu(C2-O3),bond,3.175662042651708,-,-0.14685785378792626,0.25153149975958655
44,1445.3907299169678,,,mixed C-H bending / cyclic C-C stretching,nu(O3-C4),bond,3.029860023139692,-,-0.11748024865153073,0.375012122768873
44,1445.3907299169678,,,mixed C-H bending / cyclic C-C stretching,tau(O3-C2-C7-C6),dihedral,2.5589992037433467,-,-0.0720150659873611,0.8428996647092574
44,1445.3907299169678,,,mixed C-H bending / cyclic C-C stretching,delta(C1-C2-C7),angle,2.2445455085947414,-,-0.10447431248370125,0.35128679741124474
44,1445.3907299169678,,,mixed C-H bending / cyclic C-C stretching,delta(H15-C6-H16),angle,1.6763152301094097,-,-0.08913943303724024,0.3603864154338734
44,1445.3907299169678,,,mixed C-H bending / cyclic C-C stretching,"gamma(H17;C8,H18,H19)",oop,1.3887263457438415,+,0.08145622183035811,0.35753668248522347
44,1445.3907299169678,,,mixed C-H bending / cyclic C-C stretching,"gamma(H21;C9,C5,C7)",oop,1.37010705752996,-,-0.0399928967554757,1.4633264940362696
44,1445.3907299169678,,,mixed C-H bending / cyclic C-C stretching,tau(H10-C1-C2-O3),dihedral,1.2103607501040867,-,-0.10852358123125112,0.17555736525640764
44,1445.3907299169678,,,mixed C-H bending / cyclic C-C stretching,delta(H20-C9-H21),angle,1.1613581951841896,-,-0.054294472558279974,0.6729881358363181
44,1445.3907299169678,,,mixed C-H bending / cyclic C-C stretching,tau(C4-C5-C9-H20),dihedral,1.1276301061659821,+,0.05795340803444719,0.5735366270754743
44,1445.3907299169678,,,mixed C-H bending / cyclic C-C stretching,"gamma(O3;C4,C5,H13)",oop,0.6551690407174813,+,0.09197299242239453,0.13230772126924695
44,1445.3907299169678,,,mixed C-H bending / cyclic C-C stretching,tau(C2-C7-C9-H21),dihedral,0.5600695055744231,-,-0.037855529587997705,0.6676298268489548
44,1445.3907299169678,,,mixed C-H bending / cyclic C-C stretching,nu(C4-C5),bond,0.43661720231501494,+,0.04982899436727362,0.30039247824764354
44,1445.3907299169678,,,mixed C-H bending / cyclic C-C stretching,delta(O3-C4-C5),angle,0.3772067977878462,+,0.02496415640234066,1.033946761767908
44,1445.3907299169678,,,mixed C-H bending / cyclic C-C stretching,delta(C4-C5-C9),angle,0.3632329180254036,-,-0.020296839354785677,1.506193701341896
44,1445.3907299169678,,,mixed C-H bending / cyclic C-C stretching,nu(C7-C8),bond,0.3246379988155773,-,-0.0439460737047732,0.287151870291782
44,1445.3907299169678,,,mixed C-H bending / cyclic C-C stretching,delta(C7-C8-H19),angle,0.288064839342389,+,0.036217958663136804,0.37514120679903984
44,1445.3907299169678,,,mixed C-H bending / cyclic C-C stretching,"gamma(H14;C5,C6,C9)",oop,0.27683250081055844,+,0.0482677173925096,0.2029812906968152
44,1445.3907299169678,,,mixed C-H bending / cyclic C-C stretching,delta(C5-C6-H16),angle,0.27571918932249023,+,0.037399770146683574,0.33672982370377696
44,1445.3907299169678,,,mixed C-H bending / cyclic C-C stretching,tau(C6-C7-C8-H18),dihedral,0.2549562888013834,-,-0.04151834750975526,0.25266091572024935
44,1445.3907299169678,,,mixed C-H bending / cyclic C-C stretching,delta(C7-C8-H17),angle,0.2517005986820832,+,0.029809823190946032,0.4838579761113301
44,1445.3907299169678,,,mixed C-H bending / cyclic C-C stretching,tau(C2-C7-C8-H19),dihedral,0.18537824067656247,+,0.03369218628673853,0.2789669960422185
44,1445.3907299169678,,,mixed C-H bending / cyclic C-C stretching,nu(C6-C7),bond,0.1609515209197865,+,0.031054192937683557,0.2851064531742666
44,1445.3907299169678,,,mixed C-H bending / cyclic C-C stretching,nu(C2-C7),bond,0.1606315397752308,-,-0.029324681386832967,0.31909255709522183
44,1445.3907299169678,,,mixed C-H bending / cyclic C-C stretching,delta(C5-C6-H15),angle,0.1031793720685574,+,0.025107765777141244,0.27959487055579446
44,1445.3907299169678,,,mixed C-H bending / cyclic C-C stretching,tau(H12-C1-C2-C7),dihedral,0.10205501826557674,+,0.03206258702174257,0.16958588363924
44,1445.3907299169678,,,mixed C-H bending / cyclic C-C stretching,tau(C2-C4-C5-H14),dihedral,0.06595670234286793,+,0.028336142482672376,0.1403233470126861
44,1445.3907299169678,,,mixed C-H bending / cyclic C-C stretching,tau(C8-C7-C9-C5),dihedral,0.06446442125232008,+,0.018909846170528294,0.3079615894469893
44,1445.3907299169678,,,mixed C-H bending / cyclic C-C stretching,tau(C9-C7-C8-H17),dihedral,0.06322001750482946,+,0.025020445663874718,0.1725110767453955
44,1445.3907299169678,,,mixed C-H bending / cyclic C-C stretching,delta(C7-C6-H15),angle,0.05628263987044267,+,0.01860687970471715,0.27770251683716846
44,1445.3907299169678,,,mixed C-H bending / cyclic C-C stretching,tau(C1-C2-C7-C6),dihedral,0.05624225867595085,+,0.01867892395969999,0.27536675168740415
44,1445.3907299169678,,,mixed C-H bending / cyclic C-C stretching,"gamma(C7;C9,H20,H21)",oop,0.046772449029727076,+,0.013695832931576316,0.42595690951260695
44,1445.3907299169678,,,mixed C-H bending / cyclic C-C stretching,nu(C1-H11),bond,0.03822901475496944,-,-0.014007137677762212,0.3328486247653903
44,1445.3907299169678,,,mixed C-H bending / cyclic C-C stretching,delta(H18-C8-H19),angle,0.03520828192714003,+,0.013010556827865519,0.35530843806641327
44,1445.3907299169678,,,mixed C-H bending / cyclic C-C stretching,nu(C7-C9),bond,0.030965108697540655,+,0.014941490717137147,0.23693935749874415
44,1445.3907299169678,,,mixed C-H bending / cyclic C-C stretching,nu(C5-C6),bond,0.028708817268811384,+,0.01236358492119383,0.3208329206887749
44,1445.3907299169678,,,mixed C-H bending / cyclic C-C stretching,nu(C4-H13),bond,0.017063168990471823,-,-0.009100440750036362,0.351955126413533
44,1445.3907299169678,,,mixed C-H bending / cyclic C-C stretching,nu(C6-H16),bond,0.007297637389095893,+,0.005993779295153865,0.3470030099281011
44,1445.3907299169678,,,mixed C-H bending / cyclic C-C stretching,nu(C1-H10),bond,0.0064636446556480725,-,-0.005745088574628617,0.33453107906648005
44,1445.3907299169678,,,mixed C-H bending / cyclic C-C stretching,nu(C9-H20),bond,0.005196009371024559,+,0.005176909325505361,0.3311930886360174
44,1445.3907299169678,,,mixed C-H bending / cyclic C-C stretching,nu(C1-H12),bond,0.002115520697986572,+,0.003260230381407574,0.33999548876067176
44,1445.3907299169678,,,mixed C-H bending / cyclic C-C stretching,nu(C8-H17),bond,0.0011642200992911065,+,0.002446584009569769,0.33225175462853057
44,1445.3907299169678,,,mixed C-H bending / cyclic C-C stretching,nu(C8-H19),bond,0.0007404432328123932,-,-0.0019452149275322578,0.3342789560628059
44,1445.3907299169678,,,mixed C-H bending / cyclic C-C stretching,nu(C8-H18),bond,0.0006977261648331089,+,0.00189239066998997,0.3328249452823529
44,1445.3907299169678,,,mixed C-H bending / cyclic C-C stretching,nu(C5-C9),bond,0.0006084539059344648,+,0.0020028975516000304,0.25909716935407706
44,1445.3907299169678,,,mixed C-H bending / cyclic C-C stretching,nu(C6-H15),bond,0.0002652797657403862,+,0.001157284496267084,0.33835789268622185
44,1445.3907299169678,,,mixed C-H bending / cyclic C-C stretching,nu(C5-H14),bond,7.629864622826783e-05,-,-0.0006168465661388994,0.3425429122248566
44,1445.3907299169678,,,mixed C-H bending / cyclic C-C stretching,nu(C9-H21),bond,1.0312167383181374e-05,-,-0.00022904321975676794,0.33578982314146966
45,1483.7790842854788,,,mixed C-H bending / ring-site C-H out-of-plane bending,delta(H20-C9-H21),angle,31.260910882333174,-,-0.4193229890353145,0.6729881358363181
45,1483.7790842854788,,,mixed C-H bending / ring-site C-H out-of-plane bending,delta(H15-C6-H16),angle,30.214361671771805,+,0.5633445127463302,0.3603864154338734
45,1483.7790842854788,,,mixed C-H bending / ring-site C-H out-of-plane bending,"gamma(H21;C9,C5,C7)",oop,17.151675124226035,-,-0.21063678425494034,1.4633264940362696
45,1483.7790842854788,,,mixed C-H bending / ring-site C-H out-of-plane bending,tau(C2-C7-C9-H21),dihedral,5.035098854429966,+,0.16896147729294506,0.6676298268489548
45,1483.7790842854788,,,mixed C-H bending / ring-site C-H out-of-plane bending,tau(C4-C5-C9-H20),dihedral,4.848431971382451,+,0.17888405743914135,0.5735366270754743
45,1483.7790842854788,,,mixed C-H bending / ring-site C-H out-of-plane bending,delta(C5-C6-H15),angle,3.025404476410697,-,-0.20238516981770938,0.27959487055579446
45,1483.7790842854788,,,mixed C-H bending / ring-site C-H out-of-plane bending,delta(C7-C6-H15),angle,2.885788424140998,-,-0.198332505523191,0.27770251683716846
45,1483.7790842854788,,,mixed C-H bending / ring-site C-H out-of-plane bending,delta(C5-C6-H16),angle,2.687475141258466,-,-0.17381329761564662,0.33672982370377696
45,1483.7790842854788,,,mixed C-H bending / ring-site C-H out-of-plane bending,delta(H10-C1-H11),angle,1.0470506608196057,+,0.12524894854024607,0.25265194351349923
45,1483.7790842854788,,,mixed C-H bending / ring-site C-H out-of-plane bending,"gamma(H12;C1,H10,H11)",oop,0.3077648593958723,+,0.07337048244187157,0.21641103722868646
45,1483.7790842854788,,,mixed C-H bending / ring-site C-H out-of-plane bending,tau(H10-C1-C2-O3),dihedral,0.29177614929010887,-,-0.0793171187474195,0.17555736525640764
45,1483.7790842854788,,,mixed C-H bending / ring-site C-H out-of-plane bending,nu(C5-C6),bond,0.20250159977426818,+,0.048879452144737184,0.3208329206887749
45,1483.7790842854788,,,mixed C-H bending / ring-site C-H out-of-plane bending,nu(C6-C7),bond,0.17564809187704708,+,0.04829139567823036,0.2851064531742666
45,1483.7790842854788,,,mixed C-H bending / ring-site C-H out-of-plane bending,delta(H18-C8-H19),angle,0.1505134175881093,+,0.04004390390634752,0.35530843806641327
45,1483.7790842854788,,,mixed C-H bending / ring-site C-H out-of-plane bending,delta(C2-C1-H12),angle,0.1057470061291538,+,0.03626382086130888,0.3043855873378456
45,1483.7790842854788,,,mixed C-H bending / ring-site C-H out-of-plane bending,nu(C5-C9),bond,0.08002965876468128,-,-0.034193669614574894,0.25909716935407706
45,1483.7790842854788,,,mixed C-H bending / ring-site C-H out-of-plane bending,nu(C7-C9),bond,0.0698058944400501,-,-0.03339481236253228,0.23693935749874415
45,1483.7790842854788,,,mixed C-H bending / ring-site C-H out-of-plane bending,delta(C2-C1-H11),angle,0.06272944632249455,-,-0.02534033230593882,0.36978557709159526
45,1483.7790842854788,,,mixed C-H bending / ring-site C-H out-of-plane bending,tau(O3-C2-C7-C6),dihedral,0.0605602141946126,+,0.016491392322797165,0.8428996647092574
45,1483.7790842854788,,,mixed C-H bending / ring-site C-H out-of-plane bending,tau(C2-C7-C8-H19),dihedral,0.05827102866754708,+,0.028119104919082004,0.2789669960422185
45,1483.7790842854788,,,mixed C-H bending / ring-site C-H out-of-plane bending,"gamma(H17;C8,H18,H19)",oop,0.052070737856050264,+,0.023479461144356676,0.35753668248522347
45,1483.7790842854788,,,mixed C-H bending / ring-site C-H out-of-plane bending,tau(C6-C7-C8-H18),dihedral,0.028692885063304027,-,-0.020733357642345913,0.25266091572024935
45,1483.7790842854788,,,mixed C-H bending / ring-site C-H out-of-plane bending,nu(C6-H15),bond,0.024678734047969747,-,-0.016615937345211808,0.33835789268622185
45,1483.7790842854788,,,mixed C-H bending / ring-site C-H out-of-plane bending,"gamma(C7;C9,H20,H21)",oop,0.019383943557193046,+,0.013124712453517878,0.42595690951260695
45,1483.7790842854788,,,mixed C-H bending / ring-site C-H out-of-plane bending,nu(C9-H20),bond,0.018032970109292588,+,0.014356367316640747,0.3311930886360174
45,1483.7790842854788,,,mixed C-H bending / ring-site C-H out-of-plane bending,nu(C9-H21),bond,0.01782192575148369,+,0.01417408761240201,0.33578982314146966
45,1483.7790842854788,,,mixed C-H bending / ring-site C-H out-of-plane bending,nu(C6-H16),bond,0.016749903939413894,-,-0.01351733578128401,0.3470030099281011
45,1483.7790842854788,,,mixed C-H bending / ring-site C-H out-of-plane bending,delta(C7-C8-H17),angle,0.015494816332384347,+,0.011009962172136655,0.4838579761113301
45,1483.7790842854788,,,mixed C-H bending / ring-site C-H out-of-plane bending,"gamma(C6;C7,C2,C9)",oop,0.015178678720518202,+,0.0060003698694401355,1.5958095173539286
45,1483.7790842854788,,,mixed C-H bending / ring-site C-H out-of-plane bending,delta(C4-C5-C9),angle,0.014367171216110248,-,-0.006008924992199434,1.506193701341896
45,1483.7790842854788,,,mixed C-H bending / ring-site C-H out-of-plane bending,tau(C9-C7-C8-H17),dihedral,0.010112837420598587,-,-0.014896340213435973,0.1725110767453955
45,1483.7790842854788,,,mixed C-H bending / ring-site C-H out-of-plane bending,nu(C2-C4),bond,0.009769663183409884,+,0.00829911468208307,0.5369318728370088
45,1483.7790842854788,,,mixed C-H bending / ring-site C-H out-of-plane bending,tau(H12-C1-C2-C7),dihedral,0.009690972821876557,+,0.014707552293256687,0.16958588363924
45,1483.7790842854788,,,mixed C-H bending / ring-site C-H out-of-plane bending,tau(C1-C2-C7-C6),dihedral,0.007974325869182857,+,0.010469906456860913,0.27536675168740415
45,1483.7790842854788,,,mixed C-H bending / ring-site C-H out-of-plane bending,delta(C5-C4-H13),angle,0.005142021800634877,-,-0.009292914951018371,0.22538920624003742
45,1483.7790842854788,,,mixed C-H bending / ring-site C-H out-of-plane bending,nu(C4-C5),bond,0.0033188187106802675,+,0.006466939540789151,0.30039247824764354
45,1483.7790842854788,,,mixed C-H bending / ring-site C-H out-of-plane bending,nu(C7-C8),bond,0.0025258893595194033,-,-0.005770359882199572,0.287151870291782
45,1483.7790842854788,,,mixed C-H bending / ring-site C-H out-of-plane bending,nu(O3-C4),bond,0.0016690760131134073,-,-0.004104563388873925,0.375012122768873
45,1483.7790842854788,,,mixed C-H bending / ring-site C-H out-of-plane bending,nu(C1-H12),bond,0.0010531244933432028,+,0.003424166248972631,0.33999548876067176
45,1483.7790842854788,,,mixed C-H bending / ring-site C-H out-of-plane bending,nu(C1-C2),bond,0.001001141471736444,-,-0.0035592436674489443,0.2991459555841769
45,1483.7790842854788,,,mixed C-H bending / ring-site C-H out-of-plane bending,"gamma(H14;C5,C6,C9)",oop,0.0005668350070720819,-,-0.003251261413919314,0.2029812906968152
45,1483.7790842854788,,,mixed C-H bending / ring-site C-H out-of-plane bending,nu(C1-H11),bond,0.00047546824790747845,-,-0.002325353261863563,0.3328486247653903
45,1483.7790842854788,,,mixed C-H bending / ring-site C-H out-of-plane bending,nu(C1-H10),bond,0.00041295528150966693,-,-0.002161647323508647,0.33453107906648005
45,1483.7790842854788,,,mixed C-H bending / ring-site C-H out-of-plane bending,delta(C7-C8-H19),angle,0.00038652800032671145,-,-0.0019748979415303,0.37514120679903984
45,1483.7790842854788,,,mixed C-H bending / ring-site C-H out-of-plane bending,delta(C1-C2-C7),angle,0.00030413249723419103,-,-0.0018103063001444386,0.35128679741124474
45,1483.7790842854788,,,mixed C-H bending / ring-site C-H out-of-plane bending,delta(O3-C4-C5),angle,0.0002944951210577665,-,-0.0010383446417947797,1.033946761767908
45,1483.7790842854788,,,mixed C-H bending / ring-site C-H out-of-plane bending,"gamma(O3;C4,C5,H13)",oop,0.0001902147267296015,-,-0.002332818961989838,0.13230772126924695
45,1483.7790842854788,,,mixed C-H bending / ring-site C-H out-of-plane bending,nu(C8-H17),bond,0.0001674768609448047,+,0.0013813232675098407,0.33225175462853057
45,1483.7790842854788,,,mixed C-H bending / ring-site C-H out-of-plane bending,nu(C2-C7),bond,0.00016610103421898503,+,0.001403716464521168,0.31909255709522183
45,1483.7790842854788,,,mixed C-H bending / ring-site C-H out-of-plane bending,nu(C8-H18),bond,0.0001637890683954629,-,-0.0013648536467224831,0.3328249452823529
45,1483.7790842854788,,,mixed C-H bending / ring-site C-H out-of-plane bending,delta(O3-C2-C7),angle,0.0001438214540803833,+,0.0006763957414247753,1.1899400216449423
45,1483.7790842854788,,,mixed C-H bending / ring-site C-H out-of-plane bending,nu(C5-H14),bond,0.00013285876104378934,+,0.0012116834303342306,0.3425429122248566
45,1483.7790842854788,,,mixed C-H bending / ring-site C-H out-of-plane bending,tau(C8-C7-C9-C5),dihedral,0.00011447538322368746,+,0.0011862038781221618,0.3079615894469893
45,1483.7790842854788,,,mixed C-H bending / ring-site C-H out-of-plane bending,tau(C2-C4-C5-H14),dihedral,0.00011147904392457324,-,-0.0017341362349611298,0.1403233470126861
45,1483.7790842854788,,,mixed C-H bending / ring-site C-H out-of-plane bending,nu(C2-O3),bond,9.108926282578661e-05,-,-0.0011708168561093354,0.25153149975958655
45,1483.7790842854788,,,mixed C-H bending / ring-site C-H out-of-plane bending,nu(C4-H13),bond,2.376273376143149e-06,+,0.00015986600277842077,0.351955126413533
45,1483.7790842854788,,,mixed C-H bending / ring-site C-H out-of-plane bending,nu(C8-H19),bond,1.693021217183447e-06,+,0.00013846124888895197,0.3342789560628059
46,1487.684534079816,,,mixed C-C torsion / C-H bending,tau(H12-C1-C2-C7),dihedral,24.176360639318343,-,-0.3368138509663055,0.16958588363924
46,1487.684534079816,,,mixed C-C torsion / C-H bending,tau(H10-C1-C2-O3),dihedral,15.043225769219376,+,0.2611261039686043,0.17555736525640764
46,1487.684534079816,,,mixed C-C torsion / C-H bending,delta(C2-C1-H11),angle,14.77018928032059,+,0.17828195009296205,0.36978557709159526
46,1487.684534079816,,,mixed C-C torsion / C-H bending,delta(H10-C1-H11),angle,10.249145891194377,-,-0.17966846003010822,0.25265194351349923
46,1487.684534079816,,,mixed C-C torsion / C-H bending,delta(H20-C9-H21),angle,8.305123162121895,-,-0.09909657946652872,0.6729881358363181
46,1487.684534079816,,,mixed C-C torsion / C-H bending,tau(C9-C7-C8-H17),dihedral,5.135027724535317,+,0.15390482413184342,0.1725110767453955
46,1487.684534079816,,,mixed C-C torsion / C-H bending,nu(C2-C4),bond,4.107093861150314,-,-0.07801840207604886,0.5369318728370088
46,1487.684534079816,,,mixed C-C torsion / C-H bending,"gamma(H21;C9,C5,C7)",oop,4.099653947503713,-,-0.047216339118270695,1.4633264940362696
46,1487.684534079816,,,mixed C-C torsion / C-H bending,tau(C2-C7-C8-H19),dihedral,2.695497574826124,-,-0.08768643007926455,0.2789669960422185
46,1487.684534079816,,,mixed C-C torsion / C-H bending,tau(C4-C5-C9-H20),dihedral,2.0239763821220875,+,0.052992141539973066,0.5735366270754743
46,1487.684534079816,,,mixed C-C torsion / C-H bending,tau(C6-C7-C8-H18),dihedral,1.5621084192724584,-,-0.07014163469578388,0.25266091572024935
46,1487.684534079816,,,mixed C-C torsion / C-H bending,delta(C7-C8-H19),angle,1.3296924406650497,-,-0.05310892904380383,0.37514120679903984
46,1487.684534079816,,,mixed C-C torsion / C-H bending,tau(C2-C7-C9-H21),dihedral,1.002241866062481,+,0.03456270577122183,0.6676298268489548
46,1487.684534079816,,,mixed C-C torsion / C-H bending,tau(O3-C2-C7-C6),dihedral,1.0004215149706512,-,-0.03073214690446644,0.8428996647092574
46,1487.684534079816,,,mixed C-C torsion / C-H bending,delta(C2-C1-H12),angle,0.8636809134177442,-,-0.04751753992101509,0.3043855873378456
46,1487.684534079816,,,mixed C-C torsion / C-H bending,"gamma(H12;C1,H10,H11)",oop,0.7234159089012964,-,-0.05157552457543004,0.21641103722868646
46,1487.684534079816,,,mixed C-C torsion / C-H bending,nu(C1-C2),bond,0.4283592731017692,+,0.033756067619765705,0.2991459555841769
46,1487.684534079816,,,mixed C-C torsion / C-H bending,nu(O3-C4),bond,0.31825970564833056,-,-0.02598708125549179,0.375012122768873
46,1487.684534079816,,,mixed C-C torsion / C-H bending,"gamma(C6;C7,C2,C9)",oop,0.2754974266924037,-,-0.01172080869220033,1.5958095173539286
46,1487.684534079816,,,mixed C-C torsion / C-H bending,delta(C5-C4-H13),angle,0.23237695987955848,-,-0.028643052915294214,0.22538920624003742
46,1487.684534079816,,,mixed C-C torsion / C-H bending,nu(C2-O3),bond,0.22541207779135106,-,-0.02670433272484269,0.25153149975958655
46,1487.684534079816,,,mixed C-C torsion / C-H bending,delta(H15-C6-H16),angle,0.21524296612717883,+,0.021800658281883715,0.3603864154338734
46,1487.684534079816,,,mixed C-C torsion / C-H bending,delta(C1-C2-C7),angle,0.2014051704127763,-,-0.021359629899354405,0.35128679741124474
46,1487.684534079816,,,mixed C-C torsion / C-H bending,nu(C1-H11),bond,0.14042060635706868,+,0.01832235814954097,0.3328486247653903
46,1487.684534079816,,,mixed C-C torsion / C-H bending,delta(C7-C6-H15),angle,0.09140822375470445,-,-0.01618423055178421,0.27770251683716846
46,1487.684534079816,,,mixed C-C torsion / C-H bending,delta(C4-C5-C9),angle,0.07787532575185356,-,-0.006414293883882631,1.506193701341896
46,1487.684534079816,,,mixed C-C torsion / C-H bending,nu(C2-C7),bond,0.07600693014378206,+,0.013767579356204858,0.31909255709522183
46,1487.684534079816,,,mixed C-C torsion / C-H bending,delta(O3-C4-C5),angle,0.07360834020700469,+,0.007526685218319812,1.033946761767908
46,1487.684534079816,,,mixed C-C torsion / C-H bending,delta(O3-C2-C7),angle,0.06600739655886977,+,0.006643900131097541,1.1899400216449423
46,1487.684534079816,,,mixed C-C torsion / C-H bending,"gamma(H17;C8,H18,H19)",oop,0.06086419466403421,-,-0.011638847195767313,0.35753668248522347
46,1487.684534079816,,,mixed C-C torsion / C-H bending,delta(H18-C8-H19),angle,0.06078619828799491,-,-0.01166780225183236,0.35530843806641327
46,1487.684534079816,,,mixed C-C torsion / C-H bending,"gamma(O3;C4,C5,H13)",oop,0.05448922548560435,+,0.01810306255512032,0.13230772126924695
46,1487.684534079816,,,mixed C-C torsion / C-H bending,"gamma(H14;C5,C6,C9)",oop,0.04879128728018956,+,0.013830327456184961,0.2029812906968152
46,1487.684534079816,,,mixed C-C torsion / C-H bending,nu(C1-H10),bond,0.04602443941766441,-,-0.01046321977480601,0.33453107906648005
46,1487.684534079816,,,mixed C-C torsion / C-H bending,"gamma(C7;C9,H20,H21)",oop,0.04540599556334379,+,0.009210073520558961,0.42595690951260695
46,1487.684534079816,,,mixed C-C torsion / C-H bending,delta(C7-C8-H17),angle,0.02338577360560845,-,-0.006201635652837294,0.4838579761113301
46,1487.684534079816,,,mixed C-C torsion / C-H bending,nu(C7-C8),bond,0.021848649201413044,-,-0.007781186072239636,0.287151870291782
46,1487.684534079816,,,mixed C-C torsion / C-H bending,nu(C8-H18),bond,0.021694943362574413,+,0.007202125008665837,0.3328249452823529
46,1487.684534079816,,,mixed C-C torsion / C-H bending,nu(C8-H19),bond,0.018466063664367247,-,-0.006630128950919782,0.3342789560628059
46,1487.684534079816,,,mixed C-C torsion / C-H bending,delta(C5-C6-H16),angle,0.018166971815806034,-,-0.006552240189756476,0.33672982370377696
46,1487.684534079816,,,mixed C-C torsion / C-H bending,nu(C5-C9),bond,0.013725114523136605,-,-0.006492560179953155,0.25909716935407706
46,1487.684534079816,,,mixed C-C torsion / C-H bending,delta(C5-C6-H15),angle,0.01118055542657816,-,-0.005641004149628966,0.27959487055579446
46,1487.684534079816,,,mixed C-C torsion / C-H bending,nu(C4-C5),bond,0.010800858634207964,+,0.0053490165739342255,0.30039247824764354
46,1487.684534079816,,,mixed C-C torsion / C-H bending,nu(C9-H20),bond,0.006132205397643221,+,0.003838460213545983,0.3311930886360174
46,1487.684534079816,,,mixed C-C torsion / C-H bending,nu(C5-C6),bond,0.005887514345039188,+,0.003821341547771207,0.3208329206887749
46,1487.684534079816,,,mixed C-C torsion / C-H bending,nu(C4-H13),bond,0.005581660698243509,-,-0.003552445290222927,0.351955126413533
46,1487.684534079816,,,mixed C-C torsion / C-H bending,tau(C2-C4-C5-H14),dihedral,0.004835713992080545,-,-0.005236663471664256,0.1403233470126861
46,1487.684534079816,,,mixed C-C torsion / C-H bending,nu(C9-H21),bond,0.003392612135469987,+,0.002835454419309849,0.33578982314146966
46,1487.684534079816,,,mixed C-C torsion / C-H bending,nu(C6-C7),bond,0.002646800770281017,-,-0.0027179810973421738,0.2851064531742666
46,1487.684534079816,,,mixed C-C torsion / C-H bending,tau(C8-C7-C9-C5),dihedral,0.0023849076025535083,+,0.0024824289785102967,0.3079615894469893
46,1487.684534079816,,,mixed C-C torsion / C-H bending,tau(C1-C2-C7-C6),dihedral,0.0013396332651171487,-,-0.001967553455644785,0.27536675168740415
46,1487.684534079816,,,mixed C-C torsion / C-H bending,nu(C8-H17),bond,0.001232655095548712,-,-0.0017182109231012534,0.33225175462853057
46,1487.684534079816,,,mixed C-C torsion / C-H bending,nu(C7-C9),bond,0.0011239996833788918,-,-0.0019429150874664051,0.23693935749874415
46,1487.684534079816,,,mixed C-C torsion / C-H bending,nu(C5-H14),bond,0.0004685095583158637,-,-0.0010432564164608235,0.3425429122248566
46,1487.684534079816,,,mixed C-C torsion / C-H bending,nu(C6-H15),bond,0.0004327504018534989,-,-0.001008834471978102,0.33835789268622185
46,1487.684534079816,,,mixed C-C torsion / C-H bending,nu(C1-H12),bond,0.0001749065878016454,-,-0.0006398170894866774,0.33999548876067176
46,1487.684534079816,,,mixed C-C torsion / C-H bending,nu(C6-H16),bond,1.615056746200261e-07,+,1.9244941783130364e-05,0.3470030099281011
47,1494.8608932484165,,,mixed C-H bending / C-C torsion,delta(H18-C8-H19),angle,33.20688478975962,+,0.43016391690676253,0.35530843806641327
47,1494.8608932484165,,,mixed C-H bending / C-C torsion,delta(H10-C1-H11),angle,15.744941299562411,+,0.351262568198338,0.25265194351349923
47,1494.8608932484165,,,mixed C-H bending / C-C torsion,tau(C6-C7-C8-H18),dihedral,11.22583743692834,-,-0.2965944448722883,0.25266091572024935
47,1494.8608932484165,,,mixed C-H bending / C-C torsion,"gamma(H17;C8,H18,H19)",oop,8.265540167458518,+,0.2139429541849136,0.35753668248522347
47,1494.8608932484165,,,mixed C-H bending / C-C torsion,"gamma(H12;C1,H10,H11)",oop,4.3089216608130565,+,0.19854880016906148,0.21641103722868646
47,1494.8608932484165,,,mixed C-H bending / C-C torsion,tau(C2-C7-C8-H19),dihedral,3.612018465345545,+,0.16011102544770855,0.2789669960422185
47,1494.8608932484165,,,mixed C-H bending / C-C torsion,delta(C7-C8-H17),angle,3.366313189916124,+,0.11736564184301312,0.4838579761113301
47,1494.8608932484165,,,mixed C-H bending / C-C torsion,delta(C7-C8-H19),angle,2.761547423249361,-,-0.12072620204797516,0.37514120679903984
47,1494.8608932484165,,,mixed C-H bending / C-C torsion,delta(H20-C9-H21),angle,2.7147310968213487,+,0.08936806936212349,0.6729881358363181
47,1494.8608932484165,,,mixed C-H bending / C-C torsion,tau(H10-C1-C2-O3),dihedral,2.638982042436053,-,-0.17251678708483628,0.17555736525640764
47,1494.8608932484165,,,mixed C-H bending / C-C torsion,delta(C2-C1-H12),angle,2.3327724945546584,+,0.12318187820077534,0.3043855873378456
47,1494.8608932484165,,,mixed C-H bending / C-C torsion,"gamma(H21;C9,C5,C7)",oop,2.0327364889119552,+,0.052443611891612486,1.4633264940362696
47,1494.8608932484165,,,mixed C-H bending / C-C torsion,nu(C2-C4),bond,1.9009144003190674,+,0.08372291848482274,0.5369318728370088
47,1494.8608932484165,,,mixed C-H bending / C-C torsion,tau(C9-C7-C8-H17),dihedral,1.4175185671120258,+,0.12754943999329577,0.1725110767453955
47,1494.8608932484165,,,mixed C-H bending / C-C torsion,delta(H15-C6-H16),angle,0.871688248019269,-,-0.0692020660175954,0.3603864154338734
47,1494.8608932484165,,,mixed C-H bending / C-C torsion,tau(C4-C5-C9-H20),dihedral,0.534743205196292,-,-0.04296499142950369,0.5735366270754743
47,1494.8608932484165,,,mixed C-H bending / C-C torsion,tau(O3-C2-C7-C6),dihedral,0.4108348775376526,+,0.031064787225693665,0.8428996647092574
47,1494.8608932484165,,,mixed C-H bending / C-C torsion,nu(C1-C2),bond,0.3950355592901537,-,-0.051132755667619725,0.2991459555841769
47,1494.8608932484165,,,mixed C-H bending / C-C torsion,delta(C2-C1-H11),angle,0.34277428637178037,-,-0.04284023106865919,0.36978557709159526
47,1494.8608932484165,,,mixed C-H bending / C-C torsion,nu(C2-O3),bond,0.34042858732237646,+,0.051765390222726824,0.25153149975958655
47,1494.8608932484165,,,mixed C-H bending / C-C torsion,nu(O3-C4),bond,0.21866612927131235,+,0.03397744953913048,0.375012122768873
47,1494.8608932484165,,,mixed C-H bending / C-C torsion,delta(C5-C4-H13),angle,0.18977952683426455,+,0.04083013292067267,0.22538920624003742
47,1494.8608932484165,,,mixed C-H bending / C-C torsion,delta(O3-C2-C7),angle,0.15794787465661086,-,-0.016211269605628468,1.1899400216449423
47,1494.8608932484165,,,mixed C-H bending / C-C torsion,tau(H12-C1-C2-C7),dihedral,0.13876082339581047,-,-0.040249571003227694,0.16958588363924
47,1494.8608932484165,,,mixed C-H bending / C-C torsion,delta(C1-C2-C7),angle,0.11794576009797816,+,0.025782968850162524,0.35128679741124474
47,1494.8608932484165,,,mixed C-H bending / C-C torsion,tau(C2-C7-C9-H21),dihedral,0.11022735843892247,-,-0.018080044935731898,0.6676298268489548
47,1494.8608932484165,,,mixed C-H bending / C-C torsion,delta(C5-C6-H15),angle,0.09791929560854386,+,0.02633250719931824,0.27959487055579446
47,1494.8608932484165,,,mixed C-H bending / C-C torsion,"gamma(C6;C7,C2,C9)",oop,0.09602428524801616,+,0.01091497353960168,1.5958095173539286
47,1494.8608932484165,,,mixed C-H bending / C-C torsion,nu(C7-C9),bond,0.04619044459789516,-,-0.01964627139215484,0.23693935749874415
47,1494.8608932484165,,,mixed C-H bending / C-C torsion,nu(C6-C7),bond,0.04476024915485647,-,-0.017630531096179198,0.2851064531742666
47,1494.8608932484165,,,mixed C-H bending / C-C torsion,delta(C5-C6-H16),angle,0.04175638336270107,+,0.015669073496766182,0.33672982370377696
47,1494.8608932484165,,,mixed C-H bending / C-C torsion,delta(C7-C6-H15),angle,0.03957617471439691,+,0.016797694189655925,0.27770251683716846
47,1494.8608932484165,,,mixed C-H bending / C-C torsion,nu(C7-C8),bond,0.03432884408980107,+,0.015384962305389424,0.287151870291782
47,1494.8608932484165,,,mixed C-H bending / C-C torsion,delta(C4-C5-C9),angle,0.030457704461416303,+,0.006327480881862868,1.506193701341896
47,1494.8608932484165,,,mixed C-H bending / C-C torsion,nu(C4-C5),bond,0.029576073871339533,-,-0.013962024806020776,0.30039247824764354
47,1494.8608932484165,,,mixed C-H bending / C-C torsion,"gamma(O3;C4,C5,H13)",oop,0.029533247694412634,-,-0.02102256384658079,0.13230772126924695
47,1494.8608932484165,,,mixed C-H bending / C-C torsion,nu(C8-H17),bond,0.029106364369687616,+,0.013169916163916775,0.33225175462853057
47,1494.8608932484165,,,mixed C-H bending / C-C torsion,nu(C8-H19),bond,0.02582218039798448,-,-0.012367007035803675,0.3342789560628059
47,1494.8608932484165,,,mixed C-H bending / C-C torsion,"gamma(H14;C5,C6,C9)",oop,0.02083914625617352,-,-0.014257212658773144,0.2029812906968152
47,1494.8608932484165,,,mixed C-H bending / C-C torsion,delta(O3-C4-C5),angle,0.020210543493604953,-,-0.0062210340532500375,1.033946761767908
47,1494.8608932484165,,,mixed C-H bending / C-C torsion,nu(C1-H12),bond,0.013494282416870378,+,0.008864637714499676,0.33999548876067176
47,1494.8608932484165,,,mixed C-H bending / C-C torsion,nu(C5-C6),bond,0.012204193217660222,-,-0.00867836168301882,0.3208329206887749
47,1494.8608932484165,,,mixed C-H bending / C-C torsion,nu(C1-H10),bond,0.009026168696047993,-,-0.007308969647926607,0.33453107906648005
47,1494.8608932484165,,,mixed C-H bending / C-C torsion,"gamma(C7;C9,H20,H21)",oop,0.004412576158090512,-,-0.004528829224619949,0.42595690951260695
47,1494.8608932484165,,,mixed C-H bending / C-C torsion,nu(C9-H20),bond,0.002830215561178456,-,-0.004113313355158559,0.3311930886360174
47,1494.8608932484165,,,mixed C-H bending / C-C torsion,nu(C6-H15),bond,0.0024402077891526705,+,0.0037787479087479222,0.33835789268622185
47,1494.8608932484165,,,mixed C-H bending / C-C torsion,tau(C1-C2-C7-C6),dihedral,0.0022210983213510854,-,-0.003996233095996884,0.27536675168740415
47,1494.8608932484165,,,mixed C-H bending / C-C torsion,nu(C8-H18),bond,0.0020952185198645583,-,-0.0035304445805810648,0.3328249452823529
47,1494.8608932484165,,,mixed C-H bending / C-C torsion,tau(C8-C7-C9-C5),dihedral,0.002078810654058703,-,-0.0036557952296035487,0.3079615894469893
47,1494.8608932484165,,,mixed C-H bending / C-C torsion,nu(C4-H13),bond,0.001414900128871702,+,0.0028212522371256032,0.351955126413533
47,1494.8608932484165,,,mixed C-H bending / C-C torsion,nu(C9-H21),bond,0.0011968804063720655,-,-0.002656527309434161,0.33578982314146966
47,1494.8608932484165,,,mixed C-H bending / C-C torsion,nu(C2-C7),bond,0.0008709803847611432,+,0.0023247085939722308,0.31909255709522183
47,1494.8608932484165,,,mixed C-H bending / C-C torsion,nu(C5-C9),bond,0.0007061102575255026,+,0.002322884398643856,0.25909716935407706
47,1494.8608932484165,,,mixed C-H bending / C-C torsion,nu(C1-H11),bond,0.00020850670467972387,-,-0.0011136771264515025,0.3328486247653903
47,1494.8608932484165,,,mixed C-H bending / C-C torsion,tau(C2-C4-C5-H14),dihedral,0.00019766323137261635,-,-0.00167001606519221,0.1403233470126861
47,1494.8608932484165,,,mixed C-H bending / C-C torsion,nu(C5-H14),bond,5.380925288926531e-06,-,-0.00017635738854711487,0.3425429122248566
47,1494.8608932484165,,,mixed C-H bending / C-C torsion,nu(C6-H16),bond,4.109685517595931e-06,-,-0.00015313002205490618,0.3470030099281011
48,1500.8900814273838,,,mixed C-C torsion / C-H bending,delta(H18-C8-H19),angle,32.3159415035788,+,0.31628211517340754,0.35530843806641327
48,1500.8900814273838,,,mixed C-C torsion / C-H bending,tau(C2-C7-C8-H19),dihedral,27.222035829968508,+,0.3276067763413665,0.2789669960422185
48,1500.8900814273838,,,mixed C-C torsion / C-H bending,tau(C9-C7-C8-H17),dihedral,15.297367306571841,-,-0.3122977411739868,0.1725110767453955
48,1500.8900814273838,,,mixed C-C torsion / C-H bending,"gamma(H17;C8,H18,H19)",oop,8.290867961040773,+,0.15970138587056817,0.35753668248522347
48,1500.8900814273838,,,mixed C-C torsion / C-H bending,delta(C7-C8-H17),angle,2.795285204790019,+,0.0797118886632962,0.4838579761113301
48,1500.8900814273838,,,mixed C-C torsion / C-H bending,delta(H10-C1-H11),angle,2.498445475366396,-,-0.10428998499320084,0.25265194351349923
48,1500.8900814273838,,,mixed C-C torsion / C-H bending,tau(H10-C1-C2-O3),dihedral,2.1382271340299326,+,0.11574077328349174,0.17555736525640764
48,1500.8900814273838,,,mixed C-C torsion / C-H bending,tau(H12-C1-C2-C7),dihedral,1.8768131980085805,-,-0.11032772518333848,0.16958588363924
48,1500.8900814273838,,,mixed C-C torsion / C-H bending,delta(C7-C8-H19),angle,1.8756631133533386,+,0.07415646548379676,0.37514120679903984
48,1500.8900814273838,,,mixed C-C torsion / C-H bending,delta(C2-C1-H11),angle,1.5480467552294088,+,0.06785565409433766,0.36978557709159526
48,1500.8900814273838,,,mixed C-C torsion / C-H bending,nu(C2-C4),bond,1.0270945681578594,-,-0.045868507856663264,0.5369318728370088
48,1500.8900814273838,,,mixed C-C torsion / C-H bending,"gamma(H12;C1,H10,H11)",oop,0.5222265947214402,-,-0.05151797425291188,0.21641103722868646
48,1500.8900814273838,,,mixed C-C torsion / C-H bending,delta(C2-C1-H12),angle,0.36254882616313083,-,-0.03619430134558573,0.3043855873378456
48,1500.8900814273838,,,mixed C-C torsion / C-H bending,delta(O3-C2-C7),angle,0.3582555277319219,+,0.01819713021807827,1.1899400216449423
48,1500.8900814273838,,,mixed C-C torsion / C-H bending,nu(C6-C7),bond,0.247898776865959,+,0.030924497892668344,0.2851064531742666
48,1500.8900814273838,,,mixed C-C torsion / C-H bending,nu(C1-C2),bond,0.23121928787645993,+,0.029156772650013568,0.2991459555841769
48,1500.8900814273838,,,mixed C-C torsion / C-H bending,"gamma(C6;C7,C2,C9)",oop,0.17799902177175655,-,-0.011076110274513802,1.5958095173539286
48,1500.8900814273838,,,mixed C-C torsion / C-H bending,tau(C2-C7-C9-H21),dihedral,0.15626427540503002,-,-0.01604467684489375,0.6676298268489548
48,1500.8900814273838,,,mixed C-C torsion / C-H bending,delta(C1-C2-C7),angle,0.13136657382368092,-,-0.02028058654628589,0.35128679741124474
48,1500.8900814273838,,,mixed C-C torsion / C-H bending,nu(C8-H18),bond,0.11832856550994789,-,-0.019774515601564912,0.3328249452823529
48,1500.8900814273838,,,mixed C-C torsion / C-H bending,"gamma(H21;C9,C5,C7)",oop,0.1122682335628475,-,-0.00918600791924252,1.4633264940362696
48,1500.8900814273838,,,mixed C-C torsion / C-H bending,nu(C2-O3),bond,0.08993539194650334,-,-0.019830703184910682,0.25153149975958655
48,1500.8900814273838,,,mixed C-C torsion / C-H bending,nu(O3-C4),bond,0.08939823484144035,-,-0.016192384463681302,0.375012122768873
48,1500.8900814273838,,,mixed C-C torsion / C-H bending,tau(C6-C7-C8-H18),dihedral,0.0802447834014021,-,-0.018689959498851414,0.25266091572024935
48,1500.8900814273838,,,mixed C-C torsion / C-H bending,delta(C5-C4-H13),angle,0.0786891150080693,-,-0.01959565397829168,0.22538920624003742
48,1500.8900814273838,,,mixed C-C torsion / C-H bending,nu(C2-C7),bond,0.061166402626807635,-,-0.01452001687269306,0.31909255709522183
48,1500.8900814273838,,,mixed C-C torsion / C-H bending,tau(O3-C2-C7-C6),dihedral,0.058944428277205106,-,-0.008770057239996965,0.8428996647092574
48,1500.8900814273838,,,mixed C-C torsion / C-H bending,nu(C8-H17),bond,0.030078917057128705,+,0.009978527191261837,0.33225175462853057
48,1500.8900814273838,,,mixed C-C torsion / C-H bending,"gamma(C7;C9,H20,H21)",oop,0.028571487123010813,+,0.00858919727679086,0.42595690951260695
48,1500.8900814273838,,,mixed C-C torsion / C-H bending,delta(O3-C4-C5),angle,0.025233333488183043,+,0.005180923905281821,1.033946761767908
48,1500.8900814273838,,,mixed C-C torsion / C-H bending,nu(C8-H19),bond,0.021307702849161673,+,0.008373032671176233,0.3342789560628059
48,1500.8900814273838,,,mixed C-C torsion / C-H bending,"gamma(H14;C5,C6,C9)",oop,0.018205830773094834,+,0.00993221780116958,0.2029812906968152
48,1500.8900814273838,,,mixed C-C torsion / C-H bending,"gamma(O3;C4,C5,H13)",oop,0.017745515702079034,+,0.012145648441594872,0.13230772126924695
48,1500.8900814273838,,,mixed C-C torsion / C-H bending,nu(C5-C6),bond,0.015062512878844777,+,0.007185851562723802,0.3208329206887749
48,1500.8900814273838,,,mixed C-C torsion / C-H bending,nu(C7-C9),bond,0.012806619372313163,-,-0.007710235377578241,0.23693935749874415
48,1500.8900814273838,,,mixed C-C torsion / C-H bending,nu(C1-H11),bond,0.011310354740556926,+,0.006113412749974962,0.3328486247653903
48,1500.8900814273838,,,mixed C-C torsion / C-H bending,tau(C2-C4-C5-H14),dihedral,0.010007700558371972,+,0.008856684461188959,0.1403233470126861
48,1500.8900814273838,,,mixed C-C torsion / C-H bending,delta(C7-C6-H15),angle,0.008438465224765733,+,0.005781104411989755,0.27770251683716846
48,1500.8900814273838,,,mixed C-C torsion / C-H bending,delta(H15-C6-H16),angle,0.007221720581453042,-,-0.0046946705727371075,0.3603864154338734
48,1500.8900814273838,,,mixed C-C torsion / C-H bending,nu(C4-C5),bond,0.006216658271433401,+,0.004770929061860062,0.30039247824764354
48,1500.8900814273838,,,mixed C-C torsion / C-H bending,delta(C4-C5-C9),angle,0.005534416921400209,-,-0.0020103168429892564,1.506193701341896
48,1500.8900814273838,,,mixed C-C torsion / C-H bending,delta(H20-C9-H21),angle,0.004651744733859689,+,0.002757231439332897,0.6729881358363181
48,1500.8900814273838,,,mixed C-C torsion / C-H bending,tau(C4-C5-C9-H20),dihedral,0.0044767899359096286,-,-0.002930027981743248,0.5735366270754743
48,1500.8900814273838,,,mixed C-C torsion / C-H bending,delta(C5-C6-H16),angle,0.0029440717166829776,+,0.0031010044514664624,0.33672982370377696
48,1500.8900814273838,,,mixed C-C torsion / C-H bending,nu(C9-H21),bond,0.0012028631557220628,-,-0.0019849214957461114,0.33578982314146966
48,1500.8900814273838,,,mixed C-C torsion / C-H bending,tau(C1-C2-C7-C6),dihedral,0.0011169716451479331,+,0.002112196468110268,0.27536675168740415
48,1500.8900814273838,,,mixed C-C torsion / C-H bending,nu(C4-H13),bond,0.0011149650473960577,-,-0.0018666202264958868,0.351955126413533
48,1500.8900814273838,,,mixed C-C torsion / C-H bending,nu(C7-C8),bond,0.0009787724932029944,-,-0.0019362170575425626,0.287151870291782
48,1500.8900814273838,,,mixed C-C torsion / C-H bending,nu(C1-H12),bond,0.0008491184714790494,-,-0.00165735886469984,0.33999548876067176
48,1500.8900814273838,,,mixed C-C torsion / C-H bending,nu(C1-H10),bond,0.0008145041181155321,-,-0.001636429858636235,0.33453107906648005
48,1500.8900814273838,,,mixed C-C torsion / C-H bending,nu(C5-C9),bond,0.0005519269909722502,-,-0.0015306590758226784,0.25909716935407706
48,1500.8900814273838,,,mixed C-C torsion / C-H bending,nu(C6-H16),bond,0.0003745095166683503,+,0.0010895164622281748,0.3470030099281011
48,1500.8900814273838,,,mixed C-C torsion / C-H bending,nu(C9-H20),bond,0.00025366474464086293,+,0.0009178218905720859,0.3311930886360174
48,1500.8900814273838,,,mixed C-C torsion / C-H bending,delta(C5-C6-H15),angle,0.0002191447172840752,+,0.0009284743101765703,0.27959487055579446
48,1500.8900814273838,,,mixed C-C torsion / C-H bending,nu(C6-H15),bond,0.00010444357291283594,+,0.0005826687051395738,0.33835789268622185
48,1500.8900814273838,,,mixed C-C torsion / C-H bending,tau(C8-C7-C9-C5),dihedral,6.0973086922977185e-05,+,0.0004666484244246579,0.3079615894469893
48,1500.8900814273838,,,mixed C-C torsion / C-H bending,nu(C5-H14),bond,2.2108822513649793e-06,+,8.425473216997128e-05,0.3425429122248566
49,1503.9448098582839,,,mixed C-H bending / C-C torsion,delta(H10-C1-H11),angle,23.937255145377858,-,-0.39673503057664006,0.25265194351349923
49,1503.9448098582839,,,mixed C-H bending / C-C torsion,delta(H18-C8-H19),angle,23.5938285026958,+,0.3321399720473963,0.35530843806641327
49,1503.9448098582839,,,mixed C-H bending / C-C torsion,tau(C6-C7-C8-H18),dihedral,9.166153255524684,-,-0.24549871348149546,0.25266091572024935
49,1503.9448098582839,,,mixed C-H bending / C-C torsion,delta(H20-C9-H21),angle,7.364003910295208,-,-0.13482734965711307,0.6729881358363181
49,1503.9448098582839,,,mixed C-H bending / C-C torsion,"gamma(H12;C1,H10,H11)",oop,7.303886167340459,-,-0.23678925497969133,0.21641103722868646
49,1503.9448098582839,,,mixed C-H bending / C-C torsion,"gamma(H17;C8,H18,H19)",oop,4.901552765873207,+,0.1509145921733012,0.35753668248522347
49,1503.9448098582839,,,mixed C-H bending / C-C torsion,"gamma(H21;C9,C5,C7)",oop,3.537893898675428,-,-0.06337624159783631,1.4633264940362696
49,1503.9448098582839,,,mixed C-H bending / C-C torsion,delta(C2-C1-H12),angle,3.1440965023143574,-,-0.130996770112048,0.3043855873378456
49,1503.9448098582839,,,mixed C-H bending / C-C torsion,tau(H12-C1-C2-C7),dihedral,2.5106353235424623,+,0.15682729960998873,0.16958588363924
49,1503.9448098582839,,,mixed C-H bending / C-C torsion,delta(C7-C8-H19),angle,2.504294041049235,-,-0.10531008682502413,0.37514120679903984
49,1503.9448098582839,,,mixed C-H bending / C-C torsion,tau(H10-C1-C2-O3),dihedral,2.256253512454432,+,0.14611981606141525,0.17555736525640764
49,1503.9448098582839,,,mixed C-H bending / C-C torsion,tau(C2-C7-C8-H19),dihedral,2.253909462429011,+,0.11585546291269168,0.2789669960422185
49,1503.9448098582839,,,mixed C-H bending / C-C torsion,delta(C7-C8-H17),angle,2.0089862005559045,+,0.08305278896608993,0.4838579761113301
49,1503.9448098582839,,,mixed C-H bending / C-C torsion,tau(C9-C7-C8-H17),dihedral,1.7238964835967265,+,0.12884625360562016,0.1725110767453955
49,1503.9448098582839,,,mixed C-H bending / C-C torsion,tau(C4-C5-C9-H20),dihedral,1.4270991333118408,+,0.0642941099505025,0.5735366270754743
49,1503.9448098582839,,,mixed C-H bending / C-C torsion,tau(C2-C7-C9-H21),dihedral,1.1347356919320188,+,0.053137875704478525,0.6676298268489548
49,1503.9448098582839,,,mixed C-H bending / C-C torsion,nu(C2-C7),bond,0.3107860873529217,+,0.040225101042044915,0.31909255709522183
49,1503.9448098582839,,,mixed C-H bending / C-C torsion,nu(C2-C4),bond,0.18750855773857053,-,-0.024086608325532784,0.5369318728370088
49,1503.9448098582839,,,mixed C-H bending / C-C torsion,"gamma(C6;C7,C2,C9)",oop,0.17405912887063227,-,-0.013461162709642812,1.5958095173539286
49,1503.9448098582839,,,mixed C-H bending / C-C torsion,nu(C2-O3),bond,0.11714745478595925,-,-0.02781601647218774,0.25153149975958655
49,1503.9448098582839,,,mixed C-H bending / C-C torsion,nu(C7-C9),bond,0.08459953718634937,-,-0.024355109512893117,0.23693935749874415
49,1503.9448098582839,,,mixed C-H bending / C-C torsion,delta(H15-C6-H16),angle,0.0498243112015203,-,-0.015155181505345233,0.3603864154338734
49,1503.9448098582839,,,mixed C-H bending / C-C torsion,delta(C7-C6-H15),angle,0.03469364798907448,-,-0.014406542750452096,0.27770251683716846
49,1503.9448098582839,,,mixed C-H bending / C-C torsion,"gamma(C7;C9,H20,H21)",oop,0.033725685648223536,+,0.01146891295253333,0.42595690951260695
49,1503.9448098582839,,,mixed C-H bending / C-C torsion,nu(C1-H10),bond,0.03173845205511242,+,0.012554497410327874,0.33453107906648005
49,1503.9448098582839,,,mixed C-H bending / C-C torsion,nu(C1-H12),bond,0.028584808312101445,-,-0.01181832043881992,0.33999548876067176
49,1503.9448098582839,,,mixed C-H bending / C-C torsion,nu(C5-C9),bond,0.02691490943518334,-,-0.01313680712410232,0.25909716935407706
49,1503.9448098582839,,,mixed C-H bending / C-C torsion,nu(C8-H19),bond,0.026247195610695852,-,-0.011421197239816782,0.3342789560628059
49,1503.9448098582839,,,mixed C-H bending / C-C torsion,nu(O3-C4),bond,0.025296226594862414,-,-0.010585951849062589,0.375012122768873
49,1503.9448098582839,,,mixed C-H bending / C-C torsion,delta(C5-C6-H15),angle,0.021447734342245908,+,0.01128887872320462,0.27959487055579446
49,1503.9448098582839,,,mixed C-H bending / C-C torsion,nu(C8-H17),bond,0.01977270653293353,+,0.00994315283810703,0.33225175462853057
49,1503.9448098582839,,,mixed C-H bending / C-C torsion,nu(C1-C2),bond,0.009537542555181966,+,0.0072778210524500845,0.2991459555841769
49,1503.9448098582839,,,mixed C-H bending / C-C torsion,delta(C2-C1-H11),angle,0.005547391367831988,-,-0.004992224593785349,0.36978557709159526
49,1503.9448098582839,,,mixed C-H bending / C-C torsion,delta(C4-C5-C9),angle,0.005049846802863136,-,-0.002360061848469482,1.506193701341896
49,1503.9448098582839,,,mixed C-H bending / C-C torsion,tau(C1-C2-C7-C6),dihedral,0.004670684478925632,+,0.005308345854356669,0.27536675168740415
49,1503.9448098582839,,,mixed C-H bending / C-C torsion,tau(O3-C2-C7-C6),dihedral,0.004574983622338011,+,0.0030028354042308564,0.8428996647092574
49,1503.9448098582839,,,mixed C-H bending / C-C torsion,delta(O3-C4-C5),angle,0.0035272065836339022,+,0.0023806253611683187,1.033946761767908
49,1503.9448098582839,,,mixed C-H bending / C-C torsion,delta(O3-C2-C7),angle,0.003482817752556105,+,0.002205096171999617,1.1899400216449423
49,1503.9448098582839,,,mixed C-H bending / C-C torsion,nu(C9-H21),bond,0.00340700522284854,+,0.0041056065839974835,0.33578982314146966
49,1503.9448098582839,,,mixed C-H bending / C-C torsion,delta(C5-C6-H16),angle,0.0033802342626623135,+,0.0040837326714536866,0.33672982370377696
49,1503.9448098582839,,,mixed C-H bending / C-C torsion,delta(C5-C4-H13),angle,0.0029245193893138507,-,-0.004642857900512364,0.22538920624003742
49,1503.9448098582839,,,mixed C-H bending / C-C torsion,nu(C9-H20),bond,0.002891928971921897,+,0.0038087097244734274,0.3311930886360174
49,1503.9448098582839,,,mixed C-H bending / C-C torsion,delta(C1-C2-C7),angle,0.002679529843738822,-,-0.0035597793685626248,0.35128679741124474
49,1503.9448098582839,,,mixed C-H bending / C-C torsion,"gamma(H14;C5,C6,C9)",oop,0.0016948292973583592,+,0.003724428770834756,0.2029812906968152
49,1503.9448098582839,,,mixed C-H bending / C-C torsion,nu(C5-C6),bond,0.0015122743098144708,-,-0.002798340262727987,0.3208329206887749
49,1503.9448098582839,,,mixed C-H bending / C-C torsion,nu(C7-C8),bond,0.0011711716315174548,-,-0.0026030298227745835,0.287151870291782
49,1503.9448098582839,,,mixed C-H bending / C-C torsion,nu(C6-C7),bond,0.0009703625736173302,-,-0.002377870458836259,0.2851064531742666
49,1503.9448098582839,,,mixed C-H bending / C-C torsion,tau(C2-C4-C5-H14),dihedral,0.000831701823208049,+,0.003137932199198578,0.1403233470126861
49,1503.9448098582839,,,mixed C-H bending / C-C torsion,tau(C8-C7-C9-C5),dihedral,0.0002625625255761312,-,-0.0011901255825209267,0.3079615894469893
49,1503.9448098582839,,,mixed C-H bending / C-C torsion,nu(C4-C5),bond,0.00024986066096909247,-,-0.0011755175346814693,0.30039247824764354
49,1503.9448098582839,,,mixed C-H bending / C-C torsion,nu(C6-H15),bond,0.0002213229835411758,+,0.001042436954254146,0.33835789268622185
49,1503.9448098582839,,,mixed C-H bending / C-C torsion,nu(C5-H14),bond,0.0001966809419712594,-,-0.0009766711142163743,0.3425429122248566
49,1503.9448098582839,,,mixed C-H bending / C-C torsion,"gamma(O3;C4,C5,H13)",oop,0.00018348471557464027,-,-0.0015178611597525587,0.13230772126924695
49,1503.9448098582839,,,mixed C-H bending / C-C torsion,nu(C4-H13),bond,0.00011716081759377035,-,-0.000743656272717551,0.351955126413533
49,1503.9448098582839,,,mixed C-H bending / C-C torsion,nu(C6-H16),bond,3.701560089008117e-05,+,0.0004209693505141069,0.3470030099281011
49,1503.9448098582839,,,mixed C-H bending / C-C torsion,nu(C1-H11),bond,3.2616305595074915e-05,-,-0.0004034769197738297,0.3328486247653903
49,1503.9448098582839,,,mixed C-H bending / C-C torsion,nu(C8-H18),bond,1.8824333939797772e-05,+,0.00030653253089524523,0.3328249452823529
50,1521.27793639142,,,mixed C-H bending / ring-site C-H out-of-plane bending,delta(H20-C9-H21),angle,41.994584968885135,-,-0.5452110603734162,0.6729881358363181
50,1521.27793639142,,,mixed C-H bending / ring-site C-H out-of-plane bending,"gamma(H21;C9,C5,C7)",oop,24.057483610639384,-,-0.2798505702835244,1.4633264940362696
50,1521.27793639142,,,mixed C-H bending / ring-site C-H out-of-plane bending,delta(H15-C6-H16),angle,13.668769461896817,-,-0.42506193813652543,0.3603864154338734
50,1521.27793639142,,,mixed C-H bending / ring-site C-H out-of-plane bending,tau(C2-C7-C9-H21),dihedral,7.584671860956907,+,0.23263349617603565,0.6676298268489548
50,1521.27793639142,,,mixed C-H bending / ring-site C-H out-of-plane bending,tau(C4-C5-C9-H20),dihedral,5.659081235437282,+,0.21680240720264715,0.5735366270754743
50,1521.27793639142,,,mixed C-H bending / ring-site C-H out-of-plane bending,delta(C7-C6-H15),angle,1.5466877165263255,+,0.16288576247718853,0.27770251683716846
50,1521.27793639142,,,mixed C-H bending / ring-site C-H out-of-plane bending,delta(C5-C6-H15),angle,1.3771744578816085,+,0.15317983405437777,0.27959487055579446
50,1521.27793639142,,,mixed C-H bending / ring-site C-H out-of-plane bending,delta(C5-C6-H16),angle,1.1421188619274563,+,0.12711200680613563,0.33672982370377696
50,1521.27793639142,,,mixed C-H bending / ring-site C-H out-of-plane bending,nu(C2-C4),bond,0.32655930014618006,+,0.053826129345382716,0.5369318728370088
50,1521.27793639142,,,mixed C-H bending / ring-site C-H out-of-plane bending,nu(C7-C9),bond,0.2362852232199542,-,-0.06892414587017832,0.23693935749874415
50,1521.27793639142,,,mixed C-H bending / ring-site C-H out-of-plane bending,nu(C6-C7),bond,0.2311658878990626,-,-0.062148416121805126,0.2851064531742666
50,1521.27793639142,,,mixed C-H bending / ring-site C-H out-of-plane bending,nu(C5-C9),bond,0.20759499943998558,-,-0.06178013097062527,0.25909716935407706
50,1521.27793639142,,,mixed C-H bending / ring-site C-H out-of-plane bending,nu(C5-C6),bond,0.19778485687732464,-,-0.054191200375204765,0.3208329206887749
50,1521.27793639142,,,mixed C-H bending / ring-site C-H out-of-plane bending,delta(H10-C1-H11),angle,0.1757276916931006,+,0.0575612869487915,0.25265194351349923
50,1521.27793639142,,,mixed C-H bending / ring-site C-H out-of-plane bending,"gamma(C6;C7,C2,C9)",oop,0.1621304221608582,+,0.021999532205461893,1.5958095173539286
50,1521.27793639142,,,mixed C-H bending / ring-site C-H out-of-plane bending,delta(H18-C8-H19),angle,0.15986905574412855,-,-0.04629681972626509,0.35530843806641327
50,1521.27793639142,,,mixed C-H bending / ring-site C-H out-of-plane bending,delta(C2-C1-H12),angle,0.14494202129008388,+,0.04762739510349781,0.3043855873378456
50,1521.27793639142,,,mixed C-H bending / ring-site C-H out-of-plane bending,"gamma(H12;C1,H10,H11)",oop,0.1328837797270124,+,0.054083899593605045,0.21641103722868646
50,1521.27793639142,,,mixed C-H bending / ring-site C-H out-of-plane bending,delta(C5-C4-H13),angle,0.12825715961788903,+,0.052065011262453643,0.22538920624003742
50,1521.27793639142,,,mixed C-H bending / ring-site C-H out-of-plane bending,nu(C7-C8),bond,0.1088971420564146,+,0.04250344492092721,0.287151870291782
50,1521.27793639142,,,mixed C-H bending / ring-site C-H out-of-plane bending,tau(C6-C7-C8-H18),dihedral,0.1079862437931744,+,0.04512185019659989,0.25266091572024935
50,1521.27793639142,,,mixed C-H bending / ring-site C-H out-of-plane bending,nu(C2-C7),bond,0.07918877302864744,-,-0.034383112214778716,0.31909255709522183
50,1521.27793639142,,,mixed C-H bending / ring-site C-H out-of-plane bending,nu(O3-C4),bond,0.0701482179594262,+,0.029850896772786066,0.375012122768873
50,1521.27793639142,,,mixed C-H bending / ring-site C-H out-of-plane bending,nu(C2-O3),bond,0.06375665902767101,+,0.03474867908367615,0.25153149975958655
50,1521.27793639142,,,mixed C-H bending / ring-site C-H out-of-plane bending,delta(C1-C2-C7),angle,0.062421470134964456,+,0.029094292274572598,0.35128679741124474
50,1521.27793639142,,,mixed C-H bending / ring-site C-H out-of-plane bending,tau(C9-C7-C8-H17),dihedral,0.05582230981016583,-,-0.03926152126988539,0.1725110767453955
50,1521.27793639142,,,mixed C-H bending / ring-site C-H out-of-plane bending,tau(H10-C1-C2-O3),dihedral,0.049960669586887566,-,-0.03681936657090852,0.17555736525640764
50,1521.27793639142,,,mixed C-H bending / ring-site C-H out-of-plane bending,delta(C7-C8-H19),angle,0.04081089658724784,+,0.022764724417514152,0.37514120679903984
50,1521.27793639142,,,mixed C-H bending / ring-site C-H out-of-plane bending,nu(C4-C5),bond,0.03857611662772627,-,-0.024733549197400458,0.30039247824764354
50,1521.27793639142,,,mixed C-H bending / ring-site C-H out-of-plane bending,nu(C1-C2),bond,0.03423621518915526,-,-0.023349254599660363,0.2991459555841769
50,1521.27793639142,,,mixed C-H bending / ring-site C-H out-of-plane bending,delta(O3-C2-C7),angle,0.03291217557731457,-,-0.01147856174341854,1.1899400216449423
50,1521.27793639142,,,mixed C-H bending / ring-site C-H out-of-plane bending,nu(C9-H20),bond,0.020554441708900913,+,0.017194277229113444,0.3311930886360174
50,1521.27793639142,,,mixed C-H bending / ring-site C-H out-of-plane bending,tau(O3-C2-C7-C6),dihedral,0.020384591206550253,+,0.010733337301398064,0.8428996647092574
50,1521.27793639142,,,mixed C-H bending / ring-site C-H out-of-plane bending,"gamma(H14;C5,C6,C9)",oop,0.013746111596710868,-,-0.017961129437641023,0.2029812906968152
50,1521.27793639142,,,mixed C-H bending / ring-site C-H out-of-plane bending,nu(C9-H21),bond,0.011120866616808833,+,0.012560509776425545,0.33578982314146966
50,1521.27793639142,,,mixed C-H bending / ring-site C-H out-of-plane bending,delta(C2-C1-H11),angle,0.010752751271988522,-,-0.011769459823723486,0.36978557709159526
50,1521.27793639142,,,mixed C-H bending / ring-site C-H out-of-plane bending,delta(O3-C4-C5),angle,0.008107563530339998,-,-0.006111781314387726,1.033946761767908
50,1521.27793639142,,,mixed C-H bending / ring-site C-H out-of-plane bending,tau(C1-C2-C7-C6),dihedral,0.005190513563973648,-,-0.009475914406409859,0.27536675168740415
50,1521.27793639142,,,mixed C-H bending / ring-site C-H out-of-plane bending,tau(C2-C7-C8-H19),dihedral,0.005102763773644334,-,-0.009334649889164524,0.2789669960422185
50,1521.27793639142,,,mixed C-H bending / ring-site C-H out-of-plane bending,nu(C6-H15),bond,0.0047887835764751285,+,0.008211002116958374,0.33835789268622185
50,1521.27793639142,,,mixed C-H bending / ring-site C-H out-of-plane bending,nu(C6-H16),bond,0.0047405206933799435,+,0.008067112570045488,0.3470030099281011
50,1521.27793639142,,,mixed C-H bending / ring-site C-H out-of-plane bending,delta(C4-C5-C9),angle,0.004505375972051393,+,0.003774824981654759,1.506193701341896
50,1521.27793639142,,,mixed C-H bending / ring-site C-H out-of-plane bending,delta(C7-C8-H17),angle,0.003052782612205273,-,-0.005482273555566705,0.4838579761113301
50,1521.27793639142,,,mixed C-H bending / ring-site C-H out-of-plane bending,nu(C5-H14),bond,0.0028600312023539434,-,-0.006306662749280645,0.3425429122248566
50,1521.27793639142,,,mixed C-H bending / ring-site C-H out-of-plane bending,"gamma(O3;C4,C5,H13)",oop,0.0020504279305692845,-,-0.00859214058842298,0.13230772126924695
50,1521.27793639142,,,mixed C-H bending / ring-site C-H out-of-plane bending,"gamma(H17;C8,H18,H19)",oop,0.001914265859694558,-,-0.00505024606269327,0.35753668248522347
50,1521.27793639142,,,mixed C-H bending / ring-site C-H out-of-plane bending,tau(C2-C4-C5-H14),dihedral,0.0007344547797297386,-,-0.004993318609836143,0.1403233470126861
50,1521.27793639142,,,mixed C-H bending / ring-site C-H out-of-plane bending,tau(H12-C1-C2-C7),dihedral,0.0007108475290315259,+,0.004468534286151602,0.16958588363924
50,1521.27793639142,,,mixed C-H bending / ring-site C-H out-of-plane bending,"gamma(C7;C9,H20,H21)",oop,0.0004680213682082684,+,0.002287819314158955,0.42595690951260695
50,1521.27793639142,,,mixed C-H bending / ring-site C-H out-of-plane bending,nu(C8-H17),bond,0.00018585944760921916,-,-0.0016324143139917896,0.33225175462853057
50,1521.27793639142,,,mixed C-H bending / ring-site C-H out-of-plane bending,nu(C8-H19),bond,0.00016623632206788842,+,0.001539147201570129,0.3342789560628059
50,1521.27793639142,,,mixed C-H bending / ring-site C-H out-of-plane bending,nu(C8-H18),bond,0.00016212085479198557,-,-0.0015232922152431801,0.3328249452823529
50,1521.27793639142,,,mixed C-H bending / ring-site C-H out-of-plane bending,nu(C1-H10),bond,7.312407026022139e-05,-,-0.0010204310329860414,0.33453107906648005
50,1521.27793639142,,,mixed C-H bending / ring-site C-H out-of-plane bending,nu(C1-H12),bond,6.431373376068397e-05,+,0.0009492639743837674,0.33999548876067176
50,1521.27793639142,,,mixed C-H bending / ring-site C-H out-of-plane bending,tau(C8-C7-C9-C5),dihedral,4.028460510314616e-05,+,0.0007893924965774525,0.3079615894469893
50,1521.27793639142,,,mixed C-H bending / ring-site C-H out-of-plane bending,nu(C4-H13),bond,3.3416734504902985e-05,-,-0.0006725275367059824,0.351955126413533
50,1521.27793639142,,,mixed C-H bending / ring-site C-H out-of-plane bending,nu(C1-H11),bond,6.809397089711496e-08,-,-3.121782643908582e-05,0.3328486247653903
51,3023.0053005909836,,,in-phase C-H stretching,nu(C8-H17),bond,36.40437434701463,+,0.6128199465039375,0.33225175462853057
51,3023.0053005909836,,,in-phase C-H stretching,nu(C8-H18),bond,33.63282097830838,+,0.5885230290141784,0.3328249452823529
51,3023.0053005909836,,,in-phase C-H stretching,nu(C8-H19),bond,25.59000251152274,+,0.5122363497641637,0.3342789560628059
51,3023.0053005909836,,,in-phase C-H stretching,nu(C1-H11),bond,1.5473263365382548,-,-0.1262284715941273,0.3328486247653903
51,3023.0053005909836,,,in-phase C-H stretching,nu(C1-H10),bond,1.1317940220930356,-,-0.10768499954108092,0.33453107906648005
51,3023.0053005909836,,,in-phase C-H stretching,nu(C1-H12),bond,0.5157945157624834,-,-0.07210934174969622,0.33999548876067176
51,3023.0053005909836,,,in-phase C-H stretching,nu(C9-H20),bond,0.4323316280265863,-,-0.06688944921362887,0.3311930886360174
51,3023.0053005909836,,,in-phase C-H stretching,nu(C9-H21),bond,0.24985412195445783,-,-0.0505009145162475,0.33578982314146966
51,3023.0053005909836,,,in-phase C-H stretching,nu(C7-C8),bond,0.1968210964239709,-,-0.04846963475710254,0.287151870291782
51,3023.0053005909836,,,in-phase C-H stretching,"gamma(H17;C8,H18,H19)",oop,0.14858566074623422,+,0.037741390368716994,0.35753668248522347
51,3023.0053005909836,,,in-phase C-H stretching,nu(C6-H15),bond,0.03452584279641017,-,-0.01870138353589165,0.33835789268622185
51,3023.0053005909836,,,in-phase C-H stretching,delta(C7-C8-H19),angle,0.03397861343814756,+,0.01761956528303964,0.37514120679903984
51,3023.0053005909836,,,in-phase C-H stretching,delta(C7-C8-H17),angle,0.024033671190512928,+,0.013047907033853383,0.4838579761113301
51,3023.0053005909836,,,in-phase C-H stretching,nu(C6-H16),bond,0.01879286329009476,-,-0.013624469613519109,0.3470030099281011
51,3023.0053005909836,,,in-phase C-H stretching,delta(H18-C8-H19),angle,0.018097345386311636,-,-0.013212786732273324,0.35530843806641327
51,3023.0053005909836,,,in-phase C-H stretching,nu(C1-C2),bond,0.006957888980945262,+,0.00892867320942689,0.2991459555841769
51,3023.0053005909836,,,in-phase C-H stretching,"gamma(H12;C1,H10,H11)",oop,0.0021213144884927528,-,-0.005796322942021775,0.21641103722868646
51,3023.0053005909836,,,in-phase C-H stretching,delta(H10-C1-H11),angle,0.0014329742536013524,+,0.004409076360427536,0.25265194351349923
51,3023.0053005909836,,,in-phase C-H stretching,nu(C5-H14),bond,0.0014252138892616357,-,-0.003776350345604591,0.3425429122248566
51,3023.0053005909836,,,in-phase C-H stretching,nu(C5-C9),bond,0.0013977019554661631,+,0.00429997272256714,0.25909716935407706
51,3023.0053005909836,,,in-phase C-H stretching,delta(C2-C1-H12),angle,0.0012882600029637948,-,-0.0038087236938940624,0.3043855873378456
51,3023.0053005909836,,,in-phase C-H stretching,"gamma(H21;C9,C5,C7)",oop,0.0012674252623596216,+,0.001722980292989292,1.4633264940362696
51,3023.0053005909836,,,in-phase C-H stretching,nu(C7-C9),bond,0.001088249403260473,+,0.003967668357708346,0.23693935749874415
51,3023.0053005909836,,,in-phase C-H stretching,tau(C2-C7-C9-H21),dihedral,0.0007225516272204597,-,-0.0019260001856187927,0.6676298268489548
51,3023.0053005909836,,,in-phase C-H stretching,"gamma(C7;C9,H20,H21)",oop,0.0005719361463802394,-,-0.0021452637146099542,0.42595690951260695
51,3023.0053005909836,,,in-phase C-H stretching,delta(H20-C9-H21),angle,0.000567106462563052,+,0.0016994889396567832,0.6729881358363181
51,3023.0053005909836,,,in-phase C-H stretching,tau(C6-C7-C8-H18),dihedral,0.00038071367216176345,-,-0.002272584038979583,0.25266091572024935
51,3023.0053005909836,,,in-phase C-H stretching,nu(C4-H13),bond,0.0003006795021085543,+,0.0017111891265406405,0.351955126413533
51,3023.0053005909836,,,in-phase C-H stretching,tau(C9-C7-C8-H17),dihedral,0.00021124973507535754,+,0.0020487045969245004,0.1725110767453955
51,3023.0053005909836,,,in-phase C-H stretching,delta(C2-C1-H11),angle,0.00019668322084349447,-,-0.0013502009837318878,0.36978557709159526
51,3023.0053005909836,,,in-phase C-H stretching,nu(C5-C6),bond,0.0001600032543069441,+,0.0013074187044170898,0.3208329206887749
51,3023.0053005909836,,,in-phase C-H stretching,tau(C8-C7-C9-C5),dihedral,0.00015254723353191167,+,0.001302997673168413,0.3079615894469893
51,3023.0053005909836,,,in-phase C-H stretching,delta(C1-C2-C7),angle,0.00011442278065194311,-,-0.0010566108919891786,0.35128679741124474
51,3023.0053005909836,,,in-phase C-H stretching,nu(C6-C7),bond,0.00010710372495937883,+,0.0011347194847842088,0.2851064531742666
51,3023.0053005909836,,,in-phase C-H stretching,tau(C2-C7-C8-H19),dihedral,6.076902554264083e-05,+,0.0008640810316020211,0.2789669960422185
51,3023.0053005909836,,,in-phase C-H stretching,delta(O3-C2-C7),angle,6.0364733555483656e-05,+,0.00041698348683854973,1.1899400216449423
51,3023.0053005909836,,,in-phase C-H stretching,tau(C1-C2-C7-C6),dihedral,5.9764205638083045e-05,+,0.0008624910026793945,0.27536675168740415
51,3023.0053005909836,,,in-phase C-H stretching,tau(H10-C1-C2-O3),dihedral,5.833285237484849e-05,-,-0.0010671779118718644,0.17555736525640764
51,3023.0053005909836,,,in-phase C-H stretching,"gamma(C6;C7,C2,C9)",oop,5.741304847382388e-05,-,-0.0003511595845835187,1.5958095173539286
51,3023.0053005909836,,,in-phase C-H stretching,delta(C5-C6-H16),angle,3.327216044870346e-05,-,-0.0005819550721355982,0.33672982370377696
51,3023.0053005909836,,,in-phase C-H stretching,delta(C7-C6-H15),angle,1.80580459747536e-05,+,0.00047210132317789335,0.27770251683716846
51,3023.0053005909836,,,in-phase C-H stretching,nu(C2-C7),bond,9.001895445640636e-06,-,-0.0003109556078761904,0.31909255709522183
51,3023.0053005909836,,,in-phase C-H stretching,nu(C4-C5),bond,8.874727796033206e-06,+,0.000318216534729534,0.30039247824764354
51,3023.0053005909836,,,in-phase C-H stretching,delta(C5-C6-H15),angle,5.884023167650943e-06,-,-0.00026857299088811143,0.27959487055579446
51,3023.0053005909836,,,in-phase C-H stretching,nu(C2-O3),bond,5.796262735525584e-06,+,0.000281039646022421,0.25153149975958655
51,3023.0053005909836,,,in-phase C-H stretching,delta(O3-C4-C5),angle,5.290599210788431e-06,+,0.00013243204672373418,1.033946761767908
51,3023.0053005909836,,,in-phase C-H stretching,tau(C4-C5-C9-H20),dihedral,5.2621129234846345e-06,-,-0.00017733287342103487,0.5735366270754743
51,3023.0053005909836,,,in-phase C-H stretching,"gamma(H14;C5,C6,C9)",oop,3.6531402383700986e-06,-,-0.000248367585706806,0.2029812906968152
51,3023.0053005909836,,,in-phase C-H stretching,tau(H12-C1-C2-C7),dihedral,2.4031758640986415e-06,-,-0.0002203878640409076,0.16958588363924
51,3023.0053005909836,,,in-phase C-H stretching,delta(C5-C4-H13),angle,2.278405236151162e-06,-,-0.00018613955715015914,0.22538920624003742
51,3023.0053005909836,,,in-phase C-H stretching,delta(C4-C5-C9),angle,1.6713857654726318e-06,-,-6.167195054075156e-05,1.506193701341896
51,3023.0053005909836,,,in-phase C-H stretching,tau(O3-C2-C7-C6),dihedral,1.5516244281207998e-06,-,-7.943192945604181e-05,0.8428996647092574
51,3023.0053005909836,,,in-phase C-H stretching,"gamma(O3;C4,C5,H13)",oop,1.421811132497305e-06,+,0.00019191906038373767,0.13230772126924695
51,3023.0053005909836,,,in-phase C-H stretching,tau(C2-C4-C5-H14),dihedral,1.2475303782994503e-06,-,-0.00017456225591055172,0.1403233470126861
51,3023.0053005909836,,,in-phase C-H stretching,nu(C2-C4),bond,7.560961384966767e-08,-,-2.1969423763021282e-05,0.5369318728370088
51,3023.0053005909836,,,in-phase C-H stretching,nu(O3-C4),bond,3.3190728188305776e-08,-,-1.741708555561546e-05,0.375012122768873
51,3023.0053005909836,,,in-phase C-H stretching,delta(H15-C6-H16),angle,3.449268507125747e-10,+,1.8112109865917933e-06,0.3603864154338734
52,3030.7033928560686,,,C-H stretching,nu(C1-H11),bond,42.28992492721856,+,0.661774226282524,0.3328486247653903
52,3030.7033928560686,,,C-H stretching,nu(C1-H10),bond,34.16185662383367,+,0.5932903335102431,0.33453107906648005
52,3030.7033928560686,,,C-H stretching,nu(C1-H12),bond,17.754491596987943,+,0.42426022539442887,0.33999548876067176
52,3030.7033928560686,,,C-H stretching,nu(C9-H20),bond,1.8385082276169027,-,-0.1383269915120528,0.3311930886360174
52,3030.7033928560686,,,C-H stretching,nu(C8-H17),bond,1.2144826978590586,+,0.11224753170232596,0.33225175462853057
52,3030.7033928560686,,,C-H stretching,nu(C8-H19),bond,0.9640611746832723,+,0.09970399338748458,0.3342789560628059
52,3030.7033928560686,,,C-H stretching,nu(C9-H21),bond,0.8243669405173263,-,-0.09199014299272842,0.33578982314146966
52,3030.7033928560686,,,C-H stretching,nu(C8-H18),bond,0.5440709737326574,+,0.07506450396845797,0.3328249452823529
52,3030.7033928560686,,,C-H stretching,nu(C1-C2),bond,0.19010034649023394,-,-0.046802026882750154,0.2991459555841769
52,3030.7033928560686,,,C-H stretching,"gamma(H12;C1,H10,H11)",oop,0.08102161486167708,+,0.03592324163222892,0.21641103722868646
52,3030.7033928560686,,,C-H stretching,delta(C2-C1-H12),angle,0.045321391077429225,+,0.022654493073942315,0.3043855873378456
52,3030.7033928560686,,,C-H stretching,delta(H10-C1-H11),angle,0.03366993672896827,-,-0.02143258741729649,0.25265194351349923
52,3030.7033928560686,,,C-H stretching,delta(C2-C1-H11),angle,0.010362289769142125,+,0.009828056795104,0.36978557709159526
52,3030.7033928560686,,,C-H stretching,"gamma(H21;C9,C5,C7)",oop,0.006523822747318818,+,0.003920082741542838,1.4633264940362696
52,3030.7033928560686,,,C-H stretching,nu(C7-C8),bond,0.005293433400451825,-,-0.00797127289443131,0.287151870291782
52,3030.7033928560686,,,C-H stretching,nu(C5-C9),bond,0.004651391296149651,+,0.007866379223054326,0.25909716935407706
52,3030.7033928560686,,,C-H stretching,"gamma(H17;C8,H18,H19)",oop,0.004555565830417499,+,0.006627132223784521,0.35753668248522347
52,3030.7033928560686,,,C-H stretching,nu(C7-C9),bond,0.004375993787051902,+,0.00797874380882302,0.23693935749874415
52,3030.7033928560686,,,C-H stretching,delta(H20-C9-H21),angle,0.003766296148906948,+,0.0043920604042773665,0.6729881358363181
52,3030.7033928560686,,,C-H stretching,nu(C6-H16),bond,0.0035081654551777208,-,-0.005903209391116288,0.3470030099281011
52,3030.7033928560686,,,C-H stretching,nu(C5-H14),bond,0.0033682765877002417,+,0.005821851931998281,0.3425429122248566
52,3030.7033928560686,,,C-H stretching,delta(C1-C2-C7),angle,0.001907633449230601,+,0.004326446382414129,0.35128679741124474
52,3030.7033928560686,,,C-H stretching,tau(C2-C7-C9-H21),dihedral,0.0017741894359162404,-,-0.003026543388778053,0.6676298268489548
52,3030.7033928560686,,,C-H stretching,nu(C6-H15),bond,0.001376687644185746,-,-0.0037449353684921027,0.33835789268622185
52,3030.7033928560686,,,C-H stretching,nu(C4-H13),bond,0.000992542706675215,-,-0.003117781881493333,0.351955126413533
52,3030.7033928560686,,,C-H stretching,tau(C4-C5-C9-H20),dihedral,0.0009433485387892068,-,-0.0023810597127598013,0.5735366270754743
52,3030.7033928560686,,,C-H stretching,tau(H10-C1-C2-O3),dihedral,0.000925574162161817,+,0.0042629560912731766,0.17555736525640764
52,3030.7033928560686,,,C-H stretching,"gamma(C7;C9,H20,H21)",oop,0.0008970538847030889,-,-0.0026942705698962495,0.42595690951260695
52,3030.7033928560686,,,C-H stretching,delta(C7-C8-H19),angle,0.0008022077456618798,+,0.002714943619921122,0.37514120679903984
52,3030.7033928560686,,,C-H stretching,delta(H18-C8-H19),angle,0.0007235544474018444,-,-0.0026494005566259755,0.35530843806641327
52,3030.7033928560686,,,C-H stretching,tau(C1-C2-C7-C6),dihedral,0.0005331554569936571,-,-0.0025833660857397358,0.27536675168740415
52,3030.7033928560686,,,C-H stretching,delta(C7-C8-H17),angle,0.0002855988212827228,+,0.0014263760182026356,0.4838579761113301
52,3030.7033928560686,,,C-H stretching,tau(C8-C7-C9-C5),dihedral,9.871549626718504e-05,-,-0.0010511366179816592,0.3079615894469893
52,3030.7033928560686,,,C-H stretching,tau(C9-C7-C8-H17),dihedral,7.584183417711243e-05,+,0.0012310074921625441,0.1725110767453955
52,3030.7033928560686,,,C-H stretching,"gamma(H14;C5,C6,C9)",oop,7.23015151164575e-05,+,0.0011080528358630797,0.2029812906968152
52,3030.7033928560686,,,C-H stretching,"gamma(C6;C7,C2,C9)",oop,5.8323207834928965e-05,-,-0.00035493183237552664,1.5958095173539286
52,3030.7033928560686,,,C-H stretching,delta(O3-C2-C7),angle,4.1708319651520715e-05,-,-0.0003475870488484885,1.1899400216449423
52,3030.7033928560686,,,C-H stretching,nu(C2-C4),bond,3.272290346747719e-05,-,-0.00045833296924252043,0.5369318728370088
52,3030.7033928560686,,,C-H stretching,delta(C5-C4-H13),angle,3.0205370454418867e-05,-,-0.0006796577939517803,0.22538920624003742
52,3030.7033928560686,,,C-H stretching,"gamma(O3;C4,C5,H13)",oop,2.471232181370679e-05,+,0.0008023778955180864,0.13230772126924695
52,3030.7033928560686,,,C-H stretching,delta(O3-C4-C5),angle,1.642031211064866e-05,-,-0.00023396796112990856,1.033946761767908
52,3030.7033928560686,,,C-H stretching,delta(C5-C6-H16),angle,1.638158647691815e-05,-,-0.0004094981680422336,0.33672982370377696
52,3030.7033928560686,,,C-H stretching,delta(C7-C6-H15),angle,1.5206804691253072e-05,+,0.0004344540513734165,0.27770251683716846
52,3030.7033928560686,,,C-H stretching,delta(H15-C6-H16),angle,1.4967862390368409e-05,+,0.000378364568046048,0.3603864154338734
52,3030.7033928560686,,,C-H stretching,delta(C4-C5-C9),angle,1.0700892161884453e-05,+,0.0001564891946404025,1.506193701341896
52,3030.7033928560686,,,C-H stretching,nu(C5-C6),bond,9.697837869299323e-06,+,0.0003227845747625122,0.3208329206887749
52,3030.7033928560686,,,C-H stretching,tau(C2-C7-C8-H19),dihedral,7.260064138625683e-06,+,0.0002995081131007615,0.2789669960422185
52,3030.7033928560686,,,C-H stretching,nu(C6-C7),bond,7.000340670157817e-06,+,0.00029091816485156787,0.2851064531742666
52,3030.7033928560686,,,C-H stretching,tau(C6-C7-C8-H18),dihedral,5.982420881164072e-06,+,0.0002856828858314436,0.25266091572024935
52,3030.7033928560686,,,C-H stretching,nu(C2-C7),bond,5.748699358263146e-06,+,0.00024919609734176456,0.31909255709522183
52,3030.7033928560686,,,C-H stretching,tau(C2-C4-C5-H14),dihedral,5.561677686339075e-06,-,-0.00036961766250988114,0.1403233470126861
52,3030.7033928560686,,,C-H stretching,tau(O3-C2-C7-C6),dihedral,4.536881744389663e-06,-,-0.00013620892471136862,0.8428996647092574
52,3030.7033928560686,,,C-H stretching,tau(H12-C1-C2-C7),dihedral,1.3812597843628048e-06,-,-0.00016755508393958296,0.16958588363924
52,3030.7033928560686,,,C-H stretching,nu(C4-C5),bond,1.2941191233534366e-06,+,0.000121858934323173,0.30039247824764354
52,3030.7033928560686,,,C-H stretching,nu(C2-O3),bond,6.840942168145539e-08,-,-3.0617980679020475e-05,0.25153149975958655
52,3030.7033928560686,,,C-H stretching,delta(C5-C6-H15),angle,2.019157145430231e-08,-,-1.5777392712429875e-05,0.27959487055579446
52,3030.7033928560686,,,C-H stretching,nu(O3-C4),bond,6.748073717732128e-09,-,-7.87557063344979e-06,0.375012122768873
53,3038.9452793598407,,,ring-site C-H stretching,nu(C9-H20),bond,64.37086210362067,-,-0.8265356134516114,0.3311930886360174
53,3038.9452793598407,,,ring-site C-H stretching,nu(C9-H21),bond,30.754972882896578,-,-0.5673897033922329,0.33578982314146966
53,3038.9452793598407,,,ring-site C-H stretching,nu(C1-H11),bond,1.191142153737429,-,-0.11215430658362266,0.3328486247653903
53,3038.9452793598407,,,ring-site C-H stretching,nu(C1-H10),bond,0.48583221763462275,-,-0.07144674715009738,0.33453107906648005
53,3038.9452793598407,,,ring-site C-H stretching,nu(C8-H17),bond,0.4831443297947148,-,-0.0714928059892004,0.33225175462853057
53,3038.9452793598407,,,ring-site C-H stretching,nu(C1-H12),bond,0.4302755858391636,-,-0.0666951595583394,0.33999548876067176
53,3038.9452793598407,,,ring-site C-H stretching,nu(C6-H15),bond,0.4098203892187125,+,0.06524784401924841,0.33835789268622185
53,3038.9452793598407,,,ring-site C-H stretching,nu(C8-H19),bond,0.32094115314939053,-,-0.058091919469793474,0.3342789560628059
53,3038.9452793598407,,,ring-site C-H stretching,nu(C8-H18),bond,0.31018387994416347,-,-0.05723467463285216,0.3328249452823529
53,3038.9452793598407,,,ring-site C-H stretching,nu(C5-H14),bond,0.30880580143586345,+,0.056291493770697,0.3425429122248566
53,3038.9452793598407,,,ring-site C-H stretching,"gamma(H21;C9,C5,C7)",oop,0.25311830947658215,+,0.024657480802643284,1.4633264940362696
53,3038.9452793598407,,,ring-site C-H stretching,delta(H20-C9-H21),angle,0.1583145635924122,+,0.028755059521845865,0.6729881358363181
53,3038.9452793598407,,,ring-site C-H stretching,nu(C7-C9),bond,0.156822666302381,+,0.0482328977530145,0.23693935749874415
53,3038.9452793598407,,,ring-site C-H stretching,nu(C5-C9),bond,0.15621918161162082,+,0.046035555272290515,0.25909716935407706
53,3038.9452793598407,,,ring-site C-H stretching,tau(C2-C7-C9-H21),dihedral,0.07022256131218546,-,-0.019227729708146974,0.6676298268489548
53,3038.9452793598407,,,ring-site C-H stretching,tau(C4-C5-C9-H20),dihedral,0.04634386913226061,-,-0.016852840343337023,0.5735366270754743
53,3038.9452793598407,,,ring-site C-H stretching,"gamma(C7;C9,H20,H21)",oop,0.022722998397748186,-,-0.013693281180220215,0.42595690951260695
53,3038.9452793598407,,,ring-site C-H stretching,nu(C6-H16),bond,0.020788332056393473,+,0.014511113619974236,0.3470030099281011
53,3038.9452793598407,,,ring-site C-H stretching,"gamma(C6;C7,C2,C9)",oop,0.01142080453538965,-,-0.005015513050991248,1.5958095173539286
53,3038.9452793598407,,,ring-site C-H stretching,nu(C4-H13),bond,0.010091661378820619,+,0.010039110349525298,0.351955126413533
53,3038.9452793598407,,,ring-site C-H stretching,tau(C9-C7-C8-H17),dihedral,0.005238023800489799,+,0.010330772116633365,0.1725110767453955
53,3038.9452793598407,,,ring-site C-H stretching,nu(C1-C2),bond,0.00404288398609512,+,0.006892259372291905,0.2991459555841769
53,3038.9452793598407,,,ring-site C-H stretching,delta(C4-C5-C9),angle,0.003856951088077453,+,0.003000123916059392,1.506193701341896
53,3038.9452793598407,,,ring-site C-H stretching,"gamma(H17;C8,H18,H19)",oop,0.002985795682904994,-,-0.005417853790691718,0.35753668248522347
53,3038.9452793598407,,,ring-site C-H stretching,"gamma(H12;C1,H10,H11)",oop,0.0021378765281390827,-,-0.005892629657170116,0.21641103722868646
53,3038.9452793598407,,,ring-site C-H stretching,nu(C5-C6),bond,0.00163277746838843,-,-0.004229427432052785,0.3208329206887749
53,3038.9452793598407,,,ring-site C-H stretching,"gamma(H14;C5,C6,C9)",oop,0.0012311118099535268,+,0.004617195723886412,0.2029812906968152
53,3038.9452793598407,,,ring-site C-H stretching,delta(C2-C1-H12),angle,0.0011937953904958274,-,-0.0037128760183644843,0.3043855873378456
53,3038.9452793598407,,,ring-site C-H stretching,nu(C7-C8),bond,0.0011657194160982509,+,0.0037774500588191448,0.287151870291782
53,3038.9452793598407,,,ring-site C-H stretching,delta(H10-C1-H11),angle,0.0009495107892064442,+,0.0036345125363316114,0.25265194351349923
53,3038.9452793598407,,,ring-site C-H stretching,delta(C7-C8-H17),angle,0.0005968243725553609,-,-0.002082197226706143,0.4838579761113301
53,3038.9452793598407,,,ring-site C-H stretching,nu(C4-C5),bond,0.0005221401438034653,-,-0.0024717614589479767,0.30039247824764354
53,3038.9452793598407,,,ring-site C-H stretching,delta(C7-C8-H19),angle,0.000424671141810866,-,-0.001994741073354499,0.37514120679903984
53,3038.9452793598407,,,ring-site C-H stretching,tau(C8-C7-C9-C5),dihedral,0.0004239144488249213,-,-0.0021996236191093423,0.3079615894469893
53,3038.9452793598407,,,ring-site C-H stretching,delta(H18-C8-H19),angle,0.0002530404881459416,+,0.0015821577703951527,0.35530843806641327
53,3038.9452793598407,,,ring-site C-H stretching,tau(C2-C4-C5-H14),dihedral,0.00023839328012267673,-,-0.002443653237014128,0.1403233470126861
53,3038.9452793598407,,,ring-site C-H stretching,nu(C6-C7),bond,0.00015245594611277066,-,-0.0013709644738419435,0.2851064531742666
53,3038.9452793598407,,,ring-site C-H stretching,tau(O3-C2-C7-C6),dihedral,0.00014031663581915975,-,-0.0007649343825481843,0.8428996647092574
53,3038.9452793598407,,,ring-site C-H stretching,delta(C7-C6-H15),angle,0.0001020822916136349,-,-0.001136692091481838,0.27770251683716846
53,3038.9452793598407,,,ring-site C-H stretching,delta(C1-C2-C7),angle,9.591315620602316e-05,-,-0.0009796382148997316,0.35128679741124474
53,3038.9452793598407,,,ring-site C-H stretching,nu(O3-C4),bond,8.5720115971702e-05,-,-0.0008963471920237714,0.375012122768873
53,3038.9452793598407,,,ring-site C-H stretching,delta(C2-C1-H11),angle,8.56280355683141e-05,-,-0.0009021744992130486,0.36978557709159526
53,3038.9452793598407,,,ring-site C-H stretching,nu(C2-C4),bond,8.071264927406186e-05,-,-0.0007268900929793951,0.5369318728370088
53,3038.9452793598407,,,ring-site C-H stretching,delta(C5-C6-H16),angle,6.681609787174214e-05,+,0.0008351361898058141,0.33672982370377696
53,3038.9452793598407,,,ring-site C-H stretching,nu(C2-C7),bond,3.993414576911668e-05,+,0.0006632410576556596,0.31909255709522183
53,3038.9452793598407,,,ring-site C-H stretching,tau(C1-C2-C7-C6),dihedral,3.95408388159045e-05,+,0.0007104356218475404,0.27536675168740415
53,3038.9452793598407,,,ring-site C-H stretching,tau(H10-C1-C2-O3),dihedral,3.7947863554439526e-05,-,-0.0008716490855733202,0.17555736525640764
53,3038.9452793598407,,,ring-site C-H stretching,"gamma(O3;C4,C5,H13)",oop,3.582999028920075e-05,-,-0.0009756370655612073,0.13230772126924695
53,3038.9452793598407,,,ring-site C-H stretching,delta(H15-C6-H16),angle,3.357169072379732e-05,-,-0.0005722159268280374,0.3603864154338734
53,3038.9452793598407,,,ring-site C-H stretching,nu(C2-O3),bond,2.041378910012786e-05,-,-0.0005341007189516289,0.25153149975958655
53,3038.9452793598407,,,ring-site C-H stretching,tau(C2-C7-C8-H19),dihedral,1.8343170738108202e-05,-,-0.00048074893651285747,0.2789669960422185
53,3038.9452793598407,,,ring-site C-H stretching,tau(C6-C7-C8-H18),dihedral,1.4707429777373791e-05,-,-0.0004523315697872401,0.25266091572024935
53,3038.9452793598407,,,ring-site C-H stretching,delta(O3-C4-C5),angle,8.742350117807808e-06,-,-0.00017239416009367763,1.033946761767908
53,3038.9452793598407,,,ring-site C-H stretching,tau(H12-C1-C2-C7),dihedral,1.5780224295979457e-06,+,0.00018085031831270354,0.16958588363924
53,3038.9452793598407,,,ring-site C-H stretching,delta(C5-C4-H13),angle,5.077193450187655e-07,-,-8.898213860488116e-05,0.22538920624003742
53,3038.9452793598407,,,ring-site C-H stretching,delta(C5-C6-H15),angle,2.1548864357429104e-07,+,5.2048130497239554e-05,0.27959487055579446
53,3038.9452793598407,,,ring-site C-H stretching,delta(O3-C2-C7),angle,1.4767004253534303e-07,+,2.0885323429091307e-05,1.1899400216449423
54,3075.0620368488453,,,ring-site C-H stretching,nu(C6-H15),bond,74.61414889772014,+,0.8904909313774985,0.33835789268622185
54,3075.0620368488453,,,ring-site C-H stretching,nu(C6-H16),bond,20.26583055848062,+,0.45827128417953533,0.3470030099281011
54,3075.0620368488453,,,ring-site C-H stretching,nu(C9-H20),bond,1.8223277366760464,+,0.14066293407254898,0.3311930886360174
54,3075.0620368488453,,,ring-site C-H stretching,nu(C5-H14),bond,1.156984080601761,-,-0.11020803547002782,0.3425429122248566
54,3075.0620368488453,,,ring-site C-H stretching,nu(C9-H21),bond,1.0954304842256213,-,-0.1083092898813419,0.33578982314146966
54,3075.0620368488453,,,ring-site C-H stretching,nu(C8-H17),bond,0.2892635714508169,+,0.05595260262589179,0.33225175462853057
54,3075.0620368488453,,,ring-site C-H stretching,nu(C6-C7),bond,0.14782074131551226,-,-0.043178865401468085,0.2851064531742666
54,3075.0620368488453,,,ring-site C-H stretching,nu(C5-C6),bond,0.1368424202540721,-,-0.03916318218459615,0.3208329206887749
54,3075.0620368488453,,,ring-site C-H stretching,nu(C8-H19),bond,0.10829159152725835,-,-0.034131070640032735,0.3342789560628059
54,3075.0620368488453,,,ring-site C-H stretching,delta(H15-C6-H16),angle,0.09626745927909165,-,-0.030992928255997407,0.3603864154338734
54,3075.0620368488453,,,ring-site C-H stretching,"gamma(C6;C7,C2,C9)",oop,0.07069174024413888,-,-0.01262120651901795,1.5958095173539286
54,3075.0620368488453,,,ring-site C-H stretching,"gamma(H21;C9,C5,C7)",oop,0.04881873934133694,-,-0.010952915176460333,1.4633264940362696
54,3075.0620368488453,,,ring-site C-H stretching,nu(C8-H18),bond,0.03465815098128603,+,0.01935092911458415,0.3328249452823529
54,3075.0620368488453,,,ring-site C-H stretching,delta(C5-C6-H16),angle,0.026699780221549098,+,0.016885740618598093,0.33672982370377696
54,3075.0620368488453,,,ring-site C-H stretching,nu(C1-H12),bond,0.017260811236166036,+,0.013511422866525333,0.33999548876067176
54,3075.0620368488453,,,ring-site C-H stretching,nu(C1-H11),bond,0.015547970367528509,+,0.012960463422081493,0.3328486247653903
54,3075.0620368488453,,,ring-site C-H stretching,tau(O3-C2-C7-C6),dihedral,0.008888635453203859,-,-0.006157957241273444,0.8428996647092574
54,3075.0620368488453,,,ring-site C-H stretching,"gamma(H14;C5,C6,C9)",oop,0.007771234229331313,-,-0.01173340487271754,0.2029812906968152
54,3075.0620368488453,,,ring-site C-H stretching,delta(C5-C6-H15),angle,0.006797423314860313,-,-0.009350064798036227,0.27959487055579446
54,3075.0620368488453,,,ring-site C-H stretching,tau(C6-C7-C8-H18),dihedral,0.005508089328781082,-,-0.0088539795913617,0.25266091572024935
54,3075.0620368488453,,,ring-site C-H stretching,delta(C7-C6-H15),angle,0.004570208840610837,-,-0.007692813028515332,0.27770251683716846
54,3075.0620368488453,,,ring-site C-H stretching,tau(C1-C2-C7-C6),dihedral,0.0037245142291693475,-,-0.0069740672381839895,0.27536675168740415
54,3075.0620368488453,,,ring-site C-H stretching,tau(C2-C7-C9-H21),dihedral,0.003531864583423472,+,0.004361553645350655,0.6676298268489548
54,3075.0620368488453,,,ring-site C-H stretching,nu(C1-H10),bond,0.002583327060117234,-,-0.005269610586512298,0.33453107906648005
54,3075.0620368488453,,,ring-site C-H stretching,delta(C7-C8-H19),angle,0.0014963303816960586,+,0.0037872451966884245,0.37514120679903984
54,3075.0620368488453,,,ring-site C-H stretching,nu(C4-H13),bond,0.0013111553880904533,-,-0.003660079311545446,0.351955126413533
54,3075.0620368488453,,,ring-site C-H stretching,tau(C9-C7-C8-H17),dihedral,0.0011226584766805886,-,-0.004837515828270749,0.1725110767453955
54,3075.0620368488453,,,ring-site C-H stretching,nu(C4-C5),bond,0.0010436002203755253,+,0.0035345132672754158,0.30039247824764354
54,3075.0620368488453,,,ring-site C-H stretching,delta(H20-C9-H21),angle,0.0008138947870020612,-,-0.0020853909832230437,0.6729881358363181
54,3075.0620368488453,,,ring-site C-H stretching,"gamma(H17;C8,H18,H19)",oop,0.0008071861930122428,+,0.0028492701042935045,0.35753668248522347
54,3075.0620368488453,,,ring-site C-H stretching,delta(C4-C5-C9),angle,0.0006481666390261951,+,0.0012439702254514716,1.506193701341896
54,3075.0620368488453,,,ring-site C-H stretching,delta(C7-C8-H17),angle,0.0005362504734917876,-,-0.0019963282573421926,0.4838579761113301
54,3075.0620368488453,,,ring-site C-H stretching,nu(C5-C9),bond,0.0005269534579593107,+,0.002704343520655575,0.25909716935407706
54,3075.0620368488453,,,ring-site C-H stretching,nu(C7-C9),bond,0.000414382093904826,-,-0.002507777197279741,0.23693935749874415
54,3075.0620368488453,,,ring-site C-H stretching,delta(O3-C4-C5),angle,0.00023534317636817362,+,0.000904708725083716,1.033946761767908
54,3075.0620368488453,,,ring-site C-H stretching,tau(C2-C4-C5-H14),dihedral,0.00016664307724873975,-,-0.0020665015383072778,0.1403233470126861
54,3075.0620368488453,,,ring-site C-H stretching,nu(C2-C7),bond,0.00016471777353950235,-,-0.0013624449282585065,0.31909255709522183
54,3075.0620368488453,,,ring-site C-H stretching,delta(C5-C4-H13),angle,0.00013944470418211137,-,-0.0014915627115732904,0.22538920624003742
54,3075.0620368488453,,,ring-site C-H stretching,nu(C2-C4),bond,6.545380893057178e-05,+,0.0006620868035292327,0.5369318728370088
54,3075.0620368488453,,,ring-site C-H stretching,"gamma(H12;C1,H10,H11)",oop,5.59795617887497e-05,+,0.000964455304368603,0.21641103722868646
54,3075.0620368488453,,,ring-site C-H stretching,"gamma(O3;C4,C5,H13)",oop,3.996357880212953e-05,+,0.0010421894049037867,0.13230772126924695
54,3075.0620368488453,,,ring-site C-H stretching,tau(C8-C7-C9-C5),dihedral,3.976419431699086e-05,+,0.0006814043151708146,0.3079615894469893
54,3075.0620368488453,,,ring-site C-H stretching,tau(C4-C5-C9-H20),dihedral,3.0273072743132674e-05,+,0.00043566707037133684,0.5735366270754743
54,3075.0620368488453,,,ring-site C-H stretching,delta(H18-C8-H19),angle,1.6164183970394453e-05,+,0.00040446523033019747,0.35530843806641327
54,3075.0620368488453,,,ring-site C-H stretching,delta(C2-C1-H12),angle,1.163386939422027e-05,+,0.00037072947114210854,0.3043855873378456
54,3075.0620368488453,,,ring-site C-H stretching,tau(C2-C7-C8-H19),dihedral,9.900435811646528e-06,+,0.00035723812831392926,0.2789669960422185
54,3075.0620368488453,,,ring-site C-H stretching,nu(O3-C4),bond,8.023586467158763e-06,+,0.0002773758697843146,0.375012122768873
54,3075.0620368488453,,,ring-site C-H stretching,delta(C1-C2-C7),angle,7.889966520208894e-06,+,0.0002841932301893597,0.35128679741124474
54,3075.0620368488453,,,ring-site C-H stretching,delta(C2-C1-H11),angle,7.188323735760042e-06,-,-0.0002643905278506101,0.36978557709159526
54,3075.0620368488453,,,ring-site C-H stretching,delta(O3-C2-C7),angle,6.7990266136048776e-06,-,-0.00014334016393952203,1.1899400216449423
54,3075.0620368488453,,,ring-site C-H stretching,nu(C1-C2),bond,4.989408219875962e-06,-,-0.0002449006925881093,0.2991459555841769
54,3075.0620368488453,,,ring-site C-H stretching,nu(C2-O3),bond,3.776694119188917e-06,+,0.00023236289456830784,0.25153149975958655
54,3075.0620368488453,,,ring-site C-H stretching,nu(C7-C8),bond,2.0967376280099627e-06,+,0.00016204039080773043,0.287151870291782
54,3075.0620368488453,,,ring-site C-H stretching,tau(H10-C1-C2-O3),dihedral,1.5530082627416859e-06,-,-0.00017835464237914896,0.17555736525640764
54,3075.0620368488453,,,ring-site C-H stretching,"gamma(C7;C9,H20,H21)",oop,1.0959543590701444e-06,-,-9.618790427848158e-05,0.42595690951260695
54,3075.0620368488453,,,ring-site C-H stretching,tau(H12-C1-C2-C7),dihedral,6.788852427984777e-07,-,-0.00011998042524621678,0.16958588363924
54,3075.0620368488453,,,ring-site C-H stretching,delta(H10-C1-H11),angle,1.7898038297548296e-08,-,-1.5960572190690916e-05,0.25265194351349923
55,3081.1486673525224,,,opposite-phase C-H stretching,nu(C8-H17),bond,46.9353315025799,+,0.720541780507592,0.33225175462853057
55,3081.1486673525224,,,opposite-phase C-H stretching,nu(C8-H18),bond,46.083009751884795,-,-0.7133544066646915,0.3328249452823529
55,3081.1486673525224,,,opposite-phase C-H stretching,nu(C1-H11),bond,3.311796059711396,-,-0.1912279081228442,0.3328486247653903
55,3081.1486673525224,,,opposite-phase C-H stretching,nu(C1-H10),bond,2.907685900340913,+,0.17873037834535116,0.33453107906648005
55,3081.1486673525224,,,opposite-phase C-H stretching,nu(C8-H19),bond,0.2264942877992913,-,-0.0499018875602325,0.3342789560628059
55,3081.1486673525224,,,opposite-phase C-H stretching,delta(C7-C8-H17),angle,0.2110184686579062,-,-0.040035397644064524,0.4838579761113301
55,3081.1486673525224,,,opposite-phase C-H stretching,delta(H18-C8-H19),angle,0.10655919881442928,+,0.03319980842360474,0.35530843806641327
55,3081.1486673525224,,,opposite-phase C-H stretching,tau(C2-C7-C8-H19),dihedral,0.06419022856403672,+,0.029080435977477836,0.2789669960422185
55,3081.1486673525224,,,opposite-phase C-H stretching,tau(C8-C7-C9-C5),dihedral,0.030368886341669555,-,-0.019037460796685245,0.3079615894469893
55,3081.1486673525224,,,opposite-phase C-H stretching,"gamma(H17;C8,H18,H19)",oop,0.029070330449849163,+,0.017286518940592962,0.35753668248522347
55,3081.1486673525224,,,opposite-phase C-H stretching,nu(C6-H15),bond,0.028328596879527736,-,-0.017541520752518813,0.33835789268622185
55,3081.1486673525224,,,opposite-phase C-H stretching,nu(C6-H16),bond,0.014102125970015277,-,-0.01222133191390719,0.3470030099281011
55,3081.1486673525224,,,opposite-phase C-H stretching,tau(C6-C7-C8-H18),dihedral,0.01121857949006015,-,-0.012774466360005734,0.25266091572024935
55,3081.1486673525224,,,opposite-phase C-H stretching,delta(C2-C1-H11),angle,0.010231404908869556,+,0.01008406223189578,0.36978557709159526
55,3081.1486673525224,,,opposite-phase C-H stretching,nu(C9-H21),bond,0.009157579883575991,+,0.010011507064930144,0.33578982314146966
55,3081.1486673525224,,,opposite-phase C-H stretching,tau(C1-C2-C7-C6),dihedral,0.00623557847859475,+,0.009122744023628093,0.27536675168740415
55,3081.1486673525224,,,opposite-phase C-H stretching,tau(C9-C7-C8-H17),dihedral,0.004276092018840575,-,-0.009544603536620181,0.1725110767453955
55,3081.1486673525224,,,opposite-phase C-H stretching,nu(C9-H20),bond,0.004171193047736222,-,-0.006803499817430252,0.3311930886360174
55,3081.1486673525224,,,opposite-phase C-H stretching,tau(H12-C1-C2-C7),dihedral,0.002511421027201636,+,0.007377475550065824,0.16958588363924
55,3081.1486673525224,,,opposite-phase C-H stretching,nu(C5-H14),bond,0.001226078066995157,+,0.003626973930765373,0.3425429122248566
55,3081.1486673525224,,,opposite-phase C-H stretching,nu(C1-H12),bond,0.0006385899168119327,-,-0.002627346282286896,0.33999548876067176
55,3081.1486673525224,,,opposite-phase C-H stretching,nu(C6-C7),bond,0.0004780934273460604,+,0.002482536989039921,0.2851064531742666
55,3081.1486673525224,,,opposite-phase C-H stretching,tau(H10-C1-C2-O3),dihedral,0.0003602041019122153,-,-0.0027460450960527234,0.17555736525640764
55,3081.1486673525224,,,opposite-phase C-H stretching,nu(C7-C8),bond,0.0002961531521695596,+,0.001946907061162341,0.287151870291782
55,3081.1486673525224,,,opposite-phase C-H stretching,tau(O3-C2-C7-C6),dihedral,0.00026574792252137417,+,0.0010764400894566018,0.8428996647092574
55,3081.1486673525224,,,opposite-phase C-H stretching,nu(C7-C9),bond,0.0001882810436951654,-,-0.0017089429327710698,0.23693935749874415
55,3081.1486673525224,,,opposite-phase C-H stretching,delta(C7-C8-H19),angle,0.00015686383269063599,+,0.0012396722811537058,0.37514120679903984
55,3081.1486673525224,,,opposite-phase C-H stretching,delta(C1-C2-C7),angle,0.00011842216816251629,+,0.0011130853207272935,0.35128679741124474
55,3081.1486673525224,,,opposite-phase C-H stretching,delta(H15-C6-H16),angle,8.255645812037608e-05,+,0.0009175593926495294,0.3603864154338734
55,3081.1486673525224,,,opposite-phase C-H stretching,delta(O3-C2-C7),angle,6.662132841185377e-05,+,0.0004536145469158736,1.1899400216449423
55,3081.1486673525224,,,opposite-phase C-H stretching,nu(C4-H13),bond,6.522022768101785e-05,+,0.0008252591966202954,0.351955126413533
55,3081.1486673525224,,,opposite-phase C-H stretching,nu(C5-C6),bond,6.147135518777978e-05,+,0.0008391503817967048,0.3208329206887749
55,3081.1486673525224,,,opposite-phase C-H stretching,"gamma(H21;C9,C5,C7)",oop,3.392527047278092e-05,+,0.00029189987343506584,1.4633264940362696
55,3081.1486673525224,,,opposite-phase C-H stretching,"gamma(C6;C7,C2,C9)",oop,3.245405323705016e-05,-,-0.00027339263564041066,1.5958095173539286
55,3081.1486673525224,,,opposite-phase C-H stretching,delta(C2-C1-H12),angle,2.1051964475900616e-05,-,-0.0005041701591094753,0.3043855873378456
55,3081.1486673525224,,,opposite-phase C-H stretching,nu(C2-C4),bond,1.790011623035064e-05,+,0.0003500347796060244,0.5369318728370088
55,3081.1486673525224,,,opposite-phase C-H stretching,tau(C2-C7-C9-H21),dihedral,1.7621369986425763e-05,-,-0.0003114546610628189,0.6676298268489548
55,3081.1486673525224,,,opposite-phase C-H stretching,tau(C4-C5-C9-H20),dihedral,1.4601341387703581e-05,+,0.0003058853403147896,0.5735366270754743
55,3081.1486673525224,,,opposite-phase C-H stretching,delta(C4-C5-C9),angle,1.3855017431746151e-05,-,-0.00018386793129884758,1.506193701341896
55,3081.1486673525224,,,opposite-phase C-H stretching,"gamma(C7;C9,H20,H21)",oop,1.2148197897317716e-05,+,0.00032375460951548435,0.42595690951260695
55,3081.1486673525224,,,opposite-phase C-H stretching,delta(H10-C1-H11),angle,1.1154358618889086e-05,-,-0.00040281334033818165,0.25265194351349923
55,3081.1486673525224,,,opposite-phase C-H stretching,delta(H20-C9-H21),angle,1.0026988804703377e-05,-,-0.00023400461691077328,0.6729881358363181
55,3081.1486673525224,,,opposite-phase C-H stretching,delta(C7-C6-H15),angle,9.006407389906714e-06,-,-0.00034524607591694575,0.27770251683716846
55,3081.1486673525224,,,opposite-phase C-H stretching,nu(C4-C5),bond,7.717173612713485e-06,-,-0.0003072751741935061,0.30039247824764354
55,3081.1486673525224,,,opposite-phase C-H stretching,nu(C2-O3),bond,5.871303188359043e-06,-,-0.00029289632915325935,0.25153149975958655
55,3081.1486673525224,,,opposite-phase C-H stretching,"gamma(H12;C1,H10,H11)",oop,5.72110803241873e-06,-,-0.00031170461776662984,0.21641103722868646
55,3081.1486673525224,,,opposite-phase C-H stretching,nu(C2-C7),bond,5.06175741661714e-06,+,0.0002414544378140492,0.31909255709522183
55,3081.1486673525224,,,opposite-phase C-H stretching,tau(C2-C4-C5-H14),dihedral,4.775188961510649e-06,+,0.000353649606037226,0.1403233470126861
55,3081.1486673525224,,,opposite-phase C-H stretching,delta(C5-C6-H16),angle,4.181177785884613e-06,-,-0.00021362466311302148,0.33672982370377696
55,3081.1486673525224,,,opposite-phase C-H stretching,nu(C5-C9),bond,2.9180398685337507e-06,-,-0.00020344974113840647,0.25909716935407706
55,3081.1486673525224,,,opposite-phase C-H stretching,"gamma(O3;C4,C5,H13)",oop,2.8826707832873364e-06,-,-0.00028297482076967935,0.13230772126924695
55,3081.1486673525224,,,opposite-phase C-H stretching,delta(O3-C4-C5),angle,1.8405929316543792e-06,+,8.088586819651008e-05,1.033946761767908
55,3081.1486673525224,,,opposite-phase C-H stretching,"gamma(H14;C5,C6,C9)",oop,1.7831936064635183e-06,+,0.000179685945595274,0.2029812906968152
55,3081.1486673525224,,,opposite-phase C-H stretching,nu(O3-C4),bond,1.0007864616258889e-06,-,-9.90355054496859e-05,0.375012122768873
55,3081.1486673525224,,,opposite-phase C-H stretching,nu(C1-C2),bond,5.904389951694738e-07,+,8.517042484120098e-05,0.2991459555841769
55,3081.1486673525224,,,opposite-phase C-H stretching,delta(C5-C4-H13),angle,2.7372297996725874e-07,+,6.68085333546797e-05,0.22538920624003742
55,3081.1486673525224,,,opposite-phase C-H stretching,delta(C5-C6-H15),angle,1.479091005032796e-07,+,4.409361576672797e-05,0.27959487055579446
56,3085.7032505503857,,,mixed-phase C-H stretching,nu(C1-H11),bond,44.38836825932326,+,0.700738123855298,0.3328486247653903
56,3085.7032505503857,,,mixed-phase C-H stretching,nu(C1-H10),bond,44.14194286723662,-,-0.6970308912879765,0.33453107906648005
56,3085.7032505503857,,,mixed-phase C-H stretching,nu(C8-H18),bond,5.471075042656337,-,-0.24602143113693825,0.3328249452823529
56,3085.7032505503857,,,mixed-phase C-H stretching,nu(C1-H12),bond,1.6664835282039114,-,-0.13434096842344678,0.33999548876067176
56,3085.7032505503857,,,mixed-phase C-H stretching,nu(C8-H19),bond,1.5898239229229079,+,0.13233189588495275,0.3342789560628059
56,3085.7032505503857,,,mixed-phase C-H stretching,nu(C8-H17),bond,1.4059827274417795,+,0.12482480331744211,0.33225175462853057
56,3085.7032505503857,,,mixed-phase C-H stretching,nu(C9-H21),bond,0.7868954160590004,-,-0.09289006828334363,0.33578982314146966
56,3085.7032505503857,,,mixed-phase C-H stretching,delta(C2-C1-H11),angle,0.16952280776548856,-,-0.04108503143983502,0.36978557709159526
56,3085.7032505503857,,,mixed-phase C-H stretching,nu(C9-H20),bond,0.13831300062459742,+,0.03921348205610978,0.3311930886360174
56,3085.7032505503857,,,mixed-phase C-H stretching,tau(C1-C2-C7-C6),dihedral,0.08442861746469658,-,-0.03359956287839989,0.27536675168740415
56,3085.7032505503857,,,mixed-phase C-H stretching,tau(H12-C1-C2-C7),dihedral,0.03142016055627249,-,-0.026118840298125886,0.16958588363924
56,3085.7032505503857,,,mixed-phase C-H stretching,nu(C6-H15),bond,0.031252172911910465,-,-0.01844151061097387,0.33835789268622185
56,3085.7032505503857,,,mixed-phase C-H stretching,nu(C5-H14),bond,0.01359494642540146,+,0.012088594133878585,0.3425429122248566
56,3085.7032505503857,,,mixed-phase C-H stretching,nu(C6-H16),bond,0.012130036263737196,-,-0.011345116710520851,0.3470030099281011
56,3085.7032505503857,,,mixed-phase C-H stretching,tau(H10-C1-C2-O3),dihedral,0.010781288651564708,+,0.015037316786512536,0.17555736525640764
56,3085.7032505503857,,,mixed-phase C-H stretching,"gamma(H21;C9,C5,C7)",oop,0.010664293570997426,-,-0.005180121752592465,1.4633264940362696
56,3085.7032505503857,,,mixed-phase C-H stretching,tau(C8-C7-C9-C5),dihedral,0.00919338205836475,-,-0.010484166696163807,0.3079615894469893
56,3085.7032505503857,,,mixed-phase C-H stretching,delta(C7-C8-H17),angle,0.00559109486934807,-,-0.006522799327207466,0.4838579761113301
56,3085.7032505503857,,,mixed-phase C-H stretching,delta(C7-C8-H19),angle,0.004912814213089112,-,-0.006944041763051056,0.37514120679903984
56,3085.7032505503857,,,mixed-phase C-H stretching,tau(C9-C7-C8-H17),dihedral,0.00468205149163137,-,-0.009996641994148053,0.1725110767453955
56,3085.7032505503857,,,mixed-phase C-H stretching,tau(C2-C7-C8-H19),dihedral,0.004086821830338577,+,0.0073444787502159135,0.2789669960422185
56,3085.7032505503857,,,mixed-phase C-H stretching,delta(C4-C5-C9),angle,0.0032919606746176122,+,0.0028368178111194044,1.506193701341896
56,3085.7032505503857,,,mixed-phase C-H stretching,"gamma(H12;C1,H10,H11)",oop,0.002896471141117961,-,-0.007020037610552329,0.21641103722868646
56,3085.7032505503857,,,mixed-phase C-H stretching,delta(H18-C8-H19),angle,0.0026103743630512253,+,0.005201075717679699,0.35530843806641327
56,3085.7032505503857,,,mixed-phase C-H stretching,tau(C4-C5-C9-H20),dihedral,0.002262812320599252,-,-0.0038114324545131546,0.5735366270754743
56,3085.7032505503857,,,mixed-phase C-H stretching,nu(C1-C2),bond,0.0017497764558604368,+,0.004640814995699449,0.2991459555841769
56,3085.7032505503857,,,mixed-phase C-H stretching,"gamma(H17;C8,H18,H19)",oop,0.0008792125258970085,+,0.003009062231395144,0.35753668248522347
56,3085.7032505503857,,,mixed-phase C-H stretching,delta(C2-C1-H12),angle,0.0008341720098128847,+,0.0031765837034815766,0.3043855873378456
56,3085.7032505503857,,,mixed-phase C-H stretching,delta(H10-C1-H11),angle,0.0007891464730352208,-,-0.003391267341186537,0.25265194351349923
56,3085.7032505503857,,,mixed-phase C-H stretching,nu(C4-H13),bond,0.0007856285638657442,+,0.0028668800613713967,0.351955126413533
56,3085.7032505503857,,,mixed-phase C-H stretching,delta(H20-C9-H21),angle,0.0005248417511046077,+,0.0016945524790711805,0.6729881358363181
56,3085.7032505503857,,,mixed-phase C-H stretching,delta(C1-C2-C7),angle,0.0005033512610172676,-,-0.002296937646731197,0.35128679741124474
56,3085.7032505503857,,,mixed-phase C-H stretching,nu(C2-C4),bond,0.0003503612995600835,-,-0.0015500403765419174,0.5369318728370088
56,3085.7032505503857,,,mixed-phase C-H stretching,"gamma(H14;C5,C6,C9)",oop,0.00028294449480246027,+,0.002265516130030804,0.2029812906968152
56,3085.7032505503857,,,mixed-phase C-H stretching,tau(C2-C7-C9-H21),dihedral,0.00022017756359487216,+,0.0011019533377739804,0.6676298268489548
56,3085.7032505503857,,,mixed-phase C-H stretching,nu(C6-C7),bond,0.00018896828919136836,+,0.0015621958553189055,0.2851064531742666
56,3085.7032505503857,,,mixed-phase C-H stretching,tau(C6-C7-C8-H18),dihedral,0.00012288490108361804,+,0.0013382115332990138,0.25266091572024935
56,3085.7032505503857,,,mixed-phase C-H stretching,nu(C2-O3),bond,9.775581213020398e-05,+,0.001196243643797276,0.25153149975958655
56,3085.7032505503857,,,mixed-phase C-H stretching,nu(C7-C9),bond,9.621576761129643e-05,+,0.0012227820662260936,0.23693935749874415
56,3085.7032505503857,,,mixed-phase C-H stretching,tau(O3-C2-C7-C6),dihedral,9.381605340382766e-05,-,-0.0006401697940765198,0.8428996647092574
56,3085.7032505503857,,,mixed-phase C-H stretching,nu(C5-C9),bond,6.875104598937036e-05,+,0.000988445799388881,0.25909716935407706
56,3085.7032505503857,,,mixed-phase C-H stretching,delta(H15-C6-H16),angle,5.9202313311155605e-05,+,0.0007777314685457737,0.3603864154338734
56,3085.7032505503857,,,mixed-phase C-H stretching,"gamma(C6;C7,C2,C9)",oop,4.896615768003576e-05,+,0.0003361259380444491,1.5958095173539286
56,3085.7032505503857,,,mixed-phase C-H stretching,nu(C2-C7),bond,4.219001349102708e-05,-,-0.0006977358443252572,0.31909255709522183
56,3085.7032505503857,,,mixed-phase C-H stretching,nu(C5-C6),bond,1.3757459651033582e-05,+,0.0003973508997249814,0.3208329206887749
56,3085.7032505503857,,,mixed-phase C-H stretching,"gamma(O3;C4,C5,H13)",oop,8.321419505249703e-06,+,0.0004812277386339368,0.13230772126924695
56,3085.7032505503857,,,mixed-phase C-H stretching,delta(O3-C4-C5),angle,7.007758316261539e-06,-,-0.00015797377936665682,1.033946761767908
56,3085.7032505503857,,,mixed-phase C-H stretching,nu(C4-C5),bond,6.790196096638402e-06,-,-0.0002884969131617901,0.30039247824764354
56,3085.7032505503857,,,mixed-phase C-H stretching,nu(O3-C4),bond,3.657177029467561e-06,+,0.00018949374434352426,0.375012122768873
56,3085.7032505503857,,,mixed-phase C-H stretching,delta(C5-C6-H16),angle,3.2138533165900545e-06,-,-0.00018746352256153226,0.33672982370377696
56,3085.7032505503857,,,mixed-phase C-H stretching,delta(C5-C4-H13),angle,2.9832174942277144e-06,+,0.0002207600281791323,0.22538920624003742
56,3085.7032505503857,,,mixed-phase C-H stretching,tau(C2-C4-C5-H14),dihedral,2.6232378823862594e-06,-,-0.00026236047559010083,0.1403233470126861
56,3085.7032505503857,,,mixed-phase C-H stretching,"gamma(C7;C9,H20,H21)",oop,2.042944055977266e-06,-,-0.00013288927823476443,0.42595690951260695
56,3085.7032505503857,,,mixed-phase C-H stretching,delta(O3-C2-C7),angle,1.7543213851607625e-06,+,7.367778859845266e-05,1.1899400216449423
56,3085.7032505503857,,,mixed-phase C-H stretching,delta(C5-C6-H15),angle,1.4369632616564372e-06,+,0.00013756335903244646,0.27959487055579446
56,3085.7032505503857,,,mixed-phase C-H stretching,delta(C7-C6-H15),angle,8.245151974817598e-07,+,0.0001045572046675481,0.27770251683716846
56,3085.7032505503857,,,mixed-phase C-H stretching,nu(C7-C8),bond,3.531437298540735e-07,-,-6.729215931929291e-05,0.287151870291782
57,3086.96404720365,,,mixed-phase C-H stretching,nu(C8-H19),bond,69.0555885591356,+,0.8730067583216436,0.3342789560628059
57,3086.96404720365,,,mixed-phase C-H stretching,nu(C8-H18),bond,13.025749880792844,-,-0.3799847274026977,0.3328249452823529
57,3086.96404720365,,,mixed-phase C-H stretching,nu(C8-H17),bond,12.796764424244811,-,-0.3769546932294736,0.33225175462853057
57,3086.96404720365,,,mixed-phase C-H stretching,nu(C1-H10),bond,1.4331652335271345,+,0.12571948846808428,0.33453107906648005
57,3086.96404720365,,,mixed-phase C-H stretching,nu(C1-H11),bond,1.4324390439295973,-,-0.12600489024745723,0.3328486247653903
57,3086.96404720365,,,mixed-phase C-H stretching,nu(C9-H21),bond,0.9879440481494829,-,-0.10418498140608765,0.33578982314146966
57,3086.96404720365,,,mixed-phase C-H stretching,nu(C9-H20),bond,0.5718060332579938,+,0.07980984050043388,0.3311930886360174
57,3086.96404720365,,,mixed-phase C-H stretching,delta(C7-C8-H19),angle,0.20427624233413413,-,-0.044821279850851145,0.37514120679903984
57,3086.96404720365,,,mixed-phase C-H stretching,nu(C6-H16),bond,0.09885400795648754,+,0.032419269816303116,0.3470030099281011
57,3086.96404720365,,,mixed-phase C-H stretching,tau(C8-C7-C9-C5),dihedral,0.07133600905518252,-,-0.029233366878650534,0.3079615894469893
57,3086.96404720365,,,mixed-phase C-H stretching,delta(C7-C8-H17),angle,0.06924707775273353,+,0.022978119407694224,0.4838579761113301
57,3086.96404720365,,,mixed-phase C-H stretching,nu(C6-H15),bond,0.05289922276329926,+,0.02401647135798654,0.33835789268622185
57,3086.96404720365,,,mixed-phase C-H stretching,tau(C6-C7-C8-H18),dihedral,0.04796800750922942,+,0.026465464178946154,0.25266091572024935
57,3086.96404720365,,,mixed-phase C-H stretching,delta(H18-C8-H19),angle,0.04082244077714046,-,-0.020588249940432797,0.35530843806641327
57,3086.96404720365,,,mixed-phase C-H stretching,tau(C9-C7-C8-H17),dihedral,0.0384833432673288,-,-0.028688022525546295,0.1725110767453955
57,3086.96404720365,,,mixed-phase C-H stretching,"gamma(H21;C9,C5,C7)",oop,0.027711704004602725,-,-0.008358603159264677,1.4633264940362696
57,3086.96404720365,,,mixed-phase C-H stretching,nu(C1-H12),bond,0.01861163120763276,-,-0.014211121439874755,0.33999548876067176
57,3086.96404720365,,,mixed-phase C-H stretching,"gamma(H17;C8,H18,H19)",oop,0.006583343213709001,-,-0.008242057771279305,0.35753668248522347
57,3086.96404720365,,,mixed-phase C-H stretching,delta(C4-C5-C9),angle,0.005434931737426897,+,0.0036486259459509026,1.506193701341896
57,3086.96404720365,,,mixed-phase C-H stretching,delta(C2-C1-H11),angle,0.00355593742877383,+,0.005956275536535931,0.36978557709159526
57,3086.96404720365,,,mixed-phase C-H stretching,tau(C4-C5-C9-H20),dihedral,0.0025611514789421414,-,-0.0040589131869875,0.5735366270754743
57,3086.96404720365,,,mixed-phase C-H stretching,tau(C1-C2-C7-C6),dihedral,0.001929694859149813,+,0.005084652507947586,0.27536675168740415
57,3086.96404720365,,,mixed-phase C-H stretching,nu(C4-H13),bond,0.0014962466414003108,+,0.003960323432837345,0.351955126413533
57,3086.96404720365,,,mixed-phase C-H stretching,tau(H12-C1-C2-C7),dihedral,0.0010645351993940856,+,0.004812357388015399,0.16958588363924
57,3086.96404720365,,,mixed-phase C-H stretching,tau(C2-C7-C9-H21),dihedral,0.0008054869838377775,+,0.002109765114336856,0.6676298268489548
57,3086.96404720365,,,mixed-phase C-H stretching,nu(C7-C8),bond,0.0006370351962627948,-,-0.0028608731257160225,0.287151870291782
57,3086.96404720365,,,mixed-phase C-H stretching,nu(C5-C6),bond,0.00036025279632093875,-,-0.0020353398074138495,0.3208329206887749
57,3086.96404720365,,,mixed-phase C-H stretching,"gamma(H14;C5,C6,C9)",oop,0.00024942747511865024,+,0.0021292019204932995,0.2029812906968152
57,3086.96404720365,,,mixed-phase C-H stretching,"gamma(C6;C7,C2,C9)",oop,0.0002339945217947499,+,0.0007355039821011317,1.5958095173539286
57,3086.96404720365,,,mixed-phase C-H stretching,nu(C2-C7),bond,0.0002333192307421642,-,-0.0016424404777535895,0.31909255709522183
57,3086.96404720365,,,mixed-phase C-H stretching,delta(C7-C6-H15),angle,0.00019772275805647954,+,0.0016207317159016223,0.27770251683716846
57,3086.96404720365,,,mixed-phase C-H stretching,delta(C1-C2-C7),angle,0.0001913533250203584,+,0.0014176199014231047,0.35128679741124474
57,3086.96404720365,,,mixed-phase C-H stretching,delta(H15-C6-H16),angle,0.00014803315695409918,-,-0.0012310282043937043,0.3603864154338734
57,3086.96404720365,,,mixed-phase C-H stretching,tau(H10-C1-C2-O3),dihedral,0.00013420567750957945,-,-0.0016793786437644372,0.17555736525640764
57,3086.96404720365,,,mixed-phase C-H stretching,nu(C7-C9),bond,0.00012093138763269729,+,0.0013722196173028363,0.23693935749874415
57,3086.96404720365,,,mixed-phase C-H stretching,tau(O3-C2-C7-C6),dihedral,9.6841412574695e-05,-,-0.0006510514734333048,0.8428996647092574
57,3086.96404720365,,,mixed-phase C-H stretching,nu(C6-C7),bond,5.466885349960498e-05,-,-0.0008410836063925494,0.2851064531742666
57,3086.96404720365,,,mixed-phase C-H stretching,delta(H20-C9-H21),angle,5.1615151875743094e-05,+,0.0005319338276330764,0.6729881358363181
57,3086.96404720365,,,mixed-phase C-H stretching,"gamma(H12;C1,H10,H11)",oop,5.025967226735446e-05,-,-0.0009256415304442311,0.21641103722868646
57,3086.96404720365,,,mixed-phase C-H stretching,delta(H10-C1-H11),angle,3.529505677115901e-05,-,-0.0007179072340205405,0.25265194351349923
57,3086.96404720365,,,mixed-phase C-H stretching,nu(C2-C4),bond,2.871109593089204e-05,+,0.00044415852430350133,0.5369318728370088
57,3086.96404720365,,,mixed-phase C-H stretching,delta(C2-C1-H12),angle,1.8075397458057466e-05,+,0.0004680633044400699,0.3043855873378456
57,3086.96404720365,,,mixed-phase C-H stretching,nu(C5-H14),bond,1.083929713603135e-05,+,0.00034167702487138124,0.3425429122248566
57,3086.96404720365,,,mixed-phase C-H stretching,"gamma(C7;C9,H20,H21)",oop,8.395192341616755e-06,-,-0.0002696529653061633,0.42595690951260695
57,3086.96404720365,,,mixed-phase C-H stretching,tau(C2-C7-C8-H19),dihedral,8.253721749283545e-06,+,0.00033038567427063937,0.2789669960422185
57,3086.96404720365,,,mixed-phase C-H stretching,nu(C5-C9),bond,6.940114948256849e-06,+,0.00031435813713773497,0.25909716935407706
57,3086.96404720365,,,mixed-phase C-H stretching,nu(O3-C4),bond,5.864249365690372e-06,-,-0.0002401907454700403,0.375012122768873
57,3086.96404720365,,,mixed-phase C-H stretching,delta(O3-C2-C7),angle,5.379167932051814e-06,+,0.0001291420643668351,1.1899400216449423
57,3086.96404720365,,,mixed-phase C-H stretching,nu(C1-C2),bond,3.443071696934981e-06,+,0.00020606497190343775,0.2991459555841769
57,3086.96404720365,,,mixed-phase C-H stretching,delta(C5-C6-H16),angle,3.392374590567982e-06,+,0.00019278969584136848,0.33672982370377696
57,3086.96404720365,,,mixed-phase C-H stretching,delta(O3-C4-C5),angle,2.119216953610699e-06,+,8.695835788359501e-05,1.033946761767908
57,3086.96404720365,,,mixed-phase C-H stretching,delta(C5-C4-H13),angle,2.075757308988205e-06,-,-0.00018432932795141736,0.22538920624003742
57,3086.96404720365,,,mixed-phase C-H stretching,tau(C2-C4-C5-H14),dihedral,1.4752701685837856e-06,-,-0.000196944347962661,0.1403233470126861
57,3086.96404720365,,,mixed-phase C-H stretching,nu(C2-O3),bond,1.1145208946903133e-06,+,0.00012785585657367553,0.25153149975958655
57,3086.96404720365,,,mixed-phase C-H stretching,"gamma(O3;C4,C5,H13)",oop,3.8452562489735954e-07,-,-0.00010354824850744889,0.13230772126924695
57,3086.96404720365,,,mixed-phase C-H stretching,delta(C5-C6-H15),angle,3.228471487282461e-07,+,6.526894406702647e-05,0.27959487055579446
57,3086.96404720365,,,mixed-phase C-H stretching,nu(C4-C5),bond,2.129848147908847e-08,+,1.6173443741823162e-05,0.30039247824764354
58,3098.5362141931505,,,mixed-phase ring-site C-H stretching,nu(C9-H21),bond,61.612964432418295,+,0.8307833052488548,0.33578982314146966
58,3098.5362141931505,,,mixed-phase ring-site C-H stretching,nu(C9-H20),bond,29.869653836754825,-,-0.5824517242766217,0.3311930886360174
58,3098.5362141931505,,,mixed-phase ring-site C-H stretching,nu(C5-H14),bond,1.9619670414086818,-,-0.146782349175147,0.3425429122248566
58,3098.5362141931505,,,mixed-phase ring-site C-H stretching,nu(C6-H15),bond,1.4835298789183624,+,0.12842378518288844,0.33835789268622185
58,3098.5362141931505,,,mixed-phase ring-site C-H stretching,"gamma(H21;C9,C5,C7)",oop,1.3704026580155195,+,0.05935249108543949,1.4633264940362696
58,3098.5362141931505,,,mixed-phase ring-site C-H stretching,nu(C8-H19),bond,1.2693610001009958,+,0.11951530661956895,0.3342789560628059
58,3098.5362141931505,,,mixed-phase ring-site C-H stretching,nu(C6-H16),bond,0.6708137212424188,+,0.08527462551875485,0.3470030099281011
58,3098.5362141931505,,,mixed-phase ring-site C-H stretching,delta(C4-C5-C9),angle,0.42116493188511567,-,-0.032431808049460324,1.506193701341896
58,3098.5362141931505,,,mixed-phase ring-site C-H stretching,nu(C8-H18),bond,0.3093710400074819,-,-0.0591312918461091,0.3328249452823529
58,3098.5362141931505,,,mixed-phase ring-site C-H stretching,nu(C1-H11),bond,0.29182677938618307,+,0.05742812815192679,0.3328486247653903
58,3098.5362141931505,,,mixed-phase ring-site C-H stretching,nu(C1-H10),bond,0.22595895131533297,-,-0.05040597418960098,0.33453107906648005
58,3098.5362141931505,,,mixed-phase ring-site C-H stretching,tau(C4-C5-C9-H20),dihedral,0.1732850065193446,+,0.03371206749017926,0.5735366270754743
58,3098.5362141931505,,,mixed-phase ring-site C-H stretching,nu(C8-H17),bond,0.10238945089480703,-,-0.03404704608339484,0.33225175462853057
58,3098.5362141931505,,,mixed-phase ring-site C-H stretching,nu(C1-H12),bond,0.06856164473055304,-,-0.027541621752148075,0.33999548876067176
58,3098.5362141931505,,,mixed-phase ring-site C-H stretching,tau(C2-C7-C9-H21),dihedral,0.06159639908348961,-,-0.01862924566427305,0.6676298268489548
58,3098.5362141931505,,,mixed-phase ring-site C-H stretching,tau(C9-C7-C8-H17),dihedral,0.03715762275766008,+,0.028464328368671993,0.1725110767453955
58,3098.5362141931505,,,mixed-phase ring-site C-H stretching,"gamma(H14;C5,C6,C9)",oop,0.02607427415998047,-,-0.02198181670159524,0.2029812906968152
58,3098.5362141931505,,,mixed-phase ring-site C-H stretching,delta(H20-C9-H21),angle,0.009127914060095093,-,-0.007142784382619209,0.6729881358363181
58,3098.5362141931505,,,mixed-phase ring-site C-H stretching,"gamma(C6;C7,C2,C9)",oop,0.006696872995536407,-,-0.003973113567438102,1.5958095173539286
58,3098.5362141931505,,,mixed-phase ring-site C-H stretching,nu(C4-H13),bond,0.004353822887141505,+,0.0068214579217429116,0.351955126413533
58,3098.5362141931505,,,mixed-phase ring-site C-H stretching,delta(H15-C6-H16),angle,0.003790027307258578,-,-0.00628959145789022,0.3603864154338734
58,3098.5362141931505,,,mixed-phase ring-site C-H stretching,nu(C6-C7),bond,0.0027492178831863175,-,-0.006022634804980508,0.2851064531742666
58,3098.5362141931505,,,mixed-phase ring-site C-H stretching,tau(C8-C7-C9-C5),dihedral,0.0024583663179908923,+,0.005479746847329098,0.3079615894469893
58,3098.5362141931505,,,mixed-phase ring-site C-H stretching,delta(C7-C8-H19),angle,0.0021279410415595613,-,-0.004619211875066354,0.37514120679903984
58,3098.5362141931505,,,mixed-phase ring-site C-H stretching,nu(C4-C5),bond,0.0018422752652831813,+,0.004803062156185404,0.30039247824764354
58,3098.5362141931505,,,mixed-phase ring-site C-H stretching,delta(O3-C4-C5),angle,0.0012520592395467336,+,0.0021342673627667633,1.033946761767908
58,3098.5362141931505,,,mixed-phase ring-site C-H stretching,nu(C7-C9),bond,0.001146871630357814,-,-0.004267016035053148,0.23693935749874415
58,3098.5362141931505,,,mixed-phase ring-site C-H stretching,delta(C2-C1-H11),angle,0.0011215044668758394,-,-0.0033776215970694485,0.36978557709159526
58,3098.5362141931505,,,mixed-phase ring-site C-H stretching,tau(C1-C2-C7-C6),dihedral,0.0010278690303589888,-,-0.0037471287270565193,0.27536675168740415
58,3098.5362141931505,,,mixed-phase ring-site C-H stretching,delta(C5-C4-H13),angle,0.0009921442992178481,-,-0.00406917471081141,0.22538920624003742
58,3098.5362141931505,,,mixed-phase ring-site C-H stretching,delta(C7-C8-H17),angle,0.0009834474681209087,+,0.0027650443666605764,0.4838579761113301
58,3098.5362141931505,,,mixed-phase ring-site C-H stretching,tau(O3-C2-C7-C6),dihedral,0.0007605949241608871,-,-0.0018423589312488138,0.8428996647092574
58,3098.5362141931505,,,mixed-phase ring-site C-H stretching,tau(C6-C7-C8-H18),dihedral,0.0006368937445724685,+,0.003079285322631303,0.25266091572024935
58,3098.5362141931505,,,mixed-phase ring-site C-H stretching,delta(H18-C8-H19),angle,0.000563747498933127,-,-0.0024430087726680125,0.35530843806641327
58,3098.5362141931505,,,mixed-phase ring-site C-H stretching,nu(C2-C4),bond,0.0004493341724297744,-,-0.001774232805043884,0.5369318728370088
58,3098.5362141931505,,,mixed-phase ring-site C-H stretching,"gamma(O3;C4,C5,H13)",oop,0.00029466841009383215,+,0.0028944074559436837,0.13230772126924695
58,3098.5362141931505,,,mixed-phase ring-site C-H stretching,tau(H12-C1-C2-C7),dihedral,0.00021878906927356236,-,-0.002202943883012798,0.16958588363924
58,3098.5362141931505,,,mixed-phase ring-site C-H stretching,delta(C5-C6-H15),angle,0.000179842610146263,-,-0.0015554898154236255,0.27959487055579446
58,3098.5362141931505,,,mixed-phase ring-site C-H stretching,delta(C5-C6-H16),angle,0.0001654435041981264,+,0.0013594697291897384,0.33672982370377696
58,3098.5362141931505,,,mixed-phase ring-site C-H stretching,tau(H10-C1-C2-O3),dihedral,0.00015493919948980422,+,0.0018220345161583228,0.17555736525640764
58,3098.5362141931505,,,mixed-phase ring-site C-H stretching,nu(C5-C9),bond,0.00013972008375136107,+,0.0014242412423024118,0.25909716935407706
58,3098.5362141931505,,,mixed-phase ring-site C-H stretching,nu(C2-C7),bond,0.00013706498151674592,-,-0.001271131238947487,0.31909255709522183
58,3098.5362141931505,,,mixed-phase ring-site C-H stretching,"gamma(C7;C9,H20,H21)",oop,0.00012036266973955378,+,0.0010309759763967245,0.42595690951260695
58,3098.5362141931505,,,mixed-phase ring-site C-H stretching,nu(C1-C2),bond,9.949009046774287e-05,+,0.0011184944108349,0.2991459555841769
58,3098.5362141931505,,,mixed-phase ring-site C-H stretching,"gamma(H12;C1,H10,H11)",oop,8.644224275594983e-05,-,-0.0012257694212343547,0.21641103722868646
58,3098.5362141931505,,,mixed-phase ring-site C-H stretching,delta(C7-C6-H15),angle,7.618936394228821e-05,+,0.001015880769427559,0.27770251683716846
58,3098.5362141931505,,,mixed-phase ring-site C-H stretching,tau(C2-C7-C8-H19),dihedral,5.25116466081963e-05,+,0.0008414665925897478,0.2789669960422185
58,3098.5362141931505,,,mixed-phase ring-site C-H stretching,delta(C2-C1-H12),angle,4.386571181502667e-05,+,0.0007362681626876962,0.3043855873378456
58,3098.5362141931505,,,mixed-phase ring-site C-H stretching,tau(C2-C4-C5-H14),dihedral,1.82442263294884e-05,+,0.000699331726537748,0.1403233470126861
58,3098.5362141931505,,,mixed-phase ring-site C-H stretching,delta(H10-C1-H11),angle,1.3921693651772373e-05,-,-0.0004552712102249693,0.25265194351349923
58,3098.5362141931505,,,mixed-phase ring-site C-H stretching,delta(O3-C2-C7),angle,1.2583008573993889e-05,+,0.0001994413401070075,1.1899400216449423
58,3098.5362141931505,,,mixed-phase ring-site C-H stretching,nu(C7-C8),bond,9.51184066068912e-06,-,-0.00035298961759961636,0.287151870291782
58,3098.5362141931505,,,mixed-phase ring-site C-H stretching,nu(O3-C4),bond,5.787464583829714e-06,-,-0.00024093893858881887,0.375012122768873
58,3098.5362141931505,,,mixed-phase ring-site C-H stretching,"gamma(H17;C8,H18,H19)",oop,4.3612211898468775e-06,+,0.00021420481401118188,0.35753668248522347
58,3098.5362141931505,,,mixed-phase ring-site C-H stretching,nu(C2-O3),bond,3.47662872772271e-06,+,0.00022801763678007524,0.25153149975958655
58,3098.5362141931505,,,mixed-phase ring-site C-H stretching,nu(C5-C6),bond,3.1510325328980864e-06,-,-0.00019220844015660317,0.3208329206887749
58,3098.5362141931505,,,mixed-phase ring-site C-H stretching,delta(C1-C2-C7),angle,5.946827840725311e-08,-,-2.523464748549144e-05,0.35128679741124474
59,3112.743189103059,,,mixed-phase C-H stretching,nu(C1-H12),bond,78.67874247048081,+,0.9304240289232788,0.33999548876067176
59,3112.743189103059,,,mixed-phase C-H stretching,nu(C1-H10),bond,15.171950352319955,-,-0.4118994963698055,0.33453107906648005
59,3112.743189103059,,,mixed-phase C-H stretching,nu(C1-H11),bond,5.435579664057919,-,-0.2471657780900969,0.3328486247653903
59,3112.743189103059,,,mixed-phase C-H stretching,delta(C2-C1-H12),angle,0.14734327264154062,-,-0.04255414839386118,0.3043855873378456
59,3112.743189103059,,,mixed-phase C-H stretching,nu(C8-H18),bond,0.1296863098279937,-,-0.03817929651907057,0.3328249452823529
59,3112.743189103059,,,mixed-phase C-H stretching,delta(H10-C1-H11),angle,0.09961178374582472,+,0.038404562942673026,0.25265194351349923
59,3112.743189103059,,,mixed-phase C-H stretching,delta(C1-C2-C7),angle,0.08280263286810681,-,-0.02969476887968361,0.35128679741124474
59,3112.743189103059,,,mixed-phase C-H stretching,nu(C8-H19),bond,0.06238585098582182,+,0.026422707878711052,0.3342789560628059
59,3112.743189103059,,,mixed-phase C-H stretching,"gamma(H12;C1,H10,H11)",oop,0.04547825542366475,+,0.028038255256531162,0.21641103722868646
59,3112.743189103059,,,mixed-phase C-H stretching,tau(H10-C1-C2-O3),dihedral,0.0439520505204643,-,-0.030603340449075984,0.17555736525640764
59,3112.743189103059,,,mixed-phase C-H stretching,delta(C2-C1-H11),angle,0.0429543989116265,+,0.020845754997344357,0.36978557709159526
59,3112.743189103059,,,mixed-phase C-H stretching,nu(C6-H16),bond,0.017256115487213744,-,-0.013639350458373044,0.3470030099281011
59,3112.743189103059,,,mixed-phase C-H stretching,nu(C9-H20),bond,0.01640457248539186,-,-0.013612271918682764,0.3311930886360174
59,3112.743189103059,,,mixed-phase C-H stretching,nu(C5-H14),bond,0.007035086007509029,-,-0.00876528422131888,0.3425429122248566
59,3112.743189103059,,,mixed-phase C-H stretching,nu(C9-H21),bond,0.005148790987842223,+,0.007573692293185806,0.33578982314146966
59,3112.743189103059,,,mixed-phase C-H stretching,nu(C1-C2),bond,0.004821962496686093,-,-0.007765316054326813,0.2991459555841769
59,3112.743189103059,,,mixed-phase C-H stretching,nu(C4-H13),bond,0.0022387269918906516,-,-0.004878043965878915,0.351955126413533
59,3112.743189103059,,,mixed-phase C-H stretching,tau(H12-C1-C2-C7),dihedral,0.001708713639162978,-,-0.006139437518678779,0.16958588363924
59,3112.743189103059,,,mixed-phase C-H stretching,nu(C8-H17),bond,0.001107500057871513,+,0.0035312383098142375,0.33225175462853057
59,3112.743189103059,,,mixed-phase C-H stretching,tau(C1-C2-C7-C6),dihedral,0.0007072267800030321,+,0.0030996480752720264,0.27536675168740415
59,3112.743189103059,,,mixed-phase C-H stretching,nu(C2-C4),bond,0.0005874845085247087,+,0.002023146850726832,0.5369318728370088
59,3112.743189103059,,,mixed-phase C-H stretching,"gamma(H21;C9,C5,C7)",oop,0.0003616692326600256,+,0.0009615546107935574,1.4633264940362696
59,3112.743189103059,,,mixed-phase C-H stretching,nu(C2-C7),bond,0.00032546218352570683,-,-0.0019533529374347364,0.31909255709522183
59,3112.743189103059,,,mixed-phase C-H stretching,nu(C6-H15),bond,0.0003230525718458159,-,-0.0018898930846405508,0.33835789268622185
59,3112.743189103059,,,mixed-phase C-H stretching,nu(C2-O3),bond,0.0003029374481043302,+,0.002122604503774891,0.25153149975958655
59,3112.743189103059,,,mixed-phase C-H stretching,delta(C7-C8-H19),angle,0.0002559486832139103,-,-0.0015975992736298884,0.37514120679903984
59,3112.743189103059,,,mixed-phase C-H stretching,delta(C4-C5-C9),angle,0.00012840120664812707,-,-0.0005647196882785146,1.506193701341896
59,3112.743189103059,,,mixed-phase C-H stretching,tau(C8-C7-C9-C5),dihedral,9.447167392069964e-05,-,-0.0010712511947154758,0.3079615894469893
59,3112.743189103059,,,mixed-phase C-H stretching,delta(H18-C8-H19),angle,9.081954031103491e-05,+,0.0009778577433351766,0.35530843806641327
59,3112.743189103059,,,mixed-phase C-H stretching,nu(C5-C6),bond,8.753637639766198e-05,+,0.001010284314344638,0.3208329206887749
59,3112.743189103059,,,mixed-phase C-H stretching,tau(O3-C2-C7-C6),dihedral,7.047701622822992e-05,+,0.0005592739668926192,0.8428996647092574
59,3112.743189103059,,,mixed-phase C-H stretching,nu(C6-C7),bond,6.854390983298388e-05,+,0.0009483523032168495,0.2851064531742666
59,3112.743189103059,,,mixed-phase C-H stretching,tau(C2-C7-C8-H19),dihedral,4.628363580158863e-05,+,0.0007878183840429509,0.2789669960422185
59,3112.743189103059,,,mixed-phase C-H stretching,nu(O3-C4),bond,4.1434456276779926e-05,+,0.0006429052300172785,0.375012122768873
59,3112.743189103059,,,mixed-phase C-H stretching,delta(C5-C6-H15),angle,3.840282191589986e-05,-,-0.0007168128127958835,0.27959487055579446
59,3112.743189103059,,,mixed-phase C-H stretching,tau(C9-C7-C8-H17),dihedral,3.559791586234254e-05,-,-0.000878602800842867,0.1725110767453955
59,3112.743189103059,,,mixed-phase C-H stretching,delta(C7-C8-H17),angle,3.544841815680788e-05,-,-0.0005235139611262971,0.4838579761113301
59,3112.743189103059,,,mixed-phase C-H stretching,"gamma(C6;C7,C2,C9)",oop,3.0246147885727503e-05,+,0.0002662767823808194,1.5958095173539286
59,3112.743189103059,,,mixed-phase C-H stretching,nu(C5-C9),bond,2.7500696101002965e-05,+,0.0006301287564894008,0.25909716935407706
59,3112.743189103059,,,mixed-phase C-H stretching,"gamma(H14;C5,C6,C9)",oop,2.7345383593229988e-05,-,-0.0007099091851093693,0.2029812906968152
59,3112.743189103059,,,mixed-phase C-H stretching,nu(C4-C5),bond,2.2032311297761282e-05,+,0.0005238106122627364,0.30039247824764354
59,3112.743189103059,,,mixed-phase C-H stretching,"gamma(O3;C4,C5,H13)",oop,1.445461823685326e-05,+,0.0006392923511791762,0.13230772126924695
59,3112.743189103059,,,mixed-phase C-H stretching,nu(C7-C9),bond,1.1299487280126642e-05,+,0.000422376313918273,0.23693935749874415
59,3112.743189103059,,,mixed-phase C-H stretching,tau(C4-C5-C9-H20),dihedral,1.0726207443645508e-05,+,0.00026450342938157215,0.5735366270754743
59,3112.743189103059,,,mixed-phase C-H stretching,delta(C5-C6-H16),angle,9.681025738983969e-06,+,0.00032795079355409475,0.33672982370377696
59,3112.743189103059,,,mixed-phase C-H stretching,delta(H20-C9-H21),angle,8.41510238009359e-06,+,0.00021627921679184584,0.6729881358363181
59,3112.743189103059,,,mixed-phase C-H stretching,delta(H15-C6-H16),angle,5.704045990618112e-06,+,0.00024333024499625225,0.3603864154338734
59,3112.743189103059,,,mixed-phase C-H stretching,delta(O3-C4-C5),angle,4.279415828792716e-06,-,-0.00012443196111038208,1.033946761767908
59,3112.743189103059,,,mixed-phase C-H stretching,nu(C7-C8),bond,3.901100089914215e-06,+,0.00022543768294619538,0.287151870291782
59,3112.743189103059,,,mixed-phase C-H stretching,tau(C2-C7-C9-H21),dihedral,3.851119394885442e-06,-,-0.00014689750392044018,0.6676298268489548
59,3112.743189103059,,,mixed-phase C-H stretching,delta(C5-C4-H13),angle,3.6483278431780893e-06,-,-0.0002460759452194271,0.22538920624003742
59,3112.743189103059,,,mixed-phase C-H stretching,"gamma(H17;C8,H18,H19)",oop,3.208706451632041e-06,-,-0.000183228691815311,0.35753668248522347
59,3112.743189103059,,,mixed-phase C-H stretching,delta(C7-C6-H15),angle,1.325999645278174e-06,-,-0.00013365049951120797,0.27770251683716846
59,3112.743189103059,,,mixed-phase C-H stretching,"gamma(C7;C9,H20,H21)",oop,1.0550354489165395e-06,-,-9.62585870556164e-05,0.42595690951260695
59,3112.743189103059,,,mixed-phase C-H stretching,tau(C6-C7-C8-H18),dihedral,7.343019928455279e-07,+,0.00010426945672018324,0.25266091572024935
59,3112.743189103059,,,mixed-phase C-H stretching,delta(O3-C2-C7),angle,5.09251739823571e-07,+,4.0012207756907966e-05,1.1899400216449423
59,3112.743189103059,,,mixed-phase C-H stretching,tau(C2-C4-C5-H14),dihedral,3.73399148060973e-07,-,-9.977241490674624e-05,0.1403233470126861
60,3116.2020962526467,,,ring-site C-H stretching,nu(C5-H14),bond,93.9500833862677,+,1.0108343993499236,0.3425429122248566
60,3116.2020962526467,,,ring-site C-H stretching,nu(C9-H21),bond,1.77001794188675,+,0.1401341521161522,0.33578982314146966
60,3116.2020962526467,,,ring-site C-H stretching,nu(C4-H13),bond,1.5470181089749553,-,-0.12796552176070902,0.351955126413533
60,3116.2020962526467,,,ring-site C-H stretching,nu(C6-H15),bond,1.3010537678437535,+,0.11968738747625973,0.33835789268622185
60,3116.2020962526467,,,ring-site C-H stretching,delta(C4-C5-C9),angle,0.3562381533771315,+,0.0296837470845061,1.506193701341896
60,3116.2020962526467,,,ring-site C-H stretching,nu(C5-C6),bond,0.20814187281421428,-,-0.049161959787877484,0.3208329206887749
60,3116.2020962526467,,,ring-site C-H stretching,nu(C6-H16),bond,0.17400060564142963,+,0.04322128550721622,0.3470030099281011
60,3116.2020962526467,,,ring-site C-H stretching,nu(C5-C9),bond,0.15881429331992244,-,-0.04778618716496339,0.25909716935407706
60,3116.2020962526467,,,ring-site C-H stretching,tau(C4-C5-C9-H20),dihedral,0.14082075182953963,-,-0.030244170037225793,0.5735366270754743
60,3116.2020962526467,,,ring-site C-H stretching,nu(C4-C5),bond,0.09532769402047757,-,-0.03438380519145401,0.30039247824764354
60,3116.2020962526467,,,ring-site C-H stretching,delta(O3-C4-C5),angle,0.0806371338791186,-,-0.01704540692312597,1.033946761767908
60,3116.2020962526467,,,ring-site C-H stretching,nu(C9-H20),bond,0.05191289930588867,-,-0.024164951642139658,0.3311930886360174
60,3116.2020962526467,,,ring-site C-H stretching,delta(C5-C4-H13),angle,0.03868478990889173,+,0.025286719146205484,0.22538920624003742
60,3116.2020962526467,,,ring-site C-H stretching,"gamma(H14;C5,C6,C9)",oop,0.03246894834802221,+,0.024411531528083827,0.2029812906968152
60,3116.2020962526467,,,ring-site C-H stretching,nu(C8-H19),bond,0.026986402665684344,+,0.017342308206368437,0.3342789560628059
60,3116.2020962526467,,,ring-site C-H stretching,delta(C5-C6-H15),angle,0.01720997714930348,+,0.015143088753987757,0.27959487055579446
60,3116.2020962526467,,,ring-site C-H stretching,"gamma(O3;C4,C5,H13)",oop,0.007836034094388988,-,-0.014854036417850176,0.13230772126924695
60,3116.2020962526467,,,ring-site C-H stretching,delta(C5-C6-H16),angle,0.00543527654219834,+,0.007754591985754554,0.33672982370377696
60,3116.2020962526467,,,ring-site C-H stretching,delta(H20-C9-H21),angle,0.005164107360418059,-,-0.005346663450058776,0.6729881358363181
60,3116.2020962526467,,,ring-site C-H stretching,nu(C2-C4),bond,0.0046782641801646,+,0.005697334253722071,0.5369318728370088
60,3116.2020962526467,,,ring-site C-H stretching,nu(C1-H12),bond,0.004432373769750822,+,0.0069690010740556555,0.33999548876067176
60,3116.2020962526467,,,ring-site C-H stretching,delta(H15-C6-H16),angle,0.0042300794816649,-,-0.006612702407121983,0.3603864154338734
60,3116.2020962526467,,,ring-site C-H stretching,tau(C8-C7-C9-C5),dihedral,0.00413017942259783,-,-0.007068464868234404,0.3079615894469893
60,3116.2020962526467,,,ring-site C-H stretching,nu(C6-C7),bond,0.002999301386518904,-,-0.006260304405631413,0.2851064531742666
60,3116.2020962526467,,,ring-site C-H stretching,nu(O3-C4),bond,0.002742369717596997,+,0.0052195044172634476,0.375012122768873
60,3116.2020962526467,,,ring-site C-H stretching,"gamma(C6;C7,C2,C9)",oop,0.0016057862211955474,-,-0.0019361645259664538,1.5958095173539286
60,3116.2020962526467,,,ring-site C-H stretching,nu(C1-H10),bond,0.0012703677096932767,-,-0.0037612777782011875,0.33453107906648005
60,3116.2020962526467,,,ring-site C-H stretching,nu(C7-C9),bond,0.0012349097133819008,-,-0.004406440607304715,0.23693935749874415
60,3116.2020962526467,,,ring-site C-H stretching,nu(C8-H18),bond,0.0009550547042214566,+,0.003269603654463574,0.3328249452823529
60,3116.2020962526467,,,ring-site C-H stretching,"gamma(C7;C9,H20,H21)",oop,0.0009543511827392867,+,0.002889084172482924,0.42595690951260695
60,3116.2020962526467,,,ring-site C-H stretching,nu(C8-H17),bond,0.0005629228289714836,+,0.002512347502621684,0.33225175462853057
60,3116.2020962526467,,,ring-site C-H stretching,tau(C9-C7-C8-H17),dihedral,0.0004611034023568988,+,0.003155582879630772,0.1725110767453955
60,3116.2020962526467,,,ring-site C-H stretching,tau(C2-C7-C9-H21),dihedral,0.0003595331934243141,+,0.001416415111078317,0.6676298268489548
60,3116.2020962526467,,,ring-site C-H stretching,nu(C1-H11),bond,0.00030153798884326844,+,0.0018371158926573864,0.3328486247653903
60,3116.2020962526467,,,ring-site C-H stretching,"gamma(H21;C9,C5,C7)",oop,0.00028553137067644744,-,-0.0008525997832900486,1.4633264940362696
60,3116.2020962526467,,,ring-site C-H stretching,tau(O3-C2-C7-C6),dihedral,0.0002653408550574407,-,-0.0010829366262337773,0.8428996647092574
60,3116.2020962526467,,,ring-site C-H stretching,"gamma(H17;C8,H18,H19)",oop,0.0001556795547179985,+,0.0012736333075456959,0.35753668248522347
60,3116.2020962526467,,,ring-site C-H stretching,delta(C7-C8-H17),angle,9.903910375293826e-05,+,0.0008732393933050562,0.4838579761113301
60,3116.2020962526467,,,ring-site C-H stretching,delta(C7-C6-H15),angle,8.480993796107354e-05,-,-0.0010666511000021173,0.27770251683716846
60,3116.2020962526467,,,ring-site C-H stretching,tau(C2-C4-C5-H14),dihedral,7.546538471296756e-05,+,0.0014154608063571949,0.1403233470126861
60,3116.2020962526467,,,ring-site C-H stretching,delta(H18-C8-H19),angle,7.078266851535546e-05,-,-0.0008614887803382802,0.35530843806641327
60,3116.2020962526467,,,ring-site C-H stretching,tau(C6-C7-C8-H18),dihedral,6.05447322588303e-05,-,-0.0009448395613129691,0.25266091572024935
60,3116.2020962526467,,,ring-site C-H stretching,nu(C2-C7),bond,3.979060672880329e-05,-,-0.0006815863184885118,0.31909255709522183
60,3116.2020962526467,,,ring-site C-H stretching,nu(C2-O3),bond,2.8755816436027046e-05,+,0.0006526127914495966,0.25153149975958655
60,3116.2020962526467,,,ring-site C-H stretching,tau(C1-C2-C7-C6),dihedral,2.604673507675392e-05,-,-0.0005936217656697146,0.27536675168740415
60,3116.2020962526467,,,ring-site C-H stretching,nu(C1-C2),bond,1.3463165739816121e-05,+,0.00040946892568423127,0.2991459555841769
60,3116.2020962526467,,,ring-site C-H stretching,delta(C2-C1-H11),angle,7.3354176814062135e-06,+,0.0002718481366393534,0.36978557709159526
60,3116.2020962526467,,,ring-site C-H stretching,"gamma(H12;C1,H10,H11)",oop,3.891392044707006e-06,+,0.00025882231108181533,0.21641103722868646
60,3116.2020962526467,,,ring-site C-H stretching,tau(C2-C7-C8-H19),dihedral,2.7988930404897788e-06,-,-0.0001933328525721415,0.2789669960422185
60,3116.2020962526467,,,ring-site C-H stretching,delta(H10-C1-H11),angle,2.6587065463436894e-06,+,0.0001979989109269417,0.25265194351349923
60,3116.2020962526467,,,ring-site C-H stretching,tau(H12-C1-C2-C7),dihedral,2.5580718456644084e-06,-,-0.00023705572069852656,0.16958588363924
60,3116.2020962526467,,,ring-site C-H stretching,delta(C1-C2-C7),angle,2.269064232435972e-06,+,0.00015512485974043127,0.35128679741124474
60,3116.2020962526467,,,ring-site C-H stretching,delta(C7-C8-H19),angle,1.7063531896933376e-06,-,-0.00013017452434329032,0.37514120679903984
60,3116.2020962526467,,,ring-site C-H stretching,delta(C2-C1-H12),angle,6.032601631241691e-07,-,-8.592691147380198e-05,0.3043855873378456
60,3116.2020962526467,,,ring-site C-H stretching,delta(O3-C2-C7),angle,4.978255481847602e-07,-,-3.9478893804053994e-05,1.1899400216449423
60,3116.2020962526467,,,ring-site C-H stretching,tau(H10-C1-C2-O3),dihedral,1.4120127341791804e-07,+,5.4739232041029314e-05,0.17555736525640764
60,3116.2020962526467,,,ring-site C-H stretching,nu(C7-C8),bond,9.749907450810244e-09,+,1.1246913181470666e-05,0.287151870291782
61,3145.5689129906477,,,mixed-phase ring-site C-H stretching,nu(C6-H16),bond,77.24718800513897,-,-0.9240097118812545,0.3470030099281011
61,3145.5689129906477,,,mixed-phase ring-site C-H stretching,nu(C6-H15),bond,21.588345812210775,+,0.4946788525756751,0.33835789268622185
61,3145.5689129906477,,,mixed-phase ring-site C-H stretching,"gamma(C6;C7,C2,C9)",oop,0.3037264752836841,-,-0.02701796390156823,1.5958095173539286
61,3145.5689129906477,,,mixed-phase ring-site C-H stretching,delta(C5-C6-H15),angle,0.15597057400916697,-,-0.04625498589383247,0.27959487055579446
61,3145.5689129906477,,,mixed-phase ring-site C-H stretching,delta(C7-C6-H15),angle,0.14823672342071575,-,-0.04524700243513446,0.27770251683716846
61,3145.5689129906477,,,mixed-phase ring-site C-H stretching,delta(C5-C6-H16),angle,0.14472477041000423,+,0.04060060083110481,0.33672982370377696
61,3145.5689129906477,,,mixed-phase ring-site C-H stretching,tau(O3-C2-C7-C6),dihedral,0.08036965564117374,+,0.01912317197304282,0.8428996647092574
61,3145.5689129906477,,,mixed-phase ring-site C-H stretching,tau(C6-C7-C8-H18),dihedral,0.07571871446149946,-,-0.03390270888648106,0.25266091572024935
61,3145.5689129906477,,,mixed-phase ring-site C-H stretching,nu(C5-C6),bond,0.04014921367723581,+,0.021907906410847038,0.3208329206887749
61,3145.5689129906477,,,mixed-phase ring-site C-H stretching,nu(C5-H14),bond,0.0380823299253647,-,-0.020649335483117016,0.3425429122248566
61,3145.5689129906477,,,mixed-phase ring-site C-H stretching,nu(C6-C7),bond,0.03366292187985841,+,0.02128012615945134,0.2851064531742666
61,3145.5689129906477,,,mixed-phase ring-site C-H stretching,nu(C9-H21),bond,0.031720975212339055,+,0.019034493189345362,0.33578982314146966
61,3145.5689129906477,,,mixed-phase ring-site C-H stretching,tau(C1-C2-C7-C6),dihedral,0.02648309303054847,+,0.01920571233656471,0.27536675168740415
61,3145.5689129906477,,,mixed-phase ring-site C-H stretching,nu(C8-H19),bond,0.01975762810220653,+,0.015056176665690332,0.3342789560628059
61,3145.5689129906477,,,mixed-phase ring-site C-H stretching,nu(C4-H13),bond,0.012413697830653658,-,-0.011630777687311005,0.351955126413533
61,3145.5689129906477,,,mixed-phase ring-site C-H stretching,delta(H15-C6-H16),angle,0.011651090963627705,+,0.011135273996198678,0.3603864154338734
61,3145.5689129906477,,,mixed-phase ring-site C-H stretching,nu(C1-H12),bond,0.010302920725402415,-,-0.010780661730254746,0.33999548876067176
61,3145.5689129906477,,,mixed-phase ring-site C-H stretching,"gamma(H14;C5,C6,C9)",oop,0.009981245572137037,-,-0.013733024123906343,0.2029812906968152
61,3145.5689129906477,,,mixed-phase ring-site C-H stretching,nu(C8-H17),bond,0.009578682243218001,-,-0.010515285267558948,0.33225175462853057
61,3145.5689129906477,,,mixed-phase ring-site C-H stretching,nu(C9-H20),bond,0.003514747665139949,+,0.006379817569881665,0.3311930886360174
61,3145.5689129906477,,,mixed-phase ring-site C-H stretching,nu(C8-H18),bond,0.0032401224210827765,-,-0.006110469665763308,0.3328249452823529
61,3145.5689129906477,,,mixed-phase ring-site C-H stretching,nu(C1-H10),bond,0.0030330581818998996,+,0.00589690257035047,0.33453107906648005
61,3145.5689129906477,,,mixed-phase ring-site C-H stretching,delta(C4-C5-C9),angle,0.000368758793779751,-,-0.0009690196786594076,1.506193701341896
61,3145.5689129906477,,,mixed-phase ring-site C-H stretching,delta(H20-C9-H21),angle,0.00023397248434055696,-,-0.001154730153219041,0.6729881358363181
61,3145.5689129906477,,,mixed-phase ring-site C-H stretching,tau(C4-C5-C9-H20),dihedral,0.0002167176106152148,+,0.001203838810295921,0.5735366270754743
61,3145.5689129906477,,,mixed-phase ring-site C-H stretching,"gamma(H21;C9,C5,C7)",oop,0.00018597459343939278,-,-0.0006981648959960006,1.4633264940362696
61,3145.5689129906477,,,mixed-phase ring-site C-H stretching,delta(O3-C2-C7),angle,0.000184905597467849,+,0.0007719946858416078,1.1899400216449423
61,3145.5689129906477,,,mixed-phase ring-site C-H stretching,delta(C5-C4-H13),angle,0.0001588262214873366,-,-0.0016439793663411333,0.22538920624003742
61,3145.5689129906477,,,mixed-phase ring-site C-H stretching,nu(C4-C5),bond,0.0001278441309149572,+,0.0012776081927205233,0.30039247824764354
61,3145.5689129906477,,,mixed-phase ring-site C-H stretching,nu(C2-O3),bond,0.00010312412021081373,-,-0.0012539659834672325,0.25153149975958655
61,3145.5689129906477,,,mixed-phase ring-site C-H stretching,delta(H18-C8-H19),angle,8.737572931510482e-05,-,-0.0009711682227167007,0.35530843806641327
61,3145.5689129906477,,,mixed-phase ring-site C-H stretching,nu(O3-C4),bond,7.987750241438995e-05,-,-0.0009038396773654718,0.375012122768873
61,3145.5689129906477,,,mixed-phase ring-site C-H stretching,delta(O3-C4-C5),angle,6.374516014387931e-05,+,0.00048626872356643527,1.033946761767908
61,3145.5689129906477,,,mixed-phase ring-site C-H stretching,nu(C1-H11),bond,6.033960526940464e-05,+,0.000833834127893409,0.3328486247653903
61,3145.5689129906477,,,mixed-phase ring-site C-H stretching,nu(C5-C9),bond,4.2415012763472895e-05,+,0.0007923741232792855,0.25909716935407706
61,3145.5689129906477,,,mixed-phase ring-site C-H stretching,nu(C1-C2),bond,4.213773952422885e-05,+,0.0007350144322860475,0.2991459555841769
61,3145.5689129906477,,,mixed-phase ring-site C-H stretching,nu(C2-C4),bond,3.850827659171221e-05,-,-0.0005244683272974079,0.5369318728370088
61,3145.5689129906477,,,mixed-phase ring-site C-H stretching,nu(C7-C8),bond,3.209199108252526e-05,-,-0.0006547029897831577,0.287151870291782
61,3145.5689129906477,,,mixed-phase ring-site C-H stretching,"gamma(C7;C9,H20,H21)",oop,1.834981383623835e-05,+,0.0004064759127964389,0.42595690951260695
61,3145.5689129906477,,,mixed-phase ring-site C-H stretching,"gamma(H17;C8,H18,H19)",oop,1.7940139170633565e-05,-,-0.0004386866499750044,0.35753668248522347
61,3145.5689129906477,,,mixed-phase ring-site C-H stretching,tau(C9-C7-C8-H17),dihedral,1.710222963681908e-05,-,-0.0006166229593814863,0.1725110767453955
61,3145.5689129906477,,,mixed-phase ring-site C-H stretching,delta(H10-C1-H11),angle,1.5806988833125276e-05,-,-0.000489852206869343,0.25265194351349923
61,3145.5689129906477,,,mixed-phase ring-site C-H stretching,delta(C1-C2-C7),angle,1.397431329700455e-05,-,-0.00039060350979923923,0.35128679741124474
61,3145.5689129906477,,,mixed-phase ring-site C-H stretching,tau(C2-C7-C9-H21),dihedral,1.2505612510417343e-05,+,0.0002680318697160963,0.6676298268489548
61,3145.5689129906477,,,mixed-phase ring-site C-H stretching,"gamma(H12;C1,H10,H11)",oop,6.277044245227569e-06,-,-0.00033353369063949607,0.21641103722868646
61,3145.5689129906477,,,mixed-phase ring-site C-H stretching,nu(C2-C7),bond,5.964687378240454e-06,-,-0.0002677548359522014,0.31909255709522183
61,3145.5689129906477,,,mixed-phase ring-site C-H stretching,nu(C7-C9),bond,4.2875162274421645e-06,+,0.0002634426598408324,0.23693935749874415
61,3145.5689129906477,,,mixed-phase ring-site C-H stretching,delta(C2-C1-H11),angle,2.733747846834936e-06,-,-0.00016838603097586518,0.36978557709159526
61,3145.5689129906477,,,mixed-phase ring-site C-H stretching,delta(C2-C1-H12),angle,1.988828397271025e-06,+,0.0001583027397319273,0.3043855873378456
61,3145.5689129906477,,,mixed-phase ring-site C-H stretching,tau(C8-C7-C9-C5),dihedral,1.2986759288263847e-06,+,0.0001271756413985841,0.3079615894469893
61,3145.5689129906477,,,mixed-phase ring-site C-H stretching,tau(C2-C4-C5-H14),dihedral,1.1936919196026465e-06,+,0.0001806271281213456,0.1403233470126861
61,3145.5689129906477,,,mixed-phase ring-site C-H stretching,delta(C7-C8-H17),angle,1.0742265717350748e-06,-,-9.227643560305636e-05,0.4838579761113301
61,3145.5689129906477,,,mixed-phase ring-site C-H stretching,"gamma(O3;C4,C5,H13)",oop,1.8666740206888815e-07,+,7.356029533441058e-05,0.13230772126924695
61,3145.5689129906477,,,mixed-phase ring-site C-H stretching,tau(H10-C1-C2-O3),dihedral,1.310266470922035e-07,+,5.350225711417172e-05,0.17555736525640764
61,3145.5689129906477,,,mixed-phase ring-site C-H stretching,tau(H12-C1-C2-C7),dihedral,7.417344849486867e-08,+,4.0957289086291934e-05,0.16958588363924
61,3145.5689129906477,,,mixed-phase ring-site C-H stretching,delta(C7-C8-H19),angle,3.160545229111578e-08,-,-1.7975684487924125e-05,0.37514120679903984
61,3145.5689129906477,,,mixed-phase ring-site C-H stretching,tau(C2-C7-C8-H19),dihedral,6.435195079478031e-09,+,9.406027905764528e-06,0.2789669960422185
62,3162.4288388525724,,,ring-site C-H stretching,nu(C4-H13),bond,97.19067567167558,-,-1.0285615940347166,0.351955126413533
62,3162.4288388525724,,,ring-site C-H stretching,nu(C5-H14),bond,1.4036404442754793,-,-0.12529452522296175,0.3425429122248566
62,3162.4288388525724,,,ring-site C-H stretching,delta(O3-C4-C5),angle,0.5249404475683894,-,-0.044102943998229255,1.033946761767908
62,3162.4288388525724,,,ring-site C-H stretching,nu(C2-C4),bond,0.3710621791203677,+,0.051454741869041025,0.5369318728370088
62,3162.4288388525724,,,ring-site C-H stretching,nu(C4-C5),bond,0.21506828700872874,+,0.052372741979085494,0.30039247824764354
62,3162.4288388525724,,,ring-site C-H stretching,nu(O3-C4),bond,0.11398245120779923,+,0.034123847587054584,0.375012122768873
62,3162.4288388525724,,,ring-site C-H stretching,tau(C4-C5-C9-H20),dihedral,0.057095439613214276,-,-0.01952907991330592,0.5735366270754743
62,3162.4288388525724,,,ring-site C-H stretching,nu(C6-H15),bond,0.043058282723315335,-,-0.02208014127000213,0.33835789268622185
62,3162.4288388525724,,,ring-site C-H stretching,nu(C9-H21),bond,0.027557507229092015,-,-0.01773159695432808,0.33578982314146966
62,3162.4288388525724,,,ring-site C-H stretching,delta(C5-C4-H13),angle,0.015152383398938034,+,0.016048541485697836,0.22538920624003742
62,3162.4288388525724,,,ring-site C-H stretching,nu(C9-H20),bond,0.00661894231603184,-,-0.008750146340813244,0.3311930886360174
62,3162.4288388525724,,,ring-site C-H stretching,nu(C1-H12),bond,0.005650182389451165,-,-0.007979144079608575,0.33999548876067176
62,3162.4288388525724,,,ring-site C-H stretching,tau(C2-C4-C5-H14),dihedral,0.003330721863121574,+,0.009535991764515002,0.1403233470126861
62,3162.4288388525724,,,ring-site C-H stretching,nu(C5-C6),bond,0.003244264891248423,+,0.0062241541760918095,0.3208329206887749
62,3162.4288388525724,,,ring-site C-H stretching,"gamma(O3;C4,C5,H13)",oop,0.003064085313218177,-,-0.009419318511470504,0.13230772126924695
62,3162.4288388525724,,,ring-site C-H stretching,nu(C5-C9),bond,0.002581700647730544,+,0.0061785029536168875,0.25909716935407706
62,3162.4288388525724,,,ring-site C-H stretching,"gamma(H14;C5,C6,C9)",oop,0.0022229484089747666,-,-0.006477364516314047,0.2029812906968152
62,3162.4288388525724,,,ring-site C-H stretching,nu(C6-H16),bond,0.0016525732599482984,+,0.004271450625014498,0.3470030099281011
62,3162.4288388525724,,,ring-site C-H stretching,"gamma(H21;C9,C5,C7)",oop,0.0013360950963549976,+,0.0018702933001371058,1.4633264940362696
62,3162.4288388525724,,,ring-site C-H stretching,nu(C2-O3),bond,0.0009279253960354765,+,0.003759429900437519,0.25153149975958655
62,3162.4288388525724,,,ring-site C-H stretching,"gamma(C6;C7,C2,C9)",oop,0.0009117529192537925,+,0.001479482071664927,1.5958095173539286
62,3162.4288388525724,,,ring-site C-H stretching,nu(C8-H18),bond,0.0008609874619987222,-,-0.0031481261718830362,0.3328249452823529
62,3162.4288388525724,,,ring-site C-H stretching,delta(O3-C2-C7),angle,0.000589780706557068,-,-0.0013779847009982795,1.1899400216449423
62,3162.4288388525724,,,ring-site C-H stretching,delta(H20-C9-H21),angle,0.0005581734055252652,+,0.0017825532695850872,0.6729881358363181
62,3162.4288388525724,,,ring-site C-H stretching,nu(C1-C2),bond,0.0005503994381277326,-,-0.0026549666741141143,0.2991459555841769
62,3162.4288388525724,,,ring-site C-H stretching,delta(C4-C5-C9),angle,0.00043137183934703914,+,0.001047483359683813,1.506193701341896
62,3162.4288388525724,,,ring-site C-H stretching,delta(C1-C2-C7),angle,0.00039941833206145116,+,0.0020871070924868857,0.35128679741124474
62,3162.4288388525724,,,ring-site C-H stretching,nu(C8-H19),bond,0.00038765554770652677,+,0.0021078035618961165,0.3342789560628059
62,3162.4288388525724,,,ring-site C-H stretching,nu(C1-H10),bond,0.00032720870733101413,-,-0.0019357792992064915,0.33453107906648005
62,3162.4288388525724,,,ring-site C-H stretching,tau(O3-C2-C7-C6),dihedral,0.00031579280616818404,+,0.0011980496776027945,0.8428996647092574
62,3162.4288388525724,,,ring-site C-H stretching,delta(C5-C6-H16),angle,0.00029171246282401903,-,-0.0018217901574174651,0.33672982370377696
62,3162.4288388525724,,,ring-site C-H stretching,delta(C5-C6-H15),angle,0.0002627210754837293,-,-0.0018973371389224233,0.27959487055579446
62,3162.4288388525724,,,ring-site C-H stretching,delta(C2-C1-H11),angle,0.00017647058827696915,-,-0.001352143651935292,0.36978557709159526
62,3162.4288388525724,,,ring-site C-H stretching,"gamma(H12;C1,H10,H11)",oop,0.00015463057994253928,-,-0.0016545109280087574,0.21641103722868646
62,3162.4288388525724,,,ring-site C-H stretching,"gamma(C7;C9,H20,H21)",oop,0.00013669463747279217,-,-0.0011088034179397364,0.42595690951260695
62,3162.4288388525724,,,ring-site C-H stretching,nu(C8-H17),bond,0.00012058726974756218,-,-0.0011791762964320504,0.33225175462853057
62,3162.4288388525724,,,ring-site C-H stretching,nu(C7-C9),bond,0.00011031566386730319,+,0.0013355545742741379,0.23693935749874415
62,3162.4288388525724,,,ring-site C-H stretching,delta(H15-C6-H16),angle,9.805915070669378e-05,+,0.0010209900474060275,0.3603864154338734
62,3162.4288388525724,,,ring-site C-H stretching,tau(C8-C7-C9-C5),dihedral,9.571110820045023e-05,+,0.0010911753513319375,0.3079615894469893
62,3162.4288388525724,,,ring-site C-H stretching,nu(C7-C8),bond,7.495326426128462e-05,-,-0.0010000025374034317,0.287151870291782
62,3162.4288388525724,,,ring-site C-H stretching,nu(C6-C7),bond,7.366168334269971e-05,+,0.0009948988912983473,0.2851064531742666
62,3162.4288388525724,,,ring-site C-H stretching,delta(C7-C6-H15),angle,4.77979464609016e-05,+,0.0008120380175061614,0.27770251683716846
62,3162.4288388525724,,,ring-site C-H stretching,nu(C1-H11),bond,4.252651331706932e-05,-,-0.000699629568788723,0.3328486247653903
62,3162.4288388525724,,,ring-site C-H stretching,tau(C6-C7-C8-H18),dihedral,2.718730114874618e-05,+,0.0006420600776033096,0.25266091572024935
62,3162.4288388525724,,,ring-site C-H stretching,tau(C2-C7-C8-H19),dihedral,2.4568000096159933e-05,-,-0.0005808582212033645,0.2789669960422185
62,3162.4288388525724,,,ring-site C-H stretching,tau(C1-C2-C7-C6),dihedral,2.0181270923394588e-05,-,-0.0005298832074362746,0.27536675168740415
62,3162.4288388525724,,,ring-site C-H stretching,tau(H10-C1-C2-O3),dihedral,1.3116404544990408e-05,-,-0.0005350070750238957,0.17555736525640764
62,3162.4288388525724,,,ring-site C-H stretching,delta(C2-C1-H12),angle,1.2102375817949091e-05,+,0.0003902877552476966,0.3043855873378456
62,3162.4288388525724,,,ring-site C-H stretching,delta(C7-C8-H19),angle,6.65022950477928e-06,-,-0.00026060490289080715,0.37514120679903984
62,3162.4288388525724,,,ring-site C-H stretching,tau(H12-C1-C2-C7),dihedral,6.604703385792865e-06,+,0.00038627220684774233,0.16958588363924
62,3162.4288388525724,,,ring-site C-H stretching,"gamma(H17;C8,H18,H19)",oop,4.2735559353554565e-06,-,-0.00021399126409773147,0.35753668248522347
62,3162.4288388525724,,,ring-site C-H stretching,tau(C2-C7-C9-H21),dihedral,1.7736033941179405e-06,-,-0.00010088394137817851,0.6676298268489548
62,3162.4288388525724,,,ring-site C-H stretching,delta(H18-C8-H19),angle,1.0143768521973386e-06,+,0.00010458238827182071,0.35530843806641327
62,3162.4288388525724,,,ring-site C-H stretching,delta(H10-C1-H11),angle,9.211538160498198e-07,+,0.00011818610145554123,0.25265194351349923
62,3162.4288388525724,,,ring-site C-H stretching,nu(C2-C7),bond,4.448582477920022e-07,+,7.308262486235594e-05,0.31909255709522183
62,3162.4288388525724,,,ring-site C-H stretching,delta(C7-C8-H17),angle,1.647749225356888e-07,-,-3.612004284006279e-05,0.4838579761113301
62,3162.4288388525724,,,ring-site C-H stretching,tau(C9-C7-C8-H17),dihedral,8.088039556292163e-08,+,4.2381350472427995e-05,0.1725110767453955
