mode,harmonic_frequency_cm-1,assignment,grouping_level,family,family_type,percent
6,380.4592199478902,mixed cyclic-ring torsional/out-of-plane deformation / ring-site C-H out-of-plane bending,topology,cyclic-ring torsional/out-of-plane deformation,torsion_cyclic,44.2993144171514
6,380.4592199478902,mixed cyclic-ring torsional/out-of-plane deformation / ring-site C-H out-of-plane bending,topology,ring-site C-H out-of-plane bending,oop_ring_site_xh,27.409275388900266
6,380.4592199478902,mixed cyclic-ring torsional/out-of-plane deformation / ring-site C-H out-of-plane bending,topology,cyclic-ring torsional/out-of-plane deformation,torsion_cyclic,9.930536261609442
6,380.4592199478902,mixed cyclic-ring torsional/out-of-plane deformation / ring-site C-H out-of-plane bending,topology,cyclic-ring deformation (C-C-O bend),ring_deformation,7.3964666348343995
7,450.12004533008945,mixed cyclic-ring out-of-plane deformation / ring-site C-H out-of-plane bending,topology,cyclic-ring out-of-plane deformation,ring_oop,49.83303836416831
7,450.12004533008945,mixed cyclic-ring out-of-plane deformation / ring-site C-H out-of-plane bending,topology,ring-site C-H out-of-plane bending,oop_ring_site_xh,18.981020193650544
7,450.12004533008945,mixed cyclic-ring out-of-plane deformation / ring-site C-H out-of-plane bending,topology,cyclic-ring deformation (C-C-N bend),ring_deformation,7.979873412160885
7,450.12004533008945,mixed cyclic-ring out-of-plane deformation / ring-site C-H out-of-plane bending,topology,cyclic-ring torsional/out-of-plane deformation,torsion_cyclic,6.602001271749194
8,467.18259446398565,mixed ring-site C-H out-of-plane bending / cyclic-ring torsional/out-of-plane deformation / cyclic-ring out-of-plane deformation,topology,ring-site C-H out-of-plane bending,oop_ring_site_xh,38.747974027185634
8,467.18259446398565,mixed ring-site C-H out-of-plane bending / cyclic-ring torsional/out-of-plane deformation / cyclic-ring out-of-plane deformation,topology,cyclic-ring torsional/out-of-plane deformation,torsion_cyclic,30.969919166303285
8,467.18259446398565,mixed ring-site C-H out-of-plane bending / cyclic-ring torsional/out-of-plane deformation / cyclic-ring out-of-plane deformation,topology,cyclic-ring out-of-plane deformation,ring_oop,16.709958900559638
8,467.18259446398565,mixed ring-site C-H out-of-plane bending / cyclic-ring torsional/out-of-plane deformation / cyclic-ring out-of-plane deformation,topology,cyclic-ring deformation (C-C-O bend),ring_deformation,5.189746035911127
9,517.6854025036768,mixed cyclic-ring torsional/out-of-plane deformation / ring-site C-H out-of-plane bending,topology,cyclic-ring torsional/out-of-plane deformation,torsion_cyclic,33.85858541564812
9,517.6854025036768,mixed cyclic-ring torsional/out-of-plane deformation / ring-site C-H out-of-plane bending,topology,ring-site C-H out-of-plane bending,oop_ring_site_xh,22.72633556422781
9,517.6854025036768,mixed cyclic-ring torsional/out-of-plane deformation / ring-site C-H out-of-plane bending,topology,cyclic-ring deformation (C-C-O bend),ring_deformation,13.480314375858784
9,517.6854025036768,mixed cyclic-ring torsional/out-of-plane deformation / ring-site C-H out-of-plane bending,topology,cyclic-ring deformation (C-C-N bend),ring_deformation,11.182191796327034
10,641.525602286441,mixed cyclic-ring deformation (C-C-N bend) / cyclic-ring out-of-plane deformation,topology,cyclic-ring deformation (C-C-N bend),ring_deformation,31.032067875931816
10,641.525602286441,mixed cyclic-ring deformation (C-C-N bend) / cyclic-ring out-of-plane deformation,topology,cyclic-ring out-of-plane deformation,ring_oop,24.85912938702969
10,641.525602286441,mixed cyclic-ring deformation (C-C-N bend) / cyclic-ring out-of-plane deformation,topology,cyclic-ring deformation (C-C-O bend),ring_deformation,12.32522196732227
10,641.525602286441,mixed cyclic-ring deformation (C-C-N bend) / cyclic-ring out-of-plane deformation,topology,ring-site C-H out-of-plane bending,oop_ring_site_xh,7.466241315271073
11,662.7057480552287,mixed cyclic-ring out-of-plane deformation / cyclic-ring deformation (C-C-N bend),topology,cyclic-ring out-of-plane deformation,ring_oop,24.269710820697927
11,662.7057480552287,mixed cyclic-ring out-of-plane deformation / cyclic-ring deformation (C-C-N bend),topology,cyclic-ring deformation (C-C-N bend),ring_deformation,21.498479773392372
11,662.7057480552287,mixed cyclic-ring out-of-plane deformation / cyclic-ring deformation (C-C-N bend),topology,ring-site C-H out-of-plane bending,oop_ring_site_xh,11.07482404321344
11,662.7057480552287,mixed cyclic-ring out-of-plane deformation / cyclic-ring deformation (C-C-N bend),topology,mixed-phase cyclic C-C stretching,stretch_cyclic,9.50834213620779
12,743.5696407451964,mixed cyclic C-N stretching / cyclic-ring deformation (C-C-N bend),topology,cyclic C-N stretching,stretch_cyclic,23.3882079123501
12,743.5696407451964,mixed cyclic C-N stretching / cyclic-ring deformation (C-C-N bend),topology,cyclic-ring deformation (C-C-N bend),ring_deformation,22.09621421454788
12,743.5696407451964,mixed cyclic C-N stretching / cyclic-ring deformation (C-C-N bend),topology,cyclic-ring out-of-plane deformation,ring_oop,14.51972739999596
12,743.5696407451964,mixed cyclic C-N stretching / cyclic-ring deformation (C-C-N bend),topology,ring-site C-H out-of-plane bending,oop_ring_site_xh,12.558509780418332
13,774.3355367143745,mixed mixed-phase cyclic C-C stretching / cyclic-ring out-of-plane deformation / cyclic-ring torsional/out-of-plane deformation,topology,mixed-phase cyclic C-C stretching,stretch_cyclic,38.82835689352146
13,774.3355367143745,mixed mixed-phase cyclic C-C stretching / cyclic-ring out-of-plane deformation / cyclic-ring torsional/out-of-plane deformation,topology,cyclic-ring out-of-plane deformation,ring_oop,25.643131558448477
13,774.3355367143745,mixed mixed-phase cyclic C-C stretching / cyclic-ring out-of-plane deformation / cyclic-ring torsional/out-of-plane deformation,topology,cyclic-ring torsional/out-of-plane deformation,torsion_cyclic,17.980433462001194
13,774.3355367143745,mixed mixed-phase cyclic C-C stretching / cyclic-ring out-of-plane deformation / cyclic-ring torsional/out-of-plane deformation,topology,ring-site C-H out-of-plane bending,oop_ring_site_xh,5.411603464396182
14,801.7190796702932,mixed cyclic-ring out-of-plane deformation / cyclic C-N stretching / cyclic C-C stretching,topology,cyclic-ring out-of-plane deformation,ring_oop,34.33219262860213
14,801.7190796702932,mixed cyclic-ring out-of-plane deformation / cyclic C-N stretching / cyclic C-C stretching,topology,cyclic C-N stretching,stretch_cyclic,22.4878906506932
14,801.7190796702932,mixed cyclic-ring out-of-plane deformation / cyclic C-N stretching / cyclic C-C stretching,topology,cyclic C-C stretching,stretch_cyclic,20.076673793790658
14,801.7190796702932,mixed cyclic-ring out-of-plane deformation / cyclic C-N stretching / cyclic C-C stretching,topology,ring-site C-H out-of-plane bending,oop_ring_site_xh,11.825535396386734
15,804.3347683172179,mixed mixed-phase cyclic C-C stretching / cyclic-ring torsional/out-of-plane deformation,topology,mixed-phase cyclic C-C stretching,stretch_cyclic,43.814682384516196
15,804.3347683172179,mixed mixed-phase cyclic C-C stretching / cyclic-ring torsional/out-of-plane deformation,topology,cyclic-ring torsional/out-of-plane deformation,torsion_cyclic,15.677218303282514
15,804.3347683172179,mixed mixed-phase cyclic C-C stretching / cyclic-ring torsional/out-of-plane deformation,topology,cyclic-ring out-of-plane deformation,ring_oop,11.335672585411608
15,804.3347683172179,mixed mixed-phase cyclic C-C stretching / cyclic-ring torsional/out-of-plane deformation,topology,cyclic-ring deformation (C-C-N bend),ring_deformation,7.254367338336415
16,842.0838077143928,mixed mixed-phase cyclic C-C stretching / cyclic-ring torsional/out-of-plane deformation,topology,mixed-phase cyclic C-C stretching,stretch_cyclic,45.90197915920755
16,842.0838077143928,mixed mixed-phase cyclic C-C stretching / cyclic-ring torsional/out-of-plane deformation,topology,cyclic-ring torsional/out-of-plane deformation,torsion_cyclic,11.32015168369531
16,842.0838077143928,mixed mixed-phase cyclic C-C stretching / cyclic-ring torsional/out-of-plane deformation,topology,ring-site C-H in-plane bending,bend_ring_site_xh,8.737873376283364
16,842.0838077143928,mixed mixed-phase cyclic C-C stretching / cyclic-ring torsional/out-of-plane deformation,topology,ring-site C-H out-of-plane bending,oop_ring_site_xh,8.61033183755727
17,868.8393765466051,mixed cyclic-ring out-of-plane deformation / mixed-phase cyclic C-C stretching,topology,cyclic-ring out-of-plane deformation,ring_oop,26.476005756352475
17,868.8393765466051,mixed cyclic-ring out-of-plane deformation / mixed-phase cyclic C-C stretching,topology,mixed-phase cyclic C-C stretching,stretch_cyclic,19.77349026285921
17,868.8393765466051,mixed cyclic-ring out-of-plane deformation / mixed-phase cyclic C-C stretching,topology,cyclic C-O stretching,stretch_cyclic,12.862459552303555
17,868.8393765466051,mixed cyclic-ring out-of-plane deformation / mixed-phase cyclic C-C stretching,topology,ring-site C-H out-of-plane bending,oop_ring_site_xh,11.707744120726383
18,882.2710772351473,mixed cyclic C-C stretching / ring-site C-H out-of-plane bending,topology,cyclic C-C stretching,stretch_cyclic,68.7034563330607
18,882.2710772351473,mixed cyclic C-C stretching / ring-site C-H out-of-plane bending,topology,ring-site C-H out-of-plane bending,oop_ring_site_xh,10.236643572421729
18,882.2710772351473,mixed cyclic C-C stretching / ring-site C-H out-of-plane bending,topology,mixed-phase cyclic C-N stretching,stretch_cyclic,7.77448618659273
18,882.2710772351473,mixed cyclic C-C stretching / ring-site C-H out-of-plane bending,topology,cyclic-ring out-of-plane deformation,ring_oop,5.0184124893048665
19,907.9476127202611,mixed cyclic C-C stretching / cyclic-ring deformation (C-C-N bend),topology,cyclic C-C stretching,stretch_cyclic,36.44929787356509
19,907.9476127202611,mixed cyclic C-C stretching / cyclic-ring deformation (C-C-N bend),topology,cyclic-ring deformation (C-C-N bend),ring_deformation,15.222929226403085
19,907.9476127202611,mixed cyclic C-C stretching / cyclic-ring deformation (C-C-N bend),topology,ring-site C-H in-plane bending,bend_ring_site_xh,14.443513943602966
19,907.9476127202611,mixed cyclic C-C stretching / cyclic-ring deformation (C-C-N bend),topology,cyclic-ring out-of-plane deformation,ring_oop,10.468277065429477
20,927.0277611085901,mixed mixed-phase cyclic C-C stretching / ring-site C-H in-plane bending / opposite-phase cyclic C-O stretching,topology,mixed-phase cyclic C-C stretching,stretch_cyclic,35.94933039329955
20,927.0277611085901,mixed mixed-phase cyclic C-C stretching / ring-site C-H in-plane bending / opposite-phase cyclic C-O stretching,topology,ring-site C-H in-plane bending,bend_ring_site_xh,18.82269845623267
20,927.0277611085901,mixed mixed-phase cyclic C-C stretching / ring-site C-H in-plane bending / opposite-phase cyclic C-O stretching,topology,opposite-phase cyclic C-O stretching,stretch_cyclic,15.827918289054924
20,927.0277611085901,mixed mixed-phase cyclic C-C stretching / ring-site C-H in-plane bending / opposite-phase cyclic C-O stretching,topology,ring-site C-H out-of-plane bending,oop_ring_site_xh,11.847600591847709
21,939.2139876343754,mixed mixed-phase cyclic C-N stretching / mixed-phase cyclic C-C stretching,topology,mixed-phase cyclic C-N stretching,stretch_cyclic,47.55511473321664
21,939.2139876343754,mixed mixed-phase cyclic C-N stretching / mixed-phase cyclic C-C stretching,topology,mixed-phase cyclic C-C stretching,stretch_cyclic,11.193332395005285
21,939.2139876343754,mixed mixed-phase cyclic C-N stretching / mixed-phase cyclic C-C stretching,topology,ring-site C-H in-plane bending,bend_ring_site_xh,9.81153364021916
21,939.2139876343754,mixed mixed-phase cyclic C-N stretching / mixed-phase cyclic C-C stretching,topology,mixed-phase cyclic C-O stretching,stretch_cyclic,9.269220463218813
22,949.315424863629,mixed opposite-phase cyclic C-O stretching / mixed-phase cyclic C-C stretching / cyclic-ring out-of-plane deformation,topology,opposite-phase cyclic C-O stretching,stretch_cyclic,23.966925682342744
22,949.315424863629,mixed opposite-phase cyclic C-O stretching / mixed-phase cyclic C-C stretching / cyclic-ring out-of-plane deformation,topology,mixed-phase cyclic C-C stretching,stretch_cyclic,19.326263266402133
22,949.315424863629,mixed opposite-phase cyclic C-O stretching / mixed-phase cyclic C-C stretching / cyclic-ring out-of-plane deformation,topology,cyclic-ring out-of-plane deformation,ring_oop,17.454490515742265
22,949.315424863629,mixed opposite-phase cyclic C-O stretching / mixed-phase cyclic C-C stretching / cyclic-ring out-of-plane deformation,topology,opposite-phase cyclic C-N stretching,stretch_cyclic,11.321490484622366
23,964.5965113931533,mixed ring-site C-H out-of-plane bending / mixed-phase cyclic C-O stretching / mixed-phase cyclic C-C stretching,topology,ring-site C-H out-of-plane bending,oop_ring_site_xh,24.98748221467734
23,964.5965113931533,mixed ring-site C-H out-of-plane bending / mixed-phase cyclic C-O stretching / mixed-phase cyclic C-C stretching,topology,mixed-phase cyclic C-O stretching,stretch_cyclic,21.054088107061194
23,964.5965113931533,mixed ring-site C-H out-of-plane bending / mixed-phase cyclic C-O stretching / mixed-phase cyclic C-C stretching,topology,mixed-phase cyclic C-C stretching,stretch_cyclic,15.107992379173439
23,964.5965113931533,mixed ring-site C-H out-of-plane bending / mixed-phase cyclic C-O stretching / mixed-phase cyclic C-C stretching,topology,cyclic-ring out-of-plane deformation,ring_oop,14.093714835452596
24,994.1709570769921,mixed mixed-phase cyclic C-C stretching / cyclic-ring deformation (C-C-N bend),topology,mixed-phase cyclic C-C stretching,stretch_cyclic,40.592054642587
24,994.1709570769921,mixed mixed-phase cyclic C-C stretching / cyclic-ring deformation (C-C-N bend),topology,cyclic-ring deformation (C-C-N bend),ring_deformation,19.762135308323327
24,994.1709570769921,mixed mixed-phase cyclic C-C stretching / cyclic-ring deformation (C-C-N bend),topology,cyclic-ring deformation (C-C-O bend),ring_deformation,11.27403392246161
24,994.1709570769921,mixed mixed-phase cyclic C-C stretching / cyclic-ring deformation (C-C-N bend),topology,ring-site C-H in-plane bending,bend_ring_site_xh,10.42184896397584
25,1004.21444489499,mixed cyclic C-O stretching / mixed-phase cyclic C-C stretching,topology,cyclic C-O stretching,stretch_cyclic,39.138530448654286
25,1004.21444489499,mixed cyclic C-O stretching / mixed-phase cyclic C-C stretching,topology,mixed-phase cyclic C-C stretching,stretch_cyclic,18.393838165196225
25,1004.21444489499,mixed cyclic C-O stretching / mixed-phase cyclic C-C stretching,topology,cyclic-ring out-of-plane deformation,ring_oop,14.951750359607576
25,1004.21444489499,mixed cyclic C-O stretching / mixed-phase cyclic C-C stretching,topology,cyclic-ring deformation (C-C-N bend),ring_deformation,11.46504369072565
26,1054.111447881947,mixed mixed-phase cyclic C-N stretching / cyclic-ring deformation (C-C-N bend),topology,mixed-phase cyclic C-N stretching,stretch_cyclic,54.925735077370135
26,1054.111447881947,mixed mixed-phase cyclic C-N stretching / cyclic-ring deformation (C-C-N bend),topology,cyclic-ring deformation (C-C-N bend),ring_deformation,20.54710492161143
26,1054.111447881947,mixed mixed-phase cyclic C-N stretching / cyclic-ring deformation (C-C-N bend),topology,ring-site C-H out-of-plane bending,oop_ring_site_xh,5.145808443829546
26,1054.111447881947,mixed mixed-phase cyclic C-N stretching / cyclic-ring deformation (C-C-N bend),topology,cyclic-ring out-of-plane deformation,ring_oop,4.860290626663116
27,1059.4887127883726,mixed ring-site C-H in-plane bending / cyclic-ring out-of-plane deformation / cyclic-ring torsional/out-of-plane deformation,topology,ring-site C-H in-plane bending,bend_ring_site_xh,31.506087599310398
27,1059.4887127883726,mixed ring-site C-H in-plane bending / cyclic-ring out-of-plane deformation / cyclic-ring torsional/out-of-plane deformation,topology,cyclic-ring out-of-plane deformation,ring_oop,19.815210958455744
27,1059.4887127883726,mixed ring-site C-H in-plane bending / cyclic-ring out-of-plane deformation / cyclic-ring torsional/out-of-plane deformation,topology,cyclic-ring torsional/out-of-plane deformation,torsion_cyclic,15.44883247046555
27,1059.4887127883726,mixed ring-site C-H in-plane bending / cyclic-ring out-of-plane deformation / cyclic-ring torsional/out-of-plane deformation,topology,ring-site C-H out-of-plane bending,oop_ring_site_xh,13.353942016789244
28,1094.1356761671918,mixed cyclic-ring out-of-plane deformation / ring-site C-H out-of-plane bending / ring-site C-H in-plane bending,topology,cyclic-ring out-of-plane deformation,ring_oop,30.445361704942986
28,1094.1356761671918,mixed cyclic-ring out-of-plane deformation / ring-site C-H out-of-plane bending / ring-site C-H in-plane bending,topology,ring-site C-H out-of-plane bending,oop_ring_site_xh,21.19441267566068
28,1094.1356761671918,mixed cyclic-ring out-of-plane deformation / ring-site C-H out-of-plane bending / ring-site C-H in-plane bending,topology,ring-site C-H in-plane bending,bend_ring_site_xh,17.101372153293514
28,1094.1356761671918,mixed cyclic-ring out-of-plane deformation / ring-site C-H out-of-plane bending / ring-site C-H in-plane bending,topology,cyclic-ring deformation (C-C-O bend),ring_deformation,9.386270818898605
29,1115.1619239597753,mixed ring-site C-H in-plane bending / ring-site C-H out-of-plane bending / mixed-phase cyclic C-C stretching,topology,ring-site C-H in-plane bending,bend_ring_site_xh,39.91405659288075
29,1115.1619239597753,mixed ring-site C-H in-plane bending / ring-site C-H out-of-plane bending / mixed-phase cyclic C-C stretching,topology,ring-site C-H out-of-plane bending,oop_ring_site_xh,18.75759967458687
29,1115.1619239597753,mixed ring-site C-H in-plane bending / ring-site C-H out-of-plane bending / mixed-phase cyclic C-C stretching,topology,mixed-phase cyclic C-C stretching,stretch_cyclic,15.787155613333656
29,1115.1619239597753,mixed ring-site C-H in-plane bending / ring-site C-H out-of-plane bending / mixed-phase cyclic C-C stretching,topology,cyclic-ring deformation (C-C-N bend),ring_deformation,12.364336176779162
30,1166.1258598177265,mixed ring-site C-H out-of-plane bending / ring-site C-H in-plane bending / mixed-phase cyclic C-C stretching,topology,ring-site C-H out-of-plane bending,oop_ring_site_xh,30.823080189160006
30,1166.1258598177265,mixed ring-site C-H out-of-plane bending / ring-site C-H in-plane bending / mixed-phase cyclic C-C stretching,topology,ring-site C-H in-plane bending,bend_ring_site_xh,26.962213360706397
30,1166.1258598177265,mixed ring-site C-H out-of-plane bending / ring-site C-H in-plane bending / mixed-phase cyclic C-C stretching,topology,mixed-phase cyclic C-C stretching,stretch_cyclic,23.735331430444955
30,1166.1258598177265,mixed ring-site C-H out-of-plane bending / ring-site C-H in-plane bending / mixed-phase cyclic C-C stretching,topology,cyclic-ring out-of-plane deformation,ring_oop,7.8651296264577075
31,1190.95891282158,mixed ring-site C-H out-of-plane bending / cyclic-ring out-of-plane deformation / mixed-phase cyclic C-C stretching,topology,ring-site C-H out-of-plane bending,oop_ring_site_xh,45.223835301334475
31,1190.95891282158,mixed ring-site C-H out-of-plane bending / cyclic-ring out-of-plane deformation / mixed-phase cyclic C-C stretching,topology,cyclic-ring out-of-plane deformation,ring_oop,17.51972252346797
31,1190.95891282158,mixed ring-site C-H out-of-plane bending / cyclic-ring out-of-plane deformation / mixed-phase cyclic C-C stretching,topology,mixed-phase cyclic C-C stretching,stretch_cyclic,16.603083154761016
31,1190.95891282158,mixed ring-site C-H out-of-plane bending / cyclic-ring out-of-plane deformation / mixed-phase cyclic C-C stretching,topology,ring-site C-H in-plane bending,bend_ring_site_xh,11.618901871024683
32,1197.069701528229,mixed ring-site C-H in-plane bending / ring-site C-H out-of-plane bending / mixed-phase cyclic C-C stretching,topology,ring-site C-H in-plane bending,bend_ring_site_xh,37.46429099309686
32,1197.069701528229,mixed ring-site C-H in-plane bending / ring-site C-H out-of-plane bending / mixed-phase cyclic C-C stretching,topology,ring-site C-H out-of-plane bending,oop_ring_site_xh,24.807261839757054
32,1197.069701528229,mixed ring-site C-H in-plane bending / ring-site C-H out-of-plane bending / mixed-phase cyclic C-C stretching,topology,mixed-phase cyclic C-C stretching,stretch_cyclic,16.431861081928293
32,1197.069701528229,mixed ring-site C-H in-plane bending / ring-site C-H out-of-plane bending / mixed-phase cyclic C-C stretching,topology,cyclic-ring torsional/out-of-plane deformation,torsion_cyclic,6.850566541517017
33,1214.4312059879485,mixed ring-site C-H in-plane bending / ring-site C-H out-of-plane bending,topology,ring-site C-H in-plane bending,bend_ring_site_xh,50.31805456371981
33,1214.4312059879485,mixed ring-site C-H in-plane bending / ring-site C-H out-of-plane bending,topology,ring-site C-H out-of-plane bending,oop_ring_site_xh,16.653541708512336
33,1214.4312059879485,mixed ring-site C-H in-plane bending / ring-site C-H out-of-plane bending,topology,mixed-phase cyclic C-C stretching,stretch_cyclic,11.352268380343805
33,1214.4312059879485,mixed ring-site C-H in-plane bending / ring-site C-H out-of-plane bending,topology,cyclic-ring out-of-plane deformation,ring_oop,8.475859886564367
34,1231.6541384386264,mixed ring-site C-H out-of-plane bending / ring-site C-H in-plane bending,topology,ring-site C-H out-of-plane bending,oop_ring_site_xh,39.56646942364856
34,1231.6541384386264,mixed ring-site C-H out-of-plane bending / ring-site C-H in-plane bending,topology,ring-site C-H in-plane bending,bend_ring_site_xh,33.58145543780838
34,1231.6541384386264,mixed ring-site C-H out-of-plane bending / ring-site C-H in-plane bending,topology,cyclic-ring torsional/out-of-plane deformation,torsion_cyclic,8.221632480604905
34,1231.6541384386264,mixed ring-site C-H out-of-plane bending / ring-site C-H in-plane bending,topology,mixed-phase cyclic C-C stretching,stretch_cyclic,7.533489790077219
35,1255.2754780229463,mixed ring-site C-H in-plane bending / ring-site C-H out-of-plane bending,topology,ring-site C-H in-plane bending,bend_ring_site_xh,38.669834233438394
35,1255.2754780229463,mixed ring-site C-H in-plane bending / ring-site C-H out-of-plane bending,topology,ring-site C-H out-of-plane bending,oop_ring_site_xh,26.63374758051609
35,1255.2754780229463,mixed ring-site C-H in-plane bending / ring-site C-H out-of-plane bending,topology,cyclic-ring out-of-plane deformation,ring_oop,11.030281748845969
35,1255.2754780229463,mixed ring-site C-H in-plane bending / ring-site C-H out-of-plane bending,topology,cyclic C-N stretching,stretch_cyclic,6.8690129695818865
36,1264.6650140908368,mixed ring-site C-H out-of-plane bending / mixed-phase cyclic C-C stretching / ring-site C-H in-plane bending,topology,ring-site C-H out-of-plane bending,oop_ring_site_xh,47.93746544057864
36,1264.6650140908368,mixed ring-site C-H out-of-plane bending / mixed-phase cyclic C-C stretching / ring-site C-H in-plane bending,topology,mixed-phase cyclic C-C stretching,stretch_cyclic,17.662117900211037
36,1264.6650140908368,mixed ring-site C-H out-of-plane bending / mixed-phase cyclic C-C stretching / ring-site C-H in-plane bending,topology,ring-site C-H in-plane bending,bend_ring_site_xh,15.938801152846075
36,1264.6650140908368,mixed ring-site C-H out-of-plane bending / mixed-phase cyclic C-C stretching / ring-site C-H in-plane bending,topology,cyclic-ring out-of-plane deformation,ring_oop,12.619295812235693
37,1278.107992932576,mixed ring-site C-H in-plane bending / ring-site C-H out-of-plane bending / mixed-phase cyclic C-C stretching,topology,ring-site C-H in-plane bending,bend_ring_site_xh,35.172421804601385
37,1278.107992932576,mixed ring-site C-H in-plane bending / ring-site C-H out-of-plane bending / mixed-phase cyclic C-C stretching,topology,ring-site C-H out-of-plane bending,oop_ring_site_xh,29.012077426484083
37,1278.107992932576,mixed ring-site C-H in-plane bending / ring-site C-H out-of-plane bending / mixed-phase cyclic C-C stretching,topology,mixed-phase cyclic C-C stretching,stretch_cyclic,15.214182565850798
37,1278.107992932576,mixed ring-site C-H in-plane bending / ring-site C-H out-of-plane bending / mixed-phase cyclic C-C stretching,topology,cyclic-ring torsional/out-of-plane deformation,torsion_cyclic,8.84128654103806
38,1296.5740503549362,mixed ring-site C-H out-of-plane bending / ring-site C-H in-plane bending,topology,ring-site C-H out-of-plane bending,oop_ring_site_xh,45.13159710510742
38,1296.5740503549362,mixed ring-site C-H out-of-plane bending / ring-site C-H in-plane bending,topology,ring-site C-H in-plane bending,bend_ring_site_xh,21.346759237302006
38,1296.5740503549362,mixed ring-site C-H out-of-plane bending / ring-site C-H in-plane bending,topology,mixed-phase cyclic C-C stretching,stretch_cyclic,12.186932894188867
38,1296.5740503549362,mixed ring-site C-H out-of-plane bending / ring-site C-H in-plane bending,topology,cyclic-ring out-of-plane deformation,ring_oop,11.299815179851587
39,1303.0745341168156,mixed ring-site C-H in-plane bending / ring-site C-H out-of-plane bending,topology,ring-site C-H in-plane bending,bend_ring_site_xh,44.67852144323909
39,1303.0745341168156,mixed ring-site C-H in-plane bending / ring-site C-H out-of-plane bending,topology,ring-site C-H out-of-plane bending,oop_ring_site_xh,36.10751350075023
39,1303.0745341168156,mixed ring-site C-H in-plane bending / ring-site C-H out-of-plane bending,topology,opposite-phase cyclic C-C stretching,stretch_cyclic,5.354549393544698
39,1303.0745341168156,mixed ring-site C-H in-plane bending / ring-site C-H out-of-plane bending,topology,cyclic-ring out-of-plane deformation,ring_oop,5.228270173927977
40,1331.3677271883819,mixed ring-site C-H in-plane bending / mixed-phase cyclic C-C stretching,topology,ring-site C-H in-plane bending,bend_ring_site_xh,39.0313114495854
40,1331.3677271883819,mixed ring-site C-H in-plane bending / mixed-phase cyclic C-C stretching,topology,mixed-phase cyclic C-C stretching,stretch_cyclic,29.47219769741805
40,1331.3677271883819,mixed ring-site C-H in-plane bending / mixed-phase cyclic C-C stretching,topology,ring-site C-H out-of-plane bending,oop_ring_site_xh,12.145467585471394
40,1331.3677271883819,mixed ring-site C-H in-plane bending / mixed-phase cyclic C-C stretching,topology,cyclic-ring out-of-plane deformation,ring_oop,6.077089262412643
41,1332.8199734525024,mixed ring-site C-H out-of-plane bending / ring-site C-H in-plane bending,topology,ring-site C-H out-of-plane bending,oop_ring_site_xh,46.53209717807991
41,1332.8199734525024,mixed ring-site C-H out-of-plane bending / ring-site C-H in-plane bending,topology,ring-site C-H in-plane bending,bend_ring_site_xh,19.811480940239672
41,1332.8199734525024,mixed ring-site C-H out-of-plane bending / ring-site C-H in-plane bending,topology,cyclic C-C stretching,stretch_cyclic,12.81724312442005
41,1332.8199734525024,mixed ring-site C-H out-of-plane bending / ring-site C-H in-plane bending,topology,cyclic-ring out-of-plane deformation,ring_oop,10.333957626927429
42,1343.8845251306598,mixed ring-site C-H out-of-plane bending / ring-site C-H in-plane bending,topology,ring-site C-H out-of-plane bending,oop_ring_site_xh,39.10124276158929
42,1343.8845251306598,mixed ring-site C-H out-of-plane bending / ring-site C-H in-plane bending,topology,ring-site C-H in-plane bending,bend_ring_site_xh,38.295280737178686
42,1343.8845251306598,mixed ring-site C-H out-of-plane bending / ring-site C-H in-plane bending,topology,in-phase cyclic C-C stretching,stretch_cyclic,8.750644966077036
42,1343.8845251306598,mixed ring-site C-H out-of-plane bending / ring-site C-H in-plane bending,topology,cyclic-ring out-of-plane deformation,ring_oop,7.764205854331007
43,1484.1041770501795,ring-site C-H out-of-plane bending,topology,ring-site C-H out-of-plane bending,oop_ring_site_xh,86.86748881687947
43,1484.1041770501795,ring-site C-H out-of-plane bending,topology,ring-site C-H in-plane bending,bend_ring_site_xh,9.964701912860512
43,1484.1041770501795,ring-site C-H out-of-plane bending,topology,in-phase cyclic C-C stretching,stretch_cyclic,2.2433348303226106
44,1513.352643205227,mixed ring-site C-H out-of-plane bending / ring-site C-H in-plane bending,topology,ring-site C-H out-of-plane bending,oop_ring_site_xh,73.41758541865163
44,1513.352643205227,mixed ring-site C-H out-of-plane bending / ring-site C-H in-plane bending,topology,ring-site C-H in-plane bending,bend_ring_site_xh,23.630716914084363
45,3051.4959907538773,in-phase ring-site C-H stretching,topology,in-phase ring-site C-H stretching,stretch_ring_site_xh,99.55056970293215
46,3063.5898880600685,ring-site C-H stretching,topology,ring-site C-H stretching,stretch_ring_site_xh,99.44497144791272
47,3100.2774508108814,opposite-phase ring-site C-H stretching,topology,opposite-phase ring-site C-H stretching,stretch_ring_site_xh,99.26142639238412
48,3106.24344359282,mixed-phase ring-site C-H stretching,topology,mixed-phase ring-site C-H stretching,stretch_ring_site_xh,97.68700848490415
49,3110.587272481844,mixed-phase ring-site C-H stretching,topology,mixed-phase ring-site C-H stretching,stretch_ring_site_xh,98.51851077528829
50,3118.03980950823,mixed-phase ring-site C-H stretching,topology,mixed-phase ring-site C-H stretching,stretch_ring_site_xh,98.7088935971193
51,3121.0877423823135,mixed-phase ring-site C-H stretching,topology,mixed-phase ring-site C-H stretching,stretch_ring_site_xh,98.70174795375975
52,3126.1102509492516,mixed-phase ring-site C-H stretching,topology,mixed-phase ring-site C-H stretching,stretch_ring_site_xh,99.08330976649492
53,3136.1077238351095,ring-site C-H stretching,topology,ring-site C-H stretching,stretch_ring_site_xh,98.71386274235589
