mode,harmonic_frequency_cm-1,vpt2_fundamental_cm-1,harmonic_intensity_km_mol,assignment,internal_coordinate,type,percent,phase,D_value,F_diagonal
6,32.93539109887752,,,C-C torsion,tau(C2-C5-C7-C8),dihedral,45.039058060510264,-,-0.06787764291430921,0.016532140990367292
6,32.93539109887752,,,C-C torsion,tau(C1-C2-C5-C7),dihedral,18.185601693689566,+,0.02659249827532269,0.04349133132405001
6,32.93539109887752,,,C-C torsion,tau(H20-C7-C8-H21),dihedral,13.137646021476034,+,0.04096507748388831,0.013239857220979551
6,32.93539109887752,,,C-C torsion,delta(C5-C7-C8),angle,8.799959474061291,-,-0.006765533019508098,0.32513965682623924
6,32.93539109887752,,,C-C torsion,delta(H19-C7-H20),angle,4.29795715093709,+,0.00536323401773103,0.25269805183984145
6,32.93539109887752,,,C-C torsion,"gamma(C7;C5,C2,O6)",oop,1.3413744840869113,+,0.004319644565147293,0.12157585193261175
6,32.93539109887752,,,C-C torsion,delta(C8-C7-H19),angle,1.3007980878695247,+,0.002995440619838421,0.24517815193377318
6,32.93539109887752,,,C-C torsion,delta(C3-C2-C5),angle,1.2941966188143477,-,-0.0019459553813660456,0.5779999640555233
6,32.93539109887752,,,C-C torsion,tau(C1-C2-C3-H14),dihedral,1.2292677807302492,+,0.0021965033107001065,0.43089959044862763
6,32.93539109887752,,,C-C torsion,delta(C4-C2-C5),angle,1.0530232809567452,+,0.0017549005643223347,0.5782641285567409
6,32.93539109887752,,,C-C torsion,tau(C4-C2-C3-H15),dihedral,0.8482037632085704,+,0.001803422297551356,0.44106097360664287
6,32.93539109887752,,,C-C torsion,delta(C7-C8-O9),angle,0.7241472069044878,+,0.0018012690812395718,0.3774530837938862
6,32.93539109887752,,,C-C torsion,delta(C5-C7-H20),angle,0.6053688918467716,-,-0.001784753935461657,0.3214080207257505
6,32.93539109887752,,,C-C torsion,delta(C2-C5-C7),angle,0.41508227809112536,-,-0.0011850908984850398,0.49983213360108397
6,32.93539109887752,,,C-C torsion,"gamma(H21;C8,C7,O9)",oop,0.33921904977481715,-,-0.002482772822286269,0.09306782716686272
6,32.93539109887752,,,C-C torsion,delta(C2-C5-O6),angle,0.27206138621638676,+,0.0009173121595083033,0.5467967349904848
6,32.93539109887752,,,C-C torsion,nu(C5-C7),bond,0.2647190109869646,+,0.0013798815011694988,0.2351228587387024
6,32.93539109887752,,,C-C torsion,nu(C7-H19),bond,0.2096009796404189,-,-0.0010374937070604705,0.32931815426212097
6,32.93539109887752,,,C-C torsion,delta(O9-C8-H21),angle,0.1399206486508089,-,-0.0008969258944878008,0.2941453531375008
6,32.93539109887752,,,C-C torsion,"gamma(H16;C4,H17,H18)",oop,0.08919185978682664,+,0.0008208361064671731,0.22387501255021114
6,32.93539109887752,,,C-C torsion,delta(C8-C7-H20),angle,0.061652709171623916,-,-0.0005743440504013934,0.3160830584568552
6,32.93539109887752,,,C-C torsion,nu(C8-H21),bond,0.050191598848912174,+,0.0005264339196935522,0.30629267332827326
6,32.93539109887752,,,C-C torsion,nu(C5-O6),bond,0.04426353664594001,-,-0.0003017026718895877,0.8223962194579738
6,32.93539109887752,,,C-C torsion,delta(H13-C3-H15),angle,0.03811593560462493,+,0.0003748720760775022,0.4587052477560685
6,32.93539109887752,,,C-C torsion,tau(H12-C1-C2-C5),dihedral,0.03623687168994606,+,0.0015518588937409167,0.02544717321698012
6,32.93539109887752,,,C-C torsion,nu(C2-C3),bond,0.019197007350502723,+,0.000354836690302443,0.25785158094323446
6,32.93539109887752,,,C-C torsion,delta(C2-C4-H18),angle,0.018720278932013813,-,-0.00028722788599228153,0.38375356114596126
6,32.93539109887752,,,C-C torsion,delta(C2-C4-H16),angle,0.017830988216332395,+,0.00031014453488072445,0.31350209999061956
6,32.93539109887752,,,C-C torsion,delta(H11-C1-H12),angle,0.013870962753880294,-,-0.00029532625687915434,0.26896501294538183
6,32.93539109887752,,,C-C torsion,nu(C2-C4),bond,0.013331021448522195,-,-0.000295596936678782,0.258022082351197
6,32.93539109887752,,,C-C torsion,delta(C2-C1-H10),angle,0.010039323698569441,+,0.00023087727857774352,0.31851902309095165
6,32.93539109887752,,,C-C torsion,delta(H10-C1-H12),angle,0.009679275572129054,+,0.00024241260847684536,0.2785644886096331
6,32.93539109887752,,,C-C torsion,tau(C1-C2-C4-H17),dihedral,0.008231261930124715,+,0.00028020564982668476,0.1772988640303949
6,32.93539109887752,,,C-C torsion,delta(C1-C2-C3),angle,0.00816571017013652,-,-0.00015483794051180977,0.5760132793691867
6,32.93539109887752,,,C-C torsion,nu(C4-H17),bond,0.007886870070694796,-,-0.00019856510842773236,0.33829230452961256
6,32.93539109887752,,,C-C torsion,tau(C3-C2-C4-H16),dihedral,0.007221144137433765,+,0.00026501447287292007,0.17388420593529577
6,32.93539109887752,,,C-C torsion,delta(C2-C3-H13),angle,0.006227171834862729,-,-0.00014280691917378165,0.5163993140346653
6,32.93539109887752,,,C-C torsion,nu(C1-H11),bond,0.0054694184774734915,+,0.00016493457378688301,0.3400251612828106
6,32.93539109887752,,,C-C torsion,delta(H17-C4-H18),angle,0.004867935555614102,+,0.00017753010615400024,0.26121258767795735
6,32.93539109887752,,,C-C torsion,nu(C8-O9),bond,0.0048553098883345695,-,-9.775667730677961e-05,0.8592457588862482
6,32.93539109887752,,,C-C torsion,nu(C1-H10),bond,0.004089601888993478,-,-0.0001426866200302125,0.3397096146008398
6,32.93539109887752,,,C-C torsion,nu(C2-C5),bond,0.003967976292032734,-,-0.00016694434320600458,0.24077919590071512
6,32.93539109887752,,,C-C torsion,nu(C7-H20),bond,0.0033728384463003478,-,-0.00012801044549060723,0.3480951950804118
6,32.93539109887752,,,C-C torsion,delta(H14-C3-H15),angle,0.0029134040478150667,+,0.00010828685210870513,0.4201869577691483
6,32.93539109887752,,,C-C torsion,delta(C2-C3-H15),angle,0.0026188186338565547,-,-0.00011897979340157755,0.31286163337936146
6,32.93539109887752,,,C-C torsion,delta(H13-C3-H14),angle,0.0025921230272975227,+,9.758328807339228e-05,0.46036046686424154
6,32.93539109887752,,,C-C torsion,delta(C3-C2-C4),angle,0.00218012445553002,-,-9.212321571311939e-05,0.43444661207745067
6,32.93539109887752,,,C-C torsion,nu(C3-H15),bond,0.0012859673089025251,-,-8.056923263851381e-05,0.33503083561306585
6,32.93539109887752,,,C-C torsion,delta(H10-C1-H11),angle,0.0011067232483064078,+,8.272922223374433e-05,0.27347300138974184
6,32.93539109887752,,,C-C torsion,delta(C2-C1-H12),angle,0.0008613976109531367,-,-6.758131822602905e-05,0.3189654565728886
6,32.93539109887752,,,C-C torsion,nu(C7-C8),bond,0.0007642195422190192,-,-7.186371258778548e-05,0.25026040691544066
6,32.93539109887752,,,C-C torsion,nu(C3-H14),bond,0.0007581154570778861,+,6.159411865334887e-05,0.3379482234159411
6,32.93539109887752,,,C-C torsion,nu(C4-H16),bond,0.0005365399742443282,+,5.2022164821725906e-05,0.3352884162928494
6,32.93539109887752,,,C-C torsion,nu(C1-C2),bond,0.0003795225385942032,-,-4.8544357842669926e-05,0.27236629187229455
6,32.93539109887752,,,C-C torsion,nu(C4-H18),bond,6.5803890640256e-05,-,-1.8221165508949692e-05,0.33519117262733306
6,32.93539109887752,,,C-C torsion,nu(C3-H13),bond,5.172100696546576e-05,+,1.6150926476731233e-05,0.33532458692209965
6,32.93539109887752,,,C-C torsion,nu(C1-H12),bond,3.0423933974527132e-06,-,-3.9163668143673756e-06,0.33546093490188217
7,56.03060587049641,,,mixed C-C torsion / C-C-C bending,tau(C1-C2-C3-H14),dihedral,25.277320168260715,+,0.021415605729210644,0.43089959044862763
7,56.03060587049641,,,mixed C-C torsion / C-C-C bending,tau(C4-C2-C3-H15),dihedral,22.812105237122747,+,0.020108804690197258,0.44106097360664287
7,56.03060587049641,,,mixed C-C torsion / C-C-C bending,tau(C1-C2-C5-C7),dihedral,13.719812778970836,+,0.04966216289567074,0.04349133132405001
7,56.03060587049641,,,mixed C-C torsion / C-C-C bending,delta(C4-C2-C5),angle,10.713460765268923,+,0.012035237200679408,0.5782641285567409
7,56.03060587049641,,,mixed C-C torsion / C-C-C bending,delta(C3-C2-C5),angle,9.767030359375795,-,-0.011493975095772825,0.5779999640555233
7,56.03060587049641,,,mixed C-C torsion / C-C-C bending,tau(C1-C2-C4-H17),dihedral,6.150870698889243,+,0.016469037215486017,0.1772988640303949
7,56.03060587049641,,,mixed C-C torsion / C-C-C bending,tau(C3-C2-C4-H16),dihedral,5.472409344384818,+,0.015685996304964776,0.17388420593529577
7,56.03060587049641,,,mixed C-C torsion / C-C-C bending,tau(C2-C5-C7-C8),dihedral,1.921013045147339,+,0.030140711186263488,0.016532140990367292
7,56.03060587049641,,,mixed C-C torsion / C-C-C bending,"gamma(C7;C5,C2,O6)",oop,1.7452405869379943,-,-0.010593924659678533,0.12157585193261175
7,56.03060587049641,,,mixed C-C torsion / C-C-C bending,tau(H12-C1-C2-C5),dihedral,0.632961645785418,+,0.013945105784279224,0.02544717321698012
7,56.03060587049641,,,mixed C-C torsion / C-C-C bending,delta(C8-C7-H20),angle,0.3295181183721831,+,0.0028549067584144883,0.3160830584568552
7,56.03060587049641,,,mixed C-C torsion / C-C-C bending,delta(C2-C5-C7),angle,0.21011342573228625,+,0.001812874348999987,0.49983213360108397
7,56.03060587049641,,,mixed C-C torsion / C-C-C bending,delta(C5-C7-C8),angle,0.1834107712011844,-,-0.0021000533883099365,0.32513965682623924
7,56.03060587049641,,,mixed C-C torsion / C-C-C bending,delta(C7-C8-O9),angle,0.12153672732565701,+,0.001586628198604391,0.3774530837938862
7,56.03060587049641,,,mixed C-C torsion / C-C-C bending,"gamma(H16;C4,H17,H18)",oop,0.07911127617860123,+,0.0016621463959969008,0.22387501255021114
7,56.03060587049641,,,mixed C-C torsion / C-C-C bending,delta(H13-C3-H15),angle,0.07852142988432148,+,0.0011568582129277704,0.4587052477560685
7,56.03060587049641,,,mixed C-C torsion / C-C-C bending,nu(C2-C4),bond,0.07291277990256118,-,-0.001486367768098627,0.258022082351197
7,56.03060587049641,,,mixed C-C torsion / C-C-C bending,delta(C2-C3-H13),angle,0.05785344399524474,+,0.0009358897030522893,0.5163993140346653
7,56.03060587049641,,,mixed C-C torsion / C-C-C bending,delta(H13-C3-H14),angle,0.05749119458222202,+,0.0009881082927259428,0.46036046686424154
7,56.03060587049641,,,mixed C-C torsion / C-C-C bending,delta(C1-C2-C3),angle,0.05550536013281468,+,0.0008679687778319721,0.5760132793691867
7,56.03060587049641,,,mixed C-C torsion / C-C-C bending,delta(C5-C7-H20),angle,0.05385941661194254,+,0.0011446042548355262,0.3214080207257505
7,56.03060587049641,,,mixed C-C torsion / C-C-C bending,nu(C2-C3),bond,0.05167606214038723,+,0.0012517358633328045,0.25785158094323446
7,56.03060587049641,,,mixed C-C torsion / C-C-C bending,tau(H20-C7-C8-H21),dihedral,0.049912053863525874,-,-0.0054289264565754655,0.013239857220979551
7,56.03060587049641,,,mixed C-C torsion / C-C-C bending,delta(C2-C3-H15),angle,0.04780563832631768,-,-0.0010929902686628492,0.31286163337936146
7,56.03060587049641,,,mixed C-C torsion / C-C-C bending,delta(C2-C4-H16),angle,0.045935162840939216,+,0.0010702994239435127,0.31350209999061956
7,56.03060587049641,,,mixed C-C torsion / C-C-C bending,delta(C8-C7-H19),angle,0.04239547091260911,-,-0.0011627108814202013,0.24517815193377318
7,56.03060587049641,,,mixed C-C torsion / C-C-C bending,delta(C2-C4-H18),angle,0.032280010783337525,-,-0.0008109489483009198,0.38375356114596126
7,56.03060587049641,,,mixed C-C torsion / C-C-C bending,delta(H10-C1-H12),angle,0.03184119708288995,+,0.0009453327552606242,0.2785644886096331
7,56.03060587049641,,,mixed C-C torsion / C-C-C bending,delta(H11-C1-H12),angle,0.026919387850732657,-,-0.0008845809519870421,0.26896501294538183
7,56.03060587049641,,,mixed C-C torsion / C-C-C bending,nu(C7-C8),bond,0.020117026039122736,+,0.000792754479155502,0.25026040691544066
7,56.03060587049641,,,mixed C-C torsion / C-C-C bending,delta(C2-C1-H10),angle,0.01897999802603698,+,0.0006825481323076173,0.31851902309095165
7,56.03060587049641,,,mixed C-C torsion / C-C-C bending,delta(H19-C7-H20),angle,0.018285654827605764,-,-0.0007521547465893262,0.25269805183984145
7,56.03060587049641,,,mixed C-C torsion / C-C-C bending,delta(C2-C5-O6),angle,0.01768756078273453,-,-0.0005028910482562225,0.5467967349904848
7,56.03060587049641,,,mixed C-C torsion / C-C-C bending,nu(C3-H14),bond,0.017401106584519176,+,0.0006344775186328882,0.3379482234159411
7,56.03060587049641,,,mixed C-C torsion / C-C-C bending,nu(C1-H10),bond,0.014866134198959803,-,-0.000584922050562879,0.3397096146008398
7,56.03060587049641,,,mixed C-C torsion / C-C-C bending,delta(H17-C4-H18),angle,0.013232682659608959,-,-0.0006293319588261956,0.26121258767795735
7,56.03060587049641,,,mixed C-C torsion / C-C-C bending,nu(C1-H11),bond,0.012454981139801515,+,0.0005351418284073522,0.3400251612828106
7,56.03060587049641,,,mixed C-C torsion / C-C-C bending,nu(C4-H17),bond,0.011279181549405303,-,-0.0005105586317076932,0.33829230452961256
7,56.03060587049641,,,mixed C-C torsion / C-C-C bending,nu(C8-O9),bond,0.002901103010111509,-,-0.00016247096684585534,0.8592457588862482
7,56.03060587049641,,,mixed C-C torsion / C-C-C bending,delta(C3-C2-C4),angle,0.002273014607477124,+,0.00020224872601138323,0.43444661207745067
7,56.03060587049641,,,mixed C-C torsion / C-C-C bending,nu(C3-H15),bond,0.002259384549759353,-,-0.0002296178127576562,0.33503083561306585
7,56.03060587049641,,,mixed C-C torsion / C-C-C bending,nu(C7-H19),bond,0.0014660908601726705,+,0.00018656299087632162,0.32931815426212097
7,56.03060587049641,,,mixed C-C torsion / C-C-C bending,nu(C5-C7),bond,0.0009067907149608177,-,-0.00017364368520912535,0.2351228587387024
7,56.03060587049641,,,mixed C-C torsion / C-C-C bending,nu(C1-C2),bond,0.000809800429117323,+,0.00015246326322199813,0.27236629187229455
7,56.03060587049641,,,mixed C-C torsion / C-C-C bending,nu(C8-H21),bond,0.0007550378971956284,-,-0.00013882540838630074,0.30629267332827326
7,56.03060587049641,,,mixed C-C torsion / C-C-C bending,nu(C5-O6),bond,0.0007532620926492804,+,8.462241051679472e-05,0.8223962194579738
7,56.03060587049641,,,mixed C-C torsion / C-C-C bending,nu(C4-H16),bond,0.0007087817558818072,+,0.00012855822842140307,0.3352884162928494
7,56.03060587049641,,,mixed C-C torsion / C-C-C bending,nu(C7-H20),bond,0.00041545405228810743,+,9.659738596925926e-05,0.3480951950804118
7,56.03060587049641,,,mixed C-C torsion / C-C-C bending,nu(C3-H13),bond,0.00034149164712219386,+,8.922986423630663e-05,0.33532458692209965
7,56.03060587049641,,,mixed C-C torsion / C-C-C bending,nu(C4-H18),bond,0.00032005853719706127,-,-8.64015055748179e-05,0.33519117262733306
7,56.03060587049641,,,mixed C-C torsion / C-C-C bending,delta(H14-C3-H15),angle,0.0002953188707722722,+,7.41271331415208e-05,0.4201869577691483
7,56.03060587049641,,,mixed C-C torsion / C-C-C bending,"gamma(H21;C8,C7,O9)",oop,0.0001962921582895076,-,-0.00012841169437550072,0.09306782716686272
7,56.03060587049641,,,mixed C-C torsion / C-C-C bending,delta(O9-C8-H21),angle,0.00018792894502511168,+,7.067547412627971e-05,0.2941453531375008
7,56.03060587049641,,,mixed C-C torsion / C-C-C bending,nu(C2-C5),bond,0.00014388858681850614,+,6.835284292633829e-05,0.24077919590071512
7,56.03060587049641,,,mixed C-C torsion / C-C-C bending,delta(C2-C1-H12),angle,0.00011177954114981421,+,5.234343552114876e-05,0.3189654565728886
7,56.03060587049641,,,mixed C-C torsion / C-C-C bending,delta(H10-C1-H11),angle,2.516807403525701e-05,-,-2.6823821570635468e-05,0.27347300138974184
7,56.03060587049641,,,mixed C-C torsion / C-C-C bending,nu(C1-H12),bond,1.4699986050803595e-06,+,5.853159696766888e-06,0.33546093490188217
8,99.17367549197512,,,mixed C-C torsion / C-C-C bending,tau(H20-C7-C8-H21),dihedral,28.604789801477168,-,-0.11603936428685709,0.013239857220979551
8,99.17367549197512,,,mixed C-C torsion / C-C-C bending,delta(C5-C7-C8),angle,11.746167608936004,+,0.015005163661638536,0.32513965682623924
8,99.17367549197512,,,mixed C-C torsion / C-C-C bending,tau(C1-C2-C5-C7),dihedral,10.060081452886319,+,0.037968812001291395,0.04349133132405001
8,99.17367549197512,,,mixed C-C torsion / C-C-C bending,tau(C2-C5-C7-C8),dihedral,8.659213946826265,-,-0.05713500848137298,0.016532140990367292
8,99.17367549197512,,,mixed C-C torsion / C-C-C bending,delta(C8-C7-H19),angle,8.234547837849922,-,-0.0144679369078604,0.24517815193377318
8,99.17367549197512,,,mixed C-C torsion / C-C-C bending,tau(C1-C2-C3-H14),dihedral,6.246472040806903,+,0.009505106141484665,0.43089959044862763
8,99.17367549197512,,,mixed C-C torsion / C-C-C bending,tau(C1-C2-C4-H17),dihedral,5.425556045798048,+,0.013810098045007822,0.1772988640303949
8,99.17367549197512,,,mixed C-C torsion / C-C-C bending,tau(C4-C2-C3-H15),dihedral,5.301495623648329,+,0.008655207797958805,0.44106097360664287
8,99.17367549197512,,,mixed C-C torsion / C-C-C bending,"gamma(H21;C8,C7,O9)",oop,4.509873496696225,+,0.01737840859559458,0.09306782716686272
8,99.17367549197512,,,mixed C-C torsion / C-C-C bending,tau(C3-C2-C4-H16),dihedral,4.074208140664114,+,0.01208423463573717,0.17388420593529577
8,99.17367549197512,,,mixed C-C torsion / C-C-C bending,delta(C5-C7-H20),angle,2.375189593675228,+,0.006786539748530696,0.3214080207257505
8,99.17367549197512,,,mixed C-C torsion / C-C-C bending,delta(H19-C7-H20),angle,1.0152754069956258,-,-0.005004014940155131,0.25269805183984145
8,99.17367549197512,,,mixed C-C torsion / C-C-C bending,nu(C5-C7),bond,0.7625545385932454,-,-0.004495889615449746,0.2351228587387024
8,99.17367549197512,,,mixed C-C torsion / C-C-C bending,delta(C3-C2-C5),angle,0.6512604360545541,-,-0.002649970586446476,0.5779999640555233
8,99.17367549197512,,,mixed C-C torsion / C-C-C bending,delta(C2-C5-C7),angle,0.6156730220915948,+,0.0027707069034935057,0.49983213360108397
8,99.17367549197512,,,mixed C-C torsion / C-C-C bending,nu(C7-C8),bond,0.41174249225777865,+,0.0032021699866124262,0.25026040691544066
8,99.17367549197512,,,mixed C-C torsion / C-C-C bending,delta(C4-C2-C5),angle,0.32756179328244356,+,0.0018789321824171934,0.5782641285567409
8,99.17367549197512,,,mixed C-C torsion / C-C-C bending,delta(C8-C7-H20),angle,0.2360508590837103,-,-0.0021573956291899227,0.3160830584568552
8,99.17367549197512,,,mixed C-C torsion / C-C-C bending,tau(H12-C1-C2-C5),dihedral,0.0899211139047234,+,0.004692871660476349,0.02544717321698012
8,99.17367549197512,,,mixed C-C torsion / C-C-C bending,delta(C2-C5-O6),angle,0.08267475722597074,-,-0.0009707359627002596,0.5467967349904848
8,99.17367549197512,,,mixed C-C torsion / C-C-C bending,delta(C7-C8-O9),angle,0.06480733408708367,-,-0.0010344468958934847,0.3774530837938862
8,99.17367549197512,,,mixed C-C torsion / C-C-C bending,"gamma(C7;C5,C2,O6)",oop,0.05458509114929721,+,0.0016727882548554858,0.12157585193261175
8,99.17367549197512,,,mixed C-C torsion / C-C-C bending,nu(C8-H21),bond,0.05310739506809932,+,0.0010395294728233538,0.30629267332827326
8,99.17367549197512,,,mixed C-C torsion / C-C-C bending,nu(C5-O6),bond,0.044662441699860334,+,0.0005817793336594782,0.8223962194579738
8,99.17367549197512,,,mixed C-C torsion / C-C-C bending,delta(O9-C8-H21),angle,0.02999946195270746,+,0.0007972661919304185,0.2941453531375008
8,99.17367549197512,,,mixed C-C torsion / C-C-C bending,delta(C2-C4-H16),angle,0.028751536658974463,+,0.0007560280601037759,0.31350209999061956
8,99.17367549197512,,,mixed C-C torsion / C-C-C bending,"gamma(H16;C4,H17,H18)",oop,0.0283741422432984,+,0.0008887634180850348,0.22387501255021114
8,99.17367549197512,,,mixed C-C torsion / C-C-C bending,delta(H17-C4-H18),angle,0.02702381013180146,-,-0.0008029783779486017,0.26121258767795735
8,99.17367549197512,,,mixed C-C torsion / C-C-C bending,delta(H13-C3-H15),angle,0.026466621659436803,+,0.0005996668088720465,0.4587052477560685
8,99.17367549197512,,,mixed C-C torsion / C-C-C bending,nu(C8-O9),bond,0.025908646201927347,-,-0.00043350216721987786,0.8592457588862482
8,99.17367549197512,,,mixed C-C torsion / C-C-C bending,delta(C2-C4-H18),angle,0.024382895462245698,+,0.0006292801612757502,0.38375356114596126
8,99.17367549197512,,,mixed C-C torsion / C-C-C bending,nu(C7-H19),bond,0.023468967674711485,+,0.000666448766405916,0.32931815426212097
8,99.17367549197512,,,mixed C-C torsion / C-C-C bending,delta(C2-C3-H15),angle,0.02243629454612196,-,-0.0006685394251679959,0.31286163337936146
8,99.17367549197512,,,mixed C-C torsion / C-C-C bending,nu(C2-C4),bond,0.017401555577038468,-,-0.0006483256585675865,0.258022082351197
8,99.17367549197512,,,mixed C-C torsion / C-C-C bending,delta(C2-C3-H13),angle,0.015426507753484267,+,0.000431487872554095,0.5163993140346653
8,99.17367549197512,,,mixed C-C torsion / C-C-C bending,nu(C7-H20),bond,0.01250946046112785,+,0.0004732579154415447,0.3480951950804118
8,99.17367549197512,,,mixed C-C torsion / C-C-C bending,delta(H13-C3-H14),angle,0.010776791996617293,+,0.0003819648074137472,0.46036046686424154
8,99.17367549197512,,,mixed C-C torsion / C-C-C bending,nu(C2-C3),bond,0.009059294030214155,+,0.000467939697327339,0.25785158094323446
8,99.17367549197512,,,mixed C-C torsion / C-C-C bending,delta(H11-C1-H12),angle,0.009032557418116939,-,-0.00045749366172536976,0.26896501294538183
8,99.17367549197512,,,mixed C-C torsion / C-C-C bending,nu(C4-H16),bond,0.007421054548530974,+,0.0003714079097764355,0.3352884162928494
8,99.17367549197512,,,mixed C-C torsion / C-C-C bending,delta(H10-C1-H12),angle,0.007269271041802137,+,0.00040328323349788785,0.2785644886096331
8,99.17367549197512,,,mixed C-C torsion / C-C-C bending,nu(C1-H11),bond,0.005681846682158218,+,0.000322713281161698,0.3400251612828106
8,99.17367549197512,,,mixed C-C torsion / C-C-C bending,nu(C1-H10),bond,0.004925392287176115,-,-0.0003006035499383498,0.3397096146008398
8,99.17367549197512,,,mixed C-C torsion / C-C-C bending,delta(C1-C2-C3),angle,0.003976874024322172,-,-0.00020743511693422314,0.5760132793691867
8,99.17367549197512,,,mixed C-C torsion / C-C-C bending,delta(C3-C2-C4),angle,0.0032646595120062196,-,-0.0002164105110062802,0.43444661207745067
8,99.17367549197512,,,mixed C-C torsion / C-C-C bending,nu(C3-H14),bond,0.002716748415693032,+,0.00022383460968402658,0.3379482234159411
8,99.17367549197512,,,mixed C-C torsion / C-C-C bending,nu(C3-H15),bond,0.0017546035795466854,-,-0.00018066529169803662,0.33503083561306585
8,99.17367549197512,,,mixed C-C torsion / C-C-C bending,delta(C2-C1-H12),angle,0.001581892661187692,+,0.00017581029022472572,0.3189654565728886
8,99.17367549197512,,,mixed C-C torsion / C-C-C bending,delta(H10-C1-H11),angle,0.0012581543270644062,-,-0.00016933133821738465,0.27347300138974184
8,99.17367549197512,,,mixed C-C torsion / C-C-C bending,nu(C3-H13),bond,0.0004235528881399596,+,8.872555731024452e-05,0.33532458692209965
8,99.17367549197512,,,mixed C-C torsion / C-C-C bending,delta(C2-C1-H10),angle,0.00031937066144913047,+,7.905101174895669e-05,0.31851902309095165
8,99.17367549197512,,,mixed C-C torsion / C-C-C bending,nu(C4-H18),bond,0.00029273649209989505,-,-7.377679030344052e-05,0.33519117262733306
8,99.17367549197512,,,mixed C-C torsion / C-C-C bending,delta(H14-C3-H15),angle,0.00025154808465413167,-,-6.108250436474148e-05,0.4201869577691483
8,99.17367549197512,,,mixed C-C torsion / C-C-C bending,nu(C2-C5),bond,0.0002308062052708738,+,7.72933039420586e-05,0.24077919590071512
8,99.17367549197512,,,mixed C-C torsion / C-C-C bending,nu(C1-C2),bond,7.08763738849345e-05,+,4.027185898539003e-05,0.27236629187229455
8,99.17367549197512,,,mixed C-C torsion / C-C-C bending,nu(C4-H17),bond,4.708936174868611e-05,+,2.9453909907436036e-05,0.33829230452961256
8,99.17367549197512,,,mixed C-C torsion / C-C-C bending,nu(C1-H12),bond,2.270832693560251e-05,+,2.0539941576437774e-05,0.33546093490188217
9,179.81418069538077,,,C-C torsion,tau(C1-C2-C3-H14),dihedral,29.80852339380894,+,0.09587740158082206,0.43089959044862763
9,179.81418069538077,,,C-C torsion,tau(C4-C2-C3-H15),dihedral,29.051356428168976,+,0.09355520527375909,0.44106097360664287
9,179.81418069538077,,,C-C torsion,tau(C3-C2-C4-H16),dihedral,11.71910339210118,+,0.09463486986963969,0.17388420593529577
9,179.81418069538077,,,C-C torsion,tau(C1-C2-C4-H17),dihedral,11.656607132821945,+,0.09346890777445949,0.1772988640303949
9,179.81418069538077,,,C-C torsion,delta(C3-C2-C5),angle,6.173447624434835,+,0.037673332863186686,0.5779999640555233
9,179.81418069538077,,,C-C torsion,delta(C4-C2-C5),angle,4.436747816322532,-,-0.03193032289729484,0.5782641285567409
9,179.81418069538077,,,C-C torsion,"gamma(C7;C5,C2,O6)",oop,2.9141223256662436,+,0.0564370484440288,0.12157585193261175
9,179.81418069538077,,,C-C torsion,delta(C5-C7-C8),angle,2.1813331112386525,-,-0.02985795704555745,0.32513965682623924
9,179.81418069538077,,,C-C torsion,delta(C2-C5-C7),angle,0.7178185374329985,+,0.013814313669033107,0.49983213360108397
9,179.81418069538077,,,C-C torsion,delta(C5-C7-H20),angle,0.3098009567222391,+,0.011317410968353977,0.3214080207257505
9,179.81418069538077,,,C-C torsion,tau(H20-C7-C8-H21),dihedral,0.26163834753020754,-,-0.05124401061488302,0.013239857220979551
9,179.81418069538077,,,C-C torsion,delta(C8-C7-H20),angle,0.2244418490303391,+,0.009713715377684826,0.3160830584568552
9,179.81418069538077,,,C-C torsion,delta(C7-C8-O9),angle,0.11149146238761454,+,0.006265033269392479,0.3774530837938862
9,179.81418069538077,,,C-C torsion,delta(C2-C5-O6),angle,0.07567389578025999,-,-0.004288388813810615,0.5467967349904848
9,179.81418069538077,,,C-C torsion,nu(C7-C8),bond,0.054516158587134426,+,0.005380227184344906,0.25026040691544066
9,179.81418069538077,,,C-C torsion,tau(H12-C1-C2-C5),dihedral,0.053447772940923025,+,0.016706254705578724,0.02544717321698012
9,179.81418069538077,,,C-C torsion,nu(C5-C7),bond,0.04783402842263007,-,-0.00519942258666193,0.2351228587387024
9,179.81418069538077,,,C-C torsion,tau(C1-C2-C5-C7),dihedral,0.0322521528869528,+,0.009926863917690392,0.04349133132405001
9,179.81418069538077,,,C-C torsion,nu(C2-C3),bond,0.0280511060592098,-,-0.00380210547385634,0.25785158094323446
9,179.81418069538077,,,C-C torsion,tau(C2-C5-C7-C8),dihedral,0.020023070214976346,-,-0.012686296270449425,0.016532140990367292
9,179.81418069538077,,,C-C torsion,"gamma(H21;C8,C7,O9)",oop,0.01609035387901707,-,-0.004793106458470977,0.09306782716686272
9,179.81418069538077,,,C-C torsion,delta(C3-C2-C4),angle,0.015149125828532502,-,-0.002152581698667119,0.43444661207745067
9,179.81418069538077,,,C-C torsion,nu(C8-O9),bond,0.014411413257196538,-,-0.0014928928978960386,0.8592457588862482
9,179.81418069538077,,,C-C torsion,nu(C2-C4),bond,0.013566311021911331,+,0.002643239473756194,0.258022082351197
9,179.81418069538077,,,C-C torsion,delta(C2-C1-H10),angle,0.01094319897114664,-,-0.002136675276855094,0.31851902309095165
9,179.81418069538077,,,C-C torsion,delta(C2-C4-H16),angle,0.009512356960901018,+,0.0020079731767363557,0.31350209999061956
9,179.81418069538077,,,C-C torsion,nu(C5-O6),bond,0.00699379725006481,+,0.0010630410390786314,0.8223962194579738
9,179.81418069538077,,,C-C torsion,delta(C2-C3-H13),angle,0.0051925705245589315,-,-0.0011559324032139242,0.5163993140346653
9,179.81418069538077,,,C-C torsion,delta(O9-C8-H21),angle,0.0046922683746862615,+,0.0014559433946786744,0.2941453531375008
9,179.81418069538077,,,C-C torsion,delta(H17-C4-H18),angle,0.004686691156337656,+,0.0015440813643652872,0.26121258767795735
9,179.81418069538077,,,C-C torsion,delta(C2-C1-H12),angle,0.00399795990127591,+,0.0012905696728898982,0.3189654565728886
9,179.81418069538077,,,C-C torsion,delta(H19-C7-H20),angle,0.00297109080797279,+,0.0012499455091492505,0.25269805183984145
9,179.81418069538077,,,C-C torsion,delta(H13-C3-H14),angle,0.0023185099484427443,-,-0.0008180682460597151,0.46036046686424154
9,179.81418069538077,,,C-C torsion,delta(H13-C3-H15),angle,0.0022863972271809137,+,0.0008138475353637055,0.4587052477560685
9,179.81418069538077,,,C-C torsion,nu(C2-C5),bond,0.0019071356513663206,-,-0.0010259244428021167,0.24077919590071512
9,179.81418069538077,,,C-C torsion,delta(C2-C4-H18),angle,0.0016330279588882323,+,0.0007519771868935931,0.38375356114596126
9,179.81418069538077,,,C-C torsion,nu(C3-H14),bond,0.0008992478849779323,+,0.0005946325699310795,0.3379482234159411
9,179.81418069538077,,,C-C torsion,delta(H10-C1-H11),angle,0.0007470397137182389,-,-0.0006024883881384778,0.27347300138974184
9,179.81418069538077,,,C-C torsion,delta(H11-C1-H12),angle,0.0006637676157625431,+,0.0005726565062187844,0.26896501294538183
9,179.81418069538077,,,C-C torsion,nu(C7-H20),bond,0.0005406465047589019,+,0.00045429896784100125,0.3480951950804118
9,179.81418069538077,,,C-C torsion,delta(H14-C3-H15),angle,0.0004924729358143538,-,-0.00039464260095219627,0.4201869577691483
9,179.81418069538077,,,C-C torsion,nu(C3-H15),bond,0.0003375436466686707,-,-0.00036589514192399597,0.33503083561306585
9,179.81418069538077,,,C-C torsion,nu(C8-H21),bond,0.0003200583038806194,-,-0.0003726321395136256,0.30629267332827326
9,179.81418069538077,,,C-C torsion,nu(C4-H16),bond,0.00031563710154766737,+,0.00035368676857149716,0.3352884162928494
9,179.81418069538077,,,C-C torsion,nu(C3-H13),bond,0.00022344684558699607,+,0.0002975695440022456,0.33532458692209965
9,179.81418069538077,,,C-C torsion,"gamma(H16;C4,H17,H18)",oop,0.0002110029191347749,-,-0.00035389586214336864,0.22387501255021114
9,179.81418069538077,,,C-C torsion,nu(C1-H11),bond,0.00020753547207652147,-,-0.00028478998029182967,0.3400251612828106
9,179.81418069538077,,,C-C torsion,nu(C4-H18),bond,0.00019945948785481826,-,-0.0002811998780096322,0.33519117262733306
9,179.81418069538077,,,C-C torsion,nu(C7-H19),bond,0.00010997838354048007,-,-0.0002106589398785992,0.32931815426212097
9,179.81418069538077,,,C-C torsion,delta(C8-C7-H19),angle,5.816077283190431e-05,+,0.00017754492603778987,0.24517815193377318
9,179.81418069538077,,,C-C torsion,delta(H10-C1-H12),angle,3.9540065453790795e-05,+,0.00013733773499131292,0.2785644886096331
9,179.81418069538077,,,C-C torsion,delta(C2-C3-H15),angle,3.1262763489207714e-05,+,0.00011523160021109889,0.31286163337936146
9,179.81418069538077,,,C-C torsion,nu(C1-H10),bond,6.657457583964494e-06,+,5.103103178416053e-05,0.3397096146008398
9,179.81418069538077,,,C-C torsion,nu(C1-C2),bond,6.280690088081166e-06,+,5.535553692778228e-05,0.27236629187229455
9,179.81418069538077,,,C-C torsion,nu(C1-H12),bond,5.653745279972068e-06,-,-4.732397400793264e-05,0.33546093490188217
9,179.81418069538077,,,C-C torsion,delta(C1-C2-C3),angle,1.8228997739484826e-06,-,-2.0506862159066344e-05,0.5760132793691867
9,179.81418069538077,,,C-C torsion,nu(C4-H17),bond,1.3511906859064644e-08,-,-2.3038082369757854e-06,0.33829230452961256
10,202.23621217452592,,,C-C torsion,tau(C4-C2-C3-H15),dihedral,37.673020933777174,-,-0.1588084715605168,0.44106097360664287
10,202.23621217452592,,,C-C torsion,tau(C1-C2-C3-H14),dihedral,37.41586822218065,-,-0.1601207558000843,0.43089959044862763
10,202.23621217452592,,,C-C torsion,tau(C1-C2-C4-H17),dihedral,10.768302496142587,-,-0.1339147470583262,0.1772988640303949
10,202.23621217452592,,,C-C torsion,tau(C3-C2-C4-H16),dihedral,9.708431956718718,-,-0.12839621925952144,0.17388420593529577
10,202.23621217452592,,,C-C torsion,tau(H12-C1-C2-C5),dihedral,1.5452148004518047,-,-0.13390056668387496,0.02544717321698012
10,202.23621217452592,,,C-C torsion,delta(C5-C7-C8),angle,1.240642962637758,-,-0.03356573759438977,0.32513965682623924
10,202.23621217452592,,,C-C torsion,delta(C2-C5-C7),angle,0.5246376860170082,+,0.017604569680836894,0.49983213360108397
10,202.23621217452592,,,C-C torsion,"gamma(C7;C5,C2,O6)",oop,0.19483933285064062,+,0.021753163021682544,0.12157585193261175
10,202.23621217452592,,,C-C torsion,delta(C8-C7-H20),angle,0.16482482695128342,+,0.012408476516469933,0.3160830584568552
10,202.23621217452592,,,C-C torsion,delta(C5-C7-H20),angle,0.1608611656536301,+,0.012156400756647728,0.3214080207257505
10,202.23621217452592,,,C-C torsion,delta(C3-C2-C5),angle,0.08225156819339793,+,0.006482103275608981,0.5779999640555233
10,202.23621217452592,,,C-C torsion,tau(H20-C7-C8-H21),dihedral,0.07601283963892053,-,-0.041172722577962256,0.013239857220979551
10,202.23621217452592,,,C-C torsion,delta(C7-C8-O9),angle,0.07413964495350418,+,0.0076155543232746,0.3774530837938862
10,202.23621217452592,,,C-C torsion,delta(C1-C2-C3),angle,0.05381203697897627,+,0.005252078716035971,0.5760132793691867
10,202.23621217452592,,,C-C torsion,delta(C2-C5-O6),angle,0.05136451538376457,-,-0.005266552278031238,0.5467967349904848
10,202.23621217452592,,,C-C torsion,tau(C2-C5-C7-C8),dihedral,0.04102284838956674,-,-0.02706799665670519,0.016532140990367292
10,202.23621217452592,,,C-C torsion,delta(C2-C3-H15),angle,0.03517424579881794,+,0.005761611903493783,0.31286163337936146
10,202.23621217452592,,,C-C torsion,delta(C3-C2-C4),angle,0.03390105476771558,-,-0.0048000543662525255,0.43444661207745067
10,202.23621217452592,,,C-C torsion,nu(C5-C7),bond,0.032431390280105415,-,-0.006381798901809072,0.2351228587387024
10,202.23621217452592,,,C-C torsion,delta(C4-C2-C5),angle,0.017577221044683167,+,0.0029958477544824265,0.5782641285567409
10,202.23621217452592,,,C-C torsion,nu(C7-C8),bond,0.015789617814237124,+,0.004316159588912082,0.25026040691544066
10,202.23621217452592,,,C-C torsion,delta(H19-C7-H20),angle,0.012027245517261231,+,0.0037487795293783804,0.25269805183984145
10,202.23621217452592,,,C-C torsion,delta(C2-C3-H13),angle,0.011240866525246357,-,-0.002535215173806661,0.5163993140346653
10,202.23621217452592,,,C-C torsion,delta(H11-C1-H12),angle,0.008443977447485476,+,0.0030446221000678436,0.26896501294538183
10,202.23621217452592,,,C-C torsion,delta(H13-C3-H15),angle,0.008386593824579507,-,-0.002323452022450811,0.4587052477560685
10,202.23621217452592,,,C-C torsion,nu(C8-O9),bond,0.008221752276971512,-,-0.0016808588820822676,0.8592457588862482
10,202.23621217452592,,,C-C torsion,"gamma(H21;C8,C7,O9)",oop,0.006615574230676634,-,-0.004581331779546129,0.09306782716686272
10,202.23621217452592,,,C-C torsion,delta(H13-C3-H14),angle,0.005159146685040726,+,0.0018190627700248353,0.46036046686424154
10,202.23621217452592,,,C-C torsion,delta(H10-C1-H12),angle,0.00312035026075392,-,-0.001818639232928279,0.2785644886096331
10,202.23621217452592,,,C-C torsion,nu(C5-O6),bond,0.002910886455033239,+,0.0010223034781802955,0.8223962194579738
10,202.23621217452592,,,C-C torsion,delta(C2-C1-H12),angle,0.002886362303313091,+,0.0016345994716628549,0.3189654565728886
10,202.23621217452592,,,C-C torsion,delta(H14-C3-H15),angle,0.002796902636352152,+,0.0014019261880172604,0.4201869577691483
10,202.23621217452592,,,C-C torsion,delta(C2-C4-H18),angle,0.0021888002199368377,+,0.0012977307961275718,0.38375356114596126
10,202.23621217452592,,,C-C torsion,nu(C2-C5),bond,0.002058636025598495,-,-0.001588868894105044,0.24077919590071512
10,202.23621217452592,,,C-C torsion,delta(C2-C4-H16),angle,0.0020572245386698963,-,-0.001391965204613848,0.31350209999061956
10,202.23621217452592,,,C-C torsion,nu(C1-H11),bond,0.0020301596985312785,-,-0.001327753123720484,0.3400251612828106
10,202.23621217452592,,,C-C torsion,"gamma(H16;C4,H17,H18)",oop,0.0019779425590023877,-,-0.00161514599325502,0.22387501255021114
10,202.23621217452592,,,C-C torsion,delta(H17-C4-H18),angle,0.0017747436630129317,-,-0.001416375887551322,0.26121258767795735
10,202.23621217452592,,,C-C torsion,nu(C1-H10),bond,0.001243318167558934,+,0.0010395490333361106,0.3397096146008398
10,202.23621217452592,,,C-C torsion,delta(O9-C8-H21),angle,0.001091025110470295,+,0.0010465118143076777,0.2941453531375008
10,202.23621217452592,,,C-C torsion,delta(H10-C1-H11),angle,0.0007621257967544304,-,-0.0009071181589654932,0.27347300138974184
10,202.23621217452592,,,C-C torsion,nu(C3-H14),bond,0.0007164607568302527,+,0.0007911865181750222,0.3379482234159411
10,202.23621217452592,,,C-C torsion,nu(C7-H19),bond,0.0005615758886452005,-,-0.0007095845461853341,0.32931815426212097
10,202.23621217452592,,,C-C torsion,nu(C7-H20),bond,0.00042212025858486874,+,0.0005983796864539362,0.3480951950804118
10,202.23621217452592,,,C-C torsion,tau(C1-C2-C5-C7),dihedral,0.00042103898793832066,+,0.0016907039365198473,0.04349133132405001
10,202.23621217452592,,,C-C torsion,nu(C4-H16),bond,0.00018933269360202568,-,-0.000408330001620548,0.3352884162928494
10,202.23621217452592,,,C-C torsion,nu(C3-H15),bond,0.00017976125895031336,+,0.00039802781141164264,0.33503083561306585
10,202.23621217452592,,,C-C torsion,nu(C4-H17),bond,0.00012986180007520094,+,0.00033666844134500724,0.33829230452961256
10,202.23621217452592,,,C-C torsion,nu(C2-C4),bond,0.00011837598882359052,-,-0.0003680536511419516,0.258022082351197
10,202.23621217452592,,,C-C torsion,delta(C8-C7-H19),angle,5.200069892655618e-05,-,-0.0002502484897841908,0.24517815193377318
10,202.23621217452592,,,C-C torsion,nu(C4-H18),bond,3.550432479658604e-05,+,0.00017684879333506958,0.33519117262733306
10,202.23621217452592,,,C-C torsion,nu(C1-C2),bond,2.332077079244552e-05,+,0.00015900197893017835,0.27236629187229455
10,202.23621217452592,,,C-C torsion,nu(C3-H13),bond,1.769705179757987e-05,-,-0.00012483188262021243,0.33532458692209965
10,202.23621217452592,,,C-C torsion,nu(C1-H12),bond,1.0205402760249222e-05,-,-9.47767596470201e-05,0.33546093490188217
10,202.23621217452592,,,C-C torsion,delta(C2-C1-H10),angle,4.915693229406733e-06,+,6.750445837104558e-05,0.31851902309095165
10,202.23621217452592,,,C-C torsion,nu(C2-C3),bond,2.571240073203607e-06,+,5.4261797106230604e-05,0.25785158094323446
10,202.23621217452592,,,C-C torsion,nu(C8-H21),bond,2.5661697898182625e-07,-,-1.5728313178996156e-05,0.30629267332827326
11,242.5095162309113,,,C-C torsion,tau(C4-C2-C3-H15),dihedral,34.84830656424059,-,-0.12850617154917007,0.44106097360664287
11,242.5095162309113,,,C-C torsion,tau(C1-C2-C3-H14),dihedral,31.713972099444344,-,-0.12402800015247883,0.43089959044862763
11,242.5095162309113,,,C-C torsion,tau(C3-C2-C4-H16),dihedral,12.513313026765248,+,0.12264180906129639,0.17388420593529577
11,242.5095162309113,,,C-C torsion,tau(C1-C2-C4-H17),dihedral,11.7302284692694,+,0.11759333865588208,0.1772988640303949
11,242.5095162309113,,,C-C torsion,tau(H12-C1-C2-C5),dihedral,3.406595132510543,+,0.16727188446576657,0.02544717321698012
11,242.5095162309113,,,C-C torsion,delta(C4-C2-C5),angle,2.702665264330329,+,0.03125470942225274,0.5782641285567409
11,242.5095162309113,,,C-C torsion,delta(C2-C5-C7),angle,0.6298128569057058,+,0.016228416168721328,0.49983213360108397
11,242.5095162309113,,,C-C torsion,delta(C3-C2-C5),angle,0.4311015798329771,-,-0.012485569698656756,0.5779999640555233
11,242.5095162309113,,,C-C torsion,delta(C1-C2-C3),angle,0.3646441128506863,+,0.011502727121519686,0.5760132793691867
11,242.5095162309113,,,C-C torsion,delta(C5-C7-C8),angle,0.35374166408929636,-,-0.015079626944492538,0.32513965682623924
11,242.5095162309113,,,C-C torsion,delta(C2-C5-O6),angle,0.27612163567682585,-,-0.010273530728148784,0.5467967349904848
11,242.5095162309113,,,C-C torsion,delta(C3-C2-C4),angle,0.24495784344795593,-,-0.010855752403574621,0.43444661207745067
11,242.5095162309113,,,C-C torsion,"gamma(C7;C5,C2,O6)",oop,0.16446021510067796,-,-0.016814704059533225,0.12157585193261175
11,242.5095162309113,,,C-C torsion,tau(C1-C2-C5-C7),dihedral,0.09606417014972943,-,-0.021486309563568427,0.04349133132405001
11,242.5095162309113,,,C-C torsion,delta(C2-C4-H16),angle,0.08878399832598716,+,0.007693599669460009,0.31350209999061956
11,242.5095162309113,,,C-C torsion,delta(C2-C3-H15),angle,0.08122903180578918,+,0.007366512771069648,0.31286163337936146
11,242.5095162309113,,,C-C torsion,tau(C2-C5-C7-C8),dihedral,0.07292288015440906,-,-0.030363359265557697,0.016532140990367292
11,242.5095162309113,,,C-C torsion,nu(C5-C7),bond,0.06403021920636774,-,-0.007544449041471867,0.2351228587387024
11,242.5095162309113,,,C-C torsion,delta(H19-C7-H20),angle,0.041791952832652635,+,0.005879330138545327,0.25269805183984145
11,242.5095162309113,,,C-C torsion,delta(C2-C4-H18),angle,0.03489537932353492,-,-0.004359535458378236,0.38375356114596126
11,242.5095162309113,,,C-C torsion,delta(H10-C1-H12),angle,0.02310097181412674,+,0.004163271285211356,0.2785644886096331
11,242.5095162309113,,,C-C torsion,delta(C8-C7-H19),angle,0.018427446150087946,+,0.003963457025870871,0.24517815193377318
11,242.5095162309113,,,C-C torsion,delta(C2-C1-H12),angle,0.016362553086789047,+,0.003274433464053434,0.3189654565728886
11,242.5095162309113,,,C-C torsion,"gamma(H21;C8,C7,O9)",oop,0.009642949230914495,-,-0.00465358461169613,0.09306782716686272
11,242.5095162309113,,,C-C torsion,delta(C5-C7-H20),angle,0.008074684563236066,+,0.002291484318424176,0.3214080207257505
11,242.5095162309113,,,C-C torsion,delta(H13-C3-H15),angle,0.007169029293265743,-,-0.0018073646554827576,0.4587052477560685
11,242.5095162309113,,,C-C torsion,delta(H10-C1-H11),angle,0.007152563649681065,-,-0.002338062406412345,0.27347300138974184
11,242.5095162309113,,,C-C torsion,delta(H17-C4-H18),angle,0.00603142399798227,+,0.0021968243866269553,0.26121258767795735
11,242.5095162309113,,,C-C torsion,delta(C8-C7-H20),angle,0.005604008714307608,+,0.001925002302787415,0.3160830584568552
11,242.5095162309113,,,C-C torsion,nu(C8-O9),bond,0.0044217016213559494,-,-0.0010370948548872334,0.8592457588862482
11,242.5095162309113,,,C-C torsion,nu(C7-C8),bond,0.0031703636188097966,-,-0.001627199966066605,0.25026040691544066
11,242.5095162309113,,,C-C torsion,delta(H11-C1-H12),angle,0.003151527039021111,-,-0.001564930609986674,0.26896501294538183
11,242.5095162309113,,,C-C torsion,nu(C2-C5),bond,0.0030638058558233807,-,-0.0016308108903431717,0.24077919590071512
11,242.5095162309113,,,C-C torsion,nu(C5-O6),bond,0.0027785291629699037,+,0.0008403290726788173,0.8223962194579738
11,242.5095162309113,,,C-C torsion,delta(H13-C3-H14),angle,0.002747355572657414,+,0.001116839811041742,0.46036046686424154
11,242.5095162309113,,,C-C torsion,nu(C1-H10),bond,0.0026150664743976905,-,-0.0012684399419329456,0.3397096146008398
11,242.5095162309113,,,C-C torsion,delta(C2-C3-H13),angle,0.0025447139777992176,+,0.0010148669771931293,0.5163993140346653
11,242.5095162309113,,,C-C torsion,delta(O9-C8-H21),angle,0.002450706841389447,+,0.0013196147083854813,0.2941453531375008
11,242.5095162309113,,,C-C torsion,delta(C7-C8-O9),angle,0.0022537387019575814,-,-0.0011171275292994546,0.3774530837938862
11,242.5095162309113,,,C-C torsion,nu(C4-H17),bond,0.0017786649083601032,+,0.001048294895392897,0.33829230452961256
11,242.5095162309113,,,C-C torsion,"gamma(H16;C4,H17,H18)",oop,0.0015505043400185212,-,-0.0012031399380917828,0.22387501255021114
11,242.5095162309113,,,C-C torsion,nu(C1-H11),bond,0.0013596735997830308,+,0.000914206420024311,0.3400251612828106
11,242.5095162309113,,,C-C torsion,nu(C7-H19),bond,0.00073512825934271,-,-0.0006830558018014023,0.32931815426212097
11,242.5095162309113,,,C-C torsion,delta(H14-C3-H15),angle,0.0007125580947274476,+,0.0005953485727841647,0.4201869577691483
11,242.5095162309113,,,C-C torsion,nu(C7-H20),bond,0.0007041208332216674,+,0.0006502150906948367,0.3480951950804118
11,242.5095162309113,,,C-C torsion,nu(C3-H15),bond,0.0006021840282325169,+,0.0006129212630645314,0.33503083561306585
11,242.5095162309113,,,C-C torsion,nu(C2-C3),bond,0.00044997790981903517,+,0.0006039391169737235,0.25785158094323446
11,242.5095162309113,,,C-C torsion,delta(C2-C1-H10),angle,0.00040114563056923495,-,-0.0005130572244742662,0.31851902309095165
11,242.5095162309113,,,C-C torsion,nu(C1-H12),bond,0.0003748520207517358,-,-0.0004832717552309866,0.33546093490188217
11,242.5095162309113,,,C-C torsion,nu(C3-H13),bond,0.000296303988799324,-,-0.0004297525988830147,0.33532458692209965
11,242.5095162309113,,,C-C torsion,nu(C2-C4),bond,0.00026531962982057446,-,-0.000463594970079482,0.258022082351197
11,242.5095162309113,,,C-C torsion,nu(C4-H18),bond,0.0002049128078053684,+,0.00035745446611263167,0.33519117262733306
11,242.5095162309113,,,C-C torsion,nu(C8-H21),bond,0.0001540628340139005,+,0.00032423739308022197,0.30629267332827326
11,242.5095162309113,,,C-C torsion,nu(C1-C2),bond,5.318617790488997e-06,+,6.388592301013824e-05,0.27236629187229455
11,242.5095162309113,,,C-C torsion,tau(H20-C7-C8-H21),dihedral,2.6590318964315387e-06,-,-0.0002048814242553078,0.013239857220979551
11,242.5095162309113,,,C-C torsion,nu(C3-H14),bond,1.365547736800749e-06,+,2.9061017864695016e-05,0.3379482234159411
11,242.5095162309113,,,C-C torsion,nu(C4-H16),bond,1.2287698858177064e-08,-,-2.767632786589149e-06,0.3352884162928494
12,252.5244418626998,,,C-C torsion,tau(C4-C2-C3-H15),dihedral,26.707385487158497,-,-0.1386387794360324,0.44106097360664287
12,252.5244418626998,,,C-C torsion,tau(C1-C2-C3-H14),dihedral,23.96285123411815,-,-0.1328616249686894,0.43089959044862763
12,252.5244418626998,,,C-C torsion,tau(C3-C2-C4-H16),dihedral,22.82884790169506,+,0.20414102156762287,0.17388420593529577
12,252.5244418626998,,,C-C torsion,tau(C1-C2-C4-H17),dihedral,22.152085349433293,+,0.19914650369658188,0.1772988640303949
12,252.5244418626998,,,C-C torsion,tau(H12-C1-C2-C5),dihedral,1.65050370193743,-,-0.14348510934436465,0.02544717321698012
12,252.5244418626998,,,C-C torsion,delta(C4-C2-C5),angle,1.018075762039926,-,-0.02363988053013821,0.5782641285567409
12,252.5244418626998,,,C-C torsion,delta(C2-C5-C7),angle,0.578692455733108,-,-0.01917035602379205,0.49983213360108397
12,252.5244418626998,,,C-C torsion,delta(C5-C7-C8),angle,0.5053676070777047,+,0.02221197028171262,0.32513965682623924
12,252.5244418626998,,,C-C torsion,delta(C3-C2-C4),angle,0.13152193947406343,+,0.00980277985226813,0.43444661207745067
12,252.5244418626998,,,C-C torsion,delta(C5-C7-H20),angle,0.11999006763501911,-,-0.010885857590276105,0.3214080207257505
12,252.5244418626998,,,C-C torsion,delta(C2-C5-O6),angle,0.052180008004369755,+,0.0055037344193917155,0.5467967349904848
12,252.5244418626998,,,C-C torsion,tau(C2-C5-C7-C8),dihedral,0.040377807737989185,+,0.027843586297208463,0.016532140990367292
12,252.5244418626998,,,C-C torsion,delta(C3-C2-C5),angle,0.03475428958571015,+,0.004368764723100486,0.5779999640555233
12,252.5244418626998,,,C-C torsion,tau(C1-C2-C5-C7),dihedral,0.033441634617904135,+,0.01562286760268351,0.04349133132405001
12,252.5244418626998,,,C-C torsion,delta(C1-C2-C3),angle,0.01953211320058333,-,-0.003280777086484628,0.5760132793691867
12,252.5244418626998,,,C-C torsion,delta(H19-C7-H20),angle,0.016951816854726322,-,-0.004614509385150063,0.25269805183984145
12,252.5244418626998,,,C-C torsion,delta(C2-C1-H12),angle,0.015196958219138981,-,-0.0038888828747194524,0.3189654565728886
12,252.5244418626998,,,C-C torsion,delta(C2-C4-H18),angle,0.013145911651064785,+,0.0032975204680459023,0.38375356114596126
12,252.5244418626998,,,C-C torsion,delta(H13-C3-H15),angle,0.012548325624984513,-,-0.0029467574508838805,0.4587052477560685
12,252.5244418626998,,,C-C torsion,nu(C2-C5),bond,0.011405777101217963,-,-0.0038776741796225584,0.24077919590071512
12,252.5244418626998,,,C-C torsion,delta(C8-C7-H20),angle,0.011227004415220362,-,-0.003357760314717212,0.3160830584568552
12,252.5244418626998,,,C-C torsion,"gamma(C7;C5,C2,O6)",oop,0.00851541539727385,+,0.004715172798852629,0.12157585193261175
12,252.5244418626998,,,C-C torsion,delta(C2-C4-H16),angle,0.00844889446772725,+,0.0029248127702925604,0.31350209999061956
12,252.5244418626998,,,C-C torsion,delta(C8-C7-H19),angle,0.0071932018714728424,-,-0.003051677217014114,0.24517815193377318
12,252.5244418626998,,,C-C torsion,"gamma(H21;C8,C7,O9)",oop,0.00703205213831964,+,0.004897332695376507,0.09306782716686272
12,252.5244418626998,,,C-C torsion,"gamma(H16;C4,H17,H18)",oop,0.00676845739709241,+,0.0030978500555622064,0.22387501255021114
12,252.5244418626998,,,C-C torsion,delta(H10-C1-H12),angle,0.005677820064377195,-,-0.0025435852118155704,0.2785644886096331
12,252.5244418626998,,,C-C torsion,delta(C2-C3-H13),angle,0.005289017545355129,+,0.0018030718377368261,0.5163993140346653
12,252.5244418626998,,,C-C torsion,nu(C5-C7),bond,0.005075115657381629,+,0.0026175434522423256,0.2351228587387024
12,252.5244418626998,,,C-C torsion,delta(H17-C4-H18),angle,0.00485653574951432,+,0.0024293192911144044,0.26121258767795735
12,252.5244418626998,,,C-C torsion,delta(H11-C1-H12),angle,0.004094711247750739,+,0.0021982754010428326,0.26896501294538183
12,252.5244418626998,,,C-C torsion,delta(C7-C8-O9),angle,0.003221581868041331,-,-0.0016459682432981018,0.3774530837938862
12,252.5244418626998,,,C-C torsion,tau(H20-C7-C8-H21),dihedral,0.0028028405407259454,+,0.008197395690428357,0.013239857220979551
12,252.5244418626998,,,C-C torsion,nu(C8-O9),bond,0.0026002146517671953,+,0.0009800861603381278,0.8592457588862482
12,252.5244418626998,,,C-C torsion,delta(H13-C3-H14),angle,0.0022443269663347688,+,0.0012439771628956287,0.46036046686424154
12,252.5244418626998,,,C-C torsion,delta(H14-C3-H15),angle,0.0016150947652091724,+,0.00110457720201316,0.4201869577691483
12,252.5244418626998,,,C-C torsion,nu(C4-H16),bond,0.001313708694051917,+,0.0011152150378950366,0.3352884162928494
12,252.5244418626998,,,C-C torsion,nu(C1-H10),bond,0.00128382132761491,+,0.0010952587424248217,0.3397096146008398
12,252.5244418626998,,,C-C torsion,nu(C4-H17),bond,0.001016448680889836,-,-0.0009765961855697503,0.33829230452961256
12,252.5244418626998,,,C-C torsion,delta(O9-C8-H21),angle,0.0009199983892103714,-,-0.0009963935148285755,0.2941453531375008
12,252.5244418626998,,,C-C torsion,delta(C2-C1-H10),angle,0.000894829690456856,+,0.0009443236357540735,0.31851902309095165
12,252.5244418626998,,,C-C torsion,nu(C7-H19),bond,0.0006198542129068684,+,0.0007729569331019643,0.32931815426212097
12,252.5244418626998,,,C-C torsion,nu(C5-O6),bond,0.00047054728034289184,-,-0.00042616662567575937,0.8223962194579738
12,252.5244418626998,,,C-C torsion,nu(C2-C3),bond,0.00037553880531900074,+,0.0006799247739902527,0.25785158094323446
12,252.5244418626998,,,C-C torsion,nu(C4-H18),bond,0.00037236330999255995,-,-0.0005938209416454214,0.33519117262733306
12,252.5244418626998,,,C-C torsion,nu(C1-H11),bond,0.00032614293656002845,-,-0.000551781093642896,0.3400251612828106
12,252.5244418626998,,,C-C torsion,nu(C2-C4),bond,0.0002569965759484415,+,0.000562281228833528,0.258022082351197
12,252.5244418626998,,,C-C torsion,nu(C3-H15),bond,0.00017818669190882997,+,0.0004108786706450965,0.33503083561306585
12,252.5244418626998,,,C-C torsion,nu(C7-C8),bond,0.00012071395591130888,-,-0.00039129204853217574,0.25026040691544066
12,252.5244418626998,,,C-C torsion,nu(C7-H20),bond,0.00011529795075876332,-,-0.00032425011188050263,0.3480951950804118
12,252.5244418626998,,,C-C torsion,nu(C1-H12),bond,8.486270988917903e-05,-,-0.00028337127619408164,0.33546093490188217
12,252.5244418626998,,,C-C torsion,nu(C1-C2),bond,5.577369125361647e-05,+,0.0002549507944983883,0.27236629187229455
12,252.5244418626998,,,C-C torsion,delta(H10-C1-H11),angle,3.774143843135856e-05,+,0.00020930054069658347,0.27347300138974184
12,252.5244418626998,,,C-C torsion,nu(C3-H13),bond,2.8295943008849518e-05,+,0.00016366195759960842,0.33532458692209965
12,252.5244418626998,,,C-C torsion,delta(C2-C3-H15),angle,7.183032125163856e-06,+,8.536819616988051e-05,0.31286163337936146
12,252.5244418626998,,,C-C torsion,nu(C8-H21),bond,2.7608886358279015e-06,-,-5.3490233661658765e-05,0.30629267332827326
12,252.5244418626998,,,C-C torsion,nu(C3-H14),bond,5.001512780946494e-07,-,-2.1674244204656947e-05,0.3379482234159411
13,263.2725139216976,,,mixed C-C torsion / C-C-C bending,tau(C4-C2-C3-H15),dihedral,37.24505036808993,-,-0.08621472566373276,0.44106097360664287
13,263.2725139216976,,,mixed C-C torsion / C-C-C bending,tau(C1-C2-C3-H14),dihedral,21.961822928701444,-,-0.06697961327796016,0.43089959044862763
13,263.2725139216976,,,mixed C-C torsion / C-C-C bending,delta(C3-C2-C5),angle,7.438565805490579,-,-0.03365713792989452,0.5779999640555233
13,263.2725139216976,,,mixed C-C torsion / C-C-C bending,delta(C5-C7-C8),angle,5.906006748605682,-,-0.03998604786137043,0.32513965682623924
13,263.2725139216976,,,mixed C-C torsion / C-C-C bending,delta(C2-C5-C7),angle,5.05910092655739,-,-0.02984840087441841,0.49983213360108397
13,263.2725139216976,,,mixed C-C torsion / C-C-C bending,delta(C2-C5-O6),angle,4.982794789305318,+,0.028321746291753176,0.5467967349904848
13,263.2725139216976,,,mixed C-C torsion / C-C-C bending,delta(C4-C2-C5),angle,4.03632941319401,-,-0.024787153634767935,0.5782641285567409
13,263.2725139216976,,,mixed C-C torsion / C-C-C bending,delta(C3-C2-C4),angle,3.6579685801496113,+,0.027223769659658885,0.43444661207745067
13,263.2725139216976,,,mixed C-C torsion / C-C-C bending,tau(H12-C1-C2-C5),dihedral,2.6413114012075387,+,0.09558428889294418,0.02544717321698012
13,263.2725139216976,,,mixed C-C torsion / C-C-C bending,tau(H20-C7-C8-H21),dihedral,1.3071382470082813,-,-0.09322139420295013,0.013239857220979551
13,263.2725139216976,,,mixed C-C torsion / C-C-C bending,nu(C2-C5),bond,0.9854631337985708,-,-0.018980480151999764,0.24077919590071512
13,263.2725139216976,,,mixed C-C torsion / C-C-C bending,tau(C1-C2-C4-H17),dihedral,0.9748650495833858,-,-0.02199964927856137,0.1772988640303949
13,263.2725139216976,,,mixed C-C torsion / C-C-C bending,delta(C5-C7-H20),angle,0.7802273913411447,+,0.014617689238035574,0.3214080207257505
13,263.2725139216976,,,mixed C-C torsion / C-C-C bending,"gamma(C7;C5,C2,O6)",oop,0.5078693906146764,+,0.01917559471386293,0.12157585193261175
13,263.2725139216976,,,mixed C-C torsion / C-C-C bending,delta(C2-C4-H16),angle,0.38677051886289926,-,-0.010420845040898302,0.31350209999061956
13,263.2725139216976,,,mixed C-C torsion / C-C-C bending,delta(C2-C3-H13),angle,0.3762699461182362,+,0.008008541322788176,0.5163993140346653
13,263.2725139216976,,,mixed C-C torsion / C-C-C bending,delta(C8-C7-H20),angle,0.3212587381012023,+,0.009458523530943728,0.3160830584568552
13,263.2725139216976,,,mixed C-C torsion / C-C-C bending,nu(C5-C7),bond,0.2530978431810325,-,-0.009734043415601837,0.2351228587387024
13,263.2725139216976,,,mixed C-C torsion / C-C-C bending,delta(C2-C4-H18),angle,0.20671177452247305,+,0.00688577586020147,0.38375356114596126
13,263.2725139216976,,,mixed C-C torsion / C-C-C bending,delta(C2-C3-H15),angle,0.1547895542374942,-,-0.006599197926917743,0.31286163337936146
13,263.2725139216976,,,mixed C-C torsion / C-C-C bending,nu(C7-C8),bond,0.14712975931549097,-,-0.007193672672767029,0.25026040691544066
13,263.2725139216976,,,mixed C-C torsion / C-C-C bending,delta(C7-C8-O9),angle,0.1127187022458525,+,0.0051269960706450055,0.3774530837938862
13,263.2725139216976,,,mixed C-C torsion / C-C-C bending,delta(C1-C2-C3),angle,0.11020223655434218,+,0.004103698447659937,0.5760132793691867
13,263.2725139216976,,,mixed C-C torsion / C-C-C bending,tau(C2-C5-C7-C8),dihedral,0.07655710598510314,+,0.0201894592604563,0.016532140990367292
13,263.2725139216976,,,mixed C-C torsion / C-C-C bending,delta(C8-C7-H19),angle,0.05950141167358525,+,0.004621886057771188,0.24517815193377318
13,263.2725139216976,,,mixed C-C torsion / C-C-C bending,delta(C2-C1-H10),angle,0.045301796598266865,+,0.003538233653426353,0.31851902309095165
13,263.2725139216976,,,mixed C-C torsion / C-C-C bending,"gamma(H21;C8,C7,O9)",oop,0.044025183678500855,-,-0.00645278632818528,0.09306782716686272
13,263.2725139216976,,,mixed C-C torsion / C-C-C bending,delta(C2-C1-H12),angle,0.03203179080207262,-,-0.0029731393653642073,0.3189654565728886
13,263.2725139216976,,,mixed C-C torsion / C-C-C bending,nu(C8-O9),bond,0.025509566089777416,-,-0.0016165506653894937,0.8592457588862482
13,263.2725139216976,,,mixed C-C torsion / C-C-C bending,delta(H11-C1-H12),angle,0.02429020481385047,-,-0.0028194485681390853,0.26896501294538183
13,263.2725139216976,,,mixed C-C torsion / C-C-C bending,nu(C1-C2),bond,0.022184977772020595,-,-0.002677622220663862,0.27236629187229455
13,263.2725139216976,,,mixed C-C torsion / C-C-C bending,delta(H14-C3-H15),angle,0.019704836921916973,-,-0.002031709549813862,0.4201869577691483
13,263.2725139216976,,,mixed C-C torsion / C-C-C bending,nu(C7-H20),bond,0.012842708899801615,-,-0.001802087144724751,0.3480951950804118
13,263.2725139216976,,,mixed C-C torsion / C-C-C bending,delta(O9-C8-H21),angle,0.011958527225128822,+,0.0018917090255406385,0.2941453531375008
13,263.2725139216976,,,mixed C-C torsion / C-C-C bending,delta(H10-C1-H11),angle,0.009492090527814905,+,0.00174791452273185,0.27347300138974184
13,263.2725139216976,,,mixed C-C torsion / C-C-C bending,tau(C1-C2-C5-C7),dihedral,0.00773560296347755,+,0.003956782862494449,0.04349133132405001
13,263.2725139216976,,,mixed C-C torsion / C-C-C bending,"gamma(H16;C4,H17,H18)",oop,0.006954055016301358,+,0.0016535324913204033,0.22387501255021114
13,263.2725139216976,,,mixed C-C torsion / C-C-C bending,nu(C2-C4),bond,0.00679935087050217,+,0.0015230065533187354,0.258022082351197
13,263.2725139216976,,,mixed C-C torsion / C-C-C bending,nu(C4-H17),bond,0.006258399325156951,-,-0.0012760922157892094,0.33829230452961256
13,263.2725139216976,,,mixed C-C torsion / C-C-C bending,delta(H13-C3-H14),angle,0.0057940620693626,+,0.0010525410538691432,0.46036046686424154
13,263.2725139216976,,,mixed C-C torsion / C-C-C bending,nu(C3-H14),bond,0.005687477325750716,-,-0.0012171139463265364,0.3379482234159411
13,263.2725139216976,,,mixed C-C torsion / C-C-C bending,delta(H13-C3-H15),angle,0.005652858479289086,-,-0.0010415105792248032,0.4587052477560685
13,263.2725139216976,,,mixed C-C torsion / C-C-C bending,nu(C1-H11),bond,0.00413863690933854,+,0.0010350697564672907,0.3400251612828106
13,263.2725139216976,,,mixed C-C torsion / C-C-C bending,tau(C3-C2-C4-H16),dihedral,0.003459378704313014,+,0.0013233218065395401,0.17388420593529577
13,263.2725139216976,,,mixed C-C torsion / C-C-C bending,nu(C3-H15),bond,0.00217399425044144,+,0.0007557589324233186,0.33503083561306585
13,263.2725139216976,,,mixed C-C torsion / C-C-C bending,nu(C2-C3),bond,0.0018539050419939197,+,0.0007955277382054057,0.25785158094323446
13,263.2725139216976,,,mixed C-C torsion / C-C-C bending,delta(H19-C7-H20),angle,0.0018354191322472921,-,-0.0007995822854852865,0.25269805183984145
13,263.2725139216976,,,mixed C-C torsion / C-C-C bending,delta(H17-C4-H18),angle,0.0014237562932170498,-,-0.000692655458693908,0.26121258767795735
13,263.2725139216976,,,mixed C-C torsion / C-C-C bending,nu(C3-H13),bond,0.0012874517571398382,-,-0.0005813387421105966,0.33532458692209965
13,263.2725139216976,,,mixed C-C torsion / C-C-C bending,delta(H10-C1-H12),angle,0.000948467307513018,+,0.0005474504166154593,0.2785644886096331
13,263.2725139216976,,,mixed C-C torsion / C-C-C bending,nu(C7-H19),bond,0.0004773763456680066,-,-0.0003572062877865962,0.32931815426212097
13,263.2725139216976,,,mixed C-C torsion / C-C-C bending,nu(C8-H21),bond,0.0003342562178593277,-,-0.00030993307614709636,0.30629267332827326
13,263.2725139216976,,,mixed C-C torsion / C-C-C bending,nu(C4-H16),bond,0.00020831201520775532,+,0.00023385376640178292,0.3352884162928494
13,263.2725139216976,,,mixed C-C torsion / C-C-C bending,nu(C5-O6),bond,5.25468392750584e-05,-,-7.499446822901014e-05,0.8223962194579738
13,263.2725139216976,,,mixed C-C torsion / C-C-C bending,nu(C1-H12),bond,4.960360992020229e-05,+,0.00011408594624222795,0.33546093490188217
13,263.2725139216976,,,mixed C-C torsion / C-C-C bending,nu(C4-H18),bond,7.241538247997302e-06,-,-4.360794402560522e-05,0.33519117262733306
13,263.2725139216976,,,mixed C-C torsion / C-C-C bending,nu(C1-H10),bond,4.400213367014617e-06,+,3.376598570211546e-05,0.3397096146008398
14,282.38195850819915,,,C-C torsion,tau(C1-C2-C3-H14),dihedral,36.95244388899657,-,-0.13288694263495057,0.43089959044862763
14,282.38195850819915,,,C-C torsion,tau(C4-C2-C3-H15),dihedral,30.81722646020496,-,-0.11994888800210353,0.44106097360664287
14,282.38195850819915,,,C-C torsion,tau(C3-C2-C4-H16),dihedral,7.614705620459894,-,-0.0949609953667365,0.17388420593529577
14,282.38195850819915,,,C-C torsion,delta(C3-C2-C5),angle,6.211012991431593,+,0.047039866472523735,0.5779999640555233
14,282.38195850819915,,,C-C torsion,tau(C1-C2-C4-H17),dihedral,5.992920324308393,-,-0.08342861665731033,0.1772988640303949
14,282.38195850819915,,,C-C torsion,delta(C4-C2-C5),angle,4.736882671027844,-,-0.041070685796111665,0.5782641285567409
14,282.38195850819915,,,C-C torsion,delta(C5-C7-C8),angle,2.5717655235339967,+,0.04035798556335053,0.32513965682623924
14,282.38195850819915,,,C-C torsion,tau(H12-C1-C2-C5),dihedral,1.4997169032515247,+,0.11016246302332483,0.02544717321698012
14,282.38195850819915,,,C-C torsion,delta(C1-C2-C3),angle,1.0886424030929236,-,-0.01972764037848458,0.5760132793691867
14,282.38195850819915,,,C-C torsion,delta(C2-C3-H13),angle,0.34775909795845966,-,-0.011775929288047958,0.5163993140346653
14,282.38195850819915,,,C-C torsion,delta(C5-C7-H20),angle,0.2944360684488303,-,-0.013734596876926224,0.3214080207257505
14,282.38195850819915,,,C-C torsion,nu(C5-C7),bond,0.22997528631688663,+,0.014191945167726107,0.2351228587387024
14,282.38195850819915,,,C-C torsion,delta(C2-C4-H18),angle,0.20718481722572404,+,0.010543905893931282,0.38375356114596126
14,282.38195850819915,,,C-C torsion,"gamma(C7;C5,C2,O6)",oop,0.17799888701746888,+,0.017363359203707598,0.12157585193261175
14,282.38195850819915,,,C-C torsion,tau(C1-C2-C5-C7),dihedral,0.17081589533303027,+,0.028438818983369012,0.04349133132405001
14,282.38195850819915,,,C-C torsion,tau(H20-C7-C8-H21),dihedral,0.16920030820260476,+,0.05129885730623064,0.013239857220979551
14,282.38195850819915,,,C-C torsion,delta(C8-C7-H19),angle,0.14511712630283488,-,-0.011039952845177586,0.24517815193377318
14,282.38195850819915,,,C-C torsion,delta(C2-C5-O6),angle,0.12508593571891843,-,-0.006863411715178458,0.5467967349904848
14,282.38195850819915,,,C-C torsion,nu(C2-C5),bond,0.12193271777029484,+,0.010211732134835892,0.24077919590071512
14,282.38195850819915,,,C-C torsion,nu(C7-C8),bond,0.10852585111161697,+,0.009449727699845837,0.25026040691544066
14,282.38195850819915,,,C-C torsion,delta(C2-C3-H15),angle,0.06494047893608453,+,0.006537780818562945,0.31286163337936146
14,282.38195850819915,,,C-C torsion,delta(C2-C4-H16),angle,0.054185868517462335,-,-0.005965839419664782,0.31350209999061956
14,282.38195850819915,,,C-C torsion,delta(H19-C7-H20),angle,0.0532472674758831,-,-0.006587133770794192,0.25269805183984145
14,282.38195850819915,,,C-C torsion,"gamma(H21;C8,C7,O9)",oop,0.049725631816208635,+,0.010489121953369065,0.09306782716686272
14,282.38195850819915,,,C-C torsion,delta(C7-C8-O9),angle,0.032215300470989416,+,0.004192261564159246,0.3774530837938862
14,282.38195850819915,,,C-C torsion,delta(C2-C1-H12),angle,0.021049917037231188,-,-0.003686397265894233,0.3189654565728886
14,282.38195850819915,,,C-C torsion,tau(C2-C5-C7-C8),dihedral,0.02051796424508341,+,0.015986424880999578,0.016532140990367292
14,282.38195850819915,,,C-C torsion,delta(O9-C8-H21),angle,0.018544234292856364,-,-0.0036030660545027173,0.2941453531375008
14,282.38195850819915,,,C-C torsion,nu(C8-O9),bond,0.016853242669265887,+,0.0020097026523112557,0.8592457588862482
14,282.38195850819915,,,C-C torsion,delta(H13-C3-H15),angle,0.012884202172456252,-,-0.002404975620845476,0.4587052477560685
14,282.38195850819915,,,C-C torsion,nu(C2-C4),bond,0.011662072616752233,-,-0.003050761098599494,0.258022082351197
14,282.38195850819915,,,C-C torsion,delta(H14-C3-H15),angle,0.007926822613826006,+,0.0019709565618552267,0.4201869577691483
14,282.38195850819915,,,C-C torsion,nu(C2-C3),bond,0.00789754512839412,+,0.0025113655128083424,0.25785158094323446
14,282.38195850819915,,,C-C torsion,nu(C1-C2),bond,0.007259597131521655,+,0.0023427629557969103,0.27236629187229455
14,282.38195850819915,,,C-C torsion,delta(C2-C5-C7),angle,0.00699447417722011,-,-0.0016975173282820202,0.49983213360108397
14,282.38195850819915,,,C-C torsion,delta(H13-C3-H14),angle,0.005810790584870938,+,0.0016121942517124744,0.46036046686424154
14,282.38195850819915,,,C-C torsion,delta(H17-C4-H18),angle,0.004974799606653881,-,-0.0019803388709328106,0.26121258767795735
14,282.38195850819915,,,C-C torsion,delta(H11-C1-H12),angle,0.004688163690742939,-,-0.0018945333531244295,0.26896501294538183
14,282.38195850819915,,,C-C torsion,nu(C3-H14),bond,0.0025956142425187247,+,0.0012576035584996152,0.3379482234159411
14,282.38195850819915,,,C-C torsion,nu(C5-O6),bond,0.0020016852545475155,-,-0.0007079557436314582,0.8223962194579738
14,282.38195850819915,,,C-C torsion,delta(C3-C2-C4),angle,0.0019824336579650345,+,0.000969348384917872,0.43444661207745067
14,282.38195850819915,,,C-C torsion,"gamma(H16;C4,H17,H18)",oop,0.0018817027856032381,+,0.0013155927438661527,0.22387501255021114
14,282.38195850819915,,,C-C torsion,nu(C7-H19),bond,0.0017323008343237013,+,0.0010407647825301008,0.32931815426212097
14,282.38195850819915,,,C-C torsion,delta(H10-C1-H12),angle,0.0010530417711074056,+,0.0008822845833816356,0.2785644886096331
14,282.38195850819915,,,C-C torsion,nu(C4-H17),bond,0.0008886330206021311,-,-0.0007354682539828849,0.33829230452961256
14,282.38195850819915,,,C-C torsion,delta(H10-C1-H11),angle,0.000862582952624549,+,0.0008059200752231995,0.27347300138974184
14,282.38195850819915,,,C-C torsion,nu(C7-H20),bond,0.0008497114847501653,+,0.000708982469787371,0.3480951950804118
14,282.38195850819915,,,C-C torsion,delta(C2-C1-H10),angle,0.0006779213597386368,-,-0.0006620194338271553,0.31851902309095165
14,282.38195850819915,,,C-C torsion,delta(C8-C7-H20),angle,0.00021186525231404977,-,-0.00037151643012327365,0.3160830584568552
14,282.38195850819915,,,C-C torsion,nu(C1-H11),bond,0.00019093050206741658,+,0.00034004069629724605,0.3400251612828106
14,282.38195850819915,,,C-C torsion,nu(C1-H10),bond,0.00014566565152759127,-,-0.0002971484202203642,0.3397096146008398
14,282.38195850819915,,,C-C torsion,nu(C3-H15),bond,7.881278541671587e-05,+,0.00022009223227281718,0.33503083561306585
14,282.38195850819915,,,C-C torsion,nu(C4-H18),bond,7.23725465063366e-05,+,0.00021085767221087735,0.33519117262733306
14,282.38195850819915,,,C-C torsion,nu(C3-H13),bond,3.693196384165423e-05,-,-0.00015059732886348346,0.33532458692209965
14,282.38195850819915,,,C-C torsion,nu(C1-H12),bond,7.559665186858014e-06,+,6.81206951747534e-05,0.33546093490188217
14,282.38195850819915,,,C-C torsion,nu(C4-H16),bond,3.0372297828372118e-06,-,-4.318951402909349e-05,0.3352884162928494
14,282.38195850819915,,,C-C torsion,nu(C8-H21),bond,4.6141719963965366e-08,-,-5.56964291830108e-06,0.30629267332827326
15,341.4317506361572,,,C-C-C bending,delta(C3-C2-C4),angle,43.002622226608665,+,0.08160377078185932,0.43444661207745067
15,341.4317506361572,,,C-C-C bending,delta(C1-C2-C3),angle,14.105333987279526,-,-0.040588818003402916,0.5760132793691867
15,341.4317506361572,,,C-C-C bending,delta(C2-C5-C7),angle,13.189277955825357,+,0.04213367967599107,0.49983213360108397
15,341.4317506361572,,,C-C-C bending,delta(C3-C2-C5),angle,3.95686187104075,-,-0.021460631851323263,0.5779999640555233
15,341.4317506361572,,,C-C-C bending,tau(C4-C2-C3-H15),dihedral,3.4047645220474183,+,0.022788995875189337,0.44106097360664287
15,341.4317506361572,,,C-C-C bending,delta(C2-C3-H15),angle,3.2454787518244377,-,-0.026417650858446586,0.31286163337936146
15,341.4317506361572,,,C-C-C bending,delta(C2-C4-H16),angle,2.9757971167480743,-,-0.025270416355405924,0.31350209999061956
15,341.4317506361572,,,C-C-C bending,delta(C2-C5-O6),angle,2.7061718280027844,-,-0.01824717735398317,0.5467967349904848
15,341.4317506361572,,,C-C-C bending,nu(C5-C7),bond,1.9891723131815804,+,0.02385721483357518,0.2351228587387024
15,341.4317506361572,,,C-C-C bending,delta(C2-C1-H12),angle,1.8404639787981827,-,-0.019702566412943687,0.3189654565728886
15,341.4317506361572,,,C-C-C bending,tau(C1-C2-C4-H17),dihedral,1.4878230329866513,+,0.0237603934337037,0.1772988640303949
15,341.4317506361572,,,C-C-C bending,delta(C7-C8-O9),angle,1.153659131490467,+,0.014339639401154724,0.3774530837938862
15,341.4317506361572,,,C-C-C bending,delta(C2-C3-H13),angle,1.002068673456374,+,0.011425806888690878,0.5163993140346653
15,341.4317506361572,,,C-C-C bending,delta(C5-C7-C8),angle,0.7756464090455412,-,-0.012668578499739,0.32513965682623924
15,341.4317506361572,,,C-C-C bending,nu(C2-C5),bond,0.6740467618017941,+,0.013723550939303044,0.24077919590071512
15,341.4317506361572,,,C-C-C bending,nu(C7-C8),bond,0.6732187018455454,+,0.013452809057561261,0.25026040691544066
15,341.4317506361572,,,C-C-C bending,delta(C2-C1-H10),angle,0.5835345818494072,+,0.011101881234095468,0.31851902309095165
15,341.4317506361572,,,C-C-C bending,tau(H20-C7-C8-H21),dihedral,0.39537556447778455,+,0.044822309168185956,0.013239857220979551
15,341.4317506361572,,,C-C-C bending,delta(C8-C7-H20),angle,0.39031283305711867,+,0.00911458230678907,0.3160830584568552
15,341.4317506361572,,,C-C-C bending,tau(C2-C5-C7-C8),dihedral,0.3805422419195768,-,-0.039352094390738855,0.016532140990367292
15,341.4317506361572,,,C-C-C bending,delta(C5-C7-H20),angle,0.3499384295526766,+,0.00855851525863732,0.3214080207257505
15,341.4317506361572,,,C-C-C bending,delta(C2-C4-H18),angle,0.2665489987253947,+,0.00683586195103952,0.38375356114596126
15,341.4317506361572,,,C-C-C bending,delta(H19-C7-H20),angle,0.24258959031495886,+,0.00803648426805964,0.25269805183984145
15,341.4317506361572,,,C-C-C bending,delta(H13-C3-H14),angle,0.1784567228704903,+,0.0051067948419519825,0.46036046686424154
15,341.4317506361572,,,C-C-C bending,delta(H17-C4-H18),angle,0.1634839713422206,+,0.006488906315256067,0.26121258767795735
15,341.4317506361572,,,C-C-C bending,tau(C1-C2-C5-C7),dihedral,0.15471918871543625,-,-0.015470405735400108,0.04349133132405001
15,341.4317506361572,,,C-C-C bending,nu(C5-O6),bond,0.10435810583397177,-,-0.002921820329666131,0.8223962194579738
15,341.4317506361572,,,C-C-C bending,delta(H10-C1-H11),angle,0.0922421029107669,+,0.004763633429911547,0.27347300138974184
15,341.4317506361572,,,C-C-C bending,"gamma(C7;C5,C2,O6)",oop,0.08909667419540913,-,-0.007021631779737144,0.12157585193261175
15,341.4317506361572,,,C-C-C bending,delta(H13-C3-H15),angle,0.08708882221984811,-,-0.0035739240543015086,0.4587052477560685
15,341.4317506361572,,,C-C-C bending,delta(O9-C8-H21),angle,0.06941724153461822,-,-0.00398459004198922,0.2941453531375008
15,341.4317506361572,,,C-C-C bending,tau(C1-C2-C3-H14),dihedral,0.04228906373461495,-,-0.002569549329955104,0.43089959044862763
15,341.4317506361572,,,C-C-C bending,nu(C1-C2),bond,0.04188163264471606,+,0.0032163706299698676,0.27236629187229455
15,341.4317506361572,,,C-C-C bending,delta(C8-C7-H19),angle,0.029543151364347826,-,-0.0028472033858350527,0.24517815193377318
15,341.4317506361572,,,C-C-C bending,"gamma(H21;C8,C7,O9)",oop,0.026428858867131807,-,-0.004370895101018649,0.09306782716686272
15,341.4317506361572,,,C-C-C bending,delta(H11-C1-H12),angle,0.024657923189624432,-,-0.0024834837215864636,0.26896501294538183
15,341.4317506361572,,,C-C-C bending,nu(C7-H20),bond,0.02304046080196638,+,0.00211021901085477,0.3480951950804118
15,341.4317506361572,,,C-C-C bending,delta(H10-C1-H12),angle,0.017275198551871127,-,-0.0020425825302446826,0.2785644886096331
15,341.4317506361572,,,C-C-C bending,delta(H14-C3-H15),angle,0.01268354771995135,-,-0.001425049843425084,0.4201869577691483
15,341.4317506361572,,,C-C-C bending,nu(C4-H17),bond,0.008752563630475173,+,0.0013193272854469021,0.33829230452961256
15,341.4317506361572,,,C-C-C bending,delta(C4-C2-C5),angle,0.0073347671660910895,-,-0.0009237639398239088,0.5782641285567409
15,341.4317506361572,,,C-C-C bending,nu(C2-C3),bond,0.0071303721731309205,-,-0.0013639616679458526,0.25785158094323446
15,341.4317506361572,,,C-C-C bending,nu(C2-C4),bond,0.005112053547904885,-,-0.0011545167136650413,0.258022082351197
15,341.4317506361572,,,C-C-C bending,nu(C3-H15),bond,0.004102330818657983,+,0.00090761970223971,0.33503083561306585
15,341.4317506361572,,,C-C-C bending,tau(H12-C1-C2-C5),dihedral,0.0036531686413254823,+,0.0031077498397791086,0.02544717321698012
15,341.4317506361572,,,C-C-C bending,nu(C4-H16),bond,0.003470462078994151,+,0.0008344788658923529,0.3352884162928494
15,341.4317506361572,,,C-C-C bending,"gamma(H16;C4,H17,H18)",oop,0.002571158648302375,+,0.0008790075209961812,0.22387501255021114
15,341.4317506361572,,,C-C-C bending,nu(C7-H19),bond,0.0021863311843053116,-,-0.0006683148381226725,0.32931815426212097
15,341.4317506361572,,,C-C-C bending,nu(C1-H12),bond,0.001882126950757784,+,0.000614376287812852,0.33546093490188217
15,341.4317506361572,,,C-C-C bending,tau(C3-C2-C4-H16),dihedral,0.0014950308393724403,+,0.0007605468513428848,0.17388420593529577
15,341.4317506361572,,,C-C-C bending,nu(C3-H14),bond,0.0013781368353096351,+,0.0005237837875905737,0.3379482234159411
15,341.4317506361572,,,C-C-C bending,nu(C8-O9),bond,0.001360890820486997,+,0.0003264253729471741,0.8592457588862482
15,341.4317506361572,,,C-C-C bending,nu(C8-H21),bond,0.0010749529634912925,+,0.0004859117395841564,0.30629267332827326
15,341.4317506361572,,,C-C-C bending,nu(C1-H10),bond,0.0003620498055970734,-,-0.000267769560173104,0.3397096146008398
15,341.4317506361572,,,C-C-C bending,nu(C1-H11),bond,0.00016846180557798758,-,-0.00018256863275868717,0.3400251612828106
15,341.4317506361572,,,C-C-C bending,nu(C4-H18),bond,2.6619011313505322e-05,+,7.309381660667449e-05,0.33519117262733306
15,341.4317506361572,,,C-C-C bending,nu(C3-H13),bond,2.6354701845947864e-05,-,-7.271555442562238e-05,0.33532458692209965
16,352.6857944834697,,,mixed C-C torsion / C-C-C bending,tau(C1-C2-C3-H14),dihedral,33.98123384984973,-,-0.08523798183368861,0.43089959044862763
16,352.6857944834697,,,mixed C-C torsion / C-C-C bending,delta(C3-C2-C4),angle,22.482218138794995,-,-0.0690483012489996,0.43444661207745067
16,352.6857944834697,,,mixed C-C torsion / C-C-C bending,tau(C1-C2-C4-H17),dihedral,14.557786269855463,+,0.0869753770405474,0.1772988640303949
16,352.6857944834697,,,mixed C-C torsion / C-C-C bending,delta(C2-C5-O6),angle,6.859459296692384,+,0.03399645338693962,0.5467967349904848
16,352.6857944834697,,,mixed C-C torsion / C-C-C bending,delta(C4-C2-C5),angle,5.337084689688737,+,0.029160203334743378,0.5782641285567409
16,352.6857944834697,,,mixed C-C torsion / C-C-C bending,nu(C2-C5),bond,3.914941200732204,+,0.03870390357953489,0.24077919590071512
16,352.6857944834697,,,mixed C-C torsion / C-C-C bending,delta(C3-C2-C5),angle,2.050733975116209,+,0.018079748492274183,0.5779999640555233
16,352.6857944834697,,,mixed C-C torsion / C-C-C bending,delta(C2-C4-H18),angle,1.7600321668824195,-,-0.020555863276320595,0.38375356114596126
16,352.6857944834697,,,mixed C-C torsion / C-C-C bending,delta(C2-C3-H15),angle,1.6513238621011455,+,0.02205167591910842,0.31286163337936146
16,352.6857944834697,,,mixed C-C torsion / C-C-C bending,delta(C2-C4-H16),angle,1.420551617250419,+,0.020431954341921823,0.31350209999061956
16,352.6857944834697,,,mixed C-C torsion / C-C-C bending,delta(C2-C3-H13),angle,1.3972316255704296,-,-0.015788577466928425,0.5163993140346653
16,352.6857944834697,,,mixed C-C torsion / C-C-C bending,delta(C2-C1-H12),angle,1.0945663625934283,-,-0.017780781690925073,0.3189654565728886
16,352.6857944834697,,,mixed C-C torsion / C-C-C bending,delta(C5-C7-C8),angle,0.8206571889511467,-,-0.015249217006067996,0.32513965682623924
16,352.6857944834697,,,mixed C-C torsion / C-C-C bending,delta(C2-C1-H10),angle,0.598999104958843,+,0.013162761926373721,0.31851902309095165
16,352.6857944834697,,,mixed C-C torsion / C-C-C bending,delta(C5-C7-H20),angle,0.42564415403669,+,0.01104578557916934,0.3214080207257505
16,352.6857944834697,,,mixed C-C torsion / C-C-C bending,tau(C4-C2-C3-H15),dihedral,0.4093306551593131,+,0.009246757037774733,0.44106097360664287
16,352.6857944834697,,,mixed C-C torsion / C-C-C bending,delta(C1-C2-C3),angle,0.24860383578577958,-,-0.0063057869277801624,0.5760132793691867
16,352.6857944834697,,,mixed C-C torsion / C-C-C bending,nu(C5-C7),bond,0.17175769437647817,+,0.008203747807754371,0.2351228587387024
16,352.6857944834697,,,mixed C-C torsion / C-C-C bending,delta(H10-C1-H11),angle,0.10283886052807305,+,0.0058860375256153345,0.27347300138974184
16,352.6857944834697,,,mixed C-C torsion / C-C-C bending,nu(C7-C8),bond,0.09600487605181328,+,0.00594500466256424,0.25026040691544066
16,352.6857944834697,,,mixed C-C torsion / C-C-C bending,delta(C7-C8-O9),angle,0.0784564975592169,+,0.004376073386065051,0.3774530837938862
16,352.6857944834697,,,mixed C-C torsion / C-C-C bending,nu(C1-C2),bond,0.06978266188119535,+,0.004858460921827261,0.27236629187229455
16,352.6857944834697,,,mixed C-C torsion / C-C-C bending,delta(H11-C1-H12),angle,0.05800931244711507,-,-0.004457615356492189,0.26896501294538183
16,352.6857944834697,,,mixed C-C torsion / C-C-C bending,delta(H13-C3-H14),angle,0.0527967964264303,-,-0.0032505466408651825,0.46036046686424154
16,352.6857944834697,,,mixed C-C torsion / C-C-C bending,nu(C5-O6),bond,0.05084811856902892,+,0.0023867037673555623,0.8223962194579738
16,352.6857944834697,,,mixed C-C torsion / C-C-C bending,delta(C2-C5-C7),angle,0.044596128412551415,-,-0.002867068830589826,0.49983213360108397
16,352.6857944834697,,,mixed C-C torsion / C-C-C bending,"gamma(C7;C5,C2,O6)",oop,0.0444381156992702,+,0.005803042938272823,0.12157585193261175
16,352.6857944834697,,,mixed C-C torsion / C-C-C bending,delta(C8-C7-H20),angle,0.04396768333526134,+,0.003579874561129217,0.3160830584568552
16,352.6857944834697,,,mixed C-C torsion / C-C-C bending,delta(H10-C1-H12),angle,0.029847338751516895,-,-0.0031418942145824045,0.2785644886096331
16,352.6857944834697,,,mixed C-C torsion / C-C-C bending,delta(H14-C3-H15),angle,0.028316142743580748,+,0.0024917093939703645,0.4201869577691483
16,352.6857944834697,,,mixed C-C torsion / C-C-C bending,tau(C2-C5-C7-C8),dihedral,0.025097245622006274,-,-0.01182633310806712,0.016532140990367292
16,352.6857944834697,,,mixed C-C torsion / C-C-C bending,"gamma(H16;C4,H17,H18)",oop,0.018757042764602997,-,-0.002778311904641568,0.22387501255021114
16,352.6857944834697,,,mixed C-C torsion / C-C-C bending,delta(H19-C7-H20),angle,0.01627453288940028,+,0.0024358747097103285,0.25269805183984145
16,352.6857944834697,,,mixed C-C torsion / C-C-C bending,delta(H17-C4-H18),angle,0.012763298750371278,-,-0.00212171010026829,0.26121258767795735
16,352.6857944834697,,,mixed C-C torsion / C-C-C bending,tau(H20-C7-C8-H21),dihedral,0.00845299834337087,-,-0.0076694702688198495,0.013239857220979551
16,352.6857944834697,,,mixed C-C torsion / C-C-C bending,"gamma(H21;C8,C7,O9)",oop,0.008322732859631294,-,-0.0028703497426253543,0.09306782716686272
16,352.6857944834697,,,mixed C-C torsion / C-C-C bending,nu(C2-C4),bond,0.0051551797333956074,-,-0.0013567352066773247,0.258022082351197
16,352.6857944834697,,,mixed C-C torsion / C-C-C bending,nu(C1-H11),bond,0.0043811327339867475,+,0.0010895302811351256,0.3400251612828106
16,352.6857944834697,,,mixed C-C torsion / C-C-C bending,delta(H13-C3-H15),angle,0.003409372477528094,+,0.0008275076136457261,0.4587052477560685
16,352.6857944834697,,,mixed C-C torsion / C-C-C bending,nu(C1-H10),bond,0.0027813515768596742,+,0.0008685116582927655,0.3397096146008398
16,352.6857944834697,,,mixed C-C torsion / C-C-C bending,nu(C2-C3),bond,0.0023559685141714137,-,-0.0009174902735637379,0.25785158094323446
16,352.6857944834697,,,mixed C-C torsion / C-C-C bending,nu(C8-O9),bond,0.002144050581969623,-,-0.00047946889933727656,0.8592457588862482
16,352.6857944834697,,,mixed C-C torsion / C-C-C bending,nu(C4-H16),bond,0.0019992935334735896,-,-0.0007411918462250334,0.3352884162928494
16,352.6857944834697,,,mixed C-C torsion / C-C-C bending,tau(C1-C2-C5-C7),dihedral,0.0018360249573600594,+,0.001972148284813151,0.04349133132405001
16,352.6857944834697,,,mixed C-C torsion / C-C-C bending,nu(C3-H15),bond,0.0010660246191514613,-,-0.0005414306710834387,0.33503083561306585
16,352.6857944834697,,,mixed C-C torsion / C-C-C bending,delta(C8-C7-H19),angle,0.0009272763428457088,-,-0.0005902898743543224,0.24517815193377318
16,352.6857944834697,,,mixed C-C torsion / C-C-C bending,nu(C7-H19),bond,0.0005632391587730284,-,-0.00039695402634207244,0.32931815426212097
16,352.6857944834697,,,mixed C-C torsion / C-C-C bending,tau(C3-C2-C4-H16),dihedral,0.0005409154232710047,+,0.0005353480699745289,0.17388420593529577
16,352.6857944834697,,,mixed C-C torsion / C-C-C bending,nu(C1-H12),bond,0.0005047595610485733,+,0.00037232562537328165,0.33546093490188217
16,352.6857944834697,,,mixed C-C torsion / C-C-C bending,nu(C4-H18),bond,0.0002101217097836096,+,0.00024032049161308819,0.33519117262733306
16,352.6857944834697,,,mixed C-C torsion / C-C-C bending,delta(O9-C8-H21),angle,0.00019046227174189908,-,-0.00024424467904392543,0.2941453531375008
16,352.6857944834697,,,mixed C-C torsion / C-C-C bending,nu(C3-H14),bond,9.250919057170091e-05,-,-0.00015880675944641596,0.3379482234159411
16,352.6857944834697,,,mixed C-C torsion / C-C-C bending,nu(C3-H13),bond,5.019555839078444e-05,+,0.00011743608724160481,0.33532458692209965
16,352.6857944834697,,,mixed C-C torsion / C-C-C bending,nu(C4-H17),bond,4.559830676064496e-05,+,0.00011143713186368888,0.33829230452961256
16,352.6857944834697,,,mixed C-C torsion / C-C-C bending,tau(H12-C1-C2-C5),dihedral,2.0182302989239446e-05,+,0.0002703131758597726,0.02544717321698012
16,352.6857944834697,,,mixed C-C torsion / C-C-C bending,nu(C8-H21),bond,1.690731670781494e-07,-,-7.1313321863718046e-06,0.30629267332827326
16,352.6857944834697,,,mixed C-C torsion / C-C-C bending,nu(C7-H20),bond,1.0034250329594532e-07,+,5.153414541033278e-06,0.3480951950804118
17,379.9564540242055,,,mixed C-C-C bending / C-C torsion,delta(C1-C2-C3),angle,62.448184265314545,-,-0.09639474959019614,0.5760132793691867
17,379.9564540242055,,,mixed C-C-C bending / C-C torsion,tau(C1-C2-C3-H14),dihedral,9.405745137332474,+,0.04325320388055418,0.43089959044862763
17,379.9564540242055,,,mixed C-C-C bending / C-C torsion,tau(C1-C2-C4-H17),dihedral,6.396285757082766,+,0.05560587409653852,0.1772988640303949
17,379.9564540242055,,,mixed C-C-C bending / C-C torsion,delta(C2-C1-H10),angle,5.529092982377405,-,-0.038571717637266106,0.31851902309095165
17,379.9564540242055,,,mixed C-C-C bending / C-C torsion,tau(C1-C2-C5-C7),dihedral,4.837873766820962,-,-0.09764176802307989,0.04349133132405001
17,379.9564540242055,,,mixed C-C-C bending / C-C torsion,delta(C5-C7-C8),angle,1.614126631022169,-,-0.02062735531590087,0.32513965682623924
17,379.9564540242055,,,mixed C-C-C bending / C-C torsion,"gamma(C7;C5,C2,O6)",oop,1.22250747088421,-,-0.02935700993369319,0.12157585193261175
17,379.9564540242055,,,mixed C-C-C bending / C-C torsion,delta(C3-C2-C5),angle,1.2181134126342854,-,-0.013439703157079524,0.5779999640555233
17,379.9564540242055,,,mixed C-C-C bending / C-C torsion,tau(H12-C1-C2-C5),dihedral,1.135698353218774,+,0.06184739965735541,0.02544717321698012
17,379.9564540242055,,,mixed C-C-C bending / C-C torsion,delta(C2-C4-H16),angle,1.0540338455816545,+,0.016975273130333753,0.31350209999061956
17,379.9564540242055,,,mixed C-C-C bending / C-C torsion,delta(C2-C3-H15),angle,0.8372981802595852,-,-0.015145152097179737,0.31286163337936146
17,379.9564540242055,,,mixed C-C-C bending / C-C torsion,delta(C4-C2-C5),angle,0.5652624804493075,+,0.00915317305233755,0.5782641285567409
17,379.9564540242055,,,mixed C-C-C bending / C-C torsion,delta(C2-C3-H13),angle,0.4657823183523199,-,-0.008792419289712838,0.5163993140346653
17,379.9564540242055,,,mixed C-C-C bending / C-C torsion,delta(C2-C5-O6),angle,0.4432769994607065,+,0.008335551940509668,0.5467967349904848
17,379.9564540242055,,,mixed C-C-C bending / C-C torsion,delta(C5-C7-H20),angle,0.4096459384331269,+,0.010451670052788442,0.3214080207257505
17,379.9564540242055,,,mixed C-C-C bending / C-C torsion,delta(C2-C4-H18),angle,0.3167569904701396,+,0.008410980272097062,0.38375356114596126
17,379.9564540242055,,,mixed C-C-C bending / C-C torsion,nu(C2-C4),bond,0.2895995332501232,+,0.009807994429188381,0.258022082351197
17,379.9564540242055,,,mixed C-C-C bending / C-C torsion,nu(C2-C3),bond,0.2855803221933776,-,-0.00974291603990993,0.25785158094323446
17,379.9564540242055,,,mixed C-C-C bending / C-C torsion,delta(C8-C7-H20),angle,0.2360502360908884,+,0.008000393157319404,0.3160830584568552
17,379.9564540242055,,,mixed C-C-C bending / C-C torsion,tau(C4-C2-C3-H15),dihedral,0.18178310925451227,-,-0.005943430210346551,0.44106097360664287
17,379.9564540242055,,,mixed C-C-C bending / C-C torsion,delta(C2-C5-C7),angle,0.18149795072190636,+,0.005578706276867637,0.49983213360108397
17,379.9564540242055,,,mixed C-C-C bending / C-C torsion,delta(H10-C1-H12),angle,0.17719050855524368,-,-0.007383581467342256,0.2785644886096331
17,379.9564540242055,,,mixed C-C-C bending / C-C torsion,delta(H11-C1-H12),angle,0.1423383639637521,+,0.006734770629516106,0.26896501294538183
17,379.9564540242055,,,mixed C-C-C bending / C-C torsion,delta(C7-C8-O9),angle,0.08006243163216854,+,0.004263758702272633,0.3774530837938862
17,379.9564540242055,,,mixed C-C-C bending / C-C torsion,delta(H19-C7-H20),angle,0.07758305194626011,+,0.005129702783099677,0.25269805183984145
17,379.9564540242055,,,mixed C-C-C bending / C-C torsion,delta(H13-C3-H15),angle,0.0715345510614545,-,-0.0036559545941661684,0.4587052477560685
17,379.9564540242055,,,mixed C-C-C bending / C-C torsion,delta(H13-C3-H14),angle,0.052774311929792886,+,0.0031345268808479917,0.46036046686424154
17,379.9564540242055,,,mixed C-C-C bending / C-C torsion,tau(C2-C5-C7-C8),dihedral,0.04882686485743438,-,-0.015910161538960504,0.016532140990367292
17,379.9564540242055,,,mixed C-C-C bending / C-C torsion,nu(C7-C8),bond,0.04123638579695504,-,-0.003757975492296486,0.25026040691544066
17,379.9564540242055,,,mixed C-C-C bending / C-C torsion,"gamma(H21;C8,C7,O9)",oop,0.03936726232403738,-,-0.0060211235586341855,0.09306782716686272
17,379.9564540242055,,,mixed C-C-C bending / C-C torsion,delta(C3-C2-C4),angle,0.03362997431561054,-,-0.002575756355208614,0.43444661207745067
17,379.9564540242055,,,mixed C-C-C bending / C-C torsion,nu(C5-C7),bond,0.03148470091916861,-,-0.003387755655861121,0.2351228587387024
17,379.9564540242055,,,mixed C-C-C bending / C-C torsion,tau(C3-C2-C4-H16),dihedral,0.028212097251633133,+,0.003729042538706329,0.17388420593529577
17,379.9564540242055,,,mixed C-C-C bending / C-C torsion,delta(H17-C4-H18),angle,0.025275087743129806,-,-0.0028797779685601787,0.26121258767795735
17,379.9564540242055,,,mixed C-C-C bending / C-C torsion,delta(C8-C7-H19),angle,0.022829115330280713,+,0.0028249669880989,0.24517815193377318
17,379.9564540242055,,,mixed C-C-C bending / C-C torsion,delta(H14-C3-H15),angle,0.02236484465165404,+,0.002135853095474496,0.4201869577691483
17,379.9564540242055,,,mixed C-C-C bending / C-C torsion,nu(C8-O9),bond,0.00930336071869491,-,-0.0009633208298594069,0.8592457588862482
17,379.9564540242055,,,mixed C-C-C bending / C-C torsion,delta(C2-C1-H12),angle,0.005340540978242603,-,-0.0011979274574875094,0.3189654565728886
17,379.9564540242055,,,mixed C-C-C bending / C-C torsion,nu(C1-H10),bond,0.003914094061979649,+,0.0009937369294407798,0.3397096146008398
17,379.9564540242055,,,mixed C-C-C bending / C-C torsion,nu(C7-H19),bond,0.002645627479575567,-,-0.0008297862417612755,0.32931815426212097
17,379.9564540242055,,,mixed C-C-C bending / C-C torsion,tau(H20-C7-C8-H21),dihedral,0.0018964834781587411,+,0.0035038265616306225,0.013239857220979551
17,379.9564540242055,,,mixed C-C-C bending / C-C torsion,nu(C1-H11),bond,0.0018429887112104567,-,-0.0006815779462038797,0.3400251612828106
17,379.9564540242055,,,mixed C-C-C bending / C-C torsion,nu(C1-C2),bond,0.001576667093444674,+,0.000704373554841097,0.27236629187229455
17,379.9564540242055,,,mixed C-C-C bending / C-C torsion,"gamma(H16;C4,H17,H18)",oop,0.0010926732689865565,-,-0.0006467732765619947,0.22387501255021114
17,379.9564540242055,,,mixed C-C-C bending / C-C torsion,delta(H10-C1-H11),angle,0.0010882143668094954,+,0.000583995793244261,0.27347300138974184
17,379.9564540242055,,,mixed C-C-C bending / C-C torsion,nu(C4-H17),bond,0.0008076136617105272,+,0.0004523405156971377,0.33829230452961256
17,379.9564540242055,,,mixed C-C-C bending / C-C torsion,nu(C3-H14),bond,0.0006791148757861523,-,-0.00041500779840813985,0.3379482234159411
17,379.9564540242055,,,mixed C-C-C bending / C-C torsion,nu(C8-H21),bond,0.0003922666730484346,+,0.00033130815157172657,0.30629267332827326
17,379.9564540242055,,,mixed C-C-C bending / C-C torsion,delta(O9-C8-H21),angle,0.00021467647962401237,+,0.0002501041834485242,0.2941453531375008
17,379.9564540242055,,,mixed C-C-C bending / C-C torsion,nu(C7-H20),bond,0.00013111050943368833,-,-0.00017967160931765247,0.3480951950804118
17,379.9564540242055,,,mixed C-C-C bending / C-C torsion,nu(C3-H13),bond,7.396819258867875e-05,-,-0.00013749899502647314,0.33532458692209965
17,379.9564540242055,,,mixed C-C-C bending / C-C torsion,nu(C3-H15),bond,7.34105093123741e-05,-,-0.00013703971537823727,0.33503083561306585
17,379.9564540242055,,,mixed C-C-C bending / C-C torsion,nu(C4-H18),bond,9.218004837380046e-06,+,4.854918000569996e-05,0.33519117262733306
17,379.9564540242055,,,mixed C-C-C bending / C-C torsion,nu(C4-H16),bond,8.36584267127769e-06,+,4.624398923127488e-05,0.3352884162928494
17,379.9564540242055,,,mixed C-C-C bending / C-C torsion,nu(C2-C5),bond,3.50180739174709e-06,-,-3.5305825252216005e-05,0.24077919590071512
17,379.9564540242055,,,mixed C-C-C bending / C-C torsion,nu(C1-H12),bond,7.853691510402262e-07,+,1.4165296270965147e-05,0.33546093490188217
17,379.9564540242055,,,mixed C-C-C bending / C-C torsion,nu(C5-O6),bond,8.443352091229001e-08,-,-2.966378856806523e-06,0.8223962194579738
18,447.76923968345665,,,mixed C-C-C bending / C-C torsion / C-C-O bending,tau(C4-C2-C3-H15),dihedral,14.19007200459517,-,-0.06695621950368015,0.44106097360664287
18,447.76923968345665,,,mixed C-C-C bending / C-C torsion / C-C-O bending,delta(C7-C8-O9),angle,11.644130481214331,+,0.06556468567514258,0.3774530837938862
18,447.76923968345665,,,mixed C-C-C bending / C-C torsion / C-C-O bending,delta(C1-C2-C3),angle,11.524333944330001,+,0.052800691482056454,0.5760132793691867
18,447.76923968345665,,,mixed C-C-C bending / C-C torsion / C-C-O bending,delta(C3-C2-C5),angle,10.032039754387489,-,-0.0491788826495304,0.5779999640555233
18,447.76923968345665,,,mixed C-C-C bending / C-C torsion / C-C-O bending,delta(C2-C5-C7),angle,8.391772837495292,+,0.04836851053048011,0.49983213360108397
18,447.76923968345665,,,mixed C-C-C bending / C-C torsion / C-C-O bending,tau(C3-C2-C4-H16),dihedral,8.28433465732621,+,0.08147918753298337,0.17388420593529577
18,447.76923968345665,,,mixed C-C-C bending / C-C torsion / C-C-O bending,delta(C4-C2-C5),angle,6.763557300293043,-,-0.040371269037512654,0.5782641285567409
18,447.76923968345665,,,mixed C-C-C bending / C-C torsion / C-C-O bending,nu(C5-C7),bond,5.7614225244208965,+,0.058433967827887116,0.2351228587387024
18,447.76923968345665,,,mixed C-C-C bending / C-C torsion / C-C-O bending,delta(C3-C2-C4),angle,3.681501784195003,-,-0.03436309248499003,0.43444661207745067
18,447.76923968345665,,,mixed C-C-C bending / C-C torsion / C-C-O bending,delta(C2-C5-O6),angle,3.538026353300398,-,-0.030027246980826726,0.5467967349904848
18,447.76923968345665,,,mixed C-C-C bending / C-C torsion / C-C-O bending,delta(C8-C7-H20),angle,2.2802815055118475,+,0.03170600791456261,0.3160830584568552
18,447.76923968345665,,,mixed C-C-C bending / C-C torsion / C-C-O bending,nu(C1-C2),bond,2.1117985015088094,+,0.03286983320955502,0.27236629187229455
18,447.76923968345665,,,mixed C-C-C bending / C-C torsion / C-C-O bending,delta(C2-C3-H13),angle,1.7452097803576847,+,0.021700959252089227,0.5163993140346653
18,447.76923968345665,,,mixed C-C-C bending / C-C torsion / C-C-O bending,nu(C7-C8),bond,1.3683410778378329,+,0.02760254012912279,0.25026040691544066
18,447.76923968345665,,,mixed C-C-C bending / C-C torsion / C-C-O bending,delta(C5-C7-H20),angle,1.2908945532591394,+,0.023657288697923114,0.3214080207257505
18,447.76923968345665,,,mixed C-C-C bending / C-C torsion / C-C-O bending,tau(C1-C2-C3-H14),dihedral,1.199546308949647,+,0.019695563443609607,0.43089959044862763
18,447.76923968345665,,,mixed C-C-C bending / C-C torsion / C-C-O bending,delta(C2-C4-H18),angle,1.090226147125429,+,0.01989665310796564,0.38375356114596126
18,447.76923968345665,,,mixed C-C-C bending / C-C torsion / C-C-O bending,delta(C8-C7-H19),angle,0.8748511057861625,-,-0.022298421971594044,0.24517815193377318
18,447.76923968345665,,,mixed C-C-C bending / C-C torsion / C-C-O bending,delta(O9-C8-H21),angle,0.8278643798383966,-,-0.019803709325107353,0.2941453531375008
18,447.76923968345665,,,mixed C-C-C bending / C-C torsion / C-C-O bending,tau(H20-C7-C8-H21),dihedral,0.7186861649864383,+,0.086971294088228,0.013239857220979551
18,447.76923968345665,,,mixed C-C-C bending / C-C torsion / C-C-O bending,delta(C2-C4-H16),angle,0.4310227122927188,+,0.013841328988809283,0.31350209999061956
18,447.76923968345665,,,mixed C-C-C bending / C-C torsion / C-C-O bending,delta(C2-C3-H15),angle,0.4074172650255289,+,0.013470741465719095,0.31286163337936146
18,447.76923968345665,,,mixed C-C-C bending / C-C torsion / C-C-O bending,nu(C2-C4),bond,0.281960485620679,-,-0.0123399564718712,0.258022082351197
18,447.76923968345665,,,mixed C-C-C bending / C-C torsion / C-C-O bending,"gamma(C7;C5,C2,O6)",oop,0.23610252647314683,-,-0.01645032934414857,0.12157585193261175
18,447.76923968345665,,,mixed C-C-C bending / C-C torsion / C-C-O bending,nu(C5-O6),bond,0.2361020404480414,-,-0.0063249523542811105,0.8223962194579738
18,447.76923968345665,,,mixed C-C-C bending / C-C torsion / C-C-O bending,nu(C2-C3),bond,0.20636656956845206,-,-0.010560457034850344,0.25785158094323446
18,447.76923968345665,,,mixed C-C-C bending / C-C torsion / C-C-O bending,delta(C5-C7-C8),angle,0.18594565641357885,-,-0.008927009320543858,0.32513965682623924
18,447.76923968345665,,,mixed C-C-C bending / C-C torsion / C-C-O bending,tau(C1-C2-C5-C7),dihedral,0.1263203869525053,-,-0.02011793095676434,0.04349133132405001
18,447.76923968345665,,,mixed C-C-C bending / C-C torsion / C-C-O bending,delta(H13-C3-H15),angle,0.10332215692203359,+,0.005602447794527682,0.4587052477560685
18,447.76923968345665,,,mixed C-C-C bending / C-C torsion / C-C-O bending,tau(C1-C2-C4-H17),dihedral,0.09118767654680747,-,-0.008465703216269618,0.1772988640303949
18,447.76923968345665,,,mixed C-C-C bending / C-C torsion / C-C-O bending,tau(C2-C5-C7-C8),dihedral,0.07321205959809711,-,-0.024841321916027222,0.016532140990367292
18,447.76923968345665,,,mixed C-C-C bending / C-C torsion / C-C-O bending,nu(C2-C5),bond,0.06719730881336498,-,-0.006236119101486681,0.24077919590071512
18,447.76923968345665,,,mixed C-C-C bending / C-C torsion / C-C-O bending,nu(C8-O9),bond,0.06488484055048489,+,0.0032438507422523897,0.8592457588862482
18,447.76923968345665,,,mixed C-C-C bending / C-C torsion / C-C-O bending,delta(H13-C3-H14),angle,0.06447009970363951,-,-0.004417515690726137,0.46036046686424154
18,447.76923968345665,,,mixed C-C-C bending / C-C torsion / C-C-O bending,delta(H14-C3-H15),angle,0.03563131074291015,-,-0.003437498806323368,0.4201869577691483
18,447.76923968345665,,,mixed C-C-C bending / C-C torsion / C-C-O bending,delta(H19-C7-H20),angle,0.02396254086807702,+,0.0036350754299686815,0.25269805183984145
18,447.76923968345665,,,mixed C-C-C bending / C-C torsion / C-C-O bending,delta(H17-C4-H18),angle,0.018653194100944046,-,-0.0031544779406118524,0.26121258767795735
18,447.76923968345665,,,mixed C-C-C bending / C-C torsion / C-C-O bending,"gamma(H21;C8,C7,O9)",oop,0.009586378667309192,+,0.003788571111374523,0.09306782716686272
18,447.76923968345665,,,mixed C-C-C bending / C-C torsion / C-C-O bending,nu(C8-H21),bond,0.004259796826624836,+,0.0013921116868026915,0.30629267332827326
18,447.76923968345665,,,mixed C-C-C bending / C-C torsion / C-C-O bending,nu(C3-H14),bond,0.003683564712655899,-,-0.0012324150944465061,0.3379482234159411
18,447.76923968345665,,,mixed C-C-C bending / C-C torsion / C-C-O bending,delta(C2-C1-H12),angle,0.002504791237894471,+,0.001046072734044802,0.3189654565728886
18,447.76923968345665,,,mixed C-C-C bending / C-C torsion / C-C-O bending,delta(H10-C1-H12),angle,0.0023390997244412824,+,0.0010817064859353078,0.2785644886096331
18,447.76923968345665,,,mixed C-C-C bending / C-C torsion / C-C-O bending,"gamma(H16;C4,H17,H18)",oop,0.001983699848902481,-,-0.0011111766566702503,0.22387501255021114
18,447.76923968345665,,,mixed C-C-C bending / C-C torsion / C-C-O bending,delta(H11-C1-H12),angle,0.0010130986954228658,+,0.0007244792038042985,0.26896501294538183
18,447.76923968345665,,,mixed C-C-C bending / C-C torsion / C-C-O bending,nu(C1-H12),bond,0.0009175585375893898,+,0.0006173676297760008,0.33546093490188217
18,447.76923968345665,,,mixed C-C-C bending / C-C torsion / C-C-O bending,delta(H10-C1-H11),angle,0.00025897628323842437,+,0.00036326261843471337,0.27347300138974184
18,447.76923968345665,,,mixed C-C-C bending / C-C torsion / C-C-O bending,nu(C1-H11),bond,0.0002106619139560667,+,0.0002938227545815057,0.3400251612828106
18,447.76923968345665,,,mixed C-C-C bending / C-C torsion / C-C-O bending,nu(C1-H10),bond,0.00015508352995338088,+,0.00025221845456925194,0.3397096146008398
18,447.76923968345665,,,mixed C-C-C bending / C-C torsion / C-C-O bending,nu(C4-H16),bond,0.00014612445893241613,-,-0.00024643371497535475,0.3352884162928494
18,447.76923968345665,,,mixed C-C-C bending / C-C torsion / C-C-O bending,nu(C3-H13),bond,9.141033264024951e-05,-,-0.00019490046994264558,0.33532458692209965
18,447.76923968345665,,,mixed C-C-C bending / C-C torsion / C-C-O bending,nu(C4-H17),bond,6.538207674282326e-05,+,0.00016410856086233845,0.33829230452961256
18,447.76923968345665,,,mixed C-C-C bending / C-C torsion / C-C-O bending,nu(C7-H20),bond,5.033238458925969e-05,-,-0.00014194584342025647,0.3480951950804118
18,447.76923968345665,,,mixed C-C-C bending / C-C torsion / C-C-O bending,nu(C4-H18),bond,4.7774717149361767e-05,-,-0.00014092911237582892,0.33519117262733306
18,447.76923968345665,,,mixed C-C-C bending / C-C torsion / C-C-O bending,delta(C2-C1-H10),angle,2.53055794039239e-05,-,-0.00010521760111328159,0.31851902309095165
18,447.76923968345665,,,mixed C-C-C bending / C-C torsion / C-C-O bending,nu(C3-H15),bond,5.42161964783351e-06,-,-4.748649045697217e-05,0.33503083561306585
18,447.76923968345665,,,mixed C-C-C bending / C-C torsion / C-C-O bending,tau(H12-C1-C2-C5),dihedral,3.9825707546337824e-06,+,0.00014767599913719144,0.02544717321698012
18,447.76923968345665,,,mixed C-C-C bending / C-C torsion / C-C-O bending,nu(C7-H19),bond,1.5589219111969093e-06,-,-2.5683386363734745e-05,0.32931815426212097
19,491.89779710407896,,,mixed C-C-C bending / C-C-O bending / C-C torsion,delta(C7-C8-O9),angle,27.786418845316028,-,-0.10590433068633605,0.3774530837938862
19,491.89779710407896,,,mixed C-C-C bending / C-C-O bending / C-C torsion,delta(C2-C5-C7),angle,15.475954019788501,+,0.06868241363832672,0.49983213360108397
19,491.89779710407896,,,mixed C-C-C bending / C-C-O bending / C-C torsion,delta(C4-C2-C5),angle,11.690585078541176,-,-0.05549884141930582,0.5782641285567409
19,491.89779710407896,,,mixed C-C-C bending / C-C-O bending / C-C torsion,tau(C4-C2-C3-H15),dihedral,9.65017596834649,-,-0.057736070191913895,0.44106097360664287
19,491.89779710407896,,,mixed C-C-C bending / C-C-O bending / C-C torsion,delta(C8-C7-H20),angle,6.277971895672313,-,-0.05500953754763546,0.3160830584568552
19,491.89779710407896,,,mixed C-C-C bending / C-C-O bending / C-C torsion,delta(C1-C2-C3),angle,4.5382068312215535,+,0.03464613669844247,0.5760132793691867
19,491.89779710407896,,,mixed C-C-C bending / C-C-O bending / C-C torsion,tau(C3-C2-C4-H16),dihedral,2.9451782784945415,+,0.050798939519116154,0.17388420593529577
19,491.89779710407896,,,mixed C-C-C bending / C-C-O bending / C-C torsion,delta(C5-C7-H20),angle,2.7408501003413552,+,0.03604484869050247,0.3214080207257505
19,491.89779710407896,,,mixed C-C-C bending / C-C-O bending / C-C torsion,delta(C3-C2-C5),angle,2.427783062393807,-,-0.025297054287410956,0.5779999640555233
19,491.89779710407896,,,mixed C-C-C bending / C-C-O bending / C-C torsion,delta(C2-C4-H18),angle,1.9367441090079343,+,0.02772929527414904,0.38375356114596126
19,491.89779710407896,,,mixed C-C-C bending / C-C-O bending / C-C torsion,delta(C5-C7-C8),angle,1.8305634783284723,+,0.029287772681231592,0.32513965682623924
19,491.89779710407896,,,mixed C-C-C bending / C-C-O bending / C-C torsion,tau(C1-C2-C4-H17),dihedral,1.8045493328661435,-,-0.03937860463184462,0.1772988640303949
19,491.89779710407896,,,mixed C-C-C bending / C-C-O bending / C-C torsion,delta(O9-C8-H21),angle,1.6997390733945508,+,0.029671469319309272,0.2941453531375008
19,491.89779710407896,,,mixed C-C-C bending / C-C-O bending / C-C torsion,nu(C5-C7),bond,1.6426952295941124,-,-0.03262571146773457,0.2351228587387024
19,491.89779710407896,,,mixed C-C-C bending / C-C-O bending / C-C torsion,delta(C2-C3-H13),angle,1.3269478609704741,+,0.01978622853028617,0.5163993140346653
19,491.89779710407896,,,mixed C-C-C bending / C-C-O bending / C-C torsion,tau(C1-C2-C3-H14),dihedral,1.3250701939826954,+,0.021645136141834685,0.43089959044862763
19,491.89779710407896,,,mixed C-C-C bending / C-C-O bending / C-C torsion,delta(C2-C5-O6),angle,1.0402792457353225,+,0.017025149358018712,0.5467967349904848
19,491.89779710407896,,,mixed C-C-C bending / C-C-O bending / C-C torsion,nu(C1-C2),bond,0.8188246541573854,+,0.02140167161452771,0.27236629187229455
19,491.89779710407896,,,mixed C-C-C bending / C-C-O bending / C-C torsion,nu(C7-C8),bond,0.6831504931601965,-,-0.020393465839287542,0.25026040691544066
19,491.89779710407896,,,mixed C-C-C bending / C-C-O bending / C-C torsion,delta(C8-C7-H19),angle,0.5019099536625253,+,0.01766041645289,0.24517815193377318
19,491.89779710407896,,,mixed C-C-C bending / C-C-O bending / C-C torsion,tau(H20-C7-C8-H21),dihedral,0.3739761370291961,+,0.06560081193725795,0.013239857220979551
19,491.89779710407896,,,mixed C-C-C bending / C-C-O bending / C-C torsion,delta(C3-C2-C4),angle,0.3213378148599543,+,0.010615528740751745,0.43444661207745067
19,491.89779710407896,,,mixed C-C-C bending / C-C-O bending / C-C torsion,nu(C2-C5),bond,0.276491797451488,+,0.013226976010747522,0.24077919590071512
19,491.89779710407896,,,mixed C-C-C bending / C-C-O bending / C-C torsion,"gamma(C7;C5,C2,O6)",oop,0.1405738381914816,-,-0.013272645975727472,0.12157585193261175
19,491.89779710407896,,,mixed C-C-C bending / C-C-O bending / C-C torsion,tau(C1-C2-C5-C7),dihedral,0.12976591816510624,+,0.021321015738571574,0.04349133132405001
19,491.89779710407896,,,mixed C-C-C bending / C-C-O bending / C-C torsion,delta(C2-C1-H12),angle,0.11781447579562615,+,0.007501643499812923,0.3189654565728886
19,491.89779710407896,,,mixed C-C-C bending / C-C-O bending / C-C torsion,nu(C2-C3),bond,0.09279669728891594,+,0.007404747953842325,0.25785158094323446
19,491.89779710407896,,,mixed C-C-C bending / C-C-O bending / C-C torsion,nu(C5-O6),bond,0.08610164747595718,-,-0.003993871594580034,0.8223962194579738
19,491.89779710407896,,,mixed C-C-C bending / C-C-O bending / C-C torsion,delta(C2-C4-H16),angle,0.08434861062050576,-,-0.006402471580363836,0.31350209999061956
19,491.89779710407896,,,mixed C-C-C bending / C-C-O bending / C-C torsion,tau(H12-C1-C2-C5),dihedral,0.05858744741977937,-,-0.018728863965297653,0.02544717321698012
19,491.89779710407896,,,mixed C-C-C bending / C-C-O bending / C-C torsion,nu(C8-O9),bond,0.04186568370532383,-,-0.002724578437537274,0.8592457588862482
19,491.89779710407896,,,mixed C-C-C bending / C-C-O bending / C-C torsion,tau(C2-C5-C7-C8),dihedral,0.03772156247066422,+,0.018644863420245766,0.016532140990367292
19,491.89779710407896,,,mixed C-C-C bending / C-C-O bending / C-C torsion,delta(H13-C3-H15),angle,0.032208779144553217,+,0.00327076391151398,0.4587052477560685
19,491.89779710407896,,,mixed C-C-C bending / C-C-O bending / C-C torsion,delta(H14-C3-H15),angle,0.016268440682686913,-,-0.0024287376197613493,0.4201869577691483
19,491.89779710407896,,,mixed C-C-C bending / C-C-O bending / C-C torsion,nu(C8-H21),bond,0.013421034068317468,-,-0.002583768534610932,0.30629267332827326
19,491.89779710407896,,,mixed C-C-C bending / C-C-O bending / C-C torsion,"gamma(H16;C4,H17,H18)",oop,0.00670752419829361,+,0.002136521326797701,0.22387501255021114
19,491.89779710407896,,,mixed C-C-C bending / C-C-O bending / C-C torsion,delta(H13-C3-H14),angle,0.005703108517794804,+,0.0013738386387979757,0.46036046686424154
19,491.89779710407896,,,mixed C-C-C bending / C-C-O bending / C-C torsion,delta(H19-C7-H20),angle,0.005593427152334996,-,-0.0018363986554297193,0.25269805183984145
19,491.89779710407896,,,mixed C-C-C bending / C-C-O bending / C-C torsion,delta(H10-C1-H12),angle,0.003936174689735835,+,0.0014672469863910203,0.2785644886096331
19,491.89779710407896,,,mixed C-C-C bending / C-C-O bending / C-C torsion,delta(H10-C1-H11),angle,0.0023580881931539654,-,-0.0011461770629723348,0.27347300138974184
19,491.89779710407896,,,mixed C-C-C bending / C-C-O bending / C-C torsion,nu(C7-H19),bond,0.0014506231123641881,-,-0.0008192159132318863,0.32931815426212097
19,491.89779710407896,,,mixed C-C-C bending / C-C-O bending / C-C torsion,delta(C2-C1-H10),angle,0.0012376406415771286,-,-0.00076941121699344,0.31851902309095165
19,491.89779710407896,,,mixed C-C-C bending / C-C-O bending / C-C torsion,nu(C2-C4),bond,0.0011003641174838047,-,-0.0008060624528843659,0.258022082351197
19,491.89779710407896,,,mixed C-C-C bending / C-C-O bending / C-C torsion,nu(C3-H14),bond,0.0009048936375740213,+,0.0006387083639375237,0.3379482234159411
19,491.89779710407896,,,mixed C-C-C bending / C-C-O bending / C-C torsion,nu(C1-H11),bond,0.0007660366231676966,+,0.0005858658162461706,0.3400251612828106
19,491.89779710407896,,,mixed C-C-C bending / C-C-O bending / C-C torsion,delta(H17-C4-H18),angle,0.0007346103643206225,+,0.0006545764776299535,0.26121258767795735
19,491.89779710407896,,,mixed C-C-C bending / C-C-O bending / C-C torsion,nu(C4-H16),bond,0.0006814456012728417,+,0.0005564616528207607,0.3352884162928494
19,491.89779710407896,,,mixed C-C-C bending / C-C-O bending / C-C torsion,nu(C1-H12),bond,0.0005476258186560689,+,0.0004987120950101185,0.33546093490188217
19,491.89779710407896,,,mixed C-C-C bending / C-C-O bending / C-C torsion,delta(C2-C3-H15),angle,0.0004341517984406714,-,-0.00045980487118550483,0.31286163337936146
19,491.89779710407896,,,mixed C-C-C bending / C-C-O bending / C-C torsion,"gamma(H21;C8,C7,O9)",oop,0.0003846695100475392,+,0.0007935476587834408,0.09306782716686272
19,491.89779710407896,,,mixed C-C-C bending / C-C-O bending / C-C torsion,nu(C1-H10),bond,0.000284623773210043,+,0.00035728154717269977,0.3397096146008398
19,491.89779710407896,,,mixed C-C-C bending / C-C-O bending / C-C torsion,nu(C4-H17),bond,9.985238048700039e-05,-,-0.00021206161865650074,0.33829230452961256
19,491.89779710407896,,,mixed C-C-C bending / C-C-O bending / C-C torsion,nu(C3-H13),bond,8.449083853204033e-05,+,0.00019593004168146538,0.33532458692209965
19,491.89779710407896,,,mixed C-C-C bending / C-C-O bending / C-C torsion,nu(C4-H18),bond,4.6389427036312e-05,-,-0.00014520853293437732,0.33519117262733306
19,491.89779710407896,,,mixed C-C-C bending / C-C-O bending / C-C torsion,nu(C7-H20),bond,3.6945342196408924e-05,+,0.00012716270343701,0.3480951950804118
19,491.89779710407896,,,mixed C-C-C bending / C-C-O bending / C-C torsion,nu(C3-H15),bond,2.9716291472423483e-05,+,0.00011624755688776645,0.33503083561306585
19,491.89779710407896,,,mixed C-C-C bending / C-C-O bending / C-C torsion,delta(H11-C1-H12),angle,8.625734857337307e-09,+,2.2104417603389287e-06,0.26896501294538183
20,575.6930771392636,,,mixed C-C-O bending / C-H bending / C-C stretching,delta(C2-C5-O6),angle,28.061636364680666,+,0.09380955204966805,0.5467967349904848
20,575.6930771392636,,,mixed C-C-O bending / C-H bending / C-C stretching,delta(C7-C8-O9),angle,11.832792810156366,+,0.07331885318822763,0.3774530837938862
20,575.6930771392636,,,mixed C-C-O bending / C-H bending / C-C stretching,nu(C2-C5),bond,6.668463790978296,+,0.06891391787647223,0.24077919590071512
20,575.6930771392636,,,mixed C-C-O bending / C-H bending / C-C stretching,tau(C1-C2-C3-H14),dihedral,5.811207147784742,+,0.048089322643571256,0.43089959044862763
20,575.6930771392636,,,mixed C-C-O bending / C-H bending / C-C stretching,nu(C2-C3),bond,5.261343541439548,+,0.059151662193962784,0.25785158094323446
20,575.6930771392636,,,mixed C-C-O bending / C-H bending / C-C stretching,delta(C8-C7-H20),angle,4.696649666745738,+,0.05047740219256308,0.3160830584568552
20,575.6930771392636,,,mixed C-C-O bending / C-H bending / C-C stretching,delta(C2-C5-C7),angle,4.409842890427719,-,-0.038895825607559296,0.49983213360108397
20,575.6930771392636,,,mixed C-C-O bending / C-H bending / C-C stretching,delta(C2-C1-H12),angle,4.088159571124321,+,0.04688086493258992,0.3189654565728886
20,575.6930771392636,,,mixed C-C-O bending / C-H bending / C-C stretching,delta(C3-C2-C4),angle,4.06907134617291,+,0.040075870740692014,0.43444661207745067
20,575.6930771392636,,,mixed C-C-O bending / C-H bending / C-C stretching,delta(C8-C7-H19),angle,3.4483282106924915,-,-0.04910966099562172,0.24517815193377318
20,575.6930771392636,,,mixed C-C-O bending / C-H bending / C-C stretching,tau(C1-C2-C4-H17),dihedral,2.9226693090397537,-,-0.05316678328001619,0.1772988640303949
20,575.6930771392636,,,mixed C-C-O bending / C-H bending / C-C stretching,nu(C2-C4),bond,2.9113159916073514,+,0.04398653551609586,0.258022082351197
20,575.6930771392636,,,mixed C-C-O bending / C-H bending / C-C stretching,delta(C1-C2-C3),angle,2.118496740048457,+,0.025113149057331276,0.5760132793691867
20,575.6930771392636,,,mixed C-C-O bending / C-H bending / C-C stretching,"gamma(C7;C5,C2,O6)",oop,1.841723598044818,-,-0.050967354037191534,0.12157585193261175
20,575.6930771392636,,,mixed C-C-O bending / C-H bending / C-C stretching,delta(C4-C2-C5),angle,1.458799017066156,-,-0.020798792728390192,0.5782641285567409
20,575.6930771392636,,,mixed C-C-O bending / C-H bending / C-C stretching,tau(C4-C2-C3-H15),dihedral,1.2391861236470911,-,-0.02194939110824049,0.44106097360664287
20,575.6930771392636,,,mixed C-C-O bending / C-H bending / C-C stretching,tau(C3-C2-C4-H16),dihedral,1.1258497370010825,+,0.03332066569643042,0.17388420593529577
20,575.6930771392636,,,mixed C-C-O bending / C-H bending / C-C stretching,tau(H20-C7-C8-H21),dihedral,1.1132908214728179,+,0.12007875755632828,0.013239857220979551
20,575.6930771392636,,,mixed C-C-O bending / C-H bending / C-C stretching,delta(C2-C4-H18),angle,0.959556922168794,+,0.020706785479620342,0.38375356114596126
20,575.6930771392636,,,mixed C-C-O bending / C-H bending / C-C stretching,delta(C5-C7-C8),angle,0.8223201070041807,+,0.02082519158667745,0.32513965682623924
20,575.6930771392636,,,mixed C-C-O bending / C-H bending / C-C stretching,delta(C2-C4-H16),angle,0.7392271318327819,-,-0.020108155927495937,0.31350209999061956
20,575.6930771392636,,,mixed C-C-O bending / C-H bending / C-C stretching,delta(O9-C8-H21),angle,0.667766789171869,-,-0.019730356584777113,0.2941453531375008
20,575.6930771392636,,,mixed C-C-O bending / C-H bending / C-C stretching,nu(C5-C7),bond,0.6373086325652079,-,-0.021559118324148287,0.2351228587387024
20,575.6930771392636,,,mixed C-C-O bending / C-H bending / C-C stretching,delta(C2-C1-H10),angle,0.5327265535150826,-,-0.016935109417643538,0.31851902309095165
20,575.6930771392636,,,mixed C-C-O bending / C-H bending / C-C stretching,"gamma(H21;C8,C7,O9)",oop,0.44524058472383177,+,0.028641852713222223,0.09306782716686272
20,575.6930771392636,,,mixed C-C-O bending / C-H bending / C-C stretching,delta(C5-C7-H20),angle,0.36004566238325153,+,0.01385970410928185,0.3214080207257505
20,575.6930771392636,,,mixed C-C-O bending / C-H bending / C-C stretching,nu(C5-O6),bond,0.3137512129040779,+,0.008088270670734,0.8223962194579738
20,575.6930771392636,,,mixed C-C-O bending / C-H bending / C-C stretching,delta(C2-C3-H15),angle,0.29471948218344035,-,-0.012709597315313606,0.31286163337936146
20,575.6930771392636,,,mixed C-C-O bending / C-H bending / C-C stretching,nu(C7-C8),bond,0.28255787423995465,+,0.013914293386567463,0.25026040691544066
20,575.6930771392636,,,mixed C-C-O bending / C-H bending / C-C stretching,delta(C2-C3-H13),angle,0.2580643185334955,+,0.009257094009598904,0.5163993140346653
20,575.6930771392636,,,mixed C-C-O bending / C-H bending / C-C stretching,delta(H10-C1-H11),angle,0.17519812654219014,-,-0.010481200347551008,0.27347300138974184
20,575.6930771392636,,,mixed C-C-O bending / C-H bending / C-C stretching,delta(C3-C2-C5),angle,0.08321272434353791,+,0.004968605170110829,0.5779999640555233
20,575.6930771392636,,,mixed C-C-O bending / C-H bending / C-C stretching,tau(C1-C2-C5-C7),dihedral,0.07525660897960454,-,-0.017225605381791992,0.04349133132405001
20,575.6930771392636,,,mixed C-C-O bending / C-H bending / C-C stretching,tau(H12-C1-C2-C5),dihedral,0.0601912976989407,-,-0.020139588958868717,0.02544717321698012
20,575.6930771392636,,,mixed C-C-O bending / C-H bending / C-C stretching,delta(H17-C4-H18),angle,0.038036847044242074,+,0.0049969928330465,0.26121258767795735
20,575.6930771392636,,,mixed C-C-O bending / C-H bending / C-C stretching,delta(H19-C7-H20),angle,0.031208052346866737,+,0.004601886554181054,0.25269805183984145
20,575.6930771392636,,,mixed C-C-O bending / C-H bending / C-C stretching,"gamma(H16;C4,H17,H18)",oop,0.024590105259613117,+,0.004339911810694555,0.22387501255021114
20,575.6930771392636,,,mixed C-C-O bending / C-H bending / C-C stretching,delta(H10-C1-H12),angle,0.02073982068165094,+,0.003573083331141183,0.2785644886096331
20,575.6930771392636,,,mixed C-C-O bending / C-H bending / C-C stretching,nu(C1-C2),bond,0.01882212897830414,-,-0.0034423990695456996,0.27236629187229455
20,575.6930771392636,,,mixed C-C-O bending / C-H bending / C-C stretching,nu(C8-O9),bond,0.014010025321587178,+,0.0016721078422477118,0.8592457588862482
20,575.6930771392636,,,mixed C-C-O bending / C-H bending / C-C stretching,delta(H14-C3-H15),angle,0.013024769290986065,-,-0.002305511314043132,0.4201869577691483
20,575.6930771392636,,,mixed C-C-O bending / C-H bending / C-C stretching,tau(C2-C5-C7-C8),dihedral,0.01163344847913667,+,0.010984826641632865,0.016532140990367292
20,575.6930771392636,,,mixed C-C-O bending / C-H bending / C-C stretching,delta(H13-C3-H15),angle,0.008093212641564153,-,-0.0017393906992370111,0.4587052477560685
20,575.6930771392636,,,mixed C-C-O bending / C-H bending / C-C stretching,delta(H13-C3-H14),angle,0.007891671354093846,+,0.001714505990061272,0.46036046686424154
20,575.6930771392636,,,mixed C-C-O bending / C-H bending / C-C stretching,nu(C8-H21),bond,0.0058223448532462915,+,0.001805444657272327,0.30629267332827326
20,575.6930771392636,,,mixed C-C-O bending / C-H bending / C-C stretching,delta(H11-C1-H12),angle,0.004395377282367993,+,0.0016739932657887913,0.26896501294538183
20,575.6930771392636,,,mixed C-C-O bending / C-H bending / C-C stretching,nu(C7-H20),bond,0.003945586155745277,-,-0.0013941524731061444,0.3480951950804118
20,575.6930771392636,,,mixed C-C-O bending / C-H bending / C-C stretching,nu(C7-H19),bond,0.0036437451501630655,+,0.0013774304610905293,0.32931815426212097
20,575.6930771392636,,,mixed C-C-O bending / C-H bending / C-C stretching,nu(C1-H11),bond,0.00207312795591327,+,0.0010224946601314156,0.3400251612828106
20,575.6930771392636,,,mixed C-C-O bending / C-H bending / C-C stretching,nu(C1-H10),bond,0.0014148421834806683,+,0.0008450912455977715,0.3397096146008398
20,575.6930771392636,,,mixed C-C-O bending / C-H bending / C-C stretching,nu(C1-H12),bond,0.001357470327644639,-,-0.0008330052113287737,0.33546093490188217
20,575.6930771392636,,,mixed C-C-O bending / C-H bending / C-C stretching,nu(C4-H16),bond,0.001333628757332026,+,0.0008258700624397341,0.3352884162928494
20,575.6930771392636,,,mixed C-C-O bending / C-H bending / C-C stretching,nu(C3-H13),bond,0.0007590419616427182,+,0.0006230224779358367,0.33532458692209965
20,575.6930771392636,,,mixed C-C-O bending / C-H bending / C-C stretching,nu(C4-H17),bond,0.0005621893384222912,+,0.0005338248240022463,0.33829230452961256
20,575.6930771392636,,,mixed C-C-O bending / C-H bending / C-C stretching,nu(C3-H15),bond,0.00029740911607650973,+,0.00039015598202241905,0.33503083561306585
20,575.6930771392636,,,mixed C-C-O bending / C-H bending / C-C stretching,nu(C3-H14),bond,0.00022098253652880057,-,-0.0003348554837257046,0.3379482234159411
20,575.6930771392636,,,mixed C-C-O bending / C-H bending / C-C stretching,nu(C4-H18),bond,0.00015346606281694812,+,0.000280196955113377,0.33519117262733306
21,645.7988585065062,,,mixed C-C stretching / C-H bending,nu(C2-C5),bond,15.718142859457563,-,-0.11476158345486327,0.24077919590071512
21,645.7988585065062,,,mixed C-C stretching / C-H bending,"gamma(C7;C5,C2,O6)",oop,12.2443515806589,-,-0.1425442262255698,0.12157585193261175
21,645.7988585065062,,,mixed C-C stretching / C-H bending,delta(C3-C2-C5),angle,8.942342076454413,+,0.05586851525447528,0.5779999640555233
21,645.7988585065062,,,mixed C-C stretching / C-H bending,nu(C2-C4),bond,6.997168438250473,-,-0.07396702003191269,0.258022082351197
21,645.7988585065062,,,mixed C-C stretching / C-H bending,delta(C8-C7-H20),angle,6.253347589000713,+,0.06317730139299574,0.3160830584568552
21,645.7988585065062,,,mixed C-C stretching / C-H bending,delta(C2-C3-H13),angle,5.7154901332873544,-,-0.04725407946437617,0.5163993140346653
21,645.7988585065062,,,mixed C-C stretching / C-H bending,nu(C5-C7),bond,5.578976680661928,-,-0.06918871141470613,0.2351228587387024
21,645.7988585065062,,,mixed C-C stretching / C-H bending,delta(C5-C7-H20),angle,4.543480042735613,+,0.05340370068810761,0.3214080207257505
21,645.7988585065062,,,mixed C-C stretching / C-H bending,tau(C1-C2-C3-H14),dihedral,4.385041232882305,-,-0.04531105727645088,0.43089959044862763
21,645.7988585065062,,,mixed C-C stretching / C-H bending,tau(C4-C2-C3-H15),dihedral,4.27190468733638,+,0.04420453813186163,0.44106097360664287
21,645.7988585065062,,,mixed C-C stretching / C-H bending,delta(C8-C7-H19),angle,3.423575778550915,-,-0.05307676988247961,0.24517815193377318
21,645.7988585065062,,,mixed C-C stretching / C-H bending,nu(C1-C2),bond,3.4067554250210295,-,-0.05023416583461044,0.27236629187229455
21,645.7988585065062,,,mixed C-C stretching / C-H bending,tau(H20-C7-C8-H21),dihedral,2.5537262528240556,+,0.19726539919629502,0.013239857220979551
21,645.7988585065062,,,mixed C-C stretching / C-H bending,delta(C7-C8-O9),angle,2.5212624139808715,+,0.03670987720481001,0.3774530837938862
21,645.7988585065062,,,mixed C-C stretching / C-H bending,delta(C4-C2-C5),angle,2.112241279886644,-,-0.0271465117941497,0.5782641285567409
21,645.7988585065062,,,mixed C-C stretching / C-H bending,nu(C7-C8),bond,1.7938982272381896,-,-0.03802841486319972,0.25026040691544066
21,645.7988585065062,,,mixed C-C stretching / C-H bending,delta(C2-C5-C7),angle,1.2026426849391985,+,0.022032390303090395,0.49983213360108397
21,645.7988585065062,,,mixed C-C stretching / C-H bending,delta(C2-C1-H12),angle,0.9900793009364156,-,-0.025024681593675043,0.3189654565728886
21,645.7988585065062,,,mixed C-C stretching / C-H bending,nu(C2-C3),bond,0.9588831502961113,-,-0.0273907131823984,0.25785158094323446
21,645.7988585065062,,,mixed C-C stretching / C-H bending,delta(C3-C2-C4),angle,0.6220542691822762,-,-0.016996180162558074,0.43444661207745067
21,645.7988585065062,,,mixed C-C stretching / C-H bending,delta(C2-C3-H15),angle,0.5938829541063232,+,0.019569497398685517,0.31286163337936146
21,645.7988585065062,,,mixed C-C stretching / C-H bending,delta(C2-C5-O6),angle,0.5546371781024331,+,0.014305298632352009,0.5467967349904848
21,645.7988585065062,,,mixed C-C stretching / C-H bending,delta(C1-C2-C3),angle,0.5316600456341998,-,-0.013646024924884394,0.5760132793691867
21,645.7988585065062,,,mixed C-C stretching / C-H bending,delta(C2-C1-H10),angle,0.5107936913744485,+,0.017987071906523086,0.31851902309095165
21,645.7988585065062,,,mixed C-C stretching / C-H bending,"gamma(H21;C8,C7,O9)",oop,0.5091945986011707,+,0.03322366221785127,0.09306782716686272
21,645.7988585065062,,,mixed C-C stretching / C-H bending,tau(C3-C2-C4-H16),dihedral,0.491460070730556,-,-0.02387918208454981,0.17388420593529577
21,645.7988585065062,,,mixed C-C stretching / C-H bending,tau(H12-C1-C2-C5),dihedral,0.4205109547646239,-,-0.05773966768361065,0.02544717321698012
21,645.7988585065062,,,mixed C-C stretching / C-H bending,tau(C1-C2-C4-H17),dihedral,0.4022495006758059,+,0.021394403199245404,0.1772988640303949
21,645.7988585065062,,,mixed C-C stretching / C-H bending,tau(C2-C5-C7-C8),dihedral,0.34678750035814715,+,0.0650537840106716,0.016532140990367292
21,645.7988585065062,,,mixed C-C stretching / C-H bending,tau(C1-C2-C5-C7),dihedral,0.257234142960969,-,-0.03454366005386461,0.04349133132405001
21,645.7988585065062,,,mixed C-C stretching / C-H bending,delta(H14-C3-H15),angle,0.25671213676607946,+,0.01110215567348725,0.4201869577691483
21,645.7988585065062,,,mixed C-C stretching / C-H bending,delta(H19-C7-H20),angle,0.23339313337605921,+,0.013650497707260092,0.25269805183984145
21,645.7988585065062,,,mixed C-C stretching / C-H bending,delta(C5-C7-C8),angle,0.22665044542922086,+,0.01185901758082219,0.32513965682623924
21,645.7988585065062,,,mixed C-C stretching / C-H bending,nu(C5-O6),bond,0.14700132953516792,-,-0.006005172328030584,0.8223962194579738
21,645.7988585065062,,,mixed C-C stretching / C-H bending,delta(H10-C1-H11),angle,0.056443867704009894,+,0.006452923997927658,0.27347300138974184
21,645.7988585065062,,,mixed C-C stretching / C-H bending,delta(C2-C4-H18),angle,0.04380062551774697,-,-0.004798652962447209,0.38375356114596126
21,645.7988585065062,,,mixed C-C stretching / C-H bending,nu(C8-O9),bond,0.038767458640590606,-,-0.003017035104929364,0.8592457588862482
21,645.7988585065062,,,mixed C-C stretching / C-H bending,delta(C2-C4-H16),angle,0.026998533490801235,-,-0.004168264371093719,0.31350209999061956
21,645.7988585065062,,,mixed C-C stretching / C-H bending,delta(H17-C4-H18),angle,0.022812905367927506,+,0.004197576740353811,0.26121258767795735
21,645.7988585065062,,,mixed C-C stretching / C-H bending,delta(O9-C8-H21),angle,0.017045818865071765,-,-0.003419269517600486,0.2941453531375008
21,645.7988585065062,,,mixed C-C stretching / C-H bending,"gamma(H16;C4,H17,H18)",oop,0.0142944263814722,-,-0.0035891032365668904,0.22387501255021114
21,645.7988585065062,,,mixed C-C stretching / C-H bending,nu(C7-H20),bond,0.01019851210040597,-,-0.0024312229653117704,0.3480951950804118
21,645.7988585065062,,,mixed C-C stretching / C-H bending,delta(H10-C1-H12),angle,0.010089236129688614,+,0.00270315944567622,0.2785644886096331
21,645.7988585065062,,,mixed C-C stretching / C-H bending,delta(H13-C3-H14),angle,0.009024606431881892,-,-0.0019887057097035987,0.46036046686424154
21,645.7988585065062,,,mixed C-C stretching / C-H bending,delta(H11-C1-H12),angle,0.008573700521738042,-,-0.002535955657974012,0.26896501294538183
21,645.7988585065062,,,mixed C-C stretching / C-H bending,delta(H13-C3-H15),angle,0.00531151731333146,+,0.0015284380555179262,0.4587052477560685
21,645.7988585065062,,,mixed C-C stretching / C-H bending,nu(C3-H15),bond,0.0040888829882811005,-,-0.0015691532004641145,0.33503083561306585
21,645.7988585065062,,,mixed C-C stretching / C-H bending,nu(C7-H19),bond,0.0031081658508504612,+,0.001379906473123491,0.32931815426212097
21,645.7988585065062,,,mixed C-C stretching / C-H bending,nu(C4-H18),bond,0.0028171597429897293,-,-0.001302161486979598,0.33519117262733306
21,645.7988585065062,,,mixed C-C stretching / C-H bending,nu(C1-H10),bond,0.0028071676434051718,-,-0.0012911766136808095,0.3397096146008398
21,645.7988585065062,,,mixed C-C stretching / C-H bending,nu(C3-H14),bond,0.0026548285454314345,-,-0.001258921212686973,0.3379482234159411
21,645.7988585065062,,,mixed C-C stretching / C-H bending,nu(C8-H21),bond,0.0016344087705322916,+,0.00103757006601688,0.30629267332827326
21,645.7988585065062,,,mixed C-C stretching / C-H bending,nu(C1-H11),bond,0.0007294226919442703,-,-0.0006578691228757415,0.3400251612828106
21,645.7988585065062,,,mixed C-C stretching / C-H bending,nu(C4-H17),bond,0.0006042789739895579,-,-0.0006003134561160316,0.33829230452961256
21,645.7988585065062,,,mixed C-C stretching / C-H bending,nu(C1-H12),bond,0.000537642987690463,-,-0.0005686321521730327,0.33546093490188217
21,645.7988585065062,,,mixed C-C stretching / C-H bending,nu(C3-H13),bond,0.00010017968800045007,-,-0.00024550623955447304,0.33532458692209965
21,645.7988585065062,,,mixed C-C stretching / C-H bending,nu(C4-H16),bond,2.486765565085189e-05,-,-0.00012232452659721377,0.3352884162928494
22,752.1397396687696,,,mixed C-C out-of-plane bending / C-C-C bending / C-H bending,"gamma(C7;C5,C2,O6)",oop,23.35056681222802,-,-0.24147387550991514,0.12157585193261175
22,752.1397396687696,,,mixed C-C out-of-plane bending / C-C-C bending / C-H bending,delta(C8-C7-H19),angle,13.11976584901066,+,0.12745804653470427,0.24517815193377318
22,752.1397396687696,,,mixed C-C out-of-plane bending / C-C-C bending / C-H bending,delta(C5-C7-C8),angle,9.450693590667141,-,-0.0939381427308992,0.32513965682623924
22,752.1397396687696,,,mixed C-C out-of-plane bending / C-C-C bending / C-H bending,"gamma(H21;C8,C7,O9)",oop,7.804793695297468,-,-0.15956073424581,0.09306782716686272
22,752.1397396687696,,,mixed C-C out-of-plane bending / C-C-C bending / C-H bending,nu(C2-C3),bond,6.937517999862935,+,0.0903779032915793,0.25785158094323446
22,752.1397396687696,,,mixed C-C out-of-plane bending / C-C-C bending / C-H bending,delta(C3-C2-C5),angle,6.936697443917799,+,0.06036115899047467,0.5779999640555233
22,752.1397396687696,,,mixed C-C out-of-plane bending / C-C-C bending / C-H bending,delta(C4-C2-C5),angle,5.237715053102822,-,-0.05243881960598704,0.5782641285567409
22,752.1397396687696,,,mixed C-C out-of-plane bending / C-C-C bending / C-H bending,nu(C5-C7),bond,4.7609292774768495,+,0.07840496005676602,0.2351228587387024
22,752.1397396687696,,,mixed C-C out-of-plane bending / C-C-C bending / C-H bending,nu(C7-C8),bond,3.4647289514805433,-,-0.06483114007849267,0.25026040691544066
22,752.1397396687696,,,mixed C-C out-of-plane bending / C-C-C bending / C-H bending,delta(C2-C3-H13),angle,3.413564008656558,-,-0.044797759781888366,0.5163993140346653
22,752.1397396687696,,,mixed C-C out-of-plane bending / C-C-C bending / C-H bending,nu(C1-C2),bond,2.3788460548906283,+,0.05149340250316292,0.27236629187229455
22,752.1397396687696,,,mixed C-C out-of-plane bending / C-C-C bending / C-H bending,tau(H20-C7-C8-H21),dihedral,2.34945725044598,-,-0.2321064569982244,0.013239857220979551
22,752.1397396687696,,,mixed C-C out-of-plane bending / C-C-C bending / C-H bending,delta(C2-C4-H18),angle,2.069163321334605,+,0.04045910541248895,0.38375356114596126
22,752.1397396687696,,,mixed C-C out-of-plane bending / C-C-C bending / C-H bending,delta(C2-C5-O6),angle,1.3866786997886655,-,-0.027747257562773645,0.5467967349904848
22,752.1397396687696,,,mixed C-C out-of-plane bending / C-C-C bending / C-H bending,tau(C1-C2-C5-C7),dihedral,1.2130355094762075,-,-0.09201963485333459,0.04349133132405001
22,752.1397396687696,,,mixed C-C out-of-plane bending / C-C-C bending / C-H bending,nu(C2-C5),bond,1.044638985729263,+,0.03629265451153941,0.24077919590071512
22,752.1397396687696,,,mixed C-C out-of-plane bending / C-C-C bending / C-H bending,tau(C4-C2-C3-H15),dihedral,0.8253491502370828,+,0.023834971550284464,0.44106097360664287
22,752.1397396687696,,,mixed C-C out-of-plane bending / C-C-C bending / C-H bending,tau(C1-C2-C3-H14),dihedral,0.8062982404364887,-,-0.023834437939819243,0.43089959044862763
22,752.1397396687696,,,mixed C-C out-of-plane bending / C-C-C bending / C-H bending,delta(C2-C3-H15),angle,0.5925842795823596,+,0.02397971451630329,0.31286163337936146
22,752.1397396687696,,,mixed C-C out-of-plane bending / C-C-C bending / C-H bending,tau(C2-C5-C7-C8),dihedral,0.5876129455816216,+,0.10387863324522227,0.016532140990367292
22,752.1397396687696,,,mixed C-C out-of-plane bending / C-C-C bending / C-H bending,tau(H12-C1-C2-C5),dihedral,0.5038075893499229,-,-0.0775278391009391,0.02544717321698012
22,752.1397396687696,,,mixed C-C out-of-plane bending / C-C-C bending / C-H bending,delta(C2-C4-H16),angle,0.2576735882949525,-,-0.015796461927284837,0.31350209999061956
22,752.1397396687696,,,mixed C-C out-of-plane bending / C-C-C bending / C-H bending,delta(H19-C7-H20),angle,0.24128439771469506,+,0.01702584881200181,0.25269805183984145
22,752.1397396687696,,,mixed C-C out-of-plane bending / C-C-C bending / C-H bending,delta(C2-C5-C7),angle,0.23243226981320741,-,-0.011881772282155072,0.49983213360108397
22,752.1397396687696,,,mixed C-C out-of-plane bending / C-C-C bending / C-H bending,delta(C2-C1-H10),angle,0.1733040880021244,+,0.012852328447683439,0.31851902309095165
22,752.1397396687696,,,mixed C-C out-of-plane bending / C-C-C bending / C-H bending,delta(C5-C7-H20),angle,0.16632044101690505,-,-0.012533996188982013,0.3214080207257505
22,752.1397396687696,,,mixed C-C out-of-plane bending / C-C-C bending / C-H bending,delta(C7-C8-O9),angle,0.10546927256243599,-,-0.009210359583442258,0.3774530837938862
22,752.1397396687696,,,mixed C-C out-of-plane bending / C-C-C bending / C-H bending,"gamma(H16;C4,H17,H18)",oop,0.09551687535096072,+,0.011381050264267582,0.22387501255021114
22,752.1397396687696,,,mixed C-C out-of-plane bending / C-C-C bending / C-H bending,tau(C1-C2-C4-H17),dihedral,0.09428804173986731,-,-0.012706338797251656,0.1772988640303949
22,752.1397396687696,,,mixed C-C out-of-plane bending / C-C-C bending / C-H bending,tau(C3-C2-C4-H16),dihedral,0.09316909472073967,+,0.01275413381289625,0.17388420593529577
22,752.1397396687696,,,mixed C-C out-of-plane bending / C-C-C bending / C-H bending,delta(H14-C3-H15),angle,0.09132017139707115,+,0.008122826452091097,0.4201869577691483
22,752.1397396687696,,,mixed C-C out-of-plane bending / C-C-C bending / C-H bending,delta(C2-C1-H12),angle,0.038391908736622786,-,-0.006044955744324614,0.3189654565728886
22,752.1397396687696,,,mixed C-C out-of-plane bending / C-C-C bending / C-H bending,delta(H11-C1-H12),angle,0.03388951659136295,-,-0.006184860254436572,0.26896501294538183
22,752.1397396687696,,,mixed C-C out-of-plane bending / C-C-C bending / C-H bending,delta(H13-C3-H14),angle,0.03063661473085877,-,-0.0044948631750015245,0.46036046686424154
22,752.1397396687696,,,mixed C-C out-of-plane bending / C-C-C bending / C-H bending,delta(C1-C2-C3),angle,0.02600351883155415,-,-0.0037020724382206822,0.5760132793691867
22,752.1397396687696,,,mixed C-C out-of-plane bending / C-C-C bending / C-H bending,delta(C8-C7-H20),angle,0.022485078510060114,-,-0.004647203539152544,0.3160830584568552
22,752.1397396687696,,,mixed C-C out-of-plane bending / C-C-C bending / C-H bending,nu(C7-H19),bond,0.019032626464966406,-,-0.0041887710692860005,0.32931815426212097
22,752.1397396687696,,,mixed C-C out-of-plane bending / C-C-C bending / C-H bending,delta(C3-C2-C4),angle,0.016701949481149926,-,-0.003416335194364715,0.43444661207745067
22,752.1397396687696,,,mixed C-C out-of-plane bending / C-C-C bending / C-H bending,nu(C5-O6),bond,0.010196249851674482,+,0.0019401029741689003,0.8223962194579738
22,752.1397396687696,,,mixed C-C out-of-plane bending / C-C-C bending / C-H bending,nu(C2-C4),bond,0.004053342280715339,-,-0.0021838524939745353,0.258022082351197
22,752.1397396687696,,,mixed C-C out-of-plane bending / C-C-C bending / C-H bending,nu(C4-H16),bond,0.002761813643178524,+,0.0015813682323934746,0.3352884162928494
22,752.1397396687696,,,mixed C-C out-of-plane bending / C-C-C bending / C-H bending,nu(C3-H13),bond,0.0014667797393250292,+,0.0011523777161532185,0.33532458692209965
22,752.1397396687696,,,mixed C-C out-of-plane bending / C-C-C bending / C-H bending,nu(C7-H20),bond,0.0012728244628661227,+,0.0010536111114042214,0.3480951950804118
22,752.1397396687696,,,mixed C-C out-of-plane bending / C-C-C bending / C-H bending,delta(H10-C1-H12),angle,0.0012509566591423528,+,0.0011676249199571288,0.2785644886096331
22,752.1397396687696,,,mixed C-C out-of-plane bending / C-C-C bending / C-H bending,nu(C1-H11),bond,0.001215599641227952,+,0.0010418012004303407,0.3400251612828106
22,752.1397396687696,,,mixed C-C out-of-plane bending / C-C-C bending / C-H bending,delta(H17-C4-H18),angle,0.0010600740977762515,+,0.0011099825728834063,0.26121258767795735
22,752.1397396687696,,,mixed C-C out-of-plane bending / C-C-C bending / C-H bending,nu(C3-H15),bond,0.0009827056324801038,-,-0.0009436575781628998,0.33503083561306585
22,752.1397396687696,,,mixed C-C out-of-plane bending / C-C-C bending / C-H bending,nu(C3-H14),bond,0.0007697163593300666,+,0.0008315442679591624,0.3379482234159411
22,752.1397396687696,,,mixed C-C out-of-plane bending / C-C-C bending / C-H bending,nu(C4-H18),bond,0.0007135961378988653,-,-0.0008039426306302649,0.33519117262733306
22,752.1397396687696,,,mixed C-C out-of-plane bending / C-C-C bending / C-H bending,nu(C4-H17),bond,0.0006403720320251158,+,0.0007580803128608268,0.33829230452961256
22,752.1397396687696,,,mixed C-C out-of-plane bending / C-C-C bending / C-H bending,delta(H10-C1-H11),angle,0.00045651682626501563,+,0.000711895529474409,0.27347300138974184
22,752.1397396687696,,,mixed C-C out-of-plane bending / C-C-C bending / C-H bending,nu(C1-H12),bond,0.00041049204884727343,+,0.0006095039124341187,0.33546093490188217
22,752.1397396687696,,,mixed C-C out-of-plane bending / C-C-C bending / C-H bending,delta(H13-C3-H15),angle,0.00025347442905054494,-,-0.0004095862058784795,0.4587052477560685
22,752.1397396687696,,,mixed C-C out-of-plane bending / C-C-C bending / C-H bending,nu(C8-H21),bond,0.00010833183953207219,+,0.0003276837116642155,0.30629267332827326
22,752.1397396687696,,,mixed C-C out-of-plane bending / C-C-C bending / C-H bending,delta(O9-C8-H21),angle,1.2940267769320493e-05,+,0.00011556750442768568,0.2941453531375008
22,752.1397396687696,,,mixed C-C out-of-plane bending / C-C-C bending / C-H bending,nu(C1-H10),bond,1.0031351660784329e-05,-,-9.468275974033904e-05,0.3397096146008398
22,752.1397396687696,,,mixed C-C out-of-plane bending / C-C-C bending / C-H bending,nu(C8-O9),bond,2.0186108972307778e-08,+,2.6706237546967294e-06,0.8592457588862482
23,815.0522476606283,,,mixed mixed-phase C-C stretching / C-H bending,delta(C8-C7-H19),angle,14.66883168160172,+,0.14748867068000338,0.24517815193377318
23,815.0522476606283,,,mixed mixed-phase C-C stretching / C-H bending,nu(C2-C4),bond,11.295983700891817,-,-0.12616397767067436,0.258022082351197
23,815.0522476606283,,,mixed mixed-phase C-C stretching / C-H bending,nu(C1-C2),bond,11.24371172246979,-,-0.12251237364834874,0.27236629187229455
23,815.0522476606283,,,mixed mixed-phase C-C stretching / C-H bending,nu(C2-C3),bond,7.570654654286243,-,-0.10331981048108667,0.25785158094323446
23,815.0522476606283,,,mixed mixed-phase C-C stretching / C-H bending,nu(C7-C8),bond,6.859087530185308,+,0.09982489949089357,0.25026040691544066
23,815.0522476606283,,,mixed mixed-phase C-C stretching / C-H bending,"gamma(H21;C8,C7,O9)",oop,6.747775897825539,-,-0.16236122534592345,0.09306782716686272
23,815.0522476606283,,,mixed mixed-phase C-C stretching / C-H bending,delta(C8-C7-H20),angle,4.92841602915511,-,-0.07529304365888287,0.3160830584568552
23,815.0522476606283,,,mixed mixed-phase C-C stretching / C-H bending,delta(C2-C4-H18),angle,3.7895912900459146,+,0.05991999379544448,0.38375356114596126
23,815.0522476606283,,,mixed mixed-phase C-C stretching / C-H bending,delta(C2-C1-H12),angle,3.677164724246356,+,0.06474205774009416,0.3189654565728886
23,815.0522476606283,,,mixed mixed-phase C-C stretching / C-H bending,nu(C2-C5),bond,3.1013907287469027,+,0.06843378240157588,0.24077919590071512
23,815.0522476606283,,,mixed mixed-phase C-C stretching / C-H bending,tau(C1-C2-C3-H14),dihedral,2.9977257312176224,+,0.0502932486590106,0.43089959044862763
23,815.0522476606283,,,mixed mixed-phase C-C stretching / C-H bending,tau(C4-C2-C3-H15),dihedral,2.965002865202421,-,-0.04943847035637326,0.44106097360664287
23,815.0522476606283,,,mixed mixed-phase C-C stretching / C-H bending,delta(C2-C5-O6),angle,2.9496802752434452,+,0.04428700364865534,0.5467967349904848
23,815.0522476606283,,,mixed mixed-phase C-C stretching / C-H bending,delta(C2-C3-H13),angle,2.7601411268094016,+,0.04408335079852641,0.5163993140346653
23,815.0522476606283,,,mixed mixed-phase C-C stretching / C-H bending,tau(H20-C7-C8-H21),dihedral,2.117134001415467,-,-0.24112059405326844,0.013239857220979551
23,815.0522476606283,,,mixed mixed-phase C-C stretching / C-H bending,tau(C3-C2-C4-H16),dihedral,1.4789663967121858,+,0.055609740358727025,0.17388420593529577
23,815.0522476606283,,,mixed mixed-phase C-C stretching / C-H bending,tau(C1-C2-C4-H17),dihedral,1.4463041770583438,-,-0.054460124018891526,0.1772988640303949
23,815.0522476606283,,,mixed mixed-phase C-C stretching / C-H bending,delta(C5-C7-H20),angle,1.2514045265765739,-,-0.03762463434072584,0.3214080207257505
23,815.0522476606283,,,mixed mixed-phase C-C stretching / C-H bending,"gamma(C7;C5,C2,O6)",oop,1.12075265758276,-,-0.057893927135833974,0.12157585193261175
23,815.0522476606283,,,mixed mixed-phase C-C stretching / C-H bending,delta(C2-C1-H10),angle,1.1039765562191106,-,-0.03549882842700913,0.31851902309095165
23,815.0522476606283,,,mixed mixed-phase C-C stretching / C-H bending,delta(C4-C2-C5),angle,0.9065043008902474,-,-0.023873912096590868,0.5782641285567409
23,815.0522476606283,,,mixed mixed-phase C-C stretching / C-H bending,delta(C3-C2-C4),angle,0.7963195452923083,+,0.02581530512459207,0.43444661207745067
23,815.0522476606283,,,mixed mixed-phase C-C stretching / C-H bending,delta(C1-C2-C3),angle,0.7676811806199824,+,0.0220128351631019,0.5760132793691867
23,815.0522476606283,,,mixed mixed-phase C-C stretching / C-H bending,nu(C5-C7),bond,0.6646482553237872,+,0.032059023517546296,0.2351228587387024
23,815.0522476606283,,,mixed mixed-phase C-C stretching / C-H bending,delta(C2-C4-H16),angle,0.6547693622601997,-,-0.027556606207122893,0.31350209999061956
23,815.0522476606283,,,mixed mixed-phase C-C stretching / C-H bending,delta(C2-C3-H15),angle,0.4790836352176972,-,-0.023595614722706663,0.31286163337936146
23,815.0522476606283,,,mixed mixed-phase C-C stretching / C-H bending,delta(C5-C7-C8),angle,0.33214650604403356,-,-0.01927221601813088,0.32513965682623924
23,815.0522476606283,,,mixed mixed-phase C-C stretching / C-H bending,delta(O9-C8-H21),angle,0.270396326408181,-,-0.018281893718552628,0.2941453531375008
23,815.0522476606283,,,mixed mixed-phase C-C stretching / C-H bending,tau(C1-C2-C5-C7),dihedral,0.2121974647214307,-,-0.042118270219256994,0.04349133132405001
23,815.0522476606283,,,mixed mixed-phase C-C stretching / C-H bending,nu(C8-O9),bond,0.20422393716249038,+,0.009296006226831128,0.8592457588862482
23,815.0522476606283,,,mixed mixed-phase C-C stretching / C-H bending,delta(C3-C2-C5),angle,0.1952175810629372,-,-0.011081469108929582,0.5779999640555233
23,815.0522476606283,,,mixed mixed-phase C-C stretching / C-H bending,delta(H10-C1-H11),angle,0.11375841085507073,-,-0.012298051631153564,0.27347300138974184
23,815.0522476606283,,,mixed mixed-phase C-C stretching / C-H bending,delta(H19-C7-H20),angle,0.07664325857535026,-,-0.010501173063623501,0.25269805183984145
23,815.0522476606283,,,mixed mixed-phase C-C stretching / C-H bending,delta(H10-C1-H12),angle,0.06256845913355553,+,0.0090368409000196,0.2785644886096331
23,815.0522476606283,,,mixed mixed-phase C-C stretching / C-H bending,delta(H11-C1-H12),angle,0.05365919319931189,+,0.008516790340529367,0.26896501294538183
23,815.0522476606283,,,mixed mixed-phase C-C stretching / C-H bending,delta(H13-C3-H14),angle,0.032703752618526157,+,0.005082197823465574,0.46036046686424154
23,815.0522476606283,,,mixed mixed-phase C-C stretching / C-H bending,nu(C7-H19),bond,0.02428617335485985,-,-0.005178136460484672,0.32931815426212097
23,815.0522476606283,,,mixed mixed-phase C-C stretching / C-H bending,delta(H14-C3-H15),angle,0.023783842053316316,-,-0.00453650615280839,0.4201869577691483
23,815.0522476606283,,,mixed mixed-phase C-C stretching / C-H bending,delta(H13-C3-H15),angle,0.01521260299844931,+,0.003472455539134821,0.4587052477560685
23,815.0522476606283,,,mixed mixed-phase C-C stretching / C-H bending,delta(H17-C4-H18),angle,0.006191414340324859,+,0.002935618837819418,0.26121258767795735
23,815.0522476606283,,,mixed mixed-phase C-C stretching / C-H bending,delta(C2-C5-C7),angle,0.005551010882476951,-,-0.0020094432021939682,0.49983213360108397
23,815.0522476606283,,,mixed mixed-phase C-C stretching / C-H bending,"gamma(H16;C4,H17,H18)",oop,0.005442168875375433,+,0.0029729320143381246,0.22387501255021114
23,815.0522476606283,,,mixed mixed-phase C-C stretching / C-H bending,nu(C7-H20),bond,0.0052770835406281014,+,0.002347738666669976,0.3480951950804118
23,815.0522476606283,,,mixed mixed-phase C-C stretching / C-H bending,tau(H12-C1-C2-C5),dihedral,0.00482120367083071,-,-0.008299649430071582,0.02544717321698012
23,815.0522476606283,,,mixed mixed-phase C-C stretching / C-H bending,delta(C7-C8-O9),angle,0.004006034139896833,-,-0.0019643895555338754,0.3774530837938862
23,815.0522476606283,,,mixed mixed-phase C-C stretching / C-H bending,tau(C2-C5-C7-C8),dihedral,0.0025492979545473594,+,0.007487684398104973,0.016532140990367292
23,815.0522476606283,,,mixed mixed-phase C-C stretching / C-H bending,nu(C1-H12),bond,0.0023615037541605626,-,-0.0015998347503153553,0.33546093490188217
23,815.0522476606283,,,mixed mixed-phase C-C stretching / C-H bending,nu(C3-H14),bond,0.0017443001866363638,-,-0.00136989509940916,0.3379482234159411
23,815.0522476606283,,,mixed mixed-phase C-C stretching / C-H bending,nu(C4-H17),bond,0.0015457118321629759,-,-0.00128890227036235,0.33829230452961256
23,815.0522476606283,,,mixed mixed-phase C-C stretching / C-H bending,nu(C8-H21),bond,0.0004027081515517475,-,-0.0006913989065826541,0.30629267332827326
23,815.0522476606283,,,mixed mixed-phase C-C stretching / C-H bending,nu(C1-H10),bond,0.00021986242147217983,-,-0.00048509116667877933,0.3397096146008398
23,815.0522476606283,,,mixed mixed-phase C-C stretching / C-H bending,nu(C3-H13),bond,0.00014872210721589591,+,0.00040156592015567257,0.33532458692209965
23,815.0522476606283,,,mixed mixed-phase C-C stretching / C-H bending,nu(C1-H11),bond,0.00012628472501490716,-,-0.0003674698110797484,0.3400251612828106
23,815.0522476606283,,,mixed mixed-phase C-C stretching / C-H bending,nu(C3-H15),bond,4.966321386939196e-05,-,-0.0002321543375456327,0.33503083561306585
23,815.0522476606283,,,mixed mixed-phase C-C stretching / C-H bending,nu(C5-O6),bond,4.056157586997434e-05,+,0.00013391173577911872,0.8223962194579738
23,815.0522476606283,,,mixed mixed-phase C-C stretching / C-H bending,nu(C4-H16),bond,1.2736705009612518e-05,+,0.00011752250847410252,0.3352884162928494
23,815.0522476606283,,,mixed mixed-phase C-C stretching / C-H bending,nu(C4-H18),bond,9.670639132897132e-06,+,0.00010241960219123524,0.33519117262733306
24,854.9564009729484,,,mixed mixed-phase C-C stretching / C-H bending,nu(C7-C8),bond,20.154725599923783,-,-0.17533486662603948,0.25026040691544066
24,854.9564009729484,,,mixed mixed-phase C-C stretching / C-H bending,delta(C8-C7-H19),angle,12.552254930347418,-,-0.13979637419629543,0.24517815193377318
24,854.9564009729484,,,mixed mixed-phase C-C stretching / C-H bending,nu(C2-C5),bond,10.467671359728515,+,0.12882242652523873,0.24077919590071512
24,854.9564009729484,,,mixed mixed-phase C-C stretching / C-H bending,nu(C5-C7),bond,7.692463492194085,+,0.11175351985416038,0.2351228587387024
24,854.9564009729484,,,mixed mixed-phase C-C stretching / C-H bending,"gamma(H21;C8,C7,O9)",oop,4.697007748981873,+,0.13879913725556275,0.09306782716686272
24,854.9564009729484,,,mixed mixed-phase C-C stretching / C-H bending,delta(C2-C3-H13),angle,4.631713031625086,+,0.058513208021745464,0.5163993140346653
24,854.9564009729484,,,mixed mixed-phase C-C stretching / C-H bending,delta(C8-C7-H20),angle,4.186223881822006,+,0.07110277187674413,0.3160830584568552
24,854.9564009729484,,,mixed mixed-phase C-C stretching / C-H bending,nu(C2-C3),bond,3.847953556313228,-,-0.07547548756119984,0.25785158094323446
24,854.9564009729484,,,mixed mixed-phase C-C stretching / C-H bending,delta(C2-C4-H18),angle,3.7453265888919147,+,0.061037193038164225,0.38375356114596126
24,854.9564009729484,,,mixed mixed-phase C-C stretching / C-H bending,nu(C2-C4),bond,3.5265558288433105,-,-0.07223087226904196,0.258022082351197
24,854.9564009729484,,,mixed mixed-phase C-C stretching / C-H bending,delta(C5-C7-H20),angle,3.4915087746462046,+,0.06439529385734694,0.3214080207257505
24,854.9564009729484,,,mixed mixed-phase C-C stretching / C-H bending,delta(C2-C1-H12),angle,2.8142990568047193,+,0.0580348962112199,0.3189654565728886
24,854.9564009729484,,,mixed mixed-phase C-C stretching / C-H bending,nu(C1-C2),bond,2.6482049215151826,-,-0.06092212322585357,0.27236629187229455
24,854.9564009729484,,,mixed mixed-phase C-C stretching / C-H bending,tau(C4-C2-C3-H15),dihedral,2.5964351677530293,-,-0.04740403839074086,0.44106097360664287
24,854.9564009729484,,,mixed mixed-phase C-C stretching / C-H bending,tau(C1-C2-C3-H14),dihedral,2.5105198370303072,+,0.04715955556855867,0.43089959044862763
24,854.9564009729484,,,mixed mixed-phase C-C stretching / C-H bending,delta(C2-C5-C7),angle,1.57629436001471,-,-0.03469624613168695,0.49983213360108397
24,854.9564009729484,,,mixed mixed-phase C-C stretching / C-H bending,tau(H20-C7-C8-H21),dihedral,1.3935952716304914,+,0.20044840131682318,0.013239857220979551
24,854.9564009729484,,,mixed mixed-phase C-C stretching / C-H bending,tau(C1-C2-C4-H17),dihedral,1.1222197309775193,-,-0.049154342272480306,0.1772988640303949
24,854.9564009729484,,,mixed mixed-phase C-C stretching / C-H bending,tau(C3-C2-C4-H16),dihedral,1.0249187812242448,+,0.0474340899894654,0.17388420593529577
24,854.9564009729484,,,mixed mixed-phase C-C stretching / C-H bending,delta(C2-C1-H10),angle,0.6565209877950712,-,-0.028049978663660248,0.31851902309095165
24,854.9564009729484,,,mixed mixed-phase C-C stretching / C-H bending,delta(C2-C4-H16),angle,0.5310010959232986,-,-0.025427484438856625,0.31350209999061956
24,854.9564009729484,,,mixed mixed-phase C-C stretching / C-H bending,delta(C3-C2-C4),angle,0.52897492976402,+,0.02155883322990766,0.43444661207745067
24,854.9564009729484,,,mixed mixed-phase C-C stretching / C-H bending,delta(O9-C8-H21),angle,0.5031060142087281,+,0.02555198678608336,0.2941453531375008
24,854.9564009729484,,,mixed mixed-phase C-C stretching / C-H bending,delta(C2-C3-H15),angle,0.5003553042162667,-,-0.02470808094895228,0.31286163337936146
24,854.9564009729484,,,mixed mixed-phase C-C stretching / C-H bending,delta(C1-C2-C3),angle,0.3949103033746743,+,0.016177406565453658,0.5760132793691867
24,854.9564009729484,,,mixed mixed-phase C-C stretching / C-H bending,delta(C5-C7-C8),angle,0.3715424167633849,-,-0.020885512899657847,0.32513965682623924
24,854.9564009729484,,,mixed mixed-phase C-C stretching / C-H bending,delta(C4-C2-C5),angle,0.3251261826916018,-,-0.014650038360387132,0.5782641285567409
24,854.9564009729484,,,mixed mixed-phase C-C stretching / C-H bending,nu(C8-O9),bond,0.2624062609453676,-,-0.010797030135616633,0.8592457588862482
24,854.9564009729484,,,mixed mixed-phase C-C stretching / C-H bending,delta(C7-C8-O9),angle,0.1755073299830214,-,-0.013322694102573132,0.3774530837938862
24,854.9564009729484,,,mixed mixed-phase C-C stretching / C-H bending,"gamma(C7;C5,C2,O6)",oop,0.16662022770611387,+,0.022872630634645882,0.12157585193261175
24,854.9564009729484,,,mixed mixed-phase C-C stretching / C-H bending,delta(C3-C2-C5),angle,0.13146467078319984,-,-0.009317867683171605,0.5779999640555233
24,854.9564009729484,,,mixed mixed-phase C-C stretching / C-H bending,delta(H19-C7-H20),angle,0.12189395581656128,+,0.013569569023528792,0.25269805183984145
24,854.9564009729484,,,mixed mixed-phase C-C stretching / C-H bending,nu(C5-O6),bond,0.12082955142724572,+,0.007488967478617448,0.8223962194579738
24,854.9564009729484,,,mixed mixed-phase C-C stretching / C-H bending,tau(C1-C2-C5-C7),dihedral,0.11685833137743579,+,0.0320261257761278,0.04349133132405001
24,854.9564009729484,,,mixed mixed-phase C-C stretching / C-H bending,delta(H14-C3-H15),angle,0.10915159321028871,-,-0.00995794380579438,0.4201869577691483
24,854.9564009729484,,,mixed mixed-phase C-C stretching / C-H bending,delta(H10-C1-H11),angle,0.09609002683192976,-,-0.011581314207659964,0.27347300138974184
24,854.9564009729484,,,mixed mixed-phase C-C stretching / C-H bending,delta(C2-C5-O6),angle,0.07296134385071804,-,-0.007136896055519235,0.5467967349904848
24,854.9564009729484,,,mixed mixed-phase C-C stretching / C-H bending,delta(H10-C1-H12),angle,0.02485359609336693,+,0.005835897531777108,0.2785644886096331
24,854.9564009729484,,,mixed mixed-phase C-C stretching / C-H bending,nu(C7-H19),bond,0.02338239785090931,+,0.0052061011545307305,0.32931815426212097
24,854.9564009729484,,,mixed mixed-phase C-C stretching / C-H bending,"gamma(H16;C4,H17,H18)",oop,0.02321199258004588,+,0.006291139503167033,0.22387501255021114
24,854.9564009729484,,,mixed mixed-phase C-C stretching / C-H bending,delta(H11-C1-H12),angle,0.02067622490315445,+,0.005417059977928736,0.26896501294538183
24,854.9564009729484,,,mixed mixed-phase C-C stretching / C-H bending,delta(H13-C3-H15),angle,0.01495183710151689,+,0.003527413232221994,0.4587052477560685
24,854.9564009729484,,,mixed mixed-phase C-C stretching / C-H bending,delta(H13-C3-H14),angle,0.009590800061398867,+,0.002820033863400298,0.46036046686424154
24,854.9564009729484,,,mixed mixed-phase C-C stretching / C-H bending,tau(C2-C5-C7-C8),dihedral,0.009058090259127233,+,0.014462044295318301,0.016532140990367292
24,854.9564009729484,,,mixed mixed-phase C-C stretching / C-H bending,delta(H17-C4-H18),angle,0.004676198633505861,+,0.002614118919102152,0.26121258767795735
24,854.9564009729484,,,mixed mixed-phase C-C stretching / C-H bending,nu(C7-H20),bond,0.001251272160002263,-,-0.0011713934527821837,0.3480951950804118
24,854.9564009729484,,,mixed mixed-phase C-C stretching / C-H bending,tau(H12-C1-C2-C5),dihedral,0.0010249435022785865,-,-0.003921083636708633,0.02544717321698012
24,854.9564009729484,,,mixed mixed-phase C-C stretching / C-H bending,nu(C8-H21),bond,0.0009228852494063133,+,0.0010724608906864238,0.30629267332827326
24,854.9564009729484,,,mixed mixed-phase C-C stretching / C-H bending,nu(C1-H12),bond,0.00047573526297952355,-,-0.000735762435530992,0.33546093490188217
24,854.9564009729484,,,mixed mixed-phase C-C stretching / C-H bending,nu(C4-H16),bond,0.00020240047879036948,+,0.0004800344530212997,0.3352884162928494
24,854.9564009729484,,,mixed mixed-phase C-C stretching / C-H bending,nu(C3-H13),bond,0.00017886390408924365,+,0.0004512368610576741,0.33532458692209965
24,854.9564009729484,,,mixed mixed-phase C-C stretching / C-H bending,nu(C4-H18),bond,0.00017669279631401795,+,0.00044857911643600586,0.33519117262733306
24,854.9564009729484,,,mixed mixed-phase C-C stretching / C-H bending,nu(C3-H15),bond,7.278147875274813e-05,+,0.000287967822858549,0.33503083561306585
24,854.9564009729484,,,mixed mixed-phase C-C stretching / C-H bending,nu(C3-H14),bond,4.591539436771841e-05,+,0.00022773511005019445,0.3379482234159411
24,854.9564009729484,,,mixed mixed-phase C-C stretching / C-H bending,nu(C4-H17),bond,1.3397586305037908e-05,+,0.000122954134778366,0.33829230452961256
24,854.9564009729484,,,mixed mixed-phase C-C stretching / C-H bending,nu(C1-H11),bond,1.1275440609588407e-05,+,0.00011250897001982034,0.3400251612828106
24,854.9564009729484,,,mixed mixed-phase C-C stretching / C-H bending,nu(C1-H10),bond,1.0252326493204813e-05,+,0.00010733298571136363,0.3397096146008398
25,936.9014191023023,,,mixed C-H bending / opposite-phase C-C stretching,nu(C2-C4),bond,19.733176452688713,+,0.20075693046248702,0.258022082351197
25,936.9014191023023,,,mixed C-H bending / opposite-phase C-C stretching,nu(C2-C3),bond,17.468007177104997,-,-0.18894581045331116,0.25785158094323446
25,936.9014191023023,,,mixed C-H bending / opposite-phase C-C stretching,delta(C2-C3-H15),angle,10.176226104351134,+,0.13092352954046424,0.31286163337936146
25,936.9014191023023,,,mixed C-H bending / opposite-phase C-C stretching,delta(C2-C3-H13),angle,9.59312908678536,-,-0.098943621204094,0.5163993140346653
25,936.9014191023023,,,mixed C-H bending / opposite-phase C-C stretching,delta(C2-C1-H10),angle,9.478713303180138,+,0.1252297435797615,0.31851902309095165
25,936.9014191023023,,,mixed C-H bending / opposite-phase C-C stretching,delta(C2-C4-H16),angle,8.494540369588545,-,-0.11949512838986245,0.31350209999061956
25,936.9014191023023,,,mixed C-H bending / opposite-phase C-C stretching,tau(C1-C2-C3-H14),dihedral,6.525027534288636,-,-0.08933129271255615,0.43089959044862763
25,936.9014191023023,,,mixed C-H bending / opposite-phase C-C stretching,delta(C2-C4-H18),angle,5.798087658584429,+,0.08923118575774291,0.38375356114596126
25,936.9014191023023,,,mixed C-H bending / opposite-phase C-C stretching,tau(C1-C2-C4-H17),dihedral,2.231593344295648,-,-0.08144323900093087,0.1772988640303949
25,936.9014191023023,,,mixed C-H bending / opposite-phase C-C stretching,delta(C3-C2-C5),angle,1.6772705412153404,+,0.0391055266409506,0.5779999640555233
25,936.9014191023023,,,mixed C-H bending / opposite-phase C-C stretching,delta(C4-C2-C5),angle,1.5511522208521735,-,-0.0375979848242938,0.5782641285567409
25,936.9014191023023,,,mixed C-H bending / opposite-phase C-C stretching,tau(H12-C1-C2-C5),dihedral,0.8175377103459988,-,-0.13011717007371496,0.02544717321698012
25,936.9014191023023,,,mixed C-H bending / opposite-phase C-C stretching,delta(H13-C3-H14),angle,0.8159876021793809,-,-0.030562808079738747,0.46036046686424154
25,936.9014191023023,,,mixed C-H bending / opposite-phase C-C stretching,delta(C1-C2-C3),angle,0.712394252667491,+,0.02552962530168345,0.5760132793691867
25,936.9014191023023,,,mixed C-H bending / opposite-phase C-C stretching,tau(C4-C2-C3-H15),dihedral,0.6406175409116659,+,0.02766626816307715,0.44106097360664287
25,936.9014191023023,,,mixed C-H bending / opposite-phase C-C stretching,"gamma(H21;C8,C7,O9)",oop,0.5443627679318073,-,-0.05551941796246103,0.09306782716686272
25,936.9014191023023,,,mixed C-H bending / opposite-phase C-C stretching,"gamma(C7;C5,C2,O6)",oop,0.515954116362708,-,-0.047291421144988584,0.12157585193261175
25,936.9014191023023,,,mixed C-H bending / opposite-phase C-C stretching,delta(H14-C3-H15),angle,0.5050465692278528,+,0.025167780267949098,0.4201869577691483
25,936.9014191023023,,,mixed C-H bending / opposite-phase C-C stretching,delta(H17-C4-H18),angle,0.46907082287177954,+,0.03076257207194846,0.26121258767795735
25,936.9014191023023,,,mixed C-H bending / opposite-phase C-C stretching,delta(H10-C1-H12),angle,0.38555362263931675,+,0.02700722752447716,0.2785644886096331
25,936.9014191023023,,,mixed C-H bending / opposite-phase C-C stretching,delta(H11-C1-H12),angle,0.36876854000252185,-,-0.026880015927796607,0.26896501294538183
25,936.9014191023023,,,mixed C-H bending / opposite-phase C-C stretching,tau(C3-C2-C4-H16),dihedral,0.263864180327265,+,0.028278777842427494,0.17388420593529577
25,936.9014191023023,,,mixed C-H bending / opposite-phase C-C stretching,nu(C5-C7),bond,0.26367754930755344,+,0.024310261758723906,0.2351228587387024
25,936.9014191023023,,,mixed C-H bending / opposite-phase C-C stretching,delta(C8-C7-H19),angle,0.23146523609553432,+,0.02230501338055056,0.24517815193377318
25,936.9014191023023,,,mixed C-H bending / opposite-phase C-C stretching,delta(C5-C7-H20),angle,0.16372239955427195,+,0.016384235451799116,0.3214080207257505
25,936.9014191023023,,,mixed C-H bending / opposite-phase C-C stretching,nu(C7-C8),bond,0.10492262734127727,-,-0.014864112731277976,0.25026040691544066
25,936.9014191023023,,,mixed C-H bending / opposite-phase C-C stretching,tau(C2-C5-C7-C8),dihedral,0.09592008473383097,+,0.05529561742447406,0.016532140990367292
25,936.9014191023023,,,mixed C-H bending / opposite-phase C-C stretching,"gamma(H16;C4,H17,H18)",oop,0.08181992468985111,+,0.013878010481103159,0.22387501255021114
25,936.9014191023023,,,mixed C-H bending / opposite-phase C-C stretching,delta(C2-C5-O6),angle,0.07728374359435364,+,0.008630413501596402,0.5467967349904848
25,936.9014191023023,,,mixed C-H bending / opposite-phase C-C stretching,nu(C2-C5),bond,0.058344390226104895,-,-0.01130031520909535,0.24077919590071512
25,936.9014191023023,,,mixed C-H bending / opposite-phase C-C stretching,nu(C1-C2),bond,0.04841223867508942,-,-0.009678351454919522,0.27236629187229455
25,936.9014191023023,,,mixed C-H bending / opposite-phase C-C stretching,delta(H13-C3-H15),angle,0.03990684630751255,+,0.006771070488448054,0.4587052477560685
25,936.9014191023023,,,mixed C-H bending / opposite-phase C-C stretching,tau(C1-C2-C5-C7),dihedral,0.020190830104559652,+,0.015641421563466002,0.04349133132405001
25,936.9014191023023,,,mixed C-H bending / opposite-phase C-C stretching,tau(H20-C7-C8-H21),dihedral,0.018453240895998733,-,-0.02710161427130063,0.013239857220979551
25,936.9014191023023,,,mixed C-H bending / opposite-phase C-C stretching,nu(C8-O9),bond,0.006311333674872089,+,0.00196744389797262,0.8592457588862482
25,936.9014191023023,,,mixed C-H bending / opposite-phase C-C stretching,delta(H19-C7-H20),angle,0.005687904215593604,-,-0.003444099385462668,0.25269805183984145
25,936.9014191023023,,,mixed C-H bending / opposite-phase C-C stretching,delta(C5-C7-C8),angle,0.00548505879294391,+,0.0029816465291487913,0.32513965682623924
25,936.9014191023023,,,mixed C-H bending / opposite-phase C-C stretching,delta(C7-C8-O9),angle,0.0020037306446786043,-,-0.001672586804562513,0.3774530837938862
25,936.9014191023023,,,mixed C-H bending / opposite-phase C-C stretching,nu(C3-H15),bond,0.0017309920266263058,-,-0.0016500823863360558,0.33503083561306585
25,936.9014191023023,,,mixed C-H bending / opposite-phase C-C stretching,delta(O9-C8-H21),angle,0.0015036960708214012,-,-0.001641343658525871,0.2941453531375008
25,936.9014191023023,,,mixed C-H bending / opposite-phase C-C stretching,nu(C4-H16),bond,0.0014845337789497041,+,0.001527517703426367,0.3352884162928494
25,936.9014191023023,,,mixed C-H bending / opposite-phase C-C stretching,delta(C2-C5-C7),angle,0.0009891686763949473,-,-0.0010212300279796747,0.49983213360108397
25,936.9014191023023,,,mixed C-H bending / opposite-phase C-C stretching,delta(C2-C1-H12),angle,0.0009271473954744418,-,-0.0012376648306123544,0.3189654565728886
25,936.9014191023023,,,mixed C-H bending / opposite-phase C-C stretching,delta(C3-C2-C4),angle,0.0009134002622987248,-,-0.0010525987346634105,0.43444661207745067
25,936.9014191023023,,,mixed C-H bending / opposite-phase C-C stretching,nu(C3-H14),bond,0.000756782894518735,-,-0.0010863282031088508,0.3379482234159411
25,936.9014191023023,,,mixed C-H bending / opposite-phase C-C stretching,nu(C5-O6),bond,0.00041935728065622507,+,0.000518384522366487,0.8223962194579738
25,936.9014191023023,,,mixed C-H bending / opposite-phase C-C stretching,nu(C4-H17),bond,0.00038310011730278206,+,0.0007725214878025597,0.33829230452961256
25,936.9014191023023,,,mixed C-H bending / opposite-phase C-C stretching,nu(C1-H10),bond,0.00023565617011815328,-,-0.0006046248231286351,0.3397096146008398
25,936.9014191023023,,,mixed C-H bending / opposite-phase C-C stretching,delta(C8-C7-H20),angle,0.00020399772066358963,+,0.0005831933094755216,0.3160830584568552
25,936.9014191023023,,,mixed C-H bending / opposite-phase C-C stretching,nu(C7-H20),bond,0.00018389171306382518,+,0.0005276337289761141,0.3480951950804118
25,936.9014191023023,,,mixed C-H bending / opposite-phase C-C stretching,nu(C4-H18),bond,0.00014891310556697845,-,-0.0004838610450226226,0.33519117262733306
25,936.9014191023023,,,mixed C-H bending / opposite-phase C-C stretching,nu(C1-H11),bond,0.00011401549734690486,+,0.0004203653400625236,0.3400251612828106
25,936.9014191023023,,,mixed C-H bending / opposite-phase C-C stretching,delta(H10-C1-H11),angle,0.00011191696546516702,+,0.00046439893975547546,0.27347300138974184
25,936.9014191023023,,,mixed C-H bending / opposite-phase C-C stretching,nu(C3-H13),bond,6.6043021745955e-05,+,0.00032216714898343685,0.33532458692209965
25,936.9014191023023,,,mixed C-H bending / opposite-phase C-C stretching,nu(C8-H21),bond,6.377028003103866e-05,-,-0.0003312389069753985,0.30629267332827326
25,936.9014191023023,,,mixed C-H bending / opposite-phase C-C stretching,nu(C7-H19),bond,5.8545267135110395e-05,+,0.000306082531577269,0.32931815426212097
25,936.9014191023023,,,mixed C-H bending / opposite-phase C-C stretching,nu(C1-H12),bond,1.6414498932715186e-05,-,-0.00016058069142669718,0.33546093490188217
26,945.3581287379483,,,mixed C-H bending / mixed-phase C-C stretching,nu(C1-C2),bond,28.154995356214766,-,-0.2049925310048704,0.27236629187229455
26,945.3581287379483,,,mixed C-H bending / mixed-phase C-C stretching,delta(C2-C1-H12),angle,15.372542406791647,-,-0.13997098230342547,0.3189654565728886
26,945.3581287379483,,,mixed C-H bending / mixed-phase C-C stretching,nu(C2-C3),bond,7.587136932012354,+,0.10936819598960376,0.25785158094323446
26,945.3581287379483,,,mixed C-H bending / mixed-phase C-C stretching,delta(C2-C4-H16),angle,7.462496406171216,+,0.09836912923699676,0.31350209999061956
26,945.3581287379483,,,mixed C-H bending / mixed-phase C-C stretching,delta(C2-C3-H13),angle,6.999605020866085,+,0.0742302503631007,0.5163993140346653
26,945.3581287379483,,,mixed C-H bending / mixed-phase C-C stretching,tau(C4-C2-C3-H15),dihedral,6.243766862307703,-,-0.07585968063437817,0.44106097360664287
26,945.3581287379483,,,mixed C-H bending / mixed-phase C-C stretching,nu(C2-C4),bond,6.112578871931069,+,0.09813429045941681,0.258022082351197
26,945.3581287379483,,,mixed C-H bending / mixed-phase C-C stretching,delta(C2-C3-H15),angle,4.750405199260401,+,0.078564465520277,0.31286163337936146
26,945.3581287379483,,,mixed C-H bending / mixed-phase C-C stretching,delta(C2-C1-H10),angle,2.5141788334356794,+,0.05664575661902265,0.31851902309095165
26,945.3581287379483,,,mixed C-H bending / mixed-phase C-C stretching,delta(C5-C7-H20),angle,2.0781701884605543,+,0.05126833185177529,0.3214080207257505
26,945.3581287379483,,,mixed C-H bending / mixed-phase C-C stretching,delta(C2-C4-H18),angle,1.6842088681506757,+,0.04223852581115748,0.38375356114596126
26,945.3581287379483,,,mixed C-H bending / mixed-phase C-C stretching,nu(C5-C7),bond,1.623087765109257,+,0.05297373101314183,0.2351228587387024
26,945.3581287379483,,,mixed C-H bending / mixed-phase C-C stretching,tau(C3-C2-C4-H16),dihedral,1.516675999166181,+,0.05954610043661915,0.17388420593529577
26,945.3581287379483,,,mixed C-H bending / mixed-phase C-C stretching,delta(H13-C3-H15),angle,1.462620617946833,+,0.03600277513412474,0.4587052477560685
26,945.3581287379483,,,mixed C-H bending / mixed-phase C-C stretching,delta(H10-C1-H11),angle,1.0708446871689135,+,0.039897253604378125,0.27347300138974184
26,945.3581287379483,,,mixed C-H bending / mixed-phase C-C stretching,delta(C2-C5-C7),angle,0.9624893511267756,+,0.027978399480883005,0.49983213360108397
26,945.3581287379483,,,mixed C-H bending / mixed-phase C-C stretching,delta(C3-C2-C4),angle,0.6668304148646972,-,-0.024979082328552418,0.43444661207745067
26,945.3581287379483,,,mixed C-H bending / mixed-phase C-C stretching,nu(C2-C5),bond,0.6062994132367775,-,-0.031994187141902684,0.24077919590071512
26,945.3581287379483,,,mixed C-H bending / mixed-phase C-C stretching,delta(C2-C5-O6),angle,0.4007836795976243,-,-0.017261520344690157,0.5467967349904848
26,945.3581287379483,,,mixed C-H bending / mixed-phase C-C stretching,delta(C3-C2-C5),angle,0.3338818529253066,-,-0.01532390632534929,0.5779999640555233
26,945.3581287379483,,,mixed C-H bending / mixed-phase C-C stretching,delta(C7-C8-O9),angle,0.29819148848142063,-,-0.01792062364321604,0.3774530837938862
26,945.3581287379483,,,mixed C-H bending / mixed-phase C-C stretching,delta(H14-C3-H15),angle,0.29679975389357155,-,-0.016945230113007137,0.4201869577691483
26,945.3581287379483,,,mixed C-H bending / mixed-phase C-C stretching,delta(H17-C4-H18),angle,0.26158594355976,-,-0.02017656066623369,0.26121258767795735
26,945.3581287379483,,,mixed C-H bending / mixed-phase C-C stretching,"gamma(H21;C8,C7,O9)",oop,0.227039802090133,-,-0.03149112669137329,0.09306782716686272
26,945.3581287379483,,,mixed C-H bending / mixed-phase C-C stretching,delta(H13-C3-H14),angle,0.2163524774493371,-,-0.013821937094592663,0.46036046686424154
26,945.3581287379483,,,mixed C-H bending / mixed-phase C-C stretching,delta(H10-C1-H12),angle,0.20615559874110387,-,-0.017344895103126576,0.2785644886096331
26,945.3581287379483,,,mixed C-H bending / mixed-phase C-C stretching,delta(C1-C2-C3),angle,0.1350808651322089,+,0.009763772588076135,0.5760132793691867
26,945.3581287379483,,,mixed C-H bending / mixed-phase C-C stretching,delta(C4-C2-C5),angle,0.13421106008505113,-,-0.009713327094353122,0.5782641285567409
26,945.3581287379483,,,mixed C-H bending / mixed-phase C-C stretching,"gamma(H16;C4,H17,H18)",oop,0.11463363923284843,-,-0.014427471168349141,0.22387501255021114
26,945.3581287379483,,,mixed C-H bending / mixed-phase C-C stretching,delta(H11-C1-H12),angle,0.11374614700349771,-,-0.013111652744704242,0.26896501294538183
26,945.3581287379483,,,mixed C-H bending / mixed-phase C-C stretching,delta(C8-C7-H20),angle,0.10343060135654943,-,-0.011533494213282907,0.3160830584568552
26,945.3581287379483,,,mixed C-H bending / mixed-phase C-C stretching,tau(C1-C2-C4-H17),dihedral,0.08038023309581133,+,0.013575587734855699,0.1772988640303949
26,945.3581287379483,,,mixed C-H bending / mixed-phase C-C stretching,"gamma(C7;C5,C2,O6)",oop,0.06334533833966349,+,0.014553607427798253,0.12157585193261175
26,945.3581287379483,,,mixed C-H bending / mixed-phase C-C stretching,nu(C5-O6),bond,0.025066832379826303,+,0.0035200283604434348,0.8223962194579738
26,945.3581287379483,,,mixed C-H bending / mixed-phase C-C stretching,delta(C8-C7-H19),angle,0.017465453228454608,+,0.005381285491515494,0.24517815193377318
26,945.3581287379483,,,mixed C-H bending / mixed-phase C-C stretching,delta(H19-C7-H20),angle,0.01659747767279312,-,-0.0051672215926006505,0.25269805183984145
26,945.3581287379483,,,mixed C-H bending / mixed-phase C-C stretching,tau(C1-C2-C3-H14),dihedral,0.016215358772922288,+,0.00391121983840367,0.43089959044862763
26,945.3581287379483,,,mixed C-H bending / mixed-phase C-C stretching,tau(H20-C7-C8-H21),dihedral,0.013452029497181871,+,0.020323066644342223,0.013239857220979551
26,945.3581287379483,,,mixed C-H bending / mixed-phase C-C stretching,delta(O9-C8-H21),angle,0.011496124866687926,+,0.003985948901610161,0.2941453531375008
26,945.3581287379483,,,mixed C-H bending / mixed-phase C-C stretching,delta(C5-C7-C8),angle,0.009730507160626763,-,-0.0034879460068885527,0.32513965682623924
26,945.3581287379483,,,mixed C-H bending / mixed-phase C-C stretching,nu(C7-C8),bond,0.008199082108316613,+,0.0036494173404491917,0.25026040691544066
26,945.3581287379483,,,mixed C-H bending / mixed-phase C-C stretching,tau(H12-C1-C2-C5),dihedral,0.007031624959390413,+,0.010598516083257445,0.02544717321698012
26,945.3581287379483,,,mixed C-H bending / mixed-phase C-C stretching,nu(C8-O9),bond,0.006173292290650745,+,0.0017089789295275837,0.8592457588862482
26,945.3581287379483,,,mixed C-H bending / mixed-phase C-C stretching,tau(C1-C2-C5-C7),dihedral,0.00450792897653334,+,0.006491187710251045,0.04349133132405001
26,945.3581287379483,,,mixed C-H bending / mixed-phase C-C stretching,nu(C1-H11),bond,0.0028570498287516658,-,-0.001848163404201285,0.3400251612828106
26,945.3581287379483,,,mixed C-H bending / mixed-phase C-C stretching,nu(C1-H10),bond,0.002303179493098506,-,-0.0016601485862059058,0.3397096146008398
26,945.3581287379483,,,mixed C-H bending / mixed-phase C-C stretching,nu(C7-H20),bond,0.001141655443547228,+,0.0011546636614332918,0.3480951950804118
26,945.3581287379483,,,mixed C-H bending / mixed-phase C-C stretching,nu(C1-H12),bond,0.00078267448150456,+,0.0009738825793173051,0.33546093490188217
26,945.3581287379483,,,mixed C-H bending / mixed-phase C-C stretching,nu(C3-H13),bond,0.0006931579459987286,-,-0.0009166855608353872,0.33532458692209965
26,945.3581287379483,,,mixed C-H bending / mixed-phase C-C stretching,tau(C2-C5-C7-C8),dihedral,0.0006733752162541255,+,0.0040691247122709145,0.016532140990367292
26,945.3581287379483,,,mixed C-H bending / mixed-phase C-C stretching,nu(C4-H18),bond,0.0003289744385335267,-,-0.0006316431307617764,0.33519117262733306
26,945.3581287379483,,,mixed C-H bending / mixed-phase C-C stretching,nu(C4-H16),bond,0.0002494505970711665,-,-0.0005499459218211808,0.3352884162928494
26,945.3581287379483,,,mixed C-H bending / mixed-phase C-C stretching,nu(C7-H19),bond,0.00017923874296117627,+,0.00047037593552407323,0.32931815426212097
26,945.3581287379483,,,mixed C-H bending / mixed-phase C-C stretching,nu(C8-H21),bond,0.00015495560880021542,-,-0.0004534948221731206,0.30629267332827326
26,945.3581287379483,,,mixed C-H bending / mixed-phase C-C stretching,nu(C4-H17),bond,9.082921637520518e-05,-,-0.00033037236407813705,0.33829230452961256
26,945.3581287379483,,,mixed C-H bending / mixed-phase C-C stretching,nu(C3-H14),bond,5.476676766369742e-05,-,-0.0002566672500897241,0.3379482234159411
26,945.3581287379483,,,mixed C-H bending / mixed-phase C-C stretching,nu(C3-H15),bond,3.3051005259823266e-06,-,-6.332671105809622e-05,0.33503083561306585
27,970.5953557163473,,,mixed C-H bending / mixed-phase C-C stretching,delta(C2-C4-H18),angle,22.84962772640971,-,-0.18405427323398627,0.38375356114596126
27,970.5953557163473,,,mixed C-H bending / mixed-phase C-C stretching,nu(C5-C7),bond,16.18798744250132,+,0.19791629512878228,0.2351228587387024
27,970.5953557163473,,,mixed C-H bending / mixed-phase C-C stretching,delta(C5-C7-H20),angle,14.996423122965489,+,0.16292886702517426,0.3214080207257505
27,970.5953557163473,,,mixed C-H bending / mixed-phase C-C stretching,delta(C2-C5-O6),angle,7.300108224472348,+,0.08715338165692833,0.5467967349904848
27,970.5953557163473,,,mixed C-H bending / mixed-phase C-C stretching,delta(C2-C4-H16),angle,5.961228147689853,+,0.1040112209722945,0.31350209999061956
27,970.5953557163473,,,mixed C-H bending / mixed-phase C-C stretching,nu(C2-C5),bond,5.482946227017514,-,-0.11382300927682575,0.24077919590071512
27,970.5953557163473,,,mixed C-H bending / mixed-phase C-C stretching,delta(C2-C1-H12),angle,5.408698810646858,+,0.09822162678509774,0.3189654565728886
27,970.5953557163473,,,mixed C-H bending / mixed-phase C-C stretching,"gamma(H21;C8,C7,O9)",oop,4.803553662570407,-,-0.1713618278658534,0.09306782716686272
27,970.5953557163473,,,mixed C-H bending / mixed-phase C-C stretching,tau(C1-C2-C4-H17),dihedral,3.2840277545492906,+,0.1026556796953029,0.1772988640303949
27,970.5953557163473,,,mixed C-H bending / mixed-phase C-C stretching,delta(C2-C3-H13),angle,2.4246853868772087,-,-0.05168534495225693,0.5163993140346653
27,970.5953557163473,,,mixed C-H bending / mixed-phase C-C stretching,delta(C7-C8-O9),angle,2.2015034440692776,-,-0.05760507489478639,0.3774530837938862
27,970.5953557163473,,,mixed C-H bending / mixed-phase C-C stretching,tau(C3-C2-C4-H16),dihedral,1.3488143475815073,-,-0.06643219009553401,0.17388420593529577
27,970.5953557163473,,,mixed C-H bending / mixed-phase C-C stretching,delta(C2-C3-H15),angle,1.1661633327359906,-,-0.0460506841604532,0.31286163337936146
27,970.5953557163473,,,mixed C-H bending / mixed-phase C-C stretching,delta(C2-C5-C7),angle,0.9514027183646928,-,-0.03290808856591319,0.49983213360108397
27,970.5953557163473,,,mixed C-H bending / mixed-phase C-C stretching,"gamma(C7;C5,C2,O6)",oop,0.8529229561421009,+,0.06317769704119808,0.12157585193261175
27,970.5953557163473,,,mixed C-H bending / mixed-phase C-C stretching,delta(C8-C7-H19),angle,0.4862225916348268,+,0.03358994040309324,0.24517815193377318
27,970.5953557163473,,,mixed C-H bending / mixed-phase C-C stretching,tau(C4-C2-C3-H15),dihedral,0.47816686675989534,+,0.02483550377482127,0.44106097360664287
27,970.5953557163473,,,mixed C-H bending / mixed-phase C-C stretching,"gamma(H16;C4,H17,H18)",oop,0.4394992959871683,-,-0.033420183505997576,0.22387501255021114
27,970.5953557163473,,,mixed C-H bending / mixed-phase C-C stretching,nu(C2-C4),bond,0.43766640072439034,+,0.031065311715167663,0.258022082351197
27,970.5953557163473,,,mixed C-H bending / mixed-phase C-C stretching,delta(H13-C3-H14),angle,0.4265584231456323,+,0.022960048450848078,0.46036046686424154
27,970.5953557163473,,,mixed C-H bending / mixed-phase C-C stretching,delta(H10-C1-H11),angle,0.347169953796469,-,-0.026874870933658812,0.27347300138974184
27,970.5953557163473,,,mixed C-H bending / mixed-phase C-C stretching,delta(H13-C3-H15),angle,0.2768691715596115,-,-0.018531176659233123,0.4587052477560685
27,970.5953557163473,,,mixed C-H bending / mixed-phase C-C stretching,delta(C2-C1-H10),angle,0.2652163901556241,-,-0.021765319276518435,0.31851902309095165
27,970.5953557163473,,,mixed C-H bending / mixed-phase C-C stretching,tau(C1-C2-C3-H14),dihedral,0.2223378720498112,-,-0.017133702891167422,0.43089959044862763
27,970.5953557163473,,,mixed C-H bending / mixed-phase C-C stretching,delta(C8-C7-H20),angle,0.20756393050834646,-,-0.019328933125772253,0.3160830584568552
27,970.5953557163473,,,mixed C-H bending / mixed-phase C-C stretching,delta(H10-C1-H12),angle,0.20451675069165304,+,0.02043779864570421,0.2785644886096331
27,970.5953557163473,,,mixed C-H bending / mixed-phase C-C stretching,nu(C5-O6),bond,0.15366340821932115,+,0.010310440684327989,0.8223962194579738
27,970.5953557163473,,,mixed C-H bending / mixed-phase C-C stretching,delta(H14-C3-H15),angle,0.1443452479328617,+,0.013980171892165471,0.4201869577691483
27,970.5953557163473,,,mixed C-H bending / mixed-phase C-C stretching,delta(C4-C2-C5),angle,0.11108077234522121,+,0.010454153413831166,0.5782641285567409
27,970.5953557163473,,,mixed C-H bending / mixed-phase C-C stretching,nu(C8-O9),bond,0.10647106257127288,+,0.008396332827216671,0.8592457588862482
27,970.5953557163473,,,mixed C-H bending / mixed-phase C-C stretching,nu(C1-C2),bond,0.0772254542136435,-,-0.012700947081746091,0.27236629187229455
27,970.5953557163473,,,mixed C-H bending / mixed-phase C-C stretching,tau(C1-C2-C5-C7),dihedral,0.07082650343000278,+,0.030438910234690607,0.04349133132405001
27,970.5953557163473,,,mixed C-H bending / mixed-phase C-C stretching,delta(H17-C4-H18),angle,0.050644551122369076,-,-0.010502721810272782,0.26121258767795735
27,970.5953557163473,,,mixed C-H bending / mixed-phase C-C stretching,delta(O9-C8-H21),angle,0.047872769057069726,+,0.009622675229337968,0.2941453531375008
27,970.5953557163473,,,mixed C-H bending / mixed-phase C-C stretching,nu(C2-C3),bond,0.04741207470976017,+,0.010228033239323232,0.25785158094323446
27,970.5953557163473,,,mixed C-H bending / mixed-phase C-C stretching,delta(H19-C7-H20),angle,0.04185464685324136,-,-0.009707411592916828,0.25269805183984145
27,970.5953557163473,,,mixed C-H bending / mixed-phase C-C stretching,delta(H11-C1-H12),angle,0.032428040289941854,+,0.008282186516280909,0.26896501294538183
27,970.5953557163473,,,mixed C-H bending / mixed-phase C-C stretching,nu(C7-C8),bond,0.02502877669990434,-,-0.0075432115653390015,0.25026040691544066
27,970.5953557163473,,,mixed C-H bending / mixed-phase C-C stretching,nu(C7-H20),bond,0.015217826498090727,+,0.00498723519568722,0.3480951950804118
27,970.5953557163473,,,mixed C-H bending / mixed-phase C-C stretching,tau(C2-C5-C7-C8),dihedral,0.014052420311579064,+,0.021990928440838428,0.016532140990367292
27,970.5953557163473,,,mixed C-H bending / mixed-phase C-C stretching,delta(C5-C7-C8),angle,0.01099432347472297,+,0.004386133375445786,0.32513965682623924
27,970.5953557163473,,,mixed C-H bending / mixed-phase C-C stretching,tau(H20-C7-C8-H21),dihedral,0.010268534720174029,+,0.021006085897517686,0.013239857220979551
27,970.5953557163473,,,mixed C-H bending / mixed-phase C-C stretching,nu(C1-H12),bond,0.00567237461248821,-,-0.00310165883219388,0.33546093490188217
27,970.5953557163473,,,mixed C-H bending / mixed-phase C-C stretching,delta(C3-C2-C5),angle,0.005658279520721335,+,0.0023599936977694276,0.5779999640555233
27,970.5953557163473,,,mixed C-H bending / mixed-phase C-C stretching,nu(C4-H16),bond,0.0051913156580255665,-,-0.0029679869954281927,0.3352884162928494
27,970.5953557163473,,,mixed C-H bending / mixed-phase C-C stretching,nu(C4-H17),bond,0.004715519299566404,-,-0.0028161206293478985,0.33829230452961256
27,970.5953557163473,,,mixed C-H bending / mixed-phase C-C stretching,nu(C3-H14),bond,0.0032798519044593207,-,-0.002349819931889903,0.3379482234159411
27,970.5953557163473,,,mixed C-H bending / mixed-phase C-C stretching,nu(C7-H19),bond,0.0020619420009830337,+,0.001887395591030455,0.32931815426212097
27,970.5953557163473,,,mixed C-H bending / mixed-phase C-C stretching,nu(C8-H21),bond,0.0006946353940414814,-,-0.0011359068013180086,0.30629267332827326
27,970.5953557163473,,,mixed C-H bending / mixed-phase C-C stretching,nu(C4-H18),bond,0.0006898457196389525,+,0.0010820871768397117,0.33519117262733306
27,970.5953557163473,,,mixed C-H bending / mixed-phase C-C stretching,nu(C1-H11),bond,0.0003065478622111224,+,0.0007161865624113775,0.3400251612828106
27,970.5953557163473,,,mixed C-H bending / mixed-phase C-C stretching,tau(H12-C1-C2-C5),dihedral,0.00017930008292633593,-,-0.002002179554235143,0.02544717321698012
27,970.5953557163473,,,mixed C-H bending / mixed-phase C-C stretching,nu(C3-H13),bond,0.000148191991307714,-,-0.0005014321983192878,0.33532458692209965
27,970.5953557163473,,,mixed C-H bending / mixed-phase C-C stretching,nu(C1-H10),bond,7.582686902326047e-05,+,0.00035636101937228066,0.3397096146008398
27,970.5953557163473,,,mixed C-H bending / mixed-phase C-C stretching,delta(C3-C2-C4),angle,4.060572548940008e-05,-,-0.00023059929737361763,0.43444661207745067
27,970.5953557163473,,,mixed C-H bending / mixed-phase C-C stretching,nu(C3-H15),bond,1.091993110187569e-05,+,0.0001361758543965738,0.33503083561306585
27,970.5953557163473,,,mixed C-H bending / mixed-phase C-C stretching,delta(C1-C2-C3),angle,7.479371822223484e-06,+,8.595059035752665e-05,0.5760132793691867
28,971.4051598178213,,,C-H bending,delta(C2-C1-H10),angle,30.38656205437087,-,-0.20983158912343064,0.31851902309095165
28,971.4051598178213,,,C-H bending,delta(C2-C3-H15),angle,22.41831486316635,+,0.1818541021299514,0.31286163337936146
28,971.4051598178213,,,C-H bending,delta(C2-C4-H16),angle,20.54780433879603,-,-0.17392429737985382,0.31350209999061956
28,971.4051598178213,,,C-H bending,tau(C4-C2-C3-H15),dihedral,4.380829079960959,-,-0.06770591515564343,0.44106097360664287
28,971.4051598178213,,,C-H bending,tau(C1-C2-C3-H14),dihedral,4.269936946944813,-,-0.06762705327206306,0.43089959044862763
28,971.4051598178213,,,C-H bending,tau(C3-C2-C4-H16),dihedral,2.813494247798489,-,-0.08641531581878466,0.17388420593529577
28,971.4051598178213,,,C-H bending,delta(H13-C3-H15),angle,2.1151971113624874,+,0.04613243111618122,0.4587052477560685
28,971.4051598178213,,,C-H bending,delta(C2-C4-H18),angle,1.962968552395339,-,-0.048587911929530485,0.38375356114596126
28,971.4051598178213,,,C-H bending,delta(H13-C3-H14),angle,1.7555628499787397,-,-0.041952413828187755,0.46036046686424154
28,971.4051598178213,,,C-H bending,delta(H11-C1-H12),angle,1.659610135707157,+,0.05336455815318954,0.26896501294538183
28,971.4051598178213,,,C-H bending,delta(H10-C1-H12),angle,1.3356107353800701,-,-0.04704081620851248,0.2785644886096331
28,971.4051598178213,,,C-H bending,delta(H17-C4-H18),angle,1.2857457039654456,+,0.04766265867526608,0.26121258767795735
28,971.4051598178213,,,C-H bending,tau(H12-C1-C2-C5),dihedral,0.8252563159691539,+,0.12234111359858109,0.02544717321698012
28,971.4051598178213,,,C-H bending,tau(C1-C2-C4-H17),dihedral,0.7964522425295741,-,-0.045532832439091314,0.1772988640303949
28,971.4051598178213,,,C-H bending,nu(C5-C7),bond,0.7892158595949339,+,0.039359380043851144,0.2351228587387024
28,971.4051598178213,,,C-H bending,delta(C5-C7-H20),angle,0.7387492070304763,+,0.032570013050704116,0.3214080207257505
28,971.4051598178213,,,C-H bending,delta(C2-C5-O6),angle,0.3973560680069924,+,0.01831364293177044,0.5467967349904848
28,971.4051598178213,,,C-H bending,delta(C2-C1-H12),angle,0.34956565761160896,+,0.022490045166090745,0.3189654565728886
28,971.4051598178213,,,C-H bending,nu(C2-C5),bond,0.2909203896249085,-,-0.023614316204006055,0.24077919590071512
28,971.4051598178213,,,C-H bending,"gamma(H21;C8,C7,O9)",oop,0.1886750760214593,-,-0.030588293833605926,0.09306782716686272
28,971.4051598178213,,,C-H bending,"gamma(H16;C4,H17,H18)",oop,0.18396702495480133,+,0.019474438958808217,0.22387501255021114
28,971.4051598178213,,,C-H bending,nu(C2-C3),bond,0.0952302054582558,+,0.013055702200924913,0.25785158094323446
28,971.4051598178213,,,C-H bending,tau(C1-C2-C5-C7),dihedral,0.0803295393580603,+,0.029196719741585494,0.04349133132405001
28,971.4051598178213,,,C-H bending,delta(C7-C8-O9),angle,0.07194951116208002,-,-0.009379511252539427,0.3774530837938862
28,971.4051598178213,,,C-H bending,delta(C2-C5-C7),angle,0.04343315661190462,-,-0.006332808922208705,0.49983213360108397
28,971.4051598178213,,,C-H bending,"gamma(C7;C5,C2,O6)",oop,0.04001059421563585,+,0.012324281621780635,0.12157585193261175
28,971.4051598178213,,,C-H bending,delta(C8-C7-H20),angle,0.03872042720767354,-,-0.007519123785442413,0.3160830584568552
28,971.4051598178213,,,C-H bending,nu(C2-C4),bond,0.023736622892706307,-,-0.006515965873031944,0.258022082351197
28,971.4051598178213,,,C-H bending,delta(H10-C1-H11),angle,0.022448968270586397,-,-0.006155151379586961,0.27347300138974184
28,971.4051598178213,,,C-H bending,delta(C4-C2-C5),angle,0.020209264518680537,+,0.0040161497858035525,0.5782641285567409
28,971.4051598178213,,,C-H bending,delta(C8-C7-H19),angle,0.01880238668953927,+,0.005949265905755922,0.24517815193377318
28,971.4051598178213,,,C-H bending,nu(C8-O9),bond,0.0069478907708296215,+,0.0019318151445171115,0.8592457588862482
28,971.4051598178213,,,C-H bending,delta(C1-C2-C3),angle,0.00662063485082171,-,-0.0023031983669947586,0.5760132793691867
28,971.4051598178213,,,C-H bending,nu(C5-O6),bond,0.006329840883120328,+,0.0018847494177713173,0.8223962194579738
28,971.4051598178213,,,C-H bending,nu(C1-H10),bond,0.005471306543936628,+,0.0027263987787753264,0.3397096146008398
28,971.4051598178213,,,C-H bending,nu(C3-H15),bond,0.004796758914110126,-,-0.0025705693756726826,0.33503083561306585
28,971.4051598178213,,,C-H bending,nu(C1-H11),bond,0.004118421391222843,-,-0.0023643275170124266,0.3400251612828106
28,971.4051598178213,,,C-H bending,nu(C7-C8),bond,0.003852695150372139,-,-0.002665532756131096,0.25026040691544066
28,971.4051598178213,,,C-H bending,nu(C4-H16),bond,0.003278554063484749,+,0.0021243676237585824,0.3352884162928494
28,971.4051598178213,,,C-H bending,delta(H14-C3-H15),angle,0.002850675202825774,+,0.0017694991518180463,0.4201869577691483
28,971.4051598178213,,,C-H bending,delta(C2-C3-H13),angle,0.002140096112521753,+,0.0013829981036770907,0.5163993140346653
28,971.4051598178213,,,C-H bending,nu(C4-H17),bond,0.001971672680768702,-,-0.0016400954512022033,0.33829230452961256
28,971.4051598178213,,,C-H bending,delta(C3-C2-C5),angle,0.0018282950856836086,-,-0.001208250585207332,0.5779999640555233
28,971.4051598178213,,,C-H bending,tau(H20-C7-C8-H21),dihedral,0.0009805799803399753,+,0.005846522619543385,0.013239857220979551
28,971.4051598178213,,,C-H bending,nu(C7-H20),bond,0.0007488262345824306,+,0.000996412770956018,0.3480951950804118
28,971.4051598178213,,,C-H bending,delta(O9-C8-H21),angle,0.00036638827035653863,+,0.0007582065969444405,0.2941453531375008
28,971.4051598178213,,,C-H bending,nu(C1-H12),bond,0.00033054180899399707,-,-0.0006743571975898027,0.33546093490188217
28,971.4051598178213,,,C-H bending,nu(C3-H14),bond,0.0001974916615985323,+,0.0005193343776584166,0.3379482234159411
28,971.4051598178213,,,C-H bending,delta(C5-C7-C8),angle,0.00014407987344092717,+,0.00045223530274397333,0.32513965682623924
28,971.4051598178213,,,C-H bending,nu(C1-C2),bond,7.72334598431239e-05,-,-0.0003617627447341157,0.27236629187229455
28,971.4051598178213,,,C-H bending,nu(C7-H19),bond,6.892314685851595e-05,+,0.00031079390025234843,0.32931815426212097
28,971.4051598178213,,,C-H bending,delta(C3-C2-C4),angle,5.400881692347712e-05,+,0.00023953109427153035,0.43444661207745067
28,971.4051598178213,,,C-H bending,nu(C4-H18),bond,5.073766829419406e-05,+,0.0002643119141838792,0.33519117262733306
28,971.4051598178213,,,C-H bending,nu(C8-H21),bond,4.5530610660283976e-05,-,-0.00026192756604128217,0.30629267332827326
28,971.4051598178213,,,C-H bending,tau(C2-C5-C7-C8),dihedral,3.916772176895439e-05,+,0.0010456765752164415,0.016532140990367292
28,971.4051598178213,,,C-H bending,delta(H19-C7-H20),angle,1.2987283588463433e-05,+,0.00015401250651026288,0.25269805183984145
28,971.4051598178213,,,C-H bending,nu(C3-H13),bond,1.1524257274961665e-05,-,-0.00012594227886005444,0.33532458692209965
29,1017.1837002790194,,,mixed C-H bending / C-C torsion,delta(C2-C3-H13),angle,37.78872055145162,-,-0.255441173995197,0.5163993140346653
29,1017.1837002790194,,,mixed C-H bending / C-C torsion,tau(C4-C2-C3-H15),dihedral,8.013034751689709,+,0.1272775577090404,0.44106097360664287
29,1017.1837002790194,,,mixed C-H bending / C-C torsion,delta(C2-C4-H18),angle,7.360460207525079,+,0.13077625944210144,0.38375356114596126
29,1017.1837002790194,,,mixed C-H bending / C-C torsion,tau(C1-C2-C3-H14),dihedral,7.278541246477484,-,-0.12272605354998395,0.43089959044862763
29,1017.1837002790194,,,mixed C-H bending / C-C torsion,"gamma(H21;C8,C7,O9)",oop,6.116142136294705,+,0.2420703696987178,0.09306782716686272
29,1017.1837002790194,,,mixed C-H bending / C-C torsion,delta(C2-C3-H15),angle,5.333701873406029,+,0.12329368994794224,0.31286163337936146
29,1017.1837002790194,,,mixed C-H bending / C-C torsion,nu(C7-C8),bond,5.065012351680392,+,0.1343373624352699,0.25026040691544066
29,1017.1837002790194,,,mixed C-H bending / C-C torsion,delta(C2-C1-H12),angle,2.2192838339822702,+,0.07876571771243085,0.3189654565728886
29,1017.1837002790194,,,mixed C-H bending / C-C torsion,nu(C2-C3),bond,2.0807347397714793,+,0.08482543506449648,0.25785158094323446
29,1017.1837002790194,,,mixed C-H bending / C-C torsion,tau(C3-C2-C4-H16),dihedral,2.0389805313402274,+,0.10225371779423559,0.17388420593529577
29,1017.1837002790194,,,mixed C-H bending / C-C torsion,delta(H14-C3-H15),angle,1.9077495888404907,+,0.06362708634594882,0.4201869577691483
29,1017.1837002790194,,,mixed C-H bending / C-C torsion,delta(C5-C7-C8),angle,1.8980895300796872,-,-0.07214828484909554,0.32513965682623924
29,1017.1837002790194,,,mixed C-H bending / C-C torsion,delta(C2-C1-H10),angle,1.8296091309713705,-,-0.07156721347302725,0.31851902309095165
29,1017.1837002790194,,,mixed C-H bending / C-C torsion,delta(C7-C8-O9),angle,1.56829635041897,-,-0.060867464749948384,0.3774530837938862
29,1017.1837002790194,,,mixed C-H bending / C-C torsion,delta(C3-C2-C5),angle,1.3494531794622953,-,-0.045626550984728384,0.5779999640555233
29,1017.1837002790194,,,mixed C-H bending / C-C torsion,nu(C5-C7),bond,1.1444834658506051,+,0.06588096784233757,0.2351228587387024
29,1017.1837002790194,,,mixed C-H bending / C-C torsion,delta(C5-C7-H20),angle,0.9961946718589219,+,0.0525710181408612,0.3214080207257505
29,1017.1837002790194,,,mixed C-H bending / C-C torsion,delta(C8-C7-H19),angle,0.8591877509914129,-,-0.055899225521115564,0.24517815193377318
29,1017.1837002790194,,,mixed C-H bending / C-C torsion,delta(C4-C2-C5),angle,0.6448704239125769,+,0.031533758641097746,0.5782641285567409
29,1017.1837002790194,,,mixed C-H bending / C-C torsion,tau(H20-C7-C8-H21),dihedral,0.6306129397399596,+,0.2060831215831863,0.013239857220979551
29,1017.1837002790194,,,mixed C-H bending / C-C torsion,nu(C2-C4),bond,0.4918048506637055,-,-0.04122594333229503,0.258022082351197
29,1017.1837002790194,,,mixed C-H bending / C-C torsion,nu(C1-C2),bond,0.4864563693164715,-,-0.039906891838519316,0.27236629187229455
29,1017.1837002790194,,,mixed C-H bending / C-C torsion,nu(C2-C5),bond,0.4581938021708118,-,-0.041192463091454704,0.24077919590071512
29,1017.1837002790194,,,mixed C-H bending / C-C torsion,delta(C2-C4-H16),angle,0.37748068271403057,-,-0.032766478923799525,0.31350209999061956
29,1017.1837002790194,,,mixed C-H bending / C-C torsion,delta(H13-C3-H14),angle,0.3561446659146105,-,-0.026264361486913416,0.46036046686424154
29,1017.1837002790194,,,mixed C-H bending / C-C torsion,delta(H13-C3-H15),angle,0.31100754827220906,-,-0.02458788914662391,0.4587052477560685
29,1017.1837002790194,,,mixed C-H bending / C-C torsion,delta(C2-C5-O6),angle,0.2659025383870395,+,0.020823365459550852,0.5467967349904848
29,1017.1837002790194,,,mixed C-H bending / C-C torsion,delta(C8-C7-H20),angle,0.2293504252044168,-,-0.025436174826011584,0.3160830584568552
29,1017.1837002790194,,,mixed C-H bending / C-C torsion,tau(C1-C2-C4-H17),dihedral,0.1890138873727236,-,-0.030831632200277875,0.1772988640303949
29,1017.1837002790194,,,mixed C-H bending / C-C torsion,delta(H10-C1-H11),angle,0.16863816762009093,-,-0.023448946983576083,0.27347300138974184
29,1017.1837002790194,,,mixed C-H bending / C-C torsion,delta(H11-C1-H12),angle,0.10292947692919222,+,0.01847245526880305,0.26896501294538183
29,1017.1837002790194,,,mixed C-H bending / C-C torsion,delta(O9-C8-H21),angle,0.08143646106232419,+,0.01571198610182489,0.2941453531375008
29,1017.1837002790194,,,mixed C-H bending / C-C torsion,tau(C1-C2-C5-C7),dihedral,0.07710631390097195,-,-0.03975998902724486,0.04349133132405001
29,1017.1837002790194,,,mixed C-H bending / C-C torsion,nu(C5-O6),bond,0.05330200582612817,+,0.007602104926347697,0.8223962194579738
29,1017.1837002790194,,,mixed C-H bending / C-C torsion,delta(C2-C5-C7),angle,0.044332547018378896,-,-0.008893073693305484,0.49983213360108397
29,1017.1837002790194,,,mixed C-H bending / C-C torsion,delta(H19-C7-H20),angle,0.04298088011372533,+,0.01231513965621427,0.25269805183984145
29,1017.1837002790194,,,mixed C-H bending / C-C torsion,tau(H12-C1-C2-C5),dihedral,0.038176305904656656,+,0.03657461926824739,0.02544717321698012
29,1017.1837002790194,,,mixed C-H bending / C-C torsion,"gamma(C7;C5,C2,O6)",oop,0.03637373546979598,-,-0.016333261948118977,0.12157585193261175
29,1017.1837002790194,,,mixed C-H bending / C-C torsion,delta(H17-C4-H18),angle,0.02782873138973082,+,0.009746580848699294,0.26121258767795735
29,1017.1837002790194,,,mixed C-H bending / C-C torsion,delta(H10-C1-H12),angle,0.010613475645689341,+,0.005828658004503042,0.2785644886096331
29,1017.1837002790194,,,mixed C-H bending / C-C torsion,"gamma(H16;C4,H17,H18)",oop,0.008870316393807233,+,0.005943871060870585,0.22387501255021114
29,1017.1837002790194,,,mixed C-H bending / C-C torsion,nu(C3-H13),bond,0.0031834812752386814,+,0.002909518256992145,0.33532458692209965
29,1017.1837002790194,,,mixed C-H bending / C-C torsion,nu(C3-H15),bond,0.0029165746643803787,-,-0.002786100608500187,0.33503083561306585
29,1017.1837002790194,,,mixed C-H bending / C-C torsion,nu(C8-O9),bond,0.002266256933847791,-,-0.0015335520126358842,0.8592457588862482
29,1017.1837002790194,,,mixed C-H bending / C-C torsion,nu(C7-H20),bond,0.001957327545018069,+,0.00223916127996206,0.3480951950804118
29,1017.1837002790194,,,mixed C-H bending / C-C torsion,tau(C2-C5-C7-C8),dihedral,0.0017492954872995908,-,-0.00971336421901674,0.016532140990367292
29,1017.1837002790194,,,mixed C-H bending / C-C torsion,nu(C1-H12),bond,0.0016815097857476003,-,-0.0021141283935988725,0.33546093490188217
29,1017.1837002790194,,,mixed C-H bending / C-C torsion,nu(C3-H14),bond,0.0012992457592279863,-,-0.001851497824426912,0.3379482234159411
29,1017.1837002790194,,,mixed C-H bending / C-C torsion,delta(C1-C2-C3),angle,0.0010673383884793957,+,0.0012853975061422435,0.5760132793691867
29,1017.1837002790194,,,mixed C-H bending / C-C torsion,nu(C4-H18),bond,0.0009648899925179275,-,-0.001602120769670316,0.33519117262733306
29,1017.1837002790194,,,mixed C-H bending / C-C torsion,nu(C7-H19),bond,0.0008374172597811577,-,-0.0015057946629550127,0.32931815426212097
29,1017.1837002790194,,,mixed C-H bending / C-C torsion,nu(C4-H16),bond,0.0004877381237877428,+,0.001138902936913985,0.3352884162928494
29,1017.1837002790194,,,mixed C-H bending / C-C torsion,nu(C8-H21),bond,0.000294388983338352,+,0.0009257529585032604,0.30629267332827326
29,1017.1837002790194,,,mixed C-H bending / C-C torsion,nu(C1-H11),bond,8.758367740357845e-05,+,0.0004792462202747195,0.3400251612828106
29,1017.1837002790194,,,mixed C-H bending / C-C torsion,nu(C1-H10),bond,8.475098905673004e-05,+,0.00047165137431255476,0.3397096146008398
29,1017.1837002790194,,,mixed C-H bending / C-C torsion,nu(C4-H17),bond,1.1030948234982392e-05,-,-0.00017051516120590102,0.33829230452961256
29,1017.1837002790194,,,mixed C-H bending / C-C torsion,delta(C3-C2-C4),angle,8.727150829008713e-06,+,0.0001338352977480285,0.43444661207745067
30,1057.045310135362,,,mixed C-H bending / C-C torsion,delta(C2-C4-H18),angle,23.822950251633728,+,0.20024826763966147,0.38375356114596126
30,1057.045310135362,,,mixed C-H bending / C-C torsion,delta(C2-C1-H12),angle,18.477093127749594,-,-0.19343818242154218,0.3189654565728886
30,1057.045310135362,,,mixed C-H bending / C-C torsion,delta(C2-C4-H16),angle,11.372681854338685,-,-0.15307646447278409,0.31350209999061956
30,1057.045310135362,,,mixed C-H bending / C-C torsion,"gamma(H21;C8,C7,O9)",oop,5.6817307350763135,-,-0.1985810221457085,0.09306782716686272
30,1057.045310135362,,,mixed C-H bending / C-C torsion,tau(C1-C2-C4-H17),dihedral,5.387652257237225,-,-0.1401018941487773,0.1772988640303949
30,1057.045310135362,,,mixed C-H bending / C-C torsion,delta(C2-C3-H15),angle,4.0295147245570675,-,-0.091211043534827,0.31286163337936146
30,1057.045310135362,,,mixed C-H bending / C-C torsion,delta(C4-C2-C5),angle,3.9574784707047153,+,0.0664880137713603,0.5782641285567409
30,1057.045310135362,,,mixed C-H bending / C-C torsion,delta(C5-C7-H20),angle,3.914113991567255,+,0.08869223206656744,0.3214080207257505
30,1057.045310135362,,,mixed C-H bending / C-C torsion,tau(C4-C2-C3-H15),dihedral,3.1306071993091913,+,0.06771146012536318,0.44106097360664287
30,1057.045310135362,,,mixed C-H bending / C-C torsion,"gamma(C7;C5,C2,O6)",oop,1.775567103434999,+,0.09712747292724513,0.12157585193261175
30,1057.045310135362,,,mixed C-H bending / C-C torsion,tau(C1-C2-C3-H14),dihedral,1.7165188859329872,+,0.0507263317283593,0.43089959044862763
30,1057.045310135362,,,mixed C-H bending / C-C torsion,tau(C3-C2-C4-H16),dihedral,1.6903548111392808,+,0.07924211781002648,0.17388420593529577
30,1057.045310135362,,,mixed C-H bending / C-C torsion,nu(C1-C2),bond,1.5577087093377746,+,0.060780413460022366,0.27236629187229455
30,1057.045310135362,,,mixed C-H bending / C-C torsion,delta(H10-C1-H11),angle,1.5537356470463166,+,0.0605798985115274,0.27347300138974184
30,1057.045310135362,,,mixed C-H bending / C-C torsion,nu(C2-C4),bond,1.3682056231263338,-,-0.05852540835729,0.258022082351197
30,1057.045310135362,,,mixed C-H bending / C-C torsion,delta(C2-C5-C7),angle,1.3457816749479163,-,-0.041703492199619545,0.49983213360108397
30,1057.045310135362,,,mixed C-H bending / C-C torsion,delta(C2-C1-H10),angle,1.0136435554197998,+,0.0453390221589602,0.31851902309095165
30,1057.045310135362,,,mixed C-H bending / C-C torsion,delta(C8-C7-H20),angle,0.921774421540395,+,0.043401917981471534,0.3160830584568552
30,1057.045310135362,,,mixed C-H bending / C-C torsion,delta(H10-C1-H12),angle,0.8430294340636313,-,-0.04421358171459526,0.2785644886096331
30,1057.045310135362,,,mixed C-H bending / C-C torsion,delta(C7-C8-O9),angle,0.7512424692429258,-,-0.03585549990205238,0.3774530837938862
30,1057.045310135362,,,mixed C-H bending / C-C torsion,delta(H17-C4-H18),angle,0.7497212449714938,+,0.04305762421900164,0.26121258767795735
30,1057.045310135362,,,mixed C-H bending / C-C torsion,delta(H13-C3-H15),angle,0.6566853151560599,-,-0.030409480650504788,0.4587052477560685
30,1057.045310135362,,,mixed C-H bending / C-C torsion,delta(C2-C5-O6),angle,0.6351954335694692,+,0.027392894973789852,0.5467967349904848
30,1057.045310135362,,,mixed C-H bending / C-C torsion,delta(C5-C7-C8),angle,0.4512658426924712,+,0.029941838573327693,0.32513965682623924
30,1057.045310135362,,,mixed C-H bending / C-C torsion,delta(H13-C3-H14),angle,0.44869237368895787,+,0.025091263898503614,0.46036046686424154
30,1057.045310135362,,,mixed C-H bending / C-C torsion,delta(C2-C3-H13),angle,0.30152818284220817,-,-0.01942085438366604,0.5163993140346653
30,1057.045310135362,,,mixed C-H bending / C-C torsion,nu(C5-O6),bond,0.30127236189128004,+,0.015382832055256406,0.8223962194579738
30,1057.045310135362,,,mixed C-H bending / C-C torsion,delta(C3-C2-C5),angle,0.28594309600304896,-,-0.017876113643673044,0.5779999640555233
30,1057.045310135362,,,mixed C-H bending / C-C torsion,delta(C1-C2-C3),angle,0.23954744229554994,+,0.016389915944105854,0.5760132793691867
30,1057.045310135362,,,mixed C-H bending / C-C torsion,delta(C3-C2-C4),angle,0.19144960374880407,-,-0.016871598569411603,0.43444661207745067
30,1057.045310135362,,,mixed C-H bending / C-C torsion,"gamma(H16;C4,H17,H18)",oop,0.18802130187674165,+,0.02329152481460556,0.22387501255021114
30,1057.045310135362,,,mixed C-H bending / C-C torsion,nu(C5-C7),bond,0.18289479184916135,+,0.022415604103082246,0.2351228587387024
30,1057.045310135362,,,mixed C-H bending / C-C torsion,delta(O9-C8-H21),angle,0.1765675756002348,+,0.019691177458306806,0.2941453531375008
30,1057.045310135362,,,mixed C-H bending / C-C torsion,tau(H12-C1-C2-C5),dihedral,0.16946038487677995,+,0.06558605762822876,0.02544717321698012
30,1057.045310135362,,,mixed C-H bending / C-C torsion,delta(C8-C7-H19),angle,0.1668207561610696,-,-0.02096434819315835,0.24517815193377318
30,1057.045310135362,,,mixed C-H bending / C-C torsion,tau(C1-C2-C5-C7),dihedral,0.12692738375516655,+,0.04341837029337863,0.04349133132405001
30,1057.045310135362,,,mixed C-H bending / C-C torsion,delta(H19-C7-H20),angle,0.12204362064300926,-,-0.01766256608726954,0.25269805183984145
30,1057.045310135362,,,mixed C-H bending / C-C torsion,nu(C7-C8),bond,0.09803303456151562,+,0.0159069660803074,0.25026040691544066
30,1057.045310135362,,,mixed C-H bending / C-C torsion,delta(H11-C1-H12),angle,0.09566991038428516,-,-0.015157828652679305,0.26896501294538183
30,1057.045310135362,,,mixed C-H bending / C-C torsion,tau(H20-C7-C8-H21),dihedral,0.03597340272022593,-,-0.04189346806730044,0.013239857220979551
30,1057.045310135362,,,mixed C-H bending / C-C torsion,nu(C2-C5),bond,0.020596134659018318,-,-0.007433281612352067,0.24077919590071512
30,1057.045310135362,,,mixed C-H bending / C-C torsion,delta(H14-C3-H15),angle,0.015325937038743097,+,0.004853884518089477,0.4201869577691483
30,1057.045310135362,,,mixed C-H bending / C-C torsion,nu(C1-H12),bond,0.009686941495389643,+,0.00431886438344703,0.33546093490188217
30,1057.045310135362,,,mixed C-H bending / C-C torsion,nu(C7-H19),bond,0.007350900105610088,+,0.0037971663997808424,0.32931815426212097
30,1057.045310135362,,,mixed C-H bending / C-C torsion,nu(C4-H18),bond,0.0039271216938171465,-,-0.002750984214627494,0.33519117262733306
30,1057.045310135362,,,mixed C-H bending / C-C torsion,nu(C4-H16),bond,0.002637235533415848,+,0.0022540440013470654,0.3352884162928494
30,1057.045310135362,,,mixed C-H bending / C-C torsion,nu(C1-H11),bond,0.0022652231151306327,-,-0.0020744222872476487,0.3400251612828106
30,1057.045310135362,,,mixed C-H bending / C-C torsion,nu(C3-H15),bond,0.0008745628269681725,+,0.0012985250190988926,0.33503083561306585
30,1057.045310135362,,,mixed C-H bending / C-C torsion,nu(C2-C3),bond,0.0006264761014608811,+,0.0012527504286418201,0.25785158094323446
30,1057.045310135362,,,mixed C-H bending / C-C torsion,nu(C7-H20),bond,0.0005127803939376609,+,0.0009754699532015346,0.3480951950804118
30,1057.045310135362,,,mixed C-H bending / C-C torsion,nu(C3-H14),bond,0.0004340673885547193,-,-0.000910858049174097,0.3379482234159411
30,1057.045310135362,,,mixed C-H bending / C-C torsion,tau(C2-C5-C7-C8),dihedral,0.0003101401957884214,+,0.003481061397363757,0.016532140990367292
30,1057.045310135362,,,mixed C-H bending / C-C torsion,nu(C1-H10),bond,0.00025243133459166287,-,-0.0006928112280517612,0.3397096146008398
30,1057.045310135362,,,mixed C-H bending / C-C torsion,nu(C3-H13),bond,7.9496014310093e-05,-,-0.0003913246301414461,0.33532458692209965
30,1057.045310135362,,,mixed C-H bending / C-C torsion,nu(C8-O9),bond,2.129926013823549e-05,+,0.00012653794157341724,0.8592457588862482
30,1057.045310135362,,,mixed C-H bending / C-C torsion,nu(C4-H17),bond,1.1135424601273185e-06,+,4.611099955716723e-05,0.33829230452961256
30,1057.045310135362,,,mixed C-H bending / C-C torsion,nu(C8-H21),bond,1.3260700144245102e-07,+,1.672292061949459e-05,0.30629267332827326
31,1063.706063608958,,,mixed C-H bending / C-C stretching,delta(C2-C3-H13),angle,19.5376490361296,+,0.16063183422216654,0.5163993140346653
31,1063.706063608958,,,mixed C-H bending / C-C stretching,nu(C7-C8),bond,17.622479184634887,+,0.21914205243858786,0.25026040691544066
31,1063.706063608958,,,mixed C-H bending / C-C stretching,"gamma(H21;C8,C7,O9)",oop,7.425052967484577,+,0.2332589334970104,0.09306782716686272
31,1063.706063608958,,,mixed C-H bending / C-C stretching,delta(C5-C7-C8),angle,7.182986348761279,-,-0.12274557478599911,0.32513965682623924
31,1063.706063608958,,,mixed C-H bending / C-C stretching,delta(C7-C8-O9),angle,6.793821195580136,-,-0.11079339289923444,0.3774530837938862
31,1063.706063608958,,,mixed C-H bending / C-C stretching,tau(C1-C2-C3-H14),dihedral,5.007951719305505,+,0.08902875925302985,0.43089959044862763
31,1063.706063608958,,,mixed C-H bending / C-C stretching,tau(C4-C2-C3-H15),dihedral,3.888231212692554,-,-0.0775380759517133,0.44106097360664287
31,1063.706063608958,,,mixed C-H bending / C-C stretching,delta(C2-C3-H15),angle,3.885590547480118,-,-0.09203238095116036,0.31286163337936146
31,1063.706063608958,,,mixed C-H bending / C-C stretching,delta(C5-C7-H20),angle,3.870628276905938,+,0.09062555353627631,0.3214080207257505
31,1063.706063608958,,,mixed C-H bending / C-C stretching,delta(C2-C1-H10),angle,3.565378256651359,+,0.08737222855982334,0.31851902309095165
31,1063.706063608958,,,mixed C-H bending / C-C stretching,"gamma(C7;C5,C2,O6)",oop,2.4212012447421913,-,-0.11654135906954313,0.12157585193261175
31,1063.706063608958,,,mixed C-H bending / C-C stretching,delta(C3-C2-C5),angle,2.3175320889834987,+,0.05229224259368758,0.5779999640555233
31,1063.706063608958,,,mixed C-H bending / C-C stretching,delta(C2-C1-H12),angle,2.075822206899441,-,-0.0666210611047036,0.3189654565728886
31,1063.706063608958,,,mixed C-H bending / C-C stretching,delta(C2-C4-H18),angle,1.6787818294831955,-,-0.054620945743684014,0.38375356114596126
31,1063.706063608958,,,mixed C-H bending / C-C stretching,delta(C2-C5-C7),angle,1.5774197493803197,-,-0.046392721012858414,0.49983213360108397
31,1063.706063608958,,,mixed C-H bending / C-C stretching,delta(H14-C3-H15),angle,1.2170719902704756,-,-0.044445228637102374,0.4201869577691483
31,1063.706063608958,,,mixed C-H bending / C-C stretching,tau(C3-C2-C4-H16),dihedral,1.189875634244521,-,-0.06831388941333126,0.17388420593529577
31,1063.706063608958,,,mixed C-H bending / C-C stretching,tau(H20-C7-C8-H21),dihedral,1.1037936568406097,+,0.2384463017730113,0.013239857220979551
31,1063.706063608958,,,mixed C-H bending / C-C stretching,delta(C8-C7-H20),angle,1.075580039005279,+,0.04817359446450124,0.3160830584568552
31,1063.706063608958,,,mixed C-H bending / C-C stretching,delta(O9-C8-H21),angle,0.8209921035975569,+,0.04362915371880256,0.2941453531375008
31,1063.706063608958,,,mixed C-H bending / C-C stretching,delta(C2-C4-H16),angle,0.7292501466949477,-,-0.03982963534801897,0.31350209999061956
31,1063.706063608958,,,mixed C-H bending / C-C stretching,delta(C4-C2-C5),angle,0.7258227854060468,-,-0.029257719199571826,0.5782641285567409
31,1063.706063608958,,,mixed C-H bending / C-C stretching,nu(C5-O6),bond,0.6557076037821081,+,0.023318620377236973,0.8223962194579738
31,1063.706063608958,,,mixed C-H bending / C-C stretching,nu(C2-C3),bond,0.4787047368651153,-,-0.03558256555239769,0.25785158094323446
31,1063.706063608958,,,mixed C-H bending / C-C stretching,delta(H19-C7-H20),angle,0.3752691917305518,+,0.03182429590750549,0.25269805183984145
31,1063.706063608958,,,mixed C-H bending / C-C stretching,delta(H13-C3-H14),angle,0.3384573118481026,+,0.022391914871984383,0.46036046686424154
31,1063.706063608958,,,mixed C-H bending / C-C stretching,delta(C8-C7-H19),angle,0.33442308807963683,-,-0.030499697905335313,0.24517815193377318
31,1063.706063608958,,,mixed C-H bending / C-C stretching,tau(C1-C2-C5-C7),dihedral,0.2918485332469498,-,-0.0676496729444923,0.04349133132405001
31,1063.706063608958,,,mixed C-H bending / C-C stretching,delta(H11-C1-H12),angle,0.284982259931334,-,-0.026881240889911267,0.26896501294538183
31,1063.706063608958,,,mixed C-H bending / C-C stretching,nu(C1-C2),bond,0.2368158291102029,+,0.02435101004105943,0.27236629187229455
31,1063.706063608958,,,mixed C-H bending / C-C stretching,delta(H13-C3-H15),angle,0.17036867099618885,+,0.015915354199398143,0.4587052477560685
31,1063.706063608958,,,mixed C-H bending / C-C stretching,tau(C2-C5-C7-C8),dihedral,0.16490415381532506,+,0.08247826989108495,0.016532140990367292
31,1063.706063608958,,,mixed C-H bending / C-C stretching,tau(H12-C1-C2-C5),dihedral,0.1603556932380371,-,-0.06555573843000331,0.02544717321698012
31,1063.706063608958,,,mixed C-H bending / C-C stretching,delta(H10-C1-H11),angle,0.15743907046434882,+,0.019814691945766717,0.27347300138974184
31,1063.706063608958,,,mixed C-H bending / C-C stretching,nu(C2-C4),bond,0.1229940920941283,+,0.018030259713469183,0.258022082351197
31,1063.706063608958,,,mixed C-H bending / C-C stretching,delta(C3-C2-C4),angle,0.11071614671648401,-,-0.013183343521510507,0.43444661207745067
31,1063.706063608958,,,mixed C-H bending / C-C stretching,nu(C5-C7),bond,0.08926491691997333,+,0.01609093463839682,0.2351228587387024
31,1063.706063608958,,,mixed C-H bending / C-C stretching,nu(C8-O9),bond,0.07183216694291242,-,-0.007550732421183777,0.8592457588862482
31,1063.706063608958,,,mixed C-H bending / C-C stretching,delta(H17-C4-H18),angle,0.07015194283293263,+,0.013533530179091969,0.26121258767795735
31,1063.706063608958,,,mixed C-H bending / C-C stretching,nu(C2-C5),bond,0.06329808813378722,+,0.013389800655533407,0.24077919590071512
31,1063.706063608958,,,mixed C-H bending / C-C stretching,delta(C1-C2-C3),angle,0.041998873326308965,-,-0.007051651925260396,0.5760132793691867
31,1063.706063608958,,,mixed C-H bending / C-C stretching,delta(C2-C5-O6),angle,0.027188840085870747,-,-0.005823320306688055,0.5467967349904848
31,1063.706063608958,,,mixed C-H bending / C-C stretching,"gamma(H16;C4,H17,H18)",oop,0.021862597525313145,+,0.00816086818595323,0.22387501255021114
31,1063.706063608958,,,mixed C-H bending / C-C stretching,delta(H10-C1-H12),angle,0.006079429732112688,+,0.0038579521834854,0.2785644886096331
31,1063.706063608958,,,mixed C-H bending / C-C stretching,tau(C1-C2-C4-H17),dihedral,0.004080676386106268,-,-0.003961880717036866,0.1772988640303949
31,1063.706063608958,,,mixed C-H bending / C-C stretching,nu(C1-H12),bond,0.00165490044591139,+,0.001834227730179309,0.33546093490188217
31,1063.706063608958,,,mixed C-H bending / C-C stretching,nu(C3-H13),bond,0.001528641038841237,-,-0.0017632275101028302,0.33532458692209965
31,1063.706063608958,,,mixed C-H bending / C-C stretching,nu(C3-H15),bond,0.001395138237103064,+,0.0016852119322561885,0.33503083561306585
31,1063.706063608958,,,mixed C-H bending / C-C stretching,nu(C8-H21),bond,0.0011536218691889683,+,0.0016026981325408408,0.30629267332827326
31,1063.706063608958,,,mixed C-H bending / C-C stretching,nu(C7-H19),bond,0.0008229704162025143,-,-0.0013054870568718208,0.32931815426212097
31,1063.706063608958,,,mixed C-H bending / C-C stretching,nu(C4-H16),bond,0.0006296355365160709,+,0.0011316799874966567,0.3352884162928494
31,1063.706063608958,,,mixed C-H bending / C-C stretching,nu(C1-H10),bond,0.0005298734551104755,-,-0.0010313841601021587,0.3397096146008398
31,1063.706063608958,,,mixed C-H bending / C-C stretching,nu(C7-H20),bond,0.00029953067610067664,+,0.0007660549690992693,0.3480951950804118
31,1063.706063608958,,,mixed C-H bending / C-C stretching,nu(C1-H11),bond,0.0001525892037407194,+,0.0005532159215787416,0.3400251612828106
31,1063.706063608958,,,mixed C-H bending / C-C stretching,nu(C4-H18),bond,0.0001117018802400638,+,0.00047672974519331933,0.33519117262733306
31,1063.706063608958,,,mixed C-H bending / C-C stretching,nu(C4-H17),bond,5.795460947523045e-05,-,-0.00034181115158344726,0.33829230452961256
31,1063.706063608958,,,mixed C-H bending / C-C stretching,nu(C3-H14),bond,7.307653683429684e-06,+,0.00012143732436392401,0.3379482234159411
32,1094.1726701401647,,,mixed C-H bending / mixed-phase C-C stretching,delta(C8-C7-H20),angle,20.118588278870735,-,-0.19102813180242584,0.3160830584568552
32,1094.1726701401647,,,mixed C-H bending / mixed-phase C-C stretching,delta(C2-C1-H12),angle,14.210913429513951,-,-0.1598226609773263,0.3189654565728886
32,1094.1726701401647,,,mixed C-H bending / mixed-phase C-C stretching,delta(C2-C5-O6),angle,11.362443800081106,+,0.10914958886083956,0.5467967349904848
32,1094.1726701401647,,,mixed C-H bending / mixed-phase C-C stretching,nu(C5-C7),bond,11.228292791913207,+,0.16546594506125795,0.2351228587387024
32,1094.1726701401647,,,mixed C-H bending / mixed-phase C-C stretching,"gamma(H21;C8,C7,O9)",oop,7.823132668924327,+,0.21952791201947777,0.09306782716686272
32,1094.1726701401647,,,mixed C-H bending / mixed-phase C-C stretching,nu(C2-C5),bond,4.903987601134321,-,-0.10805985694778154,0.24077919590071512
32,1094.1726701401647,,,mixed C-H bending / mixed-phase C-C stretching,delta(C2-C1-H10),angle,4.5977217545456375,+,0.09097097333160165,0.31851902309095165
32,1094.1726701401647,,,mixed C-H bending / mixed-phase C-C stretching,nu(C7-C8),bond,4.2539857052389,-,-0.09871908613119935,0.25026040691544066
32,1094.1726701401647,,,mixed C-H bending / mixed-phase C-C stretching,delta(C7-C8-O9),angle,3.16180499842884,+,0.06930031972862585,0.3774530837938862
32,1094.1726701401647,,,mixed C-H bending / mixed-phase C-C stretching,delta(C8-C7-H19),angle,2.3734069615961606,+,0.07449796485215691,0.24517815193377318
32,1094.1726701401647,,,mixed C-H bending / mixed-phase C-C stretching,delta(C2-C3-H15),angle,2.2757869409456166,-,-0.06457863078715119,0.31286163337936146
32,1094.1726701401647,,,mixed C-H bending / mixed-phase C-C stretching,delta(O9-C8-H21),angle,2.10864112286683,-,-0.0641090773241333,0.2941453531375008
32,1094.1726701401647,,,mixed C-H bending / mixed-phase C-C stretching,tau(C1-C2-C3-H14),dihedral,1.8385759279379918,+,0.04945975156845064,0.43089959044862763
32,1094.1726701401647,,,mixed C-H bending / mixed-phase C-C stretching,delta(C2-C4-H16),angle,1.771461659209343,-,-0.056917371772615355,0.31350209999061956
32,1094.1726701401647,,,mixed C-H bending / mixed-phase C-C stretching,delta(H10-C1-H11),angle,1.4737763025760209,+,0.05558501694658509,0.27347300138974184
32,1094.1726701401647,,,mixed C-H bending / mixed-phase C-C stretching,delta(C2-C4-H18),angle,1.1469596920068852,-,-0.04139492069429213,0.38375356114596126
32,1094.1726701401647,,,mixed C-H bending / mixed-phase C-C stretching,delta(H13-C3-H14),angle,1.0551632251094778,+,0.03625016592909537,0.46036046686424154
32,1094.1726701401647,,,mixed C-H bending / mixed-phase C-C stretching,delta(C3-C2-C5),angle,0.4825098768478558,+,0.02187703111781537,0.5779999640555233
32,1094.1726701401647,,,mixed C-H bending / mixed-phase C-C stretching,delta(C2-C5-C7),angle,0.47737857340219764,+,0.02340014567589263,0.49983213360108397
32,1094.1726701401647,,,mixed C-H bending / mixed-phase C-C stretching,nu(C8-O9),bond,0.4363298848404763,+,0.01706270835078209,0.8592457588862482
32,1094.1726701401647,,,mixed C-H bending / mixed-phase C-C stretching,"gamma(C7;C5,C2,O6)",oop,0.3727504655234081,-,-0.041926115161447446,0.12157585193261175
32,1094.1726701401647,,,mixed C-H bending / mixed-phase C-C stretching,delta(H11-C1-H12),angle,0.33654340419378453,-,-0.026783777766623322,0.26896501294538183
32,1094.1726701401647,,,mixed C-H bending / mixed-phase C-C stretching,delta(C1-C2-C3),angle,0.3303400205738658,+,0.0181327441721068,0.5760132793691867
32,1094.1726701401647,,,mixed C-H bending / mixed-phase C-C stretching,delta(H17-C4-H18),angle,0.30532264667759174,+,0.025886995300318866,0.26121258767795735
32,1094.1726701401647,,,mixed C-H bending / mixed-phase C-C stretching,tau(C1-C2-C4-H17),dihedral,0.3024105515181046,-,-0.03127120956517361,0.1772988640303949
32,1094.1726701401647,,,mixed C-H bending / mixed-phase C-C stretching,tau(C3-C2-C4-H16),dihedral,0.2583131444504724,-,-0.0291838356742937,0.17388420593529577
32,1094.1726701401647,,,mixed C-H bending / mixed-phase C-C stretching,tau(H20-C7-C8-H21),dihedral,0.19439962015207735,+,0.09174982436768774,0.013239857220979551
32,1094.1726701401647,,,mixed C-H bending / mixed-phase C-C stretching,delta(H10-C1-H12),angle,0.10126022881880319,-,-0.014436295486405234,0.2785644886096331
32,1094.1726701401647,,,mixed C-H bending / mixed-phase C-C stretching,tau(C2-C5-C7-C8),dihedral,0.09582919305407461,-,-0.0576479080110869,0.016532140990367292
32,1094.1726701401647,,,mixed C-H bending / mixed-phase C-C stretching,delta(C5-C7-H20),angle,0.0862764195039203,-,-0.012405574693918143,0.3214080207257505
32,1094.1726701401647,,,mixed C-H bending / mixed-phase C-C stretching,delta(H13-C3-H15),angle,0.06981157818604489,-,-0.009341057814513875,0.4587052477560685
32,1094.1726701401647,,,mixed C-H bending / mixed-phase C-C stretching,nu(C5-O6),bond,0.05985410181416634,-,-0.006459599508811949,0.8223962194579738
32,1094.1726701401647,,,mixed C-H bending / mixed-phase C-C stretching,delta(C2-C3-H13),angle,0.058562983344711314,-,-0.008063395359802822,0.5163993140346653
32,1094.1726701401647,,,mixed C-H bending / mixed-phase C-C stretching,delta(C3-C2-C4),angle,0.04903668002419691,-,-0.008044360198015507,0.43444661207745067
32,1094.1726701401647,,,mixed C-H bending / mixed-phase C-C stretching,tau(C1-C2-C5-C7),dihedral,0.04737907169771099,-,-0.024991430114207035,0.04349133132405001
32,1094.1726701401647,,,mixed C-H bending / mixed-phase C-C stretching,nu(C2-C4),bond,0.03450044367083,-,-0.008755543065707461,0.258022082351197
32,1094.1726701401647,,,mixed C-H bending / mixed-phase C-C stretching,delta(H14-C3-H15),angle,0.03379231528125953,+,0.006790267392095633,0.4201869577691483
32,1094.1726701401647,,,mixed C-H bending / mixed-phase C-C stretching,nu(C2-C3),bond,0.029246447250887018,-,-0.008064006065081218,0.25785158094323446
32,1094.1726701401647,,,mixed C-H bending / mixed-phase C-C stretching,nu(C7-H20),bond,0.025551765939430877,+,0.006487249965744021,0.3480951950804118
32,1094.1726701401647,,,mixed C-H bending / mixed-phase C-C stretching,tau(H12-C1-C2-C5),dihedral,0.022228765248561107,-,-0.02237881484610633,0.02544717321698012
32,1094.1726701401647,,,mixed C-H bending / mixed-phase C-C stretching,"gamma(H16;C4,H17,H18)",oop,0.021069068290520302,-,-0.0073454607121613,0.22387501255021114
32,1094.1726701401647,,,mixed C-H bending / mixed-phase C-C stretching,nu(C7-H19),bond,0.015849662895475198,-,-0.005252926993892615,0.32931815426212097
32,1094.1726701401647,,,mixed C-H bending / mixed-phase C-C stretching,delta(H19-C7-H20),angle,0.013208862750468278,+,0.005474329742860867,0.25269805183984145
32,1094.1726701401647,,,mixed C-H bending / mixed-phase C-C stretching,delta(C5-C7-C8),angle,0.008862315733509936,-,-0.003953100213373143,0.32513965682623924
32,1094.1726701401647,,,mixed C-H bending / mixed-phase C-C stretching,nu(C4-H17),bond,0.00599308023212365,-,-0.003186971450874189,0.33829230452961256
32,1094.1726701401647,,,mixed C-H bending / mixed-phase C-C stretching,nu(C3-H14),bond,0.00547626782585792,-,-0.0030480103858568945,0.3379482234159411
32,1094.1726701401647,,,mixed C-H bending / mixed-phase C-C stretching,nu(C1-H10),bond,0.0037976874166784974,-,-0.0025316570564933518,0.3397096146008398
32,1094.1726701401647,,,mixed C-H bending / mixed-phase C-C stretching,nu(C8-H21),bond,0.0029600606921627204,-,-0.00235386304209417,0.30629267332827326
32,1094.1726701401647,,,mixed C-H bending / mixed-phase C-C stretching,nu(C1-H12),bond,0.0027703158329625264,+,0.0021759196390571853,0.33546093490188217
32,1094.1726701401647,,,mixed C-H bending / mixed-phase C-C stretching,delta(C4-C2-C5),angle,0.002594269948123105,-,-0.001603775750541803,0.5782641285567409
32,1094.1726701401647,,,mixed C-H bending / mixed-phase C-C stretching,nu(C1-H11),bond,0.0016522075277725643,-,-0.00166907540309588,0.3400251612828106
32,1094.1726701401647,,,mixed C-H bending / mixed-phase C-C stretching,nu(C1-C2),bond,0.0005706738420952332,-,-0.0010960149812500217,0.27236629187229455
32,1094.1726701401647,,,mixed C-H bending / mixed-phase C-C stretching,nu(C3-H13),bond,0.0004990406245765908,-,-0.0009237074317121668,0.33532458692209965
32,1094.1726701401647,,,mixed C-H bending / mixed-phase C-C stretching,nu(C4-H18),bond,0.0002557331417664285,-,-0.0006613729175184859,0.33519117262733306
32,1094.1726701401647,,,mixed C-H bending / mixed-phase C-C stretching,nu(C3-H15),bond,9.494901375871463e-05,-,-0.0004030900009507831,0.33503083561306585
32,1094.1726701401647,,,mixed C-H bending / mixed-phase C-C stretching,nu(C4-H16),bond,5.279511494155417e-05,-,-0.0003004600820777579,0.3352884162928494
32,1094.1726701401647,,,mixed C-H bending / mixed-phase C-C stretching,tau(C4-C2-C3-H15),dihedral,2.1966203447433717e-05,+,0.00016897691281221743,0.44106097360664287
33,1196.3290291315116,,,C-H bending,delta(C8-C7-H19),angle,51.60633092685345,+,0.35237679041077774,0.24517815193377318
33,1196.3290291315116,,,C-H bending,"gamma(H21;C8,C7,O9)",oop,11.593704901813515,+,0.27108658165903576,0.09306782716686272
33,1196.3290291315116,,,C-H bending,delta(C2-C1-H10),angle,7.297322526613934,-,-0.11625476721479935,0.31851902309095165
33,1196.3290291315116,,,C-H bending,delta(C8-C7-H20),angle,3.810195466739387,-,-0.08432759336154862,0.3160830584568552
33,1196.3290291315116,,,C-H bending,nu(C7-C8),bond,2.794694311875383,-,-0.08116480879871742,0.25026040691544066
33,1196.3290291315116,,,C-H bending,nu(C2-C4),bond,2.391989582166567,+,0.07395165395565359,0.258022082351197
33,1196.3290291315116,,,C-H bending,nu(C2-C3),bond,2.156575253907802,-,-0.07024155172207168,0.25785158094323446
33,1196.3290291315116,,,C-H bending,delta(C2-C4-H18),angle,2.0544671384645246,+,0.056197898785963055,0.38375356114596126
33,1196.3290291315116,,,C-H bending,delta(C5-C7-H20),angle,1.531427031239332,+,0.05301716326934039,0.3214080207257505
33,1196.3290291315116,,,C-H bending,delta(C2-C1-H12),angle,1.3815713774638851,+,0.05054887855942476,0.3189654565728886
33,1196.3290291315116,,,C-H bending,delta(C2-C3-H13),angle,1.2991176814090388,+,0.038523710106774564,0.5163993140346653
33,1196.3290291315116,,,C-H bending,delta(C2-C3-H15),angle,1.1312882324787497,-,-0.04618566150395403,0.31286163337936146
33,1196.3290291315116,,,C-H bending,delta(O9-C8-H21),angle,1.1287737577328034,-,-0.04757942001580335,0.2941453531375008
33,1196.3290291315116,,,C-H bending,tau(H20-C7-C8-H21),dihedral,1.0497119869252158,+,0.21626692987256999,0.013239857220979551
33,1196.3290291315116,,,C-H bending,delta(H11-C1-H12),angle,1.0119383932985928,+,0.0471113803472307,0.26896501294538183
33,1196.3290291315116,,,C-H bending,delta(C2-C4-H16),angle,0.9924793213627098,+,0.04321526633444447,0.31350209999061956
33,1196.3290291315116,,,C-H bending,delta(C3-C2-C5),angle,0.93319554562189,+,0.030861647784079523,0.5779999640555233
33,1196.3290291315116,,,C-H bending,delta(H10-C1-H12),angle,0.6549913870564049,-,-0.03724359594175454,0.2785644886096331
33,1196.3290291315116,,,C-H bending,delta(C2-C5-O6),angle,0.6327677577162005,-,-0.026127984045502428,0.5467967349904848
33,1196.3290291315116,,,C-H bending,nu(C1-C2),bond,0.5754959276578385,+,0.03530539997071888,0.27236629187229455
33,1196.3290291315116,,,C-H bending,delta(C1-C2-C3),angle,0.5614513162932964,+,0.02397929949339638,0.5760132793691867
33,1196.3290291315116,,,C-H bending,delta(C7-C8-O9),angle,0.5051962396346147,+,0.028099283969894313,0.3774530837938862
33,1196.3290291315116,,,C-H bending,nu(C8-O9),bond,0.3971845654919977,+,0.01651331140360716,0.8592457588862482
33,1196.3290291315116,,,C-H bending,tau(C4-C2-C3-H15),dihedral,0.34023328760172344,+,0.021332206178463497,0.44106097360664287
33,1196.3290291315116,,,C-H bending,tau(C3-C2-C4-H16),dihedral,0.3095194241067768,+,0.032404891654192636,0.17388420593529577
33,1196.3290291315116,,,C-H bending,delta(H13-C3-H14),angle,0.29234471484521457,+,0.019355094680287198,0.46036046686424154
33,1196.3290291315116,,,C-H bending,delta(H10-C1-H11),angle,0.24346322140730736,-,-0.022916914324532963,0.27347300138974184
33,1196.3290291315116,,,C-H bending,tau(C1-C2-C5-C7),dihedral,0.24158518402283116,+,0.05724406743561737,0.04349133132405001
33,1196.3290291315116,,,C-H bending,delta(H17-C4-H18),angle,0.19558100161315883,-,-0.021016624740524462,0.26121258767795735
33,1196.3290291315116,,,C-H bending,delta(H19-C7-H20),angle,0.15071971478763055,+,0.018757751259921542,0.25269805183984145
33,1196.3290291315116,,,C-H bending,tau(H12-C1-C2-C5),dihedral,0.10749996177711624,+,0.049920746324805386,0.02544717321698012
33,1196.3290291315116,,,C-H bending,delta(H13-C3-H15),angle,0.10702368845765127,-,-0.01173193884522266,0.4587052477560685
33,1196.3290291315116,,,C-H bending,delta(H14-C3-H15),angle,0.08195871471426705,-,-0.010726868905609423,0.4201869577691483
33,1196.3290291315116,,,C-H bending,"gamma(C7;C5,C2,O6)",oop,0.08078027937759287,+,0.01979819977700834,0.12157585193261175
33,1196.3290291315116,,,C-H bending,nu(C2-C5),bond,0.07590707492109652,+,0.013637298159976536,0.24077919590071512
33,1196.3290291315116,,,C-H bending,tau(C1-C2-C3-H14),dihedral,0.05988471154853145,-,-0.009054544926715067,0.43089959044862763
33,1196.3290291315116,,,C-H bending,delta(C5-C7-C8),angle,0.057456450594101593,-,-0.010210126266364588,0.32513965682623924
33,1196.3290291315116,,,C-H bending,tau(C1-C2-C4-H17),dihedral,0.043210922302377226,-,-0.011990587954894496,0.1772988640303949
33,1196.3290291315116,,,C-H bending,nu(C8-H21),bond,0.03028935356253415,-,-0.007637889759591054,0.30629267332827326
33,1196.3290291315116,,,C-H bending,tau(C2-C5-C7-C8),dihedral,0.019526485684272413,-,-0.02639636840835127,0.016532140990367292
33,1196.3290291315116,,,C-H bending,nu(C7-H19),bond,0.013245874444056798,-,-0.004871123811181872,0.32931815426212097
33,1196.3290291315116,,,C-H bending,nu(C1-H10),bond,0.01208362587767431,+,0.004580800768966792,0.3397096146008398
33,1196.3290291315116,,,C-H bending,"gamma(H16;C4,H17,H18)",oop,0.009476553349437306,-,-0.004997111983500682,0.22387501255021114
33,1196.3290291315116,,,C-H bending,nu(C5-O6),bond,0.007559985333245563,+,0.0023287164523590996,0.8223962194579738
33,1196.3290291315116,,,C-H bending,nu(C4-H17),bond,0.006371945410140071,+,0.003333394016698822,0.33829230452961256
33,1196.3290291315116,,,C-H bending,nu(C5-C7),bond,0.0054388274792777185,-,-0.003694042625387461,0.2351228587387024
33,1196.3290291315116,,,C-H bending,delta(C2-C5-C7),angle,0.0033984519341882266,+,0.002002742744561998,0.49983213360108397
33,1196.3290291315116,,,C-H bending,nu(C3-H15),bond,0.0033532723722104973,+,0.0024299017439724144,0.33503083561306585
33,1196.3290291315116,,,C-H bending,delta(C3-C2-C4),angle,0.0025192413008725246,-,-0.0018495384487226122,0.43444661207745067
33,1196.3290291315116,,,C-H bending,nu(C1-H11),bond,0.0024444472712316376,-,-0.0020593563193927003,0.3400251612828106
33,1196.3290291315116,,,C-H bending,nu(C3-H13),bond,0.0017231596791599932,-,-0.0017411121669927427,0.33532458692209965
33,1196.3290291315116,,,C-H bending,nu(C7-H20),bond,0.0017092949258887648,+,0.0017019867510222402,0.3480951950804118
33,1196.3290291315116,,,C-H bending,nu(C4-H16),bond,0.0005966269000271841,-,-0.0010245633772830102,0.3352884162928494
33,1196.3290291315116,,,C-H bending,nu(C1-H12),bond,0.00047548091776927753,-,-0.0009144127169549576,0.33546093490188217
33,1196.3290291315116,,,C-H bending,nu(C4-H18),bond,0.00044136734839788787,-,-0.0008813542478663389,0.33519117262733306
33,1196.3290291315116,,,C-H bending,delta(C4-C2-C5),angle,0.000154607861082023,+,0.0003971452268770098,0.5782641285567409
33,1196.3290291315116,,,C-H bending,nu(C3-H14),bond,0.00015241645400985713,+,0.0005158073549469869,0.3379482234159411
34,1225.8206327400744,,,mixed C-H bending / opposite-phase C-C stretching / C-C-C bending,delta(C2-C1-H10),angle,14.710522740183817,+,0.1899874201235202,0.31851902309095165
34,1225.8206327400744,,,mixed C-H bending / opposite-phase C-C stretching / C-C-C bending,nu(C2-C3),bond,12.728683304123647,+,0.19641982574587555,0.25785158094323446
34,1225.8206327400744,,,mixed C-H bending / opposite-phase C-C stretching / C-C-C bending,delta(C1-C2-C3),angle,11.600205399576724,-,-0.12545705014181438,0.5760132793691867
34,1225.8206327400744,,,mixed C-H bending / opposite-phase C-C stretching / C-C-C bending,nu(C2-C4),bond,10.609309454783473,-,-0.17926421379659319,0.258022082351197
34,1225.8206327400744,,,mixed C-H bending / opposite-phase C-C stretching / C-C-C bending,delta(C4-C2-C5),angle,7.74137434418062,+,0.1022879296106513,0.5782641285567409
34,1225.8206327400744,,,mixed C-H bending / opposite-phase C-C stretching / C-C-C bending,delta(C2-C4-H16),angle,6.564866564336641,-,-0.1279296478842726,0.31350209999061956
34,1225.8206327400744,,,mixed C-H bending / opposite-phase C-C stretching / C-C-C bending,delta(C8-C7-H19),angle,4.711992108686901,+,0.12255749445595795,0.24517815193377318
34,1225.8206327400744,,,mixed C-H bending / opposite-phase C-C stretching / C-C-C bending,delta(C2-C3-H15),angle,4.245530304240795,+,0.1029836543319068,0.31286163337936146
34,1225.8206327400744,,,mixed C-H bending / opposite-phase C-C stretching / C-C-C bending,delta(C3-C2-C5),angle,3.938374717236252,-,-0.0729748299722165,0.5779999640555233
34,1225.8206327400744,,,mixed C-H bending / opposite-phase C-C stretching / C-C-C bending,delta(H10-C1-H12),angle,3.7404484638929274,+,0.10244185686359351,0.2785644886096331
34,1225.8206327400744,,,mixed C-H bending / opposite-phase C-C stretching / C-C-C bending,"gamma(C7;C5,C2,O6)",oop,2.8344700895039647,+,0.13498663107182965,0.12157585193261175
34,1225.8206327400744,,,mixed C-H bending / opposite-phase C-C stretching / C-C-C bending,delta(H11-C1-H12),angle,2.7713866013080337,-,-0.08973856930372645,0.26896501294538183
34,1225.8206327400744,,,mixed C-H bending / opposite-phase C-C stretching / C-C-C bending,delta(C8-C7-H20),angle,1.8708434828412324,-,-0.0680137308265388,0.3160830584568552
34,1225.8206327400744,,,mixed C-H bending / opposite-phase C-C stretching / C-C-C bending,delta(C2-C4-H18),angle,1.8495228914163844,+,0.06137367457606837,0.38375356114596126
34,1225.8206327400744,,,mixed C-H bending / opposite-phase C-C stretching / C-C-C bending,delta(C5-C7-H20),angle,1.7529228153036889,+,0.06528772292402998,0.3214080207257505
34,1225.8206327400744,,,mixed C-H bending / opposite-phase C-C stretching / C-C-C bending,delta(H13-C3-H15),angle,1.28501462541041,+,0.04679135922976872,0.4587052477560685
34,1225.8206327400744,,,mixed C-H bending / opposite-phase C-C stretching / C-C-C bending,delta(H17-C4-H18),angle,1.1086250886974596,+,0.05759354096951916,0.26121258767795735
34,1225.8206327400744,,,mixed C-H bending / opposite-phase C-C stretching / C-C-C bending,delta(H13-C3-H14),angle,0.9672932098271692,-,-0.04052364841594996,0.46036046686424154
34,1225.8206327400744,,,mixed C-H bending / opposite-phase C-C stretching / C-C-C bending,delta(C2-C1-H12),angle,0.6825882836003906,+,0.04089649311314129,0.3189654565728886
34,1225.8206327400744,,,mixed C-H bending / opposite-phase C-C stretching / C-C-C bending,tau(C4-C2-C3-H15),dihedral,0.6155509491710688,-,-0.03302639469873173,0.44106097360664287
34,1225.8206327400744,,,mixed C-H bending / opposite-phase C-C stretching / C-C-C bending,nu(C7-C8),bond,0.5975597955454668,-,-0.04319894015101847,0.25026040691544066
34,1225.8206327400744,,,mixed C-H bending / opposite-phase C-C stretching / C-C-C bending,"gamma(H21;C8,C7,O9)",oop,0.3709547167347142,+,0.05581348510105468,0.09306782716686272
34,1225.8206327400744,,,mixed C-H bending / opposite-phase C-C stretching / C-C-C bending,delta(O9-C8-H21),angle,0.27970964701128087,-,-0.02726159155679378,0.2941453531375008
34,1225.8206327400744,,,mixed C-H bending / opposite-phase C-C stretching / C-C-C bending,tau(C2-C5-C7-C8),dihedral,0.24628461831275905,-,-0.10790276518209369,0.016532140990367292
34,1225.8206327400744,,,mixed C-H bending / opposite-phase C-C stretching / C-C-C bending,delta(C7-C8-O9),angle,0.19402733785946286,+,0.020043725833168602,0.3774530837938862
34,1225.8206327400744,,,mixed C-H bending / opposite-phase C-C stretching / C-C-C bending,delta(C5-C7-C8),angle,0.1936542508864463,+,0.021575309075154075,0.32513965682623924
34,1225.8206327400744,,,mixed C-H bending / opposite-phase C-C stretching / C-C-C bending,delta(C2-C3-H13),angle,0.18198489212861804,+,0.016595995925628736,0.5163993140346653
34,1225.8206327400744,,,mixed C-H bending / opposite-phase C-C stretching / C-C-C bending,nu(C1-C2),bond,0.17654861273325223,+,0.022507847071039387,0.27236629187229455
34,1225.8206327400744,,,mixed C-H bending / opposite-phase C-C stretching / C-C-C bending,"gamma(H16;C4,H17,H18)",oop,0.16896859536366404,+,0.024287268016072984,0.22387501255021114
34,1225.8206327400744,,,mixed C-H bending / opposite-phase C-C stretching / C-C-C bending,tau(C1-C2-C5-C7),dihedral,0.15670649639034318,-,-0.05306652257459767,0.04349133132405001
34,1225.8206327400744,,,mixed C-H bending / opposite-phase C-C stretching / C-C-C bending,delta(H10-C1-H11),angle,0.15440446779420977,-,-0.021006378328615818,0.27347300138974184
34,1225.8206327400744,,,mixed C-H bending / opposite-phase C-C stretching / C-C-C bending,tau(H20-C7-C8-H21),dihedral,0.12216537607471925,+,0.08492017830680988,0.013239857220979551
34,1225.8206327400744,,,mixed C-H bending / opposite-phase C-C stretching / C-C-C bending,tau(C3-C2-C4-H16),dihedral,0.11409579101478325,-,-0.022645568286257082,0.17388420593529577
34,1225.8206327400744,,,mixed C-H bending / opposite-phase C-C stretching / C-C-C bending,tau(C1-C2-C3-H14),dihedral,0.0955402546099809,+,0.013163871571223002,0.43089959044862763
34,1225.8206327400744,,,mixed C-H bending / opposite-phase C-C stretching / C-C-C bending,delta(C2-C5-O6),angle,0.09361197137284455,-,-0.011567279227558664,0.5467967349904848
34,1225.8206327400744,,,mixed C-H bending / opposite-phase C-C stretching / C-C-C bending,nu(C8-O9),bond,0.08958949784716605,+,0.009027101645780347,0.8592457588862482
34,1225.8206327400744,,,mixed C-H bending / opposite-phase C-C stretching / C-C-C bending,tau(H12-C1-C2-C5),dihedral,0.08581284835296178,-,-0.051337517732354954,0.02544717321698012
34,1225.8206327400744,,,mixed C-H bending / opposite-phase C-C stretching / C-C-C bending,nu(C5-C7),bond,0.08320906673074482,-,-0.016630923997886616,0.2351228587387024
34,1225.8206327400744,,,mixed C-H bending / opposite-phase C-C stretching / C-C-C bending,nu(C2-C5),bond,0.06151497019951993,-,-0.014130561162420539,0.24077919590071512
34,1225.8206327400744,,,mixed C-H bending / opposite-phase C-C stretching / C-C-C bending,delta(C3-C2-C4),angle,0.04720654524651634,-,-0.009215340396134463,0.43444661207745067
34,1225.8206327400744,,,mixed C-H bending / opposite-phase C-C stretching / C-C-C bending,delta(H14-C3-H15),angle,0.042564940326873024,-,-0.008897811693868597,0.4201869577691483
34,1225.8206327400744,,,mixed C-H bending / opposite-phase C-C stretching / C-C-C bending,nu(C1-H11),bond,0.03284276207394426,+,0.008688459669123565,0.3400251612828106
34,1225.8206327400744,,,mixed C-H bending / opposite-phase C-C stretching / C-C-C bending,nu(C1-H10),bond,0.020123972565171948,-,-0.006804268128781753,0.3397096146008398
34,1225.8206327400744,,,mixed C-H bending / opposite-phase C-C stretching / C-C-C bending,delta(H19-C7-H20),angle,0.01559058354025483,-,-0.006943984113137197,0.25269805183984145
34,1225.8206327400744,,,mixed C-H bending / opposite-phase C-C stretching / C-C-C bending,nu(C3-H14),bond,0.013009905752941102,+,0.005485174791772842,0.3379482234159411
34,1225.8206327400744,,,mixed C-H bending / opposite-phase C-C stretching / C-C-C bending,nu(C4-H16),bond,0.007354047344048021,+,0.004140305772360407,0.3352884162928494
34,1225.8206327400744,,,mixed C-H bending / opposite-phase C-C stretching / C-C-C bending,nu(C8-H21),bond,0.0060270943913755684,-,-0.003921607932972439,0.30629267332827326
34,1225.8206327400744,,,mixed C-H bending / opposite-phase C-C stretching / C-C-C bending,nu(C5-O6),bond,0.005152023913773447,+,0.002212722044487141,0.8223962194579738
34,1225.8206327400744,,,mixed C-H bending / opposite-phase C-C stretching / C-C-C bending,nu(C4-H18),bond,0.0039061070476668885,-,-0.003017895963673766,0.33519117262733306
34,1225.8206327400744,,,mixed C-H bending / opposite-phase C-C stretching / C-C-C bending,nu(C4-H17),bond,0.0038342192394663493,-,-0.002976260166073296,0.33829230452961256
34,1225.8206327400744,,,mixed C-H bending / opposite-phase C-C stretching / C-C-C bending,nu(C3-H15),bond,0.0029757760283999376,-,-0.0026347305690571383,0.33503083561306585
34,1225.8206327400744,,,mixed C-H bending / opposite-phase C-C stretching / C-C-C bending,nu(C7-H20),bond,0.001016665597649167,+,0.0015108401927204247,0.3480951950804118
34,1225.8206327400744,,,mixed C-H bending / opposite-phase C-C stretching / C-C-C bending,tau(C1-C2-C4-H17),dihedral,0.0008012163764120994,+,0.0018793186009152703,0.1772988640303949
34,1225.8206327400744,,,mixed C-H bending / opposite-phase C-C stretching / C-C-C bending,delta(C2-C5-C7),angle,0.0006506751810675531,-,-0.0010086686302609928,0.49983213360108397
34,1225.8206327400744,,,mixed C-H bending / opposite-phase C-C stretching / C-C-C bending,nu(C1-H12),bond,0.0006394085218997635,-,-0.0012205250960725695,0.33546093490188217
34,1225.8206327400744,,,mixed C-H bending / opposite-phase C-C stretching / C-C-C bending,nu(C7-H19),bond,0.0004354105366072506,-,-0.0010165297913387705,0.32931815426212097
34,1225.8206327400744,,,mixed C-H bending / opposite-phase C-C stretching / C-C-C bending,nu(C3-H13),bond,1.0313741456534864e-09,+,1.5504362046343091e-06,0.33532458692209965
35,1242.0779105510421,,,mixed C-H bending / mixed-phase C-C stretching,delta(C2-C3-H15),angle,13.73943253947002,+,0.20223500238814576,0.31286163337936146
35,1242.0779105510421,,,mixed C-H bending / mixed-phase C-C stretching,delta(C3-C2-C4),angle,11.972301037146936,+,0.16020227806270337,0.43444661207745067
35,1242.0779105510421,,,mixed C-H bending / mixed-phase C-C stretching,delta(C2-C4-H16),angle,11.770053991605375,+,0.18698944001374473,0.31350209999061956
35,1242.0779105510421,,,mixed C-H bending / mixed-phase C-C stretching,nu(C1-C2),bond,8.851021611888573,+,0.17396749185363344,0.27236629187229455
35,1242.0779105510421,,,mixed C-H bending / mixed-phase C-C stretching,delta(C2-C1-H12),angle,6.723770435441255,-,-0.14011437475103136,0.3189654565728886
35,1242.0779105510421,,,mixed C-H bending / mixed-phase C-C stretching,nu(C2-C4),bond,6.705870049641596,-,-0.15557765075205937,0.258022082351197
35,1242.0779105510421,,,mixed C-H bending / mixed-phase C-C stretching,delta(H13-C3-H14),angle,5.076235705605768,-,-0.10133744714311164,0.46036046686424154
35,1242.0779105510421,,,mixed C-H bending / mixed-phase C-C stretching,nu(C2-C3),bond,4.861407533965508,-,-0.13250863988015935,0.25785158094323446
35,1242.0779105510421,,,mixed C-H bending / mixed-phase C-C stretching,delta(C2-C3-H13),angle,4.406630593832016,-,-0.08914737814222284,0.5163993140346653
35,1242.0779105510421,,,mixed C-H bending / mixed-phase C-C stretching,delta(C2-C4-H18),angle,3.397843519293804,-,-0.09080788455277233,0.38375356114596126
35,1242.0779105510421,,,mixed C-H bending / mixed-phase C-C stretching,delta(C2-C1-H10),angle,3.0419736289348225,+,0.09431008049041116,0.31851902309095165
35,1242.0779105510421,,,mixed C-H bending / mixed-phase C-C stretching,delta(C2-C5-O6),angle,2.7545018376840495,+,0.06849465105868648,0.5467967349904848
35,1242.0779105510421,,,mixed C-H bending / mixed-phase C-C stretching,delta(C2-C5-C7),angle,2.7151674073094854,-,-0.07112696866345003,0.49983213360108397
35,1242.0779105510421,,,mixed C-H bending / mixed-phase C-C stretching,nu(C2-C5),bond,2.5910129707262,+,0.10010906249551446,0.24077919590071512
35,1242.0779105510421,,,mixed C-H bending / mixed-phase C-C stretching,delta(H17-C4-H18),angle,2.473619659167502,-,-0.093911222010332,0.26121258767795735
35,1242.0779105510421,,,mixed C-H bending / mixed-phase C-C stretching,delta(H10-C1-H11),angle,1.5891883043355577,+,0.07356623534984574,0.27347300138974184
35,1242.0779105510421,,,mixed C-H bending / mixed-phase C-C stretching,delta(H13-C3-H15),angle,1.5428888118763562,+,0.05596912807341551,0.4587052477560685
35,1242.0779105510421,,,mixed C-H bending / mixed-phase C-C stretching,delta(H14-C3-H15),angle,1.216057588025903,+,0.05191631604373488,0.4201869577691483
35,1242.0779105510421,,,mixed C-H bending / mixed-phase C-C stretching,delta(H11-C1-H12),angle,0.8965236776539374,-,-0.05571614595177937,0.26896501294538183
35,1242.0779105510421,,,mixed C-H bending / mixed-phase C-C stretching,"gamma(H16;C4,H17,H18)",oop,0.8599166210050094,-,-0.05980995018680381,0.22387501255021114
35,1242.0779105510421,,,mixed C-H bending / mixed-phase C-C stretching,tau(C1-C2-C3-H14),dihedral,0.7362734036598225,-,-0.03989142921895562,0.43089959044862763
35,1242.0779105510421,,,mixed C-H bending / mixed-phase C-C stretching,delta(H10-C1-H12),angle,0.5940360308889823,-,-0.0445647627258984,0.2785644886096331
35,1242.0779105510421,,,mixed C-H bending / mixed-phase C-C stretching,tau(C1-C2-C4-H17),dihedral,0.3413804848747425,+,0.04234620050885199,0.1772988640303949
35,1242.0779105510421,,,mixed C-H bending / mixed-phase C-C stretching,delta(C1-C2-C3),angle,0.24302303444739376,-,-0.019822368817142638,0.5760132793691867
35,1242.0779105510421,,,mixed C-H bending / mixed-phase C-C stretching,delta(C8-C7-H20),angle,0.1960265482145074,+,0.0240328301674655,0.3160830584568552
35,1242.0779105510421,,,mixed C-H bending / mixed-phase C-C stretching,delta(C8-C7-H19),angle,0.15597302928656662,+,0.024340637613589164,0.24517815193377318
35,1242.0779105510421,,,mixed C-H bending / mixed-phase C-C stretching,nu(C5-O6),bond,0.1330206880961275,+,0.012273463151082971,0.8223962194579738
35,1242.0779105510421,,,mixed C-H bending / mixed-phase C-C stretching,delta(C7-C8-O9),angle,0.05061853274697952,-,-0.011175613351365974,0.3774530837938862
35,1242.0779105510421,,,mixed C-H bending / mixed-phase C-C stretching,nu(C5-C7),bond,0.04210301455849192,+,0.012913894973236802,0.2351228587387024
35,1242.0779105510421,,,mixed C-H bending / mixed-phase C-C stretching,"gamma(H21;C8,C7,O9)",oop,0.03477839049204826,+,0.01865533417555087,0.09306782716686272
35,1242.0779105510421,,,mixed C-H bending / mixed-phase C-C stretching,tau(C3-C2-C4-H16),dihedral,0.029368155800854962,-,-0.012541698325383113,0.17388420593529577
35,1242.0779105510421,,,mixed C-H bending / mixed-phase C-C stretching,delta(C3-C2-C5),angle,0.028953079703088046,-,-0.006830170702250052,0.5779999640555233
35,1242.0779105510421,,,mixed C-H bending / mixed-phase C-C stretching,nu(C1-H12),bond,0.027367411398480618,+,0.008716536729399177,0.33546093490188217
35,1242.0779105510421,,,mixed C-H bending / mixed-phase C-C stretching,nu(C3-H15),bond,0.02629715310093436,-,-0.008549880757098609,0.33503083561306585
35,1242.0779105510421,,,mixed C-H bending / mixed-phase C-C stretching,nu(C4-H16),bond,0.02396654881858431,-,-0.008159086848995654,0.3352884162928494
35,1242.0779105510421,,,mixed C-H bending / mixed-phase C-C stretching,tau(C4-C2-C3-H15),dihedral,0.021969595943275116,+,0.0068109830508101335,0.44106097360664287
35,1242.0779105510421,,,mixed C-H bending / mixed-phase C-C stretching,nu(C7-C8),bond,0.01873234382640488,+,0.008349261582282493,0.25026040691544066
35,1242.0779105510421,,,mixed C-H bending / mixed-phase C-C stretching,delta(C4-C2-C5),angle,0.01821998924443827,+,0.005417002206504179,0.5782641285567409
35,1242.0779105510421,,,mixed C-H bending / mixed-phase C-C stretching,delta(O9-C8-H21),angle,0.01704360140203654,+,0.007345946635833202,0.2941453531375008
35,1242.0779105510421,,,mixed C-H bending / mixed-phase C-C stretching,delta(C5-C7-C8),angle,0.016336650210327236,-,-0.006840606587587156,0.32513965682623924
35,1242.0779105510421,,,mixed C-H bending / mixed-phase C-C stretching,"gamma(C7;C5,C2,O6)",oop,0.016061884548014962,+,0.011092327147927248,0.12157585193261175
35,1242.0779105510421,,,mixed C-H bending / mixed-phase C-C stretching,delta(H19-C7-H20),angle,0.011785094802496652,-,-0.006590428822903574,0.25269805183984145
35,1242.0779105510421,,,mixed C-H bending / mixed-phase C-C stretching,tau(H20-C7-C8-H21),dihedral,0.006021523700901196,+,0.020580675724708,0.013239857220979551
35,1242.0779105510421,,,mixed C-H bending / mixed-phase C-C stretching,nu(C3-H14),bond,0.005847408715931584,+,0.004014252829433734,0.3379482234159411
35,1242.0779105510421,,,mixed C-H bending / mixed-phase C-C stretching,nu(C3-H13),bond,0.005748507275492204,+,0.003995700465007271,0.33532458692209965
35,1242.0779105510421,,,mixed C-H bending / mixed-phase C-C stretching,nu(C4-H18),bond,0.00544805521403759,+,0.0038906534100577677,0.33519117262733306
35,1242.0779105510421,,,mixed C-H bending / mixed-phase C-C stretching,nu(C4-H17),bond,0.003290361006506863,+,0.0030097040746787282,0.33829230452961256
35,1242.0779105510421,,,mixed C-H bending / mixed-phase C-C stretching,nu(C1-H10),bond,0.0017797336489701456,-,-0.002208877681617822,0.3397096146008398
35,1242.0779105510421,,,mixed C-H bending / mixed-phase C-C stretching,nu(C8-O9),bond,0.001131721658812663,+,0.0011075394276770386,0.8592457588862482
35,1242.0779105510421,,,mixed C-H bending / mixed-phase C-C stretching,nu(C1-H11),bond,0.0005504196178041952,-,-0.001227833575728686,0.3400251612828106
35,1242.0779105510421,,,mixed C-H bending / mixed-phase C-C stretching,nu(C7-H20),bond,0.000490749338341378,+,0.0011458530569761957,0.3480951950804118
35,1242.0779105510421,,,mixed C-H bending / mixed-phase C-C stretching,delta(C5-C7-H20),angle,0.0004291284343541963,+,0.0011150988592374595,0.3214080207257505
35,1242.0779105510421,,,mixed C-H bending / mixed-phase C-C stretching,tau(C1-C2-C5-C7),dihedral,0.00036169827088673446,-,-0.0027830431878200098,0.04349133132405001
35,1242.0779105510421,,,mixed C-H bending / mixed-phase C-C stretching,tau(H12-C1-C2-C5),dihedral,8.234964454308571e-05,-,-0.0017360377797168746,0.02544717321698012
35,1242.0779105510421,,,mixed C-H bending / mixed-phase C-C stretching,nu(C8-H21),bond,6.113510651290943e-05,+,0.00043114674634215174,0.30629267332827326
35,1242.0779105510421,,,mixed C-H bending / mixed-phase C-C stretching,tau(C2-C5-C7-C8),dihedral,4.59445246500235e-06,-,-0.0005087453019632468,0.016532140990367292
35,1242.0779105510421,,,mixed C-H bending / mixed-phase C-C stretching,nu(C7-H19),bond,4.232401793656186e-07,+,3.459662141596788e-05,0.32931815426212097
36,1264.7790628599605,,,C-H bending,delta(C8-C7-H20),angle,24.356568703230344,+,0.2842319007051736,0.3160830584568552
36,1264.7790628599605,,,C-H bending,delta(C5-C7-H20),angle,22.2688648177962,-,-0.26951693560907664,0.3214080207257505
36,1264.7790628599605,,,C-H bending,delta(C8-C7-H19),angle,6.946052228785184,+,0.1723429468277987,0.24517815193377318
36,1264.7790628599605,,,C-H bending,delta(C2-C3-H13),angle,6.246379823222912,-,-0.11261253680991538,0.5163993140346653
36,1264.7790628599605,,,C-H bending,nu(C1-C2),bond,6.003112451800057,-,-0.15201167207291783,0.27236629187229455
36,1264.7790628599605,,,C-H bending,delta(C2-C4-H18),angle,4.798221638685761,-,-0.11449310119826978,0.38375356114596126
36,1264.7790628599605,,,C-H bending,delta(C3-C2-C5),angle,4.466124752067797,-,-0.090005053654646,0.5779999640555233
36,1264.7790628599605,,,C-H bending,nu(C2-C5),bond,3.9438673753340825,+,0.13104397160380052,0.24077919590071512
36,1264.7790628599605,,,C-H bending,delta(C2-C1-H12),angle,3.245633650188636,-,-0.10328643754329171,0.3189654565728886
36,1264.7790628599605,,,C-H bending,delta(H13-C3-H15),angle,2.3316254345181386,-,-0.07300084943563762,0.4587052477560685
36,1264.7790628599605,,,C-H bending,delta(C1-C2-C3),angle,2.2769473738602883,+,0.06437624253220708,0.5760132793691867
36,1264.7790628599605,,,C-H bending,delta(C4-C2-C5),angle,1.6850084277686652,-,-0.055271759280230065,0.5782641285567409
36,1264.7790628599605,,,C-H bending,delta(H14-C3-H15),angle,1.210055740331322,+,0.05494735351027945,0.4201869577691483
36,1264.7790628599605,,,C-H bending,delta(O9-C8-H21),angle,1.0960695470234076,+,0.0625033702600775,0.2941453531375008
36,1264.7790628599605,,,C-H bending,delta(H10-C1-H11),angle,1.0932287403011665,+,0.06473865428572152,0.27347300138974184
36,1264.7790628599605,,,C-H bending,delta(C2-C5-O6),angle,0.9980527557329072,-,-0.04374507531202699,0.5467967349904848
36,1264.7790628599605,,,C-H bending,delta(C2-C1-H10),angle,0.9270174987379786,+,0.05523847170625482,0.31851902309095165
36,1264.7790628599605,,,C-H bending,nu(C5-C7),bond,0.9123275307028277,+,0.06378129595861634,0.2351228587387024
36,1264.7790628599605,,,C-H bending,nu(C7-C8),bond,0.8684992489811548,-,-0.06031898517962072,0.25026040691544066
36,1264.7790628599605,,,C-H bending,delta(C2-C5-C7),angle,0.7622207537021658,+,0.039984684551845534,0.49983213360108397
36,1264.7790628599605,,,C-H bending,"gamma(H21;C8,C7,O9)",oop,0.6963084331750048,+,0.08856587466598546,0.09306782716686272
36,1264.7790628599605,,,C-H bending,delta(H13-C3-H14),angle,0.6454012748548315,-,-0.038338160780938886,0.46036046686424154
36,1264.7790628599605,,,C-H bending,delta(C7-C8-O9),angle,0.4028668051951739,-,-0.03345142546909498,0.3774530837938862
36,1264.7790628599605,,,C-H bending,"gamma(C7;C5,C2,O6)",oop,0.32254504898525854,+,0.05273960891741578,0.12157585193261175
36,1264.7790628599605,,,C-H bending,nu(C2-C3),bond,0.16518430437605766,+,0.02591581469504373,0.25785158094323446
36,1264.7790628599605,,,C-H bending,tau(C1-C2-C3-H14),dihedral,0.16154560315263822,-,-0.019825534565931127,0.43089959044862763
36,1264.7790628599605,,,C-H bending,delta(H11-C1-H12),angle,0.15677430822363125,-,-0.02472036774533204,0.26896501294538183
36,1264.7790628599605,,,C-H bending,nu(C5-O6),bond,0.1506267321456321,-,-0.013857211650817056,0.8223962194579738
36,1264.7790628599605,,,C-H bending,tau(C4-C2-C3-H15),dihedral,0.13324076812889526,+,0.017796501018460777,0.44106097360664287
36,1264.7790628599605,,,C-H bending,delta(C2-C4-H16),angle,0.12736389591891153,-,-0.02063803365187397,0.31350209999061956
36,1264.7790628599605,,,C-H bending,delta(C2-C3-H15),angle,0.11299116583215314,+,0.019458594439655048,0.31286163337936146
36,1264.7790628599605,,,C-H bending,tau(H20-C7-C8-H21),dihedral,0.08962466246560315,-,-0.08424371137320381,0.013239857220979551
36,1264.7790628599605,,,C-H bending,"gamma(H16;C4,H17,H18)",oop,0.0748628345018989,+,0.018723873465174946,0.22387501255021114
36,1264.7790628599605,,,C-H bending,nu(C2-C4),bond,0.066585464155798,-,-0.016448513425551932,0.258022082351197
36,1264.7790628599605,,,C-H bending,tau(C3-C2-C4-H16),dihedral,0.05501896744259813,-,-0.018213420960762457,0.17388420593529577
36,1264.7790628599605,,,C-H bending,delta(C3-C2-C4),angle,0.032469606365184325,-,-0.008851883310375331,0.43444661207745067
36,1264.7790628599605,,,C-H bending,nu(C8-O9),bond,0.032178707561445294,-,-0.006266008442517145,0.8592457588862482
36,1264.7790628599605,,,C-H bending,tau(C2-C5-C7-C8),dihedral,0.018430314923803367,-,-0.034187488982627294,0.016532140990367292
36,1264.7790628599605,,,C-H bending,nu(C3-H13),bond,0.01590239974711998,+,0.007051215857766855,0.33532458692209965
36,1264.7790628599605,,,C-H bending,tau(C1-C2-C5-C7),dihedral,0.014979521847818233,+,0.019002598838394454,0.04349133132405001
36,1264.7790628599605,,,C-H bending,nu(C7-H20),bond,0.012886866285594135,-,-0.006230028346481814,0.3480951950804118
36,1264.7790628599605,,,C-H bending,nu(C4-H18),bond,0.011466588954429252,+,0.005988750383558564,0.33519117262733306
36,1264.7790628599605,,,C-H bending,delta(C5-C7-C8),angle,0.011072572973071536,-,-0.0059752307290143365,0.32513965682623924
36,1264.7790628599605,,,C-H bending,tau(C1-C2-C4-H17),dihedral,0.010973120156303475,+,0.008055221123012907,0.1772988640303949
36,1264.7790628599605,,,C-H bending,delta(H19-C7-H20),angle,0.00858503210328025,-,-0.005968090370224919,0.25269805183984145
36,1264.7790628599605,,,C-H bending,nu(C4-H17),bond,0.008103979976787546,-,-0.00501150878723331,0.33829230452961256
36,1264.7790628599605,,,C-H bending,delta(H17-C4-H18),angle,0.006592068056105128,+,0.005143741871418114,0.26121258767795735
36,1264.7790628599605,,,C-H bending,nu(C1-H10),bond,0.005615726009829295,-,-0.004163076694384178,0.3397096146008398
36,1264.7790628599605,,,C-H bending,nu(C1-H12),bond,0.0033095661023501257,+,0.003216102852145287,0.33546093490188217
36,1264.7790628599605,,,C-H bending,delta(H10-C1-H12),angle,0.002689916701967761,-,-0.003181792953463994,0.2785644886096331
36,1264.7790628599605,,,C-H bending,nu(C3-H14),bond,0.0025629647062353103,-,-0.0028197564894013793,0.3379482234159411
36,1264.7790628599605,,,C-H bending,nu(C8-H21),bond,0.0024894863981830776,+,0.0029191200138207066,0.30629267332827326
36,1264.7790628599605,,,C-H bending,nu(C1-H11),bond,0.0017998902635554502,-,-0.0023557698651577707,0.3400251612828106
36,1264.7790628599605,,,C-H bending,nu(C4-H16),bond,0.00046039286273324574,+,0.0011998318665436913,0.3352884162928494
36,1264.7790628599605,,,C-H bending,nu(C7-H19),bond,0.0002703230702247238,-,-0.0009276819256619119,0.32931815426212097
36,1264.7790628599605,,,C-H bending,tau(H12-C1-C2-C5),dihedral,0.0002520001706873186,+,0.0032221519744162967,0.02544717321698012
36,1264.7790628599605,,,C-H bending,nu(C3-H15),bond,9.019343819390387e-05,+,0.0005312640844525229,0.33503083561306585
37,1311.1376675830645,,,mixed C-H bending / mixed-phase C-C stretching,delta(C5-C7-H20),angle,24.205683084781786,-,-0.3011117075836753,0.3214080207257505
37,1311.1376675830645,,,mixed C-H bending / mixed-phase C-C stretching,delta(C8-C7-H20),angle,23.26886597348909,+,0.2977037635557177,0.3160830584568552
37,1311.1376675830645,,,mixed C-H bending / mixed-phase C-C stretching,nu(C2-C5),bond,8.809764263121812,-,-0.20987948472331894,0.24077919590071512
37,1311.1376675830645,,,mixed C-H bending / mixed-phase C-C stretching,nu(C5-C7),bond,7.31619390718245,+,0.19354969996350121,0.2351228587387024
37,1311.1376675830645,,,mixed C-H bending / mixed-phase C-C stretching,delta(C2-C5-O6),angle,5.331939639403072,+,0.10834951739879227,0.5467967349904848
37,1311.1376675830645,,,mixed C-H bending / mixed-phase C-C stretching,delta(C2-C3-H13),angle,4.427350544383023,+,0.10159596313882242,0.5163993140346653
37,1311.1376675830645,,,mixed C-H bending / mixed-phase C-C stretching,nu(C1-C2),bond,3.199090587995892,+,0.11891425391864367,0.27236629187229455
37,1311.1376675830645,,,mixed C-H bending / mixed-phase C-C stretching,delta(C4-C2-C5),angle,3.0036613003440067,+,0.07907872867771962,0.5782641285567409
37,1311.1376675830645,,,mixed C-H bending / mixed-phase C-C stretching,delta(C2-C4-H18),angle,2.6148246540291487,+,0.09057167544833106,0.38375356114596126
37,1311.1376675830645,,,mixed C-H bending / mixed-phase C-C stretching,delta(C3-C2-C5),angle,2.5050571802408377,+,0.07223409590974693,0.5779999640555233
37,1311.1376675830645,,,mixed C-H bending / mixed-phase C-C stretching,delta(H13-C3-H15),angle,2.4552335084201884,+,0.08027436381662724,0.4587052477560685
37,1311.1376675830645,,,mixed C-H bending / mixed-phase C-C stretching,delta(C1-C2-C3),angle,2.193979141418281,-,-0.06771693996959667,0.5760132793691867
37,1311.1376675830645,,,mixed C-H bending / mixed-phase C-C stretching,delta(H14-C3-H15),angle,1.6947753251852467,-,-0.06968384523386449,0.4201869577691483
37,1311.1376675830645,,,mixed C-H bending / mixed-phase C-C stretching,delta(O9-C8-H21),angle,1.5264794975968483,+,0.07904270919375445,0.2941453531375008
37,1311.1376675830645,,,mixed C-H bending / mixed-phase C-C stretching,delta(C2-C1-H12),angle,1.4429925554428387,+,0.07380020098794918,0.3189654565728886
37,1311.1376675830645,,,mixed C-H bending / mixed-phase C-C stretching,delta(C8-C7-H19),angle,1.4137193900524778,+,0.08331784897345189,0.24517815193377318
37,1311.1376675830645,,,mixed C-H bending / mixed-phase C-C stretching,delta(H10-C1-H11),angle,0.7784082717423285,-,-0.05853880034556764,0.27347300138974184
37,1311.1376675830645,,,mixed C-H bending / mixed-phase C-C stretching,delta(C7-C8-O9),angle,0.5087048854418765,-,-0.040280865241963455,0.3774530837938862
37,1311.1376675830645,,,mixed C-H bending / mixed-phase C-C stretching,nu(C7-C8),bond,0.4395745893162745,-,-0.04598514304374037,0.25026040691544066
37,1311.1376675830645,,,mixed C-H bending / mixed-phase C-C stretching,delta(H19-C7-H20),angle,0.3961338107317046,-,-0.043442752543362974,0.25269805183984145
37,1311.1376675830645,,,mixed C-H bending / mixed-phase C-C stretching,nu(C5-O6),bond,0.3228974477272208,-,-0.02174147872976775,0.8223962194579738
37,1311.1376675830645,,,mixed C-H bending / mixed-phase C-C stretching,delta(H17-C4-H18),angle,0.2673124618776874,+,0.03510022315139087,0.26121258767795735
37,1311.1376675830645,,,mixed C-H bending / mixed-phase C-C stretching,tau(C4-C2-C3-H15),dihedral,0.2360481103023166,-,-0.025383311157861882,0.44106097360664287
37,1311.1376675830645,,,mixed C-H bending / mixed-phase C-C stretching,delta(C2-C1-H10),angle,0.20318329028388,-,-0.02771236767169525,0.31851902309095165
37,1311.1376675830645,,,mixed C-H bending / mixed-phase C-C stretching,tau(H20-C7-C8-H21),dihedral,0.16929678736300874,-,-0.12407378556891444,0.013239857220979551
37,1311.1376675830645,,,mixed C-H bending / mixed-phase C-C stretching,"gamma(H16;C4,H17,H18)",oop,0.16421011108688924,-,-0.029716281332353267,0.22387501255021114
37,1311.1376675830645,,,mixed C-H bending / mixed-phase C-C stretching,"gamma(H21;C8,C7,O9)",oop,0.13332001649061195,+,0.04152840176568801,0.09306782716686272
37,1311.1376675830645,,,mixed C-H bending / mixed-phase C-C stretching,tau(C1-C2-C3-H14),dihedral,0.13101900580694717,+,0.01913270761052505,0.43089959044862763
37,1311.1376675830645,,,mixed C-H bending / mixed-phase C-C stretching,delta(C2-C5-C7),angle,0.1158347111916011,-,-0.016703389141408315,0.49983213360108397
37,1311.1376675830645,,,mixed C-H bending / mixed-phase C-C stretching,delta(H10-C1-H12),angle,0.11234607534636505,+,0.0220350176303207,0.2785644886096331
37,1311.1376675830645,,,mixed C-H bending / mixed-phase C-C stretching,tau(C3-C2-C4-H16),dihedral,0.09870235182743779,+,0.026141530331661285,0.17388420593529577
37,1311.1376675830645,,,mixed C-H bending / mixed-phase C-C stretching,delta(H11-C1-H12),angle,0.09509981943995839,+,0.0206319024798567,0.26896501294538183
37,1311.1376675830645,,,mixed C-H bending / mixed-phase C-C stretching,tau(C1-C2-C4-H17),dihedral,0.09485960609284073,-,-0.025379613694189965,0.1772988640303949
37,1311.1376675830645,,,mixed C-H bending / mixed-phase C-C stretching,delta(C2-C4-H16),angle,0.0934194892234896,-,-0.018940692024383955,0.31350209999061956
37,1311.1376675830645,,,mixed C-H bending / mixed-phase C-C stretching,"gamma(C7;C5,C2,O6)",oop,0.039911505672828695,+,0.01988029024553951,0.12157585193261175
37,1311.1376675830645,,,mixed C-H bending / mixed-phase C-C stretching,delta(C2-C3-H15),angle,0.032958188196673135,-,-0.01126167100719368,0.31286163337936146
37,1311.1376675830645,,,mixed C-H bending / mixed-phase C-C stretching,delta(H13-C3-H14),angle,0.031709332030809126,+,0.009106298062509736,0.46036046686424154
37,1311.1376675830645,,,mixed C-H bending / mixed-phase C-C stretching,nu(C8-O9),bond,0.01862273671017092,-,-0.005108111617175841,0.8592457588862482
37,1311.1376675830645,,,mixed C-H bending / mixed-phase C-C stretching,nu(C4-H18),bond,0.016844223465995303,-,-0.0077781539771472384,0.33519117262733306
37,1311.1376675830645,,,mixed C-H bending / mixed-phase C-C stretching,nu(C2-C3),bond,0.015953496453666876,+,0.008630587625290908,0.25785158094323446
37,1311.1376675830645,,,mixed C-H bending / mixed-phase C-C stretching,nu(C3-H13),bond,0.014374555995786138,-,-0.007183925928725776,0.33532458692209965
37,1311.1376675830645,,,mixed C-H bending / mixed-phase C-C stretching,delta(C3-C2-C4),angle,0.012122343269239892,-,-0.005795920327826473,0.43444661207745067
37,1311.1376675830645,,,mixed C-H bending / mixed-phase C-C stretching,nu(C8-H21),bond,0.01101168477187115,+,0.006578939709756837,0.30629267332827326
37,1311.1376675830645,,,mixed C-H bending / mixed-phase C-C stretching,nu(C2-C4),bond,0.007791879662861119,+,0.006029620875576676,0.258022082351197
37,1311.1376675830645,,,mixed C-H bending / mixed-phase C-C stretching,tau(C1-C2-C5-C7),dihedral,0.0075823809711207295,+,0.01448767767309405,0.04349133132405001
37,1311.1376675830645,,,mixed C-H bending / mixed-phase C-C stretching,nu(C1-H12),bond,0.005642835057124765,-,-0.004500129657777234,0.33546093490188217
37,1311.1376675830645,,,mixed C-H bending / mixed-phase C-C stretching,tau(C2-C5-C7-C8),dihedral,0.004633543548848221,-,-0.018369164349046355,0.016532140990367292
37,1311.1376675830645,,,mixed C-H bending / mixed-phase C-C stretching,nu(C3-H14),bond,0.0028124847679607706,+,0.003165317880980124,0.3379482234159411
37,1311.1376675830645,,,mixed C-H bending / mixed-phase C-C stretching,nu(C1-H11),bond,0.0017421131095942159,+,0.002483590398685432,0.3400251612828106
37,1311.1376675830645,,,mixed C-H bending / mixed-phase C-C stretching,nu(C1-H10),bond,0.0015306981922911128,+,0.002329100297093629,0.3397096146008398
37,1311.1376675830645,,,mixed C-H bending / mixed-phase C-C stretching,delta(C5-C7-C8),angle,0.0015224815243465432,-,-0.0023743151817752586,0.32513965682623924
37,1311.1376675830645,,,mixed C-H bending / mixed-phase C-C stretching,nu(C7-H20),bond,0.001322989351800601,-,-0.0021390773322349176,0.3480951950804118
37,1311.1376675830645,,,mixed C-H bending / mixed-phase C-C stretching,nu(C4-H17),bond,0.0008647243292009293,+,0.0017542444257986818,0.33829230452961256
37,1311.1376675830645,,,mixed C-H bending / mixed-phase C-C stretching,nu(C3-H15),bond,0.00038988573372311674,-,-0.0011836508308804422,0.33503083561306585
37,1311.1376675830645,,,mixed C-H bending / mixed-phase C-C stretching,nu(C4-H16),bond,0.0003589995593523892,-,-0.001135363709593842,0.3352884162928494
37,1311.1376675830645,,,mixed C-H bending / mixed-phase C-C stretching,nu(C7-H19),bond,0.00018292423524762848,-,-0.0008177585868985225,0.32931815426212097
37,1311.1376675830645,,,mixed C-H bending / mixed-phase C-C stretching,tau(H12-C1-C2-C5),dihedral,0.00013259901006882165,+,0.0025046537327253373,0.02544717321698012
38,1404.8766728982052,,,C-H bending,"gamma(H16;C4,H17,H18)",oop,18.443626582160945,+,0.41540367976251436,0.22387501255021114
38,1404.8766728982052,,,C-H bending,delta(H13-C3-H15),angle,14.498172151527555,+,0.2572999858759071,0.4587052477560685
38,1404.8766728982052,,,C-H bending,delta(C2-C3-H13),angle,13.839901060355126,-,-0.23693196426161114,0.5163993140346653
38,1404.8766728982052,,,C-H bending,delta(H13-C3-H14),angle,13.684681733465755,+,0.24952745110976146,0.46036046686424154
38,1404.8766728982052,,,C-H bending,delta(H14-C3-H15),angle,11.472935615406852,+,0.23914757680006066,0.4201869577691483
38,1404.8766728982052,,,C-H bending,delta(C2-C3-H15),angle,8.381986824898448,-,-0.2368903247607156,0.31286163337936146
38,1404.8766728982052,,,C-H bending,delta(C2-C4-H18),angle,4.925372708489052,+,0.16396204676477621,0.38375356114596126
38,1404.8766728982052,,,C-H bending,delta(C2-C4-H16),angle,4.336906393458283,+,0.1702236065360513,0.31350209999061956
38,1404.8766728982052,,,C-H bending,delta(H17-C4-H18),angle,3.5650008338428645,-,-0.16907630870775664,0.26121258767795735
38,1404.8766728982052,,,C-H bending,delta(O9-C8-H21),angle,3.2985083982179852,+,0.15325963669239995,0.2941453531375008
38,1404.8766728982052,,,C-H bending,nu(C2-C3),bond,1.0486627176126877,+,0.09229602672216644,0.25785158094323446
38,1404.8766728982052,,,C-H bending,nu(C2-C4),bond,0.5156420300581489,-,-0.06469872279028539,0.258022082351197
38,1404.8766728982052,,,C-H bending,delta(H11-C1-H12),angle,0.4053020352222632,-,-0.0561812616181788,0.26896501294538183
38,1404.8766728982052,,,C-H bending,delta(H19-C7-H20),angle,0.2897158427950832,+,0.049004410145782364,0.25269805183984145
38,1404.8766728982052,,,C-H bending,delta(C2-C1-H12),angle,0.21259496037839998,+,0.0373641104379555,0.3189654565728886
38,1404.8766728982052,,,C-H bending,delta(C2-C1-H10),angle,0.2045305412236214,+,0.036674262301307214,0.31851902309095165
38,1404.8766728982052,,,C-H bending,delta(H10-C1-H11),angle,0.15780612460502116,-,-0.03476599707635943,0.27347300138974184
38,1404.8766728982052,,,C-H bending,delta(H10-C1-H12),angle,0.10179047615888252,-,-0.02766563785125604,0.2785644886096331
38,1404.8766728982052,,,C-H bending,tau(C4-C2-C3-H15),dihedral,0.07717662733200481,-,-0.019144479908307498,0.44106097360664287
38,1404.8766728982052,,,C-H bending,nu(C7-C8),bond,0.06662499643940376,+,0.023614160830112082,0.25026040691544066
38,1404.8766728982052,,,C-H bending,nu(C8-O9),bond,0.06552392844512388,+,0.012638375531041355,0.8592457588862482
38,1404.8766728982052,,,C-H bending,delta(C8-C7-H20),angle,0.056716572841442395,-,-0.019386721487313217,0.3160830584568552
38,1404.8766728982052,,,C-H bending,nu(C1-C2),bond,0.04694828231860714,-,-0.019001293455144355,0.27236629187229455
38,1404.8766728982052,,,C-H bending,delta(C7-C8-O9),angle,0.04106987820192079,-,-0.015096636879415237,0.3774530837938862
38,1404.8766728982052,,,C-H bending,nu(C3-H14),bond,0.03860113389421179,-,-0.015467671419348768,0.3379482234159411
38,1404.8766728982052,,,C-H bending,nu(C3-H13),bond,0.03490121025814718,-,-0.014765138836398963,0.33532458692209965
38,1404.8766728982052,,,C-H bending,tau(C1-C2-C3-H14),dihedral,0.031138589232228234,+,0.012303011108968353,0.43089959044862763
38,1404.8766728982052,,,C-H bending,tau(C3-C2-C4-H16),dihedral,0.029158539751509206,-,-0.018741433566270612,0.17388420593529577
38,1404.8766728982052,,,C-H bending,nu(C3-H15),bond,0.024361492154604245,-,-0.012341261169167153,0.33503083561306585
38,1404.8766728982052,,,C-H bending,nu(C4-H18),bond,0.02018901277505892,+,0.011232107350875755,0.33519117262733306
38,1404.8766728982052,,,C-H bending,nu(C4-H17),bond,0.01780183513977755,+,0.010498719163277683,0.33829230452961256
38,1404.8766728982052,,,C-H bending,delta(C5-C7-H20),angle,0.013540566336020519,-,-0.009393772755225276,0.3214080207257505
38,1404.8766728982052,,,C-H bending,nu(C4-H16),bond,0.013173763619210924,+,0.009071845579553824,0.3352884162928494
38,1404.8766728982052,,,C-H bending,nu(C5-O6),bond,0.011279887464050736,+,0.005359963365628718,0.8223962194579738
38,1404.8766728982052,,,C-H bending,nu(C8-H21),bond,0.004582034745880397,+,0.005597716189113968,0.30629267332827326
38,1404.8766728982052,,,C-H bending,delta(C2-C5-C7),angle,0.004467866416273293,+,0.004327010947361307,0.49983213360108397
38,1404.8766728982052,,,C-H bending,tau(H20-C7-C8-H21),dihedral,0.0033319062520222424,-,-0.022959092956686817,0.013239857220979551
38,1404.8766728982052,,,C-H bending,delta(C2-C5-O6),angle,0.0027484980998913073,-,-0.0032447762517353934,0.5467967349904848
38,1404.8766728982052,,,C-H bending,tau(C1-C2-C4-H17),dihedral,0.002603411493225625,+,0.005545853882061865,0.1772988640303949
38,1404.8766728982052,,,C-H bending,nu(C5-C7),bond,0.002078821737336048,-,-0.004303394778043504,0.2351228587387024
38,1404.8766728982052,,,C-H bending,delta(C3-C2-C5),angle,0.0015988581663205603,-,-0.0024070829384879437,0.5779999640555233
38,1404.8766728982052,,,C-H bending,delta(C4-C2-C5),angle,0.0012669861248929466,-,-0.002142263033227371,0.5782641285567409
38,1404.8766728982052,,,C-H bending,tau(H12-C1-C2-C5),dihedral,0.0010549877134031992,-,-0.009318669699782116,0.02544717321698012
38,1404.8766728982052,,,C-H bending,nu(C1-H12),bond,0.001051692622718555,+,0.0025625563713318478,0.33546093490188217
38,1404.8766728982052,,,C-H bending,nu(C1-H10),bond,0.0008378587694557342,+,0.0022729060311055616,0.3397096146008398
38,1404.8766728982052,,,C-H bending,"gamma(C7;C5,C2,O6)",oop,0.0007352661849839694,+,0.0035591691333892723,0.12157585193261175
38,1404.8766728982052,,,C-H bending,nu(C2-C5),bond,0.000572792723128827,+,0.002232231624922689,0.24077919590071512
38,1404.8766728982052,,,C-H bending,"gamma(H21;C8,C7,O9)",oop,0.0004068884524412276,+,0.0030261321221491874,0.09306782716686272
38,1404.8766728982052,,,C-H bending,nu(C7-H20),bond,0.00036367647590995365,-,-0.0014793079161888217,0.3480951950804118
38,1404.8766728982052,,,C-H bending,nu(C1-H11),bond,0.0003076562091119795,+,0.001376661937832396,0.3400251612828106
38,1404.8766728982052,,,C-H bending,delta(C5-C7-C8),angle,0.000268816380745747,-,-0.0013159605915312189,0.32513965682623924
38,1404.8766728982052,,,C-H bending,delta(C3-C2-C4),angle,0.00022221939165274017,-,-0.0010350772428383845,0.43444661207745067
38,1404.8766728982052,,,C-H bending,tau(C2-C5-C7-C8),dihedral,5.5674759824209e-05,-,-0.00265591771967763,0.016532140990367292
38,1404.8766728982052,,,C-H bending,delta(C8-C7-H19),angle,5.4917800655998406e-05,-,-0.0006849607328363704,0.24517815193377318
38,1404.8766728982052,,,C-H bending,tau(C1-C2-C5-C7),dihedral,2.7361404363786803e-05,-,-0.0011479364119133988,0.04349133132405001
38,1404.8766728982052,,,C-H bending,delta(C1-C2-C3),angle,1.7158943571754775e-05,+,0.00024979228209007735,0.5760132793691867
38,1404.8766728982052,,,C-H bending,nu(C7-H19),bond,1.303051899855365e-06,-,-9.10380634987007e-05,0.32931815426212097
39,1409.3838386192535,,,mixed C-H bending / C-H out-of-plane bending,"gamma(H16;C4,H17,H18)",oop,27.254690949635105,-,-0.44465436618509185,0.22387501255021114
39,1409.3838386192535,,,mixed C-H bending / C-H out-of-plane bending,delta(O9-C8-H21),angle,11.275429901927032,+,0.249511346895736,0.2941453531375008
39,1409.3838386192535,,,mixed C-H bending / C-H out-of-plane bending,delta(C2-C4-H18),angle,8.254423026962236,-,-0.18690541915742656,0.38375356114596126
39,1409.3838386192535,,,mixed C-H bending / C-H out-of-plane bending,delta(H10-C1-H12),angle,7.360534329661679,-,-0.20715553286797325,0.2785644886096331
39,1409.3838386192535,,,mixed C-H bending / C-H out-of-plane bending,delta(C2-C4-H16),angle,6.834867413385872,-,-0.18816964338540654,0.31350209999061956
39,1409.3838386192535,,,mixed C-H bending / C-H out-of-plane bending,delta(H17-C4-H18),angle,6.752770503626325,+,0.20490317420764823,0.26121258767795735
39,1409.3838386192535,,,mixed C-H bending / C-H out-of-plane bending,delta(C2-C1-H10),angle,6.6525356152724715,+,0.18417499148892996,0.31851902309095165
39,1409.3838386192535,,,mixed C-H bending / C-H out-of-plane bending,delta(C2-C1-H12),angle,6.624299508368375,+,0.18365505892918516,0.3189654565728886
39,1409.3838386192535,,,mixed C-H bending / C-H out-of-plane bending,delta(H11-C1-H12),angle,6.390094129815585,-,-0.19643120209599058,0.26896501294538183
39,1409.3838386192535,,,mixed C-H bending / C-H out-of-plane bending,delta(H10-C1-H11),angle,5.11656528277297,-,-0.1743158079355943,0.27347300138974184
39,1409.3838386192535,,,mixed C-H bending / C-H out-of-plane bending,delta(H13-C3-H14),angle,1.3416734833261141,+,0.06879852846535144,0.46036046686424154
39,1409.3838386192535,,,mixed C-H bending / C-H out-of-plane bending,nu(C1-C2),bond,1.3081577377073224,-,-0.08831980875110108,0.27236629187229455
39,1409.3838386192535,,,mixed C-H bending / C-H out-of-plane bending,nu(C2-C4),bond,0.9071968396218327,+,0.0755661103625969,0.258022082351197
39,1409.3838386192535,,,mixed C-H bending / C-H out-of-plane bending,delta(C2-C3-H13),angle,0.7865459695833503,-,-0.049736356635929645,0.5163993140346653
39,1409.3838386192535,,,mixed C-H bending / C-H out-of-plane bending,delta(H14-C3-H15),angle,0.7250088383822276,+,0.052936485928826625,0.4201869577691483
39,1409.3838386192535,,,mixed C-H bending / C-H out-of-plane bending,delta(C2-C3-H15),angle,0.36197760598122286,-,-0.043348037398691655,0.31286163337936146
39,1409.3838386192535,,,mixed C-H bending / C-H out-of-plane bending,delta(C8-C7-H20),angle,0.2814866607643645,-,-0.03803058814999613,0.3160830584568552
39,1409.3838386192535,,,mixed C-H bending / C-H out-of-plane bending,delta(C5-C7-H20),angle,0.26877173151652306,+,0.03685260406680808,0.3214080207257505
39,1409.3838386192535,,,mixed C-H bending / C-H out-of-plane bending,nu(C8-O9),bond,0.2660360310698987,+,0.022424164634425106,0.8592457588862482
39,1409.3838386192535,,,mixed C-H bending / C-H out-of-plane bending,nu(C7-C8),bond,0.19843942840182865,+,0.03588580165056697,0.25026040691544066
39,1409.3838386192535,,,mixed C-H bending / C-H out-of-plane bending,delta(H19-C7-H20),angle,0.18850641106063248,-,-0.03480702117777655,0.25269805183984145
39,1409.3838386192535,,,mixed C-H bending / C-H out-of-plane bending,nu(C5-C7),bond,0.14199135649259936,-,-0.03131758531525001,0.2351228587387024
39,1409.3838386192535,,,mixed C-H bending / C-H out-of-plane bending,delta(C7-C8-O9),angle,0.08094607227658313,-,-0.018662556825491082,0.3774530837938862
39,1409.3838386192535,,,mixed C-H bending / C-H out-of-plane bending,delta(C2-C5-O6),angle,0.06722387230924487,-,-0.014130370469488446,0.5467967349904848
39,1409.3838386192535,,,mixed C-H bending / C-H out-of-plane bending,delta(H13-C3-H15),angle,0.06429279990013761,+,0.015087561632485572,0.4587052477560685
39,1409.3838386192535,,,mixed C-H bending / C-H out-of-plane bending,nu(C2-C3),bond,0.060998886743665805,+,0.019601115921193065,0.25785158094323446
39,1409.3838386192535,,,mixed C-H bending / C-H out-of-plane bending,nu(C5-O6),bond,0.04270063121447392,+,0.009182931330898642,0.8223962194579738
39,1409.3838386192535,,,mixed C-H bending / C-H out-of-plane bending,delta(C2-C5-C7),angle,0.0366216266579062,+,0.01090841045143417,0.49983213360108397
39,1409.3838386192535,,,mixed C-H bending / C-H out-of-plane bending,nu(C2-C5),bond,0.035455219031861544,+,0.0154644809633488,0.24077919590071512
39,1409.3838386192535,,,mixed C-H bending / C-H out-of-plane bending,delta(C8-C7-H19),angle,0.03289577101545081,+,0.014761615645103402,0.24517815193377318
39,1409.3838386192535,,,mixed C-H bending / C-H out-of-plane bending,nu(C4-H17),bond,0.029911176033463285,-,-0.011983272269162758,0.33829230452961256
39,1409.3838386192535,,,mixed C-H bending / C-H out-of-plane bending,nu(C1-H12),bond,0.02665431319814151,+,0.011359717039524113,0.33546093490188217
39,1409.3838386192535,,,mixed C-H bending / C-H out-of-plane bending,delta(C4-C2-C5),angle,0.024374102509059484,-,-0.008273817404927022,0.5782641285567409
39,1409.3838386192535,,,mixed C-H bending / C-H out-of-plane bending,tau(C4-C2-C3-H15),dihedral,0.024132661673668593,+,0.009426664229618811,0.44106097360664287
39,1409.3838386192535,,,mixed C-H bending / C-H out-of-plane bending,delta(C1-C2-C3),angle,0.024082792923870635,+,0.008240279063696622,0.5760132793691867
39,1409.3838386192535,,,mixed C-H bending / C-H out-of-plane bending,nu(C4-H18),bond,0.022920034876913974,-,-0.010538191650564702,0.33519117262733306
39,1409.3838386192535,,,mixed C-H bending / C-H out-of-plane bending,tau(C1-C2-C3-H14),dihedral,0.021091514689499713,+,0.008916010804134475,0.43089959044862763
39,1409.3838386192535,,,mixed C-H bending / C-H out-of-plane bending,nu(C4-H16),bond,0.0188612418012959,-,-0.009558298925549597,0.3352884162928494
39,1409.3838386192535,,,mixed C-H bending / C-H out-of-plane bending,delta(C3-C2-C5),angle,0.016864130245500816,-,-0.006883713869044796,0.5779999640555233
39,1409.3838386192535,,,mixed C-H bending / C-H out-of-plane bending,nu(C1-H11),bond,0.01673945568417409,+,0.00894169557904946,0.3400251612828106
39,1409.3838386192535,,,mixed C-H bending / C-H out-of-plane bending,nu(C1-H10),bond,0.015669575524912147,+,0.008655246450065221,0.3397096146008398
39,1409.3838386192535,,,mixed C-H bending / C-H out-of-plane bending,nu(C8-H21),bond,0.0141276843787937,+,0.008655096803134624,0.30629267332827326
39,1409.3838386192535,,,mixed C-H bending / C-H out-of-plane bending,tau(C1-C2-C4-H17),dihedral,0.008367690630645188,-,-0.008754968198371762,0.1772988640303949
39,1409.3838386192535,,,mixed C-H bending / C-H out-of-plane bending,tau(H20-C7-C8-H21),dihedral,0.00775424521522873,+,0.03084131282108271,0.013239857220979551
39,1409.3838386192535,,,mixed C-H bending / C-H out-of-plane bending,delta(C3-C2-C4),angle,0.005684444418284275,-,-0.0046097836860247605,0.43444661207745067
39,1409.3838386192535,,,mixed C-H bending / C-H out-of-plane bending,nu(C3-H14),bond,0.0026500428530659694,-,-0.003568667669833897,0.3379482234159411
39,1409.3838386192535,,,mixed C-H bending / C-H out-of-plane bending,"gamma(C7;C5,C2,O6)",oop,0.0018815732882792296,-,-0.005013507287665667,0.12157585193261175
39,1409.3838386192535,,,mixed C-H bending / C-H out-of-plane bending,"gamma(H21;C8,C7,O9)",oop,0.0016174464008335834,+,0.005312756403820379,0.09306782716686272
39,1409.3838386192535,,,mixed C-H bending / C-H out-of-plane bending,delta(C5-C7-C8),angle,0.0009361571700974643,+,0.002162440438811319,0.32513965682623924
39,1409.3838386192535,,,mixed C-H bending / C-H out-of-plane bending,tau(C3-C2-C4-H16),dihedral,0.0006783466429565203,+,0.0025171002551256385,0.17388420593529577
39,1409.3838386192535,,,mixed C-H bending / C-H out-of-plane bending,nu(C3-H15),bond,0.0006746466085607499,-,-0.0018084250839632574,0.33503083561306585
39,1409.3838386192535,,,mixed C-H bending / C-H out-of-plane bending,nu(C3-H13),bond,0.0005830428578448292,-,-0.0016804371828677833,0.33532458692209965
39,1409.3838386192535,,,mixed C-H bending / C-H out-of-plane bending,nu(C7-H19),bond,0.00023535496748573715,+,0.0010773544009595414,0.32931815426212097
39,1409.3838386192535,,,mixed C-H bending / C-H out-of-plane bending,tau(H12-C1-C2-C5),dihedral,0.000129205982506221,+,0.002871615443285699,0.02544717321698012
39,1409.3838386192535,,,mixed C-H bending / C-H out-of-plane bending,tau(C1-C2-C5-C7),dihedral,0.00012337659302766844,-,-0.0021464450627962737,0.04349133132405001
39,1409.3838386192535,,,mixed C-H bending / C-H out-of-plane bending,nu(C7-H20),bond,0.00011471007219170825,+,0.0007315710382493291,0.3480951950804118
39,1409.3838386192535,,,mixed C-H bending / C-H out-of-plane bending,tau(C2-C5-C7-C8),dihedral,3.3982748184758407e-06,-,-0.0005777892273253678,0.016532140990367292
40,1412.2186542722884,,,C-H bending,delta(O9-C8-H21),angle,40.268361410393325,-,-0.3974122869437764,0.2941453531375008
40,1412.2186542722884,,,C-H bending,delta(H10-C1-H12),angle,5.971386986185403,-,-0.1572588299391486,0.2785644886096331
40,1412.2186542722884,,,C-H bending,delta(H11-C1-H12),angle,5.859181814109131,-,-0.15852979548028495,0.26896501294538183
40,1412.2186542722884,,,C-H bending,delta(C2-C1-H12),angle,5.6686616276632025,+,0.14318870064680014,0.3189654565728886
40,1412.2186542722884,,,C-H bending,delta(C2-C1-H10),angle,5.642039164433421,+,0.14295214225198768,0.31851902309095165
40,1412.2186542722884,,,C-H bending,delta(H14-C3-H15),angle,4.979658504524029,+,0.11692807597872736,0.4201869577691483
40,1412.2186542722884,,,C-H bending,delta(C2-C3-H13),angle,4.641841906863731,-,-0.10183396445915592,0.5163993140346653
40,1412.2186542722884,,,C-H bending,delta(H13-C3-H15),angle,4.621997632628674,+,0.10781726535008954,0.4587052477560685
40,1412.2186542722884,,,C-H bending,delta(H10-C1-H11),angle,4.2689946278798505,-,-0.13419795038531956,0.27347300138974184
40,1412.2186542722884,,,C-H bending,delta(H13-C3-H14),angle,3.820749350282684,+,0.0978510680404265,0.46036046686424154
40,1412.2186542722884,,,C-H bending,delta(C2-C3-H15),angle,3.1774861271726222,-,-0.10824453638176229,0.31286163337936146
40,1412.2186542722884,,,C-H bending,delta(C8-C7-H20),angle,2.384201481709777,+,0.09328486224757329,0.3160830584568552
40,1412.2186542722884,,,C-H bending,"gamma(H16;C4,H17,H18)",oop,1.2641674073036653,-,-0.08071231245145302,0.22387501255021114
40,1412.2186542722884,,,C-H bending,nu(C8-O9),bond,1.1469901067368735,-,-0.03924293171158468,0.8592457588862482
40,1412.2186542722884,,,C-H bending,delta(H19-C7-H20),angle,1.0882622812339,-,-0.07048653288341136,0.25269805183984145
40,1412.2186542722884,,,C-H bending,nu(C1-C2),bond,1.0568107660566146,-,-0.066905565014773,0.27236629187229455
40,1412.2186542722884,,,C-H bending,nu(C7-C8),bond,0.8780893555042079,-,-0.0636229189730895,0.25026040691544066
40,1412.2186542722884,,,C-H bending,delta(H17-C4-H18),angle,0.65497487207252,+,0.05378430683714695,0.26121258767795735
40,1412.2186542722884,,,C-H bending,delta(C2-C4-H18),angle,0.542856155039892,-,-0.04039768524599178,0.38375356114596126
40,1412.2186542722884,,,C-H bending,nu(C2-C3),bond,0.398107990055466,+,0.04220421774325449,0.25785158094323446
40,1412.2186542722884,,,C-H bending,delta(C7-C8-O9),angle,0.3695953090553791,+,0.03361027327108897,0.3774530837938862
40,1412.2186542722884,,,C-H bending,delta(C2-C4-H16),angle,0.3641269095078758,-,-0.03660551048179692,0.31350209999061956
40,1412.2186542722884,,,C-H bending,delta(C5-C7-H20),angle,0.3186780445193904,-,-0.0338211230012017,0.3214080207257505
40,1412.2186542722884,,,C-H bending,nu(C5-O6),bond,0.23062930768054138,-,-0.01798692825254168,0.8223962194579738
40,1412.2186542722884,,,C-H bending,nu(C5-C7),bond,0.06636725668714194,+,0.018045537139118325,0.2351228587387024
40,1412.2186542722884,,,C-H bending,nu(C2-C4),bond,0.05954295209746011,+,0.016316501708589608,0.258022082351197
40,1412.2186542722884,,,C-H bending,nu(C8-H21),bond,0.05818096474496438,-,-0.014803433675775418,0.30629267332827326
40,1412.2186542722884,,,C-H bending,nu(C2-C5),bond,0.034520559383936916,+,0.012860851975886718,0.24077919590071512
40,1412.2186542722884,,,C-H bending,delta(C2-C5-C7),angle,0.02123360199279743,-,-0.0070006772679913265,0.49983213360108397
40,1412.2186542722884,,,C-H bending,nu(C1-H12),bond,0.021086327817570985,+,0.008515689303958882,0.33546093490188217
40,1412.2186542722884,,,C-H bending,nu(C1-H10),bond,0.014021688634669176,+,0.006900595131551646,0.3397096146008398
40,1412.2186542722884,,,C-H bending,tau(C1-C2-C4-H17),dihedral,0.013064458494643301,-,-0.00922004493163085,0.1772988640303949
40,1412.2186542722884,,,C-H bending,nu(C1-H11),bond,0.012573388013591714,+,0.006531470033719288,0.3400251612828106
40,1412.2186542722884,,,C-H bending,nu(C3-H15),bond,0.010807887385426517,-,-0.0061005406092628466,0.33503083561306585
40,1412.2186542722884,,,C-H bending,nu(C3-H13),bond,0.01050795676613226,-,-0.006012661390450227,0.33532458692209965
40,1412.2186542722884,,,C-H bending,nu(C3-H14),bond,0.010117699382570993,-,-0.005877005662548178,0.3379482234159411
40,1412.2186542722884,,,C-H bending,delta(C1-C2-C3),angle,0.007824900579868092,+,0.003958799197389132,0.5760132793691867
40,1412.2186542722884,,,C-H bending,delta(C8-C7-H19),angle,0.0056953388235548566,+,0.005176774012705899,0.24517815193377318
40,1412.2186542722884,,,C-H bending,"gamma(C7;C5,C2,O6)",oop,0.005682655787545571,+,0.007343317766423044,0.12157585193261175
40,1412.2186542722884,,,C-H bending,tau(C4-C2-C3-H15),dihedral,0.004431000110170845,-,-0.0034044101117564536,0.44106097360664287
40,1412.2186542722884,,,C-H bending,"gamma(H21;C8,C7,O9)",oop,0.004007991854563324,-,-0.007048617358219878,0.09306782716686272
40,1412.2186542722884,,,C-H bending,delta(C3-C2-C5),angle,0.003538965936756013,-,-0.002657752851696778,0.5779999640555233
40,1412.2186542722884,,,C-H bending,delta(C3-C2-C4),angle,0.003184736855147128,-,-0.0029080969219764967,0.43444661207745067
40,1412.2186542722884,,,C-H bending,delta(C2-C5-O6),angle,0.0024162321948494494,-,-0.002257858308196008,0.5467967349904848
40,1412.2186542722884,,,C-H bending,delta(C5-C7-C8),angle,0.0023832744957074177,+,0.002907986382632543,0.32513965682623924
40,1412.2186542722884,,,C-H bending,tau(C1-C2-C5-C7),dihedral,0.001955604580102873,+,0.007202437180337413,0.04349133132405001
40,1412.2186542722884,,,C-H bending,delta(C4-C2-C5),angle,0.0017934281079115804,-,-0.0018915558423326204,0.5782641285567409
40,1412.2186542722884,,,C-H bending,nu(C4-H17),bond,0.0017539226446236977,-,-0.0024456790627074205,0.33829230452961256
40,1412.2186542722884,,,C-H bending,tau(H20-C7-C8-H21),dihedral,0.0013022010602717388,+,0.010652159941981728,0.013239857220979551
40,1412.2186542722884,,,C-H bending,nu(C4-H18),bond,0.001194381827754891,-,-0.002027522182540993,0.33519117262733306
40,1412.2186542722884,,,C-H bending,tau(C1-C2-C3-H14),dihedral,0.0011590625243708096,-,-0.0017615934981066801,0.43089959044862763
40,1412.2186542722884,,,C-H bending,nu(C4-H16),bond,0.0011406715999714462,-,-0.001981122575492628,0.3352884162928494
40,1412.2186542722884,,,C-H bending,nu(C7-H20),bond,0.0006034212649802403,+,0.0014141699300570859,0.3480951950804118
40,1412.2186542722884,,,C-H bending,tau(C2-C5-C7-C8),dihedral,4.4569207649674785e-05,+,0.0017635720760863776,0.016532140990367292
40,1412.2186542722884,,,C-H bending,tau(C3-C2-C4-H16),dihedral,1.3441493051532e-05,-,-0.0002986303855711271,0.17388420593529577
40,1412.2186542722884,,,C-H bending,nu(C7-H19),bond,1.7831653616705671e-07,-,-2.4993569242355007e-05,0.32931815426212097
40,1412.2186542722884,,,C-H bending,tau(H12-C1-C2-C5),dihedral,1.4072156448785182e-07,-,-7.987315908207309e-05,0.02544717321698012
41,1438.8698302117145,,,C-H bending,"gamma(H16;C4,H17,H18)",oop,18.01056401480848,-,-0.3919207063306009,0.22387501255021114
41,1438.8698302117145,,,C-H bending,delta(H13-C3-H15),angle,7.562963344004875,+,0.17742569190180496,0.4587052477560685
41,1438.8698302117145,,,C-H bending,delta(C2-C3-H13),angle,6.984392316364548,-,-0.1606973994578055,0.5163993140346653
41,1438.8698302117145,,,C-H bending,delta(H10-C1-H12),angle,6.939655950212478,+,0.21809386957581625,0.2785644886096331
41,1438.8698302117145,,,C-H bending,delta(H11-C1-H12),angle,6.9384725792593605,+,0.22193275633718468,0.26896501294538183
41,1438.8698302117145,,,C-H bending,delta(C2-C1-H12),angle,6.893609916138285,-,-0.20313693262585944,0.3189654565728886
41,1438.8698302117145,,,C-H bending,delta(H14-C3-H15),angle,6.4294432755146795,+,0.17092388855368965,0.4201869577691483
41,1438.8698302117145,,,C-H bending,delta(C2-C1-H10),angle,5.9955985541299075,-,-0.18957713237921495,0.31851902309095165
41,1438.8698302117145,,,C-H bending,delta(H13-C3-H14),angle,5.7181296444728495,+,0.15399809624358018,0.46036046686424154
41,1438.8698302117145,,,C-H bending,delta(C2-C4-H18),angle,5.535414887028171,-,-0.16595343399017792,0.38375356114596126
41,1438.8698302117145,,,C-H bending,delta(H17-C4-H18),angle,4.301052495102424,+,0.1773077362139542,0.26121258767795735
41,1438.8698302117145,,,C-H bending,delta(C2-C3-H15),angle,4.256257401741471,-,-0.16116664012880755,0.31286163337936146
41,1438.8698302117145,,,C-H bending,delta(C2-C4-H16),angle,4.165666495040476,-,-0.1592793172989812,0.31350209999061956
41,1438.8698302117145,,,C-H bending,delta(H10-C1-H11),angle,4.108480879927611,+,0.16936387070502656,0.27347300138974184
41,1438.8698302117145,,,C-H bending,delta(H19-C7-H20),angle,3.0402293270243335,-,-0.1515617423372056,0.25269805183984145
41,1438.8698302117145,,,C-H bending,nu(C1-C2),bond,0.7834522537348666,+,0.07410831726879187,0.27236629187229455
41,1438.8698302117145,,,C-H bending,nu(C2-C4),bond,0.5322367381320374,+,0.06275688092040518,0.258022082351197
41,1438.8698302117145,,,C-H bending,nu(C2-C3),bond,0.48280147445183175,+,0.0597911296466427,0.25785158094323446
41,1438.8698302117145,,,C-H bending,delta(C8-C7-H20),angle,0.2140213108799766,+,0.03595549437317012,0.3160830584568552
41,1438.8698302117145,,,C-H bending,delta(C5-C7-H20),angle,0.18345813621907184,+,0.03301243031511409,0.3214080207257505
41,1438.8698302117145,,,C-H bending,nu(C5-O6),bond,0.1675715083064221,+,0.019724086609224874,0.8223962194579738
41,1438.8698302117145,,,C-H bending,delta(C8-C7-H19),angle,0.15136582187659192,+,0.034332892380931596,0.24517815193377318
41,1438.8698302117145,,,C-H bending,nu(C5-C7),bond,0.13634463189917406,-,-0.033274302403490136,0.2351228587387024
41,1438.8698302117145,,,C-H bending,delta(O9-C8-H21),angle,0.09222919572669579,-,-0.024467555318701734,0.2941453531375008
41,1438.8698302117145,,,C-H bending,delta(C2-C5-O6),angle,0.06934705460713467,-,-0.015561032785340321,0.5467967349904848
41,1438.8698302117145,,,C-H bending,tau(H20-C7-C8-H21),dihedral,0.042214384687720215,+,0.07802359285557044,0.013239857220979551
41,1438.8698302117145,,,C-H bending,nu(C2-C5),bond,0.041473016639401006,+,0.01813471343313782,0.24077919590071512
41,1438.8698302117145,,,C-H bending,tau(C4-C2-C3-H15),dihedral,0.027002423646472908,-,-0.010811586356569444,0.44106097360664287
41,1438.8698302117145,,,C-H bending,delta(C2-C5-C7),angle,0.01595822843969437,+,0.007807601097476922,0.49983213360108397
41,1438.8698302117145,,,C-H bending,delta(C5-C7-C8),angle,0.01581325544319279,+,0.009636360434994457,0.32513965682623924
41,1438.8698302117145,,,C-H bending,delta(C4-C2-C5),angle,0.014035006898298629,-,-0.006807388756818798,0.5782641285567409
41,1438.8698302117145,,,C-H bending,nu(C7-C8),bond,0.013865760921787144,-,-0.010285209558147051,0.25026040691544066
41,1438.8698302117145,,,C-H bending,nu(C4-H17),bond,0.012429755594688062,-,-0.00837572865854183,0.33829230452961256
41,1438.8698302117145,,,C-H bending,nu(C8-O9),bond,0.012246708278324815,-,-0.005216609788379237,0.8592457588862482
41,1438.8698302117145,,,C-H bending,nu(C1-H12),bond,0.011287325366323354,-,-0.008015154711084715,0.33546093490188217
41,1438.8698302117145,,,C-H bending,nu(C3-H14),bond,0.0103688872685849,-,-0.007653821977982756,0.3379482234159411
41,1438.8698302117145,,,C-H bending,tau(C3-C2-C4-H16),dihedral,0.01026774652952819,+,0.0106180524290312,0.17388420593529577
41,1438.8698302117145,,,C-H bending,nu(C1-H11),bond,0.00954072946413549,-,-0.007319351889593923,0.3400251612828106
41,1438.8698302117145,,,C-H bending,nu(C1-H10),bond,0.009038589691755375,-,-0.007127443458553815,0.3397096146008398
41,1438.8698302117145,,,C-H bending,nu(C3-H15),bond,0.008968490377290741,-,-0.007149153913977187,0.33503083561306585
41,1438.8698302117145,,,C-H bending,tau(C1-C2-C4-H17),dihedral,0.008099827352929122,-,-0.009339470799514712,0.1772988640303949
41,1438.8698302117145,,,C-H bending,delta(C3-C2-C5),angle,0.007924132863421054,-,-0.0051162214332452285,0.5779999640555233
41,1438.8698302117145,,,C-H bending,nu(C4-H16),bond,0.007640109718650102,-,-0.006595958083544046,0.3352884162928494
41,1438.8698302117145,,,C-H bending,nu(C4-H18),bond,0.007265311843154143,-,-0.006433068971102457,0.33519117262733306
41,1438.8698302117145,,,C-H bending,delta(C7-C8-O9),angle,0.007256374892350335,+,0.006058508633758304,0.3774530837938862
41,1438.8698302117145,,,C-H bending,nu(C3-H13),bond,0.0065301814396978575,-,-0.006097717344547378,0.33532458692209965
41,1438.8698302117145,,,C-H bending,nu(C7-H20),bond,0.0022407414582618973,+,0.003505776492481061,0.3480951950804118
41,1438.8698302117145,,,C-H bending,delta(C1-C2-C3),angle,0.0015746196451228872,+,0.0022845935637767,0.5760132793691867
41,1438.8698302117145,,,C-H bending,delta(C3-C2-C4),angle,0.0013024969902407926,+,0.002392530709433219,0.43444661207745067
41,1438.8698302117145,,,C-H bending,nu(C7-H19),bond,0.0011912215709240293,+,0.002628002671294707,0.32931815426212097
41,1438.8698302117145,,,C-H bending,tau(C1-C2-C5-C7),dihedral,0.0005513646030847554,+,0.004919890690399538,0.04349133132405001
41,1438.8698302117145,,,C-H bending,nu(C8-H21),bond,0.0005126707951038181,-,-0.001787674103444243,0.30629267332827326
41,1438.8698302117145,,,C-H bending,tau(C1-C2-C3-H14),dihedral,0.0003245558661239787,-,-0.0011992067241236313,0.43089959044862763
41,1438.8698302117145,,,C-H bending,"gamma(C7;C5,C2,O6)",oop,0.00016193610564319867,+,0.0015947240679434563,0.12157585193261175
41,1438.8698302117145,,,C-H bending,"gamma(H21;C8,C7,O9)",oop,0.0001470229869054598,+,0.0017367215673071122,0.09306782716686272
41,1438.8698302117145,,,C-H bending,tau(H12-C1-C2-C5),dihedral,5.803645756367267e-06,+,0.000659884669805812,0.02544717321698012
41,1438.8698302117145,,,C-H bending,tau(C2-C5-C7-C8),dihedral,2.1123717012499044e-06,-,-0.0004939215605234556,0.016532140990367292
42,1456.9023441452757,,,C-H bending,delta(H19-C7-H20),angle,72.30384353314,-,-0.6778174695272173,0.25269805183984145
42,1456.9023441452757,,,C-H bending,delta(C5-C7-H20),angle,6.767101984404069,+,0.1838679433169432,0.3214080207257505
42,1456.9023441452757,,,C-H bending,"gamma(H16;C4,H17,H18)",oop,5.450042111709873,+,0.19771068009387205,0.22387501255021114
42,1456.9023441452757,,,C-H bending,delta(C8-C7-H19),angle,3.1296638037788016,+,0.14316635649907528,0.24517815193377318
42,1456.9023441452757,,,C-H bending,delta(C8-C7-H20),angle,2.5586695582461716,+,0.11400909655289478,0.3160830584568552
42,1456.9023441452757,,,C-H bending,delta(H13-C3-H14),angle,1.9317580094365578,-,-0.08208434980965992,0.46036046686424154
42,1456.9023441452757,,,C-H bending,delta(C2-C4-H16),angle,1.4085250165094554,+,0.08493663825470849,0.31350209999061956
42,1456.9023441452757,,,C-H bending,tau(H20-C7-C8-H21),dihedral,1.078373470124519,+,0.36163958252320944,0.013239857220979551
42,1456.9023441452757,,,C-H bending,delta(C2-C4-H18),angle,0.7462689864506002,+,0.05587975586456669,0.38375356114596126
42,1456.9023441452757,,,C-H bending,delta(C2-C3-H13),angle,0.71515536555238,+,0.04715637198834966,0.5163993140346653
42,1456.9023441452757,,,C-H bending,delta(H13-C3-H15),angle,0.5028479233225175,-,-0.041955073739215254,0.4587052477560685
42,1456.9023441452757,,,C-H bending,nu(C5-C7),bond,0.4873113781506502,-,-0.05768844886677082,0.2351228587387024
42,1456.9023441452757,,,C-H bending,tau(C1-C2-C3-H14),dihedral,0.4519521758656971,-,-0.041038474889665805,0.43089959044862763
42,1456.9023441452757,,,C-H bending,delta(H10-C1-H12),angle,0.3538761244043411,-,-0.045164350371329105,0.2785644886096331
42,1456.9023441452757,,,C-H bending,delta(O9-C8-H21),angle,0.2979511769932202,+,0.04032966080383524,0.2941453531375008
42,1456.9023441452757,,,C-H bending,delta(C5-C7-C8),angle,0.28429398194071887,+,0.03746984308080476,0.32513965682623924
42,1456.9023441452757,,,C-H bending,tau(C3-C2-C4-H16),dihedral,0.1794254931016769,-,-0.04070474314631391,0.17388420593529577
42,1456.9023441452757,,,C-H bending,nu(C7-C8),bond,0.16065409608817224,-,-0.03210575157198982,0.25026040691544066
42,1456.9023441452757,,,C-H bending,delta(H14-C3-H15),angle,0.15061219758715094,+,0.023990638198206373,0.4201869577691483
42,1456.9023441452757,,,C-H bending,tau(C4-C2-C3-H15),dihedral,0.14803480001041489,+,0.023214835326329994,0.44106097360664287
42,1456.9023441452757,,,C-H bending,delta(H17-C4-H18),angle,0.13792701101692179,+,0.029117938489209117,0.26121258767795735
42,1456.9023441452757,,,C-H bending,tau(C1-C2-C4-H17),dihedral,0.11004626704941753,-,-0.031569499280347205,0.1772988640303949
42,1456.9023441452757,,,C-H bending,delta(C2-C1-H10),angle,0.09265043147519227,+,0.021611705864942106,0.31851902309095165
42,1456.9023441452757,,,C-H bending,delta(H10-C1-H11),angle,0.09160157021341764,-,-0.023191414772924458,0.27347300138974184
42,1456.9023441452757,,,C-H bending,delta(C2-C1-H12),angle,0.09024153501780278,+,0.021313973601030593,0.3189654565728886
42,1456.9023441452757,,,C-H bending,nu(C2-C4),bond,0.05964427330236457,-,-0.019265884416614178,0.258022082351197
42,1456.9023441452757,,,C-H bending,nu(C7-H20),bond,0.05239667512744879,+,0.015546615690142264,0.3480951950804118
42,1456.9023441452757,,,C-H bending,delta(C2-C3-H15),angle,0.04927416396530684,+,0.015902539779269354,0.31286163337936146
42,1456.9023441452757,,,C-H bending,nu(C2-C3),bond,0.04410028365366145,-,-0.016571766478087696,0.25785158094323446
42,1456.9023441452757,,,C-H bending,delta(C7-C8-O9),angle,0.036690334294766556,+,0.012493305444464533,0.3774530837938862
42,1456.9023441452757,,,C-H bending,nu(C7-H19),bond,0.032251225912293374,+,0.012540021756543042,0.32931815426212097
42,1456.9023441452757,,,C-H bending,delta(C2-C5-C7),angle,0.023868106237972888,+,0.008756486999955184,0.49983213360108397
42,1456.9023441452757,,,C-H bending,delta(C4-C2-C5),angle,0.012363943288065678,-,-0.005859335803342948,0.5782641285567409
42,1456.9023441452757,,,C-H bending,nu(C4-H16),bond,0.0093548261510634,+,0.0066933201504731895,0.3352884162928494
42,1456.9023441452757,,,C-H bending,tau(C1-C2-C5-C7),dihedral,0.008714212183638957,+,0.017936831432839827,0.04349133132405001
42,1456.9023441452757,,,C-H bending,nu(C1-C2),bond,0.005792815988177468,-,-0.005843878797954942,0.27236629187229455
42,1456.9023441452757,,,C-H bending,delta(C3-C2-C5),angle,0.005584768447424274,+,0.003938870409501963,0.5779999640555233
42,1456.9023441452757,,,C-H bending,nu(C5-O6),bond,0.0046000162248304105,+,0.0029968992410484533,0.8223962194579738
42,1456.9023441452757,,,C-H bending,delta(C2-C5-O6),angle,0.004510001236058262,-,-0.003639220638133151,0.5467967349904848
42,1456.9023441452757,,,C-H bending,delta(H11-C1-H12),angle,0.003850337490004185,+,0.004794402778113597,0.26896501294538183
42,1456.9023441452757,,,C-H bending,"gamma(H21;C8,C7,O9)",oop,0.0032160020821443936,+,0.0074488869973937995,0.09306782716686272
42,1456.9023441452757,,,C-H bending,tau(H12-C1-C2-C5),dihedral,0.002656482653908798,+,0.012946927969689308,0.02544717321698012
42,1456.9023441452757,,,C-H bending,nu(C8-O9),bond,0.0026120221774294365,+,0.002209340958926391,0.8592457588862482
42,1456.9023441452757,,,C-H bending,nu(C4-H18),bond,0.002302827446260476,+,0.0033213712699540206,0.33519117262733306
42,1456.9023441452757,,,C-H bending,delta(C1-C2-C3),angle,0.0021245505025353894,+,0.002433606150460312,0.5760132793691867
42,1456.9023441452757,,,C-H bending,nu(C3-H13),bond,0.0016891078887633997,+,0.0028439961791710813,0.33532458692209965
42,1456.9023441452757,,,C-H bending,nu(C2-C5),bond,0.0010956870257407346,+,0.0027031291274575665,0.24077919590071512
42,1456.9023441452757,,,C-H bending,nu(C3-H14),bond,0.0010046615720796612,+,0.002184830874089304,0.3379482234159411
42,1456.9023441452757,,,C-H bending,nu(C1-H10),bond,0.0007493782596209873,+,0.0018820434173366144,0.3397096146008398
42,1456.9023441452757,,,C-H bending,delta(C3-C2-C4),angle,0.00033549069702466176,-,-0.0011135380103187023,0.43444661207745067
42,1456.9023441452757,,,C-H bending,"gamma(C7;C5,C2,O6)",oop,0.0001956026731259937,+,0.001607299259567863,0.12157585193261175
42,1456.9023441452757,,,C-H bending,nu(C4-H17),bond,0.00011460972521752695,-,-0.0007375605660710889,0.33829230452961256
42,1456.9023441452757,,,C-H bending,tau(C2-C5-C7-C8),dihedral,2.8444305252327688e-05,-,-0.0016621343612051203,0.016532140990367292
42,1456.9023441452757,,,C-H bending,nu(C1-H11),bond,1.9913917113600758e-05,-,-0.00030665908290807166,0.3400251612828106
42,1456.9023441452757,,,C-H bending,nu(C1-H12),bond,1.6406756063370956e-05,+,0.00028023565881698083,0.33546093490188217
42,1456.9023441452757,,,C-H bending,nu(C3-H15),bond,9.383568749451213e-06,+,0.00021206775675721467,0.33503083561306585
42,1456.9023441452757,,,C-H bending,nu(C8-H21),bond,5.443656192807542e-06,+,0.00016893127218512154,0.30629267332827326
43,1484.6284041164192,,,C-H bending,delta(H10-C1-H12),angle,22.039599751986803,-,-0.3997097699933217,0.2785644886096331
43,1484.6284041164192,,,C-H bending,delta(H11-C1-H12),angle,20.299899861615273,+,0.39039553369736696,0.26896501294538183
43,1484.6284041164192,,,C-H bending,delta(H13-C3-H14),angle,17.992377440586967,-,-0.2809318981695054,0.46036046686424154
43,1484.6284041164192,,,C-H bending,delta(H13-C3-H15),angle,16.216079814756515,+,0.2671848753962767,0.4587052477560685
43,1484.6284041164192,,,C-H bending,delta(H17-C4-H18),angle,9.63253765724997,+,0.2728846424994652,0.26121258767795735
43,1484.6284041164192,,,C-H bending,tau(C1-C2-C3-H14),dihedral,2.940469467003465,-,-0.11738864358054793,0.43089959044862763
43,1484.6284041164192,,,C-H bending,tau(C4-C2-C3-H15),dihedral,2.091342119065388,-,-0.0978518439674331,0.44106097360664287
43,1484.6284041164192,,,C-H bending,"gamma(H16;C4,H17,H18)",oop,1.784242808047154,+,0.12686153261389393,0.22387501255021114
43,1484.6284041164192,,,C-H bending,delta(C2-C1-H10),angle,1.466188996638611,+,0.0964124409546558,0.31851902309095165
43,1484.6284041164192,,,C-H bending,tau(C1-C2-C4-H17),dihedral,1.2647309294868145,-,-0.12001951880407218,0.1772988640303949
43,1484.6284041164192,,,C-H bending,delta(H19-C7-H20),angle,1.1732997872809434,+,0.09682986738397331,0.25269805183984145
43,1484.6284041164192,,,C-H bending,tau(H12-C1-C2-C5),dihedral,1.0351459043287707,+,0.28660700379961734,0.02544717321698012
43,1484.6284041164192,,,C-H bending,delta(C2-C3-H15),angle,0.5941601629766323,-,-0.06192719354424313,0.31286163337936146
43,1484.6284041164192,,,C-H bending,tau(C3-C2-C4-H16),dihedral,0.5202423529470452,-,-0.07772819315893302,0.17388420593529577
43,1484.6284041164192,,,C-H bending,delta(C2-C4-H16),angle,0.4203963588457648,+,0.052037333431363526,0.31350209999061956
43,1484.6284041164192,,,C-H bending,delta(C8-C7-H20),angle,0.10893844647696213,-,-0.02638127416633021,0.3160830584568552
43,1484.6284041164192,,,C-H bending,delta(H14-C3-H15),angle,0.06934042159938004,+,0.018254827896038116,0.4201869577691483
43,1484.6284041164192,,,C-H bending,delta(C5-C7-H20),angle,0.054947349557337696,-,-0.01858021808002525,0.3214080207257505
43,1484.6284041164192,,,C-H bending,delta(C8-C7-H19),angle,0.054191236183799014,-,-0.021126591424773355,0.24517815193377318
43,1484.6284041164192,,,C-H bending,delta(C2-C4-H18),angle,0.04056571511999629,-,-0.014610300445963583,0.38375356114596126
43,1484.6284041164192,,,C-H bending,nu(C1-H11),bond,0.026098239059892604,-,-0.012449613324972656,0.3400251612828106
43,1484.6284041164192,,,C-H bending,nu(C1-H10),bond,0.02424974271240396,+,0.01200619620270447,0.3397096146008398
43,1484.6284041164192,,,C-H bending,delta(H10-C1-H11),angle,0.02116925909484162,+,0.012502630277986301,0.27347300138974184
43,1484.6284041164192,,,C-H bending,nu(C3-H14),bond,0.019128567184362764,+,0.010691088495443498,0.3379482234159411
43,1484.6284041164192,,,C-H bending,nu(C3-H15),bond,0.016209638740626503,-,-0.009884394393284212,0.33503083561306585
43,1484.6284041164192,,,C-H bending,tau(H20-C7-C8-H21),dihedral,0.015306428863833243,-,-0.04831712401835493,0.013239857220979551
43,1484.6284041164192,,,C-H bending,nu(C4-H17),bond,0.01446507402821142,-,-0.009292232313312537,0.33829230452961256
43,1484.6284041164192,,,C-H bending,nu(C4-H16),bond,0.013233944495103343,+,0.008927732470040044,0.3352884162928494
43,1484.6284041164192,,,C-H bending,nu(C2-C3),bond,0.009958089703527125,+,0.008830980093235546,0.25785158094323446
43,1484.6284041164192,,,C-H bending,delta(C4-C2-C5),angle,0.006960659892172653,+,0.004930237818263407,0.5782641285567409
43,1484.6284041164192,,,C-H bending,delta(C3-C2-C5),angle,0.0063177193763541625,-,-0.00469809774256036,0.5779999640555233
43,1484.6284041164192,,,C-H bending,delta(C2-C3-H13),angle,0.004362965041127005,+,0.004130511410169199,0.5163993140346653
43,1484.6284041164192,,,C-H bending,delta(C5-C7-C8),angle,0.003966636729901421,-,-0.0049634314814642234,0.32513965682623924
43,1484.6284041164192,,,C-H bending,nu(C5-C7),bond,0.003604807584728771,+,0.005564157379715333,0.2351228587387024
43,1484.6284041164192,,,C-H bending,nu(C2-C4),bond,0.0035862530372441446,-,-0.005297827515048882,0.258022082351197
43,1484.6284041164192,,,C-H bending,nu(C7-C8),bond,0.003586244615760019,+,0.0053793483577830705,0.25026040691544066
43,1484.6284041164192,,,C-H bending,nu(C8-O9),bond,0.002440571798138055,+,0.002394930327694168,0.8592457588862482
43,1484.6284041164192,,,C-H bending,tau(C1-C2-C5-C7),dihedral,0.0020503040408354728,+,0.00975693857072615,0.04349133132405001
43,1484.6284041164192,,,C-H bending,nu(C4-H18),bond,0.0008232190205865159,-,-0.002226984527660121,0.33519117262733306
43,1484.6284041164192,,,C-H bending,delta(C2-C1-H12),angle,0.0007563615346470921,+,0.0021882587767501813,0.3189654565728886
43,1484.6284041164192,,,C-H bending,nu(C7-H20),bond,0.0007337846575212202,-,-0.0020631988505854693,0.3480951950804118
43,1484.6284041164192,,,C-H bending,nu(C7-H19),bond,0.0006306834972649797,-,-0.0019665440786569926,0.32931815426212097
43,1484.6284041164192,,,C-H bending,"gamma(C7;C5,C2,O6)",oop,0.00048352714621753757,+,0.0028339524419733505,0.12157585193261175
43,1484.6284041164192,,,C-H bending,delta(C7-C8-O9),angle,0.00034355189736406824,-,-0.0013557214727058094,0.3774530837938862
43,1484.6284041164192,,,C-H bending,nu(C3-H13),bond,0.0003416130196239135,+,0.001434300982680583,0.33532458692209965
43,1484.6284041164192,,,C-H bending,delta(C2-C5-C7),angle,0.0001608088906570511,-,-0.0008060254031169429,0.49983213360108397
43,1484.6284041164192,,,C-H bending,delta(O9-C8-H21),angle,9.814769884450986e-05,+,0.0008208519852337343,0.2941453531375008
43,1484.6284041164192,,,C-H bending,tau(C2-C5-C7-C8),dihedral,8.484050777767156e-05,-,-0.003219162258088134,0.016532140990367292
43,1484.6284041164192,,,C-H bending,nu(C1-C2),bond,4.4002925864629935e-05,-,-0.00057117591524712,0.27236629187229455
43,1484.6284041164192,,,C-H bending,delta(C1-C2-C3),angle,3.396341264329654e-05,+,0.0003450604631765075,0.5760132793691867
43,1484.6284041164192,,,C-H bending,"gamma(H21;C8,C7,O9)",oop,2.423996357289441e-05,-,-0.0007252236897341153,0.09306782716686272
43,1484.6284041164192,,,C-H bending,nu(C1-H12),bond,1.26457908255644e-05,+,0.0002759038802900453,0.33546093490188217
43,1484.6284041164192,,,C-H bending,nu(C5-O6),bond,1.2508579321769802e-05,-,-0.0001752545204564494,0.8223962194579738
43,1484.6284041164192,,,C-H bending,delta(C2-C5-O6),angle,1.0749830234010164e-05,-,-0.00019924784573500189,0.5467967349904848
43,1484.6284041164192,,,C-H bending,nu(C2-C5),bond,9.786358912112249e-06,-,-0.00028648829169387256,0.24077919590071512
43,1484.6284041164192,,,C-H bending,delta(C3-C2-C4),angle,3.7653539662361728e-06,+,0.00013229410268635435,0.43444661207745067
43,1484.6284041164192,,,C-H bending,nu(C8-H21),bond,7.216150355636584e-08,-,-2.181173791022515e-05,0.30629267332827326
44,1489.0999429923263,,,C-H bending,delta(H10-C1-H11),angle,39.12306448209035,+,0.5395508443871382,0.27347300138974184
44,1489.0999429923263,,,C-H bending,delta(H14-C3-H15),angle,13.408123133025322,-,-0.2548213916005911,0.4201869577691483
44,1489.0999429923263,,,C-H bending,delta(H11-C1-H12),angle,8.730815838667231,-,-0.2570115796650694,0.26896501294538183
44,1489.0999429923263,,,C-H bending,delta(H10-C1-H12),angle,7.728499293464579,-,-0.23760626209443106,0.2785644886096331
44,1489.0999429923263,,,C-H bending,delta(H13-C3-H14),angle,7.651669321430017,+,0.18390869300851834,0.46036046686424154
44,1489.0999429923263,,,C-H bending,tau(C1-C2-C3-H14),dihedral,6.321091483375471,+,0.17277510660441112,0.43089959044862763
44,1489.0999429923263,,,C-H bending,delta(H17-C4-H18),angle,3.500680711321452,+,0.16514003504473515,0.26121258767795735
44,1489.0999429923263,,,C-H bending,tau(C4-C2-C3-H15),dihedral,2.7795581111458345,-,-0.1132430963383112,0.44106097360664287
44,1489.0999429923263,,,C-H bending,delta(C2-C1-H12),angle,2.2101471882234693,+,0.11874407392944399,0.3189654565728886
44,1489.0999429923263,,,C-H bending,tau(C1-C2-C4-H17),dihedral,2.065897832268466,-,-0.15398365211360307,0.1772988640303949
44,1489.0999429923263,,,C-H bending,delta(H13-C3-H15),angle,1.2290681724562786,+,0.07384044482505776,0.4587052477560685
44,1489.0999429923263,,,C-H bending,delta(C2-C1-H10),angle,1.1873051764328897,-,-0.08709368483759314,0.31851902309095165
44,1489.0999429923263,,,C-H bending,delta(C2-C3-H13),angle,1.008255783408358,-,-0.06303267016532067,0.5163993140346653
44,1489.0999429923263,,,C-H bending,tau(C3-C2-C4-H16),dihedral,0.7937268296990017,+,0.09637816083294905,0.17388420593529577
44,1489.0999429923263,,,C-H bending,"gamma(H16;C4,H17,H18)",oop,0.7412385099963641,+,0.08208226802115101,0.22387501255021114
44,1489.0999429923263,,,C-H bending,delta(C2-C4-H18),angle,0.5956031645755049,-,-0.05619859542180318,0.38375356114596126
44,1489.0999429923263,,,C-H bending,delta(C2-C3-H15),angle,0.3266625922627101,+,0.04609424652999811,0.31286163337936146
44,1489.0999429923263,,,C-H bending,delta(C2-C4-H16),angle,0.2503298215117566,+,0.04030966975006011,0.31350209999061956
44,1489.0999429923263,,,C-H bending,delta(H19-C7-H20),angle,0.07797724505385321,-,-0.02505856338870918,0.25269805183984145
44,1489.0999429923263,,,C-H bending,nu(C1-H12),bond,0.05408484353105629,+,0.01811298321559962,0.33546093490188217
44,1489.0999429923263,,,C-H bending,delta(C3-C2-C4),angle,0.03313831485100036,-,-0.012458626749270178,0.43444661207745067
44,1489.0999429923263,,,C-H bending,nu(C5-O6),bond,0.02841969168339978,-,-0.008385757529265707,0.8223962194579738
44,1489.0999429923263,,,C-H bending,nu(C1-H10),bond,0.018700017927591874,-,-0.01058376685717428,0.3397096146008398
44,1489.0999429923263,,,C-H bending,nu(C1-H11),bond,0.01626703234110084,-,-0.00986669741522434,0.3400251612828106
44,1489.0999429923263,,,C-H bending,delta(C5-C7-H20),angle,0.015654116739288626,+,0.009955408870537136,0.3214080207257505
44,1489.0999429923263,,,C-H bending,delta(C3-C2-C5),angle,0.014025972846586144,+,0.007027094008272672,0.5779999640555233
44,1489.0999429923263,,,C-H bending,nu(C3-H13),bond,0.013918855305055594,-,-0.009190565473015269,0.33532458692209965
44,1489.0999429923263,,,C-H bending,delta(C1-C2-C3),angle,0.011013175276823163,+,0.006237537937553081,0.5760132793691867
44,1489.0999429923263,,,C-H bending,nu(C4-H18),bond,0.010716763699958054,-,-0.008066009206272639,0.33519117262733306
44,1489.0999429923263,,,C-H bending,nu(C3-H15),bond,0.009711493282840879,+,0.007680222273766285,0.33503083561306585
44,1489.0999429923263,,,C-H bending,nu(C4-H16),bond,0.00837878510921552,+,0.007131065470459656,0.3352884162928494
44,1489.0999429923263,,,C-H bending,delta(C4-C2-C5),angle,0.008227597402991851,+,0.005380796435770627,0.5782641285567409
44,1489.0999429923263,,,C-H bending,delta(C2-C5-O6),angle,0.006906004322422431,-,-0.005069599356028867,0.5467967349904848
44,1489.0999429923263,,,C-H bending,nu(C2-C5),bond,0.005447236128820964,+,0.006785030329186161,0.24077919590071512
44,1489.0999429923263,,,C-H bending,nu(C5-C7),bond,0.0053021616957538145,-,-0.00677410976648835,0.2351228587387024
44,1489.0999429923263,,,C-H bending,delta(C8-C7-H19),angle,0.0037261257646167825,+,0.005561104337164018,0.24517815193377318
44,1489.0999429923263,,,C-H bending,delta(C8-C7-H20),angle,0.0015856063288439278,+,0.003194995480612439,0.3160830584568552
44,1489.0999429923263,,,C-H bending,tau(H20-C7-C8-H21),dihedral,0.0013575304913764914,+,0.014444626547195893,0.013239857220979551
44,1489.0999429923263,,,C-H bending,nu(C2-C4),bond,0.0012851826342421767,+,0.00318366350270417,0.258022082351197
44,1489.0999429923263,,,C-H bending,tau(H12-C1-C2-C5),dihedral,0.0006515323799691338,-,-0.007218075185235947,0.02544717321698012
44,1489.0999429923263,,,C-H bending,nu(C8-O9),bond,0.0005069175794502441,+,0.0010956785257580448,0.8592457588862482
44,1489.0999429923263,,,C-H bending,nu(C2-C3),bond,0.0003087026780313777,+,0.001560840306734037,0.25785158094323446
44,1489.0999429923263,,,C-H bending,nu(C7-H20),bond,0.0001962623600868559,+,0.0010711311924162502,0.3480951950804118
44,1489.0999429923263,,,C-H bending,delta(C7-C8-O9),angle,0.00013487009093865628,+,0.0008527063724682116,0.3774530837938862
44,1489.0999429923263,,,C-H bending,nu(C3-H14),bond,0.00013363225029881313,+,0.0008970233113371436,0.3379482234159411
44,1489.0999429923263,,,C-H bending,nu(C7-C8),bond,0.00012857756045674509,-,-0.0010224914612229354,0.25026040691544066
44,1489.0999429923263,,,C-H bending,nu(C4-H17),bond,9.102919693948303e-05,+,0.000739975718011828,0.33829230452961256
44,1489.0999429923263,,,C-H bending,nu(C1-C2),bond,8.093225885511782e-05,+,0.0007776019199836852,0.27236629187229455
44,1489.0999429923263,,,C-H bending,delta(C5-C7-C8),angle,6.699542912005265e-05,+,0.0006475313320915316,0.32513965682623924
44,1489.0999429923263,,,C-H bending,nu(C7-H19),bond,4.5245003776653894e-05,+,0.000528750328794282,0.32931815426212097
44,1489.0999429923263,,,C-H bending,delta(O9-C8-H21),angle,3.096095230449671e-05,-,-0.0004628063739663029,0.2941453531375008
44,1489.0999429923263,,,C-H bending,"gamma(H21;C8,C7,O9)",oop,1.831928242058003e-05,+,0.0006328890970834183,0.09306782716686272
44,1489.0999429923263,,,C-H bending,nu(C8-H21),bond,1.4645588705207543e-05,-,-0.0003119308186180758,0.30629267332827326
44,1489.0999429923263,,,C-H bending,tau(C2-C5-C7-C8),dihedral,4.794764133993067e-06,+,0.0007682317396836273,0.016532140990367292
44,1489.0999429923263,,,C-H bending,tau(C1-C2-C5-C7),dihedral,3.34319703248943e-06,+,0.0003955057552815596,0.04349133132405001
44,1489.0999429923263,,,C-H bending,delta(C2-C5-C7),angle,2.040948910906345e-06,-,-9.115429839086889e-05,0.49983213360108397
44,1489.0999429923263,,,C-H bending,"gamma(C7;C5,C2,O6)",oop,7.066768605939627e-10,+,3.439219916466274e-06,0.12157585193261175
45,1491.8591471394518,,,mixed C-H bending / C-C torsion,delta(H14-C3-H15),angle,36.82072540308518,+,0.44034544830810785,0.4201869577691483
45,1491.8591471394518,,,mixed C-H bending / C-C torsion,delta(H13-C3-H15),angle,14.80669433484711,-,-0.267258069300998,0.4587052477560685
45,1491.8591471394518,,,mixed C-H bending / C-C torsion,tau(C4-C2-C3-H15),dihedral,14.34853433666239,+,0.2683014873840353,0.44106097360664287
45,1491.8591471394518,,,mixed C-H bending / C-C torsion,tau(C1-C2-C3-H14),dihedral,9.065372331504951,-,-0.21576122932053976,0.43089959044862763
45,1491.8591471394518,,,mixed C-H bending / C-C torsion,tau(C3-C2-C4-H16),dihedral,5.88845737230027,+,0.2737406694563235,0.17388420593529577
45,1491.8591471394518,,,mixed C-H bending / C-C torsion,delta(H13-C3-H14),angle,5.015980092313183,-,-0.15527356227919223,0.46036046686424154
45,1491.8591471394518,,,mixed C-H bending / C-C torsion,tau(C1-C2-C4-H17),dihedral,4.144825159967673,-,-0.22744100030816167,0.1772988640303949
45,1491.8591471394518,,,mixed C-H bending / C-C torsion,delta(H17-C4-H18),angle,3.4334253937103743,+,0.17054358269805295,0.26121258767795735
45,1491.8591471394518,,,mixed C-H bending / C-C torsion,delta(C2-C3-H13),angle,2.2287197466948765,+,0.09772451588069715,0.5163993140346653
45,1491.8591471394518,,,mixed C-H bending / C-C torsion,delta(C2-C4-H18),angle,1.8110899778674414,-,-0.10219094842709235,0.38375356114596126
45,1491.8591471394518,,,mixed C-H bending / C-C torsion,"gamma(H16;C4,H17,H18)",oop,1.0632702469672177,+,0.10251505395132311,0.22387501255021114
45,1491.8591471394518,,,mixed C-H bending / C-C torsion,delta(C2-C4-H16),angle,0.40211274409762343,+,0.05327485999034863,0.31350209999061956
45,1491.8591471394518,,,mixed C-H bending / C-C torsion,delta(C2-C3-H15),angle,0.38069079349044227,-,-0.05188940112780632,0.31286163337936146
45,1491.8591471394518,,,mixed C-H bending / C-C torsion,delta(H19-C7-H20),angle,0.12539252459836603,+,0.03313626096130418,0.25269805183984145
45,1491.8591471394518,,,mixed C-H bending / C-C torsion,delta(H10-C1-H12),angle,0.1136585593111956,-,-0.030047394779094454,0.2785644886096331
45,1491.8591471394518,,,mixed C-H bending / C-C torsion,delta(H10-C1-H11),angle,0.05924646449360055,+,0.021894882381912985,0.27347300138974184
45,1491.8591471394518,,,mixed C-H bending / C-C torsion,delta(C4-C2-C5),angle,0.043838068545370035,+,0.01295183207248456,0.5782641285567409
45,1491.8591471394518,,,mixed C-H bending / C-C torsion,nu(C4-H18),bond,0.03923434848378197,-,-0.016093687409882835,0.33519117262733306
45,1491.8591471394518,,,mixed C-H bending / C-C torsion,delta(C3-C2-C5),angle,0.036760122818354314,-,-0.011862963568253322,0.5779999640555233
45,1491.8591471394518,,,mixed C-H bending / C-C torsion,nu(C3-H13),bond,0.03573568375936891,+,0.015356313669824932,0.33532458692209965
45,1491.8591471394518,,,mixed C-H bending / C-C torsion,delta(C1-C2-C3),angle,0.023122572920165323,+,0.009424763401127623,0.5760132793691867
45,1491.8591471394518,,,mixed C-H bending / C-C torsion,nu(C4-H17),bond,0.017189069873956613,+,0.01060348813423035,0.33829230452961256
45,1491.8591471394518,,,mixed C-H bending / C-C torsion,nu(C3-H14),bond,0.01623032836673117,-,-0.010308778182465062,0.3379482234159411
45,1491.8591471394518,,,mixed C-H bending / C-C torsion,delta(C8-C7-H20),angle,0.013729200233000817,-,-0.009803714051241249,0.3160830584568552
45,1491.8591471394518,,,mixed C-H bending / C-C torsion,delta(H11-C1-H12),angle,0.013589018648353192,+,0.010573402808262456,0.26896501294538183
45,1491.8591471394518,,,mixed C-H bending / C-C torsion,delta(C8-C7-H19),angle,0.013344131699485088,-,-0.010974200782116526,0.24517815193377318
45,1491.8591471394518,,,mixed C-H bending / C-C torsion,nu(C8-O9),bond,0.006053810147050488,+,0.003948428930752434,0.8592457588862482
45,1491.8591471394518,,,mixed C-H bending / C-C torsion,nu(C4-H16),bond,0.005384549125429326,+,0.005961204526493653,0.3352884162928494
45,1491.8591471394518,,,mixed C-H bending / C-C torsion,nu(C3-H15),bond,0.004426486323986189,-,-0.005406992891628644,0.33503083561306585
45,1491.8591471394518,,,mixed C-H bending / C-C torsion,delta(C5-C7-H20),angle,0.0036418197530208207,-,-0.005007252521350331,0.3214080207257505
45,1491.8591471394518,,,mixed C-H bending / C-C torsion,delta(C2-C1-H12),angle,0.003296056002332616,+,0.004781829538362332,0.3189654565728886
45,1491.8591471394518,,,mixed C-H bending / C-C torsion,tau(H12-C1-C2-C5),dihedral,0.001974394290896271,+,0.013102850798936182,0.02544717321698012
45,1491.8591471394518,,,mixed C-H bending / C-C torsion,delta(O9-C8-H21),angle,0.0018780054188246647,+,0.0037586860325533856,0.2941453531375008
45,1491.8591471394518,,,mixed C-H bending / C-C torsion,delta(C5-C7-C8),angle,0.0018744322729201384,-,-0.0035716470102777984,0.32513965682623924
45,1491.8591471394518,,,mixed C-H bending / C-C torsion,tau(H20-C7-C8-H21),dihedral,0.0016095149148213435,-,-0.016401156679022973,0.013239857220979551
45,1491.8591471394518,,,mixed C-H bending / C-C torsion,nu(C7-C8),bond,0.0014544471078136944,+,0.0035860927552228143,0.25026040691544066
45,1491.8591471394518,,,mixed C-H bending / C-C torsion,nu(C2-C3),bond,0.0013491309290528282,+,0.0034025990435566232,0.25785158094323446
45,1491.8591471394518,,,mixed C-H bending / C-C torsion,"gamma(C7;C5,C2,O6)",oop,0.0013259211893617482,-,-0.00491251421726204,0.12157585193261175
45,1491.8591471394518,,,mixed C-H bending / C-C torsion,nu(C2-C4),bond,0.0011498248760219488,-,-0.003140190805755268,0.258022082351197
45,1491.8591471394518,,,mixed C-H bending / C-C torsion,delta(C2-C1-H10),angle,0.0011008644393809542,+,0.002765463046372099,0.31851902309095165
45,1491.8591471394518,,,mixed C-H bending / C-C torsion,nu(C1-H11),bond,0.0008133514433327035,-,-0.002300658818307583,0.3400251612828106
45,1491.8591471394518,,,mixed C-H bending / C-C torsion,delta(C7-C8-O9),angle,0.0004153971445109863,-,-0.0015605183862842952,0.3774530837938862
45,1491.8591471394518,,,mixed C-H bending / C-C torsion,nu(C1-H10),bond,0.00036449868317778127,+,0.0015408582501690775,0.3397096146008398
45,1491.8591471394518,,,mixed C-H bending / C-C torsion,nu(C1-C2),bond,0.0001422872623043218,+,0.0010751646034351803,0.27236629187229455
45,1491.8591471394518,,,mixed C-H bending / C-C torsion,delta(C2-C5-C7),angle,0.00013446269745394411,-,-0.0007715382270486073,0.49983213360108397
45,1491.8591471394518,,,mixed C-H bending / C-C torsion,nu(C7-H20),bond,0.00011649346578199232,-,-0.0008605386765320023,0.3480951950804118
45,1491.8591471394518,,,mixed C-H bending / C-C torsion,nu(C7-H19),bond,0.00010541686529187345,-,-0.0008416195943773723,0.32931815426212097
45,1491.8591471394518,,,mixed C-H bending / C-C torsion,nu(C5-C7),bond,9.872729643706239e-05,+,0.0009639174022935148,0.2351228587387024
45,1491.8591471394518,,,mixed C-H bending / C-C torsion,tau(C1-C2-C5-C7),dihedral,7.807202683593587e-05,-,-0.001993035349142533,0.04349133132405001
45,1491.8591471394518,,,mixed C-H bending / C-C torsion,nu(C1-H12),bond,6.967215724672307e-05,+,0.0006779181755731336,0.33546093490188217
45,1491.8591471394518,,,mixed C-H bending / C-C torsion,nu(C5-O6),bond,5.629382407538061e-05,-,-0.00038918711073385154,0.8223962194579738
45,1491.8591471394518,,,mixed C-H bending / C-C torsion,tau(C2-C5-C7-C8),dihedral,5.508386893509527e-05,+,0.002715290458069514,0.016532140990367292
45,1491.8591471394518,,,mixed C-H bending / C-C torsion,delta(C3-C2-C4),angle,4.174709833844671e-05,-,-0.00046111958210628615,0.43444661207745067
45,1491.8591471394518,,,mixed C-H bending / C-C torsion,delta(C2-C5-O6),angle,9.882693168491728e-06,+,0.00019998311330085295,0.5467967349904848
45,1491.8591471394518,,,mixed C-H bending / C-C torsion,nu(C8-H21),bond,7.534059625133019e-06,+,0.00023330005854184244,0.30629267332827326
45,1491.8591471394518,,,mixed C-H bending / C-C torsion,nu(C2-C5),bond,2.5199141975156723e-06,-,-0.00015217805264622656,0.24077919590071512
45,1491.8591471394518,,,mixed C-H bending / C-C torsion,"gamma(H21;C8,C7,O9)",oop,1.2754479000478536e-06,-,-0.00017414066545478428,0.09306782716686272
46,1506.1574960366333,,,C-H bending,delta(H13-C3-H14),angle,25.48663366672567,+,0.344322620249589,0.46036046686424154
46,1506.1574960366333,,,C-H bending,delta(H10-C1-H12),angle,17.244158754959283,-,-0.3640964608997857,0.2785644886096331
46,1506.1574960366333,,,C-H bending,delta(H11-C1-H12),angle,17.21484216587,+,0.37022177147303387,0.26896501294538183
46,1506.1574960366333,,,C-H bending,delta(H13-C3-H15),angle,17.055935159425122,-,-0.2821819569567327,0.4587052477560685
46,1506.1574960366333,,,C-H bending,delta(H17-C4-H18),angle,8.725491095799674,-,-0.26745838400948135,0.26121258767795735
46,1506.1574960366333,,,C-H bending,tau(C1-C2-C3-H14),dihedral,4.0511410217523185,+,0.14189234533922446,0.43089959044862763
46,1506.1574960366333,,,C-H bending,delta(C2-C1-H10),angle,1.8441491959250504,+,0.11134960132486948,0.31851902309095165
46,1506.1574960366333,,,C-H bending,tau(C4-C2-C3-H15),dihedral,1.7826846232486078,+,0.09303498040515358,0.44106097360664287
46,1506.1574960366333,,,C-H bending,"gamma(H16;C4,H17,H18)",oop,1.245025058077154,-,-0.10913010216074989,0.22387501255021114
46,1506.1574960366333,,,C-H bending,tau(C1-C2-C4-H17),dihedral,1.15485111780049,+,0.11810501800973537,0.1772988640303949
46,1506.1574960366333,,,C-H bending,delta(C2-C3-H15),angle,1.0728952201614739,+,0.08569605470880483,0.31286163337936146
46,1506.1574960366333,,,C-H bending,tau(H12-C1-C2-C5),dihedral,0.8667907890072588,+,0.2700820354457323,0.02544717321698012
46,1506.1574960366333,,,C-H bending,delta(C2-C4-H16),angle,0.548790975517212,-,-0.06122680265234628,0.31350209999061956
46,1506.1574960366333,,,C-H bending,delta(H19-C7-H20),angle,0.3338485285112631,-,-0.05319026003233229,0.25269805183984145
46,1506.1574960366333,,,C-H bending,delta(H14-C3-H15),angle,0.28894598103610125,-,-0.03837473347728541,0.4201869577691483
46,1506.1574960366333,,,C-H bending,tau(C3-C2-C4-H16),dihedral,0.21576229413610223,+,0.051548500262489604,0.17388420593529577
46,1506.1574960366333,,,C-H bending,nu(C2-C4),bond,0.16900688177147177,-,-0.03745260961142432,0.258022082351197
46,1506.1574960366333,,,C-H bending,delta(C2-C4-H18),angle,0.15544120938938183,+,0.02945202775901698,0.38375356114596126
46,1506.1574960366333,,,C-H bending,nu(C2-C3),bond,0.12720806721758068,+,0.032503546874897336,0.25785158094323446
46,1506.1574960366333,,,C-H bending,delta(C2-C3-H13),angle,0.12592423503402392,-,-0.02285178658391213,0.5163993140346653
46,1506.1574960366333,,,C-H bending,delta(C8-C7-H20),angle,0.06231410736648492,+,0.02054711761036662,0.3160830584568552
46,1506.1574960366333,,,C-H bending,delta(C4-C2-C5),angle,0.040405571567063724,+,0.01223251700536691,0.5782641285567409
46,1506.1574960366333,,,C-H bending,delta(C3-C2-C5),angle,0.02985394172188849,-,-0.010517082042616822,0.5779999640555233
46,1506.1574960366333,,,C-H bending,nu(C3-H14),bond,0.02364070767461751,-,-0.012239494450131116,0.3379482234159411
46,1506.1574960366333,,,C-H bending,delta(C8-C7-H19),angle,0.01912918115194017,+,0.012926044108182462,0.24517815193377318
46,1506.1574960366333,,,C-H bending,nu(C1-H11),bond,0.01903213771279111,-,-0.010948297379783076,0.3400251612828106
46,1506.1574960366333,,,C-H bending,nu(C1-H10),bond,0.01885267598045754,+,0.010901616734304391,0.3397096146008398
46,1506.1574960366333,,,C-H bending,nu(C3-H15),bond,0.01729679782383118,+,0.010514746130364254,0.33503083561306585
46,1506.1574960366333,,,C-H bending,"gamma(C7;C5,C2,O6)",oop,0.013362103226258986,+,0.015341650247255634,0.12157585193261175
46,1506.1574960366333,,,C-H bending,nu(C4-H17),bond,0.010761851089011532,+,0.00825383451232909,0.33829230452961256
46,1506.1574960366333,,,C-H bending,nu(C4-H16),bond,0.009008245364958917,-,-0.007585237018656306,0.3352884162928494
46,1506.1574960366333,,,C-H bending,delta(C5-C7-H20),angle,0.003989889098614404,+,0.005155970028898827,0.3214080207257505
46,1506.1574960366333,,,C-H bending,nu(C8-O9),bond,0.003815490236832003,-,-0.003083719037174031,0.8592457588862482
46,1506.1574960366333,,,C-H bending,tau(H20-C7-C8-H21),dihedral,0.0035951905149497923,+,0.02411446498948717,0.013239857220979551
46,1506.1574960366333,,,C-H bending,nu(C1-C2),bond,0.0032790519714820114,+,0.005077568582843641,0.27236629187229455
46,1506.1574960366333,,,C-H bending,delta(C5-C7-C8),angle,0.0020772969759545283,+,0.003698900509441373,0.32513965682623924
46,1506.1574960366333,,,C-H bending,delta(C1-C2-C3),angle,0.00186407180517769,+,0.002632530418672808,0.5760132793691867
46,1506.1574960366333,,,C-H bending,nu(C7-C8),bond,0.0018065521275145416,-,-0.00393176455110854,0.25026040691544066
46,1506.1574960366333,,,C-H bending,tau(C2-C5-C7-C8),dihedral,0.0015566414041328037,-,-0.014199990893637745,0.016532140990367292
46,1506.1574960366333,,,C-H bending,delta(C2-C1-H12),angle,0.0011905122092911128,-,-0.002827179791682417,0.3189654565728886
46,1506.1574960366333,,,C-H bending,delta(O9-C8-H21),angle,0.0011227276609793483,-,-0.0028590025489642797,0.2941453531375008
46,1506.1574960366333,,,C-H bending,delta(C2-C5-O6),angle,0.0007123291445653349,+,0.0016702663344951292,0.5467967349904848
46,1506.1574960366333,,,C-H bending,tau(C1-C2-C5-C7),dihedral,0.0003721900682200846,+,0.004280942218722533,0.04349133132405001
46,1506.1574960366333,,,C-H bending,delta(C2-C5-C7),angle,0.00029485472269804815,-,-0.0011239585227651424,0.49983213360108397
46,1506.1574960366333,,,C-H bending,nu(C4-H18),bond,0.00022156263861088517,+,0.0011897625786950097,0.33519117262733306
46,1506.1574960366333,,,C-H bending,nu(C7-H20),bond,0.00021892753857874857,+,0.0011605383867254854,0.3480951950804118
46,1506.1574960366333,,,C-H bending,nu(C7-H19),bond,0.00015566252523215328,+,0.0010061031914083895,0.32931815426212097
46,1506.1574960366333,,,C-H bending,nu(C3-H13),bond,0.00014281282949311886,-,-0.0009550129043645059,0.33532458692209965
46,1506.1574960366333,,,C-H bending,nu(C5-C7),bond,0.00013929266268606158,-,-0.001126354298063675,0.2351228587387024
46,1506.1574960366333,,,C-H bending,delta(H10-C1-H11),angle,9.083275961213376e-05,-,-0.000843378165119212,0.27347300138974184
46,1506.1574960366333,,,C-H bending,delta(C3-C2-C4),angle,6.339087186265289e-05,-,-0.00055898928380766,0.43444661207745067
46,1506.1574960366333,,,C-H bending,delta(C7-C8-O9),angle,4.755965958958125e-05,+,0.0005194529379984043,0.3774530837938862
46,1506.1574960366333,,,C-H bending,nu(C2-C5),bond,3.4609017006378334e-05,-,-0.00055480897692837,0.24077919590071512
46,1506.1574960366333,,,C-H bending,nu(C5-O6),bond,2.254090093378468e-05,-,-0.0002422721033251202,0.8223962194579738
46,1506.1574960366333,,,C-H bending,nu(C8-H21),bond,2.521479583567713e-06,+,0.00013277544052131175,0.30629267332827326
46,1506.1574960366333,,,C-H bending,nu(C1-H12),bond,7.457621453174071e-08,+,2.1819134435377045e-05,0.33546093490188217
46,1506.1574960366333,,,C-H bending,"gamma(H21;C8,C7,O9)",oop,5.255568442333128e-08,+,3.47751000332522e-05,0.09306782716686272
47,1511.4928846573291,,,C-H bending,delta(H13-C3-H15),angle,28.867106605887603,-,-0.34696245387032953,0.4587052477560685
47,1511.4928846573291,,,C-H bending,delta(H13-C3-H14),angle,25.263337203543784,+,0.3239992877482073,0.46036046686424154
47,1511.4928846573291,,,C-H bending,delta(H17-C4-H18),angle,22.10121078616251,+,0.40230801926533033,0.26121258767795735
47,1511.4928846573291,,,C-H bending,"gamma(H16;C4,H17,H18)",oop,4.7917265835910605,+,0.20234426974127312,0.22387501255021114
47,1511.4928846573291,,,C-H bending,tau(C4-C2-C3-H15),dihedral,4.209887108741251,+,0.13512434945547544,0.44106097360664287
47,1511.4928846573291,,,C-H bending,tau(C1-C2-C3-H14),dihedral,2.9599900787126514,+,0.11463171607932572,0.43089959044862763
47,1511.4928846573291,,,C-H bending,tau(C3-C2-C4-H16),dihedral,2.2671954769410645,-,-0.15792908602070077,0.17388420593529577
47,1511.4928846573291,,,C-H bending,delta(C2-C4-H16),angle,2.145517153307077,+,0.11441776900390892,0.31350209999061956
47,1511.4928846573291,,,C-H bending,tau(C1-C2-C4-H17),dihedral,1.9678996170257756,-,-0.1457122958611795,0.1772988640303949
47,1511.4928846573291,,,C-H bending,delta(C2-C3-H15),angle,1.5455438370063859,+,0.09721028505568655,0.31286163337936146
47,1511.4928846573291,,,C-H bending,delta(H10-C1-H12),angle,1.024623095303418,+,0.08388163778699943,0.2785644886096331
47,1511.4928846573291,,,C-H bending,delta(H19-C7-H20),angle,0.7721275845312265,+,0.07645243005657386,0.25269805183984145
47,1511.4928846573291,,,C-H bending,delta(H10-C1-H11),angle,0.7179832692400505,-,-0.07086758618479833,0.27347300138974184
47,1511.4928846573291,,,C-H bending,nu(C1-C2),bond,0.2876725630249015,+,0.04494902225290872,0.27236629187229455
47,1511.4928846573291,,,C-H bending,delta(C2-C1-H12),angle,0.2560866092440104,-,-0.03918946329158726,0.3189654565728886
47,1511.4928846573291,,,C-H bending,delta(C5-C7-H20),angle,0.14662761412432282,-,-0.029541138974000146,0.3214080207257505
47,1511.4928846573291,,,C-H bending,nu(C2-C3),bond,0.0811228295541178,-,-0.024532078906420902,0.25785158094323446
47,1511.4928846573291,,,C-H bending,delta(H14-C3-H15),angle,0.0784649210603714,+,0.018900104001229778,0.4201869577691483
47,1511.4928846573291,,,C-H bending,delta(C2-C5-O6),angle,0.06769118182645262,+,0.015388659806441404,0.5467967349904848
47,1511.4928846573291,,,C-H bending,delta(C2-C5-C7),angle,0.06635965167112463,-,-0.01593630633390805,0.49983213360108397
47,1511.4928846573291,,,C-H bending,delta(H11-C1-H12),angle,0.06459866207217296,+,0.02143441195635162,0.26896501294538183
47,1511.4928846573291,,,C-H bending,nu(C4-H17),bond,0.042564357006527484,-,-0.015514032119716656,0.33829230452961256
47,1511.4928846573291,,,C-H bending,nu(C2-C4),bond,0.03785447361788879,-,-0.016752432425577054,0.258022082351197
47,1511.4928846573291,,,C-H bending,delta(C8-C7-H19),angle,0.03581823406636522,-,-0.0167170217870614,0.24517815193377318
47,1511.4928846573291,,,C-H bending,nu(C3-H14),bond,0.03173175684743638,-,-0.0134020021100527,0.3379482234159411
47,1511.4928846573291,,,C-H bending,nu(C4-H16),bond,0.03009000440406218,+,0.01310236090389767,0.3352884162928494
47,1511.4928846573291,,,C-H bending,delta(C3-C2-C5),angle,0.022931645454157087,+,0.008711669892428256,0.5779999640555233
47,1511.4928846573291,,,C-H bending,nu(C3-H15),bond,0.02123689056824967,+,0.011011608980010067,0.33503083561306585
47,1511.4928846573291,,,C-H bending,delta(O9-C8-H21),angle,0.016429407401367287,-,-0.010336598810259561,0.2941453531375008
47,1511.4928846573291,,,C-H bending,tau(H20-C7-C8-H21),dihedral,0.014785510830393802,-,-0.046219391446583845,0.013239857220979551
47,1511.4928846573291,,,C-H bending,delta(C4-C2-C5),angle,0.01439481622828702,+,0.006900612540751682,0.5782641285567409
47,1511.4928846573291,,,C-H bending,nu(C5-C7),bond,0.011616156824125092,+,0.009721460447035599,0.2351228587387024
47,1511.4928846573291,,,C-H bending,delta(C2-C1-H10),angle,0.006795052366720571,-,-0.00638816938972306,0.31851902309095165
47,1511.4928846573291,,,C-H bending,tau(H12-C1-C2-C5),dihedral,0.0067571782352344465,-,-0.02253775332387732,0.02544717321698012
47,1511.4928846573291,,,C-H bending,delta(C2-C3-H13),angle,0.005591569239834376,+,0.004551156105710418,0.5163993140346653
47,1511.4928846573291,,,C-H bending,nu(C5-O6),bond,0.004136429200474555,-,-0.0031018439986353367,0.8223962194579738
47,1511.4928846573291,,,C-H bending,delta(C5-C7-C8),angle,0.003962025134521369,-,-0.004828045437008448,0.32513965682623924
47,1511.4928846573291,,,C-H bending,nu(C8-O9),bond,0.0031955184914684593,-,-0.002667225139489316,0.8592457588862482
47,1511.4928846573291,,,C-H bending,nu(C7-C8),bond,0.0021649730459326216,+,0.004067971303497265,0.25026040691544066
47,1511.4928846573291,,,C-H bending,delta(C8-C7-H20),angle,0.001046328079221208,-,-0.002516407886274049,0.3160830584568552
47,1511.4928846573291,,,C-H bending,delta(C2-C4-H18),angle,0.0007574838147097984,-,-0.0019431582752644215,0.38375356114596126
47,1511.4928846573291,,,C-H bending,nu(C7-H19),bond,0.0007320641689484675,-,-0.002062122429301063,0.32931815426212097
47,1511.4928846573291,,,C-H bending,delta(C7-C8-O9),angle,0.0006157081880350846,-,-0.0017664594912530042,0.3774530837938862
47,1511.4928846573291,,,C-H bending,nu(C1-H11),bond,0.0004841554267931654,+,0.0016503823916346621,0.3400251612828106
47,1511.4928846573291,,,C-H bending,nu(C2-C5),bond,0.00045714665473275723,+,0.0019057503145341213,0.24077919590071512
47,1511.4928846573291,,,C-H bending,nu(C4-H18),bond,0.00016563286271315949,-,-0.0009722426633083912,0.33519117262733306
47,1511.4928846573291,,,C-H bending,"gamma(C7;C5,C2,O6)",oop,0.00016378741936026197,-,-0.0016053299798410073,0.12157585193261175
47,1511.4928846573291,,,C-H bending,nu(C3-H13),bond,0.00012272585128792743,-,-0.000836725557305236,0.33532458692209965
47,1511.4928846573291,,,C-H bending,nu(C7-H20),bond,0.00011097454035041175,-,-0.0007809268770286605,0.3480951950804118
47,1511.4928846573291,,,C-H bending,nu(C1-H12),bond,0.0001083061781020332,-,-0.0007858747692726631,0.33546093490188217
47,1511.4928846573291,,,C-H bending,delta(C1-C2-C3),angle,9.816669673559177e-05,+,0.000570970338852803,0.5760132793691867
47,1511.4928846573291,,,C-H bending,nu(C8-H21),bond,9.29375318208074e-05,-,-0.0007618596450777223,0.30629267332827326
47,1511.4928846573291,,,C-H bending,tau(C2-C5-C7-C8),dihedral,6.660968803873592e-05,+,0.002776207074640831,0.016532140990367292
47,1511.4928846573291,,,C-H bending,tau(C1-C2-C5-C7),dihedral,6.219772727306135e-05,-,-0.001653992796353406,0.04349133132405001
47,1511.4928846573291,,,C-H bending,"gamma(H21;C8,C7,O9)",oop,4.2964311593685374e-05,-,-0.0009397273101975482,0.09306782716686272
47,1511.4928846573291,,,C-H bending,delta(C3-C2-C4),angle,4.027606319984441e-05,-,-0.0004211172255866644,0.43444661207745067
47,1511.4928846573291,,,C-H bending,nu(C1-H10),bond,4.103262742835566e-06,-,-0.000152005202087154,0.3397096146008398
48,1523.3498116204553,,,mixed C-H bending / C-C torsion,delta(H14-C3-H15),angle,26.912873294120523,-,-0.36463480474247223,0.4201869577691483
48,1523.3498116204553,,,mixed C-H bending / C-C torsion,delta(H10-C1-H11),angle,15.310961444647392,-,-0.340912851857589,0.27347300138974184
48,1523.3498116204553,,,mixed C-H bending / C-C torsion,tau(C4-C2-C3-H15),dihedral,8.274879289975765,-,-0.19734716347292922,0.44106097360664287
48,1523.3498116204553,,,mixed C-H bending / C-C torsion,tau(C1-C2-C3-H14),dihedral,7.802167922188234,+,0.19387373484451925,0.43089959044862763
48,1523.3498116204553,,,mixed C-H bending / C-C torsion,delta(H13-C3-H15),angle,7.115034912269744,+,0.17944073283201475,0.4587052477560685
48,1523.3498116204553,,,mixed C-H bending / C-C torsion,delta(H13-C3-H14),angle,6.115709153033229,+,0.1660633411600863,0.46036046686424154
48,1523.3498116204553,,,mixed C-H bending / C-C torsion,delta(C2-C3-H13),angle,3.538977292224321,-,-0.11927390288592979,0.5163993140346653
48,1523.3498116204553,,,mixed C-H bending / C-C torsion,tau(C3-C2-C4-H16),dihedral,3.466772387254294,+,0.20343794817607722,0.17388420593529577
48,1523.3498116204553,,,mixed C-H bending / C-C torsion,tau(C1-C2-C4-H17),dihedral,3.209655629417845,-,-0.19385437801924205,0.1772988640303949
48,1523.3498116204553,,,mixed C-H bending / C-C torsion,delta(H17-C4-H18),angle,3.1579578328353732,+,0.15841834921399875,0.26121258767795735
48,1523.3498116204553,,,mixed C-H bending / C-C torsion,delta(H11-C1-H12),angle,2.999653340166474,+,0.15215527363565098,0.26896501294538183
48,1523.3498116204553,,,mixed C-H bending / C-C torsion,delta(H10-C1-H12),angle,2.7681319299601905,+,0.14362494896847786,0.2785644886096331
48,1523.3498116204553,,,mixed C-H bending / C-C torsion,delta(C2-C4-H18),angle,2.636571206994547,-,-0.11942435764773811,0.38375356114596126
48,1523.3498116204553,,,mixed C-H bending / C-C torsion,delta(C2-C1-H12),angle,1.6962390505174636,-,-0.10506814707351247,0.3189654565728886
48,1523.3498116204553,,,mixed C-H bending / C-C torsion,"gamma(H16;C4,H17,H18)",oop,1.2081814992833424,+,0.10584312401804603,0.22387501255021114
48,1523.3498116204553,,,mixed C-H bending / C-C torsion,delta(C2-C1-H10),angle,0.9161654429946187,+,0.07727137432885522,0.31851902309095165
48,1523.3498116204553,,,mixed C-H bending / C-C torsion,delta(C2-C3-H15),angle,0.7912360899854315,+,0.07245631799221781,0.31286163337936146
48,1523.3498116204553,,,mixed C-H bending / C-C torsion,delta(C2-C4-H16),angle,0.7555026929714286,+,0.0707289404223038,0.31350209999061956
48,1523.3498116204553,,,mixed C-H bending / C-C torsion,nu(C2-C5),bond,0.4967165960901334,+,0.06544014098389898,0.24077919590071512
48,1523.3498116204553,,,mixed C-H bending / C-C torsion,delta(H19-C7-H20),angle,0.14957058914306262,-,-0.03505270404871904,0.25269805183984145
48,1523.3498116204553,,,mixed C-H bending / C-C torsion,nu(C1-C2),bond,0.12072934851600887,-,-0.030333960736818922,0.27236629187229455
48,1523.3498116204553,,,mixed C-H bending / C-C torsion,nu(C2-C4),bond,0.0683436311509711,-,-0.023448764105005068,0.258022082351197
48,1523.3498116204553,,,mixed C-H bending / C-C torsion,nu(C2-C3),bond,0.0651110163043736,-,-0.022895055924320316,0.25785158094323446
48,1523.3498116204553,,,mixed C-H bending / C-C torsion,delta(C5-C7-H20),angle,0.056030018632668176,+,0.019023104739395603,0.3214080207257505
48,1523.3498116204553,,,mixed C-H bending / C-C torsion,nu(C5-C7),bond,0.055516683112940154,-,-0.022139290535536732,0.2351228587387024
48,1523.3498116204553,,,mixed C-H bending / C-C torsion,nu(C5-O6),bond,0.05132467868854845,+,0.011382087969147019,0.8223962194579738
48,1523.3498116204553,,,mixed C-H bending / C-C torsion,delta(C2-C5-O6),angle,0.044620964123208415,-,-0.013015351140690506,0.5467967349904848
48,1523.3498116204553,,,mixed C-H bending / C-C torsion,delta(C3-C2-C5),angle,0.04286117447834893,-,-0.012407020471547972,0.5779999640555233
48,1523.3498116204553,,,mixed C-H bending / C-C torsion,delta(C4-C2-C5),angle,0.042595440213733016,-,-0.01236567420339687,0.5782641285567409
48,1523.3498116204553,,,mixed C-H bending / C-C torsion,delta(C1-C2-C3),angle,0.030278535712996418,+,0.010446012886836007,0.5760132793691867
48,1523.3498116204553,,,mixed C-H bending / C-C torsion,delta(C3-C2-C4),angle,0.015848520025112882,+,0.008702129058381225,0.43444661207745067
48,1523.3498116204553,,,mixed C-H bending / C-C torsion,nu(C4-H18),bond,0.014324162952700396,-,-0.009418629445174556,0.33519117262733306
48,1523.3498116204553,,,mixed C-H bending / C-C torsion,nu(C3-H13),bond,0.013734898252077786,-,-0.009221029150515819,0.33532458692209965
48,1523.3498116204553,,,mixed C-H bending / C-C torsion,delta(C8-C7-H19),angle,0.011602391459914579,+,0.009911337031113373,0.24517815193377318
48,1523.3498116204553,,,mixed C-H bending / C-C torsion,nu(C1-H12),bond,0.00915878283581766,-,-0.007528306203796788,0.33546093490188217
48,1523.3498116204553,,,mixed C-H bending / C-C torsion,nu(C4-H17),bond,0.005373868277059619,+,0.005742444678709564,0.33829230452961256
48,1523.3498116204553,,,mixed C-H bending / C-C torsion,delta(C2-C5-C7),angle,0.004241376530300626,+,0.0041970167146632795,0.49983213360108397
48,1523.3498116204553,,,mixed C-H bending / C-C torsion,nu(C1-H10),bond,0.004051629119239846,+,0.0049757699551726525,0.3397096146008398
48,1523.3498116204553,,,mixed C-H bending / C-C torsion,tau(H20-C7-C8-H21),dihedral,0.003963046043722906,+,0.02492713002416041,0.013239857220979551
48,1523.3498116204553,,,mixed C-H bending / C-C torsion,nu(C3-H14),bond,0.003857415992267686,+,0.00486768566264569,0.3379482234159411
48,1523.3498116204553,,,mixed C-H bending / C-C torsion,nu(C4-H16),bond,0.003475643332203119,+,0.004638821887609294,0.3352884162928494
48,1523.3498116204553,,,mixed C-H bending / C-C torsion,nu(C1-H11),bond,0.003426723677120002,+,0.00457386546172815,0.3400251612828106
48,1523.3498116204553,,,mixed C-H bending / C-C torsion,nu(C3-H15),bond,0.003368263246633458,+,0.004568356565964037,0.33503083561306585
48,1523.3498116204553,,,mixed C-H bending / C-C torsion,delta(C7-C8-O9),angle,0.0007728370564867833,+,0.0020616353427604876,0.3774530837938862
48,1523.3498116204553,,,mixed C-H bending / C-C torsion,delta(C5-C7-C8),angle,0.00065196764745584,+,0.0020402219796403767,0.32513965682623924
48,1523.3498116204553,,,mixed C-H bending / C-C torsion,delta(C8-C7-H20),angle,0.00041691770817149567,-,-0.0016547177753742667,0.3160830584568552
48,1523.3498116204553,,,mixed C-H bending / C-C torsion,nu(C7-H20),bond,0.00028456907367978176,+,0.0013026993805827255,0.3480951950804118
48,1523.3498116204553,,,mixed C-H bending / C-C torsion,nu(C8-O9),bond,0.00026197071723479525,+,0.0007955492063156868,0.8592457588862482
48,1523.3498116204553,,,mixed C-H bending / C-C torsion,nu(C7-C8),bond,0.00022550547823795814,-,-0.0013676716541995665,0.25026040691544066
48,1523.3498116204553,,,mixed C-H bending / C-C torsion,nu(C7-H19),bond,0.0002111108611418927,+,0.0011535776232716787,0.32931815426212097
48,1523.3498116204553,,,mixed C-H bending / C-C torsion,tau(H12-C1-C2-C5),dihedral,0.0001135890839787088,+,0.0030440227680090994,0.02544717321698012
48,1523.3498116204553,,,mixed C-H bending / C-C torsion,"gamma(H21;C8,C7,O9)",oop,9.941265289560436e-05,+,0.001489088176167403,0.09306782716686272
48,1523.3498116204553,,,mixed C-H bending / C-C torsion,nu(C8-H21),bond,7.587125844804891e-05,-,-0.0007170834684360941,0.30629267332827326
48,1523.3498116204553,,,mixed C-H bending / C-C torsion,delta(O9-C8-H21),angle,5.39050434567832e-05,-,-0.0006167839659133651,0.2941453531375008
48,1523.3498116204553,,,mixed C-H bending / C-C torsion,tau(C1-C2-C5-C7),dihedral,2.404624807498898e-05,+,0.0010713260898821773,0.04349133132405001
48,1523.3498116204553,,,mixed C-H bending / C-C torsion,"gamma(C7;C5,C2,O6)",oop,1.2469793641728498e-05,+,0.0004614294862510682,0.12157585193261175
48,1523.3498116204553,,,mixed C-H bending / C-C torsion,tau(C2-C5-C7-C8),dihedral,1.8625731124688654e-08,-,-4.836057827154065e-05,0.016532140990367292
49,1758.0377249301007,,,mixed-phase C-O stretching,nu(C5-O6),bond,72.41445612190292,-,-0.35372132754777147,0.8223962194579738
49,1758.0377249301007,,,mixed-phase C-O stretching,nu(C8-O9),bond,10.759164224455166,+,0.13338891253589724,0.8592457588862482
49,1758.0377249301007,,,mixed-phase C-O stretching,delta(C2-C5-C7),angle,6.261361299358201,-,-0.1334170882269736,0.49983213360108397
49,1758.0377249301007,,,mixed-phase C-O stretching,nu(C2-C5),bond,2.8684593868133237,+,0.13010801019973264,0.24077919590071512
49,1758.0377249301007,,,mixed-phase C-O stretching,delta(C5-C7-H20),angle,2.4094619483534534,+,0.10320977781907473,0.3214080207257505
49,1758.0377249301007,,,mixed-phase C-O stretching,nu(C5-C7),bond,1.3219228277636006,+,0.08938091303731376,0.2351228587387024
49,1758.0377249301007,,,mixed-phase C-O stretching,delta(C2-C5-O6),angle,1.2696414991773084,+,0.057440308080325804,0.5467967349904848
49,1758.0377249301007,,,mixed-phase C-O stretching,delta(C5-C7-C8),angle,0.6767931056420137,-,-0.054385378298203106,0.32513965682623924
49,1758.0377249301007,,,mixed-phase C-O stretching,delta(C3-C2-C5),angle,0.36383076189915164,+,0.029907145564908415,0.5779999640555233
49,1758.0377249301007,,,mixed-phase C-O stretching,delta(C4-C2-C5),angle,0.33534525667927095,+,0.028705962945533018,0.5782641285567409
49,1758.0377249301007,,,mixed-phase C-O stretching,delta(C7-C8-O9),angle,0.2534353644462789,-,-0.030888106178830848,0.3774530837938862
49,1758.0377249301007,,,mixed-phase C-O stretching,delta(O9-C8-H21),angle,0.17213878484872946,-,-0.02883683103860492,0.2941453531375008
49,1758.0377249301007,,,mixed-phase C-O stretching,delta(C8-C7-H19),angle,0.12974667044788213,-,-0.027421827190012172,0.24517815193377318
49,1758.0377249301007,,,mixed-phase C-O stretching,delta(C2-C1-H12),angle,0.12821233287373973,-,-0.023899138021810675,0.3189654565728886
49,1758.0377249301007,,,mixed-phase C-O stretching,nu(C7-C8),bond,0.11091499971969185,-,-0.025095059534848564,0.25026040691544066
49,1758.0377249301007,,,mixed-phase C-O stretching,delta(H11-C1-H12),angle,0.0703692475069433,+,0.01928114055308933,0.26896501294538183
49,1758.0377249301007,,,mixed-phase C-O stretching,delta(H10-C1-H12),angle,0.06678505358220804,+,0.018457204571877397,0.2785644886096331
49,1758.0377249301007,,,mixed-phase C-O stretching,"gamma(H16;C4,H17,H18)",oop,0.062206738933700316,-,-0.019870329467161735,0.22387501255021114
49,1758.0377249301007,,,mixed-phase C-O stretching,delta(H13-C3-H15),angle,0.0560581715216322,+,0.013177765410196237,0.4587052477560685
49,1758.0377249301007,,,mixed-phase C-O stretching,delta(C8-C7-H20),angle,0.0488648293854487,+,0.014821315295820186,0.3160830584568552
49,1758.0377249301007,,,mixed-phase C-O stretching,delta(C2-C3-H13),angle,0.03424433329177921,-,-0.009707126552511578,0.5163993140346653
49,1758.0377249301007,,,mixed-phase C-O stretching,tau(C2-C5-C7-C8),dihedral,0.028552368221943968,+,0.04953882255413982,0.016532140990367292
49,1758.0377249301007,,,mixed-phase C-O stretching,delta(C2-C4-H18),angle,0.01933592593712549,-,-0.00846146261436484,0.38375356114596126
49,1758.0377249301007,,,mixed-phase C-O stretching,delta(H13-C3-H14),angle,0.017224927251854327,+,0.007291533065627972,0.46036046686424154
49,1758.0377249301007,,,mixed-phase C-O stretching,delta(H19-C7-H20),angle,0.014134899644621543,-,-0.008915271637177664,0.25269805183984145
49,1758.0377249301007,,,mixed-phase C-O stretching,delta(C2-C4-H16),angle,0.010352288049928767,-,-0.006849945386788992,0.31350209999061956
49,1758.0377249301007,,,mixed-phase C-O stretching,delta(H10-C1-H11),angle,0.010320283533860403,-,-0.007322809702061045,0.27347300138974184
49,1758.0377249301007,,,mixed-phase C-O stretching,tau(H20-C7-C8-H21),dihedral,0.009417912654400938,+,0.03179251175991647,0.013239857220979551
49,1758.0377249301007,,,mixed-phase C-O stretching,nu(C1-C2),bond,0.009297767709434763,+,0.006964690616992852,0.27236629187229455
49,1758.0377249301007,,,mixed-phase C-O stretching,delta(C2-C3-H15),angle,0.00908275528223314,-,-0.006422761784960632,0.31286163337936146
49,1758.0377249301007,,,mixed-phase C-O stretching,delta(C3-C2-C4),angle,0.008470576512828476,+,0.005263534086094667,0.43444661207745067
49,1758.0377249301007,,,mixed-phase C-O stretching,tau(C1-C2-C3-H14),dihedral,0.008366469846553308,+,0.005252574811728194,0.43089959044862763
49,1758.0377249301007,,,mixed-phase C-O stretching,nu(C8-H21),bond,0.007772756718744125,+,0.0060049361717505285,0.30629267332827326
49,1758.0377249301007,,,mixed-phase C-O stretching,tau(C4-C2-C3-H15),dihedral,0.00627183703048455,-,-0.004495077966155878,0.44106097360664287
49,1758.0377249301007,,,mixed-phase C-O stretching,delta(H14-C3-H15),angle,0.004250130802875238,+,0.0037911330502549494,0.4201869577691483
49,1758.0377249301007,,,mixed-phase C-O stretching,nu(C7-H19),bond,0.004151755094369522,+,0.004232502171434196,0.32931815426212097
49,1758.0377249301007,,,mixed-phase C-O stretching,nu(C7-H20),bond,0.0038653369925473304,-,-0.003972224900913232,0.3480951950804118
49,1758.0377249301007,,,mixed-phase C-O stretching,nu(C1-H10),bond,0.0026275859860905,+,0.003315230364239071,0.3397096146008398
49,1758.0377249301007,,,mixed-phase C-O stretching,nu(C1-H11),bond,0.002555904355989885,+,0.003268179742437369,0.3400251612828106
49,1758.0377249301007,,,mixed-phase C-O stretching,delta(H17-C4-H18),angle,0.001761367007394299,+,0.0030954018666184465,0.26121258767795735
49,1758.0377249301007,,,mixed-phase C-O stretching,delta(C2-C1-H10),angle,0.001202147570147248,-,-0.002315796356129822,0.31851902309095165
49,1758.0377249301007,,,mixed-phase C-O stretching,tau(C3-C2-C4-H16),dihedral,0.001108602082744143,+,0.003009864461766441,0.17388420593529577
49,1758.0377249301007,,,mixed-phase C-O stretching,nu(C4-H18),bond,0.0009480089198321716,+,0.0020046986028868434,0.33519117262733306
49,1758.0377249301007,,,mixed-phase C-O stretching,"gamma(C7;C5,C2,O6)",oop,0.000920420512795022,-,-0.0032798852215827224,0.12157585193261175
49,1758.0377249301007,,,mixed-phase C-O stretching,nu(C1-H12),bond,0.0007722854445482306,-,-0.001808660735971174,0.33546093490188217
49,1758.0377249301007,,,mixed-phase C-O stretching,tau(C1-C2-C4-H17),dihedral,0.000692992630783373,-,-0.002356679336812303,0.1772988640303949
49,1758.0377249301007,,,mixed-phase C-O stretching,nu(C3-H13),bond,0.0006455076400841883,+,0.0016538920384547864,0.33532458692209965
49,1758.0377249301007,,,mixed-phase C-O stretching,tau(C1-C2-C5-C7),dihedral,0.0005503386646663132,-,-0.0042403609274877276,0.04349133132405001
49,1758.0377249301007,,,mixed-phase C-O stretching,nu(C2-C4),bond,0.0005386000681651046,-,-0.001722241009798108,0.258022082351197
49,1758.0377249301007,,,mixed-phase C-O stretching,nu(C3-H15),bond,0.0005265064623775621,+,0.0014943372591267802,0.33503083561306585
49,1758.0377249301007,,,mixed-phase C-O stretching,delta(C1-C2-C3),angle,0.00031943912626330973,+,0.0008877015313645336,0.5760132793691867
49,1758.0377249301007,,,mixed-phase C-O stretching,nu(C4-H16),bond,0.0002907809623690507,+,0.0011101019673949806,0.3352884162928494
49,1758.0377249301007,,,mixed-phase C-O stretching,nu(C2-C3),bond,0.00022403200344571787,-,-0.001111115726036811,0.25785158094323446
49,1758.0377249301007,,,mixed-phase C-O stretching,nu(C3-H14),bond,2.352753203372538e-05,+,0.0003145228955067242,0.3379482234159411
49,1758.0377249301007,,,mixed-phase C-O stretching,nu(C4-H17),bond,7.367341729984342e-06,-,-0.0001759132330461146,0.33829230452961256
49,1758.0377249301007,,,mixed-phase C-O stretching,tau(H12-C1-C2-C5),dihedral,3.0540778695616085e-06,-,-0.0004129613836197221,0.02544717321698012
49,1758.0377249301007,,,mixed-phase C-O stretching,"gamma(H21;C8,C7,O9)",oop,5.817244301881927e-07,+,9.424276650980848e-05,0.09306782716686272
50,1806.776206140916,,,C-O stretching,nu(C8-O9),bond,75.66408719398079,+,0.3507501794936517,0.8592457588862482
50,1806.776206140916,,,C-O stretching,nu(C5-O6),bond,10.310587779842253,+,0.13234662214250195,0.8223962194579738
50,1806.776206140916,,,C-O stretching,delta(O9-C8-H21),angle,4.508061722811681,-,-0.1463273922158768,0.2941453531375008
50,1806.776206140916,,,C-O stretching,nu(C7-C8),bond,3.1105059190217563,-,-0.13177442955050528,0.25026040691544066
50,1806.776206140916,,,C-O stretching,delta(C8-C7-H20),angle,2.4350866834819875,+,0.1037452700119095,0.3160830584568552
50,1806.776206140916,,,C-O stretching,delta(C2-C5-C7),angle,0.8120854037022605,+,0.04764315000007316,0.49983213360108397
50,1806.776206140916,,,C-O stretching,delta(C7-C8-O9),angle,0.8084497371219624,-,-0.05470244335616457,0.3774530837938862
50,1806.776206140916,,,C-O stretching,delta(C5-C7-H20),angle,0.7359644172480894,-,-0.05656030666186345,0.3214080207257505
50,1806.776206140916,,,C-O stretching,delta(C8-C7-H19),angle,0.34094901255596194,-,-0.044077356163925434,0.24517815193377318
50,1806.776206140916,,,C-O stretching,delta(C2-C5-O6),angle,0.3017062308151732,-,-0.027764565748758154,0.5467967349904848
50,1806.776206140916,,,C-O stretching,nu(C2-C5),bond,0.2907259302968225,-,-0.04107183499282988,0.24077919590071512
50,1806.776206140916,,,C-O stretching,nu(C5-C7),bond,0.23228290892218295,-,-0.03715120488386651,0.2351228587387024
50,1806.776206140916,,,C-O stretching,delta(C5-C7-C8),angle,0.17850330185508836,-,-0.027694903574397047,0.32513965682623924
50,1806.776206140916,,,C-O stretching,delta(C4-C2-C5),angle,0.07399644708735187,-,-0.013370695842672234,0.5782641285567409
50,1806.776206140916,,,C-O stretching,delta(C3-C2-C5),angle,0.0512317404105582,-,-0.011128005999125432,0.5779999640555233
50,1806.776206140916,,,C-O stretching,nu(C8-H21),bond,0.028851812465611318,-,-0.011471757240521742,0.30629267332827326
50,1806.776206140916,,,C-O stretching,tau(C2-C5-C7-C8),dihedral,0.01980331192479554,+,0.040908736470867055,0.016532140990367292
50,1806.776206140916,,,C-O stretching,delta(C2-C1-H12),angle,0.019706529587645693,+,0.009290625424206889,0.3189654565728886
50,1806.776206140916,,,C-O stretching,delta(H13-C3-H15),angle,0.008528874458980169,-,-0.005096719217147497,0.4587052477560685
50,1806.776206140916,,,C-O stretching,nu(C7-H19),bond,0.008190465593710674,+,0.005894651862389956,0.32931815426212097
50,1806.776206140916,,,C-O stretching,nu(C7-H20),bond,0.007788774574756439,-,-0.005591099936000462,0.3480951950804118
50,1806.776206140916,,,C-O stretching,delta(H10-C1-H12),angle,0.007029061715832803,-,-0.00593741635358155,0.2785644886096331
50,1806.776206140916,,,C-O stretching,delta(H11-C1-H12),angle,0.005916708409953415,-,-0.005543753228142929,0.26896501294538183
50,1806.776206140916,,,C-O stretching,delta(H13-C3-H14),angle,0.005906020121693235,+,0.004233603213876592,0.46036046686424154
50,1806.776206140916,,,C-O stretching,delta(C2-C4-H18),angle,0.005769683021993621,+,0.004583122545967043,0.38375356114596126
50,1806.776206140916,,,C-O stretching,delta(H17-C4-H18),angle,0.003256102976207245,-,-0.004173147324367386,0.26121258767795735
50,1806.776206140916,,,C-O stretching,tau(H20-C7-C8-H21),dihedral,0.0028672289205540257,-,-0.017394070877501035,0.013239857220979551
50,1806.776206140916,,,C-O stretching,tau(C1-C2-C4-H17),dihedral,0.002613143025745122,+,0.00453774739155272,0.1772988640303949
50,1806.776206140916,,,C-O stretching,"gamma(H16;C4,H17,H18)",oop,0.00249330549244782,+,0.003944542477854715,0.22387501255021114
50,1806.776206140916,,,C-O stretching,nu(C1-C2),bond,0.0023248088741580912,-,-0.0034532550075848547,0.27236629187229455
50,1806.776206140916,,,C-O stretching,delta(C2-C3-H13),angle,0.0020802474446629917,+,0.0023723369447119004,0.5163993140346653
50,1806.776206140916,,,C-O stretching,delta(H14-C3-H15),angle,0.002054924114879434,-,-0.0026138960486274485,0.4201869577691483
50,1806.776206140916,,,C-O stretching,tau(C3-C2-C4-H16),dihedral,0.0018009014928737444,-,-0.003803878291166806,0.17388420593529577
50,1806.776206140916,,,C-O stretching,delta(C3-C2-C4),angle,0.0015346866225368634,-,-0.002221535963833642,0.43444661207745067
50,1806.776206140916,,,C-O stretching,"gamma(H21;C8,C7,O9)",oop,0.0014779841605285535,-,-0.004710280870271626,0.09306782716686272
50,1806.776206140916,,,C-O stretching,delta(H19-C7-H20),angle,0.0013489525095110497,-,-0.0027309206744627096,0.25269805183984145
50,1806.776206140916,,,C-O stretching,nu(C3-H13),bond,0.0006455922779360729,-,-0.001640054070312521,0.33532458692209965
50,1806.776206140916,,,C-O stretching,tau(C1-C2-C3-H14),dihedral,0.0005996594967871918,+,0.0013943635433605528,0.43089959044862763
50,1806.776206140916,,,C-O stretching,nu(C1-H11),bond,0.0005223495496974148,-,-0.0014649971730769627,0.3400251612828106
50,1806.776206140916,,,C-O stretching,nu(C4-H16),bond,0.0005185513942876182,-,-0.0014699356755113737,0.3352884162928494
50,1806.776206140916,,,C-O stretching,nu(C1-H10),bond,0.0003792059378699851,-,-0.001248807065648579,0.3397096146008398
50,1806.776206140916,,,C-O stretching,delta(C2-C3-H15),angle,0.0002583342640812784,+,0.001074055081270057,0.31286163337936146
50,1806.776206140916,,,C-O stretching,delta(C2-C4-H16),angle,0.000239322241142389,+,0.001032720993049973,0.31350209999061956
50,1806.776206140916,,,C-O stretching,nu(C2-C3),bond,0.00021536330775870485,+,0.0010802211076102026,0.25785158094323446
50,1806.776206140916,,,C-O stretching,tau(C1-C2-C5-C7),dihedral,0.00017771845356564082,+,0.002389332627592379,0.04349133132405001
50,1806.776206140916,,,C-O stretching,nu(C2-C4),bond,0.00016956724447337928,+,0.0009581957614541847,0.258022082351197
50,1806.776206140916,,,C-O stretching,delta(H10-C1-H11),angle,0.00014589657372274343,+,0.0008633303724232947,0.27347300138974184
50,1806.776206140916,,,C-O stretching,nu(C4-H18),bond,0.0001401824327619797,-,-0.0007643850982364261,0.33519117262733306
50,1806.776206140916,,,C-O stretching,nu(C4-H17),bond,0.00010013603015479848,-,-0.0006430738173206542,0.33829230452961256
50,1806.776206140916,,,C-O stretching,"gamma(C7;C5,C2,O6)",oop,8.78163704197443e-05,-,-0.0010045597722007208,0.12157585193261175
50,1806.776206140916,,,C-O stretching,nu(C3-H14),bond,8.761925949612813e-05,+,0.0006018474258476186,0.3379482234159411
50,1806.776206140916,,,C-O stretching,nu(C3-H15),bond,6.994780084064976e-05,-,-0.0005400778226682964,0.33503083561306585
50,1806.776206140916,,,C-O stretching,tau(C4-C2-C3-H15),dihedral,5.179190408644608e-05,+,0.00040503571975720467,0.44106097360664287
50,1806.776206140916,,,C-O stretching,tau(H12-C1-C2-C5),dihedral,1.2671149543290241e-05,-,-0.0008340650767601869,0.02544717321698012
50,1806.776206140916,,,C-O stretching,nu(C1-H12),bond,9.402888250639529e-06,+,0.00019788886739253978,0.33546093490188217
50,1806.776206140916,,,C-O stretching,delta(C2-C1-H10),angle,5.870665439596715e-07,+,5.074434839028694e-05,0.31851902309095165
50,1806.776206140916,,,C-O stretching,delta(C1-C2-C3),angle,3.276935723878458e-07,-,-2.8192229073113407e-05,0.5760132793691867
51,2938.0268929067843,,,C-H stretching,nu(C8-H21),bond,98.63238336036734,-,-1.0356105915377705,0.30629267332827326
51,2938.0268929067843,,,C-H stretching,nu(C8-O9),bond,0.39829133568708935,+,0.03929133225885673,0.8592457588862482
51,2938.0268929067843,,,C-H stretching,delta(C7-C8-O9),angle,0.3685645540936433,-,-0.05702697272517982,0.3774530837938862
51,2938.0268929067843,,,C-H stretching,nu(C7-H19),bond,0.1771292274032507,+,0.042324545359875225,0.32931815426212097
51,2938.0268929067843,,,C-H stretching,delta(O9-C8-H21),angle,0.1511362585970155,+,0.041367412926132774,0.2941453531375008
51,2938.0268929067843,,,C-H stretching,nu(C7-C8),bond,0.10158883706861957,+,0.03676901070821742,0.25026040691544066
51,2938.0268929067843,,,C-H stretching,delta(C8-C7-H20),angle,0.0763908105041282,+,0.02837102153013848,0.3160830584568552
51,2938.0268929067843,,,C-H stretching,nu(C7-H20),bond,0.04289798166092622,-,-0.020259300171465305,0.3480951950804118
51,2938.0268929067843,,,C-H stretching,delta(C5-C7-C8),angle,0.02923329406575267,-,-0.01730449501108492,0.32513965682623924
51,2938.0268929067843,,,C-H stretching,delta(C8-C7-H19),angle,0.013318825048009847,-,-0.013450768476380668,0.24517815193377318
51,2938.0268929067843,,,C-H stretching,nu(C5-O6),bond,0.0026546905964308807,-,-0.003278849077848658,0.8223962194579738
51,2938.0268929067843,,,C-H stretching,tau(C2-C5-C7-C8),dihedral,0.0023256073349573274,+,0.021645053716249234,0.016532140990367292
51,2938.0268929067843,,,C-H stretching,nu(C3-H14),bond,0.0009241032075573323,-,-0.0030177980866806006,0.3379482234159411
51,2938.0268929067843,,,C-H stretching,delta(C2-C5-C7),angle,0.0008934197274062668,-,-0.0024398925800790056,0.49983213360108397
51,2938.0268929067843,,,C-H stretching,nu(C4-H17),bond,0.0004932813630249226,-,-0.0022037195186825486,0.33829230452961256
51,2938.0268929067843,,,C-H stretching,nu(C4-H16),bond,0.0004129104818401218,+,0.002025226973343074,0.3352884162928494
51,2938.0268929067843,,,C-H stretching,nu(C1-H11),bond,0.0003203652708675456,+,0.0017714227234045486,0.3400251612828106
51,2938.0268929067843,,,C-H stretching,delta(C2-C5-O6),angle,0.00020514287349038778,+,0.0011178159051164185,0.5467967349904848
51,2938.0268929067843,,,C-H stretching,nu(C4-H18),bond,0.00019462159703982369,+,0.0013906064949392896,0.33519117262733306
51,2938.0268929067843,,,C-H stretching,nu(C5-C7),bond,0.00013138347624704782,+,0.0013641997683002537,0.2351228587387024
51,2938.0268929067843,,,C-H stretching,nu(C3-H13),bond,0.00011548442734083822,+,0.0010709866006285574,0.33532458692209965
51,2938.0268929067843,,,C-H stretching,nu(C1-H10),bond,9.956343114251453e-05,+,0.0009879865491264086,0.3397096146008398
51,2938.0268929067843,,,C-H stretching,"gamma(H21;C8,C7,O9)",oop,9.48598241006597e-05,-,-0.001842452898145397,0.09306782716686272
51,2938.0268929067843,,,C-H stretching,delta(C3-C2-C5),angle,4.519873101501506e-05,+,0.0005103336895261037,0.5779999640555233
51,2938.0268929067843,,,C-H stretching,nu(C1-H12),bond,2.968637361858829e-05,+,0.0005428909748039565,0.33546093490188217
51,2938.0268929067843,,,C-H stretching,nu(C3-H15),bond,1.9909919272168036e-05,-,-0.0004448846108284922,0.33503083561306585
51,2938.0268929067843,,,C-H stretching,nu(C2-C5),bond,1.8220296943971865e-05,+,0.000502022600774146,0.24077919590071512
51,2938.0268929067843,,,C-H stretching,delta(C5-C7-H20),angle,1.8158985783688007e-05,+,0.0004337829351128542,0.3214080207257505
51,2938.0268929067843,,,C-H stretching,delta(H17-C4-H18),angle,1.6474030692327005e-05,-,-0.00045830849637196896,0.26121258767795735
51,2938.0268929067843,,,C-H stretching,delta(H13-C3-H14),angle,1.0204485063391108e-05,-,-0.0002717074584683919,0.46036046686424154
51,2938.0268929067843,,,C-H stretching,delta(C4-C2-C5),angle,9.22299400045922e-06,+,0.00023047714240205562,0.5782641285567409
51,2938.0268929067843,,,C-H stretching,tau(H20-C7-C8-H21),dihedral,8.081164143761247e-06,-,-0.001425772838968014,0.013239857220979551
51,2938.0268929067843,,,C-H stretching,tau(C1-C2-C4-H17),dihedral,3.2723760927623177e-06,+,0.00024793261037117886,0.1772988640303949
51,2938.0268929067843,,,C-H stretching,delta(H14-C3-H15),angle,2.9097890676094253e-06,+,0.00015186737758964347,0.4201869577691483
51,2938.0268929067843,,,C-H stretching,tau(C1-C2-C3-H14),dihedral,2.3713492048042686e-06,-,-0.0001353831889403525,0.43089959044862763
51,2938.0268929067843,,,C-H stretching,delta(C2-C1-H12),angle,2.2655535510701107e-06,-,-0.0001538049680398201,0.3189654565728886
51,2938.0268929067843,,,C-H stretching,nu(C2-C4),bond,2.079029422534804e-06,-,-0.0001638162212008524,0.258022082351197
51,2938.0268929067843,,,C-H stretching,delta(H19-C7-H20),angle,1.8794811378994588e-06,+,0.00015738852408130665,0.25269805183984145
51,2938.0268929067843,,,C-H stretching,tau(C1-C2-C5-C7),dihedral,1.847003360683e-06,+,0.00037608630199173823,0.04349133132405001
51,2938.0268929067843,,,C-H stretching,delta(H11-C1-H12),angle,1.2821086015069218e-06,+,0.00012599970709186245,0.26896501294538183
51,2938.0268929067843,,,C-H stretching,nu(C1-C2),bond,1.2365665162988002e-06,+,0.0001229665776297382,0.27236629187229455
51,2938.0268929067843,,,C-H stretching,tau(C4-C2-C3-H15),dihedral,1.1246607363171593e-06,+,9.215448463587871e-05,0.44106097360664287
51,2938.0268929067843,,,C-H stretching,delta(C2-C4-H16),angle,1.1196102182819638e-06,-,-0.00010906068558561903,0.31350209999061956
51,2938.0268929067843,,,C-H stretching,"gamma(C7;C5,C2,O6)",oop,1.0740159582945151e-06,-,-0.00017152867399071486,0.12157585193261175
51,2938.0268929067843,,,C-H stretching,"gamma(H16;C4,H17,H18)",oop,5.528801695843534e-07,-,-9.069173677554375e-05,0.22387501255021114
51,2938.0268929067843,,,C-H stretching,delta(C3-C2-C4),angle,3.128675121151697e-07,+,4.8974166209505024e-05,0.43444661207745067
51,2938.0268929067843,,,C-H stretching,delta(C2-C1-H10),angle,3.122730358549081e-07,+,5.714188713461478e-05,0.31851902309095165
51,2938.0268929067843,,,C-H stretching,delta(H13-C3-H15),angle,2.846976388335627e-07,-,-4.5465304302415086e-05,0.4587052477560685
51,2938.0268929067843,,,C-H stretching,tau(C3-C2-C4-H16),dihedral,2.398325108470693e-07,+,6.777647577510196e-05,0.17388420593529577
51,2938.0268929067843,,,C-H stretching,tau(H12-C1-C2-C5),dihedral,2.3234794115365766e-07,-,-0.00017438320893257953,0.02544717321698012
51,2938.0268929067843,,,C-H stretching,delta(H10-C1-H12),angle,2.2987748329066803e-07,+,5.2425232463886316e-05,0.2785644886096331
51,2938.0268929067843,,,C-H stretching,delta(C2-C3-H13),angle,1.473607066263884e-07,-,-3.0828546078770267e-05,0.5163993140346653
51,2938.0268929067843,,,C-H stretching,delta(C2-C3-H15),angle,5.300082342660437e-08,+,2.3753093493478636e-05,0.31286163337936146
51,2938.0268929067843,,,C-H stretching,delta(C2-C4-H18),angle,5.182705429140199e-08,+,2.1208359539067675e-05,0.38375356114596126
51,2938.0268929067843,,,C-H stretching,delta(H10-C1-H11),angle,3.6854707470486585e-08,-,-2.1185771288009237e-05,0.27347300138974184
51,2938.0268929067843,,,C-H stretching,nu(C2-C3),bond,9.096617951067081e-09,-,-1.0839521277195695e-05,0.25785158094323446
51,2938.0268929067843,,,C-H stretching,delta(C1-C2-C3),angle,4.522166740574981e-10,-,-1.6170076024580534e-06,0.5760132793691867
52,3032.0849702607306,,,mixed-phase C-H stretching,nu(C3-H15),bond,25.53103409213323,+,0.5127105449741499,0.33503083561306585
52,3032.0849702607306,,,mixed-phase C-H stretching,nu(C3-H13),bond,23.392116195017476,+,0.4905491125281394,0.33532458692209965
52,3032.0849702607306,,,mixed-phase C-H stretching,nu(C3-H14),bond,17.68162716877027,+,0.42483126217534833,0.3379482234159411
52,3032.0849702607306,,,mixed-phase C-H stretching,nu(C4-H16),bond,11.939969773776443,-,-0.35048769572491373,0.3352884162928494
52,3032.0849702607306,,,mixed-phase C-H stretching,nu(C4-H18),bond,11.839365088684222,-,-0.34905861192125476,0.33519117262733306
52,3032.0849702607306,,,mixed-phase C-H stretching,nu(C4-H17),bond,8.462715595661823,-,-0.29375769437380533,0.33829230452961256
52,3032.0849702607306,,,mixed-phase C-H stretching,nu(C7-H19),bond,0.4041097680707178,-,-0.06506123083017495,0.32931815426212097
52,3032.0849702607306,,,mixed-phase C-H stretching,nu(C1-H12),bond,0.1911947070341565,-,-0.04434017403077754,0.33546093490188217
52,3032.0849702607306,,,mixed-phase C-H stretching,nu(C1-H10),bond,0.15719241226002073,-,-0.039952347938180394,0.3397096146008398
52,3032.0849702607306,,,mixed-phase C-H stretching,nu(C2-C3),bond,0.11494096994725164,-,-0.03921326161276108,0.25785158094323446
52,3032.0849702607306,,,mixed-phase C-H stretching,nu(C7-H20),bond,0.061412079665030116,-,-0.024669385138871493,0.3480951950804118
52,3032.0849702607306,,,mixed-phase C-H stretching,nu(C2-C4),bond,0.055593712236414884,+,0.027262447148802677,0.258022082351197
52,3032.0849702607306,,,mixed-phase C-H stretching,nu(C1-H11),bond,0.04905902823004968,-,-0.022309219691694,0.3400251612828106
52,3032.0849702607306,,,mixed-phase C-H stretching,delta(H13-C3-H15),angle,0.028393170563556332,-,-0.014612365562153992,0.4587052477560685
52,3032.0849702607306,,,mixed-phase C-H stretching,"gamma(H16;C4,H17,H18)",oop,0.02322541707518794,-,-0.01891731024873711,0.22387501255021114
52,3032.0849702607306,,,mixed-phase C-H stretching,delta(H14-C3-H15),angle,0.015839829473746417,-,-0.011403401196955506,0.4201869577691483
52,3032.0849702607306,,,mixed-phase C-H stretching,delta(C2-C3-H13),angle,0.013464867164305066,+,0.009483936675363982,0.5163993140346653
52,3032.0849702607306,,,mixed-phase C-H stretching,delta(H13-C3-H14),angle,0.010786238954092248,-,-0.008990139793761141,0.46036046686424154
52,3032.0849702607306,,,mixed-phase C-H stretching,delta(C2-C3-H15),angle,0.008311119734400426,+,0.00957269126797259,0.31286163337936146
52,3032.0849702607306,,,mixed-phase C-H stretching,delta(C2-C4-H18),angle,0.0040685194495253,-,-0.0060474519466318525,0.38375356114596126
52,3032.0849702607306,,,mixed-phase C-H stretching,delta(C2-C4-H16),angle,0.0040168704466320895,-,-0.006648200712511743,0.31350209999061956
52,3032.0849702607306,,,mixed-phase C-H stretching,delta(H17-C4-H18),angle,0.003526619427200436,+,0.006824371871792253,0.26121258767795735
52,3032.0849702607306,,,mixed-phase C-H stretching,tau(C4-C2-C3-H15),dihedral,0.0018955941713611614,+,0.0038503818689982496,0.44106097360664287
52,3032.0849702607306,,,mixed-phase C-H stretching,nu(C8-H21),bond,0.0012960326978590177,-,-0.0038204991931503796,0.30629267332827326
52,3032.0849702607306,,,mixed-phase C-H stretching,nu(C1-C2),bond,0.0006804534512922243,+,0.00293564116337944,0.27236629187229455
52,3032.0849702607306,,,mixed-phase C-H stretching,tau(C3-C2-C4-H16),dihedral,0.000680352477116355,+,0.0036738156019328174,0.17388420593529577
52,3032.0849702607306,,,mixed-phase C-H stretching,delta(C1-C2-C3),angle,0.0005650703031824006,+,0.0018395662423615143,0.5760132793691867
52,3032.0849702607306,,,mixed-phase C-H stretching,delta(H19-C7-H20),angle,0.0005043410205922715,+,0.002623865908252342,0.25269805183984145
52,3032.0849702607306,,,mixed-phase C-H stretching,delta(C5-C7-C8),angle,0.0004950821538880541,-,-0.0022918389791824465,0.32513965682623924
52,3032.0849702607306,,,mixed-phase C-H stretching,nu(C7-C8),bond,0.0004447520910335003,+,0.0024759585126366552,0.25026040691544066
52,3032.0849702607306,,,mixed-phase C-H stretching,nu(C5-C7),bond,0.00036733658325069135,+,0.002321480828832156,0.2351228587387024
52,3032.0849702607306,,,mixed-phase C-H stretching,delta(H10-C1-H12),angle,0.0002547205766297852,+,0.0017760270494177064,0.2785644886096331
52,3032.0849702607306,,,mixed-phase C-H stretching,delta(C5-C7-H20),angle,0.0001178141276432526,-,-0.0011244774948830744,0.3214080207257505
52,3032.0849702607306,,,mixed-phase C-H stretching,delta(C4-C2-C5),angle,0.00011602091026137333,+,0.0008319274323736348,0.5782641285567409
52,3032.0849702607306,,,mixed-phase C-H stretching,"gamma(C7;C5,C2,O6)",oop,0.00011308511676884648,-,-0.001791263604502462,0.12157585193261175
52,3032.0849702607306,,,mixed-phase C-H stretching,delta(C3-C2-C5),angle,9.236623148273928e-05,-,-0.0007424601417666267,0.5779999640555233
52,3032.0849702607306,,,mixed-phase C-H stretching,delta(C2-C1-H10),angle,7.198153564696531e-05,-,-0.0008829239620591396,0.31851902309095165
52,3032.0849702607306,,,mixed-phase C-H stretching,"gamma(H21;C8,C7,O9)",oop,5.8056717272809427e-05,+,0.0014669215467629562,0.09306782716686272
52,3032.0849702607306,,,mixed-phase C-H stretching,tau(C1-C2-C5-C7),dihedral,5.151959993382746e-05,-,-0.0020214608146337147,0.04349133132405001
52,3032.0849702607306,,,mixed-phase C-H stretching,delta(C8-C7-H20),angle,4.509493391945603e-05,-,-0.0007015258928097277,0.3160830584568552
52,3032.0849702607306,,,mixed-phase C-H stretching,delta(C3-C2-C4),angle,4.4896952120700646e-05,-,-0.0005970636884009721,0.43444661207745067
52,3032.0849702607306,,,mixed-phase C-H stretching,tau(C1-C2-C3-H14),dihedral,3.35584621557458e-05,+,0.0005183145756484735,0.43089959044862763
52,3032.0849702607306,,,mixed-phase C-H stretching,delta(C8-C7-H19),angle,1.9090283835661106e-05,+,0.0005182576798070743,0.24517815193377318
52,3032.0849702607306,,,mixed-phase C-H stretching,delta(C2-C5-C7),angle,1.5654597424787287e-05,+,0.0003286921276337026,0.49983213360108397
52,3032.0849702607306,,,mixed-phase C-H stretching,delta(O9-C8-H21),angle,1.1272955498998433e-05,+,0.00036359536436364053,0.2941453531375008
52,3032.0849702607306,,,mixed-phase C-H stretching,delta(C2-C1-H12),angle,1.0419083349844316e-05,-,-0.00033567837740464547,0.3189654565728886
52,3032.0849702607306,,,mixed-phase C-H stretching,tau(H20-C7-C8-H21),dihedral,8.578529252032072e-06,-,-0.0014950138107075732,0.013239857220979551
52,3032.0849702607306,,,mixed-phase C-H stretching,delta(H10-C1-H11),angle,8.365587860576209e-06,+,0.0003248414505091804,0.27347300138974184
52,3032.0849702607306,,,mixed-phase C-H stretching,nu(C5-O6),bond,7.92016025944284e-06,+,0.00018226650639174697,0.8223962194579738
52,3032.0849702607306,,,mixed-phase C-H stretching,nu(C2-C5),bond,4.9931226638915965e-06,-,-0.00026745891285261976,0.24077919590071512
52,3032.0849702607306,,,mixed-phase C-H stretching,tau(C1-C2-C4-H17),dihedral,4.923522176445908e-06,+,0.00030950338976201724,0.1772988640303949
52,3032.0849702607306,,,mixed-phase C-H stretching,delta(C7-C8-O9),angle,4.885889616091543e-06,-,-0.00021131035214058599,0.3774530837938862
52,3032.0849702607306,,,mixed-phase C-H stretching,delta(H11-C1-H12),angle,4.067930942219373e-06,+,0.00022841221628752147,0.26896501294538183
52,3032.0849702607306,,,mixed-phase C-H stretching,tau(H12-C1-C2-C5),dihedral,3.701244471398841e-06,-,-0.0007083282289392301,0.02544717321698012
52,3032.0849702607306,,,mixed-phase C-H stretching,delta(C2-C5-O6),angle,3.6923242091130232e-06,+,0.00015262208940571524,0.5467967349904848
52,3032.0849702607306,,,mixed-phase C-H stretching,tau(C2-C5-C7-C8),dihedral,6.165439861062e-07,-,-0.0003586723679221005,0.016532140990367292
52,3032.0849702607306,,,mixed-phase C-H stretching,nu(C8-O9),bond,4.443353034074949e-07,+,4.223545223482309e-05,0.8592457588862482
53,3033.8336673970093,,,mixed-phase C-H stretching,nu(C4-H16),bond,22.510532882349374,-,-0.4816278915828574,0.3352884162928494
53,3033.8336673970093,,,mixed-phase C-H stretching,nu(C4-H18),bond,22.126137011939317,-,-0.47756724097383185,0.33519117262733306
53,3033.8336673970093,,,mixed-phase C-H stretching,nu(C4-H17),bond,14.669913489147515,-,-0.3870755443873692,0.33829230452961256
53,3033.8336673970093,,,mixed-phase C-H stretching,nu(C3-H15),bond,9.712064388785338,-,-0.3164764529630295,0.33503083561306585
53,3033.8336673970093,,,mixed-phase C-H stretching,nu(C3-H13),bond,8.743771844116756,-,-0.3001544078322669,0.33532458692209965
53,3033.8336673970093,,,mixed-phase C-H stretching,nu(C1-H12),bond,6.896168130022231,+,0.2665084357568798,0.33546093490188217
53,3033.8336673970093,,,mixed-phase C-H stretching,nu(C3-H14),bond,6.113339158198732,-,-0.25000124849477356,0.3379482234159411
53,3033.8336673970093,,,mixed-phase C-H stretching,nu(C1-H11),bond,3.3898258931790557,+,0.18559282605403174,0.3400251612828106
53,3033.8336673970093,,,mixed-phase C-H stretching,nu(C1-H10),bond,3.378163405091085,+,0.18535931820905469,0.3397096146008398
53,3033.8336673970093,,,mixed-phase C-H stretching,nu(C7-H19),bond,1.8015908225163455,+,0.1374827657450379,0.32931815426212097
53,3033.8336673970093,,,mixed-phase C-H stretching,nu(C7-H20),bond,0.3533017901866194,+,0.05921775255163369,0.3480951950804118
53,3033.8336673970093,,,mixed-phase C-H stretching,nu(C2-C4),bond,0.10258423859744592,+,0.03706294267781443,0.258022082351197
53,3033.8336673970093,,,mixed-phase C-H stretching,"gamma(H16;C4,H17,H18)",oop,0.05198634048924218,-,-0.028324994097050617,0.22387501255021114
53,3033.8336673970093,,,mixed-phase C-H stretching,nu(C2-C3),bond,0.04263042168787857,+,0.023900276826047385,0.25785158094323446
53,3033.8336673970093,,,mixed-phase C-H stretching,nu(C1-C2),bond,0.02499082766120804,-,-0.01780498683472609,0.27236629187229455
53,3033.8336673970093,,,mixed-phase C-H stretching,delta(H13-C3-H15),angle,0.013985935763802857,+,0.010263770355876396,0.4587052477560685
53,3033.8336673970093,,,mixed-phase C-H stretching,delta(C2-C4-H18),angle,0.00918067702573359,-,-0.009091575748022116,0.38375356114596126
53,3033.8336673970093,,,mixed-phase C-H stretching,delta(C2-C4-H16),angle,0.00898928897818024,-,-0.00995337713742109,0.31350209999061956
53,3033.8336673970093,,,mixed-phase C-H stretching,delta(H14-C3-H15),angle,0.0068943875923911345,+,0.007529299618714244,0.4201869577691483
53,3033.8336673970093,,,mixed-phase C-H stretching,delta(H17-C4-H18),angle,0.006543142425871074,+,0.009303024234702998,0.26121258767795735
53,3033.8336673970093,,,mixed-phase C-H stretching,delta(C2-C3-H13),angle,0.006264108268672617,-,-0.006473882541607715,0.5163993140346653
53,3033.8336673970093,,,mixed-phase C-H stretching,delta(H13-C3-H14),angle,0.0038405053802527817,+,0.005368750160909603,0.46036046686424154
53,3033.8336673970093,,,mixed-phase C-H stretching,delta(C2-C3-H15),angle,0.0036552416789404772,-,-0.006353454302272284,0.31286163337936146
53,3033.8336673970093,,,mixed-phase C-H stretching,delta(C2-C1-H10),angle,0.0032271585821774746,+,0.005916576472447695,0.31851902309095165
53,3033.8336673970093,,,mixed-phase C-H stretching,delta(H11-C1-H12),angle,0.003042288429942158,-,-0.0062514435488250095,0.26896501294538183
53,3033.8336673970093,,,mixed-phase C-H stretching,delta(H10-C1-H12),angle,0.002989729966307394,-,-0.006089492816663036,0.2785644886096331
53,3033.8336673970093,,,mixed-phase C-H stretching,delta(H19-C7-H20),angle,0.0022368110061306485,-,-0.005530211166428228,0.25269805183984145
53,3033.8336673970093,,,mixed-phase C-H stretching,nu(C5-C7),bond,0.00218932008389233,-,-0.005671986911326852,0.2351228587387024
53,3033.8336673970093,,,mixed-phase C-H stretching,nu(C8-H21),bond,0.0021806979114846747,+,0.004959723501682087,0.30629267332827326
53,3033.8336673970093,,,mixed-phase C-H stretching,delta(C5-C7-C8),angle,0.002052226488195455,+,0.0046698796583849005,0.32513965682623924
53,3033.8336673970093,,,mixed-phase C-H stretching,nu(C7-C8),bond,0.001500613465871414,-,-0.004551623831400609,0.25026040691544066
53,3033.8336673970093,,,mixed-phase C-H stretching,delta(C5-C7-H20),angle,0.0005863940829340092,+,0.0025106978499724337,0.3214080207257505
53,3033.8336673970093,,,mixed-phase C-H stretching,delta(C3-C2-C4),angle,0.0005199467772207011,+,0.002033476950764365,0.43444661207745067
53,3033.8336673970093,,,mixed-phase C-H stretching,delta(H10-C1-H11),angle,0.0003447232330168251,-,-0.002086921266571499,0.27347300138974184
53,3033.8336673970093,,,mixed-phase C-H stretching,delta(C2-C1-H12),angle,0.00031670964310115255,+,0.001852195537369893,0.3189654565728886
53,3033.8336673970093,,,mixed-phase C-H stretching,"gamma(C7;C5,C2,O6)",oop,0.00026695302414168394,+,0.0027543668191428094,0.12157585193261175
53,3033.8336673970093,,,mixed-phase C-H stretching,"gamma(H21;C8,C7,O9)",oop,0.00022245646900492,-,-0.0028737616745787807,0.09306782716686272
53,3033.8336673970093,,,mixed-phase C-H stretching,delta(C8-C7-H20),angle,0.00021111664796379695,+,0.0015191079883984015,0.3160830584568552
53,3033.8336673970093,,,mixed-phase C-H stretching,delta(C4-C2-C5),angle,0.00019310978852284433,+,0.0010741551970383635,0.5782641285567409
53,3033.8336673970093,,,mixed-phase C-H stretching,nu(C2-C5),bond,0.00018411936366853217,+,0.0016254299918065306,0.24077919590071512
53,3033.8336673970093,,,mixed-phase C-H stretching,nu(C5-O6),bond,0.00017826526349099325,-,-0.0008654078419769562,0.8223962194579738
53,3033.8336673970093,,,mixed-phase C-H stretching,tau(C1-C2-C3-H14),dihedral,0.00017520787344537511,+,0.0011852686149673053,0.43089959044862763
53,3033.8336673970093,,,mixed-phase C-H stretching,delta(C8-C7-H19),angle,0.00016438894041169826,-,-0.0015220307639687018,0.24517815193377318
53,3033.8336673970093,,,mixed-phase C-H stretching,tau(C3-C2-C4-H16),dihedral,0.00016380182311705923,+,0.001804086320736158,0.17388420593529577
53,3033.8336673970093,,,mixed-phase C-H stretching,tau(C1-C2-C4-H17),dihedral,0.0001613946998088411,-,-0.0017734529614418075,0.1772988640303949
53,3033.8336673970093,,,mixed-phase C-H stretching,tau(C1-C2-C5-C7),dihedral,0.0001350746617860935,+,0.0032757715705658886,0.04349133132405001
53,3033.8336673970093,,,mixed-phase C-H stretching,delta(C2-C5-O6),angle,0.00010247500536982282,-,-0.0008046815331722276,0.5467967349904848
53,3033.8336673970093,,,mixed-phase C-H stretching,nu(C8-O9),bond,9.452481193482678e-05,-,-0.0006165129855912294,0.8592457588862482
53,3033.8336673970093,,,mixed-phase C-H stretching,tau(H20-C7-C8-H21),dihedral,4.935827205992025e-05,+,0.003588941166967612,0.013239857220979551
53,3033.8336673970093,,,mixed-phase C-H stretching,delta(C2-C5-C7),angle,4.0084094836109686e-05,-,-0.0005263831397110685,0.49983213360108397
53,3033.8336673970093,,,mixed-phase C-H stretching,delta(C7-C8-O9),angle,3.962951104782694e-05,+,0.0006022903213413016,0.3774530837938862
53,3033.8336673970093,,,mixed-phase C-H stretching,tau(C4-C2-C3-H15),dihedral,2.5504243417069706e-05,+,0.0004469767389136707,0.44106097360664287
53,3033.8336673970093,,,mixed-phase C-H stretching,delta(C3-C2-C5),angle,2.385085074812327e-05,+,0.0003775861430376062,0.5779999640555233
53,3033.8336673970093,,,mixed-phase C-H stretching,delta(C1-C2-C3),angle,2.0647123116176966e-05,-,-0.0003519180495936697,0.5760132793691867
53,3033.8336673970093,,,mixed-phase C-H stretching,tau(C2-C5-C7-C8),dihedral,5.425739247260883e-06,+,0.0010648610089776863,0.016532140990367292
53,3033.8336673970093,,,mixed-phase C-H stretching,delta(O9-C8-H21),angle,1.976003156868889e-06,-,-0.00015234943125942707,0.2941453531375008
53,3033.8336673970093,,,mixed-phase C-H stretching,tau(H12-C1-C2-C5),dihedral,8.5037448027355e-08,-,-0.00010745171522778151,0.02544717321698012
54,3038.9164479795063,,,C-H stretching,nu(C7-H19),bond,88.89094213059776,+,0.9745091596626011,0.32931815426212097
54,3038.9164479795063,,,C-H stretching,nu(C7-H20),bond,6.969874236176733,+,0.2654168336562064,0.3480951950804118
54,3038.9164479795063,,,C-H stretching,nu(C1-H12),bond,1.2013648353257864,-,-0.11224874359338965,0.33546093490188217
54,3038.9164479795063,,,C-H stretching,nu(C1-H10),bond,0.6363798563423553,-,-0.08118378587115412,0.3397096146008398
54,3038.9164479795063,,,C-H stretching,nu(C1-H11),bond,0.5890284097524804,-,-0.07806881739120487,0.3400251612828106
54,3038.9164479795063,,,C-H stretching,nu(C3-H13),bond,0.4928780300255646,+,0.07191211105308896,0.33532458692209965
54,3038.9164479795063,,,C-H stretching,nu(C3-H15),bond,0.39413329516219864,+,0.06433453689939761,0.33503083561306585
54,3038.9164479795063,,,C-H stretching,nu(C3-H14),bond,0.12323427793036727,+,0.035818359064347945,0.3379482234159411
54,3038.9164479795063,,,C-H stretching,nu(C8-H21),bond,0.1016280784139004,+,0.03416674135602269,0.30629267332827326
54,3038.9164479795063,,,C-H stretching,nu(C4-H16),bond,0.09423321051347577,+,0.03144544364963715,0.3352884162928494
54,3038.9164479795063,,,C-H stretching,nu(C4-H18),bond,0.09380825418395192,+,0.03137901072678284,0.33519117262733306
54,3038.9164479795063,,,C-H stretching,delta(H19-C7-H20),angle,0.07973217613712599,-,-0.03331814923524363,0.25269805183984145
54,3038.9164479795063,,,C-H stretching,delta(C5-C7-C8),angle,0.07951315509134922,+,0.029332530374536977,0.32513965682623924
54,3038.9164479795063,,,C-H stretching,nu(C7-C8),bond,0.060484808267758775,-,-0.02916030675035661,0.25026040691544066
54,3038.9164479795063,,,C-H stretching,nu(C5-C7),bond,0.05749519291228519,-,-0.029331437532747848,0.2351228587387024
54,3038.9164479795063,,,C-H stretching,delta(C5-C7-H20),angle,0.027318643844582033,+,0.017292835896692133,0.3214080207257505
54,3038.9164479795063,,,C-H stretching,delta(C8-C7-H20),angle,0.023220616395184055,+,0.016076861476056654,0.3160830584568552
54,3038.9164479795063,,,C-H stretching,delta(C8-C7-H19),angle,0.015799562852416675,-,-0.015057284599215797,0.24517815193377318
54,3038.9164479795063,,,C-H stretching,nu(C4-H17),bond,0.01471689922818139,+,0.0123716352129646,0.33829230452961256
54,3038.9164479795063,,,C-H stretching,"gamma(C7;C5,C2,O6)",oop,0.013298931951950595,+,0.019617774059091566,0.12157585193261175
54,3038.9164479795063,,,C-H stretching,"gamma(H21;C8,C7,O9)",oop,0.012239973097495813,-,-0.02151074498064642,0.09306782716686272
54,3038.9164479795063,,,C-H stretching,delta(C2-C5-C7),angle,0.007134149715853189,-,-0.00708637336062346,0.49983213360108397
54,3038.9164479795063,,,C-H stretching,tau(C1-C2-C5-C7),dihedral,0.006471863647135022,+,0.022881175676289812,0.04349133132405001
54,3038.9164479795063,,,C-H stretching,nu(C1-C2),bond,0.004352688926621393,+,0.007498374782269196,0.27236629187229455
54,3038.9164479795063,,,C-H stretching,nu(C8-O9),bond,0.0020679007938582726,-,-0.0029098537287778206,0.8592457588862482
54,3038.9164479795063,,,C-H stretching,tau(H20-C7-C8-H21),dihedral,0.0019175758931016123,+,0.022573538245287017,0.013239857220979551
54,3038.9164479795063,,,C-H stretching,nu(C2-C3),bond,0.0015344470594138686,-,-0.004575684405493726,0.25785158094323446
54,3038.9164479795063,,,C-H stretching,delta(H13-C3-H15),angle,0.001006479625785072,-,-0.0027784375955175545,0.4587052477560685
54,3038.9164479795063,,,C-H stretching,delta(C2-C1-H10),angle,0.0006745357331131657,-,-0.002729604970147289,0.31851902309095165
54,3038.9164479795063,,,C-H stretching,delta(H10-C1-H12),angle,0.0006630640892611488,+,0.002893875781130339,0.2785644886096331
54,3038.9164479795063,,,C-H stretching,tau(C2-C5-C7-C8),dihedral,0.0006548383947258461,+,0.011805041676361306,0.016532140990367292
54,3038.9164479795063,,,C-H stretching,delta(H11-C1-H12),angle,0.0005772482379728004,+,0.0027478841557434584,0.26896501294538183
54,3038.9164479795063,,,C-H stretching,nu(C2-C4),bond,0.00032570412329200395,-,-0.002107405929255953,0.258022082351197
54,3038.9164479795063,,,C-H stretching,delta(O9-C8-H21),angle,0.00023593214111132583,-,-0.00167987731644374,0.2941453531375008
54,3038.9164479795063,,,C-H stretching,delta(H13-C3-H14),angle,0.0001496041343621659,-,-0.0010692710141830364,0.46036046686424154
54,3038.9164479795063,,,C-H stretching,tau(C1-C2-C3-H14),dihedral,0.00014289653794091227,-,-0.001080159327022222,0.43089959044862763
54,3038.9164479795063,,,C-H stretching,delta(H10-C1-H11),angle,0.00013305652053372915,+,0.0013083557875862518,0.27347300138974184
54,3038.9164479795063,,,C-H stretching,"gamma(H16;C4,H17,H18)",oop,0.00012673336891352527,+,0.0014112621226556803,0.22387501255021114
54,3038.9164479795063,,,C-H stretching,delta(C2-C3-H15),angle,0.0001000435450655132,+,0.0010606775808068548,0.31286163337936146
54,3038.9164479795063,,,C-H stretching,delta(C2-C1-H12),angle,7.680976481498823e-05,-,-0.0009204525363879118,0.3189654565728886
54,3038.9164479795063,,,C-H stretching,tau(C4-C2-C3-H15),dihedral,6.780344329050008e-05,+,0.0007354303796583633,0.44106097360664287
54,3038.9164479795063,,,C-H stretching,delta(C2-C3-H13),angle,5.085270130026475e-05,+,0.0005886121096791222,0.5163993140346653
54,3038.9164479795063,,,C-H stretching,delta(C4-C2-C5),angle,3.8327602286309375e-05,-,-0.0004829005573284085,0.5782641285567409
54,3038.9164479795063,,,C-H stretching,delta(C3-C2-C4),angle,3.350887973626622e-05,-,-0.000520926863786075,0.43444661207745067
54,3038.9164479795063,,,C-H stretching,delta(C3-C2-C5),angle,2.788670544197861e-05,-,-0.0004120023623749704,0.5779999640555233
54,3038.9164479795063,,,C-H stretching,tau(C1-C2-C4-H17),dihedral,2.5941963271726593e-05,+,0.0007174860322187034,0.1772988640303949
54,3038.9164479795063,,,C-H stretching,delta(H14-C3-H15),angle,1.976419114901073e-05,-,-0.00040680215595810965,0.4201869577691483
54,3038.9164479795063,,,C-H stretching,nu(C2-C5),bond,1.8476830195507636e-05,-,-0.0005196001420937259,0.24077919590071512
54,3038.9164479795063,,,C-H stretching,nu(C5-O6),bond,1.6981556200109108e-05,+,0.0002695337775339311,0.8223962194579738
54,3038.9164479795063,,,C-H stretching,delta(C1-C2-C3),angle,1.5728752520178298e-05,+,0.00030995303909790684,0.5760132793691867
54,3038.9164479795063,,,C-H stretching,delta(C2-C4-H16),angle,5.101375055822915e-06,+,0.00023927008685108094,0.31350209999061956
54,3038.9164479795063,,,C-H stretching,delta(C2-C4-H18),angle,3.399176689775246e-06,+,0.00017653290495727006,0.38375356114596126
54,3038.9164479795063,,,C-H stretching,delta(C2-C5-O6),angle,3.037180609826917e-06,+,0.00013979362288784025,0.5467967349904848
54,3038.9164479795063,,,C-H stretching,tau(C3-C2-C4-H16),dihedral,1.837076848718978e-06,+,0.00019279625831403665,0.17388420593529577
54,3038.9164479795063,,,C-H stretching,tau(H12-C1-C2-C5),dihedral,7.362124789385739e-07,-,-0.0003190412377383993,0.02544717321698012
54,3038.9164479795063,,,C-H stretching,delta(H17-C4-H18),angle,2.3547423226867155e-07,+,5.631701807268242e-05,0.26121258767795735
54,3038.9164479795063,,,C-H stretching,delta(C7-C8-O9),angle,2.344229467598519e-07,-,-4.674482935619234e-05,0.3774530837938862
55,3043.355077730569,,,C-H stretching,nu(C1-H12),bond,41.04548804637745,+,0.651483924864383,0.33546093490188217
55,3043.355077730569,,,C-H stretching,nu(C1-H10),bond,21.525180802995408,+,0.46882574599211724,0.3397096146008398
55,3043.355077730569,,,C-H stretching,nu(C1-H11),bond,20.693423763171037,+,0.4594651928937901,0.3400251612828106
55,3043.355077730569,,,C-H stretching,nu(C4-H16),bond,3.1747912564182106,+,0.18123425282360012,0.3352884162928494
55,3043.355077730569,,,C-H stretching,nu(C3-H15),bond,3.094497226157127,+,0.1789965363231747,0.33503083561306585
55,3043.355077730569,,,C-H stretching,nu(C4-H18),bond,2.5881167388327886,+,0.16365814074543453,0.33519117262733306
55,3043.355077730569,,,C-H stretching,nu(C3-H13),bond,2.3165539722302224,+,0.1548033950182244,0.33532458692209965
55,3043.355077730569,,,C-H stretching,nu(C4-H17),bond,2.0882090510343754,+,0.146329839502208,0.33829230452961256
55,3043.355077730569,,,C-H stretching,nu(C3-H14),bond,2.0074503320384003,+,0.14354540309962616,0.3379482234159411
55,3043.355077730569,,,C-H stretching,nu(C7-H19),bond,1.1316689430055855,+,0.10918018630433278,0.32931815426212097
55,3043.355077730569,,,C-H stretching,nu(C1-C2),bond,0.1512191502218844,-,-0.043885261057054904,0.27236629187229455
55,3043.355077730569,,,C-H stretching,delta(C2-C1-H10),angle,0.027194268326351443,+,0.017209290682069223,0.31851902309095165
55,3043.355077730569,,,C-H stretching,delta(H10-C1-H12),angle,0.02624312945582021,-,-0.01807743897517999,0.2785644886096331
55,3043.355077730569,,,C-H stretching,delta(H11-C1-H12),angle,0.024027106515719654,-,-0.01760332917652808,0.26896501294538183
55,3043.355077730569,,,C-H stretching,nu(C7-H20),bond,0.023646964184549587,+,0.015350787193480892,0.3480951950804118
55,3043.355077730569,,,C-H stretching,nu(C2-C4),bond,0.013513702963368941,-,-0.013478784041806515,0.258022082351197
55,3043.355077730569,,,C-H stretching,nu(C2-C3),bond,0.01265388594594251,-,-0.013047251297477388,0.25785158094323446
55,3043.355077730569,,,C-H stretching,"gamma(H16;C4,H17,H18)",oop,0.009953109586222966,+,0.01241848307984698,0.22387501255021114
55,3043.355077730569,,,C-H stretching,delta(H10-C1-H11),angle,0.006662143068607618,-,-0.009192671005540236,0.27347300138974184
55,3043.355077730569,,,C-H stretching,delta(C2-C1-H12),angle,0.005739893037442283,+,0.007900817718805552,0.3189654565728886
55,3043.355077730569,,,C-H stretching,delta(H13-C3-H15),angle,0.004431995791251592,-,-0.0057892830542581935,0.4587052477560685
55,3043.355077730569,,,C-H stretching,delta(C2-C3-H13),angle,0.003752585153544476,+,0.005020701692265391,0.5163993140346653
55,3043.355077730569,,,C-H stretching,delta(H14-C3-H15),angle,0.003446865011279638,-,-0.005334366150735974,0.4201869577691483
55,3043.355077730569,,,C-H stretching,nu(C8-H21),bond,0.00284252719142228,+,0.005673825545954881,0.30629267332827326
55,3043.355077730569,,,C-H stretching,delta(C2-C4-H18),angle,0.002658483546460758,+,0.004902106561776689,0.38375356114596126
55,3043.355077730569,,,C-H stretching,tau(C1-C2-C3-H14),dihedral,0.002413766687683923,+,0.0044081013650303195,0.43089959044862763
55,3043.355077730569,,,C-H stretching,delta(H13-C3-H14),angle,0.0022764095792589525,-,-0.00414160007615181,0.46036046686424154
55,3043.355077730569,,,C-H stretching,delta(H17-C4-H18),angle,0.0015121669396421405,-,-0.004481204746740865,0.26121258767795735
55,3043.355077730569,,,C-H stretching,delta(C1-C2-C3),angle,0.0014777290403402564,+,0.0029831364926336318,0.5760132793691867
55,3043.355077730569,,,C-H stretching,delta(C2-C4-H16),angle,0.001260789745630351,+,0.003735021236356953,0.31350209999061956
55,3043.355077730569,,,C-H stretching,delta(C2-C3-H15),angle,0.001104220408147302,+,0.0034989980400368607,0.31286163337936146
55,3043.355077730569,,,C-H stretching,tau(C1-C2-C4-H17),dihedral,0.0009700005399095003,-,-0.004356372221665866,0.1772988640303949
55,3043.355077730569,,,C-H stretching,delta(C5-C7-C8),angle,0.0009270951387772921,+,0.00314498913231629,0.32513965682623924
55,3043.355077730569,,,C-H stretching,nu(C7-C8),bond,0.0007805351947087414,-,-0.0032892140798439352,0.25026040691544066
55,3043.355077730569,,,C-H stretching,delta(H19-C7-H20),angle,0.0007527411509363459,-,-0.003214503116267552,0.25269805183984145
55,3043.355077730569,,,C-H stretching,nu(C5-O6),bond,0.0006191553058553838,+,0.0016160366857967848,0.8223962194579738
55,3043.355077730569,,,C-H stretching,delta(C8-C7-H20),angle,0.0004912870134690015,+,0.0023219828154407178,0.3160830584568552
55,3043.355077730569,,,C-H stretching,delta(C3-C2-C4),angle,0.0003821067559232946,-,-0.0017466911484272589,0.43444661207745067
55,3043.355077730569,,,C-H stretching,nu(C2-C5),bond,0.0003495697635262231,-,-0.0022441372735262795,0.24077919590071512
55,3043.355077730569,,,C-H stretching,nu(C5-C7),bond,0.00031816273514021057,-,-0.0021665524017230957,0.2351228587387024
55,3043.355077730569,,,C-H stretching,delta(C8-C7-H19),angle,0.00029940093448247216,-,-0.0020581530207790808,0.24517815193377318
55,3043.355077730569,,,C-H stretching,delta(C5-C7-H20),angle,0.0001795061273219754,+,0.0013918846719124802,0.3214080207257505
55,3043.355077730569,,,C-H stretching,"gamma(H21;C8,C7,O9)",oop,0.00017040457017581436,-,-0.002520187193798388,0.09306782716686272
55,3043.355077730569,,,C-H stretching,"gamma(C7;C5,C2,O6)",oop,0.000164932346310317,+,0.0021693080431415238,0.12157585193261175
55,3043.355077730569,,,C-H stretching,tau(C1-C2-C5-C7),dihedral,9.41567166923859e-05,+,0.002740414586762742,0.04349133132405001
55,3043.355077730569,,,C-H stretching,tau(H20-C7-C8-H21),dihedral,1.7493979071552364e-05,+,0.0021408913088386285,0.013239857220979551
55,3043.355077730569,,,C-H stretching,delta(O9-C8-H21),angle,1.6714346242797528e-05,-,-0.00044397209059954756,0.2941453531375008
55,3043.355077730569,,,C-H stretching,delta(C2-C5-C7),angle,1.5175458837396075e-05,-,-0.00032452697205722,0.49983213360108397
55,3043.355077730569,,,C-H stretching,tau(C2-C5-C7-C8),dihedral,1.1056044880322127e-05,+,0.0015230961310092146,0.016532140990367292
55,3043.355077730569,,,C-H stretching,delta(C2-C5-O6),angle,8.323846265171949e-06,+,0.00022979524483699451,0.5467967349904848
55,3043.355077730569,,,C-H stretching,nu(C8-O9),bond,5.999779563921874e-06,-,-0.0001556327234143153,0.8592457588862482
55,3043.355077730569,,,C-H stretching,tau(C3-C2-C4-H16),dihedral,5.746693401128778e-06,-,-0.00033858749474410246,0.17388420593529577
55,3043.355077730569,,,C-H stretching,delta(C7-C8-O9),angle,5.142187957219642e-06,-,-0.00021738744245713754,0.3774530837938862
55,3043.355077730569,,,C-H stretching,delta(C4-C2-C5),angle,2.1441896886067356e-06,-,-0.00011341237466430203,0.5782641285567409
55,3043.355077730569,,,C-H stretching,delta(C3-C2-C5),angle,1.5497723498104307e-06,+,9.644106930023972e-05,0.5779999640555233
55,3043.355077730569,,,C-H stretching,tau(H12-C1-C2-C5),dihedral,3.160100436931478e-07,+,0.00020754995262894807,0.02544717321698012
55,3043.355077730569,,,C-H stretching,tau(C4-C2-C3-H15),dihedral,2.5873732527288896e-07,+,4.510993433009181e-05,0.44106097360664287
56,3095.537087431577,,,mixed-phase C-H stretching,nu(C3-H13),bond,34.53466851468392,+,0.6192648902945197,0.33532458692209965
56,3095.537087431577,,,mixed-phase C-H stretching,nu(C3-H15),bond,25.370177231274475,-,-0.5310077646742428,0.33503083561306585
56,3095.537087431577,,,mixed-phase C-H stretching,nu(C4-H18),bond,21.42226299886175,-,-0.48782931903350385,0.33519117262733306
56,3095.537087431577,,,mixed-phase C-H stretching,nu(C4-H16),bond,16.11494491388416,+,0.42304508061706814,0.3352884162928494
56,3095.537087431577,,,mixed-phase C-H stretching,nu(C4-H17),bond,0.5030332714274273,+,0.07441042884586474,0.33829230452961256
56,3095.537087431577,,,mixed-phase C-H stretching,nu(C3-H14),bond,0.4876816220187454,-,-0.07330348499140554,0.3379482234159411
56,3095.537087431577,,,mixed-phase C-H stretching,nu(C1-H10),bond,0.44356969791143763,+,0.06972821168293937,0.3397096146008398
56,3095.537087431577,,,mixed-phase C-H stretching,delta(C2-C3-H13),angle,0.1654078380988253,-,-0.034535577741445674,0.5163993140346653
56,3095.537087431577,,,mixed-phase C-H stretching,tau(C1-C2-C3-H14),dihedral,0.11767802270461329,-,-0.03188901845923916,0.43089959044862763
56,3095.537087431577,,,mixed-phase C-H stretching,tau(C4-C2-C3-H15),dihedral,0.10284181171876905,+,0.02946571980940588,0.44106097360664287
56,3095.537087431577,,,mixed-phase C-H stretching,delta(H14-C3-H15),angle,0.09164057307612887,+,0.02849732697227924,0.4201869577691483
56,3095.537087431577,,,mixed-phase C-H stretching,delta(C2-C4-H18),angle,0.08164670465148847,+,0.02814651517229977,0.38375356114596126
56,3095.537087431577,,,mixed-phase C-H stretching,nu(C1-H11),bond,0.08008601496397062,-,-0.029614494617443875,0.3400251612828106
56,3095.537087431577,,,mixed-phase C-H stretching,delta(H13-C3-H14),angle,0.07607498772843015,-,-0.02480581188407733,0.46036046686424154
56,3095.537087431577,,,mixed-phase C-H stretching,delta(C3-C2-C5),angle,0.07395941683186605,-,-0.021828020081289604,0.5779999640555233
56,3095.537087431577,,,mixed-phase C-H stretching,delta(C2-C3-H15),angle,0.0696764169268676,+,0.02879706732583322,0.31286163337936146
56,3095.537087431577,,,mixed-phase C-H stretching,nu(C1-H12),bond,0.06282802678431915,-,-0.026408105414560977,0.33546093490188217
56,3095.537087431577,,,mixed-phase C-H stretching,delta(C4-C2-C5),angle,0.04674815001598599,+,0.01735004476057711,0.5782641285567409
56,3095.537087431577,,,mixed-phase C-H stretching,delta(C2-C4-H16),angle,0.041998133038104776,-,-0.02233450217114879,0.31350209999061956
56,3095.537087431577,,,mixed-phase C-H stretching,tau(C3-C2-C4-H16),dihedral,0.04051312057629956,+,0.029454339707426218,0.17388420593529577
56,3095.537087431577,,,mixed-phase C-H stretching,tau(C1-C2-C4-H17),dihedral,0.026397669935883605,-,-0.023545685126656935,0.1772988640303949
56,3095.537087431577,,,mixed-phase C-H stretching,delta(H17-C4-H18),angle,0.026122707108208864,+,0.019297166813267107,0.26121258767795735
56,3095.537087431577,,,mixed-phase C-H stretching,"gamma(H16;C4,H17,H18)",oop,0.007988053632747915,+,0.01152654594618624,0.22387501255021114
56,3095.537087431577,,,mixed-phase C-H stretching,delta(C1-C2-C3),angle,0.003391892348331114,+,0.00468259172743526,0.5760132793691867
56,3095.537087431577,,,mixed-phase C-H stretching,nu(C7-H19),bond,0.003062876837046891,-,-0.0058848912506221235,0.32931815426212097
56,3095.537087431577,,,mixed-phase C-H stretching,delta(C3-C2-C4),angle,0.0015347888880388625,+,0.0036269170826556192,0.43444661207745067
56,3095.537087431577,,,mixed-phase C-H stretching,delta(C2-C1-H10),angle,0.0015279654972549413,-,-0.0042263999991073945,0.31851902309095165
56,3095.537087431577,,,mixed-phase C-H stretching,delta(H13-C3-H15),angle,0.001217809769811295,-,-0.003144158158203412,0.4587052477560685
56,3095.537087431577,,,mixed-phase C-H stretching,delta(C2-C1-H12),angle,0.0003652870123326963,+,0.00206503207086609,0.3189654565728886
56,3095.537087431577,,,mixed-phase C-H stretching,delta(H11-C1-H12),angle,0.0002995429011431666,+,0.002036400204191718,0.26896501294538183
56,3095.537087431577,,,mixed-phase C-H stretching,delta(H10-C1-H11),angle,0.0001590135807794843,-,-0.001471436048271068,0.27347300138974184
56,3095.537087431577,,,mixed-phase C-H stretching,nu(C7-H20),bond,0.00012664841688680566,-,-0.0011639447875091396,0.3480951950804118
56,3095.537087431577,,,mixed-phase C-H stretching,delta(H10-C1-H12),angle,8.575431128690033e-05,-,-0.0010706477708355732,0.2785644886096331
56,3095.537087431577,,,mixed-phase C-H stretching,tau(C1-C2-C5-C7),dihedral,6.962788935414842e-05,+,0.0024415845913255216,0.04349133132405001
56,3095.537087431577,,,mixed-phase C-H stretching,nu(C8-H21),bond,5.817746259298263e-05,+,0.0008409895413838894,0.30629267332827326
56,3095.537087431577,,,mixed-phase C-H stretching,nu(C2-C4),bond,4.416513615973108e-05,-,-0.0007983491371147342,0.258022082351197
56,3095.537087431577,,,mixed-phase C-H stretching,tau(H12-C1-C2-C5),dihedral,3.107168906257432e-05,+,0.002132279685769942,0.02544717321698012
56,3095.537087431577,,,mixed-phase C-H stretching,nu(C2-C3),bond,2.597659941006349e-05,+,0.0006124741456944711,0.25785158094323446
56,3095.537087431577,,,mixed-phase C-H stretching,nu(C8-O9),bond,1.4036347727373684e-05,+,0.0002466322540019251,0.8592457588862482
56,3095.537087431577,,,mixed-phase C-H stretching,nu(C1-C2),bond,1.2881607194521558e-05,-,-0.00041965254200751093,0.27236629187229455
56,3095.537087431577,,,mixed-phase C-H stretching,delta(C8-C7-H19),angle,5.863988298586029e-06,+,0.00029842635553906316,0.24517815193377318
56,3095.537087431577,,,mixed-phase C-H stretching,delta(O9-C8-H21),angle,4.4417216046415235e-06,-,-0.00023712436598508714,0.2941453531375008
56,3095.537087431577,,,mixed-phase C-H stretching,delta(C5-C7-H20),angle,3.6185215458121736e-06,-,-0.0002047475612480584,0.3214080207257505
56,3095.537087431577,,,mixed-phase C-H stretching,nu(C2-C5),bond,3.3198894577835596e-06,-,-0.00022658640190322544,0.24077919590071512
56,3095.537087431577,,,mixed-phase C-H stretching,"gamma(C7;C5,C2,O6)",oop,1.926300041434148e-06,+,0.00024289569496894337,0.12157585193261175
56,3095.537087431577,,,mixed-phase C-H stretching,nu(C5-C7),bond,1.8470411872669855e-06,+,0.00017103003103478473,0.2351228587387024
56,3095.537087431577,,,mixed-phase C-H stretching,delta(C2-C5-C7),angle,1.711122235972713e-06,+,0.0001129041595686582,0.49983213360108397
56,3095.537087431577,,,mixed-phase C-H stretching,delta(C8-C7-H20),angle,1.2738420850174439e-06,+,0.0001225007360814432,0.3160830584568552
56,3095.537087431577,,,mixed-phase C-H stretching,nu(C5-O6),bond,1.196246139065596e-06,+,7.359549543316883e-05,0.8223962194579738
56,3095.537087431577,,,mixed-phase C-H stretching,nu(C7-C8),bond,5.094646259991629e-07,-,-8.706476968044532e-05,0.25026040691544066
56,3095.537087431577,,,mixed-phase C-H stretching,delta(C7-C8-O9),angle,2.38190703309448e-07,+,4.847439815905731e-05,0.3774530837938862
56,3095.537087431577,,,mixed-phase C-H stretching,delta(H19-C7-H20),angle,2.3318305311081402e-07,-,-5.861773815421644e-05,0.25269805183984145
56,3095.537087431577,,,mixed-phase C-H stretching,delta(C2-C5-O6),angle,1.9377876066271845e-07,-,-3.632633987665797e-05,0.5467967349904848
56,3095.537087431577,,,mixed-phase C-H stretching,"gamma(H21;C8,C7,O9)",oop,1.817145167876185e-07,+,8.526612681670549e-05,0.09306782716686272
56,3095.537087431577,,,mixed-phase C-H stretching,tau(C2-C5-C7-C8),dihedral,2.601341968418356e-08,-,-7.654479863971867e-05,0.016532140990367292
56,3095.537087431577,,,mixed-phase C-H stretching,tau(H20-C7-C8-H21),dihedral,4.487884251675809e-09,-,-3.552717572905373e-05,0.013239857220979551
56,3095.537087431577,,,mixed-phase C-H stretching,delta(C5-C7-C8),angle,3.4561392201487016e-10,+,1.9894918024284575e-06,0.32513965682623924
57,3096.5118901725077,,,mixed-phase C-H stretching,nu(C4-H18),bond,30.811160419705775,-,-0.5848241745583387,0.33519117262733306
57,3096.5118901725077,,,mixed-phase C-H stretching,nu(C4-H16),bond,26.097110368991615,+,0.5381514462360467,0.3352884162928494
57,3096.5118901725077,,,mixed-phase C-H stretching,nu(C3-H13),bond,18.763412154040072,-,-0.4562898260548985,0.33532458692209965
57,3096.5118901725077,,,mixed-phase C-H stretching,nu(C3-H15),bond,15.646617230640679,+,0.4168553831917202,0.33503083561306585
57,3096.5118901725077,,,mixed-phase C-H stretching,nu(C1-H12),bond,3.4929279943955818,+,0.1968300556624101,0.33546093490188217
57,3096.5118901725077,,,mixed-phase C-H stretching,nu(C1-H11),bond,2.1262707195199453,-,-0.15253563945212328,0.3400251612828106
57,3096.5118901725077,,,mixed-phase C-H stretching,nu(C1-H10),bond,1.9853568976589555,-,-0.1474629611488464,0.3397096146008398
57,3096.5118901725077,,,mixed-phase C-H stretching,nu(C4-H17),bond,0.17126461784621624,+,0.043401560115008384,0.33829230452961256
57,3096.5118901725077,,,mixed-phase C-H stretching,delta(C3-C2-C4),angle,0.12599898359488687,-,-0.032849812029114286,0.43444661207745067
57,3096.5118901725077,,,mixed-phase C-H stretching,tau(C1-C2-C3-H14),dihedral,0.10356106172154783,+,0.029903896561716797,0.43089959044862763
57,3096.5118901725077,,,mixed-phase C-H stretching,delta(C2-C4-H18),angle,0.10186801103760638,+,0.0314275321512104,0.38375356114596126
57,3096.5118901725077,,,mixed-phase C-H stretching,delta(C2-C3-H13),angle,0.0776811244921661,+,0.02365824357769325,0.5163993140346653
57,3096.5118901725077,,,mixed-phase C-H stretching,delta(C2-C4-H16),angle,0.07049444321998524,-,-0.02892509477121994,0.31350209999061956
57,3096.5118901725077,,,mixed-phase C-H stretching,delta(C4-C2-C5),angle,0.0641291530125676,+,0.02031338038230586,0.5782641285567409
57,3096.5118901725077,,,mixed-phase C-H stretching,tau(C1-C2-C4-H17),dihedral,0.063174082394445,-,-0.0364111226914733,0.1772988640303949
57,3096.5118901725077,,,mixed-phase C-H stretching,delta(H14-C3-H15),angle,0.0480888780689929,-,-0.02063567188138552,0.4201869577691483
57,3096.5118901725077,,,mixed-phase C-H stretching,delta(H13-C3-H14),angle,0.04500673105349871,+,0.01907248577047508,0.46036046686424154
57,3096.5118901725077,,,mixed-phase C-H stretching,delta(C2-C3-H15),angle,0.04432719296490273,-,-0.022960245972690616,0.31286163337936146
57,3096.5118901725077,,,mixed-phase C-H stretching,delta(H17-C4-H18),angle,0.04107045514722489,+,0.024187182554260542,0.26121258767795735
57,3096.5118901725077,,,mixed-phase C-H stretching,delta(C3-C2-C5),angle,0.03848332785879837,+,0.015739465501514602,0.5779999640555233
57,3096.5118901725077,,,mixed-phase C-H stretching,nu(C3-H14),bond,0.027180201309534358,+,0.01729891345676918,0.3379482234159411
57,3096.5118901725077,,,mixed-phase C-H stretching,delta(C2-C1-H12),angle,0.020351766107793476,-,-0.015408018834821574,0.3189654565728886
57,3096.5118901725077,,,mixed-phase C-H stretching,"gamma(H16;C4,H17,H18)",oop,0.009676413148252195,+,0.012681539103781742,0.22387501255021114
57,3096.5118901725077,,,mixed-phase C-H stretching,delta(H10-C1-H11),angle,0.00826041320804865,+,0.01060135146925594,0.27347300138974184
57,3096.5118901725077,,,mixed-phase C-H stretching,nu(C7-H20),bond,0.0031824460410706805,-,-0.0058324239611232806,0.3480951950804118
57,3096.5118901725077,,,mixed-phase C-H stretching,delta(C2-C1-H10),angle,0.002893549805903831,+,0.0058138707003225236,0.31851902309095165
57,3096.5118901725077,,,mixed-phase C-H stretching,nu(C7-H19),bond,0.0027742147910226446,+,0.005598604391448845,0.32931815426212097
57,3096.5118901725077,,,mixed-phase C-H stretching,delta(C1-C2-C3),angle,0.0017216141316054331,+,0.003334795731219589,0.5760132793691867
57,3096.5118901725077,,,mixed-phase C-H stretching,tau(C3-C2-C4-H16),dihedral,0.0013807240650563122,+,0.0054355182008241285,0.17388420593529577
57,3096.5118901725077,,,mixed-phase C-H stretching,delta(H10-C1-H12),angle,0.0010068510637561742,-,-0.0036672229689294396,0.2785644886096331
57,3096.5118901725077,,,mixed-phase C-H stretching,delta(H11-C1-H12),angle,0.0009095875874657296,-,-0.0035472511868249804,0.26896501294538183
57,3096.5118901725077,,,mixed-phase C-H stretching,delta(H13-C3-H15),angle,0.0008026463744688706,+,0.0025516014788638203,0.4587052477560685
57,3096.5118901725077,,,mixed-phase C-H stretching,nu(C1-C2),bond,0.000757307781999215,+,0.0032164522323713143,0.27236629187229455
57,3096.5118901725077,,,mixed-phase C-H stretching,nu(C2-C4),bond,0.00029538991529845233,-,-0.0020638920090591396,0.258022082351197
57,3096.5118901725077,,,mixed-phase C-H stretching,tau(C4-C2-C3-H15),dihedral,0.00024724911333045597,+,0.0014442275684329272,0.44106097360664287
57,3096.5118901725077,,,mixed-phase C-H stretching,nu(C2-C5),bond,0.0002057709477809994,+,0.0017832002831524114,0.24077919590071512
57,3096.5118901725077,,,mixed-phase C-H stretching,nu(C2-C3),bond,0.00012690110230337965,-,-0.0013532105448560547,0.25785158094323446
57,3096.5118901725077,,,mixed-phase C-H stretching,nu(C5-O6),bond,7.138258691034137e-05,-,-0.0005682941220843588,0.8223962194579738
57,3096.5118901725077,,,mixed-phase C-H stretching,delta(C2-C5-C7),angle,6.424220892323716e-05,-,-0.0006915374777350877,0.49983213360108397
57,3096.5118901725077,,,mixed-phase C-H stretching,nu(C8-H21),bond,1.6330018227455106e-05,-,-0.00044539219874703675,0.30629267332827326
57,3096.5118901725077,,,mixed-phase C-H stretching,delta(C5-C7-H20),angle,1.6104217812423846e-05,+,0.0004317765362669719,0.3214080207257505
57,3096.5118901725077,,,mixed-phase C-H stretching,delta(C8-C7-H19),angle,1.3125064174296655e-05,-,-0.00044630053714223754,0.24517815193377318
57,3096.5118901725077,,,mixed-phase C-H stretching,delta(C2-C5-O6),angle,1.2602188142558045e-05,+,0.0002928381122413086,0.5467967349904848
57,3096.5118901725077,,,mixed-phase C-H stretching,delta(C8-C7-H20),angle,9.060305659187266e-06,+,0.00032657910199757013,0.3160830584568552
57,3096.5118901725077,,,mixed-phase C-H stretching,delta(C7-C8-O9),angle,7.3673547485515274e-06,-,-0.00026948951792370873,0.3774530837938862
57,3096.5118901725077,,,mixed-phase C-H stretching,nu(C5-C7),bond,5.118881185804054e-06,+,0.0002846149268449621,0.2351228587387024
57,3096.5118901725077,,,mixed-phase C-H stretching,delta(C5-C7-C8),angle,2.4410938672471635e-06,-,-0.00016713786246685573,0.32513965682623924
57,3096.5118901725077,,,mixed-phase C-H stretching,delta(H19-C7-H20),angle,1.2631136181095096e-06,+,0.00013637596515778848,0.25269805183984145
57,3096.5118901725077,,,mixed-phase C-H stretching,"gamma(H21;C8,C7,O9)",oop,1.244751208980209e-06,-,-0.00022307919384972305,0.09306782716686272
57,3096.5118901725077,,,mixed-phase C-H stretching,nu(C7-C8),bond,6.909688193177282e-07,+,0.00010135629504601127,0.25026040691544066
57,3096.5118901725077,,,mixed-phase C-H stretching,tau(C2-C5-C7-C8),dihedral,6.755345189296505e-07,+,0.00038992115478666916,0.016532140990367292
57,3096.5118901725077,,,mixed-phase C-H stretching,tau(C1-C2-C5-C7),dihedral,6.585049359921683e-07,+,0.00023735355542683925,0.04349133132405001
57,3096.5118901725077,,,mixed-phase C-H stretching,"gamma(C7;C5,C2,O6)",oop,5.428422307064648e-07,+,0.00012889341424186034,0.12157585193261175
57,3096.5118901725077,,,mixed-phase C-H stretching,delta(O9-C8-H21),angle,1.375902294039657e-07,+,4.171866252775238e-05,0.2941453531375008
57,3096.5118901725077,,,mixed-phase C-H stretching,tau(H12-C1-C2-C5),dihedral,1.1352502667873508e-07,+,0.00012883789147000768,0.02544717321698012
57,3096.5118901725077,,,mixed-phase C-H stretching,tau(H20-C7-C8-H21),dihedral,2.940207215474053e-09,+,2.874517083381814e-05,0.013239857220979551
57,3096.5118901725077,,,mixed-phase C-H stretching,nu(C8-O9),bond,2.4493725316855187e-09,+,3.2567640718810385e-06,0.8592457588862482
58,3103.6887531526054,,,mixed-phase C-H stretching,nu(C3-H14),bond,57.865022739573405,+,0.7996725470556206,0.3379482234159411
58,3103.6887531526054,,,mixed-phase C-H stretching,nu(C3-H15),bond,15.176207912170414,-,-0.4113092250765159,0.33503083561306585
58,3103.6887531526054,,,mixed-phase C-H stretching,nu(C4-H17),bond,13.649996714194677,-,-0.3881945382761584,0.33829230452961256
58,3103.6887531526054,,,mixed-phase C-H stretching,nu(C3-H13),bond,6.4748613429194934,-,-0.26854170612521255,0.33532458692209965
58,3103.6887531526054,,,mixed-phase C-H stretching,nu(C4-H16),bond,4.056526507940115,+,0.2125676107121125,0.3352884162928494
58,3103.6887531526054,,,mixed-phase C-H stretching,nu(C4-H18),bond,1.271558674588625,+,0.11902854442085851,0.33519117262733306
58,3103.6887531526054,,,mixed-phase C-H stretching,nu(C1-H11),bond,0.3560748067159226,-,-0.0625380452808623,0.3400251612828106
58,3103.6887531526054,,,mixed-phase C-H stretching,nu(C7-H20),bond,0.2553196716229357,-,-0.05233862764527861,0.3480951950804118
58,3103.6887531526054,,,mixed-phase C-H stretching,tau(C4-C2-C3-H15),dihedral,0.1604487608633459,-,-0.036859384126945186,0.44106097360664287
58,3103.6887531526054,,,mixed-phase C-H stretching,delta(H13-C3-H15),angle,0.1386303109377078,+,0.03359630002434546,0.4587052477560685
58,3103.6887531526054,,,mixed-phase C-H stretching,nu(C1-H10),bond,0.12471853161273407,+,0.03702889752409857,0.3397096146008398
58,3103.6887531526054,,,mixed-phase C-H stretching,delta(C1-C2-C3),angle,0.08936669721367323,-,-0.02407137023133074,0.5760132793691867
58,3103.6887531526054,,,mixed-phase C-H stretching,delta(C2-C3-H15),angle,0.06194759067734627,+,0.027193509672744847,0.31286163337936146
58,3103.6887531526054,,,mixed-phase C-H stretching,nu(C7-H19),bond,0.05937948389749135,+,0.02595013249523713,0.32931815426212097
58,3103.6887531526054,,,mixed-phase C-H stretching,tau(C3-C2-C4-H16),dihedral,0.054292458797480715,-,-0.034148284707168845,0.17388420593529577
58,3103.6887531526054,,,mixed-phase C-H stretching,delta(H13-C3-H14),angle,0.04822276355071988,-,-0.019779087119769247,0.46036046686424154
58,3103.6887531526054,,,mixed-phase C-H stretching,delta(C2-C3-H13),angle,0.04638545171958487,+,0.0183158582352685,0.5163993140346653
58,3103.6887531526054,,,mixed-phase C-H stretching,delta(H14-C3-H15),angle,0.024671453432766558,-,-0.014808302931786192,0.4201869577691483
58,3103.6887531526054,,,mixed-phase C-H stretching,delta(C3-C2-C5),angle,0.01640518046995213,+,0.010295698284834367,0.5779999640555233
58,3103.6887531526054,,,mixed-phase C-H stretching,delta(C2-C4-H16),angle,0.01618952432192316,-,-0.013887562413902595,0.31350209999061956
58,3103.6887531526054,,,mixed-phase C-H stretching,nu(C1-H12),bond,0.014824339796615904,+,0.012846828032580972,0.33546093490188217
58,3103.6887531526054,,,mixed-phase C-H stretching,delta(C2-C4-H18),angle,0.008030356643755378,-,-0.008840369429520533,0.38375356114596126
58,3103.6887531526054,,,mixed-phase C-H stretching,delta(C3-C2-C4),angle,0.008010164006152754,+,0.008298158069597914,0.43444661207745067
58,3103.6887531526054,,,mixed-phase C-H stretching,delta(H17-C4-H18),angle,0.007876596601678302,+,0.010612103029424592,0.26121258767795735
58,3103.6887531526054,,,mixed-phase C-H stretching,delta(C4-C2-C5),angle,0.004405325346185334,-,-0.0053340253369101595,0.5782641285567409
58,3103.6887531526054,,,mixed-phase C-H stretching,nu(C2-C3),bond,0.002105237921986947,-,-0.005521980893343721,0.25785158094323446
58,3103.6887531526054,,,mixed-phase C-H stretching,"gamma(H16;C4,H17,H18)",oop,0.0016762287852638339,+,0.005288019429855146,0.22387501255021114
58,3103.6887531526054,,,mixed-phase C-H stretching,delta(C2-C1-H10),angle,0.0008215537549076554,-,-0.0031036983945366427,0.31851902309095165
58,3103.6887531526054,,,mixed-phase C-H stretching,nu(C2-C4),bond,0.0007732330194260321,+,0.0033454609462123977,0.258022082351197
58,3103.6887531526054,,,mixed-phase C-H stretching,tau(C1-C2-C3-H14),dihedral,0.0007667974275257967,-,-0.0025779915504725564,0.43089959044862763
58,3103.6887531526054,,,mixed-phase C-H stretching,tau(C1-C2-C4-H17),dihedral,0.0007544911436382999,-,-0.003986605882627884,0.1772988640303949
58,3103.6887531526054,,,mixed-phase C-H stretching,delta(H10-C1-H12),angle,0.0007319200779865515,-,-0.0031325510782956325,0.2785644886096331
58,3103.6887531526054,,,mixed-phase C-H stretching,delta(H11-C1-H12),angle,0.0004747212018029258,+,0.0025674419064728084,0.26896501294538183
58,3103.6887531526054,,,mixed-phase C-H stretching,delta(C5-C7-H20),angle,0.00043926390432229284,+,0.0022592464584186627,0.3214080207257505
58,3103.6887531526054,,,mixed-phase C-H stretching,delta(C8-C7-H19),angle,0.0003287463829237611,-,-0.0022377873506747047,0.24517815193377318
58,3103.6887531526054,,,mixed-phase C-H stretching,delta(C2-C5-C7),angle,0.0003085415166363258,-,-0.0015183571018846493,0.49983213360108397
58,3103.6887531526054,,,mixed-phase C-H stretching,delta(C8-C7-H20),angle,0.0002140878920729213,+,0.0015904669548275343,0.3160830584568552
58,3103.6887531526054,,,mixed-phase C-H stretching,delta(C7-C8-O9),angle,0.00018543898413261146,-,-0.0013545599707704575,0.3774530837938862
58,3103.6887531526054,,,mixed-phase C-H stretching,delta(C2-C1-H12),angle,0.0001454463268063788,-,-0.0013049947346615819,0.3189654565728886
58,3103.6887531526054,,,mixed-phase C-H stretching,nu(C5-C7),bond,0.00011546538785460625,+,0.0013542775814436882,0.2351228587387024
58,3103.6887531526054,,,mixed-phase C-H stretching,delta(H19-C7-H20),angle,0.00011212638992339058,+,0.001287307144459715,0.25269805183984145
58,3103.6887531526054,,,mixed-phase C-H stretching,nu(C7-C8),bond,0.00011152306544524308,+,0.0012900765547871154,0.25026040691544066
58,3103.6887531526054,,,mixed-phase C-H stretching,delta(C5-C7-C8),angle,0.00011127703744635075,-,-0.0011305688425761688,0.32513965682623924
58,3103.6887531526054,,,mixed-phase C-H stretching,delta(H10-C1-H11),angle,0.00011045564516271696,+,0.0012281910730239781,0.27347300138974184
58,3103.6887531526054,,,mixed-phase C-H stretching,tau(C1-C2-C5-C7),dihedral,8.15631804697319e-05,+,0.0026465184847864797,0.04349133132405001
58,3103.6887531526054,,,mixed-phase C-H stretching,nu(C8-H21),bond,7.689087988809277e-05,+,0.0009682741057189843,0.30629267332827326
58,3103.6887531526054,,,mixed-phase C-H stretching,nu(C8-O9),bond,5.926469074580375e-05,-,-0.0005075379477883426,0.8592457588862482
58,3103.6887531526054,,,mixed-phase C-H stretching,tau(H12-C1-C2-C5),dihedral,5.1473788637150206e-05,+,0.0027485427806007265,0.02544717321698012
58,3103.6887531526054,,,mixed-phase C-H stretching,tau(C2-C5-C7-C8),dihedral,2.4770145242303253e-05,+,0.002365532575214216,0.016532140990367292
58,3103.6887531526054,,,mixed-phase C-H stretching,nu(C1-C2),bond,1.4408288180717911e-05,-,-0.00044448664903176747,0.27236629187229455
58,3103.6887531526054,,,mixed-phase C-H stretching,"gamma(H21;C8,C7,O9)",oop,1.004277569322038e-05,-,-0.0006348283318260903,0.09306782716686272
58,3103.6887531526054,,,mixed-phase C-H stretching,nu(C5-O6),bond,8.42156939902735e-06,-,-0.0001955623151383096,0.8223962194579738
58,3103.6887531526054,,,mixed-phase C-H stretching,delta(O9-C8-H21),angle,6.5923050732697474e-06,+,0.00028931227424715245,0.2941453531375008
58,3103.6887531526054,,,mixed-phase C-H stretching,nu(C2-C5),bond,2.9721890935725153e-06,+,0.00021471280464404466,0.24077919590071512
58,3103.6887531526054,,,mixed-phase C-H stretching,tau(H20-C7-C8-H21),dihedral,2.198417400212734e-06,+,0.0007874856202727525,0.013239857220979551
58,3103.6887531526054,,,mixed-phase C-H stretching,"gamma(C7;C5,C2,O6)",oop,1.4295179767597596e-06,-,-0.00020955612371550012,0.12157585193261175
58,3103.6887531526054,,,mixed-phase C-H stretching,delta(C2-C5-O6),angle,5.677219393138411e-08,-,-1.969173982725601e-05,0.5467967349904848
59,3106.509232681531,,,mixed-phase C-H stretching,nu(C4-H17),bond,55.90045556132017,+,0.7845255594820401,0.33829230452961256
59,3106.509232681531,,,mixed-phase C-H stretching,nu(C4-H16),bond,14.771529102167138,-,-0.40508758703285336,0.3352884162928494
59,3106.509232681531,,,mixed-phase C-H stretching,nu(C3-H14),bond,12.678914593278202,+,0.3738190567447203,0.3379482234159411
59,3106.509232681531,,,mixed-phase C-H stretching,nu(C4-H18),bond,5.318710254922503,-,-0.24310974209383773,0.33519117262733306
59,3106.509232681531,,,mixed-phase C-H stretching,nu(C3-H15),bond,3.3952070696646293,-,-0.19428363747786254,0.33503083561306585
59,3106.509232681531,,,mixed-phase C-H stretching,nu(C1-H12),bond,2.051739294153501,+,0.15093348312060884,0.33546093490188217
59,3106.509232681531,,,mixed-phase C-H stretching,nu(C1-H10),bond,1.8090635853089636,-,-0.14083755584913624,0.3397096146008398
59,3106.509232681531,,,mixed-phase C-H stretching,nu(C7-H20),bond,1.654663344859686,-,-0.13306115589031572,0.3480951950804118
59,3106.509232681531,,,mixed-phase C-H stretching,nu(C3-H13),bond,1.1495145470075474,-,-0.1129978082006096,0.33532458692209965
59,3106.509232681531,,,mixed-phase C-H stretching,nu(C1-H11),bond,0.6461164095205141,-,-0.0841289252515831,0.3400251612828106
59,3106.509232681531,,,mixed-phase C-H stretching,nu(C7-H19),bond,0.2679371095871608,+,0.055049588972116974,0.32931815426212097
59,3106.509232681531,,,mixed-phase C-H stretching,delta(C3-C2-C4),angle,0.06566254413341033,+,0.023726633857046167,0.43444661207745067
59,3106.509232681531,,,mixed-phase C-H stretching,delta(C2-C4-H16),angle,0.062262649253520645,+,0.027198130529760153,0.31350209999061956
59,3106.509232681531,,,mixed-phase C-H stretching,delta(C2-C4-H18),angle,0.03077664786424008,+,0.017283429855043903,0.38375356114596126
59,3106.509232681531,,,mixed-phase C-H stretching,delta(H13-C3-H15),angle,0.030694867985032567,+,0.015787432749148355,0.4587052477560685
59,3106.509232681531,,,mixed-phase C-H stretching,delta(H17-C4-H18),angle,0.029569742234836667,-,-0.020533935881119552,0.26121258767795735
59,3106.509232681531,,,mixed-phase C-H stretching,delta(C1-C2-C3),angle,0.015001050346280891,-,-0.009848953100780596,0.5760132793691867
59,3106.509232681531,,,mixed-phase C-H stretching,delta(C4-C2-C5),angle,0.01484045835271794,+,0.00977700897655137,0.5782641285567409
59,3106.509232681531,,,mixed-phase C-H stretching,delta(C2-C3-H15),angle,0.014134272598321675,+,0.012971973724178009,0.31286163337936146
59,3106.509232681531,,,mixed-phase C-H stretching,delta(H13-C3-H14),angle,0.0112926492793879,-,-0.009558602292995698,0.46036046686424154
59,3106.509232681531,,,mixed-phase C-H stretching,tau(C3-C2-C4-H16),dihedral,0.010924650947559827,+,0.015297455539303851,0.17388420593529577
59,3106.509232681531,,,mixed-phase C-H stretching,tau(C4-C2-C3-H15),dihedral,0.01042575781259056,+,0.009383178607583918,0.44106097360664287
59,3106.509232681531,,,mixed-phase C-H stretching,delta(C2-C1-H12),angle,0.010055250240024802,-,-0.010836027497101998,0.3189654565728886
59,3106.509232681531,,,mixed-phase C-H stretching,delta(C2-C3-H13),angle,0.008157217030661234,+,0.007670499805477868,0.5163993140346653
59,3106.509232681531,,,mixed-phase C-H stretching,delta(H10-C1-H11),angle,0.0071260045280083315,+,0.00985170279016144,0.27347300138974184
59,3106.509232681531,,,mixed-phase C-H stretching,delta(H14-C3-H15),angle,0.006567175650729769,-,-0.007629806344740721,0.4201869577691483
59,3106.509232681531,,,mixed-phase C-H stretching,"gamma(H16;C4,H17,H18)",oop,0.004228337242477437,-,-0.008387402419197042,0.22387501255021114
59,3106.509232681531,,,mixed-phase C-H stretching,tau(C1-C2-C3-H14),dihedral,0.0034016869101307617,+,0.0054225630664041105,0.43089959044862763
59,3106.509232681531,,,mixed-phase C-H stretching,delta(C5-C7-H20),angle,0.002747063737795753,+,0.005642239224893264,0.3214080207257505
59,3106.509232681531,,,mixed-phase C-H stretching,delta(C2-C1-H10),angle,0.002705460091715633,+,0.005624687018266641,0.31851902309095165
59,3106.509232681531,,,mixed-phase C-H stretching,delta(C3-C2-C5),angle,0.0024800223993716093,+,0.003997692440404371,0.5779999640555233
59,3106.509232681531,,,mixed-phase C-H stretching,delta(C2-C5-C7),angle,0.0019862938172483507,-,-0.0038472919329314514,0.49983213360108397
59,3106.509232681531,,,mixed-phase C-H stretching,nu(C2-C4),bond,0.001779121367106705,-,-0.005067804266526321,0.258022082351197
59,3106.509232681531,,,mixed-phase C-H stretching,delta(H11-C1-H12),angle,0.0017064526888608403,-,-0.004861213706139526,0.26896501294538183
59,3106.509232681531,,,mixed-phase C-H stretching,delta(C8-C7-H20),angle,0.0015263428565315896,+,0.00424102588047579,0.3160830584568552
59,3106.509232681531,,,mixed-phase C-H stretching,delta(C7-C8-O9),angle,0.0014651714708303711,-,-0.003802403673407164,0.3774530837938862
59,3106.509232681531,,,mixed-phase C-H stretching,delta(C8-C7-H19),angle,0.001254333819381132,-,-0.004365270548163884,0.24517815193377318
59,3106.509232681531,,,mixed-phase C-H stretching,nu(C5-C7),bond,0.0009699181640278136,+,0.003919815289154002,0.2351228587387024
59,3106.509232681531,,,mixed-phase C-H stretching,delta(C5-C7-C8),angle,0.0006456331940983055,-,-0.0027195900078218326,0.32513965682623924
59,3106.509232681531,,,mixed-phase C-H stretching,nu(C7-C8),bond,0.0004238861115805093,+,0.0025117360763221557,0.25026040691544066
59,3106.509232681531,,,mixed-phase C-H stretching,delta(H10-C1-H12),angle,0.00026000720010255007,-,-0.00186455541136347,0.2785644886096331
59,3106.509232681531,,,mixed-phase C-H stretching,tau(C1-C2-C4-H17),dihedral,0.00022415487641728955,-,-0.0021700343180336605,0.1772988640303949
59,3106.509232681531,,,mixed-phase C-H stretching,nu(C2-C3),bond,0.00021058859785405407,-,-0.0017441266182643212,0.25785158094323446
59,3106.509232681531,,,mixed-phase C-H stretching,nu(C5-O6),bond,0.00015708106361705904,-,-0.0008434645745898528,0.8223962194579738
59,3106.509232681531,,,mixed-phase C-H stretching,delta(H19-C7-H20),angle,0.0001347002207150824,+,0.0014090574151287756,0.25269805183984145
59,3106.509232681531,,,mixed-phase C-H stretching,tau(C2-C5-C7-C8),dihedral,0.00011397642874185347,+,0.005067438133385515,0.016532140990367292
59,3106.509232681531,,,mixed-phase C-H stretching,"gamma(H21;C8,C7,O9)",oop,6.111966271638601e-05,-,-0.0015639979162736003,0.09306782716686272
59,3106.509232681531,,,mixed-phase C-H stretching,nu(C8-O9),bond,5.881945319198977e-05,-,-0.0005049487201543247,0.8592457588862482
59,3106.509232681531,,,mixed-phase C-H stretching,nu(C8-H21),bond,3.765584082726226e-05,+,0.0006766956013958624,0.30629267332827326
59,3106.509232681531,,,mixed-phase C-H stretching,"gamma(C7;C5,C2,O6)",oop,2.6672817709262255e-05,+,0.0009039746891802141,0.12157585193261175
59,3106.509232681531,,,mixed-phase C-H stretching,tau(H12-C1-C2-C5),dihedral,1.5385525010414255e-05,-,-0.001500658492147339,0.02544717321698012
59,3106.509232681531,,,mixed-phase C-H stretching,tau(H20-C7-C8-H21),dihedral,1.4918145604767227e-05,+,0.002048619267299302,0.013239857220979551
59,3106.509232681531,,,mixed-phase C-H stretching,nu(C1-C2),bond,7.16851061716443e-06,+,0.0003131001461091191,0.27236629187229455
59,3106.509232681531,,,mixed-phase C-H stretching,delta(O9-C8-H21),angle,7.1004961119720686e-06,+,0.0002998533008494019,0.2941453531375008
59,3106.509232681531,,,mixed-phase C-H stretching,nu(C2-C5),bond,6.847353189308624e-06,+,0.0003254598109589889,0.24077919590071512
59,3106.509232681531,,,mixed-phase C-H stretching,tau(C1-C2-C5-C7),dihedral,1.953899059809143e-06,-,-0.00040906770460732127,0.04349133132405001
59,3106.509232681531,,,mixed-phase C-H stretching,delta(C2-C5-O6),angle,3.1599006693457215e-07,+,4.6394793075911485e-05,0.5467967349904848
60,3107.9947720720365,,,mixed-phase C-H stretching,nu(C1-H12),bond,45.03243827186113,-,-0.707571640391951,0.33546093490188217
60,3107.9947720720365,,,mixed-phase C-H stretching,nu(C1-H10),bond,24.32322948500089,+,0.516755803371735,0.3397096146008398
60,3107.9947720720365,,,mixed-phase C-H stretching,nu(C1-H11),bond,18.004913518458405,+,0.4443944797259904,0.3400251612828106
60,3107.9947720720365,,,mixed-phase C-H stretching,nu(C4-H18),bond,3.8084008550110693,-,-0.20585134258873364,0.33519117262733306
60,3107.9947720720365,,,mixed-phase C-H stretching,nu(C3-H13),bond,3.3435225003289246,-,-0.1928404291162008,0.33532458692209965
60,3107.9947720720365,,,mixed-phase C-H stretching,nu(C4-H17),bond,2.889486656958872,+,0.17848139456829912,0.33829230452961256
60,3107.9947720720365,,,mixed-phase C-H stretching,nu(C3-H14),bond,1.0454232430347008,+,0.1074112214347647,0.3379482234159411
60,3107.9947720720365,,,mixed-phase C-H stretching,nu(C3-H15),bond,0.7665748479592706,+,0.09237693653480106,0.33503083561306585
60,3107.9947720720365,,,mixed-phase C-H stretching,nu(C4-H16),bond,0.22314115268351314,+,0.0498206311006066,0.3352884162928494
60,3107.9947720720365,,,mixed-phase C-H stretching,delta(C2-C1-H12),angle,0.17405965860850062,+,0.04511343548935207,0.3189654565728886
60,3107.9947720720365,,,mixed-phase C-H stretching,delta(H10-C1-H11),angle,0.11642358112110875,-,-0.03984665885522627,0.27347300138974184
60,3107.9947720720365,,,mixed-phase C-H stretching,delta(C1-C2-C3),angle,0.038688806559852726,-,-0.015827236139455993,0.5760132793691867
60,3107.9947720720365,,,mixed-phase C-H stretching,tau(C1-C2-C3-H14),dihedral,0.03799926017913492,-,-0.01813544402604078,0.43089959044862763
60,3107.9947720720365,,,mixed-phase C-H stretching,delta(C2-C1-H10),angle,0.03622176833254078,-,-0.020594241443989147,0.31851902309095165
60,3107.9947720720365,,,mixed-phase C-H stretching,nu(C7-H20),bond,0.031389780955113245,-,-0.018338921501969866,0.3480951950804118
60,3107.9947720720365,,,mixed-phase C-H stretching,delta(H11-C1-H12),angle,0.02262788333661047,+,0.017713432777303147,0.26896501294538183
60,3107.9947720720365,,,mixed-phase C-H stretching,delta(H10-C1-H12),angle,0.015409460477514438,+,0.014363474378559811,0.2785644886096331
60,3107.9947720720365,,,mixed-phase C-H stretching,tau(C1-C2-C4-H17),dihedral,0.01456017361196125,+,0.017500842786640637,0.1772988640303949
60,3107.9947720720365,,,mixed-phase C-H stretching,delta(H14-C3-H15),angle,0.011602294096801642,-,-0.010147973258536145,0.4201869577691483
60,3107.9947720720365,,,mixed-phase C-H stretching,delta(C2-C3-H13),angle,0.011394026065867391,+,0.009071402544948131,0.5163993140346653
60,3107.9947720720365,,,mixed-phase C-H stretching,delta(C2-C4-H18),angle,0.010940285352712813,+,0.010311379687511227,0.38375356114596126
60,3107.9947720720365,,,mixed-phase C-H stretching,nu(C7-H19),bond,0.010557576863120822,+,0.010934601315410492,0.32931815426212097
60,3107.9947720720365,,,mixed-phase C-H stretching,delta(C4-C2-C5),angle,0.007040573396310769,+,0.006738598052803888,0.5782641285567409
60,3107.9947720720365,,,mixed-phase C-H stretching,nu(C1-C2),bond,0.0061118722703697075,-,-0.009148273057809506,0.27236629187229455
60,3107.9947720720365,,,mixed-phase C-H stretching,delta(C3-C2-C5),angle,0.005581846322130775,+,0.006001415495704699,0.5779999640555233
60,3107.9947720720365,,,mixed-phase C-H stretching,delta(H13-C3-H14),angle,0.0036363098369772222,+,0.005427628231723575,0.46036046686424154
60,3107.9947720720365,,,mixed-phase C-H stretching,delta(H13-C3-H15),angle,0.003150382184171709,+,0.005061082658739495,0.4587052477560685
60,3107.9947720720365,,,mixed-phase C-H stretching,delta(C3-C2-C4),angle,0.0014924867577451922,-,-0.003579445045013193,0.43444661207745067
60,3107.9947720720365,,,mixed-phase C-H stretching,delta(C2-C3-H15),angle,0.0010814206426707747,-,-0.003590457883673878,0.31286163337936146
60,3107.9947720720365,,,mixed-phase C-H stretching,delta(H17-C4-H18),angle,0.0006767876366325203,+,0.003108549739143554,0.26121258767795735
60,3107.9947720720365,,,mixed-phase C-H stretching,tau(C3-C2-C4-H16),dihedral,0.0005511742990854354,+,0.003438294514070064,0.17388420593529577
60,3107.9947720720365,,,mixed-phase C-H stretching,nu(C5-O6),bond,0.0003956364849141011,+,0.001339480137364491,0.8223962194579738
60,3107.9947720720365,,,mixed-phase C-H stretching,nu(C2-C4),bond,0.0003945879374245271,-,-0.002388207883991669,0.258022082351197
60,3107.9947720720365,,,mixed-phase C-H stretching,nu(C2-C5),bond,0.00021060455219633882,+,0.0018061468602732658,0.24077919590071512
60,3107.9947720720365,,,mixed-phase C-H stretching,nu(C2-C3),bond,0.00016921694534247658,-,-0.0015644644161641737,0.25785158094323446
60,3107.9947720720365,,,mixed-phase C-H stretching,"gamma(H16;C4,H17,H18)",oop,0.00014833767913344337,+,0.0015719965609318472,0.22387501255021114
60,3107.9947720720365,,,mixed-phase C-H stretching,delta(C2-C4-H16),angle,6.017450042895373e-05,-,-0.0008460863388228877,0.31350209999061956
60,3107.9947720720365,,,mixed-phase C-H stretching,delta(C8-C7-H20),angle,5.1705025113610126e-05,+,0.0007810780448596136,0.3160830584568552
60,3107.9947720720365,,,mixed-phase C-H stretching,delta(C2-C5-O6),angle,4.073407939486927e-05,-,-0.0005271019947161739,0.5467967349904848
60,3107.9947720720365,,,mixed-phase C-H stretching,tau(C1-C2-C5-C7),dihedral,3.725956890338613e-05,+,0.0017875007186598014,0.04349133132405001
60,3107.9947720720365,,,mixed-phase C-H stretching,delta(C8-C7-H19),angle,3.4290617956106254e-05,-,-0.0007222298525571113,0.24517815193377318
60,3107.9947720720365,,,mixed-phase C-H stretching,delta(C7-C8-O9),angle,2.784356795619161e-05,-,-0.0005245170590403519,0.3774530837938862
60,3107.9947720720365,,,mixed-phase C-H stretching,nu(C8-H21),bond,2.4317980146118623e-05,+,0.0005441568603983996,0.30629267332827326
60,3107.9947720720365,,,mixed-phase C-H stretching,tau(H12-C1-C2-C5),dihedral,2.0508237875072597e-05,+,0.001733696463787589,0.02544717321698012
60,3107.9947720720365,,,mixed-phase C-H stretching,delta(C5-C7-H20),angle,1.299326231517522e-05,+,0.00038829286583244766,0.3214080207257505
60,3107.9947720720365,,,mixed-phase C-H stretching,nu(C8-O9),bond,8.874058777227651e-06,-,-0.00019625969299423584,0.8592457588862482
60,3107.9947720720365,,,mixed-phase C-H stretching,nu(C5-C7),bond,7.712841381226933e-06,-,-0.0003497747352411635,0.2351228587387024
60,3107.9947720720365,,,mixed-phase C-H stretching,nu(C7-C8),bond,5.467688761771773e-06,+,0.000285452915242423,0.25026040691544066
60,3107.9947720720365,,,mixed-phase C-H stretching,tau(C4-C2-C3-H15),dihedral,5.40989497258561e-06,+,0.00021388176743820705,0.44106097360664287
60,3107.9947720720365,,,mixed-phase C-H stretching,delta(H19-C7-H20),angle,4.96780077484062e-06,+,0.0002707757714562105,0.25269805183984145
60,3107.9947720720365,,,mixed-phase C-H stretching,delta(C5-C7-C8),angle,2.7612855842651174e-06,-,-0.00017797104666497613,0.32513965682623924
60,3107.9947720720365,,,mixed-phase C-H stretching,delta(C2-C5-C7),angle,2.6304807563596003e-06,-,-0.00014009871157982226,0.49983213360108397
60,3107.9947720720365,,,mixed-phase C-H stretching,"gamma(H21;C8,C7,O9)",oop,2.562312604028158e-06,-,-0.0003204386787760019,0.09306782716686272
60,3107.9947720720365,,,mixed-phase C-H stretching,tau(C2-C5-C7-C8),dihedral,1.7381050086824744e-06,+,0.0006261842193217255,0.016532140990367292
60,3107.9947720720365,,,mixed-phase C-H stretching,"gamma(C7;C5,C2,O6)",oop,1.666871084054316e-06,+,0.00022612886811905752,0.12157585193261175
60,3107.9947720720365,,,mixed-phase C-H stretching,tau(H20-C7-C8-H21),dihedral,4.1947616237597575e-08,+,0.00010870278112731054,0.013239857220979551
60,3107.9947720720365,,,mixed-phase C-H stretching,delta(O9-C8-H21),angle,1.6069875485017207e-08,+,1.4274270524637343e-05,0.2941453531375008
61,3117.79301448329,,,opposite-phase C-H stretching,nu(C1-H11),bond,53.41234258148891,+,0.7679973232385399,0.3400251612828106
61,3117.79301448329,,,opposite-phase C-H stretching,nu(C1-H10),bond,44.99836818100114,-,-0.7052431623448038,0.3397096146008398
61,3117.79301448329,,,opposite-phase C-H stretching,nu(C4-H16),bond,0.4151960904670267,+,0.06818860002611987,0.3352884162928494
61,3117.79301448329,,,opposite-phase C-H stretching,nu(C3-H15),bond,0.27202979200173466,-,-0.05521540544502552,0.33503083561306585
61,3117.79301448329,,,opposite-phase C-H stretching,delta(C2-C1-H10),angle,0.1309268823958932,+,0.03928630164328272,0.31851902309095165
61,3117.79301448329,,,opposite-phase C-H stretching,nu(C4-H17),bond,0.13050987877073067,-,-0.03806011138217735,0.33829230452961256
61,3117.79301448329,,,opposite-phase C-H stretching,delta(C1-C2-C3),angle,0.11827524818724755,-,-0.02776675365249702,0.5760132793691867
61,3117.79301448329,,,opposite-phase C-H stretching,nu(C1-H12),bond,0.11546292601915202,-,-0.03594965476545108,0.33546093490188217
61,3117.79301448329,,,opposite-phase C-H stretching,nu(C3-H14),bond,0.1143419403876891,+,0.03564282482605053,0.3379482234159411
61,3117.79301448329,,,opposite-phase C-H stretching,delta(H10-C1-H12),angle,0.09709731718651891,+,0.03617721745897723,0.2785644886096331
61,3117.79301448329,,,opposite-phase C-H stretching,delta(H11-C1-H12),angle,0.08558697885258336,-,-0.03456609936251117,0.26896501294538183
61,3117.79301448329,,,opposite-phase C-H stretching,nu(C4-H18),bond,0.04474831064333502,-,-0.022389090756671885,0.33519117262733306
61,3117.79301448329,,,opposite-phase C-H stretching,tau(C1-C2-C3-H14),dihedral,0.016813213767429818,+,0.012104078950782896,0.43089959044862763
61,3117.79301448329,,,opposite-phase C-H stretching,nu(C3-H13),bond,0.012813002667804678,+,0.01197807919645696,0.33532458692209965
61,3117.79301448329,,,opposite-phase C-H stretching,tau(C1-C2-C5-C7),dihedral,0.01163843688874326,-,-0.03169862308891569,0.04349133132405001
61,3117.79301448329,,,opposite-phase C-H stretching,tau(C1-C2-C4-H17),dihedral,0.009728433488362942,+,0.01435366815777046,0.1772988640303949
61,3117.79301448329,,,opposite-phase C-H stretching,tau(H12-C1-C2-C5),dihedral,0.009248830147636151,-,-0.03694179976294435,0.02544717321698012
61,3117.79301448329,,,opposite-phase C-H stretching,delta(C2-C1-H12),angle,0.0006203219501689676,+,0.0027022851176855137,0.3189654565728886
61,3117.79301448329,,,opposite-phase C-H stretching,delta(H17-C4-H18),angle,0.0005653194374504101,+,0.002850652829299898,0.26121258767795735
61,3117.79301448329,,,opposite-phase C-H stretching,delta(H13-C3-H14),angle,0.0005312146538106952,-,-0.0020815192591419032,0.46036046686424154
61,3117.79301448329,,,opposite-phase C-H stretching,delta(C2-C4-H16),angle,0.0005053737255247077,-,-0.002460257268112432,0.31350209999061956
61,3117.79301448329,,,opposite-phase C-H stretching,"gamma(H16;C4,H17,H18)",oop,0.0004531513884136011,+,0.002756850826041889,0.22387501255021114
61,3117.79301448329,,,opposite-phase C-H stretching,delta(H10-C1-H11),angle,0.00043385390937119406,-,-0.002440669365716516,0.27347300138974184
61,3117.79301448329,,,opposite-phase C-H stretching,delta(H14-C3-H15),angle,0.0003757377926309866,+,0.0018323801430715676,0.4201869577691483
61,3117.79301448329,,,opposite-phase C-H stretching,delta(H13-C3-H15),angle,0.00030961615095912717,+,0.0015919864625999983,0.4587052477560685
61,3117.79301448329,,,opposite-phase C-H stretching,delta(C2-C3-H15),angle,0.00029224747076064735,+,0.0018728096890724029,0.31286163337936146
61,3117.79301448329,,,opposite-phase C-H stretching,delta(C2-C4-H18),angle,0.0001803113370865355,+,0.0013282497066695155,0.38375356114596126
61,3117.79301448329,,,opposite-phase C-H stretching,nu(C2-C3),bond,0.00013695478347374267,-,-0.001412206235068091,0.25785158094323446
61,3117.79301448329,,,opposite-phase C-H stretching,delta(C2-C3-H13),angle,0.00012366962759525484,-,-0.000948272419348176,0.5163993140346653
61,3117.79301448329,,,opposite-phase C-H stretching,nu(C2-C4),bond,0.00011442218373827332,+,0.001290390327846425,0.258022082351197
61,3117.79301448329,,,opposite-phase C-H stretching,nu(C1-C2),bond,5.0347524328211624e-05,-,-0.0008331185456533394,0.27236629187229455
61,3117.79301448329,,,opposite-phase C-H stretching,nu(C7-H20),bond,4.602742402741151e-05,-,-0.0007046180135215154,0.3480951950804118
61,3117.79301448329,,,opposite-phase C-H stretching,nu(C8-H21),bond,4.1780187154306006e-05,+,0.0007156675197547124,0.30629267332827326
61,3117.79301448329,,,opposite-phase C-H stretching,nu(C7-H19),bond,2.228277611185529e-05,-,-0.0005040472307819118,0.32931815426212097
61,3117.79301448329,,,opposite-phase C-H stretching,tau(C4-C2-C3-H15),dihedral,2.1347821690440154e-05,-,-0.000426306435215862,0.44106097360664287
61,3117.79301448329,,,opposite-phase C-H stretching,delta(C3-C2-C4),angle,1.8902492387625715e-05,-,-0.0004041901722344997,0.43444661207745067
61,3117.79301448329,,,opposite-phase C-H stretching,"gamma(C7;C5,C2,O6)",oop,1.0273797502615824e-05,-,-0.0005632954730796201,0.12157585193261175
61,3117.79301448329,,,opposite-phase C-H stretching,delta(C4-C2-C5),angle,8.078205478062248e-06,+,0.0002290280854572166,0.5782641285567409
61,3117.79301448329,,,opposite-phase C-H stretching,tau(C3-C2-C4-H16),dihedral,4.155534704701117e-06,-,-0.0002995558530135214,0.17388420593529577
61,3117.79301448329,,,opposite-phase C-H stretching,nu(C5-O6),bond,2.6907444918305447e-06,+,0.00011083836184228005,0.8223962194579738
61,3117.79301448329,,,opposite-phase C-H stretching,tau(C2-C5-C7-C8),dihedral,1.6815298324139208e-06,+,0.0006179910125474933,0.016532140990367292
61,3117.79301448329,,,opposite-phase C-H stretching,delta(C8-C7-H20),angle,3.609270763878418e-07,+,6.54792269364731e-05,0.3160830584568552
61,3117.79301448329,,,opposite-phase C-H stretching,delta(O9-C8-H21),angle,3.5468875080369856e-07,-,-6.728792447454605e-05,0.2941453531375008
61,3117.79301448329,,,opposite-phase C-H stretching,nu(C2-C5),bond,3.4371169850711007e-07,+,7.321197085654399e-05,0.24077919590071512
61,3117.79301448329,,,opposite-phase C-H stretching,delta(C5-C7-C8),angle,2.8353254030208657e-07,-,-5.7221719488918097e-05,0.32513965682623924
61,3117.79301448329,,,opposite-phase C-H stretching,delta(C2-C5-O6),angle,1.8222590161793843e-07,-,-3.5374191176087585e-05,0.5467967349904848
61,3117.79301448329,,,opposite-phase C-H stretching,delta(C2-C5-C7),angle,1.7478014050021508e-07,+,3.6235009260972815e-05,0.49983213360108397
61,3117.79301448329,,,opposite-phase C-H stretching,delta(C7-C8-O9),angle,1.1064184945972367e-07,+,3.317589481875823e-05,0.3774530837938862
61,3117.79301448329,,,opposite-phase C-H stretching,nu(C8-O9),bond,8.528363618240463e-08,+,1.9304945365204783e-05,0.8592457588862482
61,3117.79301448329,,,opposite-phase C-H stretching,nu(C7-C8),bond,8.103699537378186e-08,+,3.486904178730038e-05,0.25026040691544066
61,3117.79301448329,,,opposite-phase C-H stretching,nu(C5-C7),bond,4.9539663407597794e-08,-,-2.8127006922943993e-05,0.2351228587387024
61,3117.79301448329,,,opposite-phase C-H stretching,delta(C5-C7-H20),angle,4.723195560968761e-08,-,-2.3490054786856184e-05,0.3214080207257505
61,3117.79301448329,,,opposite-phase C-H stretching,delta(C3-C2-C5),angle,4.547931455295121e-08,+,1.7188479900240873e-05,0.5779999640555233
61,3117.79301448329,,,opposite-phase C-H stretching,delta(C8-C7-H19),angle,3.9970956352082314e-08,-,-2.474148753321357e-05,0.24517815193377318
61,3117.79301448329,,,opposite-phase C-H stretching,"gamma(H21;C8,C7,O9)",oop,2.410220371841995e-08,+,3.11833673010421e-05,0.09306782716686272
61,3117.79301448329,,,opposite-phase C-H stretching,tau(H20-C7-C8-H21),dihedral,8.454845813120513e-09,+,4.896723889242783e-05,0.013239857220979551
61,3117.79301448329,,,opposite-phase C-H stretching,delta(H19-C7-H20),angle,1.5818650574746246e-09,-,-4.848173915348803e-06,0.25269805183984145
62,3143.89407663031,,,mixed-phase C-H stretching,nu(C7-H20),bond,89.81315514800718,-,-0.9893579788775522,0.3480951950804118
62,3143.89407663031,,,mixed-phase C-H stretching,nu(C7-H19),bond,7.337665380040201,+,0.2907392147651956,0.32931815426212097
62,3143.89407663031,,,mixed-phase C-H stretching,nu(C3-H14),bond,1.0442745217652658,-,-0.1082716500314184,0.3379482234159411
62,3143.89407663031,,,mixed-phase C-H stretching,nu(C4-H17),bond,0.8710736376738258,-,-0.09883570717512045,0.33829230452961256
62,3143.89407663031,,,mixed-phase C-H stretching,delta(C5-C7-H20),angle,0.11387642318959076,+,0.03666241353744793,0.3214080207257505
62,3143.89407663031,,,mixed-phase C-H stretching,delta(C2-C5-C7),angle,0.09822772990884404,-,-0.027304703526389282,0.49983213360108397
62,3143.89407663031,,,mixed-phase C-H stretching,nu(C3-H15),bond,0.09449419294616569,+,0.032710913148234905,0.33503083561306585
62,3143.89407663031,,,mixed-phase C-H stretching,nu(C4-H16),bond,0.0781040795169013,+,0.029727616011072253,0.3352884162928494
62,3143.89407663031,,,mixed-phase C-H stretching,nu(C8-H21),bond,0.07578856020844418,+,0.0306383957979283,0.30629267332827326
62,3143.89407663031,,,mixed-phase C-H stretching,delta(C8-C7-H20),angle,0.06487758413670934,+,0.02790481986927894,0.3160830584568552
62,3143.89407663031,,,mixed-phase C-H stretching,delta(C7-C8-O9),angle,0.06219585295100928,-,-0.025002401396933327,0.3774530837938862
62,3143.89407663031,,,mixed-phase C-H stretching,nu(C3-H13),bond,0.06148566531621501,+,0.026374651958179042,0.33532458692209965
62,3143.89407663031,,,mixed-phase C-H stretching,delta(C8-C7-H19),angle,0.059527540164132704,-,-0.030349433074689014,0.24517815193377318
62,3143.89407663031,,,mixed-phase C-H stretching,nu(C4-H18),bond,0.0564337581604391,+,0.025272936028439462,0.33519117262733306
62,3143.89407663031,,,mixed-phase C-H stretching,nu(C5-C7),bond,0.04475825109114641,+,0.026873338682671305,0.2351228587387024
62,3143.89407663031,,,mixed-phase C-H stretching,delta(C5-C7-C8),angle,0.04039770410897855,-,-0.021710802095390624,0.32513965682623924
62,3143.89407663031,,,mixed-phase C-H stretching,nu(C7-C8),bond,0.023835500464523977,+,0.01900853130852436,0.25026040691544066
62,3143.89407663031,,,mixed-phase C-H stretching,delta(H19-C7-H20),angle,0.019509434239421537,+,0.017114093048441612,0.25269805183984145
62,3143.89407663031,,,mixed-phase C-H stretching,nu(C1-H12),bond,0.012564718593480007,-,-0.011920319742799357,0.33546093490188217
62,3143.89407663031,,,mixed-phase C-H stretching,tau(C2-C5-C7-C8),dihedral,0.005098586007809756,+,0.03420525424206693,0.016532140990367292
62,3143.89407663031,,,mixed-phase C-H stretching,nu(C1-H10),bond,0.0035000046601240294,+,0.006251912485252586,0.3397096146008398
62,3143.89407663031,,,mixed-phase C-H stretching,nu(C8-O9),bond,0.003287265775023559,-,-0.003809703778000782,0.8592457588862482
62,3143.89407663031,,,mixed-phase C-H stretching,nu(C1-H11),bond,0.0018786349138451234,+,0.00457823588504244,0.3400251612828106
62,3143.89407663031,,,mixed-phase C-H stretching,delta(H13-C3-H15),angle,0.001878544917045235,-,-0.003941635272590146,0.4587052477560685
62,3143.89407663031,,,mixed-phase C-H stretching,"gamma(H21;C8,C7,O9)",oop,0.0016832063722937594,-,-0.008283261919323081,0.09306782716686272
62,3143.89407663031,,,mixed-phase C-H stretching,delta(C3-C2-C4),angle,0.0011506507831576932,-,-0.0031698306425952377,0.43444661207745067
62,3143.89407663031,,,mixed-phase C-H stretching,delta(H13-C3-H14),angle,0.001100760802628874,+,0.003011826604999103,0.46036046686424154
62,3143.89407663031,,,mixed-phase C-H stretching,delta(C1-C2-C3),angle,0.0010951811827416647,+,0.0026857107459463377,0.5760132793691867
62,3143.89407663031,,,mixed-phase C-H stretching,delta(C2-C3-H13),angle,0.0010798215468866125,-,-0.0028165383201281275,0.5163993140346653
62,3143.89407663031,,,mixed-phase C-H stretching,delta(C2-C3-H15),angle,0.0008075411862088413,-,-0.0031292386427458317,0.31286163337936146
62,3143.89407663031,,,mixed-phase C-H stretching,delta(C2-C4-H18),angle,0.0007546636394212404,-,-0.002731385513015063,0.38375356114596126
62,3143.89407663031,,,mixed-phase C-H stretching,delta(C2-C4-H16),angle,0.0006784323209300523,-,-0.0028652698892695162,0.31350209999061956
62,3143.89407663031,,,mixed-phase C-H stretching,delta(H17-C4-H18),angle,0.0006212113663254266,+,0.0030036902448532764,0.26121258767795735
62,3143.89407663031,,,mixed-phase C-H stretching,delta(H14-C3-H15),angle,0.0005677483046364406,+,0.0022640662825246637,0.4201869577691483
62,3143.89407663031,,,mixed-phase C-H stretching,tau(H20-C7-C8-H21),dihedral,0.000514545041458111,+,0.012142344375218437,0.013239857220979551
62,3143.89407663031,,,mixed-phase C-H stretching,"gamma(C7;C5,C2,O6)",oop,0.0003599240897718671,+,0.0033513076265841075,0.12157585193261175
62,3143.89407663031,,,mixed-phase C-H stretching,nu(C5-O6),bond,0.00031029071043896814,+,0.0011963998017418317,0.8223962194579738
62,3143.89407663031,,,mixed-phase C-H stretching,delta(C4-C2-C5),angle,0.00017669883463857668,-,-0.001076678930569379,0.5782641285567409
62,3143.89407663031,,,mixed-phase C-H stretching,delta(O9-C8-H21),angle,0.00017523254438856392,-,-0.001503345789861386,0.2941453531375008
62,3143.89407663031,,,mixed-phase C-H stretching,nu(C2-C5),bond,0.00016892568331449993,-,-0.001631439076572376,0.24077919590071512
62,3143.89407663031,,,mixed-phase C-H stretching,tau(C1-C2-C5-C7),dihedral,0.00015916621101925104,+,0.0037261178441646363,0.04349133132405001
62,3143.89407663031,,,mixed-phase C-H stretching,delta(C3-C2-C5),angle,0.00014477941064106089,-,-0.0009748145316040132,0.5779999640555233
62,3143.89407663031,,,mixed-phase C-H stretching,nu(C2-C3),bond,0.00013509115810318964,+,0.0014098115403353775,0.25785158094323446
62,3143.89407663031,,,mixed-phase C-H stretching,delta(C2-C5-O6),angle,0.00010150628574821673,+,0.0008392010336461749,0.5467967349904848
62,3143.89407663031,,,mixed-phase C-H stretching,nu(C2-C4),bond,0.00010095952837524156,+,0.0012183658478818911,0.258022082351197
62,3143.89407663031,,,mixed-phase C-H stretching,tau(C4-C2-C3-H15),dihedral,8.820083753880741e-05,+,0.0008710027712190469,0.44106097360664287
62,3143.89407663031,,,mixed-phase C-H stretching,nu(C1-C2),bond,6.196029292388256e-05,+,0.0009289932322807264,0.27236629187229455
62,3143.89407663031,,,mixed-phase C-H stretching,delta(C2-C1-H12),angle,1.9972984966002417e-05,+,0.00048739622320839184,0.3189654565728886
62,3143.89407663031,,,mixed-phase C-H stretching,delta(H10-C1-H11),angle,1.69441538362389e-05,-,-0.00048482523032490073,0.27347300138974184
62,3143.89407663031,,,mixed-phase C-H stretching,tau(C3-C2-C4-H16),dihedral,1.6251870895324875e-05,-,-0.0005954620822054593,0.17388420593529577
62,3143.89407663031,,,mixed-phase C-H stretching,tau(C1-C2-C3-H14),dihedral,9.316856726011431e-06,-,-0.00028640405723970617,0.43089959044862763
62,3143.89407663031,,,mixed-phase C-H stretching,delta(H11-C1-H12),angle,4.5536395469035275e-06,+,0.0002534334454673254,0.26896501294538183
62,3143.89407663031,,,mixed-phase C-H stretching,delta(C2-C1-H10),angle,4.107874542823915e-06,-,-0.00022119402750213712,0.31851902309095165
62,3143.89407663031,,,mixed-phase C-H stretching,delta(H10-C1-H12),angle,1.9267462911772027e-06,+,0.00016198764367437627,0.2785644886096331
62,3143.89407663031,,,mixed-phase C-H stretching,"gamma(H16;C4,H17,H18)",oop,9.89632427271232e-07,+,0.00012949906870811883,0.22387501255021114
62,3143.89407663031,,,mixed-phase C-H stretching,tau(C1-C2-C4-H17),dihedral,7.144238797254061e-07,+,0.00012363957479734374,0.1772988640303949
62,3143.89407663031,,,mixed-phase C-H stretching,tau(H12-C1-C2-C5),dihedral,4.927007223866172e-09,-,-2.7102186195670318e-05,0.02544717321698012
